1.000000e-06 8.953452e+01 1.341040e+00 8.954456e+01 1.497791e-02
1.023293e-06 8.953341e+01 1.372257e+00 8.954393e+01 1.532676e-02
1.047129e-06 8.953226e+01 1.404200e+00 8.954327e+01 1.568373e-02
1.071519e-06 8.953105e+01 1.436885e+00 8.954258e+01 1.604902e-02
1.096478e-06 8.952978e+01 1.470330e+00 8.954186e+01 1.642281e-02
1.122018e-06 8.952846e+01 1.504553e+00 8.954110e+01 1.680530e-02
1.148154e-06 8.952707e+01 1.539570e+00 8.954031e+01 1.719670e-02
1.174898e-06 8.952562e+01 1.575401e+00 8.953948e+01 1.759721e-02
1.202264e-06 8.952409e+01 1.612065e+00 8.953861e+01 1.800705e-02
1.230269e-06 8.952250e+01 1.649580e+00 8.953770e+01 1.842643e-02
1.258925e-06 8.952083e+01 1.687967e+00 8.953674e+01 1.885558e-02
1.288250e-06 8.951908e+01 1.727245e+00 8.953574e+01 1.929472e-02
1.318257e-06 8.951725e+01 1.767436e+00 8.953470e+01 1.974408e-02
1.348963e-06 8.951534e+01 1.808559e+00 8.953360e+01 2.020390e-02
1.380384e-06 8.951333e+01 1.850637e+00 8.953246e+01 2.067443e-02
1.412538e-06 8.951123e+01 1.893692e+00 8.953126e+01 2.115592e-02
1.445440e-06 8.950903e+01 1.937746e+00 8.953000e+01 2.164861e-02
1.479108e-06 8.950673e+01 1.982822e+00 8.952869e+01 2.215278e-02
1.513561e-06 8.950432e+01 2.028944e+00 8.952731e+01 2.266867e-02
1.548817e-06 8.950179e+01 2.076136e+00 8.952587e+01 2.319658e-02
1.584893e-06 8.949915e+01 2.124422e+00 8.952436e+01 2.373678e-02
1.621810e-06 8.949638e+01 2.173827e+00 8.952278e+01 2.428955e-02
1.659587e-06 8.949348e+01 2.224377e+00 8.952112e+01 2.485519e-02
1.698244e-06 8.949045e+01 2.276099e+00 8.951939e+01 2.543399e-02
1.737801e-06 8.948727e+01 2.329020e+00 8.951757e+01 2.602627e-02
1.778279e-06 8.948394e+01 2.383166e+00 8.951567e+01 2.663233e-02
1.819701e-06 8.948046e+01 2.438566e+00 8.951368e+01 2.725249e-02
1.862087e-06 8.947681e+01 2.495248e+00 8.951160e+01 2.788709e-02
1.905461e-06 8.947299e+01 2.553242e+00 8.950942e+01 2.853645e-02
1.949845e-06 8.946899e+01 2.612578e+00 8.950713e+01 2.920093e-02
1.995262e-06 8.946481e+01 2.673286e+00 8.950474e+01 2.988087e-02
2.041738e-06 8.946042e+01 2.735398e+00 8.950223e+01 3.057662e-02
2.089296e-06 8.945584e+01 2.798945e+00 8.949961e+01 3.128857e-02
2.137962e-06 8.945103e+01 2.863961e+00 8.949687e+01 3.201708e-02
2.187762e-06 8.944600e+01 2.930478e+00 8.949399e+01 3.276253e-02
2.238721e-06 8.944073e+01 2.998530e+00 8.949098e+01 3.352533e-02
2.290868e-06 8.943522e+01 3.068153e+00 8.948783e+01 3.430587e-02
2.344229e-06 8.942945e+01 3.139382e+00 8.948453e+01 3.510457e-02
2.398833e-06 8.942340e+01 3.212253e+00 8.948108e+01 3.592184e-02
2.454709e-06 8.941707e+01 3.286804e+00 8.947746e+01 3.675812e-02
2.511886e-06 8.941045e+01 3.363071e+00 8.947367e+01 3.761385e-02
2.570396e-06 8.940351e+01 3.441094e+00 8.946971e+01 3.848947e-02
2.630268e-06 8.939625e+01 3.520912e+00 8.946556e+01 3.938546e-02
2.691535e-06 8.938865e+01 3.602566e+00 8.946121e+01 4.030227e-02
2.754229e-06 8.938069e+01 3.686096e+00 8.945666e+01 4.124040e-02
2.818383e-06 8.937235e+01 3.771544e+00 8.945190e+01 4.220034e-02
2.884032e-06 8.936363e+01 3.858953e+00 8.944691e+01 4.318259e-02
2.951209e-06 8.935450e+01 3.948366e+00 8.944169e+01 4.418766e-02
3.019952e-06 8.934494e+01 4.039829e+00 8.943622e+01 4.521609e-02
3.090295e-06 8.933493e+01 4.133386e+00 8.943050e+01 4.626841e-02
3.162278e-06 8.932445e+01 4.229083e+00 8.942451e+01 4.734519e-02
3.235937e-06 8.931348e+01 4.326968e+00 8.941824e+01 4.844697e-02
3.311311e-06 8.930200e+01 4.427089e+00 8.941167e+01 4.957435e-02
3.388442e-06 8.928998e+01 4.529494e+00 8.940479e+01 5.072791e-02
3.467369e-06 8.927740e+01 4.634234e+00 8.939760e+01 5.190826e-02
3.548134e-06 8.926423e+01 4.741359e+00 8.939006e+01 5.311600e-02
3.630781e-06 8.925045e+01 4.850921e+00 8.938218e+01 5.435179e-02
3.715352e-06 8.923602e+01 4.962973e+00 8.937392e+01 5.561625e-02
3.801894e-06 8.922091e+01 5.077567e+00 8.936528e+01 5.691006e-02
3.890451e-06 8.920510e+01 5.194760e+00 8.935623e+01 5.823389e-02
3.981072e-06 8.918855e+01 5.314605e+00 8.934676e+01 5.958842e-02
4.073803e-06 8.917123e+01 5.437160e+00 8.933684e+01 6.097437e-02
4.168694e-06 8.915311e+01 5.562481e+00 8.932647e+01 6.239246e-02
4.265795e-06 8.913414e+01 5.690628e+00 8.931561e+01 6.384342e-02
4.365158e-06 8.911428e+01 5.821658e+00 8.930424e+01 6.532801e-02
4.466836e-06 8.909350e+01 5.955633e+00 8.929233e+01 6.684700e-02
4.570882e-06 8.907175e+01 6.092613e+00 8.927988e+01 6.840118e-02
4.677351e-06 8.904899e+01 6.232660e+00 8.926684e+01 6.999136e-02
4.786301e-06 8.902517e+01 6.375837e+00 8.925319e+01 7.161836e-02
4.897788e-06 8.900025e+01 6.522207e+00 8.923891e+01 7.328301e-02
5.011872e-06 8.897417e+01 6.671834e+00 8.922397e+01 7.498619e-02
5.128614e-06 8.894688e+01 6.824785e+00 8.920832e+01 7.672877e-02
5.248075e-06 8.891832e+01 6.981124e+00 8.919195e+01 7.851165e-02
5.370318e-06 8.888844e+01 7.140920e+00 8.917482e+01 8.033575e-02
5.495409e-06 8.885718e+01 7.304238e+00 8.915689e+01 8.220200e-02
5.623413e-06 8.882448e+01 7.471148e+00 8.913813e+01 8.411136e-02
5.754399e-06 8.879026e+01 7.641718e+00 8.911850e+01 8.606482e-02
5.888437e-06 8.875446e+01 7.816017e+00 8.909795e+01 8.806337e-02
6.025596e-06 8.871702e+01 7.994115e+00 8.907646e+01 9.010803e-02
6.165950e-06 8.867784e+01 8.176083e+00 8.905396e+01 9.219984e-02
6.309573e-06 8.863687e+01 8.361991e+00 8.903043e+01 9.433988e-02
6.456542e-06 8.859401e+01 8.551911e+00 8.900581e+01 9.652922e-02
6.606934e-06 8.854919e+01 8.745913e+00 8.898005e+01 9.876898e-02
6.760830e-06 8.850231e+01 8.944069e+00 8.895310e+01 1.010603e-01
6.918310e-06 8.845328e+01 9.146450e+00 8.892491e+01 1.034043e-01
7.079458e-06 8.840201e+01 9.353129e+00 8.889543e+01 1.058022e-01
7.244360e-06 8.834840e+01 9.564175e+00 8.886458e+01 1.082552e-01
7.413102e-06 8.829235e+01 9.779661e+00 8.883232e+01 1.107645e-01
7.585776e-06 8.823374e+01 9.999657e+00 8.879857e+01 1.133314e-01
7.762471e-06 8.817247e+01 1.022423e+01 8.876328e+01 1.159572e-01
7.943282e-06 8.810843e+01 1.045346e+01 8.872637e+01 1.186431e-01
8.128305e-06 8.804148e+01 1.068740e+01 8.868778e+01 1.213905e-01
8.317638e-06 8.797150e+01 1.092612e+01 8.864742e+01 1.242007e-01
8.511380e-06 8.789837e+01 1.116970e+01 8.860522e+01 1.270752e-01
8.709636e-06 8.782194e+01 1.141820e+01 8.856110e+01 1.300153e-01
8.912509e-06 8.774208e+01 1.167167e+01 8.851497e+01 1.330225e-01
9.120108e-06 8.765864e+01 1.193018e+01 8.846675e+01 1.360982e-01
9.332543e-06 8.757147e+01 1.219380e+01 8.841635e+01 1.392439e-01
9.549926e-06 8.748041e+01 1.246256e+01 8.836367e+01 1.424612e-01
9.772372e-06 8.738530e+01 1.273654e+01 8.830861e+01 1.457516e-01
1.000000e-05 8.728597e+01 1.301578e+01 8.825107e+01 1.491166e-01
1.023293e-05 8.718224e+01 1.330033e+01 8.819094e+01 1.525578e-01
1.047129e-05 8.707394e+01 1.359023e+01 8.812812e+01 1.560769e-01
1.071519e-05 8.696087e+01 1.388553e+01 8.806249e+01 1.596756e-01
1.096478e-05 8.684285e+01 1.418626e+01 8.799392e+01 1.633555e-01
1.122018e-05 8.671967e+01 1.449244e+01 8.792231e+01 1.671183e-01
1.148154e-05 8.659113e+01 1.480411e+01 8.784751e+01 1.709657e-01
1.174898e-05 8.645702e+01 1.512129e+01 8.776941e+01 1.748995e-01
1.202264e-05 8.631711e+01 1.544399e+01 8.768786e+01 1.789216e-01
1.230269e-05 8.617118e+01 1.577222e+01 8.760271e+01 1.830336e-01
1.258925e-05 8.601900e+01 1.610599e+01 8.751383e+01 1.872375e-01
1.288250e-05 8.586033e+01 1.644527e+01 8.742107e+01 1.915352e-01
1.318257e-05 8.569493e+01 1.679007e+01 8.732426e+01 1.959284e-01
1.348963e-05 8.552254e+01 1.714035e+01 8.722325e+01 2.004191e-01
1.380384e-05 8.534290e+01 1.749608e+01 8.711787e+01 2.050092e-01
1.412538e-05 8.515576e+01 1.785723e+01 8.700796e+01 2.097008e-01
1.445440e-05 8.496085e+01 1.822374e+01 8.689332e+01 2.144957e-01
1.479108e-05 8.475788e+01 1.859554e+01 8.677380e+01 2.193960e-01
1.513561e-05 8.454657e+01 1.897256e+01 8.664919e+01 2.244037e-01
1.548817e-05 8.432665e+01 1.935472e+01 8.651930e+01 2.295208e-01
1.584893e-05 8.409783e+01 1.974191e+01 8.638395e+01 2.347493e-01
1.621810e-05 8.385979e+01 2.013401e+01 8.624293e+01 2.400914e-01
1.659587e-05 8.361226e+01 2.053090e+01 8.609604e+01 2.455490e-01
1.698244e-05 8.335492e+01 2.093244e+01 8.594306e+01 2.511243e-01
1.737801e-05 8.308747e+01 2.133846e+01 8.578378e+01 2.568193e-01
1.778279e-05 8.280960e+01 2.174879e+01 8.561799e+01 2.626361e-01
1.819701e-05 8.252101e+01 2.216324e+01 8.544546e+01 2.685769e-01
1.862087e-05 8.222139e+01 2.258158e+01 8.526596e+01 2.746437e-01
1.905461e-05 8.191042e+01 2.300360e+01 8.507927e+01 2.808385e-01
1.949845e-05 8.158780e+01 2.342904e+01 8.488515e+01 2.871636e-01
1.995262e-05 8.125322e+01 2.385764e+01 8.468337e+01 2.936208e-01
2.041738e-05 8.090639e+01 2.428910e+01 8.447369e+01 3.002124e-01
2.089296e-05 8.054700e+01 2.472311e+01 8.425586e+01 3.069402e-01
2.137962e-05 8.017475e+01 2.515934e+01 8.402966e+01 3.138063e-01
2.187762e-05 7.978937e+01 2.559745e+01 8.379483e+01 3.208127e-01
2.238721e-05 7.939058e+01 2.603704e+01 8.355113e+01 3.279613e-01
2.290868e-05 7.897811e+01 2.647773e+01 8.329833e+01 3.352540e-01
2.344229e-05 7.855170e+01 2.691909e+01 8.303617e+01 3.426926e-01
2.398833e-05 7.811111e+01 2.736068e+01 8.276443e+01 3.502790e-01
2.454709e-05 7.765611e+01 2.780203e+01 8.248287e+01 3.580147e-01
2.511886e-05 7.718648e+01 2.824266e+01 8.219125e+01 3.659016e-01
2.570396e-05 7.670205e+01 2.868205e+01 8.188934e+01 3.739412e-01
2.630268e-05 7.620262e+01 2.911968e+01 8.157693e+01 3.821349e-01
2.691535e-05 7.568805e+01 2.955498e+01 8.125379e+01 3.904842e-01
2.754229e-05 7.515821e+01 2.998739e+01 8.091971e+01 3.989903e-01
2.818383e-05 7.461299e+01 3.041632e+01 8.057450e+01 4.076545e-01
2.884032e-05 7.405232e+01 3.084114e+01 8.021796e+01 4.164777e-01
2.951209e-05 7.347615e+01 3.126123e+01 7.984991e+01 4.254610e-01
3.019952e-05 7.288446e+01 3.167595e+01 7.947019e+01 4.346050e-01
3.090295e-05 7.227728e+01 3.208463e+01 7.907863e+01 4.439104e-01
3.162278e-05 7.165466e+01 3.248661e+01 7.867509e+01 4.533776e-01
3.235937e-05 7.101667e+01 3.288120e+01 7.825945e+01 4.630068e-01
3.311311e-05 7.036345e+01 3.326771e+01 7.783159e+01 4.727982e-01
3.388442e-05 6.969517e+01 3.364545e+01 7.739142e+01 4.827515e-01
3.467369e-05 6.901202e+01 3.401370e+01 7.693887e+01 4.928663e-01
3.548134e-05 6.831425e+01 3.437177e+01 7.647389e+01 5.031421e-01
3.630781e-05 6.760215e+01 3.471896e+01 7.599643e+01 5.135778e-01
3.715352e-05 6.687606e+01 3.505458e+01 7.550649e+01 5.241723e-01
3.801894e-05 6.613633e+01 3.537793e+01 7.500408e+01 5.349242e-01
3.890451e-05 6.538340e+01 3.568833e+01 7.448924e+01 5.458316e-01
3.981072e-05 6.461773e+01 3.598513e+01 7.396202e+01 5.568925e-01
4.073803e-05 6.383981e+01 3.626767e+01 7.342251e+01 5.681043e-01
4.168694e-05 6.305019e+01 3.653532e+01 7.287082e+01 5.794642e-01
4.265795e-05 6.224946e+01 3.678750e+01 7.230709e+01 5.909690e-01
4.365158e-05 6.143825e+01 3.702361e+01 7.173149e+01 6.026151e-01
4.466836e-05 6.061722e+01 3.724312e+01 7.114420e+01 6.143984e-01
4.570882e-05 5.978708e+01 3.744551e+01 7.054546e+01 6.263144e-01
4.677351e-05 5.894857e+01 3.763031e+01 6.993549e+01 6.383583e-01
4.786301e-05 5.810245e+01 3.779707e+01 6.931459e+01 6.505245e-01
4.897788e-05 5.724952e+01 3.794540e+01 6.868305e+01 6.628072e-01
5.011872e-05 5.639063e+01 3.807495e+01 6.804120e+01 6.751999e-01
5.128614e-05 5.552660e+01 3.818541e+01 6.738938e+01 6.876958e-01
5.248075e-05 5.465832e+01 3.827653e+01 6.672799e+01 7.002872e-01
5.370318e-05 5.378668e+01 3.834809e+01 6.605742e+01 7.129662e-01
5.495409e-05 5.291258e+01 3.839994e+01 6.537810e+01 7.257242e-01
5.623413e-05 5.203693e+01 3.843198e+01 6.469048e+01 7.385520e-01
5.754399e-05 5.116064e+01 3.844414e+01 6.399503e+01 7.514398e-01
5.888437e-05 5.028465e+01 3.843645e+01 6.329223e+01 7.643774e-01
6.025596e-05 4.940985e+01 3.840893e+01 6.258258e+01 7.773537e-01
6.165950e-05 4.853718e+01 3.836171e+01 6.186662e+01 7.903572e-01
6.309573e-05 4.766753e+01 3.829495e+01 6.114488e+01 8.033760e-01
6.456542e-05 4.680178e+01 3.820884e+01 6.041790e+01 8.163971e-01
6.606934e-05 4.594082e+01 3.810366e+01 5.968624e+01 8.294074e-01
6.760830e-05 4.508548e+01 3.797970e+01 5.895048e+01 8.423931e-01
6.918310e-05 4.423661e+01 3.783733e+01 5.821118e+01 8.553398e-01
7.079458e-05 4.339499e+01 3.767694e+01 5.746892e+01 8.682326e-01
7.244360e-05 4.256140e+01 3.749897e+01 5.672429e+01 8.810560e-01
7.413102e-05 4.173657e+01 3.730390e+01 5.597787e+01 8.937942e-01
7.585776e-05 4.092120e+01 3.709225e+01 5.523024e+01 9.064310e-01
7.762471e-05 4.011597e+01 3.686455e+01 5.448198e+01 9.189495e-01
7.943282e-05 3.932150e+01 3.662140e+01 5.373367e+01 9.313328e-01
8.128305e-05 3.853836e+01 3.636339e+01 5.298586e+01 9.435634e-01
8.317638e-05 3.776712e+01 3.609115e+01 5.223912e+01 9.556236e-01
8.511380e-05 3.700826e+01 3.580533e+01 5.149401e+01 9.674957e-01
8.709636e-05 3.626224e+01 3.550660e+01 5.075105e+01 9.791617e-01
8.912509e-05 3.552949e+01 3.519563e+01 5.001077e+01 9.906033e-01
9.120108e-05 3.481037e+01 3.487312e+01 4.927369e+01 1.001803e+00
9.332543e-05 3.410521e+01 3.453976e+01 4.854029e+01 1.012742e+00
9.549926e-05 3.341429e+01 3.419626e+01 4.781107e+01 1.023402e+00
9.772372e-05 3.273785e+01 3.384331e+01 4.708648e+01 1.033767e+00
1.000000e-04 3.207611e+01 3.348162e+01 4.636697e+01 1.043818e+00
1.023293e-04 3.142921e+01 3.311189e+01 4.565295e+01 1.053539e+00
1.047129e-04 3.079727e+01 3.273480e+01 4.494485e+01 1.062912e+00
1.071519e-04 3.018039e+01 3.235105e+01 4.424304e+01 1.071923e+00
1.096478e-04 2.957861e+01 3.196130e+01 4.354789e+01 1.080555e+00
1.122018e-04 2.899193e+01 3.156620e+01 4.285974e+01 1.088793e+00
1.148154e-04 2.842035e+01 3.116641e+01 4.217892e+01 1.096623e+00
1.174898e-04 2.786380e+01 3.076255e+01 4.150574e+01 1.104033e+00
1.202264e-04 2.732221e+01 3.035523e+01 4.084047e+01 1.111009e+00
1.230269e-04 2.679547e+01 2.994504e+01 4.018337e+01 1.117541e+00
1.258925e-04 2.628345e+01 2.953255e+01 3.953469e+01 1.123618e+00
1.288250e-04 2.578598e+01 2.911831e+01 3.889464e+01 1.129231e+00
1.318257e-04 2.530289e+01 2.870285e+01 3.826343e+01 1.134371e+00
1.348963e-04 2.483397e+01 2.828668e+01 3.764123e+01 1.139031e+00
1.380384e-04 2.437902e+01 2.787026e+01 3.702821e+01 1.143207e+00
1.412538e-04 2.393780e+01 2.745408e+01 3.642451e+01 1.146892e+00
1.445440e-04 2.351006e+01 2.703856e+01 3.583025e+01 1.150085e+00
1.479108e-04 2.309554e+01 2.662411e+01 3.524553e+01 1.152781e+00
1.513561e-04 2.269398e+01 2.621114e+01 3.467045e+01 1.154982e+00
1.548817e-04 2.230509e+01 2.580000e+01 3.410508e+01 1.156687e+00
1.584893e-04 2.192858e+01 2.539104e+01 3.354948e+01 1.157897e+00
1.621810e-04 2.156416e+01 2.498458e+01 3.300367e+01 1.158616e+00
1.659587e-04 2.121154e+01 2.458093e+01 3.246770e+01 1.158847e+00
1.698244e-04 2.087040e+01 2.418037e+01 3.194157e+01 1.158596e+00
1.737801e-04 2.054045e+01 2.378315e+01 3.142528e+01 1.157869e+00
1.778279e-04 2.022138e+01 2.338952e+01 3.091883e+01 1.156673e+00
1.819701e-04 1.991287e+01 2.299970e+01 3.042217e+01 1.155016e+00
1.862087e-04 1.961463e+01 2.261388e+01 2.993529e+01 1.152909e+00
1.905461e-04 1.932636e+01 2.223225e+01 2.945812e+01 1.150359e+00
1.949845e-04 1.904773e+01 2.185498e+01 2.899063e+01 1.147380e+00
1.995262e-04 1.877847e+01 2.148222e+01 2.853273e+01 1.143982e+00
2.041738e-04 1.851827e+01 2.111411e+01 2.808437e+01 1.140177e+00
2.089296e-04 1.826684e+01 2.075075e+01 2.764545e+01 1.135979e+00
2.137962e-04 1.802389e+01 2.039227e+01 2.721590e+01 1.131402e+00
2.187762e-04 1.778915e+01 2.003874e+01 2.679561e+01 1.126459e+00
2.238721e-04 1.756233e+01 1.969025e+01 2.638449e+01 1.121164e+00
2.290868e-04 1.734317e+01 1.934687e+01 2.598244e+01 1.115533e+00
2.344229e-04 1.713140e+01 1.900866e+01 2.558933e+01 1.109580e+00
2.398833e-04 1.692676e+01 1.867566e+01 2.520507e+01 1.103321e+00
2.454709e-04 1.672901e+01 1.834790e+01 2.482953e+01 1.096771e+00
2.511886e-04 1.653790e+01 1.802543e+01 2.446259e+01 1.089946e+00
2.570396e-04 1.635319e+01 1.770825e+01 2.410413e+01 1.082862e+00
2.630268e-04 1.617465e+01 1.739638e+01 2.375402e+01 1.075533e+00
2.691535e-04 1.600206e+01 1.708982e+01 2.341213e+01 1.067976e+00
2.754229e-04 1.583520e+01 1.678858e+01 2.307835e+01 1.060206e+00
2.818383e-04 1.567386e+01 1.649265e+01 2.275252e+01 1.052239e+00
2.884032e-04 1.551783e+01 1.620201e+01 2.243453e+01 1.044090e+00
2.951209e-04 1.536692e+01 1.591665e+01 2.212424e+01 1.035773e+00
3.019952e-04 1.522094e+01 1.563655e+01 2.182152e+01 1.027305e+00
3.090295e-04 1.507970e+01 1.536168e+01 2.152623e+01 1.018699e+00
3.162278e-04 1.494302e+01 1.509201e+01 2.123824e+01 1.009971e+00
3.235937e-04 1.481073e+01 1.482752e+01 2.095741e+01 1.001134e+00
3.311311e-04 1.468266e+01 1.456816e+01 2.068362e+01 9.922019e-01
3.388442e-04 1.455865e+01 1.431391e+01 2.041672e+01 9.831892e-01
3.467369e-04 1.443855e+01 1.406472e+01 2.015658e+01 9.741089e-01
3.548134e-04 1.432219e+01 1.382054e+01 1.990308e+01 9.649743e-01
3.630781e-04 1.420943e+01 1.358135e+01 1.965607e+01 9.557979e-01
3.715352e-04 1.410014e+01 1.334709e+01 1.941542e+01 9.465925e-01
3.801894e-04 1.399417e+01 1.311771e+01 1.918101e+01 9.373700e-01
3.890451e-04 1.389138e+01 1.289318e+01 1.895269e+01 9.281423e-01
3.981072e-04 1.379165e+01 1.267344e+01 1.873034e+01 9.189209e-01
4.073803e-04 1.369485e+01 1.245844e+01 1.851383e+01 9.097170e-01
4.168694e-04 1.360086e+01 1.224814e+01 1.830302e+01 9.005414e-01
4.265795e-04 1.350956e+01 1.204248e+01 1.809778e+01 8.914046e-01
4.365158e-04 1.342083e+01 1.184142e+01 1.789799e+01 8.823167e-01
4.466836e-04 1.333455e+01 1.164490e+01 1.770350e+01 8.732875e-01
4.570882e-04 1.325063e+01 1.145287e+01 1.751420e+01 8.643265e-01
4.677351e-04 1.316894e+01 1.126527e+01 1.732996e+01 8.554428e-01
4.786301e-04 1.308939e+01 1.108206e+01 1.715063e+01 8.466450e-01
4.897788e-04 1.301186e+01 1.090318e+01 1.697610e+01 8.379417e-01
5.011872e-04 1.293627e+01 1.072858e+01 1.680624e+01 8.293408e-01
5.128614e-04 1.286252e+01 1.055820e+01 1.664091e+01 8.208501e-01
5.248075e-04 1.279050e+01 1.039198e+01 1.647999e+01 8.124767e-01
5.370318e-04 1.272012e+01 1.022987e+01 1.632335e+01 8.042278e-01
5.495409e-04 1.265129e+01 1.007182e+01 1.617086e+01 7.961098e-01
5.623413e-04 1.258393e+01 9.917763e+00 1.602240e+01 7.881291e-01
5.754399e-04 1.251795e+01 9.767645e+00 1.587784e+01 7.802914e-01
5.888437e-04 1.245325e+01 9.621408e+00 1.573705e+01 7.726024e-01
6.025596e-04 1.238975e+01 9.478992e+00 1.559991e+01 7.650671e-01
6.165950e-04 1.232738e+01 9.340338e+00 1.546629e+01 7.576903e-01
6.309573e-04 1.226605e+01 9.205387e+00 1.533608e+01 7.504766e-01
6.456542e-04 1.220569e+01 9.074076e+00 1.520913e+01 7.434300e-01
6.606934e-04 1.214621e+01 8.946345e+00 1.508534e+01 7.365541e-01
6.760830e-04 1.208755e+01 8.822130e+00 1.496459e+01 7.298525e-01
6.918310e-04 1.202963e+01 8.701369e+00 1.484674e+01 7.233281e-01
7.079458e-04 1.197238e+01 8.583998e+00 1.473169e+01 7.169836e-01
7.244360e-04 1.191572e+01 8.469951e+00 1.461932e+01 7.108213e-01
7.413102e-04 1.185960e+01 8.359164e+00 1.450951e+01 7.048434e-01
7.585776e-04 1.180395e+01 8.251570e+00 1.440214e+01 6.990514e-01
7.762471e-04 1.174871e+01 8.147103e+00 1.429711e+01 6.934468e-01
7.943282e-04 1.169380e+01 8.045695e+00 1.419430e+01 6.880306e-01
8.128305e-04 1.163919e+01 7.947277e+00 1.409361e+01 6.828035e-01
8.317638e-04 1.158480e+01 7.851780e+00 1.399493e+01 6.777660e-01
8.511380e-04 1.153058e+01 7.759136e+00 1.389814e+01 6.729182e-01
8.709636e-04 1.147648e+01 7.669273e+00 1.380316e+01 6.682600e-01
8.912509e-04 1.142245e+01 7.582121e+00 1.370989e+01 6.637910e-01
9.120108e-04 1.136845e+01 7.497609e+00 1.361821e+01 6.595104e-01
9.332543e-04 1.131442e+01 7.415665e+00 1.352805e+01 6.554173e-01
9.549926e-04 1.126032e+01 7.336217e+00 1.343930e+01 6.515106e-01
9.772372e-04 1.120611e+01 7.259193e+00 1.335189e+01 6.477887e-01
1.000000e-03 1.115176e+01 7.184521e+00 1.326571e+01 6.442499e-01
1.023293e-03 1.109722e+01 7.112127e+00 1.318070e+01 6.408925e-01
1.047129e-03 1.104247e+01 7.041940e+00 1.309676e+01 6.377141e-01
1.071519e-03 1.098747e+01 6.973887e+00 1.301382e+01 6.347126e-01
1.096478e-03 1.093219e+01 6.907895e+00 1.293182e+01 6.318855e-01
1.122018e-03 1.087662e+01 6.843892e+00 1.285067e+01 6.292299e-01
1.148154e-03 1.082071e+01 6.781807e+00 1.277030e+01 6.267432e-01
1.174898e-03 1.076446e+01 6.721567e+00 1.269067e+01 6.244223e-01
1.202264e-03 1.070784e+01 6.663104e+00 1.261169e+01 6.222640e-01
1.230269e-03 1.065084e+01 6.606345e+00 1.253333e+01 6.202651e-01
1.258925e-03 1.059345e+01 6.551223e+00 1.245551e+01 6.184221e-01
1.288250e-03 1.053565e+01 6.497669e+00 1.237819e+01 6.167317e-01
1.318257e-03 1.047744e+01 6.445616e+00 1.230133e+01 6.151902e-01
1.348963e-03 1.041880e+01 6.394997e+00 1.222487e+01 6.137939e-01
1.380384e-03 1.035974e+01 6.345747e+00 1.214877e+01 6.125392e-01
1.412538e-03 1.030025e+01 6.297803e+00 1.207301e+01 6.114222e-01
1.445440e-03 1.024034e+01 6.251103e+00 1.199753e+01 6.104392e-01
1.479108e-03 1.018000e+01 6.205586e+00 1.192232e+01 6.095862e-01
1.513561e-03 1.011924e+01 6.161192e+00 1.184733e+01 6.088595e-01
1.548817e-03 1.005806e+01 6.117866e+00 1.177255e+01 6.082551e-01
1.584893e-03 9.996474e+00 6.075549e+00 1.169794e+01 6.077692e-01
1.621810e-03 9.934491e+00 6.034190e+00 1.162349e+01 6.073980e-01
1.659587e-03 9.872119e+00 5.993734e+00 1.154918e+01 6.071376e-01
1.698244e-03 9.809372e+00 5.954134e+00 1.147499e+01 6.069842e-01
1.737801e-03 9.746262e+00 5.915339e+00 1.140091e+01 6.069341e-01
1.778279e-03 9.682804e+00 5.877303e+00 1.132693e+01 6.069836e-01
1.819701e-03 9.619012e+00 5.839983e+00 1.125304e+01 6.071292e-01
1.862087e-03 9.554905e+00 5.803335e+00 1.117922e+01 6.073672e-01
1.905461e-03 9.490498e+00 5.767320e+00 1.110547e+01 6.076941e-01
1.949845e-03 9.425810e+00 5.731897e+00 1.103180e+01 6.081066e-01
1.995262e-03 9.360859e+00 5.697032e+00 1.095819e+01 6.086014e-01
2.041738e-03 9.295663e+00 5.662688e+00 1.088464e+01 6.091752e-01
2.089296e-03 9.230244e+00 5.628832e+00 1.081116e+01 6.098249e-01
2.137962e-03 9.164619e+00 5.595435e+00 1.073774e+01 6.105475e-01
2.187762e-03 9.098809e+00 5.562466e+00 1.066440e+01 6.113400e-01
2.238721e-03 9.032834e+00 5.529898e+00 1.059112e+01 6.121997e-01
2.290868e-03 8.966714e+00 5.497704e+00 1.051792e+01 6.131237e-01
2.344229e-03 8.900468e+00 5.465862e+00 1.044481e+01 6.141095e-01
2.398833e-03 8.834117e+00 5.434347e+00 1.037178e+01 6.151545e-01
2.454709e-03 8.767681e+00 5.403139e+00 1.029884e+01 6.162564e-01
2.511886e-03 8.701179e+00 5.372219e+00 1.022601e+01 6.174127e-01
2.570396e-03 8.634630e+00 5.341567e+00 1.015328e+01 6.186214e-01
2.630268e-03 8.568053e+00 5.311167e+00 1.008068e+01 6.198803e-01
2.691535e-03 8.501467e+00 5.281004e+00 1.000819e+01 6.211874e-01
2.754229e-03 8.434891e+00 5.251063e+00 9.935846e+00 6.225407e-01
2.818383e-03 8.368341e+00 5.221331e+00 9.863642e+00 6.239386e-01
2.884032e-03 8.301836e+00 5.191796e+00 9.791590e+00 6.253792e-01
2.951209e-03 8.235393e+00 5.162447e+00 9.719699e+00 6.268610e-01
3.019952e-03 8.169028e+00 5.133274e+00 9.647980e+00 6.283825e-01
3.090295e-03 8.102757e+00 5.104269e+00 9.576442e+00 6.299422e-01
3.162278e-03 8.036596e+00 5.075423e+00 9.505093e+00 6.315389e-01
3.235937e-03 7.970560e+00 5.046730e+00 9.433944e+00 6.331713e-01
3.311311e-03 7.904663e+00 5.018182e+00 9.363004e+00 6.348382e-01
3.388442e-03 7.838919e+00 4.989776e+00 9.292283e+00 6.365387e-01
3.467369e-03 7.773343e+00 4.961506e+00 9.221789e+00 6.382718e-01
3.548134e-03 7.707945e+00 4.933368e+00 9.151532e+00 6.400367e-01
3.630781e-03 7.642740e+00 4.905359e+00 9.081521e+00 6.418325e-01
3.715352e-03 7.577738e+00 4.877478e+00 9.011765e+00 6.436587e-01
3.801894e-03 7.512951e+00 4.849721e+00 8.942272e+00 6.455147e-01
3.890451e-03 7.448390e+00 4.822087e+00 8.873051e+00 6.473999e-01
3.981072e-03 7.384063e+00 4.794576e+00 8.804110e+00 6.493141e-01
4.073803e-03 7.319981e+00 4.767188e+00 8.735457e+00 6.512569e-01
4.168694e-03 7.256152e+00 4.739923e+00 8.667100e+00 6.532282e-01
4.265795e-03 7.192585e+00 4.712781e+00 8.599045e+00 6.552278e-01
4.365158e-03 7.129286e+00 4.685764e+00 8.531301e+00 6.572558e-01
4.466836e-03 7.066262e+00 4.658873e+00 8.463874e+00 6.593122e-01
4.570882e-03 7.003521e+00 4.632110e+00 8.396770e+00 6.613973e-01
4.677351e-03 6.941066e+00 4.605477e+00 8.329995e+00 6.635114e-01
4.786301e-03 6.878904e+00 4.578976e+00 8.263555e+00 6.656549e-01
4.897788e-03 6.817039e+00 4.552610e+00 8.197456e+00 6.678281e-01
5.011872e-03 6.755473e+00 4.526382e+00 8.131701e+00 6.700318e-01
5.128614e-03 6.694211e+00 4.500295e+00 8.066295e+00 6.722666e-01
5.248075e-03 6.633255e+00 4.474351e+00 8.001243e+00 6.745333e-01
5.370318e-03 6.572606e+00 4.448555e+00 7.936547e+00 6.768328e-01
5.495409e-03 6.512265e+00 4.422909e+00 7.872212e+00 6.791659e-01
5.623413e-03 6.452234e+00 4.397416e+00 7.808238e+00 6.815338e-01
5.754399e-03 6.392511e+00 4.372079e+00 7.744629e+00 6.839376e-01
5.888437e-03 6.333097e+00 4.346902e+00 7.681385e+00 6.863785e-01
6.025596e-03 6.273991e+00 4.321888e+00 7.618509e+00 6.888579e-01
6.165950e-03 6.215190e+00 4.297039e+00 7.556000e+00 6.913770e-01
6.309573e-03 6.156692e+00 4.272359e+00 7.493858e+00 6.939373e-01
6.456542e-03 6.098495e+00 4.247849e+00 7.432083e+00 6.965405e-01
6.606934e-03 6.040595e+00 4.223512e+00 7.370675e+00 6.991881e-01
6.760830e-03 5.982989e+00 4.199351e+00 7.309631e+00 7.018818e-01
6.918310e-03 5.925672e+00 4.175366e+00 7.248950e+00 7.046233e-01
7.079458e-03 5.868639e+00 4.151560e+00 7.188628e+00 7.074144e-01
7.244360e-03 5.811887e+00 4.127933e+00 7.128664e+00 7.102570e-01
7.413102e-03 5.755408e+00 4.104486e+00 7.069054e+00 7.131529e-01
7.585776e-03 5.699198e+00 4.081219e+00 7.009794e+00 7.161042e-01
7.762471e-03 5.643250e+00 4.058133e+00 6.950879e+00 7.191128e-01
7.943282e-03 5.587558e+00 4.035227e+00 6.892304e+00 7.221808e-01
8.128305e-03 5.532115e+00 4.012499e+00 6.834065e+00 7.253101e-01
8.317638e-03 5.476915e+00 3.989949e+00 6.776156e+00 7.285030e-01
8.511380e-03 5.421950e+00 3.967573e+00 6.718570e+00 7.317614e-01
8.709636e-03 5.367213e+00 3.945371e+00 6.661300e+00 7.350875e-01
8.912509e-03 5.312697e+00 3.923338e+00 6.604341e+00 7.384833e-01
9.120108e-03 5.258394e+00 3.901471e+00 6.547685e+00 7.419510e-01
9.332543e-03 5.204297e+00 3.879765e+00 6.491324e+00 7.454927e-01
9.549926e-03 5.150398e+00 3.858217e+00 6.435250e+00 7.491104e-01
9.772372e-03 5.096691e+00 3.836820e+00 6.379455e+00 7.528061e-01
1.000000e-02 5.043167e+00 3.815569e+00 6.323931e+00 7.565818e-01
1.023293e-02 4.989820e+00 3.794456e+00 6.268668e+00 7.604395e-01
1.047129e-02 4.936642e+00 3.773476e+00 6.213659e+00 7.643810e-01
1.071519e-02 4.883627e+00 3.752619e+00 6.158893e+00 7.684081e-01
1.096478e-02 4.830769e+00 3.731878e+00 6.104363e+00 7.725225e-01
1.122018e-02 4.778061e+00 3.711243e+00 6.050057e+00 7.767259e-01
1.148154e-02 4.725497e+00 3.690706e+00 5.995968e+00 7.810196e-01
1.174898e-02 4.673073e+00 3.670256e+00 5.942087e+00 7.854052e-01
1.202264e-02 4.620784e+00 3.649882e+00 5.888402e+00 7.898838e-01
1.230269e-02 4.568624e+00 3.629574e+00 5.834906e+00 7.944566e-01
1.258925e-02 4.516592e+00 3.609319e+00 5.781590e+00 7.991245e-01
1.288250e-02 4.464683e+00 3.589106e+00 5.728445e+00 8.038883e-01
1.318257e-02 4.412896e+00 3.568923e+00 5.675461e+00 8.087485e-01
1.348963e-02 4.361228e+00 3.548756e+00 5.622631e+00 8.137057e-01
1.380384e-02 4.309680e+00 3.528593e+00 5.569947e+00 8.187599e-01
1.412538e-02 4.258251e+00 3.508421e+00 5.517402e+00 8.239111e-01
1.445440e-02 4.206943e+00 3.488226e+00 5.464987e+00 8.291592e-01
1.479108e-02 4.155756e+00 3.467994e+00 5.412698e+00 8.345037e-01
1.513561e-02 4.104695e+00 3.447713e+00 5.360526e+00 8.399438e-01
1.548817e-02 4.053761e+00 3.427368e+00 5.308468e+00 8.454785e-01
1.584893e-02 4.002961e+00 3.406947e+00 5.256518e+00 8.511067e-01
1.621810e-02 3.952298e+00 3.386436e+00 5.204672e+00 8.568269e-01
1.659587e-02 3.901781e+00 3.365822e+00 5.152927e+00 8.626374e-01
1.698244e-02 3.851415e+00 3.345093e+00 5.101279e+00 8.685361e-01
1.737801e-02 3.801210e+00 3.324237e+00 5.049728e+00 8.745209e-01
1.778279e-02 3.751174e+00 3.303242e+00 4.998271e+00 8.805891e-01
1.819701e-02 3.701316e+00 3.282097e+00 4.946909e+00 8.867379e-01
1.862087e-02 3.651648e+00 3.260792e+00 4.895641e+00 8.929644e-01
1.905461e-02 3.602182e+00 3.239317e+00 4.844470e+00 8.992653e-01
1.949845e-02 3.552928e+00 3.217663e+00 4.793396e+00 9.056369e-01
1.995262e-02 3.503900e+00 3.195821e+00 4.742424e+00 9.120756e-01
2.041738e-02 3.455111e+00 3.173786e+00 4.691557e+00 9.185772e-01
2.089296e-02 3.406574e+00 3.151550e+00 4.640798e+00 9.251376e-01
2.137962e-02 3.358304e+00 3.129107e+00 4.590154e+00 9.317522e-01
2.187762e-02 3.310315e+00 3.106455e+00 4.539631e+00 9.384166e-01
2.238721e-02 3.262622e+00 3.083588e+00 4.489234e+00 9.451258e-01
2.290868e-02 3.215240e+00 3.060506e+00 4.438971e+00 9.518749e-01
2.344229e-02 3.168183e+00 3.037206e+00 4.388850e+00 9.586587e-01
2.398833e-02 3.121467e+00 3.013689e+00 4.338879e+00 9.654719e-01
2.454709e-02 3.075106e+00 2.989954e+00 4.289068e+00 9.723092e-01
2.511886e-02 3.029115e+00 2.966004e+00 4.239425e+00 9.791651e-01
2.570396e-02 2.983510e+00 2.941842e+00 4.189960e+00 9.860339e-01
2.630268e-02 2.938303e+00 2.917470e+00 4.140683e+00 9.929100e-01
2.691535e-02 2.893509e+00 2.892894e+00 4.091604e+00 9.997876e-01
2.754229e-02 2.849141e+00 2.868119e+00 4.042735e+00 1.006661e+00
2.818383e-02 2.805212e+00 2.843151e+00 3.994086e+00 1.013524e+00
2.884032e-02 2.761735e+00 2.817997e+00 3.945667e+00 1.020372e+00
2.951209e-02 2.718721e+00 2.792665e+00 3.897490e+00 1.027198e+00
3.019952e-02 2.676182e+00 2.767164e+00 3.849565e+00 1.033997e+00
3.090295e-02 2.634129e+00 2.741502e+00 3.801903e+00 1.040762e+00
3.162278e-02 2.592570e+00 2.715688e+00 3.754515e+00 1.047489e+00
3.235937e-02 2.551516e+00 2.689734e+00 3.707412e+00 1.054171e+00
3.311311e-02 2.510975e+00 2.663648e+00 3.660603e+00 1.060802e+00
3.388442e-02 2.470954e+00 2.637443e+00 3.614100e+00 1.067378e+00
3.467369e-02 2.431461e+00 2.611129e+00 3.567912e+00 1.073893e+00
3.548134e-02 2.392502e+00 2.584718e+00 3.522049e+00 1.080341e+00
3.630781e-02 2.354082e+00 2.558220e+00 3.476520e+00 1.086717e+00
3.715352e-02 2.316206e+00 2.531649e+00 3.431335e+00 1.093015e+00
3.801894e-02 2.278879e+00 2.505016e+00 3.386501e+00 1.099232e+00
3.890451e-02 2.242103e+00 2.478332e+00 3.342029e+00 1.105360e+00
3.981072e-02 2.205882e+00 2.451610e+00 3.297925e+00 1.111396e+00
4.073803e-02 2.170218e+00 2.424861e+00 3.254197e+00 1.117335e+00
4.168694e-02 2.135112e+00 2.398097e+00 3.210852e+00 1.123172e+00
4.265795e-02 2.100564e+00 2.371330e+00 3.167898e+00 1.128902e+00
4.365158e-02 2.066576e+00 2.344572e+00 3.125341e+00 1.134520e+00
4.466836e-02 2.033147e+00 2.317834e+00 3.083187e+00 1.140023e+00
4.570882e-02 2.000275e+00 2.291127e+00 3.041441e+00 1.145406e+00
4.677351e-02 1.967961e+00 2.264462e+00 3.000110e+00 1.150664e+00
4.786301e-02 1.936201e+00 2.237851e+00 2.959198e+00 1.155794e+00
4.897788e-02 1.904994e+00 2.211303e+00 2.918709e+00 1.160792e+00
5.011872e-02 1.874338e+00 2.184829e+00 2.878649e+00 1.165654e+00
5.128614e-02 1.844228e+00 2.158440e+00 2.839021e+00 1.170376e+00
5.248075e-02 1.814662e+00 2.132144e+00 2.799828e+00 1.174954e+00
5.370318e-02 1.785636e+00 2.105953e+00 2.761075e+00 1.179386e+00
5.495409e-02 1.757145e+00 2.079875e+00 2.722763e+00 1.183667e+00
5.623413e-02 1.729186e+00 2.053919e+00 2.684896e+00 1.187795e+00
5.754399e-02 1.701753e+00 2.028094e+00 2.647476e+00 1.191768e+00
5.888437e-02 1.674842e+00 2.002409e+00 2.610505e+00 1.195581e+00
6.025596e-02 1.648447e+00 1.976872e+00 2.573985e+00 1.199233e+00
6.165950e-02 1.622563e+00 1.951491e+00 2.537918e+00 1.202721e+00
6.309573e-02 1.597184e+00 1.926273e+00 2.502304e+00 1.206044e+00
6.456542e-02 1.572304e+00 1.901227e+00 2.467145e+00 1.209198e+00
6.606934e-02 1.547918e+00 1.876360e+00 2.432442e+00 1.212183e+00
6.760830e-02 1.524018e+00 1.851678e+00 2.398196e+00 1.214997e+00
6.918310e-02 1.500599e+00 1.827188e+00 2.364406e+00 1.217639e+00
7.079458e-02 1.477654e+00 1.802897e+00 2.331073e+00 1.220108e+00
7.244360e-02 1.455175e+00 1.778811e+00 2.298196e+00 1.222404e+00
7.413102e-02 1.433156e+00 1.754936e+00 2.265776e+00 1.224525e+00
7.585776e-02 1.411591e+00 1.731278e+00 2.233811e+00 1.226473e+00
7.762471e-02 1.390471e+00 1.707842e+00 2.202301e+00 1.228247e+00
7.943282e-02 1.369789e+00 1.684632e+00 2.171246e+00 1.229848e+00
8.128305e-02 1.349538e+00 1.661656e+00 2.140643e+00 1.231277e+00
8.317638e-02 1.329711e+00 1.638916e+00 2.110492e+00 1.232536e+00
8.511380e-02 1.310299e+00 1.616417e+00 2.080790e+00 1.233625e+00
8.709636e-02 1.291295e+00 1.594165e+00 2.051537e+00 1.234548e+00
8.912509e-02 1.272690e+00 1.572162e+00 2.022729e+00 1.235306e+00
9.120108e-02 1.254478e+00 1.550412e+00 1.994365e+00 1.235902e+00
9.332543e-02 1.236649e+00 1.528919e+00 1.966442e+00 1.236340e+00
9.549926e-02 1.219196e+00 1.507686e+00 1.938957e+00 1.236623e+00
9.772372e-02 1.202111e+00 1.486715e+00 1.911908e+00 1.236754e+00
1.000000e-01 1.185384e+00 1.466011e+00 1.885291e+00 1.236739e+00
1.023293e-01 1.169009e+00 1.445574e+00 1.859104e+00 1.236581e+00
1.047129e-01 1.152976e+00 1.425408e+00 1.833341e+00 1.236285e+00
1.071519e-01 1.137277e+00 1.405513e+00 1.808001e+00 1.235858e+00
1.096478e-01 1.121904e+00 1.385892e+00 1.783078e+00 1.235303e+00
1.122018e-01 1.106849e+00 1.366546e+00 1.758568e+00 1.234627e+00
1.148154e-01 1.092102e+00 1.347476e+00 1.734468e+00 1.233837e+00
1.174898e-01 1.077656e+00 1.328682e+00 1.710771e+00 1.232938e+00
1.202264e-01 1.063501e+00 1.310167e+00 1.687475e+00 1.231937e+00
1.230269e-01 1.049631e+00 1.291928e+00 1.664573e+00 1.230840e+00
1.258925e-01 1.036036e+00 1.273967e+00 1.642060e+00 1.229656e+00
1.288250e-01 1.022708e+00 1.256284e+00 1.619932e+00 1.228390e+00
1.318257e-01 1.009638e+00 1.238877e+00 1.598182e+00 1.227050e+00
1.348963e-01 9.968199e-01 1.221746e+00 1.576805e+00 1.225644e+00
1.380384e-01 9.842441e-01 1.204890e+00 1.555794e+00 1.224178e+00
1.412538e-01 9.719031e-01 1.188308e+00 1.535145e+00 1.222661e+00
1.445440e-01 9.597889e-01 1.171997e+00 1.514851e+00 1.221099e+00
1.479108e-01 9.478941e-01 1.155957e+00 1.494904e+00 1.219500e+00
1.513561e-01 9.362108e-01 1.140185e+00 1.475301e+00 1.217872e+00
1.548817e-01 9.247318e-01 1.124679e+00 1.456033e+00 1.216221e+00
1.584893e-01 9.134498e-01 1.109436e+00 1.437094e+00 1.214556e+00
1.621810e-01 9.023577e-01 1.094454e+00 1.418478e+00 1.212883e+00
1.659587e-01 8.914485e-01 1.079730e+00 1.400178e+00 1.211208e+00
1.698244e-01 8.807156e-01 1.065261e+00 1.382187e+00 1.209540e+00
1.737801e-01 8.701524e-01 1.051043e+00 1.364499e+00 1.207884e+00
1.778279e-01 8.597525e-01 1.037074e+00 1.347107e+00 1.206247e+00
1.819701e-01 8.495099e-01 1.023349e+00 1.330004e+00 1.204634e+00
1.862087e-01 8.394187e-01 1.009865e+00 1.313184e+00 1.203053e+00
1.905461e-01 8.294730e-01 9.966184e-01 1.296639e+00 1.201508e+00
1.949845e-01 8.196676e-01 9.836050e-01 1.280365e+00 1.200005e+00
1.995262e-01 8.099972e-01 9.708208e-01 1.264353e+00 1.198548e+00
2.041738e-01 8.004566e-01 9.582618e-01 1.248598e+00 1.197144e+00
2.089296e-01 7.910413e-01 9.459237e-01 1.233093e+00 1.195796e+00
2.137962e-01 7.817466e-01 9.338024e-01 1.217832e+00 1.194508e+00
2.187762e-01 7.725682e-01 9.218936e-01 1.202809e+00 1.193284e+00
2.238721e-01 7.635020e-01 9.101930e-01 1.188018e+00 1.192129e+00
2.290868e-01 7.545442e-01 8.986963e-01 1.173453e+00 1.191045e+00
2.344229e-01 7.456911e-01 8.873992e-01 1.159109e+00 1.190036e+00
2.398833e-01 7.369393e-01 8.762975e-01 1.144979e+00 1.189104e+00
2.454709e-01 7.282856e-01 8.653868e-01 1.131059e+00 1.188252e+00
2.511886e-01 7.197270e-01 8.546630e-01 1.117343e+00 1.187482e+00
2.570396e-01 7.112607e-01 8.441218e-01 1.103827e+00 1.186797e+00
2.630268e-01 7.028840e-01 8.337592e-01 1.090505e+00 1.186197e+00
2.691535e-01 6.945946e-01 8.235711e-01 1.077372e+00 1.185686e+00
2.754229e-01 6.863902e-01 8.135536e-01 1.064425e+00 1.185264e+00
2.818383e-01 6.782686e-01 8.037026e-01 1.051659e+00 1.184933e+00
2.884032e-01 6.702280e-01 7.940145e-01 1.039069e+00 1.184693e+00
2.951209e-01 6.622666e-01 7.844856e-01 1.026652e+00 1.184547e+00
3.019952e-01 6.543826e-01 7.751122e-01 1.014404e+00 1.184494e+00
3.090295e-01 6.465745e-01 7.658908e-01 1.002321e+00 1.184536e+00
3.162278e-01 6.388410e-01 7.568182e-01 9.903997e-01 1.184674e+00
3.235937e-01 6.311807e-01 7.478909e-01 9.786367e-01 1.184908e+00
3.311311e-01 6.235923e-01 7.391059e-01 9.670288e-01 1.185239e+00
3.388442e-01 6.160746e-01 7.304600e-01 9.555730e-01 1.185668e+00
3.467369e-01 6.086267e-01 7.219505e-01 9.442664e-01 1.186196e+00
3.548134e-01 6.012475e-01 7.135745e-01 9.331061e-01 1.186823e+00
3.630781e-01 5.939359e-01 7.053292e-01 9.220896e-01 1.187551e+00
3.715352e-01 5.866911e-01 6.972122e-01 9.112142e-01 1.188380e+00
3.801894e-01 5.795121e-01 6.892209e-01 9.004775e-01 1.189312e+00
3.890451e-01 5.723981e-01 6.813529e-01 8.898771e-01 1.190348e+00
3.981072e-01 5.653481e-01 6.736060e-01 8.794109e-01 1.191489e+00
4.073803e-01 5.583613e-01 6.659780e-01 8.690765e-01 1.192737e+00
4.168694e-01 5.514368e-01 6.584668e-01 8.588720e-01 1.194093e+00
4.265795e-01 5.445738e-01 6.510703e-01 8.487951e-01 1.195559e+00
4.365158e-01 5.377713e-01 6.437867e-01 8.388440e-01 1.197138e+00
4.466836e-01 5.310285e-01 6.366140e-01 8.290167e-01 1.198832e+00
4.570882e-01 5.243444e-01 6.295505e-01 8.193113e-01 1.200643e+00
4.677351e-01 5.177181e-01 6.225944e-01 8.097258e-01 1.202574e+00
4.786301e-01 5.111486e-01 6.157440e-01 8.002584e-01 1.204628e+00
4.897788e-01 5.046349e-01 6.089975e-01 7.909073e-01 1.206808e+00
5.011872e-01 4.981760e-01 6.023535e-01 7.816707e-01 1.209118e+00
5.128614e-01 4.917708e-01 5.958102e-01 7.725466e-01 1.211561e+00
5.248075e-01 4.854182e-01 5.893661e-01 7.635334e-01 1.214141e+00
5.370318e-01 4.791171e-01 5.830195e-01 7.546291e-01 1.216862e+00
5.495409e-01 4.728664e-01 5.767690e-01 7.458319e-01 1.219729e+00
5.623413e-01 4.666649e-01 5.706130e-01 7.371399e-01 1.222747e+00
5.754399e-01 4.605114e-01 5.645498e-01 7.285514e-01 1.225919e+00
5.888437e-01 4.544047e-01 5.585779e-01 7.200645e-01 1.229252e+00
6.025596e-01 4.483435e-01 5.526956e-01 7.116772e-01 1.232750e+00
6.165950e-01 4.423267e-01 5.469014e-01 7.033876e-01 1.236420e+00
6.309573e-01 4.363530e-01 5.411936e-01 6.951939e-01 1.240266e+00
6.456542e-01 4.304211e-01 5.355705e-01 6.870940e-01 1.244294e+00
6.606934e-01 4.245299e-01 5.300305e-01 6.790861e-01 1.248512e+00
6.760830e-01 4.186779e-01 5.245717e-01 6.711681e-01 1.252924e+00
6.918310e-01 4.128641e-01 5.191923e-01 6.633381e-01 1.257538e+00
7.079458e-01 4.070873e-01 5.138907e-01 6.555941e-01 1.262360e+00
7.244360e-01 4.013461e-01 5.086648e-01 6.479341e-01 1.267397e+00
7.413102e-01 3.956395e-01 5.035128e-01 6.403560e-01 1.272656e+00
7.585776e-01 3.899664e-01 4.984329e-01 6.328579e-01 1.278143e+00
7.762471e-01 3.843256e-01 4.934229e-01 6.254377e-01 1.283867e+00
7.943282e-01 3.787161e-01 4.884809e-01 6.180934e-01 1.289834e+00
8.128305e-01 3.731370e-01 4.836049e-01 6.108231e-01 1.296052e+00
8.317638e-01 3.675872e-01 4.787927e-01 6.036247e-01 1.302528e+00
8.511380e-01 3.620659e-01 4.740423e-01 5.964963e-01 1.309271e+00
8.709636e-01 3.565724e-01 4.693515e-01 5.894359e-01 1.316287e+00
8.912509e-01 3.511057e-01 4.647181e-01 5.824415e-01 1.323585e+00
9.120108e-01 3.456653e-01 4.601400e-01 5.755113e-01 1.331172e+00
9.332543e-01 3.402505e-01 4.556149e-01 5.686435e-01 1.339057e+00
9.549926e-01 3.348609e-01 4.511407e-01 5.618361e-01 1.347248e+00
9.772372e-01 3.294959e-01 4.467151e-01 5.550873e-01 1.355753e+00
1.000000e+00 3.241553e-01 4.423359e-01 5.483956e-01 1.364580e+00
1.023293e+00 3.188387e-01 4.380008e-01 5.417590e-01 1.373738e+00
1.047129e+00 3.135460e-01 4.337077e-01 5.351761e-01 1.383234e+00
1.071519e+00 3.082771e-01 4.294543e-01 5.286452e-01 1.393079e+00
1.096478e+00 3.030319e-01 4.252384e-01 5.221647e-01 1.403279e+00
1.122018e+00 2.978105e-01 4.210579e-01 5.157333e-01 1.413845e+00
1.148154e+00 2.926132e-01 4.169106e-01 5.093495e-01 1.424784e+00
1.174898e+00 2.874401e-01 4.127945e-01 5.030120e-01 1.436106e+00
1.202264e+00 2.822916e-01 4.087075e-01 4.967196e-01 1.447820e+00
1.230269e+00 2.771681e-01 4.046474e-01 4.904709e-01 1.459935e+00
1.258925e+00 2.720702e-01 4.006125e-01 4.842650e-01 1.472460e+00
1.288250e+00 2.669985e-01 3.966008e-01 4.781008e-01 1.485405e+00
1.318257e+00 2.619535e-01 3.926104e-01 4.719773e-01 1.498779e+00
1.348963e+00 2.569361e-01 3.886395e-01 4.658936e-01 1.512592e+00
1.380384e+00 2.519471e-01 3.846865e-01 4.598489e-01 1.526854e+00
1.412538e+00 2.469873e-01 3.807496e-01 4.538425e-01 1.541576e+00
1.445440e+00 2.420577e-01 3.768274e-01 4.478737e-01 1.556767e+00
1.479108e+00 2.371594e-01 3.729184e-01 4.419420e-01 1.572438e+00
1.513561e+00 2.322932e-01 3.690211e-01 4.360467e-01 1.588600e+00
1.548817e+00 2.274605e-01 3.651343e-01 4.301875e-01 1.605265e+00
1.584893e+00 2.226622e-01 3.612567e-01 4.243641e-01 1.622443e+00
1.621810e+00 2.178997e-01 3.573872e-01 4.185760e-01 1.640145e+00
1.659587e+00 2.131741e-01 3.535248e-01 4.128231e-01 1.658385e+00
1.698244e+00 2.084866e-01 3.496685e-01 4.071053e-01 1.677175e+00
1.737801e+00 2.038385e-01 3.458174e-01 4.014223e-01 1.696526e+00
1.778279e+00 1.992312e-01 3.419709e-01 3.957742e-01 1.716453e+00
1.819701e+00 1.946659e-01 3.381283e-01 3.901610e-01 1.736967e+00
1.862087e+00 1.901439e-01 3.342890e-01 3.845827e-01 1.758084e+00
1.905461e+00 1.856665e-01 3.304525e-01 3.790395e-01 1.779817e+00
1.949845e+00 1.812351e-01 3.266185e-01 3.735315e-01 1.802182e+00
1.995262e+00 1.768508e-01 3.227866e-01 3.680590e-01 1.825192e+00
2.041738e+00 1.725151e-01 3.189568e-01 3.626222e-01 1.848863e+00
2.089296e+00 1.682291e-01 3.151288e-01 3.572215e-01 1.873213e+00
2.137962e+00 1.639940e-01 3.113027e-01 3.518571e-01 1.898256e+00
2.187762e+00 1.598112e-01 3.074785e-01 3.465294e-01 1.924010e+00
2.238721e+00 1.556818e-01 3.036563e-01 3.412389e-01 1.950494e+00
2.290868e+00 1.516069e-01 2.998365e-01 3.359860e-01 1.977723e+00
2.344229e+00 1.475876e-01 2.960192e-01 3.307711e-01 2.005718e+00
2.398833e+00 1.436251e-01 2.922050e-01 3.255947e-01 2.034498e+00
2.454709e+00 1.397203e-01 2.883941e-01 3.204574e-01 2.064081e+00
2.511886e+00 1.358742e-01 2.845872e-01 3.153596e-01 2.094489e+00
2.570396e+00 1.320878e-01 2.807847e-01 3.103019e-01 2.125743e+00
2.630268e+00 1.283619e-01 2.769874e-01 3.052848e-01 2.157863e+00
2.691535e+00 1.246974e-01 2.731960e-01 3.003090e-01 2.190872e+00
2.754229e+00 1.210950e-01 2.694111e-01 2.953749e-01 2.224792e+00
2.818383e+00 1.175554e-01 2.656337e-01 2.904832e-01 2.259648e+00
2.884032e+00 1.140792e-01 2.618644e-01 2.856345e-01 2.295461e+00
2.951209e+00 1.106671e-01 2.581043e-01 2.808292e-01 2.332258e+00
3.019952e+00 1.073196e-01 2.543543e-01 2.760681e-01 2.370063e+00
3.090295e+00 1.040371e-01 2.506152e-01 2.713517e-01 2.408902e+00
3.162278e+00 1.008200e-01 2.468882e-01 2.666805e-01 2.448801e+00
3.235937e+00 9.766869e-02 2.431742e-01 2.620551e-01 2.489787e+00
3.311311e+00 9.458332e-02 2.394744e-01 2.574762e-01 2.531888e+00
3.388442e+00 9.156412e-02 2.357897e-01 2.529442e-01 2.575132e+00
3.467369e+00 8.861120e-02 2.321212e-01 2.484596e-01 2.619547e+00
3.548134e+00 8.572461e-02 2.284701e-01 2.440231e-01 2.665163e+00
3.630781e+00 8.290433e-02 2.248374e-01 2.396351e-01 2.712010e+00
3.715352e+00 8.015026e-02 2.212243e-01 2.352961e-01 2.760120e+00
3.801894e+00 7.746224e-02 2.176319e-01 2.310066e-01 2.809522e+00
3.890451e+00 7.484006e-02 2.140613e-01 2.267670e-01 2.860250e+00
3.981072e+00 7.228340e-02 2.105135e-01 2.225777e-01 2.912336e+00
4.073803e+00 6.979193e-02 2.069898e-01 2.184392e-01 2.965813e+00
4.168694e+00 6.736522e-02 2.034911e-01 2.143518e-01 3.020715e+00
4.265795e+00 6.500278e-02 2.000186e-01 2.103159e-01 3.077077e+00
4.365158e+00 6.270408e-02 1.965732e-01 2.063318e-01 3.134935e+00
4.466836e+00 6.046852e-02 1.931560e-01 2.023998e-01 3.194324e+00
4.570882e+00 5.829543e-02 1.897680e-01 1.985201e-01 3.255280e+00
4.677351e+00 5.618412e-02 1.864101e-01 1.946930e-01 3.317843e+00
4.786301e+00 5.413383e-02 1.830833e-01 1.909187e-01 3.382050e+00
4.897788e+00 5.214374e-02 1.797884e-01 1.871974e-01 3.447939e+00
5.011872e+00 5.021302e-02 1.765264e-01 1.835291e-01 3.515551e+00
5.128614e+00 4.834075e-02 1.732980e-01 1.799140e-01 3.584926e+00
5.248075e+00 4.652602e-02 1.701041e-01 1.763521e-01 3.656106e+00
5.370318e+00 4.476785e-02 1.669452e-01 1.728435e-01 3.729132e+00
5.495409e+00 4.306525e-02 1.638223e-01 1.693882e-01 3.804048e+00
5.623413e+00 4.141717e-02 1.607358e-01 1.659861e-01 3.880897e+00
5.754399e+00 3.982256e-02 1.576864e-01 1.626371e-01 3.959725e+00
5.888437e+00 3.828035e-02 1.546747e-01 1.593413e-01 4.040577e+00
6.025596e+00 3.678942e-02 1.517011e-01 1.560984e-01 4.123499e+00
6.165950e+00 3.534866e-02 1.487662e-01 1.529082e-01 4.208540e+00
6.309573e+00 3.395693e-02 1.458704e-01 1.497706e-01 4.295747e+00
6.456542e+00 3.261308e-02 1.430139e-01 1.466853e-01 4.385170e+00
6.606934e+00 3.131597e-02 1.401972e-01 1.436522e-01 4.476860e+00
6.760830e+00 3.006443e-02 1.374205e-01 1.406708e-01 4.570869e+00
6.918310e+00 2.885729e-02 1.346841e-01 1.377409e-01 4.667248e+00
7.079458e+00 2.769339e-02 1.319882e-01 1.348622e-01 4.766053e+00
7.244360e+00 2.657157e-02 1.293328e-01 1.320342e-01 4.867338e+00
7.413102e+00 2.549066e-02 1.267182e-01 1.292566e-01 4.971160e+00
7.585776e+00 2.444952e-02 1.241443e-01 1.265290e-01 5.077576e+00
7.762471e+00 2.344699e-02 1.216112e-01 1.238509e-01 5.186644e+00
7.943282e+00 2.248194e-02 1.191189e-01 1.212219e-01 5.298425e+00
8.128305e+00 2.155325e-02 1.166673e-01 1.186415e-01 5.412979e+00
8.317638e+00 2.065980e-02 1.142564e-01 1.161092e-01 5.530371e+00
8.511380e+00 1.980050e-02 1.118860e-01 1.136245e-01 5.650664e+00
8.709636e+00 1.897426e-02 1.095559e-01 1.111869e-01 5.773923e+00
8.912509e+00 1.818002e-02 1.072661e-01 1.087958e-01 5.900216e+00
9.120108e+00 1.741674e-02 1.050162e-01 1.064506e-01 6.029611e+00
9.332543e+00 1.668339e-02 1.028060e-01 1.041509e-01 6.162178e+00
9.549926e+00 1.597896e-02 1.006353e-01 1.018960e-01 6.297990e+00
9.772372e+00 1.530247e-02 9.850383e-02 9.968536e-02 6.437118e+00
1.000000e+01 1.465296e-02 9.641118e-02 9.751833e-02 6.579640e+00
