1.000000e-06 9.198621e+01 1.294498e+00 9.199532e+01 1.407274e-02
1.023293e-06 9.198515e+01 1.324632e+00 9.199469e+01 1.440050e-02
1.047129e-06 9.198405e+01 1.355466e+00 9.199403e+01 1.473588e-02
1.071519e-06 9.198289e+01 1.387017e+00 9.199335e+01 1.507908e-02
1.096478e-06 9.198168e+01 1.419302e+00 9.199263e+01 1.543027e-02
1.122018e-06 9.198041e+01 1.452337e+00 9.199187e+01 1.578963e-02
1.148154e-06 9.197908e+01 1.486139e+00 9.199108e+01 1.615736e-02
1.174898e-06 9.197769e+01 1.520727e+00 9.199026e+01 1.653365e-02
1.202264e-06 9.197623e+01 1.556119e+00 9.198939e+01 1.691871e-02
1.230269e-06 9.197470e+01 1.592332e+00 9.198849e+01 1.731272e-02
1.258925e-06 9.197311e+01 1.629387e+00 9.198754e+01 1.771591e-02
1.288250e-06 9.197143e+01 1.667303e+00 9.198654e+01 1.812849e-02
1.318257e-06 9.196968e+01 1.706099e+00 9.198550e+01 1.855067e-02
1.348963e-06 9.196785e+01 1.745796e+00 9.198442e+01 1.898268e-02
1.380384e-06 9.196593e+01 1.786414e+00 9.198327e+01 1.942474e-02
1.412538e-06 9.196391e+01 1.827975e+00 9.198208e+01 1.987709e-02
1.445440e-06 9.196181e+01 1.870501e+00 9.198083e+01 2.033998e-02
1.479108e-06 9.195960e+01 1.914013e+00 9.197952e+01 2.081363e-02
1.513561e-06 9.195730e+01 1.958535e+00 9.197815e+01 2.129831e-02
1.548817e-06 9.195488e+01 2.004090e+00 9.197671e+01 2.179427e-02
1.584893e-06 9.195235e+01 2.050701e+00 9.197521e+01 2.230178e-02
1.621810e-06 9.194970e+01 2.098392e+00 9.197364e+01 2.282109e-02
1.659587e-06 9.194692e+01 2.147189e+00 9.197199e+01 2.335249e-02
1.698244e-06 9.194402e+01 2.197117e+00 9.197027e+01 2.389625e-02
1.737801e-06 9.194098e+01 2.248202e+00 9.196846e+01 2.445267e-02
1.778279e-06 9.193779e+01 2.300470e+00 9.196657e+01 2.502203e-02
1.819701e-06 9.193446e+01 2.353949e+00 9.196459e+01 2.560464e-02
1.862087e-06 9.193096e+01 2.408665e+00 9.196251e+01 2.620081e-02
1.905461e-06 9.192731e+01 2.464648e+00 9.196034e+01 2.681084e-02
1.949845e-06 9.192348e+01 2.521927e+00 9.195807e+01 2.743506e-02
1.995262e-06 9.191947e+01 2.580530e+00 9.195569e+01 2.807381e-02
2.041738e-06 9.191528e+01 2.640488e+00 9.195320e+01 2.872741e-02
2.089296e-06 9.191088e+01 2.701832e+00 9.195059e+01 2.939621e-02
2.137962e-06 9.190628e+01 2.764593e+00 9.194785e+01 3.008057e-02
2.187762e-06 9.190147e+01 2.828804e+00 9.194499e+01 3.078084e-02
2.238721e-06 9.189642e+01 2.894498e+00 9.194200e+01 3.149739e-02
2.290868e-06 9.189114e+01 2.961707e+00 9.193886e+01 3.223060e-02
2.344229e-06 9.188562e+01 3.030467e+00 9.193558e+01 3.298086e-02
2.398833e-06 9.187983e+01 3.100812e+00 9.193214e+01 3.374857e-02
2.454709e-06 9.187377e+01 3.172779e+00 9.192854e+01 3.453411e-02
2.511886e-06 9.186743e+01 3.246403e+00 9.192477e+01 3.533791e-02
2.570396e-06 9.186079e+01 3.321723e+00 9.192083e+01 3.616040e-02
2.630268e-06 9.185384e+01 3.398775e+00 9.191669e+01 3.700199e-02
2.691535e-06 9.184656e+01 3.477599e+00 9.191237e+01 3.786314e-02
2.754229e-06 9.183894e+01 3.558235e+00 9.190784e+01 3.874430e-02
2.818383e-06 9.183096e+01 3.640723e+00 9.190310e+01 3.964592e-02
2.884032e-06 9.182261e+01 3.725104e+00 9.189814e+01 4.056849e-02
2.951209e-06 9.181386e+01 3.811421e+00 9.189294e+01 4.151248e-02
3.019952e-06 9.180471e+01 3.899716e+00 9.188750e+01 4.247839e-02
3.090295e-06 9.179513e+01 3.990033e+00 9.188181e+01 4.346672e-02
3.162278e-06 9.178510e+01 4.082417e+00 9.187584e+01 4.447799e-02
3.235937e-06 9.177460e+01 4.176913e+00 9.186960e+01 4.551274e-02
3.311311e-06 9.176361e+01 4.273568e+00 9.186306e+01 4.657149e-02
3.388442e-06 9.175210e+01 4.372429e+00 9.185622e+01 4.765481e-02
3.467369e-06 9.174005e+01 4.473544e+00 9.184906e+01 4.876326e-02
3.548134e-06 9.172745e+01 4.576962e+00 9.184156e+01 4.989741e-02
3.630781e-06 9.171425e+01 4.682734e+00 9.183371e+01 5.105787e-02
3.715352e-06 9.170043e+01 4.790909e+00 9.182550e+01 5.224522e-02
3.801894e-06 9.168597e+01 4.901540e+00 9.181690e+01 5.346009e-02
3.890451e-06 9.167084e+01 5.014680e+00 9.180789e+01 5.470311e-02
3.981072e-06 9.165499e+01 5.130382e+00 9.179847e+01 5.597493e-02
4.073803e-06 9.163841e+01 5.248700e+00 9.178860e+01 5.727620e-02
4.168694e-06 9.162106e+01 5.369690e+00 9.177828e+01 5.860759e-02
4.265795e-06 9.160289e+01 5.493408e+00 9.176747e+01 5.996981e-02
4.365158e-06 9.158388e+01 5.619912e+00 9.175615e+01 6.136354e-02
4.466836e-06 9.156399e+01 5.749259e+00 9.174431e+01 6.278952e-02
4.570882e-06 9.154317e+01 5.881509e+00 9.173191e+01 6.424847e-02
4.677351e-06 9.152138e+01 6.016720e+00 9.171894e+01 6.574115e-02
4.786301e-06 9.149858e+01 6.154955e+00 9.170536e+01 6.726832e-02
4.897788e-06 9.147471e+01 6.296275e+00 9.169115e+01 6.883076e-02
5.011872e-06 9.144974e+01 6.440741e+00 9.167627e+01 7.042929e-02
5.128614e-06 9.142362e+01 6.588416e+00 9.166071e+01 7.206471e-02
5.248075e-06 9.139628e+01 6.739366e+00 9.164441e+01 7.373786e-02
5.370318e-06 9.136767e+01 6.893654e+00 9.162737e+01 7.544960e-02
5.495409e-06 9.133774e+01 7.051346e+00 9.160952e+01 7.720078e-02
5.623413e-06 9.130643e+01 7.212507e+00 9.159085e+01 7.899232e-02
5.754399e-06 9.127367e+01 7.377204e+00 9.157132e+01 8.082510e-02
5.888437e-06 9.123940e+01 7.545505e+00 9.155088e+01 8.270007e-02
6.025596e-06 9.120355e+01 7.717476e+00 9.152948e+01 8.461816e-02
6.165950e-06 9.116604e+01 7.893187e+00 9.150710e+01 8.658034e-02
6.309573e-06 9.112682e+01 8.072705e+00 9.148369e+01 8.858760e-02
6.456542e-06 9.108578e+01 8.256100e+00 9.145919e+01 9.064093e-02
6.606934e-06 9.104287e+01 8.443441e+00 9.143356e+01 9.274138e-02
6.760830e-06 9.099798e+01 8.634796e+00 9.140674e+01 9.488997e-02
6.918310e-06 9.095105e+01 8.830236e+00 9.137869e+01 9.708779e-02
7.079458e-06 9.090196e+01 9.029829e+00 9.134935e+01 9.933591e-02
7.244360e-06 9.085063e+01 9.233645e+00 9.131866e+01 1.016354e-01
7.413102e-06 9.079697e+01 9.441752e+00 9.128656e+01 1.039875e-01
7.585776e-06 9.074086e+01 9.654220e+00 9.125298e+01 1.063933e-01
7.762471e-06 9.068220e+01 9.871117e+00 9.121787e+01 1.088540e-01
7.943282e-06 9.062087e+01 1.009251e+01 9.118115e+01 1.113707e-01
8.128305e-06 9.055677e+01 1.031846e+01 9.114274e+01 1.139447e-01
8.317638e-06 9.048978e+01 1.054905e+01 9.110259e+01 1.165772e-01
8.511380e-06 9.041976e+01 1.078432e+01 9.106061e+01 1.192695e-01
8.709636e-06 9.034658e+01 1.102435e+01 9.101671e+01 1.220229e-01
8.912509e-06 9.027012e+01 1.126920e+01 9.097082e+01 1.248387e-01
9.120108e-06 9.019023e+01 1.151893e+01 9.092284e+01 1.277181e-01
9.332543e-06 9.010677e+01 1.177359e+01 9.087270e+01 1.306626e-01
9.549926e-06 9.001959e+01 1.203324e+01 9.082029e+01 1.336736e-01
9.772372e-06 8.992852e+01 1.229794e+01 9.076551e+01 1.367524e-01
1.000000e-05 8.983341e+01 1.256773e+01 9.070827e+01 1.399004e-01
1.023293e-05 8.973410e+01 1.284266e+01 9.064846e+01 1.431191e-01
1.047129e-05 8.963040e+01 1.312278e+01 9.058596e+01 1.464099e-01
1.071519e-05 8.952214e+01 1.340812e+01 9.052067e+01 1.497743e-01
1.096478e-05 8.940914e+01 1.369872e+01 9.045247e+01 1.532139e-01
1.122018e-05 8.929120e+01 1.399462e+01 9.038123e+01 1.567301e-01
1.148154e-05 8.916812e+01 1.429584e+01 9.030683e+01 1.603245e-01
1.174898e-05 8.903970e+01 1.460239e+01 9.022915e+01 1.639987e-01
1.202264e-05 8.890574e+01 1.491431e+01 9.014803e+01 1.677542e-01
1.230269e-05 8.876601e+01 1.523159e+01 9.006334e+01 1.715925e-01
1.258925e-05 8.862029e+01 1.555423e+01 8.997495e+01 1.755155e-01
1.288250e-05 8.846836e+01 1.588224e+01 8.988268e+01 1.795246e-01
1.318257e-05 8.830998e+01 1.621561e+01 8.978641e+01 1.836215e-01
1.348963e-05 8.814491e+01 1.655430e+01 8.968595e+01 1.878078e-01
1.380384e-05 8.797290e+01 1.689830e+01 8.958116e+01 1.920853e-01
1.412538e-05 8.779370e+01 1.724757e+01 8.947185e+01 1.964556e-01
1.445440e-05 8.760705e+01 1.760205e+01 8.935786e+01 2.009204e-01
1.479108e-05 8.741269e+01 1.796168e+01 8.923901e+01 2.054814e-01
1.513561e-05 8.721035e+01 1.832641e+01 8.911511e+01 2.101403e-01
1.548817e-05 8.699975e+01 1.869614e+01 8.898597e+01 2.148988e-01
1.584893e-05 8.678062e+01 1.907079e+01 8.885140e+01 2.197586e-01
1.621810e-05 8.655267e+01 1.945024e+01 8.871120e+01 2.247214e-01
1.659587e-05 8.631562e+01 1.983438e+01 8.856517e+01 2.297889e-01
1.698244e-05 8.606918e+01 2.022306e+01 8.841310e+01 2.349629e-01
1.737801e-05 8.581305e+01 2.061614e+01 8.825477e+01 2.402449e-01
1.778279e-05 8.554694e+01 2.101346e+01 8.808998e+01 2.456366e-01
1.819701e-05 8.527055e+01 2.141483e+01 8.791850e+01 2.511398e-01
1.862087e-05 8.498360e+01 2.182004e+01 8.774010e+01 2.567559e-01
1.905461e-05 8.468577e+01 2.222889e+01 8.755457e+01 2.624867e-01
1.949845e-05 8.437678e+01 2.264114e+01 8.736167e+01 2.683338e-01
1.995262e-05 8.405633e+01 2.305653e+01 8.716117e+01 2.742985e-01
2.041738e-05 8.372413e+01 2.347479e+01 8.695283e+01 2.803826e-01
2.089296e-05 8.337989e+01 2.389562e+01 8.673642e+01 2.865873e-01
2.137962e-05 8.302334e+01 2.431871e+01 8.651171e+01 2.929142e-01
2.187762e-05 8.265420e+01 2.474373e+01 8.627844e+01 2.993645e-01
2.238721e-05 8.227220e+01 2.517032e+01 8.603639e+01 3.059395e-01
2.290868e-05 8.187708e+01 2.559810e+01 8.578531e+01 3.126406e-01
2.344229e-05 8.146860e+01 2.602667e+01 8.552497e+01 3.194687e-01
2.398833e-05 8.104653e+01 2.645561e+01 8.525514e+01 3.264250e-01
2.454709e-05 8.061063e+01 2.688449e+01 8.497558e+01 3.335104e-01
2.511886e-05 8.016072e+01 2.731283e+01 8.468607e+01 3.407258e-01
2.570396e-05 7.969659e+01 2.774015e+01 8.438639e+01 3.480720e-01
2.630268e-05 7.921808e+01 2.816595e+01 8.407630e+01 3.555495e-01
2.691535e-05 7.872505e+01 2.858970e+01 8.375562e+01 3.631588e-01
2.754229e-05 7.821735e+01 2.901085e+01 8.342412e+01 3.709004e-01
2.818383e-05 7.769491e+01 2.942885e+01 8.308162e+01 3.787745e-01
2.884032e-05 7.715763e+01 2.984311e+01 8.272793e+01 3.867810e-01
2.951209e-05 7.660547e+01 3.025303e+01 8.236288e+01 3.949199e-01
3.019952e-05 7.603842e+01 3.065800e+01 8.198630e+01 4.031909e-01
3.090295e-05 7.545648e+01 3.105740e+01 8.159805e+01 4.115935e-01
3.162278e-05 7.485970e+01 3.145058e+01 8.119799e+01 4.201269e-01
3.235937e-05 7.424817e+01 3.183689e+01 8.078600e+01 4.287903e-01
3.311311e-05 7.362199e+01 3.221569e+01 8.036198e+01 4.375825e-01
3.388442e-05 7.298132e+01 3.258630e+01 7.992584e+01 4.465020e-01
3.467369e-05 7.232636e+01 3.294807e+01 7.947753e+01 4.555471e-01
3.548134e-05 7.165733e+01 3.330031e+01 7.901698e+01 4.647161e-01
3.630781e-05 7.097450e+01 3.364237e+01 7.854419e+01 4.740065e-01
3.715352e-05 7.027819e+01 3.397359e+01 7.805914e+01 4.834158e-01
3.801894e-05 6.956875e+01 3.429331e+01 7.756186e+01 4.929413e-01
3.890451e-05 6.884658e+01 3.460089e+01 7.705240e+01 5.025796e-01
3.981072e-05 6.811210e+01 3.489569e+01 7.653082e+01 5.123273e-01
4.073803e-05 6.736579e+01 3.517710e+01 7.599723e+01 5.221805e-01
4.168694e-05 6.660818e+01 3.544453e+01 7.545173e+01 5.321349e-01
4.265795e-05 6.583981e+01 3.569741e+01 7.489449e+01 5.421858e-01
4.365158e-05 6.506128e+01 3.593518e+01 7.432568e+01 5.523282e-01
4.466836e-05 6.427322e+01 3.615733e+01 7.374551e+01 5.625567e-01
4.570882e-05 6.347630e+01 3.636338e+01 7.315419e+01 5.728655e-01
4.677351e-05 6.267121e+01 3.655287e+01 7.255200e+01 5.832481e-01
4.786301e-05 6.185869e+01 3.672538e+01 7.193922e+01 5.936980e-01
4.897788e-05 6.103949e+01 3.688055e+01 7.131616e+01 6.042079e-01
5.011872e-05 6.021440e+01 3.701803e+01 7.068316e+01 6.147704e-01
5.128614e-05 5.938422e+01 3.713754e+01 7.004058e+01 6.253772e-01
5.248075e-05 5.854978e+01 3.723884e+01 6.938881e+01 6.360201e-01
5.370318e-05 5.771191e+01 3.732172e+01 6.872827e+01 6.466901e-01
5.495409e-05 5.687148e+01 3.738605e+01 6.805940e+01 6.573778e-01
5.623413e-05 5.602934e+01 3.743172e+01 6.738264e+01 6.680735e-01
5.754399e-05 5.518636e+01 3.745868e+01 6.669848e+01 6.787670e-01
5.888437e-05 5.434342e+01 3.746695e+01 6.600742e+01 6.894478e-01
6.025596e-05 5.350138e+01 3.745657e+01 6.530997e+01 7.001047e-01
6.165950e-05 5.266109e+01 3.742764e+01 6.460665e+01 7.107266e-01
6.309573e-05 5.182343e+01 3.738032e+01 6.389801e+01 7.213017e-01
6.456542e-05 5.098921e+01 3.731482e+01 6.318461e+01 7.318179e-01
6.606934e-05 5.015927e+01 3.723137e+01 6.246701e+01 7.422631e-01
6.760830e-05 4.933440e+01 3.713028e+01 6.174578e+01 7.526246e-01
6.918310e-05 4.851539e+01 3.701188e+01 6.102149e+01 7.628896e-01
7.079458e-05 4.770298e+01 3.687656e+01 6.029474e+01 7.730452e-01
7.244360e-05 4.689791e+01 3.672473e+01 5.956609e+01 7.830782e-01
7.413102e-05 4.610085e+01 3.655684e+01 5.883614e+01 7.929755e-01
7.585776e-05 4.531248e+01 3.637340e+01 5.810546e+01 8.027237e-01
7.762471e-05 4.453340e+01 3.617492e+01 5.737463e+01 8.123097e-01
7.943282e-05 4.376422e+01 3.596194e+01 5.664422e+01 8.217202e-01
8.128305e-05 4.300546e+01 3.573505e+01 5.591479e+01 8.309421e-01
8.317638e-05 4.225765e+01 3.549484e+01 5.518689e+01 8.399626e-01
8.511380e-05 4.152124e+01 3.524193e+01 5.446106e+01 8.487688e-01
8.709636e-05 4.079666e+01 3.497694e+01 5.373782e+01 8.573483e-01
8.912509e-05 4.008428e+01 3.470053e+01 5.301770e+01 8.656892e-01
9.120108e-05 3.938446e+01 3.441334e+01 5.230118e+01 8.737797e-01
9.332543e-05 3.869749e+01 3.411604e+01 5.158875e+01 8.816086e-01
9.549926e-05 3.802362e+01 3.380928e+01 5.088087e+01 8.891652e-01
9.772372e-05 3.736307e+01 3.349372e+01 5.017797e+01 8.964393e-01
1.000000e-04 3.671602e+01 3.317004e+01 4.948048e+01 9.034215e-01
1.023293e-04 3.608261e+01 3.283889e+01 4.878880e+01 9.101028e-01
1.047129e-04 3.546294e+01 3.250091e+01 4.810332e+01 9.164752e-01
1.071519e-04 3.485707e+01 3.215674e+01 4.742438e+01 9.225313e-01
1.096478e-04 3.426504e+01 3.180702e+01 4.675232e+01 9.282645e-01
1.122018e-04 3.368684e+01 3.145235e+01 4.608745e+01 9.336690e-01
1.148154e-04 3.312243e+01 3.109335e+01 4.543007e+01 9.387399e-01
1.174898e-04 3.257176e+01 3.073058e+01 4.478045e+01 9.434731e-01
1.202264e-04 3.203474e+01 3.036462e+01 4.413881e+01 9.478655e-01
1.230269e-04 3.151124e+01 2.999601e+01 4.350539e+01 9.519147e-01
1.258925e-04 3.100114e+01 2.962529e+01 4.288039e+01 9.556194e-01
1.288250e-04 3.050426e+01 2.925294e+01 4.226398e+01 9.589789e-01
1.318257e-04 3.002042e+01 2.887946e+01 4.165632e+01 9.619937e-01
1.348963e-04 2.954943e+01 2.850530e+01 4.105753e+01 9.646650e-01
1.380384e-04 2.909107e+01 2.813091e+01 4.046775e+01 9.669946e-01
1.412538e-04 2.864511e+01 2.775670e+01 3.988705e+01 9.689856e-01
1.445440e-04 2.821131e+01 2.738306e+01 3.931552e+01 9.706413e-01
1.479108e-04 2.778941e+01 2.701036e+01 3.875320e+01 9.719661e-01
1.513561e-04 2.737915e+01 2.663895e+01 3.820015e+01 9.729649e-01
1.548817e-04 2.698025e+01 2.626915e+01 3.765637e+01 9.736434e-01
1.584893e-04 2.659246e+01 2.590126e+01 3.712188e+01 9.740078e-01
1.621810e-04 2.621547e+01 2.553556e+01 3.659666e+01 9.740646e-01
1.659587e-04 2.584901e+01 2.517231e+01 3.608070e+01 9.738211e-01
1.698244e-04 2.549280e+01 2.481175e+01 3.557395e+01 9.732849e-01
1.737801e-04 2.514654e+01 2.445410e+01 3.507637e+01 9.724639e-01
1.778279e-04 2.480995e+01 2.409955e+01 3.458789e+01 9.713663e-01
1.819701e-04 2.448274e+01 2.374828e+01 3.410844e+01 9.700007e-01
1.862087e-04 2.416464e+01 2.340046e+01 3.363794e+01 9.683757e-01
1.905461e-04 2.385537e+01 2.305622e+01 3.317631e+01 9.665002e-01
1.949845e-04 2.355464e+01 2.271570e+01 3.272345e+01 9.643831e-01
1.995262e-04 2.326220e+01 2.237901e+01 3.227925e+01 9.620333e-01
2.041738e-04 2.297777e+01 2.204625e+01 3.184360e+01 9.594599e-01
2.089296e-04 2.270110e+01 2.171750e+01 3.141639e+01 9.566717e-01
2.137962e-04 2.243193e+01 2.139283e+01 3.099750e+01 9.536776e-01
2.187762e-04 2.217003e+01 2.107232e+01 3.058681e+01 9.504864e-01
2.238721e-04 2.191516e+01 2.075599e+01 3.018419e+01 9.471067e-01
2.290868e-04 2.166708e+01 2.044391e+01 2.978953e+01 9.435470e-01
2.344229e-04 2.142558e+01 2.013609e+01 2.940268e+01 9.398156e-01
2.398833e-04 2.119043e+01 1.983256e+01 2.902352e+01 9.359206e-01
2.454709e-04 2.096144e+01 1.953334e+01 2.865193e+01 9.318699e-01
2.511886e-04 2.073841e+01 1.923842e+01 2.828778e+01 9.276713e-01
2.570396e-04 2.052114e+01 1.894783e+01 2.793094e+01 9.233324e-01
2.630268e-04 2.030945e+01 1.866155e+01 2.758128e+01 9.188604e-01
2.691535e-04 2.010317e+01 1.837957e+01 2.723869e+01 9.142626e-01
2.754229e-04 1.990212e+01 1.810189e+01 2.690303e+01 9.095458e-01
2.818383e-04 1.970616e+01 1.782850e+01 2.657420e+01 9.047169e-01
2.884032e-04 1.951512e+01 1.755937e+01 2.625208e+01 8.997825e-01
2.951209e-04 1.932887e+01 1.729449e+01 2.593654e+01 8.947492e-01
3.019952e-04 1.914724e+01 1.703383e+01 2.562749e+01 8.896233e-01
3.090295e-04 1.897012e+01 1.677739e+01 2.532482e+01 8.844112e-01
3.162278e-04 1.879738e+01 1.652513e+01 2.502841e+01 8.791189e-01
3.235937e-04 1.862888e+01 1.627704e+01 2.473817e+01 8.737528e-01
3.311311e-04 1.846451e+01 1.603308e+01 2.445400e+01 8.683187e-01
3.388442e-04 1.830416e+01 1.579325e+01 2.417579e+01 8.628229e-01
3.467369e-04 1.814771e+01 1.555751e+01 2.390347e+01 8.572713e-01
3.548134e-04 1.799506e+01 1.532585e+01 2.363692e+01 8.516700e-01
3.630781e-04 1.784611e+01 1.509825e+01 2.337607e+01 8.460251e-01
3.715352e-04 1.770074e+01 1.487469e+01 2.312083e+01 8.403427e-01
3.801894e-04 1.755887e+01 1.465515e+01 2.287110e+01 8.346290e-01
3.890451e-04 1.742040e+01 1.443960e+01 2.262681e+01 8.288902e-01
3.981072e-04 1.728524e+01 1.422804e+01 2.238787e+01 8.231325e-01
4.073803e-04 1.715329e+01 1.402045e+01 2.215419e+01 8.173624e-01
4.168694e-04 1.702446e+01 1.381681e+01 2.192570e+01 8.115861e-01
4.265795e-04 1.689866e+01 1.361711e+01 2.170231e+01 8.058103e-01
4.365158e-04 1.677580e+01 1.342134e+01 2.148394e+01 8.000415e-01
4.466836e-04 1.665580e+01 1.322947e+01 2.127051e+01 7.942863e-01
4.570882e-04 1.653857e+01 1.304151e+01 2.106193e+01 7.885514e-01
4.677351e-04 1.642401e+01 1.285743e+01 2.085813e+01 7.828435e-01
4.786301e-04 1.631204e+01 1.267722e+01 2.065901e+01 7.771694e-01
4.897788e-04 1.620258e+01 1.250087e+01 2.046449e+01 7.715360e-01
5.011872e-04 1.609553e+01 1.232837e+01 2.027449e+01 7.659500e-01
5.128614e-04 1.599081e+01 1.215971e+01 2.008892e+01 7.604184e-01
5.248075e-04 1.588833e+01 1.199486e+01 1.990768e+01 7.549479e-01
5.370318e-04 1.578800e+01 1.183382e+01 1.973070e+01 7.495454e-01
5.495409e-04 1.568973e+01 1.167658e+01 1.955787e+01 7.442176e-01
5.623413e-04 1.559344e+01 1.152310e+01 1.938910e+01 7.389714e-01
5.754399e-04 1.549903e+01 1.137339e+01 1.922430e+01 7.338132e-01
5.888437e-04 1.540640e+01 1.122741e+01 1.906337e+01 7.287498e-01
6.025596e-04 1.531549e+01 1.108516e+01 1.890621e+01 7.237876e-01
6.165950e-04 1.522618e+01 1.094660e+01 1.875273e+01 7.189329e-01
6.309573e-04 1.513840e+01 1.081172e+01 1.860281e+01 7.141920e-01
6.456542e-04 1.505204e+01 1.068049e+01 1.845635e+01 7.095709e-01
6.606934e-04 1.496703e+01 1.055288e+01 1.831325e+01 7.050755e-01
6.760830e-04 1.488326e+01 1.042887e+01 1.817341e+01 7.007116e-01
6.918310e-04 1.480065e+01 1.030843e+01 1.803671e+01 6.964848e-01
7.079458e-04 1.471911e+01 1.019152e+01 1.790305e+01 6.924004e-01
7.244360e-04 1.463854e+01 1.007810e+01 1.777231e+01 6.884636e-01
7.413102e-04 1.455886e+01 9.968147e+00 1.764438e+01 6.846793e-01
7.585776e-04 1.447997e+01 9.861616e+00 1.751916e+01 6.810522e-01
7.762471e-04 1.440179e+01 9.758464e+00 1.739653e+01 6.775869e-01
7.943282e-04 1.432423e+01 9.658649e+00 1.727637e+01 6.742875e-01
8.128305e-04 1.424720e+01 9.562124e+00 1.715858e+01 6.711581e-01
8.317638e-04 1.417062e+01 9.468840e+00 1.704304e+01 6.682024e-01
8.511380e-04 1.409439e+01 9.378745e+00 1.692964e+01 6.654240e-01
8.709636e-04 1.401844e+01 9.291787e+00 1.681826e+01 6.628260e-01
8.912509e-04 1.394268e+01 9.207908e+00 1.670880e+01 6.604116e-01
9.120108e-04 1.386703e+01 9.127050e+00 1.660113e+01 6.581834e-01
9.332543e-04 1.379141e+01 9.049152e+00 1.649516e+01 6.561439e-01
9.549926e-04 1.371575e+01 8.974150e+00 1.639076e+01 6.542953e-01
9.772372e-04 1.363996e+01 8.901978e+00 1.628784e+01 6.526397e-01
1.000000e-03 1.356397e+01 8.832568e+00 1.618628e+01 6.511787e-01
1.023293e-03 1.348771e+01 8.765849e+00 1.608597e+01 6.499138e-01
1.047129e-03 1.341111e+01 8.701747e+00 1.598682e+01 6.488461e-01
1.071519e-03 1.333410e+01 8.640187e+00 1.588871e+01 6.479767e-01
1.096478e-03 1.325662e+01 8.581093e+00 1.579155e+01 6.473061e-01
1.122018e-03 1.317860e+01 8.524383e+00 1.569525e+01 6.468350e-01
1.148154e-03 1.309999e+01 8.469977e+00 1.559969e+01 6.465635e-01
1.174898e-03 1.302073e+01 8.417791e+00 1.550479e+01 6.464915e-01
1.202264e-03 1.294076e+01 8.367739e+00 1.541046e+01 6.466188e-01
1.230269e-03 1.286004e+01 8.319734e+00 1.531661e+01 6.469448e-01
1.258925e-03 1.277851e+01 8.273689e+00 1.522315e+01 6.474689e-01
1.288250e-03 1.269614e+01 8.229511e+00 1.513000e+01 6.481902e-01
1.318257e-03 1.261288e+01 8.187111e+00 1.503707e+01 6.491073e-01
1.348963e-03 1.252870e+01 8.146395e+00 1.494430e+01 6.502189e-01
1.380384e-03 1.244356e+01 8.107271e+00 1.485160e+01 6.515234e-01
1.412538e-03 1.235744e+01 8.069642e+00 1.475891e+01 6.530190e-01
1.445440e-03 1.227031e+01 8.033415e+00 1.466616e+01 6.547035e-01
1.479108e-03 1.218215e+01 7.998493e+00 1.457329e+01 6.565749e-01
1.513561e-03 1.209294e+01 7.964781e+00 1.448023e+01 6.586306e-01
1.548817e-03 1.200267e+01 7.932183e+00 1.438693e+01 6.608680e-01
1.584893e-03 1.191134e+01 7.900604e+00 1.429334e+01 6.632843e-01
1.621810e-03 1.181893e+01 7.869947e+00 1.419941e+01 6.658764e-01
1.659587e-03 1.172545e+01 7.840118e+00 1.410509e+01 6.686412e-01
1.698244e-03 1.163090e+01 7.811022e+00 1.401035e+01 6.715752e-01
1.737801e-03 1.153528e+01 7.782568e+00 1.391514e+01 6.746750e-01
1.778279e-03 1.143862e+01 7.754662e+00 1.381944e+01 6.779368e-01
1.819701e-03 1.134092e+01 7.727214e+00 1.372320e+01 6.813568e-01
1.862087e-03 1.124221e+01 7.700136e+00 1.362642e+01 6.849308e-01
1.905461e-03 1.114251e+01 7.673340e+00 1.352907e+01 6.886546e-01
1.949845e-03 1.104184e+01 7.646742e+00 1.343112e+01 6.925240e-01
1.995262e-03 1.094025e+01 7.620260e+00 1.333257e+01 6.965345e-01
2.041738e-03 1.083776e+01 7.593813e+00 1.323340e+01 7.006813e-01
2.089296e-03 1.073441e+01 7.567324e+00 1.313362e+01 7.049597e-01
2.137962e-03 1.063024e+01 7.540718e+00 1.303321e+01 7.093648e-01
2.187762e-03 1.052530e+01 7.513925e+00 1.293217e+01 7.138916e-01
2.238721e-03 1.041964e+01 7.486877e+00 1.283052e+01 7.185350e-01
2.290868e-03 1.031331e+01 7.459507e+00 1.272826e+01 7.232897e-01
2.344229e-03 1.020635e+01 7.431757e+00 1.262539e+01 7.281503e-01
2.398833e-03 1.009883e+01 7.403567e+00 1.252195e+01 7.331115e-01
2.454709e-03 9.990799e+00 7.374884e+00 1.241793e+01 7.381677e-01
2.511886e-03 9.882320e+00 7.345659e+00 1.231337e+01 7.433132e-01
2.570396e-03 9.773453e+00 7.315846e+00 1.220828e+01 7.485425e-01
2.630268e-03 9.664261e+00 7.285401e+00 1.210269e+01 7.538498e-01
2.691535e-03 9.554806e+00 7.254289e+00 1.199663e+01 7.592293e-01
2.754229e-03 9.445152e+00 7.222475e+00 1.189012e+01 7.646753e-01
2.818383e-03 9.335365e+00 7.189929e+00 1.178321e+01 7.701818e-01
2.884032e-03 9.225510e+00 7.156626e+00 1.167593e+01 7.757431e-01
2.951209e-03 9.115652e+00 7.122545e+00 1.156831e+01 7.813533e-01
3.019952e-03 9.005857e+00 7.087668e+00 1.146039e+01 7.870065e-01
3.090295e-03 8.896190e+00 7.051982e+00 1.135221e+01 7.926969e-01
3.162278e-03 8.786715e+00 7.015479e+00 1.124381e+01 7.984188e-01
3.235937e-03 8.677496e+00 6.978151e+00 1.113524e+01 8.041665e-01
3.311311e-03 8.568595e+00 6.939999e+00 1.102653e+01 8.099343e-01
3.388442e-03 8.460074e+00 6.901023e+00 1.091774e+01 8.157167e-01
3.467369e-03 8.351993e+00 6.861230e+00 1.080890e+01 8.215082e-01
3.548134e-03 8.244410e+00 6.820629e+00 1.070006e+01 8.273034e-01
3.630781e-03 8.137382e+00 6.779231e+00 1.059127e+01 8.330973e-01
3.715352e-03 8.030963e+00 6.737051e+00 1.048257e+01 8.388847e-01
3.801894e-03 7.925205e+00 6.694109e+00 1.037400e+01 8.446608e-01
3.890451e-03 7.820158e+00 6.650425e+00 1.026562e+01 8.504208e-01
3.981072e-03 7.715870e+00 6.606023e+00 1.015747e+01 8.561605e-01
4.073803e-03 7.612386e+00 6.560927e+00 1.004959e+01 8.618753e-01
4.168694e-03 7.509747e+00 6.515167e+00 9.942017e+00 8.675615e-01
4.265795e-03 7.407995e+00 6.468772e+00 9.834805e+00 8.732150e-01
4.365158e-03 7.307164e+00 6.421774e+00 9.727992e+00 8.788326e-01
4.466836e-03 7.207289e+00 6.374205e+00 9.621617e+00 8.844109e-01
4.570882e-03 7.108402e+00 6.326100e+00 9.515719e+00 8.899469e-01
4.677351e-03 7.010529e+00 6.277494e+00 9.410337e+00 8.954380e-01
4.786301e-03 6.913696e+00 6.228423e+00 9.305506e+00 9.008819e-01
4.897788e-03 6.817925e+00 6.178925e+00 9.201261e+00 9.062765e-01
5.011872e-03 6.723235e+00 6.129035e+00 9.097635e+00 9.116200e-01
5.128614e-03 6.629642e+00 6.078793e+00 8.994658e+00 9.169111e-01
5.248075e-03 6.537160e+00 6.028234e+00 8.892360e+00 9.221487e-01
5.370318e-03 6.445801e+00 5.977396e+00 8.790769e+00 9.273319e-01
5.495409e-03 6.355571e+00 5.926317e+00 8.689908e+00 9.324602e-01
5.623413e-03 6.266476e+00 5.875032e+00 8.589803e+00 9.375336e-01
5.754399e-03 6.178520e+00 5.823576e+00 8.490474e+00 9.425520e-01
5.888437e-03 6.091703e+00 5.771986e+00 8.391941e+00 9.475159e-01
6.025596e-03 6.006024e+00 5.720294e+00 8.294220e+00 9.524260e-01
6.165950e-03 5.921480e+00 5.668533e+00 8.197328e+00 9.572832e-01
6.309573e-03 5.838064e+00 5.616735e+00 8.101278e+00 9.620886e-01
6.456542e-03 5.755770e+00 5.564930e+00 8.006081e+00 9.668438e-01
6.606934e-03 5.674588e+00 5.513147e+00 7.911747e+00 9.715501e-01
6.760830e-03 5.594508e+00 5.461412e+00 7.818283e+00 9.762095e-01
6.918310e-03 5.515519e+00 5.409753e+00 7.725696e+00 9.808239e-01
7.079458e-03 5.437607e+00 5.358193e+00 7.633990e+00 9.853954e-01
7.244360e-03 5.360758e+00 5.306754e+00 7.543167e+00 9.899261e-01
7.413102e-03 5.284957e+00 5.255458e+00 7.453229e+00 9.944183e-01
7.585776e-03 5.210189e+00 5.204325e+00 7.364174e+00 9.988745e-01
7.762471e-03 5.136436e+00 5.153371e+00 7.276002e+00 1.003297e+00
7.943282e-03 5.063683e+00 5.102613e+00 7.188709e+00 1.007688e+00
8.128305e-03 4.991911e+00 5.052065e+00 7.102291e+00 1.012050e+00
8.317638e-03 4.921104e+00 5.001741e+00 7.016742e+00 1.016386e+00
8.511380e-03 4.851243e+00 4.951651e+00 6.932057e+00 1.020697e+00
8.709636e-03 4.782312e+00 4.901807e+00 6.848227e+00 1.024987e+00
8.912509e-03 4.714293e+00 4.852215e+00 6.765246e+00 1.029256e+00
9.120108e-03 4.647168e+00 4.802884e+00 6.683103e+00 1.033508e+00
9.332543e-03 4.580922e+00 4.753819e+00 6.601791e+00 1.037743e+00
9.549926e-03 4.515537e+00 4.705026e+00 6.521299e+00 1.041964e+00
9.772372e-03 4.450997e+00 4.656507e+00 6.441617e+00 1.046172e+00
1.000000e-02 4.387287e+00 4.608265e+00 6.362735e+00 1.050368e+00
1.023293e-02 4.324392e+00 4.560301e+00 6.284641e+00 1.054553e+00
1.047129e-02 4.262299e+00 4.512617e+00 6.207327e+00 1.058728e+00
1.071519e-02 4.200993e+00 4.465212e+00 6.130780e+00 1.062894e+00
1.096478e-02 4.140462e+00 4.418086e+00 6.054990e+00 1.067051e+00
1.122018e-02 4.080694e+00 4.371236e+00 5.979947e+00 1.071199e+00
1.148154e-02 4.021677e+00 4.324662e+00 5.905641e+00 1.075338e+00
1.174898e-02 3.963402e+00 4.278360e+00 5.832060e+00 1.079467e+00
1.202264e-02 3.905859e+00 4.232329e+00 5.759196e+00 1.083585e+00
1.230269e-02 3.849038e+00 4.186564e+00 5.687039e+00 1.087691e+00
1.258925e-02 3.792932e+00 4.141064e+00 5.615580e+00 1.091784e+00
1.288250e-02 3.737534e+00 4.095823e+00 5.544811e+00 1.095863e+00
1.318257e-02 3.682836e+00 4.050841e+00 5.474723e+00 1.099924e+00
1.348963e-02 3.628834e+00 4.006112e+00 5.405309e+00 1.103967e+00
1.380384e-02 3.575521e+00 3.961635e+00 5.336562e+00 1.107988e+00
1.412538e-02 3.522893e+00 3.917405e+00 5.268476e+00 1.111985e+00
1.445440e-02 3.470947e+00 3.873420e+00 5.201044e+00 1.115955e+00
1.479108e-02 3.419679e+00 3.829678e+00 5.134261e+00 1.119894e+00
1.513561e-02 3.369085e+00 3.786177e+00 5.068123e+00 1.123800e+00
1.548817e-02 3.319164e+00 3.742914e+00 5.002625e+00 1.127668e+00
1.584893e-02 3.269914e+00 3.699888e+00 4.937763e+00 1.131494e+00
1.621810e-02 3.221331e+00 3.657098e+00 4.873535e+00 1.135275e+00
1.659587e-02 3.173416e+00 3.614544e+00 4.809937e+00 1.139007e+00
1.698244e-02 3.126167e+00 3.572224e+00 4.746968e+00 1.142685e+00
1.737801e-02 3.079582e+00 3.530140e+00 4.684625e+00 1.146305e+00
1.778279e-02 3.033662e+00 3.488291e+00 4.622908e+00 1.149862e+00
1.819701e-02 2.988404e+00 3.446680e+00 4.561816e+00 1.153351e+00
1.862087e-02 2.943809e+00 3.405307e+00 4.501347e+00 1.156769e+00
1.905461e-02 2.899874e+00 3.364175e+00 4.441503e+00 1.160111e+00
1.949845e-02 2.856601e+00 3.323286e+00 4.382282e+00 1.163371e+00
1.995262e-02 2.813986e+00 3.282643e+00 4.323686e+00 1.166546e+00
2.041738e-02 2.772029e+00 3.242249e+00 4.265715e+00 1.169630e+00
2.089296e-02 2.730729e+00 3.202108e+00 4.208370e+00 1.172620e+00
2.137962e-02 2.690085e+00 3.162223e+00 4.151651e+00 1.175511e+00
2.187762e-02 2.650093e+00 3.122599e+00 4.095561e+00 1.178298e+00
2.238721e-02 2.610752e+00 3.083241e+00 4.040099e+00 1.180978e+00
2.290868e-02 2.572059e+00 3.044153e+00 3.985267e+00 1.183547e+00
2.344229e-02 2.534012e+00 3.005339e+00 3.931066e+00 1.186000e+00
2.398833e-02 2.496608e+00 2.966806e+00 3.877498e+00 1.188335e+00
2.454709e-02 2.459842e+00 2.928559e+00 3.824563e+00 1.190548e+00
2.511886e-02 2.423711e+00 2.890602e+00 3.772261e+00 1.192635e+00
2.570396e-02 2.388211e+00 2.852942e+00 3.720595e+00 1.194594e+00
2.630268e-02 2.353337e+00 2.815583e+00 3.669564e+00 1.196422e+00
2.691535e-02 2.319084e+00 2.778531e+00 3.619169e+00 1.198116e+00
2.754229e-02 2.285447e+00 2.741792e+00 3.569410e+00 1.199675e+00
2.818383e-02 2.252419e+00 2.705371e+00 3.520288e+00 1.201096e+00
2.884032e-02 2.219996e+00 2.669273e+00 3.471801e+00 1.202377e+00
2.951209e-02 2.188171e+00 2.633504e+00 3.423950e+00 1.203518e+00
3.019952e-02 2.156936e+00 2.598068e+00 3.376733e+00 1.204518e+00
3.090295e-02 2.126285e+00 2.562970e+00 3.330151e+00 1.205375e+00
3.162278e-02 2.096211e+00 2.528216e+00 3.284201e+00 1.206088e+00
3.235937e-02 2.066706e+00 2.493808e+00 3.238882e+00 1.206658e+00
3.311311e-02 2.037762e+00 2.459753e+00 3.194192e+00 1.207085e+00
3.388442e-02 2.009372e+00 2.426053e+00 3.150129e+00 1.207369e+00
3.467369e-02 1.981527e+00 2.392713e+00 3.106690e+00 1.207510e+00
3.548134e-02 1.954218e+00 2.359737e+00 3.063874e+00 1.207509e+00
3.630781e-02 1.927437e+00 2.327126e+00 3.021677e+00 1.207368e+00
3.715352e-02 1.901176e+00 2.294885e+00 2.980096e+00 1.207087e+00
3.801894e-02 1.875425e+00 2.263017e+00 2.939127e+00 1.206669e+00
3.890451e-02 1.850176e+00 2.231523e+00 2.898767e+00 1.206114e+00
3.981072e-02 1.825420e+00 2.200406e+00 2.859011e+00 1.205425e+00
4.073803e-02 1.801147e+00 2.169668e+00 2.819856e+00 1.204604e+00
4.168694e-02 1.777348e+00 2.139311e+00 2.781298e+00 1.203654e+00
4.265795e-02 1.754014e+00 2.109336e+00 2.743331e+00 1.202576e+00
4.365158e-02 1.731136e+00 2.079744e+00 2.705950e+00 1.201375e+00
4.466836e-02 1.708705e+00 2.050536e+00 2.669152e+00 1.200053e+00
4.570882e-02 1.686711e+00 2.021713e+00 2.632930e+00 1.198612e+00
4.677351e-02 1.665146e+00 1.993276e+00 2.597279e+00 1.197058e+00
4.786301e-02 1.643999e+00 1.965223e+00 2.562194e+00 1.195392e+00
4.897788e-02 1.623263e+00 1.937557e+00 2.527669e+00 1.193618e+00
5.011872e-02 1.602927e+00 1.910275e+00 2.493698e+00 1.191742e+00
5.128614e-02 1.582984e+00 1.883378e+00 2.460275e+00 1.189765e+00
5.248075e-02 1.563423e+00 1.856866e+00 2.427394e+00 1.187693e+00
5.370318e-02 1.544236e+00 1.830736e+00 2.395049e+00 1.185529e+00
5.495409e-02 1.525414e+00 1.804989e+00 2.363234e+00 1.183278e+00
5.623413e-02 1.506949e+00 1.779623e+00 2.331942e+00 1.180944e+00
5.754399e-02 1.488832e+00 1.754636e+00 2.301167e+00 1.178532e+00
5.888437e-02 1.471054e+00 1.730028e+00 2.270902e+00 1.176047e+00
6.025596e-02 1.453606e+00 1.705796e+00 2.241140e+00 1.173492e+00
6.165950e-02 1.436482e+00 1.681938e+00 2.211876e+00 1.170873e+00
6.309573e-02 1.419671e+00 1.658453e+00 2.183101e+00 1.168195e+00
6.456542e-02 1.403167e+00 1.635338e+00 2.154810e+00 1.165462e+00
6.606934e-02 1.386960e+00 1.612591e+00 2.126995e+00 1.162680e+00
6.760830e-02 1.371044e+00 1.590210e+00 2.099650e+00 1.159854e+00
6.918310e-02 1.355409e+00 1.568192e+00 2.072767e+00 1.156988e+00
7.079458e-02 1.340049e+00 1.546535e+00 2.046339e+00 1.154088e+00
7.244360e-02 1.324956e+00 1.525236e+00 2.020360e+00 1.151160e+00
7.413102e-02 1.310122e+00 1.504292e+00 1.994821e+00 1.148207e+00
7.585776e-02 1.295539e+00 1.483699e+00 1.969717e+00 1.145237e+00
7.762471e-02 1.281201e+00 1.463456e+00 1.945040e+00 1.142253e+00
7.943282e-02 1.267100e+00 1.443558e+00 1.920782e+00 1.139262e+00
8.128305e-02 1.253228e+00 1.424003e+00 1.896936e+00 1.136268e+00
8.317638e-02 1.239579e+00 1.404788e+00 1.873495e+00 1.133278e+00
8.511380e-02 1.226146e+00 1.385908e+00 1.850453e+00 1.130295e+00
8.709636e-02 1.212922e+00 1.367360e+00 1.827800e+00 1.127326e+00
8.912509e-02 1.199901e+00 1.349140e+00 1.805530e+00 1.124377e+00
9.120108e-02 1.187074e+00 1.331245e+00 1.783637e+00 1.121451e+00
9.332543e-02 1.174437e+00 1.313672e+00 1.762111e+00 1.118554e+00
9.549926e-02 1.161982e+00 1.296415e+00 1.740946e+00 1.115693e+00
9.772372e-02 1.149703e+00 1.279471e+00 1.720135e+00 1.112870e+00
1.000000e-01 1.137595e+00 1.262836e+00 1.699670e+00 1.110093e+00
1.023293e-01 1.125650e+00 1.246506e+00 1.679543e+00 1.107365e+00
1.047129e-01 1.113864e+00 1.230476e+00 1.659748e+00 1.104691e+00
1.071519e-01 1.102229e+00 1.214742e+00 1.640277e+00 1.102077e+00
1.096478e-01 1.090741e+00 1.199300e+00 1.621122e+00 1.099527e+00
1.122018e-01 1.079394e+00 1.184144e+00 1.602277e+00 1.097045e+00
1.148154e-01 1.068183e+00 1.169272e+00 1.583733e+00 1.094636e+00
1.174898e-01 1.057101e+00 1.154677e+00 1.565485e+00 1.092305e+00
1.202264e-01 1.046145e+00 1.140355e+00 1.547523e+00 1.090055e+00
1.230269e-01 1.035308e+00 1.126302e+00 1.529843e+00 1.087890e+00
1.258925e-01 1.024587e+00 1.112512e+00 1.512435e+00 1.085815e+00
1.288250e-01 1.013976e+00 1.098980e+00 1.495294e+00 1.083833e+00
1.318257e-01 1.003471e+00 1.085703e+00 1.478412e+00 1.081947e+00
1.348963e-01 9.930670e-01 1.072673e+00 1.461783e+00 1.080162e+00
1.380384e-01 9.827604e-01 1.059888e+00 1.445399e+00 1.078480e+00
1.412538e-01 9.725470e-01 1.047340e+00 1.429255e+00 1.076905e+00
1.445440e-01 9.624227e-01 1.035026e+00 1.413342e+00 1.075438e+00
1.479108e-01 9.523839e-01 1.022941e+00 1.397656e+00 1.074084e+00
1.513561e-01 9.424270e-01 1.011078e+00 1.382189e+00 1.072845e+00
1.548817e-01 9.325485e-01 9.994330e-01 1.366936e+00 1.071722e+00
1.584893e-01 9.227453e-01 9.880008e-01 1.351889e+00 1.070719e+00
1.621810e-01 9.130142e-01 9.767762e-01 1.337044e+00 1.069837e+00
1.659587e-01 9.033523e-01 9.657539e-01 1.322394e+00 1.069078e+00
1.698244e-01 8.937570e-01 9.549288e-01 1.307934e+00 1.068443e+00
1.737801e-01 8.842256e-01 9.442957e-01 1.293657e+00 1.067935e+00
1.778279e-01 8.747557e-01 9.338497e-01 1.279560e+00 1.067555e+00
1.819701e-01 8.653451e-01 9.235855e-01 1.265635e+00 1.067303e+00
1.862087e-01 8.559917e-01 9.134982e-01 1.251879e+00 1.067181e+00
1.905461e-01 8.466937e-01 9.035828e-01 1.238286e+00 1.067190e+00
1.949845e-01 8.374492e-01 8.938344e-01 1.224851e+00 1.067330e+00
1.995262e-01 8.282567e-01 8.842480e-01 1.211571e+00 1.067601e+00
2.041738e-01 8.191147e-01 8.748189e-01 1.198439e+00 1.068005e+00
2.089296e-01 8.100219e-01 8.655423e-01 1.185453e+00 1.068542e+00
2.137962e-01 8.009771e-01 8.564136e-01 1.172608e+00 1.069211e+00
2.187762e-01 7.919794e-01 8.474282e-01 1.159899e+00 1.070013e+00
2.238721e-01 7.830278e-01 8.385815e-01 1.147324e+00 1.070947e+00
2.290868e-01 7.741216e-01 8.298691e-01 1.134878e+00 1.072014e+00
2.344229e-01 7.652602e-01 8.212867e-01 1.122557e+00 1.073212e+00
2.398833e-01 7.564431e-01 8.128301e-01 1.110360e+00 1.074542e+00
2.454709e-01 7.476698e-01 8.044951e-01 1.098282e+00 1.076003e+00
2.511886e-01 7.389401e-01 7.962777e-01 1.086320e+00 1.077594e+00
2.570396e-01 7.302538e-01 7.881740e-01 1.074471e+00 1.079315e+00
2.630268e-01 7.216109e-01 7.801800e-01 1.062734e+00 1.081164e+00
2.691535e-01 7.130114e-01 7.722922e-01 1.051104e+00 1.083141e+00
2.754229e-01 7.044554e-01 7.645068e-01 1.039581e+00 1.085245e+00
2.818383e-01 6.959431e-01 7.568204e-01 1.028160e+00 1.087475e+00
2.884032e-01 6.874748e-01 7.492296e-01 1.016841e+00 1.089828e+00
2.951209e-01 6.790508e-01 7.417311e-01 1.005622e+00 1.092306e+00
3.019952e-01 6.706717e-01 7.343217e-01 9.944993e-01 1.094905e+00
3.090295e-01 6.623378e-01 7.269985e-01 9.834725e-01 1.097625e+00
3.162278e-01 6.540498e-01 7.197585e-01 9.725397e-01 1.100465e+00
3.235937e-01 6.458082e-01 7.125990e-01 9.616993e-01 1.103422e+00
3.311311e-01 6.376138e-01 7.055172e-01 9.509499e-01 1.106496e+00
3.388442e-01 6.294672e-01 6.985105e-01 9.402903e-01 1.109685e+00
3.467369e-01 6.213691e-01 6.915767e-01 9.297193e-01 1.112988e+00
3.548134e-01 6.133205e-01 6.847133e-01 9.192357e-01 1.116404e+00
3.630781e-01 6.053220e-01 6.779181e-01 9.088386e-01 1.119930e+00
3.715352e-01 5.973744e-01 6.711891e-01 8.985271e-01 1.123565e+00
3.801894e-01 5.894788e-01 6.645243e-01 8.883005e-01 1.127308e+00
3.890451e-01 5.816358e-01 6.579219e-01 8.781580e-01 1.131158e+00
3.981072e-01 5.738464e-01 6.513802e-01 8.680990e-01 1.135113e+00
4.073803e-01 5.661114e-01 6.448976e-01 8.581230e-01 1.139171e+00
4.168694e-01 5.584317e-01 6.384725e-01 8.482294e-01 1.143331e+00
4.265795e-01 5.508081e-01 6.321036e-01 8.384179e-01 1.147593e+00
4.365158e-01 5.432415e-01 6.257897e-01 8.286881e-01 1.151955e+00
4.466836e-01 5.357326e-01 6.195295e-01 8.190398e-01 1.156416e+00
4.570882e-01 5.282823e-01 6.133220e-01 8.094727e-01 1.160974e+00
4.677351e-01 5.208913e-01 6.071661e-01 7.999865e-01 1.165629e+00
4.786301e-01 5.135603e-01 6.010612e-01 7.905812e-01 1.170381e+00
4.897788e-01 5.062899e-01 5.950062e-01 7.812566e-01 1.175228e+00
5.011872e-01 4.990810e-01 5.890006e-01 7.720127e-01 1.180170e+00
5.128614e-01 4.919339e-01 5.830438e-01 7.628493e-01 1.185207e+00
5.248075e-01 4.848493e-01 5.771351e-01 7.537664e-01 1.190339e+00
5.370318e-01 4.778277e-01 5.712741e-01 7.447640e-01 1.195565e+00
5.495409e-01 4.708694e-01 5.654604e-01 7.358420e-01 1.200886e+00
5.623413e-01 4.639749e-01 5.596936e-01 7.270005e-01 1.206302e+00
5.754399e-01 4.571445e-01 5.539735e-01 7.182393e-01 1.211813e+00
5.888437e-01 4.503783e-01 5.482998e-01 7.095585e-01 1.217420e+00
6.025596e-01 4.436767e-01 5.426722e-01 7.009580e-01 1.223125e+00
6.165950e-01 4.370397e-01 5.370907e-01 6.924378e-01 1.228929e+00
6.309573e-01 4.304675e-01 5.315550e-01 6.839978e-01 1.234832e+00
6.456542e-01 4.239599e-01 5.260652e-01 6.756379e-01 1.240837e+00
6.606934e-01 4.175170e-01 5.206210e-01 6.673580e-01 1.246945e+00
6.760830e-01 4.111387e-01 5.152224e-01 6.591579e-01 1.253159e+00
6.918310e-01 4.048248e-01 5.098694e-01 6.510375e-01 1.259482e+00
7.079458e-01 3.985749e-01 5.045618e-01 6.429966e-01 1.265915e+00
7.244360e-01 3.923890e-01 4.992998e-01 6.350350e-01 1.272461e+00
7.413102e-01 3.862666e-01 4.940831e-01 6.271523e-01 1.279125e+00
7.585776e-01 3.802072e-01 4.889119e-01 6.193483e-01 1.285909e+00
7.762471e-01 3.742106e-01 4.837859e-01 6.116227e-01 1.292817e+00
7.943282e-01 3.682762e-01 4.787051e-01 6.039751e-01 1.299854e+00
8.128305e-01 3.624034e-01 4.736694e-01 5.964050e-01 1.307023e+00
8.317638e-01 3.565917e-01 4.686788e-01 5.889121e-01 1.314329e+00
8.511380e-01 3.508405e-01 4.637331e-01 5.814959e-01 1.321778e+00
8.709636e-01 3.451491e-01 4.588321e-01 5.741557e-01 1.329373e+00
8.912509e-01 3.395169e-01 4.539756e-01 5.668912e-01 1.337122e+00
9.120108e-01 3.339431e-01 4.491635e-01 5.597016e-01 1.345030e+00
9.332543e-01 3.284271e-01 4.443955e-01 5.525864e-01 1.353103e+00
9.549926e-01 3.229680e-01 4.396713e-01 5.455448e-01 1.361346e+00
9.772372e-01 3.175651e-01 4.349906e-01 5.385763e-01 1.369769e+00
1.000000e+00 3.122176e-01 4.303531e-01 5.316800e-01 1.378376e+00
1.023293e+00 3.069246e-01 4.257584e-01 5.248552e-01 1.387176e+00
1.047129e+00 3.016855e-01 4.212061e-01 5.181011e-01 1.396176e+00
1.071519e+00 2.964994e-01 4.166958e-01 5.114169e-01 1.405385e+00
1.096478e+00 2.913654e-01 4.122269e-01 5.048017e-01 1.414811e+00
1.122018e+00 2.862828e-01 4.077989e-01 4.982547e-01 1.424462e+00
1.148154e+00 2.812507e-01 4.034112e-01 4.917749e-01 1.434348e+00
1.174898e+00 2.762683e-01 3.990634e-01 4.853615e-01 1.444477e+00
1.202264e+00 2.713349e-01 3.947546e-01 4.790134e-01 1.454861e+00
1.230269e+00 2.664497e-01 3.904843e-01 4.727298e-01 1.465509e+00
1.258925e+00 2.616119e-01 3.862517e-01 4.665096e-01 1.476430e+00
1.288250e+00 2.568208e-01 3.820561e-01 4.603518e-01 1.487637e+00
1.318257e+00 2.520756e-01 3.778967e-01 4.542555e-01 1.499140e+00
1.348963e+00 2.473757e-01 3.737727e-01 4.482196e-01 1.510951e+00
1.380384e+00 2.427205e-01 3.696833e-01 4.422431e-01 1.523082e+00
1.412538e+00 2.381093e-01 3.656275e-01 4.363250e-01 1.535544e+00
1.445440e+00 2.335416e-01 3.616044e-01 4.304642e-01 1.548351e+00
1.479108e+00 2.290168e-01 3.576132e-01 4.246597e-01 1.561515e+00
1.513561e+00 2.245344e-01 3.536529e-01 4.189106e-01 1.575050e+00
1.548817e+00 2.200940e-01 3.497225e-01 4.132157e-01 1.588969e+00
1.584893e+00 2.156951e-01 3.458211e-01 4.075740e-01 1.603287e+00
1.621810e+00 2.113375e-01 3.419476e-01 4.019847e-01 1.618016e+00
1.659587e+00 2.070208e-01 3.381010e-01 3.964466e-01 1.633174e+00
1.698244e+00 2.027448e-01 3.342803e-01 3.909588e-01 1.648774e+00
1.737801e+00 1.985093e-01 3.304845e-01 3.855204e-01 1.664831e+00
1.778279e+00 1.943142e-01 3.267126e-01 3.801304e-01 1.681363e+00
1.819701e+00 1.901593e-01 3.229636e-01 3.747880e-01 1.698384e+00
1.862087e+00 1.860447e-01 3.192365e-01 3.694923e-01 1.715912e+00
1.905461e+00 1.819705e-01 3.155302e-01 3.642425e-01 1.733964e+00
1.949845e+00 1.779367e-01 3.118439e-01 3.590377e-01 1.752556e+00
1.995262e+00 1.739435e-01 3.081766e-01 3.538773e-01 1.771706e+00
2.041738e+00 1.699910e-01 3.045273e-01 3.487605e-01 1.791432e+00
2.089296e+00 1.660797e-01 3.008953e-01 3.436865e-01 1.811753e+00
2.137962e+00 1.622097e-01 2.972796e-01 3.386549e-01 1.832687e+00
2.187762e+00 1.583815e-01 2.936794e-01 3.336650e-01 1.854253e+00
2.238721e+00 1.545956e-01 2.900941e-01 3.287162e-01 1.876471e+00
2.290868e+00 1.508523e-01 2.865228e-01 3.238082e-01 1.899360e+00
2.344229e+00 1.471521e-01 2.829650e-01 3.189403e-01 1.922941e+00
2.398833e+00 1.434958e-01 2.794200e-01 3.141123e-01 1.947235e+00
2.454709e+00 1.398838e-01 2.758873e-01 3.093239e-01 1.972261e+00
2.511886e+00 1.363167e-01 2.723664e-01 3.045746e-01 1.998041e+00
2.570396e+00 1.327953e-01 2.688570e-01 2.998644e-01 2.024597e+00
2.630268e+00 1.293202e-01 2.653586e-01 2.951930e-01 2.051951e+00
2.691535e+00 1.258920e-01 2.618711e-01 2.905603e-01 2.080125e+00
2.754229e+00 1.225115e-01 2.583942e-01 2.859661e-01 2.109142e+00
2.818383e+00 1.191794e-01 2.549278e-01 2.814106e-01 2.139025e+00
2.884032e+00 1.158964e-01 2.514718e-01 2.768936e-01 2.169798e+00
2.951209e+00 1.126632e-01 2.480263e-01 2.724153e-01 2.201484e+00
3.019952e+00 1.094806e-01 2.445914e-01 2.679757e-01 2.234108e+00
3.090295e+00 1.063491e-01 2.411672e-01 2.635750e-01 2.267695e+00
3.162278e+00 1.032694e-01 2.377540e-01 2.592133e-01 2.302269e+00
3.235937e+00 1.002423e-01 2.343521e-01 2.548910e-01 2.337856e+00
3.311311e+00 9.726823e-02 2.309618e-01 2.506081e-01 2.374483e+00
3.388442e+00 9.434785e-02 2.275836e-01 2.463652e-01 2.412175e+00
3.467369e+00 9.148167e-02 2.242179e-01 2.421623e-01 2.450960e+00
3.548134e+00 8.867018e-02 2.208654e-01 2.379999e-01 2.490865e+00
3.630781e+00 8.591382e-02 2.175267e-01 2.338783e-01 2.531917e+00
3.715352e+00 8.321299e-02 2.142024e-01 2.297979e-01 2.574146e+00
3.801894e+00 8.056803e-02 2.108931e-01 2.257590e-01 2.617579e+00
3.890451e+00 7.797920e-02 2.075998e-01 2.217621e-01 2.662246e+00
3.981072e+00 7.544673e-02 2.043230e-01 2.178075e-01 2.708176e+00
4.073803e+00 7.297079e-02 2.010638e-01 2.138957e-01 2.755401e+00
4.168694e+00 7.055146e-02 1.978228e-01 2.100270e-01 2.803950e+00
4.265795e+00 6.818878e-02 1.946009e-01 2.062019e-01 2.853856e+00
4.365158e+00 6.588272e-02 1.913992e-01 2.024208e-01 2.905149e+00
4.466836e+00 6.363318e-02 1.882183e-01 1.986839e-01 2.957864e+00
4.570882e+00 6.143999e-02 1.850592e-01 1.949918e-01 3.012032e+00
4.677351e+00 5.930293e-02 1.819229e-01 1.913446e-01 3.067688e+00
4.786301e+00 5.722171e-02 1.788102e-01 1.877429e-01 3.124866e+00
4.897788e+00 5.519599e-02 1.757220e-01 1.841869e-01 3.183600e+00
5.011872e+00 5.322533e-02 1.726591e-01 1.806768e-01 3.243928e+00
5.128614e+00 5.130929e-02 1.696226e-01 1.772130e-01 3.305884e+00
5.248075e+00 4.944733e-02 1.666131e-01 1.737957e-01 3.369507e+00
5.370318e+00 4.763886e-02 1.636315e-01 1.704252e-01 3.434833e+00
5.495409e+00 4.588326e-02 1.606787e-01 1.671015e-01 3.501903e+00
5.623413e+00 4.417985e-02 1.577554e-01 1.638250e-01 3.570754e+00
5.754399e+00 4.252790e-02 1.548623e-01 1.605956e-01 3.641428e+00
5.888437e+00 4.092664e-02 1.520001e-01 1.574135e-01 3.713964e+00
6.025596e+00 3.937527e-02 1.491695e-01 1.542788e-01 3.788406e+00
6.165950e+00 3.787293e-02 1.463711e-01 1.511915e-01 3.864796e+00
6.309573e+00 3.641876e-02 1.436056e-01 1.481516e-01 3.943176e+00
6.456542e+00 3.501185e-02 1.408734e-01 1.451591e-01 4.023593e+00
6.606934e+00 3.365126e-02 1.381752e-01 1.422139e-01 4.106092e+00
6.760830e+00 3.233604e-02 1.355112e-01 1.393159e-01 4.190718e+00
6.918310e+00 3.106522e-02 1.328821e-01 1.364650e-01 4.277519e+00
7.079458e+00 2.983779e-02 1.302881e-01 1.336610e-01 4.366545e+00
7.244360e+00 2.865277e-02 1.277296e-01 1.309039e-01 4.457844e+00
7.413102e+00 2.750912e-02 1.252068e-01 1.281932e-01 4.551467e+00
7.585776e+00 2.640583e-02 1.227202e-01 1.255289e-01 4.647466e+00
7.762471e+00 2.534186e-02 1.202698e-01 1.229107e-01 4.745895e+00
7.943282e+00 2.431619e-02 1.178558e-01 1.203382e-01 4.846806e+00
8.128305e+00 2.332777e-02 1.154784e-01 1.178111e-01 4.950256e+00
8.317638e+00 2.237559e-02 1.131377e-01 1.153291e-01 5.056300e+00
8.511380e+00 2.145861e-02 1.108337e-01 1.128919e-01 5.164998e+00
8.709636e+00 2.057582e-02 1.085664e-01 1.104990e-01 5.276408e+00
8.912509e+00 1.972620e-02 1.063359e-01 1.081501e-01 5.390591e+00
9.120108e+00 1.890876e-02 1.041420e-01 1.058447e-01 5.507609e+00
9.332543e+00 1.812249e-02 1.019848e-01 1.035824e-01 5.627525e+00
9.549926e+00 1.736642e-02 9.986396e-02 1.013627e-01 5.750404e+00
9.772372e+00 1.663960e-02 9.777950e-02 9.918521e-02 5.876313e+00
1.000000e+01 1.594107e-02 9.573120e-02 9.704937e-02 6.005319e+00
