1.000000e-06 5.058649e+01 4.831171e-01 5.058880e+01 9.550319e-03
1.023293e-06 5.058612e+01 4.943638e-01 5.058853e+01 9.772716e-03
1.047129e-06 5.058573e+01 5.058720e-01 5.058826e+01 1.000029e-02
1.071519e-06 5.058533e+01 5.176477e-01 5.058798e+01 1.023316e-02
1.096478e-06 5.058490e+01 5.296972e-01 5.058768e+01 1.047145e-02
1.122018e-06 5.058446e+01 5.420268e-01 5.058736e+01 1.071528e-02
1.148154e-06 5.058399e+01 5.546430e-01 5.058703e+01 1.096479e-02
1.174898e-06 5.058351e+01 5.675524e-01 5.058669e+01 1.122011e-02
1.202264e-06 5.058300e+01 5.807618e-01 5.058633e+01 1.148136e-02
1.230269e-06 5.058246e+01 5.942781e-01 5.058595e+01 1.174870e-02
1.258925e-06 5.058190e+01 6.081084e-01 5.058556e+01 1.202225e-02
1.288250e-06 5.058132e+01 6.222600e-01 5.058514e+01 1.230217e-02
1.318257e-06 5.058070e+01 6.367403e-01 5.058471e+01 1.258860e-02
1.348963e-06 5.058006e+01 6.515569e-01 5.058426e+01 1.288169e-02
1.380384e-06 5.057939e+01 6.667176e-01 5.058378e+01 1.318161e-02
1.412538e-06 5.057869e+01 6.822302e-01 5.058329e+01 1.348849e-02
1.445440e-06 5.057795e+01 6.981029e-01 5.058277e+01 1.380252e-02
1.479108e-06 5.057718e+01 7.143441e-01 5.058222e+01 1.412384e-02
1.513561e-06 5.057637e+01 7.309621e-01 5.058165e+01 1.445264e-02
1.548817e-06 5.057552e+01 7.479657e-01 5.058105e+01 1.478909e-02
1.584893e-06 5.057464e+01 7.653638e-01 5.058043e+01 1.513335e-02
1.621810e-06 5.057371e+01 7.831653e-01 5.057977e+01 1.548562e-02
1.659587e-06 5.057274e+01 8.013797e-01 5.057909e+01 1.584608e-02
1.698244e-06 5.057172e+01 8.200163e-01 5.057837e+01 1.621492e-02
1.737801e-06 5.057066e+01 8.390849e-01 5.057762e+01 1.659233e-02
1.778279e-06 5.056954e+01 8.585954e-01 5.057683e+01 1.697851e-02
1.819701e-06 5.056838e+01 8.785579e-01 5.057601e+01 1.737366e-02
1.862087e-06 5.056715e+01 8.989827e-01 5.057514e+01 1.777800e-02
1.905461e-06 5.056587e+01 9.198805e-01 5.057424e+01 1.819173e-02
1.949845e-06 5.056453e+01 9.412621e-01 5.057329e+01 1.861506e-02
1.995262e-06 5.056313e+01 9.631384e-01 5.057230e+01 1.904824e-02
2.041738e-06 5.056166e+01 9.855209e-01 5.057127e+01 1.949147e-02
2.089296e-06 5.056012e+01 1.008421e+00 5.057018e+01 1.994499e-02
2.137962e-06 5.055851e+01 1.031851e+00 5.056904e+01 2.040904e-02
2.187762e-06 5.055683e+01 1.055822e+00 5.056785e+01 2.088386e-02
2.238721e-06 5.055506e+01 1.080346e+00 5.056661e+01 2.136970e-02
2.290868e-06 5.055322e+01 1.105438e+00 5.056530e+01 2.186681e-02
2.344229e-06 5.055128e+01 1.131108e+00 5.056394e+01 2.237546e-02
2.398833e-06 5.054926e+01 1.157371e+00 5.056250e+01 2.289590e-02
2.454709e-06 5.054714e+01 1.184239e+00 5.056101e+01 2.342842e-02
2.511886e-06 5.054492e+01 1.211727e+00 5.055944e+01 2.397328e-02
2.570396e-06 5.054259e+01 1.239849e+00 5.055780e+01 2.453077e-02
2.630268e-06 5.054016e+01 1.268618e+00 5.055608e+01 2.510118e-02
2.691535e-06 5.053761e+01 1.298049e+00 5.055428e+01 2.568481e-02
2.754229e-06 5.053494e+01 1.328157e+00 5.055239e+01 2.628195e-02
2.818383e-06 5.053215e+01 1.358957e+00 5.055042e+01 2.689293e-02
2.884032e-06 5.052923e+01 1.390466e+00 5.054836e+01 2.751805e-02
2.951209e-06 5.052617e+01 1.422697e+00 5.054619e+01 2.815764e-02
3.019952e-06 5.052296e+01 1.455669e+00 5.054393e+01 2.881202e-02
3.090295e-06 5.051961e+01 1.489396e+00 5.054156e+01 2.948155e-02
3.162278e-06 5.051610e+01 1.523897e+00 5.053908e+01 3.016655e-02
3.235937e-06 5.051242e+01 1.559187e+00 5.053648e+01 3.086739e-02
3.311311e-06 5.050858e+01 1.595284e+00 5.053376e+01 3.158442e-02
3.388442e-06 5.050455e+01 1.632207e+00 5.053092e+01 3.231802e-02
3.467369e-06 5.050033e+01 1.669973e+00 5.052794e+01 3.306855e-02
3.548134e-06 5.049592e+01 1.708601e+00 5.052482e+01 3.383641e-02
3.630781e-06 5.049130e+01 1.748109e+00 5.052155e+01 3.462198e-02
3.715352e-06 5.048646e+01 1.788516e+00 5.051813e+01 3.542566e-02
3.801894e-06 5.048140e+01 1.829843e+00 5.051456e+01 3.624786e-02
3.890451e-06 5.047610e+01 1.872109e+00 5.051081e+01 3.708901e-02
3.981072e-06 5.047056e+01 1.915333e+00 5.050689e+01 3.794952e-02
4.073803e-06 5.046476e+01 1.959538e+00 5.050279e+01 3.882983e-02
4.168694e-06 5.045868e+01 2.004743e+00 5.049849e+01 3.973039e-02
4.265795e-06 5.045232e+01 2.050970e+00 5.049399e+01 4.065165e-02
4.365158e-06 5.044567e+01 2.098240e+00 5.048929e+01 4.159407e-02
4.466836e-06 5.043870e+01 2.146576e+00 5.048436e+01 4.255812e-02
4.570882e-06 5.043142e+01 2.196000e+00 5.047920e+01 4.354428e-02
4.677351e-06 5.042379e+01 2.246533e+00 5.047381e+01 4.455305e-02
4.786301e-06 5.041581e+01 2.298201e+00 5.046816e+01 4.558492e-02
4.897788e-06 5.040745e+01 2.351024e+00 5.046225e+01 4.664041e-02
5.011872e-06 5.039871e+01 2.405028e+00 5.045606e+01 4.772004e-02
5.128614e-06 5.038957e+01 2.460237e+00 5.044959e+01 4.882433e-02
5.248075e-06 5.038000e+01 2.516674e+00 5.044282e+01 4.995383e-02
5.370318e-06 5.036998e+01 2.574364e+00 5.043573e+01 5.110908e-02
5.495409e-06 5.035950e+01 2.633332e+00 5.042831e+01 5.229066e-02
5.623413e-06 5.034854e+01 2.693603e+00 5.042054e+01 5.349912e-02
5.754399e-06 5.033707e+01 2.755202e+00 5.041242e+01 5.473505e-02
5.888437e-06 5.032508e+01 2.818156e+00 5.040392e+01 5.599905e-02
6.025596e-06 5.031252e+01 2.882491e+00 5.039503e+01 5.729171e-02
6.165950e-06 5.029939e+01 2.948231e+00 5.038572e+01 5.861365e-02
6.309573e-06 5.028566e+01 3.015404e+00 5.037599e+01 5.996549e-02
6.456542e-06 5.027129e+01 3.084037e+00 5.036580e+01 6.134787e-02
6.606934e-06 5.025627e+01 3.154155e+00 5.035515e+01 6.276142e-02
6.760830e-06 5.024055e+01 3.225786e+00 5.034401e+01 6.420681e-02
6.918310e-06 5.022412e+01 3.298956e+00 5.033235e+01 6.568470e-02
7.079458e-06 5.020693e+01 3.373693e+00 5.032015e+01 6.719576e-02
7.244360e-06 5.018896e+01 3.450023e+00 5.030740e+01 6.874068e-02
7.413102e-06 5.017017e+01 3.527974e+00 5.029406e+01 7.032015e-02
7.585776e-06 5.015052e+01 3.607572e+00 5.028011e+01 7.193488e-02
7.762471e-06 5.012998e+01 3.688843e+00 5.026552e+01 7.358557e-02
7.943282e-06 5.010851e+01 3.771816e+00 5.025026e+01 7.527296e-02
8.128305e-06 5.008606e+01 3.856515e+00 5.023431e+01 7.699778e-02
8.317638e-06 5.006260e+01 3.942968e+00 5.021763e+01 7.876076e-02
8.511380e-06 5.003808e+01 4.031200e+00 5.020020e+01 8.056265e-02
8.709636e-06 5.001245e+01 4.121237e+00 5.018197e+01 8.240422e-02
8.912509e-06 4.998567e+01 4.213103e+00 5.016291e+01 8.428622e-02
9.120108e-06 4.995769e+01 4.306824e+00 5.014299e+01 8.620943e-02
9.332543e-06 4.992846e+01 4.402423e+00 5.012217e+01 8.817462e-02
9.549926e-06 4.989792e+01 4.499923e+00 5.010042e+01 9.018257e-02
9.772372e-06 4.986602e+01 4.599346e+00 5.007768e+01 9.223408e-02
1.000000e-05 4.983271e+01 4.700716e+00 5.005393e+01 9.432993e-02
1.023293e-05 4.979792e+01 4.804051e+00 5.002911e+01 9.647092e-02
1.047129e-05 4.976159e+01 4.909371e+00 5.000318e+01 9.865785e-02
1.071519e-05 4.972366e+01 5.016696e+00 4.997609e+01 1.008915e-01
1.096478e-05 4.968407e+01 5.126041e+00 4.994780e+01 1.031727e-01
1.122018e-05 4.964275e+01 5.237422e+00 4.991826e+01 1.055023e-01
1.148154e-05 4.959962e+01 5.350854e+00 4.988742e+01 1.078809e-01
1.174898e-05 4.955462e+01 5.466349e+00 4.985521e+01 1.103096e-01
1.202264e-05 4.950768e+01 5.583916e+00 4.982159e+01 1.127889e-01
1.230269e-05 4.945871e+01 5.703565e+00 4.978649e+01 1.153197e-01
1.258925e-05 4.940764e+01 5.825301e+00 4.974987e+01 1.179028e-01
1.288250e-05 4.935439e+01 5.949128e+00 4.971165e+01 1.205390e-01
1.318257e-05 4.929888e+01 6.075049e+00 4.967178e+01 1.232290e-01
1.348963e-05 4.924101e+01 6.203061e+00 4.963018e+01 1.259735e-01
1.380384e-05 4.918071e+01 6.333159e+00 4.958680e+01 1.287732e-01
1.412538e-05 4.911788e+01 6.465338e+00 4.954157e+01 1.316290e-01
1.445440e-05 4.905244e+01 6.599585e+00 4.949440e+01 1.345414e-01
1.479108e-05 4.898428e+01 6.735888e+00 4.944524e+01 1.375112e-01
1.513561e-05 4.891332e+01 6.874227e+00 4.939401e+01 1.405390e-01
1.548817e-05 4.883946e+01 7.014581e+00 4.934062e+01 1.436253e-01
1.584893e-05 4.876259e+01 7.156925e+00 4.928501e+01 1.467708e-01
1.621810e-05 4.868263e+01 7.301227e+00 4.922709e+01 1.499760e-01
1.659587e-05 4.859946e+01 7.447453e+00 4.916678e+01 1.532415e-01
1.698244e-05 4.851299e+01 7.595562e+00 4.910399e+01 1.565676e-01
1.737801e-05 4.842310e+01 7.745511e+00 4.903866e+01 1.599549e-01
1.778279e-05 4.832970e+01 7.897248e+00 4.897067e+01 1.634036e-01
1.819701e-05 4.823268e+01 8.050719e+00 4.889996e+01 1.669142e-01
1.862087e-05 4.813194e+01 8.205861e+00 4.882643e+01 1.704868e-01
1.905461e-05 4.802736e+01 8.362607e+00 4.874998e+01 1.741217e-01
1.949845e-05 4.791885e+01 8.520883e+00 4.867054e+01 1.778190e-01
1.995262e-05 4.780629e+01 8.680610e+00 4.858801e+01 1.815788e-01
2.041738e-05 4.768959e+01 8.841700e+00 4.850229e+01 1.854011e-01
2.089296e-05 4.756863e+01 9.004062e+00 4.841330e+01 1.892857e-01
2.137962e-05 4.744333e+01 9.167593e+00 4.832095e+01 1.932325e-01
2.187762e-05 4.731357e+01 9.332187e+00 4.822513e+01 1.972413e-01
2.238721e-05 4.717926e+01 9.497730e+00 4.812576e+01 2.013116e-01
2.290868e-05 4.704030e+01 9.664101e+00 4.802276e+01 2.054430e-01
2.344229e-05 4.689662e+01 9.831169e+00 4.791602e+01 2.096349e-01
2.398833e-05 4.674811e+01 9.998800e+00 4.780546e+01 2.138867e-01
2.454709e-05 4.659470e+01 1.016685e+01 4.769100e+01 2.181975e-01
2.511886e-05 4.643631e+01 1.033517e+01 4.757254e+01 2.225665e-01
2.570396e-05 4.627287e+01 1.050359e+01 4.745002e+01 2.269925e-01
2.630268e-05 4.610431e+01 1.067197e+01 4.732334e+01 2.314744e-01
2.691535e-05 4.593058e+01 1.084011e+01 4.719244e+01 2.360108e-01
2.754229e-05 4.575162e+01 1.100786e+01 4.705724e+01 2.406004e-01
2.818383e-05 4.556740e+01 1.117501e+01 4.691768e+01 2.452414e-01
2.884032e-05 4.537786e+01 1.134138e+01 4.677369e+01 2.499321e-01
2.951209e-05 4.518301e+01 1.150678e+01 4.662521e+01 2.546706e-01
3.019952e-05 4.498280e+01 1.167100e+01 4.647220e+01 2.594548e-01
3.090295e-05 4.477725e+01 1.183384e+01 4.631460e+01 2.642824e-01
3.162278e-05 4.456636e+01 1.199508e+01 4.615238e+01 2.691511e-01
3.235937e-05 4.435014e+01 1.215452e+01 4.598551e+01 2.740583e-01
3.311311e-05 4.412863e+01 1.231194e+01 4.581397e+01 2.790012e-01
3.388442e-05 4.390186e+01 1.246712e+01 4.563773e+01 2.839769e-01
3.467369e-05 4.366990e+01 1.261983e+01 4.545679e+01 2.889824e-01
3.548134e-05 4.343280e+01 1.276987e+01 4.527116e+01 2.940144e-01
3.630781e-05 4.319065e+01 1.291701e+01 4.508083e+01 2.990695e-01
3.715352e-05 4.294355e+01 1.306103e+01 4.488584e+01 3.041442e-01
3.801894e-05 4.269159e+01 1.320172e+01 4.468621e+01 3.092347e-01
3.890451e-05 4.243492e+01 1.333888e+01 4.448199e+01 3.143373e-01
3.981072e-05 4.217365e+01 1.347228e+01 4.427323e+01 3.194478e-01
4.073803e-05 4.190793e+01 1.360173e+01 4.405998e+01 3.245622e-01
4.168694e-05 4.163794e+01 1.372704e+01 4.384233e+01 3.296762e-01
4.265795e-05 4.136384e+01 1.384801e+01 4.362035e+01 3.347855e-01
4.365158e-05 4.108582e+01 1.396448e+01 4.339414e+01 3.398855e-01
4.466836e-05 4.080409e+01 1.407626e+01 4.316381e+01 3.449719e-01
4.570882e-05 4.051885e+01 1.418321e+01 4.292948e+01 3.500399e-01
4.677351e-05 4.023032e+01 1.428518e+01 4.269127e+01 3.550850e-01
4.786301e-05 3.993873e+01 1.438203e+01 4.244933e+01 3.601024e-01
4.897788e-05 3.964434e+01 1.447365e+01 4.220379e+01 3.650874e-01
5.011872e-05 3.934738e+01 1.455992e+01 4.195482e+01 3.700354e-01
5.128614e-05 3.904810e+01 1.464076e+01 4.170259e+01 3.749416e-01
5.248075e-05 3.874678e+01 1.471609e+01 4.144727e+01 3.798016e-01
5.370318e-05 3.844368e+01 1.478585e+01 4.118905e+01 3.846107e-01
5.495409e-05 3.813906e+01 1.485000e+01 4.092811e+01 3.893646e-01
5.623413e-05 3.783320e+01 1.490851e+01 4.066466e+01 3.940589e-01
5.754399e-05 3.752638e+01 1.496137e+01 4.039890e+01 3.986895e-01
5.888437e-05 3.721885e+01 1.500859e+01 4.013104e+01 4.032523e-01
6.025596e-05 3.691090e+01 1.505019e+01 3.986130e+01 4.077437e-01
6.165950e-05 3.660280e+01 1.508621e+01 3.958988e+01 4.121600e-01
6.309573e-05 3.629479e+01 1.511671e+01 3.931701e+01 4.164979e-01
6.456542e-05 3.598716e+01 1.514175e+01 3.904290e+01 4.207544e-01
6.606934e-05 3.568013e+01 1.516144e+01 3.876779e+01 4.249266e-01
6.760830e-05 3.537397e+01 1.517586e+01 3.849188e+01 4.290121e-01
6.918310e-05 3.506890e+01 1.518514e+01 3.821539e+01 4.330088e-01
7.079458e-05 3.476515e+01 1.518941e+01 3.793855e+01 4.369149e-01
7.244360e-05 3.446293e+01 1.518880e+01 3.766156e+01 4.407288e-01
7.413102e-05 3.416244e+01 1.518348e+01 3.738462e+01 4.444495e-01
7.585776e-05 3.386387e+01 1.517360e+01 3.710795e+01 4.480762e-01
7.762471e-05 3.356741e+01 1.515933e+01 3.683173e+01 4.516087e-01
7.943282e-05 3.327321e+01 1.514087e+01 3.655615e+01 4.550469e-01
8.128305e-05 3.298142e+01 1.511839e+01 3.628140e+01 4.583913e-01
8.317638e-05 3.269218e+01 1.509210e+01 3.600763e+01 4.616426e-01
8.511380e-05 3.240560e+01 1.506218e+01 3.573503e+01 4.648020e-01
8.709636e-05 3.212179e+01 1.502885e+01 3.546372e+01 4.678710e-01
8.912509e-05 3.184084e+01 1.499230e+01 3.519386e+01 4.708515e-01
9.120108e-05 3.156282e+01 1.495275e+01 3.492558e+01 4.737457e-01
9.332543e-05 3.128780e+01 1.491039e+01 3.465900e+01 4.765562e-01
9.549926e-05 3.101582e+01 1.486544e+01 3.439422e+01 4.792857e-01
9.772372e-05 3.074690e+01 1.481809e+01 3.413133e+01 4.819375e-01
1.000000e-04 3.048108e+01 1.476854e+01 3.387043e+01 4.845149e-01
1.023293e-04 3.021835e+01 1.471699e+01 3.361159e+01 4.870215e-01
1.047129e-04 2.995871e+01 1.466363e+01 3.335485e+01 4.894611e-01
1.071519e-04 2.970214e+01 1.460863e+01 3.310029e+01 4.918378e-01
1.096478e-04 2.944859e+01 1.455219e+01 3.284792e+01 4.941556e-01
1.122018e-04 2.919804e+01 1.449446e+01 3.259778e+01 4.964189e-01
1.148154e-04 2.895043e+01 1.443561e+01 3.234987e+01 4.986319e-01
1.174898e-04 2.870570e+01 1.437579e+01 3.210421e+01 5.007992e-01
1.202264e-04 2.846377e+01 1.431514e+01 3.186079e+01 5.029250e-01
1.230269e-04 2.822458e+01 1.425380e+01 3.161958e+01 5.050138e-01
1.258925e-04 2.798804e+01 1.419189e+01 3.138057e+01 5.070700e-01
1.288250e-04 2.775406e+01 1.412953e+01 3.114372e+01 5.090978e-01
1.318257e-04 2.752254e+01 1.406681e+01 3.090899e+01 5.111014e-01
1.348963e-04 2.729340e+01 1.400383e+01 3.067632e+01 5.130849e-01
1.380384e-04 2.706652e+01 1.394067e+01 3.044567e+01 5.150522e-01
1.412538e-04 2.684181e+01 1.387740e+01 3.021697e+01 5.170068e-01
1.445440e-04 2.661916e+01 1.381408e+01 2.999014e+01 5.189524e-01
1.479108e-04 2.639847e+01 1.375075e+01 2.976512e+01 5.208921e-01
1.513561e-04 2.617964e+01 1.368747e+01 2.954184e+01 5.228288e-01
1.548817e-04 2.596256e+01 1.362425e+01 2.932020e+01 5.247653e-01
1.584893e-04 2.574713e+01 1.356111e+01 2.910014e+01 5.267039e-01
1.621810e-04 2.553325e+01 1.349807e+01 2.888156e+01 5.286466e-01
1.659587e-04 2.532084e+01 1.343512e+01 2.866439e+01 5.305952e-01
1.698244e-04 2.510979e+01 1.337225e+01 2.844853e+01 5.325511e-01
1.737801e-04 2.490004e+01 1.330945e+01 2.823390e+01 5.345151e-01
1.778279e-04 2.469149e+01 1.324669e+01 2.802043e+01 5.364881e-01
1.819701e-04 2.448408e+01 1.318394e+01 2.780803e+01 5.384701e-01
1.862087e-04 2.427773e+01 1.312117e+01 2.759662e+01 5.404611e-01
1.905461e-04 2.407239e+01 1.305833e+01 2.738613e+01 5.424607e-01
1.949845e-04 2.386801e+01 1.299536e+01 2.717648e+01 5.444679e-01
1.995262e-04 2.366453e+01 1.293223e+01 2.696762e+01 5.464816e-01
2.041738e-04 2.346193e+01 1.286887e+01 2.675948e+01 5.485001e-01
2.089296e-04 2.326016e+01 1.280522e+01 2.655200e+01 5.505214e-01
2.137962e-04 2.305922e+01 1.274122e+01 2.634514e+01 5.525433e-01
2.187762e-04 2.285909e+01 1.267681e+01 2.613885e+01 5.545632e-01
2.238721e-04 2.265975e+01 1.261192e+01 2.593309e+01 5.565781e-01
2.290868e-04 2.246123e+01 1.254650e+01 2.572783e+01 5.585848e-01
2.344229e-04 2.226352e+01 1.248048e+01 2.552306e+01 5.605798e-01
2.398833e-04 2.206664e+01 1.241379e+01 2.531874e+01 5.625594e-01
2.454709e-04 2.187062e+01 1.234639e+01 2.511489e+01 5.645195e-01
2.511886e-04 2.167550e+01 1.227822e+01 2.491148e+01 5.664561e-01
2.570396e-04 2.148131e+01 1.220922e+01 2.470854e+01 5.683647e-01
2.630268e-04 2.128810e+01 1.213935e+01 2.450606e+01 5.702409e-01
2.691535e-04 2.109593e+01 1.206856e+01 2.430408e+01 5.720801e-01
2.754229e-04 2.090485e+01 1.199682e+01 2.410262e+01 5.738777e-01
2.818383e-04 2.071491e+01 1.192410e+01 2.390171e+01 5.756290e-01
2.884032e-04 2.052620e+01 1.185038e+01 2.370140e+01 5.773293e-01
2.951209e-04 2.033878e+01 1.177563e+01 2.350173e+01 5.789739e-01
3.019952e-04 2.015273e+01 1.169983e+01 2.330276e+01 5.805584e-01
3.090295e-04 1.996811e+01 1.162300e+01 2.310454e+01 5.820781e-01
3.162278e-04 1.978501e+01 1.154513e+01 2.290713e+01 5.835290e-01
3.235937e-04 1.960350e+01 1.146622e+01 2.271060e+01 5.849067e-01
3.311311e-04 1.942367e+01 1.138630e+01 2.251503e+01 5.862074e-01
3.388442e-04 1.924558e+01 1.130539e+01 2.232049e+01 5.874275e-01
3.467369e-04 1.906933e+01 1.122351e+01 2.212706e+01 5.885636e-01
3.548134e-04 1.889498e+01 1.114072e+01 2.193481e+01 5.896127e-01
3.630781e-04 1.872260e+01 1.105704e+01 2.174383e+01 5.905720e-01
3.715352e-04 1.855227e+01 1.097254e+01 2.155420e+01 5.914394e-01
3.801894e-04 1.838405e+01 1.088727e+01 2.136600e+01 5.922128e-01
3.890451e-04 1.821801e+01 1.080129e+01 2.117932e+01 5.928907e-01
3.981072e-04 1.805420e+01 1.071467e+01 2.099424e+01 5.934723e-01
4.073803e-04 1.789267e+01 1.062748e+01 2.081084e+01 5.939568e-01
4.168694e-04 1.773349e+01 1.053980e+01 2.062920e+01 5.943441e-01
4.265795e-04 1.757668e+01 1.045171e+01 2.044940e+01 5.946347e-01
4.365158e-04 1.742229e+01 1.036329e+01 2.027151e+01 5.948294e-01
4.466836e-04 1.727035e+01 1.027464e+01 2.009560e+01 5.949295e-01
4.570882e-04 1.712088e+01 1.018584e+01 1.992175e+01 5.949369e-01
4.677351e-04 1.697390e+01 1.009699e+01 1.975000e+01 5.948538e-01
4.786301e-04 1.682943e+01 1.000818e+01 1.958043e+01 5.946831e-01
4.897788e-04 1.668747e+01 9.919499e+00 1.941309e+01 5.944279e-01
5.011872e-04 1.654802e+01 9.831049e+00 1.924803e+01 5.940920e-01
5.128614e-04 1.641108e+01 9.742923e+00 1.908529e+01 5.936795e-01
5.248075e-04 1.627663e+01 9.655215e+00 1.892490e+01 5.931949e-01
5.370318e-04 1.614466e+01 9.568019e+00 1.876691e+01 5.926431e-01
5.495409e-04 1.601513e+01 9.481426e+00 1.861134e+01 5.920293e-01
5.623413e-04 1.588802e+01 9.395528e+00 1.845820e+01 5.913591e-01
5.754399e-04 1.576330e+01 9.310412e+00 1.830753e+01 5.906384e-01
5.888437e-04 1.564092e+01 9.226165e+00 1.815931e+01 5.898734e-01
6.025596e-04 1.552084e+01 9.142868e+00 1.801357e+01 5.890704e-01
6.165950e-04 1.540300e+01 9.060602e+00 1.787028e+01 5.882360e-01
6.309573e-04 1.528736e+01 8.979442e+00 1.772946e+01 5.873770e-01
6.456542e-04 1.517384e+01 8.899462e+00 1.759107e+01 5.865003e-01
6.606934e-04 1.506239e+01 8.820729e+00 1.745511e+01 5.856129e-01
6.760830e-04 1.495294e+01 8.743309e+00 1.732154e+01 5.847219e-01
6.918310e-04 1.484541e+01 8.667262e+00 1.719034e+01 5.838344e-01
7.079458e-04 1.473974e+01 8.592644e+00 1.706146e+01 5.829575e-01
7.244360e-04 1.463585e+01 8.519505e+00 1.693488e+01 5.820984e-01
7.413102e-04 1.453366e+01 8.447894e+00 1.681054e+01 5.812641e-01
7.585776e-04 1.443308e+01 8.377851e+00 1.668839e+01 5.804617e-01
7.762471e-04 1.433404e+01 8.309414e+00 1.656838e+01 5.796980e-01
7.943282e-04 1.423645e+01 8.242616e+00 1.645045e+01 5.789797e-01
8.128305e-04 1.414022e+01 8.177483e+00 1.633454e+01 5.783136e-01
8.317638e-04 1.404528e+01 8.114039e+00 1.622059e+01 5.777060e-01
8.511380e-04 1.395152e+01 8.052302e+00 1.610852e+01 5.771631e-01
8.709636e-04 1.385887e+01 7.992285e+00 1.599827e+01 5.766911e-01
8.912509e-04 1.376723e+01 7.933995e+00 1.588977e+01 5.762957e-01
9.120108e-04 1.367652e+01 7.877437e+00 1.578294e+01 5.759826e-01
9.332543e-04 1.358665e+01 7.822610e+00 1.567770e+01 5.757569e-01
9.549926e-04 1.349754e+01 7.769507e+00 1.557398e+01 5.756238e-01
9.772372e-04 1.340910e+01 7.718118e+00 1.547170e+01 5.755879e-01
1.000000e-03 1.332125e+01 7.668428e+00 1.537077e+01 5.756539e-01
1.023293e-03 1.323390e+01 7.620419e+00 1.527111e+01 5.758258e-01
1.047129e-03 1.314697e+01 7.574068e+00 1.517265e+01 5.761075e-01
1.071519e-03 1.306038e+01 7.529345e+00 1.507530e+01 5.765027e-01
1.096478e-03 1.297406e+01 7.486221e+00 1.497898e+01 5.770145e-01
1.122018e-03 1.288793e+01 7.444660e+00 1.488361e+01 5.776458e-01
1.148154e-03 1.280192e+01 7.404623e+00 1.478910e+01 5.783994e-01
1.174898e-03 1.271596e+01 7.366068e+00 1.469539e+01 5.792775e-01
1.202264e-03 1.262997e+01 7.328948e+00 1.460239e+01 5.802821e-01
1.230269e-03 1.254391e+01 7.293214e+00 1.451002e+01 5.814148e-01
1.258925e-03 1.245770e+01 7.258814e+00 1.441821e+01 5.826770e-01
1.288250e-03 1.237129e+01 7.225694e+00 1.432688e+01 5.840697e-01
1.318257e-03 1.228462e+01 7.193795e+00 1.423596e+01 5.855936e-01
1.348963e-03 1.219765e+01 7.163057e+00 1.414539e+01 5.872492e-01
1.380384e-03 1.211032e+01 7.133418e+00 1.405509e+01 5.890365e-01
1.412538e-03 1.202259e+01 7.104814e+00 1.396499e+01 5.909553e-01
1.445440e-03 1.193443e+01 7.077177e+00 1.387505e+01 5.930051e-01
1.479108e-03 1.184580e+01 7.050441e+00 1.378520e+01 5.951851e-01
1.513561e-03 1.175666e+01 7.024536e+00 1.369537e+01 5.974942e-01
1.548817e-03 1.166699e+01 6.999392e+00 1.360552e+01 5.999311e-01
1.584893e-03 1.157678e+01 6.974938e+00 1.351560e+01 6.024940e-01
1.621810e-03 1.148599e+01 6.951103e+00 1.342556e+01 6.051812e-01
1.659587e-03 1.139461e+01 6.927813e+00 1.333536e+01 6.079903e-01
1.698244e-03 1.130264e+01 6.904998e+00 1.324495e+01 6.109190e-01
1.737801e-03 1.121007e+01 6.882586e+00 1.315430e+01 6.139647e-01
1.778279e-03 1.111689e+01 6.860504e+00 1.306338e+01 6.171243e-01
1.819701e-03 1.102312e+01 6.838684e+00 1.297215e+01 6.203948e-01
1.862087e-03 1.092874e+01 6.817054e+00 1.288059e+01 6.237728e-01
1.905461e-03 1.083379e+01 6.795546e+00 1.278868e+01 6.272548e-01
1.949845e-03 1.073827e+01 6.774095e+00 1.269641e+01 6.308369e-01
1.995262e-03 1.064219e+01 6.752633e+00 1.260374e+01 6.345153e-01
2.041738e-03 1.054559e+01 6.731099e+00 1.251068e+01 6.382858e-01
2.089296e-03 1.044848e+01 6.709430e+00 1.241721e+01 6.421442e-01
2.137962e-03 1.035089e+01 6.687569e+00 1.232334e+01 6.460860e-01
2.187762e-03 1.025287e+01 6.665458e+00 1.222905e+01 6.501067e-01
2.238721e-03 1.015443e+01 6.643045e+00 1.213435e+01 6.542016e-01
2.290868e-03 1.005562e+01 6.620279e+00 1.203925e+01 6.583659e-01
2.344229e-03 9.956481e+00 6.597112e+00 1.194376e+01 6.625947e-01
2.398833e-03 9.857050e+00 6.573500e+00 1.184788e+01 6.668831e-01
2.454709e-03 9.757372e+00 6.549402e+00 1.175164e+01 6.712260e-01
2.511886e-03 9.657495e+00 6.524780e+00 1.165504e+01 6.756182e-01
2.570396e-03 9.557464e+00 6.499600e+00 1.155811e+01 6.800548e-01
2.630268e-03 9.457329e+00 6.473830e+00 1.146087e+01 6.845305e-01
2.691535e-03 9.357140e+00 6.447445e+00 1.136334e+01 6.890402e-01
2.754229e-03 9.256945e+00 6.420419e+00 1.126556e+01 6.935786e-01
2.818383e-03 9.156798e+00 6.392734e+00 1.116754e+01 6.981408e-01
2.884032e-03 9.056748e+00 6.364371e+00 1.106932e+01 7.027214e-01
2.951209e-03 8.956846e+00 6.335317e+00 1.097093e+01 7.073156e-01
3.019952e-03 8.857145e+00 6.305563e+00 1.087240e+01 7.119182e-01
3.090295e-03 8.757695e+00 6.275102e+00 1.077377e+01 7.165244e-01
3.162278e-03 8.658545e+00 6.243931e+00 1.067507e+01 7.211293e-01
3.235937e-03 8.559746e+00 6.212048e+00 1.057633e+01 7.257281e-01
3.311311e-03 8.461345e+00 6.179458e+00 1.047760e+01 7.303163e-01
3.388442e-03 8.363390e+00 6.146165e+00 1.037890e+01 7.348892e-01
3.467369e-03 8.265926e+00 6.112177e+00 1.028028e+01 7.394425e-01
3.548134e-03 8.168999e+00 6.077506e+00 1.018178e+01 7.439719e-01
3.630781e-03 8.072650e+00 6.042164e+00 1.008342e+01 7.484734e-01
3.715352e-03 7.976922e+00 6.006167e+00 9.985256e+00 7.529430e-01
3.801894e-03 7.881854e+00 5.969534e+00 9.887313e+00 7.573769e-01
3.890451e-03 7.787483e+00 5.932283e+00 9.789630e+00 7.617716e-01
3.981072e-03 7.693845e+00 5.894436e+00 9.692245e+00 7.661236e-01
4.073803e-03 7.600973e+00 5.856016e+00 9.595192e+00 7.704297e-01
4.168694e-03 7.508900e+00 5.817047e+00 9.498506e+00 7.746869e-01
4.265795e-03 7.417656e+00 5.777556e+00 9.402222e+00 7.788925e-01
4.365158e-03 7.327266e+00 5.737570e+00 9.306371e+00 7.830438e-01
4.466836e-03 7.237758e+00 5.697117e+00 9.210987e+00 7.871384e-01
4.570882e-03 7.149153e+00 5.656226e+00 9.116100e+00 7.911742e-01
4.677351e-03 7.061474e+00 5.614926e+00 9.021741e+00 7.951493e-01
4.786301e-03 6.974739e+00 5.573248e+00 8.927938e+00 7.990619e-01
4.897788e-03 6.888964e+00 5.531223e+00 8.834719e+00 8.029107e-01
5.011872e-03 6.804166e+00 5.488882e+00 8.742111e+00 8.066943e-01
5.128614e-03 6.720357e+00 5.446257e+00 8.650139e+00 8.104118e-01
5.248075e-03 6.637547e+00 5.403378e+00 8.558828e+00 8.140625e-01
5.370318e-03 6.555746e+00 5.360278e+00 8.468199e+00 8.176458e-01
5.495409e-03 6.474961e+00 5.316988e+00 8.378274e+00 8.211615e-01
5.623413e-03 6.395196e+00 5.273540e+00 8.289074e+00 8.246096e-01
5.754399e-03 6.316455e+00 5.229963e+00 8.200617e+00 8.279903e-01
5.888437e-03 6.238740e+00 5.186290e+00 8.112920e+00 8.313041e-01
6.025596e-03 6.162050e+00 5.142549e+00 8.026000e+00 8.345517e-01
6.165950e-03 6.086384e+00 5.098771e+00 7.939870e+00 8.377340e-01
6.309573e-03 6.011738e+00 5.054985e+00 7.854544e+00 8.408524e-01
6.456542e-03 5.938109e+00 5.011218e+00 7.770035e+00 8.439081e-01
6.606934e-03 5.865488e+00 4.967499e+00 7.686352e+00 8.469029e-01
6.760830e-03 5.793870e+00 4.923855e+00 7.603504e+00 8.498387e-01
6.918310e-03 5.723245e+00 4.880311e+00 7.521500e+00 8.527175e-01
7.079458e-03 5.653602e+00 4.836892e+00 7.440346e+00 8.555417e-01
7.244360e-03 5.584932e+00 4.793623e+00 7.360047e+00 8.583137e-01
7.413102e-03 5.517220e+00 4.750527e+00 7.280606e+00 8.610364e-01
7.585776e-03 5.450454e+00 4.707627e+00 7.202028e+00 8.637127e-01
7.762471e-03 5.384620e+00 4.664942e+00 7.124312e+00 8.663455e-01
7.943282e-03 5.319703e+00 4.622493e+00 7.047459e+00 8.689383e-01
8.128305e-03 5.255685e+00 4.580300e+00 6.971469e+00 8.714944e-01
8.317638e-03 5.192551e+00 4.538380e+00 6.896338e+00 8.740174e-01
8.511380e-03 5.130283e+00 4.496750e+00 6.822064e+00 8.765111e-01
8.709636e-03 5.068863e+00 4.455425e+00 6.748643e+00 8.789792e-01
8.912509e-03 5.008272e+00 4.414420e+00 6.676068e+00 8.814257e-01
9.120108e-03 4.948491e+00 4.373747e+00 6.604334e+00 8.838548e-01
9.332543e-03 4.889501e+00 4.333420e+00 6.533433e+00 8.862704e-01
9.549926e-03 4.831281e+00 4.293448e+00 6.463356e+00 8.886769e-01
9.772372e-03 4.773813e+00 4.253842e+00 6.394095e+00 8.910785e-01
1.000000e-02 4.717074e+00 4.214609e+00 6.325640e+00 8.934795e-01
1.023293e-02 4.661046e+00 4.175758e+00 6.257979e+00 8.958842e-01
1.047129e-02 4.605707e+00 4.137293e+00 6.191101e+00 8.982970e-01
1.071519e-02 4.551037e+00 4.099220e+00 6.124994e+00 9.007222e-01
1.096478e-02 4.497016e+00 4.061544e+00 6.059644e+00 9.031642e-01
1.122018e-02 4.443623e+00 4.024265e+00 5.995039e+00 9.056271e-01
1.148154e-02 4.390837e+00 3.987386e+00 5.931164e+00 9.081152e-01
1.174898e-02 4.338640e+00 3.950908e+00 5.868004e+00 9.106327e-01
1.202264e-02 4.287011e+00 3.914828e+00 5.805544e+00 9.131836e-01
1.230269e-02 4.235932e+00 3.879147e+00 5.743770e+00 9.157717e-01
1.258925e-02 4.185383e+00 3.843860e+00 5.682666e+00 9.184010e-01
1.288250e-02 4.135346e+00 3.808964e+00 5.622215e+00 9.210751e-01
1.318257e-02 4.085804e+00 3.774456e+00 5.562401e+00 9.237975e-01
1.348963e-02 4.036739e+00 3.740328e+00 5.503209e+00 9.265716e-01
1.380384e-02 3.988135e+00 3.706575e+00 5.444622e+00 9.294005e-01
1.412538e-02 3.939975e+00 3.673189e+00 5.386624e+00 9.322872e-01
1.445440e-02 3.892246e+00 3.640163e+00 5.329199e+00 9.352345e-01
1.479108e-02 3.844932e+00 3.607488e+00 5.272331e+00 9.382449e-01
1.513561e-02 3.798020e+00 3.575155e+00 5.216003e+00 9.413206e-01
1.548817e-02 3.751497e+00 3.543153e+00 5.160201e+00 9.444638e-01
1.584893e-02 3.705352e+00 3.511474e+00 5.104908e+00 9.476762e-01
1.621810e-02 3.659574e+00 3.480106e+00 5.050111e+00 9.509595e-01
1.659587e-02 3.614152e+00 3.449039e+00 4.995794e+00 9.543149e-01
1.698244e-02 3.569077e+00 3.418260e+00 4.941944e+00 9.577434e-01
1.737801e-02 3.524342e+00 3.387759e+00 4.888547e+00 9.612457e-01
1.778279e-02 3.479939e+00 3.357523e+00 4.835590e+00 9.648225e-01
1.819701e-02 3.435861e+00 3.327542e+00 4.783061e+00 9.684738e-01
1.862087e-02 3.392104e+00 3.297802e+00 4.730948e+00 9.721997e-01
1.905461e-02 3.348663e+00 3.268294e+00 4.679240e+00 9.759998e-01
1.949845e-02 3.305533e+00 3.239004e+00 4.627926e+00 9.798735e-01
1.995262e-02 3.262713e+00 3.209923e+00 4.576997e+00 9.838200e-01
2.041738e-02 3.220201e+00 3.181037e+00 4.526443e+00 9.878383e-01
2.089296e-02 3.177994e+00 3.152338e+00 4.476257e+00 9.919270e-01
2.137962e-02 3.136093e+00 3.123814e+00 4.426431e+00 9.960845e-01
2.187762e-02 3.094498e+00 3.095455e+00 4.376958e+00 1.000309e+00
2.238721e-02 3.053210e+00 3.067252e+00 4.327832e+00 1.004599e+00
2.290868e-02 3.012230e+00 3.039195e+00 4.279047e+00 1.008952e+00
2.344229e-02 2.971561e+00 3.011277e+00 4.230598e+00 1.013365e+00
2.398833e-02 2.931204e+00 2.983488e+00 4.182482e+00 1.017837e+00
2.454709e-02 2.891163e+00 2.955822e+00 4.134696e+00 1.022365e+00
2.511886e-02 2.851441e+00 2.928272e+00 4.087235e+00 1.026945e+00
2.570396e-02 2.812042e+00 2.900831e+00 4.040099e+00 1.031575e+00
2.630268e-02 2.772969e+00 2.873494e+00 3.993285e+00 1.036252e+00
2.691535e-02 2.734227e+00 2.846255e+00 3.946792e+00 1.040972e+00
2.754229e-02 2.695821e+00 2.819111e+00 3.900620e+00 1.045734e+00
2.818383e-02 2.657753e+00 2.792058e+00 3.854768e+00 1.050533e+00
2.884032e-02 2.620030e+00 2.765091e+00 3.809237e+00 1.055366e+00
2.951209e-02 2.582655e+00 2.738210e+00 3.764027e+00 1.060231e+00
3.019952e-02 2.545632e+00 2.711411e+00 3.719139e+00 1.065123e+00
3.090295e-02 2.508967e+00 2.684693e+00 3.674573e+00 1.070039e+00
3.162278e-02 2.472662e+00 2.658055e+00 3.630333e+00 1.074977e+00
3.235937e-02 2.436723e+00 2.631496e+00 3.586418e+00 1.079932e+00
3.311311e-02 2.401153e+00 2.605017e+00 3.542830e+00 1.084903e+00
3.388442e-02 2.365955e+00 2.578617e+00 3.499573e+00 1.089884e+00
3.467369e-02 2.331133e+00 2.552297e+00 3.456646e+00 1.094874e+00
3.548134e-02 2.296690e+00 2.526059e+00 3.414053e+00 1.099869e+00
3.630781e-02 2.262630e+00 2.499903e+00 3.371796e+00 1.104866e+00
3.715352e-02 2.228954e+00 2.473831e+00 3.329876e+00 1.109862e+00
3.801894e-02 2.195664e+00 2.447844e+00 3.288295e+00 1.114854e+00
3.890451e-02 2.162764e+00 2.421946e+00 3.247056e+00 1.119838e+00
3.981072e-02 2.130255e+00 2.396138e+00 3.206160e+00 1.124813e+00
4.073803e-02 2.098137e+00 2.370422e+00 3.165609e+00 1.129774e+00
4.168694e-02 2.066413e+00 2.344801e+00 3.125405e+00 1.134720e+00
4.265795e-02 2.035083e+00 2.319277e+00 3.085549e+00 1.139647e+00
4.365158e-02 2.004148e+00 2.293854e+00 3.046043e+00 1.144553e+00
4.466836e-02 1.973609e+00 2.268534e+00 3.006888e+00 1.149434e+00
4.570882e-02 1.943464e+00 2.243319e+00 2.968086e+00 1.154289e+00
4.677351e-02 1.913716e+00 2.218212e+00 2.929637e+00 1.159113e+00
4.786301e-02 1.884362e+00 2.193217e+00 2.891542e+00 1.163904e+00
4.897788e-02 1.855402e+00 2.168335e+00 2.853803e+00 1.168660e+00
5.011872e-02 1.826837e+00 2.143570e+00 2.816420e+00 1.173377e+00
5.128614e-02 1.798665e+00 2.118924e+00 2.779394e+00 1.178054e+00
5.248075e-02 1.770885e+00 2.094399e+00 2.742725e+00 1.182685e+00
5.370318e-02 1.743495e+00 2.070000e+00 2.706414e+00 1.187270e+00
5.495409e-02 1.716495e+00 2.045727e+00 2.670460e+00 1.191804e+00
5.623413e-02 1.689884e+00 2.021584e+00 2.634864e+00 1.196286e+00
5.754399e-02 1.663659e+00 1.997573e+00 2.599626e+00 1.200710e+00
5.888437e-02 1.637819e+00 1.973696e+00 2.564747e+00 1.205076e+00
6.025596e-02 1.612363e+00 1.949956e+00 2.530226e+00 1.209378e+00
6.165950e-02 1.587287e+00 1.926355e+00 2.496062e+00 1.213615e+00
6.309573e-02 1.562592e+00 1.902896e+00 2.462257e+00 1.217782e+00
6.456542e-02 1.538275e+00 1.879581e+00 2.428809e+00 1.221876e+00
6.606934e-02 1.514333e+00 1.856411e+00 2.395718e+00 1.225894e+00
6.760830e-02 1.490764e+00 1.833389e+00 2.362984e+00 1.229832e+00
6.918310e-02 1.467568e+00 1.810518e+00 2.330607e+00 1.233686e+00
7.079458e-02 1.444740e+00 1.787799e+00 2.298587e+00 1.237454e+00
7.244360e-02 1.422280e+00 1.765235e+00 2.266922e+00 1.241130e+00
7.413102e-02 1.400185e+00 1.742827e+00 2.235613e+00 1.244712e+00
7.585776e-02 1.378452e+00 1.720578e+00 2.204659e+00 1.248196e+00
7.762471e-02 1.357080e+00 1.698490e+00 2.174060e+00 1.251577e+00
7.943282e-02 1.336065e+00 1.676565e+00 2.143815e+00 1.254853e+00
8.128305e-02 1.315406e+00 1.654805e+00 2.113924e+00 1.258019e+00
8.317638e-02 1.295100e+00 1.633213e+00 2.084386e+00 1.261071e+00
8.511380e-02 1.275144e+00 1.611789e+00 2.055202e+00 1.264006e+00
8.709636e-02 1.255535e+00 1.590537e+00 2.026370e+00 1.266820e+00
8.912509e-02 1.236271e+00 1.569458e+00 1.997890e+00 1.269509e+00
9.120108e-02 1.217350e+00 1.548554e+00 1.969762e+00 1.272070e+00
9.332543e-02 1.198768e+00 1.527829e+00 1.941985e+00 1.274499e+00
9.549926e-02 1.180522e+00 1.507283e+00 1.914558e+00 1.276794e+00
9.772372e-02 1.162610e+00 1.486919e+00 1.887482e+00 1.278949e+00
1.000000e-01 1.145028e+00 1.466738e+00 1.860755e+00 1.280963e+00
1.023293e-01 1.127773e+00 1.446744e+00 1.834378e+00 1.282832e+00
1.047129e-01 1.110843e+00 1.426939e+00 1.808349e+00 1.284555e+00
1.071519e-01 1.094233e+00 1.407323e+00 1.782668e+00 1.286127e+00
1.096478e-01 1.077941e+00 1.387900e+00 1.757334e+00 1.287547e+00
1.122018e-01 1.061963e+00 1.368671e+00 1.732347e+00 1.288812e+00
1.148154e-01 1.046295e+00 1.349639e+00 1.707706e+00 1.289921e+00
1.174898e-01 1.030934e+00 1.330805e+00 1.683409e+00 1.290872e+00
1.202264e-01 1.015876e+00 1.312172e+00 1.659458e+00 1.291665e+00
1.230269e-01 1.001118e+00 1.293741e+00 1.635849e+00 1.292297e+00
1.258925e-01 9.866539e-01 1.275515e+00 1.612583e+00 1.292768e+00
1.288250e-01 9.724814e-01 1.257495e+00 1.589658e+00 1.293078e+00
1.318257e-01 9.585959e-01 1.239683e+00 1.567074e+00 1.293228e+00
1.348963e-01 9.449932e-01 1.222081e+00 1.544828e+00 1.293217e+00
1.380384e-01 9.316690e-01 1.204691e+00 1.522921e+00 1.293046e+00
1.412538e-01 9.186187e-01 1.187514e+00 1.501349e+00 1.292717e+00
1.445440e-01 9.058379e-01 1.170552e+00 1.480113e+00 1.292232e+00
1.479108e-01 8.933220e-01 1.153807e+00 1.459210e+00 1.291591e+00
1.513561e-01 8.810662e-01 1.137279e+00 1.438639e+00 1.290799e+00
1.548817e-01 8.690657e-01 1.120971e+00 1.418397e+00 1.289858e+00
1.584893e-01 8.573157e-01 1.104883e+00 1.398484e+00 1.288770e+00
1.621810e-01 8.458112e-01 1.089017e+00 1.378896e+00 1.287541e+00
1.659587e-01 8.345471e-01 1.073373e+00 1.359632e+00 1.286174e+00
1.698244e-01 8.235184e-01 1.057953e+00 1.340689e+00 1.284675e+00
1.737801e-01 8.127197e-01 1.042757e+00 1.322065e+00 1.283047e+00
1.778279e-01 8.021460e-01 1.027787e+00 1.303758e+00 1.281296e+00
1.819701e-01 7.917919e-01 1.013042e+00 1.285764e+00 1.279430e+00
1.862087e-01 7.816519e-01 9.985231e-01 1.268080e+00 1.277452e+00
1.905461e-01 7.717208e-01 9.842308e-01 1.250705e+00 1.275372e+00
1.949845e-01 7.619929e-01 9.701651e-01 1.233634e+00 1.273194e+00
1.995262e-01 7.524629e-01 9.563260e-01 1.216865e+00 1.270928e+00
2.041738e-01 7.431253e-01 9.427135e-01 1.200393e+00 1.268580e+00
2.089296e-01 7.339743e-01 9.293274e-01 1.184216e+00 1.266158e+00
2.137962e-01 7.250046e-01 9.161671e-01 1.168330e+00 1.263671e+00
2.187762e-01 7.162104e-01 9.032323e-01 1.152730e+00 1.261127e+00
2.238721e-01 7.075863e-01 8.905222e-01 1.137413e+00 1.258535e+00
2.290868e-01 6.991266e-01 8.780359e-01 1.122375e+00 1.255904e+00
2.344229e-01 6.908258e-01 8.657724e-01 1.107611e+00 1.253243e+00
2.398833e-01 6.826783e-01 8.537306e-01 1.093117e+00 1.250561e+00
2.454709e-01 6.746786e-01 8.419093e-01 1.078889e+00 1.247867e+00
2.511886e-01 6.668212e-01 8.303068e-01 1.064922e+00 1.245172e+00
2.570396e-01 6.591007e-01 8.189216e-01 1.051212e+00 1.242483e+00
2.630268e-01 6.515116e-01 8.077520e-01 1.037753e+00 1.239812e+00
2.691535e-01 6.440487e-01 7.967959e-01 1.024540e+00 1.237167e+00
2.754229e-01 6.367067e-01 7.860513e-01 1.011569e+00 1.234558e+00
2.818383e-01 6.294803e-01 7.755161e-01 9.988346e-01 1.231994e+00
2.884032e-01 6.223645e-01 7.651877e-01 9.863315e-01 1.229485e+00
2.951209e-01 6.153542e-01 7.550638e-01 9.740545e-01 1.227039e+00
3.019952e-01 6.084445e-01 7.451417e-01 9.619983e-01 1.224667e+00
3.090295e-01 6.016305e-01 7.354185e-01 9.501577e-01 1.222376e+00
3.162278e-01 5.949077e-01 7.258914e-01 9.385273e-01 1.220175e+00
3.235937e-01 5.882712e-01 7.165574e-01 9.271017e-01 1.218073e+00
3.311311e-01 5.817168e-01 7.074133e-01 9.158755e-01 1.216078e+00
3.388442e-01 5.752400e-01 6.984558e-01 9.048434e-01 1.214199e+00
3.467369e-01 5.688367e-01 6.896816e-01 8.939999e-01 1.212442e+00
3.548134e-01 5.625027e-01 6.810872e-01 8.833397e-01 1.210816e+00
3.630781e-01 5.562342e-01 6.726691e-01 8.728575e-01 1.209327e+00
3.715352e-01 5.500273e-01 6.644236e-01 8.625478e-01 1.207983e+00
3.801894e-01 5.438786e-01 6.563470e-01 8.524056e-01 1.206790e+00
3.890451e-01 5.377844e-01 6.484356e-01 8.424255e-01 1.205754e+00
3.981072e-01 5.317416e-01 6.406854e-01 8.326025e-01 1.204881e+00
4.073803e-01 5.257470e-01 6.330927e-01 8.229315e-01 1.204178e+00
4.168694e-01 5.197976e-01 6.256535e-01 8.134076e-01 1.203648e+00
4.265795e-01 5.138906e-01 6.183639e-01 8.040258e-01 1.203299e+00
4.365158e-01 5.080235e-01 6.112197e-01 7.947814e-01 1.203133e+00
4.466836e-01 5.021937e-01 6.042171e-01 7.856697e-01 1.203156e+00
4.570882e-01 4.963989e-01 5.973521e-01 7.766862e-01 1.203371e+00
4.677351e-01 4.906371e-01 5.906206e-01 7.678265e-01 1.203783e+00
4.786301e-01 4.849063e-01 5.840187e-01 7.590862e-01 1.204395e+00
4.897788e-01 4.792046e-01 5.775424e-01 7.504613e-01 1.205210e+00
5.011872e-01 4.735304e-01 5.711876e-01 7.419477e-01 1.206232e+00
5.128614e-01 4.678822e-01 5.649507e-01 7.335414e-01 1.207463e+00
5.248075e-01 4.622588e-01 5.588276e-01 7.252389e-01 1.208906e+00
5.370318e-01 4.566588e-01 5.528145e-01 7.170364e-01 1.210564e+00
5.495409e-01 4.510813e-01 5.469078e-01 7.089305e-01 1.212437e+00
5.623413e-01 4.455253e-01 5.411036e-01 7.009179e-01 1.214529e+00
5.754399e-01 4.399901e-01 5.353984e-01 6.929955e-01 1.216842e+00
5.888437e-01 4.344750e-01 5.297887e-01 6.851603e-01 1.219377e+00
6.025596e-01 4.289795e-01 5.242709e-01 6.774093e-01 1.222135e+00
6.165950e-01 4.235031e-01 5.188417e-01 6.697399e-01 1.225119e+00
6.309573e-01 4.180455e-01 5.134978e-01 6.621495e-01 1.228330e+00
6.456542e-01 4.126065e-01 5.082359e-01 6.546357e-01 1.231769e+00
6.606934e-01 4.071860e-01 5.030529e-01 6.471960e-01 1.235438e+00
6.760830e-01 4.017839e-01 4.979459e-01 6.398284e-01 1.239338e+00
6.918310e-01 3.964003e-01 4.929118e-01 6.325308e-01 1.243470e+00
7.079458e-01 3.910352e-01 4.879479e-01 6.253012e-01 1.247836e+00
7.244360e-01 3.856888e-01 4.830514e-01 6.181379e-01 1.252438e+00
7.413102e-01 3.803613e-01 4.782196e-01 6.110391e-01 1.257277e+00
7.585776e-01 3.750531e-01 4.734501e-01 6.040031e-01 1.262355e+00
7.762471e-01 3.697643e-01 4.687404e-01 5.970286e-01 1.267673e+00
7.943282e-01 3.644955e-01 4.640880e-01 5.901141e-01 1.273234e+00
8.128305e-01 3.592470e-01 4.594908e-01 5.832583e-01 1.279039e+00
8.317638e-01 3.540191e-01 4.549466e-01 5.764599e-01 1.285090e+00
8.511380e-01 3.488124e-01 4.504533e-01 5.697177e-01 1.291391e+00
8.709636e-01 3.436274e-01 4.460088e-01 5.630307e-01 1.297943e+00
8.912509e-01 3.384644e-01 4.416112e-01 5.563979e-01 1.304749e+00
9.120108e-01 3.333240e-01 4.372588e-01 5.498183e-01 1.311813e+00
9.332543e-01 3.282068e-01 4.329496e-01 5.432910e-01 1.319137e+00
9.549926e-01 3.231131e-01 4.286821e-01 5.368151e-01 1.326725e+00
9.772372e-01 3.180436e-01 4.244545e-01 5.303898e-01 1.334580e+00
1.000000e+00 3.129987e-01 4.202654e-01 5.240145e-01 1.342706e+00
1.023293e+00 3.079790e-01 4.161131e-01 5.176883e-01 1.351109e+00
1.047129e+00 3.029850e-01 4.119962e-01 5.114106e-01 1.359791e+00
1.071519e+00 2.980172e-01 4.079134e-01 5.051808e-01 1.368758e+00
1.096478e+00 2.930761e-01 4.038633e-01 4.989982e-01 1.378015e+00
1.122018e+00 2.881623e-01 3.998446e-01 4.928622e-01 1.387567e+00
1.148154e+00 2.832762e-01 3.958560e-01 4.867724e-01 1.397421e+00
1.174898e+00 2.784183e-01 3.918963e-01 4.807281e-01 1.407581e+00
1.202264e+00 2.735892e-01 3.879644e-01 4.747288e-01 1.418054e+00
1.230269e+00 2.687893e-01 3.840591e-01 4.687740e-01 1.428848e+00
1.258925e+00 2.640192e-01 3.801794e-01 4.628634e-01 1.439969e+00
1.288250e+00 2.592793e-01 3.763241e-01 4.569962e-01 1.451424e+00
1.318257e+00 2.545701e-01 3.724923e-01 4.511723e-01 1.463221e+00
1.348963e+00 2.498921e-01 3.686829e-01 4.453910e-01 1.475369e+00
1.380384e+00 2.452458e-01 3.648951e-01 4.396520e-01 1.487875e+00
1.412538e+00 2.406317e-01 3.611278e-01 4.339549e-01 1.500749e+00
1.445440e+00 2.360503e-01 3.573801e-01 4.282993e-01 1.514000e+00
1.479108e+00 2.315021e-01 3.536512e-01 4.226847e-01 1.527637e+00
1.513561e+00 2.269876e-01 3.499402e-01 4.171109e-01 1.541671e+00
1.548817e+00 2.225073e-01 3.462463e-01 4.115774e-01 1.556112e+00
1.584893e+00 2.180617e-01 3.425686e-01 4.060839e-01 1.570971e+00
1.621810e+00 2.136514e-01 3.389065e-01 4.006302e-01 1.586259e+00
1.659587e+00 2.092769e-01 3.352591e-01 3.952157e-01 1.601988e+00
1.698244e+00 2.049387e-01 3.316257e-01 3.898404e-01 1.618170e+00
1.737801e+00 2.006375e-01 3.280057e-01 3.845038e-01 1.634817e+00
1.778279e+00 1.963738e-01 3.243983e-01 3.792056e-01 1.651943e+00
1.819701e+00 1.921481e-01 3.208029e-01 3.739457e-01 1.669561e+00
1.862087e+00 1.879611e-01 3.172190e-01 3.687238e-01 1.687684e+00
1.905461e+00 1.838134e-01 3.136459e-01 3.635397e-01 1.706328e+00
1.949845e+00 1.797056e-01 3.100832e-01 3.583932e-01 1.725506e+00
1.995262e+00 1.756384e-01 3.065302e-01 3.532840e-01 1.745235e+00
2.041738e+00 1.716123e-01 3.029865e-01 3.482121e-01 1.765529e+00
2.089296e+00 1.676282e-01 2.994518e-01 3.431772e-01 1.786405e+00
2.137962e+00 1.636867e-01 2.959256e-01 3.381794e-01 1.807879e+00
2.187762e+00 1.597883e-01 2.924076e-01 3.332184e-01 1.829968e+00
2.238721e+00 1.559340e-01 2.888974e-01 3.282942e-01 1.852690e+00
2.290868e+00 1.521243e-01 2.853948e-01 3.234069e-01 1.876063e+00
2.344229e+00 1.483600e-01 2.818997e-01 3.185563e-01 1.900105e+00
2.398833e+00 1.446419e-01 2.784118e-01 3.137425e-01 1.924835e+00
2.454709e+00 1.409705e-01 2.749310e-01 3.089656e-01 1.950272e+00
2.511886e+00 1.373468e-01 2.714572e-01 3.042255e-01 1.976437e+00
2.570396e+00 1.337713e-01 2.679906e-01 2.995225e-01 2.003349e+00
2.630268e+00 1.302449e-01 2.645311e-01 2.948566e-01 2.031029e+00
2.691535e+00 1.267681e-01 2.610787e-01 2.902279e-01 2.059498e+00
2.754229e+00 1.233418e-01 2.576338e-01 2.856368e-01 2.088779e+00
2.818383e+00 1.199666e-01 2.541964e-01 2.810832e-01 2.118892e+00
2.884032e+00 1.166432e-01 2.507668e-01 2.765676e-01 2.149862e+00
2.951209e+00 1.133722e-01 2.473454e-01 2.720901e-01 2.181711e+00
3.019952e+00 1.101543e-01 2.439325e-01 2.676510e-01 2.214463e+00
3.090295e+00 1.069900e-01 2.405286e-01 2.632506e-01 2.248141e+00
3.162278e+00 1.038799e-01 2.371341e-01 2.588892e-01 2.282771e+00
3.235937e+00 1.008246e-01 2.337495e-01 2.545671e-01 2.318377e+00
3.311311e+00 9.782453e-02 2.303754e-01 2.502848e-01 2.354986e+00
3.388442e+00 9.488016e-02 2.270125e-01 2.460425e-01 2.392624e+00
3.467369e+00 9.199189e-02 2.236613e-01 2.418407e-01 2.431316e+00
3.548134e+00 8.916010e-02 2.203227e-01 2.376796e-01 2.471090e+00
3.630781e+00 8.638510e-02 2.169972e-01 2.335598e-01 2.511975e+00
3.715352e+00 8.366717e-02 2.136857e-01 2.294816e-01 2.553997e+00
3.801894e+00 8.100650e-02 2.103890e-01 2.254453e-01 2.597187e+00
3.890451e+00 7.840327e-02 2.071079e-01 2.214515e-01 2.641573e+00
3.981072e+00 7.585757e-02 2.038433e-01 2.175005e-01 2.687185e+00
4.073803e+00 7.336946e-02 2.005960e-01 2.135927e-01 2.734053e+00
4.168694e+00 7.093892e-02 1.973669e-01 2.097284e-01 2.782209e+00
4.265795e+00 6.856587e-02 1.941569e-01 2.059082e-01 2.831684e+00
4.365158e+00 6.625020e-02 1.909669e-01 2.021322e-01 2.882510e+00
4.466836e+00 6.399170e-02 1.877978e-01 1.984010e-01 2.934720e+00
4.570882e+00 6.179015e-02 1.846505e-01 1.947147e-01 2.988348e+00
4.677351e+00 5.964523e-02 1.815259e-01 1.910738e-01 3.043427e+00
4.786301e+00 5.755658e-02 1.784250e-01 1.874786e-01 3.099993e+00
4.897788e+00 5.552378e-02 1.753485e-01 1.839293e-01 3.158080e+00
5.011872e+00 5.354637e-02 1.722974e-01 1.804262e-01 3.217724e+00
5.128614e+00 5.162382e-02 1.692726e-01 1.769695e-01 3.278962e+00
5.248075e+00 4.975557e-02 1.662747e-01 1.735595e-01 3.341832e+00
5.370318e+00 4.794098e-02 1.633048e-01 1.701963e-01 3.406371e+00
5.495409e+00 4.617939e-02 1.603634e-01 1.668801e-01 3.472619e+00
5.623413e+00 4.447009e-02 1.574515e-01 1.636110e-01 3.540615e+00
5.754399e+00 4.281234e-02 1.545697e-01 1.603891e-01 3.610400e+00
5.888437e+00 4.120533e-02 1.517186e-01 1.572145e-01 3.682014e+00
6.025596e+00 3.964824e-02 1.488990e-01 1.540873e-01 3.755500e+00
6.165950e+00 3.814023e-02 1.461114e-01 1.510073e-01 3.830900e+00
6.309573e+00 3.668039e-02 1.433565e-01 1.479747e-01 3.908259e+00
6.456542e+00 3.526782e-02 1.406347e-01 1.449894e-01 3.987620e+00
6.606934e+00 3.390158e-02 1.379465e-01 1.420513e-01 4.069030e+00
6.760830e+00 3.258070e-02 1.352925e-01 1.391602e-01 4.152535e+00
6.918310e+00 3.130423e-02 1.326730e-01 1.363161e-01 4.238183e+00
7.079458e+00 3.007115e-02 1.300885e-01 1.335188e-01 4.326022e+00
7.244360e+00 2.888048e-02 1.275391e-01 1.307681e-01 4.416101e+00
7.413102e+00 2.773119e-02 1.250253e-01 1.280638e-01 4.508471e+00
7.585776e+00 2.662227e-02 1.225472e-01 1.254056e-01 4.603184e+00
7.762471e+00 2.555269e-02 1.201051e-01 1.227933e-01 4.700292e+00
7.943282e+00 2.452143e-02 1.176992e-01 1.202265e-01 4.799850e+00
8.128305e+00 2.352746e-02 1.153296e-01 1.177049e-01 4.901913e+00
8.317638e+00 2.256976e-02 1.129963e-01 1.152283e-01 5.006537e+00
8.511380e+00 2.164730e-02 1.106995e-01 1.127962e-01 5.113779e+00
8.709636e+00 2.075907e-02 1.084391e-01 1.104083e-01 5.223699e+00
8.912509e+00 1.990407e-02 1.062152e-01 1.080641e-01 5.336356e+00
9.120108e+00 1.908131e-02 1.040277e-01 1.057632e-01 5.451813e+00
9.332543e+00 1.828979e-02 1.018765e-01 1.035053e-01 5.570132e+00
9.549926e+00 1.752854e-02 9.976154e-02 1.012898e-01 5.691377e+00
9.772372e+00 1.679661e-02 9.768264e-02 9.911621e-02 5.815615e+00
1.000000e+01 1.609306e-02 9.563964e-02 9.698416e-02 5.942912e+00
