1.000000e-06 7.538719e+01 1.090759e+00 7.539508e+01 1.446876e-02
1.023293e-06 7.538629e+01 1.116150e+00 7.539456e+01 1.480574e-02
1.047129e-06 7.538535e+01 1.142131e+00 7.539400e+01 1.515057e-02
1.071519e-06 7.538437e+01 1.168717e+00 7.539343e+01 1.550343e-02
1.096478e-06 7.538334e+01 1.195920e+00 7.539282e+01 1.586451e-02
1.122018e-06 7.538226e+01 1.223755e+00 7.539219e+01 1.623399e-02
1.148154e-06 7.538113e+01 1.252237e+00 7.539153e+01 1.661208e-02
1.174898e-06 7.537995e+01 1.281381e+00 7.539084e+01 1.699896e-02
1.202264e-06 7.537871e+01 1.311202e+00 7.539011e+01 1.739486e-02
1.230269e-06 7.537741e+01 1.341716e+00 7.538935e+01 1.779997e-02
1.258925e-06 7.537605e+01 1.372938e+00 7.538856e+01 1.821452e-02
1.288250e-06 7.537463e+01 1.404886e+00 7.538772e+01 1.863871e-02
1.318257e-06 7.537314e+01 1.437576e+00 7.538685e+01 1.907278e-02
1.348963e-06 7.537158e+01 1.471024e+00 7.538594e+01 1.951696e-02
1.380384e-06 7.536995e+01 1.505249e+00 7.538498e+01 1.997148e-02
1.412538e-06 7.536824e+01 1.540269e+00 7.538398e+01 2.043657e-02
1.445440e-06 7.536645e+01 1.576101e+00 7.538293e+01 2.091250e-02
1.479108e-06 7.536458e+01 1.612764e+00 7.538183e+01 2.139950e-02
1.513561e-06 7.536262e+01 1.650278e+00 7.538068e+01 2.189783e-02
1.548817e-06 7.536056e+01 1.688662e+00 7.537948e+01 2.240777e-02
1.584893e-06 7.535841e+01 1.727936e+00 7.537822e+01 2.292957e-02
1.621810e-06 7.535616e+01 1.768121e+00 7.537690e+01 2.346352e-02
1.659587e-06 7.535380e+01 1.809237e+00 7.537552e+01 2.400990e-02
1.698244e-06 7.535133e+01 1.851306e+00 7.537407e+01 2.456899e-02
1.737801e-06 7.534875e+01 1.894350e+00 7.537256e+01 2.514109e-02
1.778279e-06 7.534604e+01 1.938390e+00 7.537097e+01 2.572650e-02
1.819701e-06 7.534320e+01 1.983451e+00 7.536931e+01 2.632554e-02
1.862087e-06 7.534024e+01 2.029554e+00 7.536757e+01 2.693851e-02
1.905461e-06 7.533713e+01 2.076725e+00 7.536575e+01 2.756575e-02
1.949845e-06 7.533388e+01 2.124986e+00 7.536384e+01 2.820758e-02
1.995262e-06 7.533047e+01 2.174364e+00 7.536184e+01 2.886434e-02
2.041738e-06 7.532690e+01 2.224884e+00 7.535975e+01 2.953638e-02
2.089296e-06 7.532317e+01 2.276571e+00 7.535757e+01 3.022405e-02
2.137962e-06 7.531926e+01 2.329453e+00 7.535527e+01 3.092772e-02
2.187762e-06 7.531517e+01 2.383555e+00 7.535288e+01 3.164775e-02
2.238721e-06 7.531088e+01 2.438907e+00 7.535036e+01 3.238452e-02
2.290868e-06 7.530640e+01 2.495536e+00 7.534773e+01 3.313844e-02
2.344229e-06 7.530170e+01 2.553471e+00 7.534498e+01 3.390988e-02
2.398833e-06 7.529678e+01 2.612742e+00 7.534210e+01 3.469926e-02
2.454709e-06 7.529163e+01 2.673379e+00 7.533908e+01 3.550699e-02
2.511886e-06 7.528624e+01 2.735412e+00 7.533592e+01 3.633350e-02
2.570396e-06 7.528060e+01 2.798874e+00 7.533261e+01 3.717922e-02
2.630268e-06 7.527469e+01 2.863795e+00 7.532914e+01 3.804459e-02
2.691535e-06 7.526850e+01 2.930209e+00 7.532552e+01 3.893008e-02
2.754229e-06 7.526202e+01 2.998149e+00 7.532172e+01 3.983615e-02
2.818383e-06 7.525524e+01 3.067650e+00 7.531774e+01 4.076327e-02
2.884032e-06 7.524815e+01 3.138745e+00 7.531358e+01 4.171193e-02
2.951209e-06 7.524071e+01 3.211471e+00 7.530922e+01 4.268262e-02
3.019952e-06 7.523294e+01 3.285863e+00 7.530466e+01 4.367586e-02
3.090295e-06 7.522479e+01 3.361959e+00 7.529988e+01 4.469217e-02
3.162278e-06 7.521627e+01 3.439796e+00 7.529488e+01 4.573208e-02
3.235937e-06 7.520734e+01 3.519412e+00 7.528964e+01 4.679613e-02
3.311311e-06 7.519800e+01 3.600847e+00 7.528416e+01 4.788488e-02
3.388442e-06 7.518822e+01 3.684140e+00 7.527843e+01 4.899890e-02
3.467369e-06 7.517798e+01 3.769331e+00 7.527242e+01 5.013877e-02
3.548134e-06 7.516727e+01 3.856463e+00 7.526613e+01 5.130508e-02
3.630781e-06 7.515605e+01 3.945577e+00 7.525955e+01 5.249846e-02
3.715352e-06 7.514431e+01 4.036715e+00 7.525266e+01 5.371951e-02
3.801894e-06 7.513202e+01 4.129922e+00 7.524544e+01 5.496887e-02
3.890451e-06 7.511916e+01 4.225242e+00 7.523789e+01 5.624720e-02
3.981072e-06 7.510569e+01 4.322720e+00 7.522999e+01 5.755515e-02
4.073803e-06 7.509160e+01 4.422401e+00 7.522171e+01 5.889342e-02
4.168694e-06 7.507685e+01 4.524333e+00 7.521305e+01 6.026269e-02
4.265795e-06 7.506141e+01 4.628562e+00 7.520399e+01 6.166367e-02
4.365158e-06 7.504526e+01 4.735137e+00 7.519450e+01 6.309709e-02
4.466836e-06 7.502835e+01 4.844107e+00 7.518456e+01 6.456369e-02
4.570882e-06 7.501065e+01 4.955521e+00 7.517417e+01 6.606423e-02
4.677351e-06 7.499213e+01 5.069430e+00 7.516328e+01 6.759948e-02
4.786301e-06 7.497275e+01 5.185884e+00 7.515190e+01 6.917024e-02
4.897788e-06 7.495248e+01 5.304935e+00 7.513998e+01 7.077732e-02
5.011872e-06 7.493125e+01 5.426636e+00 7.512750e+01 7.242153e-02
5.128614e-06 7.490905e+01 5.551040e+00 7.511444e+01 7.410373e-02
5.248075e-06 7.488581e+01 5.678200e+00 7.510078e+01 7.582477e-02
5.370318e-06 7.486150e+01 5.808170e+00 7.508648e+01 7.758554e-02
5.495409e-06 7.483607e+01 5.941006e+00 7.507152e+01 7.938694e-02
5.623413e-06 7.480946e+01 6.076763e+00 7.505586e+01 8.122988e-02
5.754399e-06 7.478161e+01 6.215497e+00 7.503947e+01 8.311531e-02
5.888437e-06 7.475249e+01 6.357264e+00 7.502232e+01 8.504418e-02
6.025596e-06 7.472202e+01 6.502121e+00 7.500438e+01 8.701747e-02
6.165950e-06 7.469015e+01 6.650126e+00 7.498561e+01 8.903619e-02
6.309573e-06 7.465681e+01 6.801335e+00 7.496597e+01 9.110133e-02
6.456542e-06 7.462193e+01 6.955806e+00 7.494542e+01 9.321396e-02
6.606934e-06 7.458546e+01 7.113598e+00 7.492392e+01 9.537513e-02
6.760830e-06 7.454732e+01 7.274768e+00 7.490143e+01 9.758592e-02
6.918310e-06 7.450743e+01 7.439375e+00 7.487791e+01 9.984743e-02
7.079458e-06 7.446571e+01 7.607477e+00 7.485330e+01 1.021608e-01
7.244360e-06 7.442209e+01 7.779131e+00 7.482755e+01 1.045272e-01
7.413102e-06 7.437648e+01 7.954396e+00 7.480062e+01 1.069477e-01
7.585776e-06 7.432880e+01 8.133328e+00 7.477246e+01 1.094236e-01
7.762471e-06 7.427894e+01 8.315985e+00 7.474301e+01 1.119562e-01
7.943282e-06 7.422683e+01 8.502423e+00 7.471220e+01 1.145465e-01
8.128305e-06 7.417236e+01 8.692698e+00 7.467999e+01 1.171959e-01
8.317638e-06 7.411542e+01 8.886865e+00 7.464631e+01 1.199057e-01
8.511380e-06 7.405591e+01 9.084976e+00 7.461109e+01 1.226773e-01
8.709636e-06 7.399373e+01 9.287086e+00 7.457427e+01 1.255118e-01
8.912509e-06 7.392875e+01 9.493245e+00 7.453577e+01 1.284107e-01
9.120108e-06 7.386086e+01 9.703503e+00 7.449553e+01 1.313754e-01
9.332543e-06 7.378993e+01 9.917908e+00 7.445347e+01 1.344073e-01
9.549926e-06 7.371584e+01 1.013651e+01 7.440950e+01 1.375078e-01
9.772372e-06 7.363845e+01 1.035934e+01 7.436355e+01 1.406784e-01
1.000000e-05 7.355763e+01 1.058646e+01 7.431553e+01 1.439206e-01
1.023293e-05 7.347323e+01 1.081789e+01 7.426535e+01 1.472358e-01
1.047129e-05 7.338511e+01 1.105367e+01 7.421292e+01 1.506255e-01
1.071519e-05 7.329311e+01 1.129384e+01 7.415815e+01 1.540915e-01
1.096478e-05 7.319708e+01 1.153843e+01 7.410093e+01 1.576351e-01
1.122018e-05 7.309686e+01 1.178745e+01 7.404117e+01 1.612580e-01
1.148154e-05 7.299227e+01 1.204094e+01 7.397875e+01 1.649619e-01
1.174898e-05 7.288315e+01 1.229891e+01 7.391357e+01 1.687483e-01
1.202264e-05 7.276931e+01 1.256137e+01 7.384552e+01 1.726190e-01
1.230269e-05 7.265057e+01 1.282832e+01 7.377447e+01 1.765756e-01
1.258925e-05 7.252675e+01 1.309977e+01 7.370030e+01 1.806198e-01
1.288250e-05 7.239765e+01 1.337571e+01 7.362289e+01 1.847533e-01
1.318257e-05 7.226307e+01 1.365613e+01 7.354211e+01 1.889780e-01
1.348963e-05 7.212281e+01 1.394101e+01 7.345782e+01 1.932955e-01
1.380384e-05 7.197665e+01 1.423033e+01 7.336988e+01 1.977076e-01
1.412538e-05 7.182438e+01 1.452404e+01 7.327816e+01 2.022161e-01
1.445440e-05 7.166579e+01 1.482212e+01 7.318251e+01 2.068228e-01
1.479108e-05 7.150064e+01 1.512450e+01 7.308277e+01 2.115295e-01
1.513561e-05 7.132872e+01 1.543112e+01 7.297880e+01 2.163381e-01
1.548817e-05 7.114978e+01 1.574191e+01 7.287042e+01 2.212504e-01
1.584893e-05 7.096359e+01 1.605680e+01 7.275749e+01 2.262681e-01
1.621810e-05 7.076992e+01 1.637568e+01 7.263983e+01 2.313933e-01
1.659587e-05 7.056851e+01 1.669846e+01 7.251726e+01 2.366276e-01
1.698244e-05 7.035913e+01 1.702501e+01 7.238963e+01 2.419729e-01
1.737801e-05 7.014153e+01 1.735520e+01 7.225674e+01 2.474312e-01
1.778279e-05 6.991544e+01 1.768889e+01 7.211842e+01 2.530041e-01
1.819701e-05 6.968064e+01 1.802593e+01 7.197448e+01 2.586935e-01
1.862087e-05 6.943685e+01 1.836614e+01 7.182472e+01 2.645013e-01
1.905461e-05 6.918384e+01 1.870933e+01 7.166898e+01 2.704291e-01
1.949845e-05 6.892134e+01 1.905530e+01 7.150703e+01 2.764789e-01
1.995262e-05 6.864912e+01 1.940383e+01 7.133870e+01 2.826522e-01
2.041738e-05 6.836693e+01 1.975468e+01 7.116378e+01 2.889508e-01
2.089296e-05 6.807451e+01 2.010761e+01 7.098208e+01 2.953764e-01
2.137962e-05 6.777165e+01 2.046234e+01 7.079338e+01 3.019306e-01
2.187762e-05 6.745809e+01 2.081858e+01 7.059750e+01 3.086150e-01
2.238721e-05 6.713363e+01 2.117603e+01 7.039423e+01 3.154310e-01
2.290868e-05 6.679803e+01 2.153436e+01 7.018337e+01 3.223802e-01
2.344229e-05 6.645110e+01 2.189324e+01 6.996472e+01 3.294639e-01
2.398833e-05 6.609263e+01 2.225229e+01 6.973808e+01 3.366834e-01
2.454709e-05 6.572244e+01 2.261115e+01 6.950325e+01 3.440400e-01
2.511886e-05 6.534035e+01 2.296940e+01 6.926005e+01 3.515348e-01
2.570396e-05 6.494621e+01 2.332665e+01 6.900828e+01 3.591688e-01
2.630268e-05 6.453987e+01 2.368245e+01 6.874775e+01 3.669429e-01
2.691535e-05 6.412122e+01 2.403635e+01 6.847830e+01 3.748580e-01
2.754229e-05 6.369014e+01 2.438790e+01 6.819973e+01 3.829148e-01
2.818383e-05 6.324656e+01 2.473659e+01 6.791190e+01 3.911136e-01
2.884032e-05 6.279040e+01 2.508194e+01 6.761463e+01 3.994550e-01
2.951209e-05 6.232164e+01 2.542343e+01 6.730779e+01 4.079391e-01
3.019952e-05 6.184026e+01 2.576054e+01 6.699122e+01 4.165659e-01
3.090295e-05 6.134628e+01 2.609274e+01 6.666481e+01 4.253353e-01
3.162278e-05 6.083973e+01 2.641946e+01 6.632843e+01 4.342469e-01
3.235937e-05 6.032069e+01 2.674017e+01 6.598198e+01 4.433001e-01
3.311311e-05 5.978926e+01 2.705429e+01 6.562538e+01 4.524941e-01
3.388442e-05 5.924557e+01 2.736126e+01 6.525853e+01 4.618279e-01
3.467369e-05 5.868980e+01 2.766050e+01 6.488140e+01 4.713000e-01
3.548134e-05 5.812214e+01 2.795146e+01 6.449393e+01 4.809089e-01
3.630781e-05 5.754283e+01 2.823354e+01 6.409610e+01 4.906527e-01
3.715352e-05 5.695213e+01 2.850620e+01 6.368790e+01 5.005291e-01
3.801894e-05 5.635035e+01 2.876886e+01 6.326934e+01 5.105357e-01
3.890451e-05 5.573784e+01 2.902099e+01 6.284047e+01 5.206694e-01
3.981072e-05 5.511496e+01 2.926202e+01 6.240132e+01 5.309270e-01
4.073803e-05 5.448213e+01 2.949145e+01 6.195198e+01 5.413050e-01
4.168694e-05 5.383979e+01 2.970876e+01 6.149255e+01 5.517992e-01
4.265795e-05 5.318842e+01 2.991345e+01 6.102313e+01 5.624053e-01
4.365158e-05 5.252854e+01 3.010507e+01 6.054389e+01 5.731183e-01
4.466836e-05 5.186068e+01 3.028316e+01 6.005497e+01 5.839330e-01
4.570882e-05 5.118541e+01 3.044731e+01 5.955657e+01 5.948435e-01
4.677351e-05 5.050335e+01 3.059713e+01 5.904890e+01 6.058437e-01
4.786301e-05 4.981511e+01 3.073227e+01 5.853219e+01 6.169267e-01
4.897788e-05 4.912135e+01 3.085239e+01 5.800670e+01 6.280853e-01
5.011872e-05 4.842274e+01 3.095723e+01 5.747270e+01 6.393118e-01
5.128614e-05 4.771998e+01 3.104652e+01 5.693051e+01 6.505979e-01
5.248075e-05 4.701377e+01 3.112005e+01 5.638043e+01 6.619349e-01
5.370318e-05 4.630485e+01 3.117767e+01 5.582281e+01 6.733133e-01
5.495409e-05 4.559394e+01 3.121923e+01 5.525801e+01 6.847233e-01
5.623413e-05 4.488179e+01 3.124466e+01 5.468641e+01 6.961545e-01
5.754399e-05 4.416915e+01 3.125391e+01 5.410841e+01 7.075960e-01
5.888437e-05 4.345676e+01 3.124698e+01 5.352442e+01 7.190362e-01
6.025596e-05 4.274538e+01 3.122392e+01 5.293487e+01 7.304631e-01
6.165950e-05 4.203574e+01 3.118482e+01 5.234020e+01 7.418643e-01
6.309573e-05 4.132859e+01 3.112979e+01 5.174085e+01 7.532266e-01
6.456542e-05 4.062464e+01 3.105902e+01 5.113731e+01 7.645366e-01
6.606934e-05 3.992461e+01 3.097272e+01 5.053003e+01 7.757802e-01
6.760830e-05 3.922918e+01 3.087113e+01 4.991949e+01 7.869431e-01
6.918310e-05 3.853905e+01 3.075455e+01 4.930619e+01 7.980103e-01
7.079458e-05 3.785484e+01 3.062330e+01 4.869061e+01 8.089666e-01
7.244360e-05 3.717720e+01 3.047774e+01 4.807325e+01 8.197965e-01
7.413102e-05 3.650673e+01 3.031826e+01 4.745459e+01 8.304841e-01
7.585776e-05 3.584398e+01 3.014527e+01 4.683512e+01 8.410133e-01
7.762471e-05 3.518952e+01 2.995923e+01 4.621534e+01 8.513678e-01
7.943282e-05 3.454385e+01 2.976060e+01 4.559573e+01 8.615310e-01
8.128305e-05 3.390745e+01 2.954988e+01 4.497677e+01 8.714863e-01
8.317638e-05 3.328075e+01 2.932757e+01 4.435893e+01 8.812173e-01
8.511380e-05 3.266418e+01 2.909422e+01 4.374268e+01 8.907073e-01
8.709636e-05 3.205810e+01 2.885036e+01 4.312847e+01 8.999398e-01
8.912509e-05 3.146285e+01 2.859654e+01 4.251674e+01 9.088986e-01
9.120108e-05 3.087874e+01 2.833333e+01 4.190792e+01 9.175675e-01
9.332543e-05 3.030603e+01 2.806129e+01 4.130244e+01 9.259310e-01
9.549926e-05 2.974496e+01 2.778101e+01 4.070070e+01 9.339735e-01
9.772372e-05 2.919573e+01 2.749304e+01 4.010309e+01 9.416803e-01
1.000000e-04 2.865850e+01 2.719797e+01 3.950999e+01 9.490370e-01
1.023293e-04 2.813340e+01 2.689637e+01 3.892175e+01 9.560299e-01
1.047129e-04 2.762053e+01 2.658879e+01 3.833872e+01 9.626460e-01
1.071519e-04 2.711996e+01 2.627579e+01 3.776122e+01 9.688730e-01
1.096478e-04 2.663173e+01 2.595793e+01 3.718956e+01 9.746995e-01
1.122018e-04 2.615586e+01 2.563574e+01 3.662404e+01 9.801149e-01
1.148154e-04 2.569232e+01 2.530975e+01 3.606492e+01 9.851097e-01
1.174898e-04 2.524107e+01 2.498047e+01 3.551247e+01 9.896753e-01
1.202264e-04 2.480206e+01 2.464839e+01 3.496692e+01 9.938041e-01
1.230269e-04 2.437519e+01 2.431401e+01 3.442849e+01 9.974898e-01
1.258925e-04 2.396036e+01 2.397778e+01 3.389739e+01 1.000727e+00
1.288250e-04 2.355744e+01 2.364016e+01 3.337379e+01 1.003511e+00
1.318257e-04 2.316628e+01 2.330158e+01 3.285787e+01 1.005840e+00
1.348963e-04 2.278672e+01 2.296245e+01 3.234979e+01 1.007712e+00
1.380384e-04 2.241859e+01 2.262317e+01 3.184967e+01 1.009125e+00
1.412538e-04 2.206170e+01 2.228412e+01 3.135763e+01 1.010082e+00
1.445440e-04 2.171585e+01 2.194566e+01 3.087378e+01 1.010582e+00
1.479108e-04 2.138083e+01 2.160812e+01 3.039820e+01 1.010630e+00
1.513561e-04 2.105642e+01 2.127183e+01 2.993098e+01 1.010230e+00
1.548817e-04 2.074238e+01 2.093709e+01 2.947216e+01 1.009387e+00
1.584893e-04 2.043850e+01 2.060418e+01 2.902179e+01 1.008106e+00
1.621810e-04 2.014452e+01 2.027338e+01 2.857992e+01 1.006397e+00
1.659587e-04 1.986021e+01 1.994493e+01 2.814655e+01 1.004266e+00
1.698244e-04 1.958532e+01 1.961906e+01 2.772169e+01 1.001723e+00
1.737801e-04 1.931959e+01 1.929599e+01 2.730535e+01 9.987783e-01
1.778279e-04 1.906279e+01 1.897592e+01 2.689750e+01 9.954429e-01
1.819701e-04 1.881466e+01 1.865903e+01 2.649813e+01 9.917284e-01
1.862087e-04 1.857495e+01 1.834549e+01 2.610720e+01 9.876470e-01
1.905461e-04 1.834341e+01 1.803545e+01 2.572466e+01 9.832119e-01
1.949845e-04 1.811979e+01 1.772906e+01 2.535047e+01 9.784364e-01
1.995262e-04 1.790385e+01 1.742644e+01 2.498457e+01 9.733345e-01
2.041738e-04 1.769535e+01 1.712770e+01 2.462688e+01 9.679207e-01
2.089296e-04 1.749405e+01 1.683294e+01 2.427735e+01 9.622096e-01
2.137962e-04 1.729971e+01 1.654226e+01 2.393588e+01 9.562161e-01
2.187762e-04 1.711210e+01 1.625573e+01 2.360239e+01 9.499554e-01
2.238721e-04 1.693100e+01 1.597343e+01 2.327680e+01 9.434429e-01
2.290868e-04 1.675618e+01 1.569541e+01 2.295900e+01 9.366939e-01
2.344229e-04 1.658743e+01 1.542173e+01 2.264889e+01 9.297238e-01
2.398833e-04 1.642453e+01 1.515242e+01 2.234638e+01 9.225480e-01
2.454709e-04 1.626728e+01 1.488752e+01 2.205136e+01 9.151819e-01
2.511886e-04 1.611547e+01 1.462705e+01 2.176371e+01 9.076406e-01
2.570396e-04 1.596891e+01 1.437105e+01 2.148332e+01 8.999391e-01
2.630268e-04 1.582741e+01 1.411951e+01 2.121008e+01 8.920923e-01
2.691535e-04 1.569078e+01 1.387246e+01 2.094387e+01 8.841149e-01
2.754229e-04 1.555885e+01 1.362988e+01 2.068457e+01 8.760212e-01
2.818383e-04 1.543143e+01 1.339179e+01 2.043206e+01 8.678253e-01
2.884032e-04 1.530836e+01 1.315816e+01 2.018621e+01 8.595410e-01
2.951209e-04 1.518947e+01 1.292901e+01 1.994691e+01 8.511819e-01
3.019952e-04 1.507461e+01 1.270429e+01 1.971403e+01 8.427609e-01
3.090295e-04 1.496362e+01 1.248401e+01 1.948745e+01 8.342910e-01
3.162278e-04 1.485635e+01 1.226815e+01 1.926703e+01 8.257846e-01
3.235937e-04 1.475265e+01 1.205666e+01 1.905266e+01 8.172539e-01
3.311311e-04 1.465240e+01 1.184954e+01 1.884421e+01 8.087104e-01
3.388442e-04 1.455544e+01 1.164676e+01 1.864156e+01 8.001656e-01
3.467369e-04 1.446165e+01 1.144828e+01 1.844458e+01 7.916306e-01
3.548134e-04 1.437090e+01 1.125408e+01 1.825313e+01 7.831158e-01
3.630781e-04 1.428307e+01 1.106411e+01 1.806711e+01 7.746315e-01
3.715352e-04 1.419803e+01 1.087836e+01 1.788639e+01 7.661877e-01
3.801894e-04 1.411568e+01 1.069678e+01 1.771083e+01 7.577939e-01
3.890451e-04 1.403590e+01 1.051933e+01 1.754032e+01 7.494592e-01
3.981072e-04 1.395857e+01 1.034599e+01 1.737473e+01 7.411924e-01
4.073803e-04 1.388361e+01 1.017671e+01 1.721395e+01 7.330020e-01
4.168694e-04 1.381088e+01 1.001146e+01 1.705784e+01 7.248962e-01
4.265795e-04 1.374031e+01 9.850192e+00 1.690629e+01 7.168826e-01
4.365158e-04 1.367179e+01 9.692875e+00 1.675917e+01 7.089688e-01
4.466836e-04 1.360523e+01 9.539467e+00 1.661637e+01 7.011618e-01
4.570882e-04 1.354052e+01 9.389928e+00 1.647776e+01 6.934685e-01
4.677351e-04 1.347759e+01 9.244219e+00 1.634323e+01 6.858954e-01
4.786301e-04 1.341634e+01 9.102299e+00 1.621265e+01 6.784486e-01
4.897788e-04 1.335669e+01 8.964128e+00 1.608592e+01 6.711341e-01
5.011872e-04 1.329854e+01 8.829664e+00 1.596290e+01 6.639573e-01
5.128614e-04 1.324182e+01 8.698868e+00 1.584349e+01 6.569236e-01
5.248075e-04 1.318645e+01 8.571696e+00 1.572757e+01 6.500381e-01
5.370318e-04 1.313234e+01 8.448109e+00 1.561503e+01 6.433055e-01
5.495409e-04 1.307942e+01 8.328064e+00 1.550574e+01 6.367301e-01
5.623413e-04 1.302761e+01 8.211519e+00 1.539960e+01 6.303164e-01
5.754399e-04 1.297684e+01 8.098432e+00 1.529650e+01 6.240681e-01
5.888437e-04 1.292702e+01 7.988760e+00 1.519632e+01 6.179891e-01
6.025596e-04 1.287810e+01 7.882459e+00 1.509896e+01 6.120827e-01
6.165950e-04 1.282998e+01 7.779488e+00 1.500430e+01 6.063522e-01
6.309573e-04 1.278261e+01 7.679802e+00 1.491223e+01 6.008006e-01
6.456542e-04 1.273592e+01 7.583356e+00 1.482265e+01 5.954306e-01
6.606934e-04 1.268983e+01 7.490107e+00 1.473545e+01 5.902448e-01
6.760830e-04 1.264428e+01 7.400010e+00 1.465053e+01 5.852455e-01
6.918310e-04 1.259921e+01 7.313019e+00 1.456778e+01 5.804348e-01
7.079458e-04 1.255454e+01 7.229088e+00 1.448711e+01 5.758146e-01
7.244360e-04 1.251022e+01 7.148171e+00 1.440840e+01 5.713867e-01
7.413102e-04 1.246617e+01 7.070220e+00 1.433155e+01 5.671525e-01
7.585776e-04 1.242234e+01 6.995188e+00 1.425648e+01 5.631135e-01
7.762471e-04 1.237867e+01 6.923027e+00 1.418308e+01 5.592708e-01
7.943282e-04 1.233509e+01 6.853688e+00 1.411125e+01 5.556253e-01
8.128305e-04 1.229155e+01 6.787121e+00 1.404091e+01 5.521779e-01
8.317638e-04 1.224798e+01 6.723275e+00 1.397195e+01 5.489293e-01
8.511380e-04 1.220433e+01 6.662101e+00 1.390429e+01 5.458799e-01
8.709636e-04 1.216055e+01 6.603545e+00 1.383784e+01 5.430301e-01
8.912509e-04 1.211657e+01 6.547555e+00 1.377250e+01 5.403801e-01
9.120108e-04 1.207235e+01 6.494077e+00 1.370820e+01 5.379299e-01
9.332543e-04 1.202782e+01 6.443058e+00 1.364484e+01 5.356795e-01
9.549926e-04 1.198294e+01 6.394442e+00 1.358234e+01 5.336286e-01
9.772372e-04 1.193766e+01 6.348173e+00 1.352062e+01 5.317769e-01
1.000000e-03 1.189193e+01 6.304193e+00 1.345960e+01 5.301238e-01
1.023293e-03 1.184569e+01 6.262446e+00 1.339920e+01 5.286689e-01
1.047129e-03 1.179890e+01 6.222871e+00 1.333934e+01 5.274113e-01
1.071519e-03 1.175151e+01 6.185410e+00 1.327996e+01 5.263503e-01
1.096478e-03 1.170348e+01 6.150001e+00 1.322097e+01 5.254848e-01
1.122018e-03 1.165477e+01 6.116583e+00 1.316230e+01 5.248138e-01
1.148154e-03 1.160533e+01 6.085094e+00 1.310389e+01 5.243361e-01
1.174898e-03 1.155513e+01 6.055469e+00 1.304567e+01 5.240505e-01
1.202264e-03 1.150411e+01 6.027645e+00 1.298758e+01 5.239556e-01
1.230269e-03 1.145226e+01 6.001556e+00 1.292954e+01 5.240498e-01
1.258925e-03 1.139953e+01 5.977136e+00 1.287150e+01 5.243317e-01
1.288250e-03 1.134589e+01 5.954317e+00 1.281340e+01 5.247995e-01
1.318257e-03 1.129131e+01 5.933033e+00 1.275517e+01 5.254514e-01
1.348963e-03 1.123575e+01 5.913214e+00 1.269678e+01 5.262857e-01
1.380384e-03 1.117919e+01 5.894791e+00 1.263815e+01 5.273002e-01
1.412538e-03 1.112161e+01 5.877694e+00 1.257925e+01 5.284931e-01
1.445440e-03 1.106298e+01 5.861852e+00 1.252002e+01 5.298620e-01
1.479108e-03 1.100328e+01 5.847194e+00 1.246041e+01 5.314049e-01
1.513561e-03 1.094248e+01 5.833648e+00 1.240038e+01 5.331193e-01
1.548817e-03 1.088058e+01 5.821141e+00 1.233988e+01 5.350028e-01
1.584893e-03 1.081756e+01 5.809601e+00 1.227889e+01 5.370529e-01
1.621810e-03 1.075340e+01 5.798956e+00 1.221735e+01 5.392670e-01
1.659587e-03 1.068810e+01 5.789130e+00 1.215523e+01 5.416424e-01
1.698244e-03 1.062165e+01 5.780052e+00 1.209250e+01 5.441763e-01
1.737801e-03 1.055405e+01 5.771647e+00 1.202912e+01 5.468658e-01
1.778279e-03 1.048528e+01 5.763842e+00 1.196508e+01 5.497078e-01
1.819701e-03 1.041536e+01 5.756564e+00 1.190033e+01 5.526993e-01
1.862087e-03 1.034429e+01 5.749739e+00 1.183486e+01 5.558370e-01
1.905461e-03 1.027207e+01 5.743294e+00 1.176864e+01 5.591177e-01
1.949845e-03 1.019871e+01 5.737158e+00 1.170165e+01 5.625378e-01
1.995262e-03 1.012422e+01 5.731259e+00 1.163388e+01 5.660940e-01
2.041738e-03 1.004862e+01 5.725524e+00 1.156531e+01 5.697824e-01
2.089296e-03 9.971917e+00 5.719885e+00 1.149592e+01 5.735993e-01
2.137962e-03 9.894141e+00 5.714271e+00 1.142571e+01 5.775409e-01
2.187762e-03 9.815311e+00 5.708615e+00 1.135467e+01 5.816030e-01
2.238721e-03 9.735451e+00 5.702849e+00 1.128280e+01 5.857816e-01
2.290868e-03 9.654590e+00 5.696907e+00 1.121008e+01 5.900724e-01
2.344229e-03 9.572759e+00 5.690726e+00 1.113652e+01 5.944708e-01
2.398833e-03 9.489989e+00 5.684242e+00 1.106212e+01 5.989725e-01
2.454709e-03 9.406318e+00 5.677395e+00 1.098688e+01 6.035726e-01
2.511886e-03 9.321784e+00 5.670127e+00 1.091082e+01 6.082663e-01
2.570396e-03 9.236427e+00 5.662379e+00 1.083393e+01 6.130486e-01
2.630268e-03 9.150290e+00 5.654097e+00 1.075624e+01 6.179145e-01
2.691535e-03 9.063421e+00 5.645230e+00 1.067774e+01 6.228587e-01
2.754229e-03 8.975865e+00 5.635727e+00 1.059847e+01 6.278756e-01
2.818383e-03 8.887673e+00 5.625540e+00 1.051843e+01 6.329598e-01
2.884032e-03 8.798897e+00 5.614626e+00 1.043765e+01 6.381056e-01
2.951209e-03 8.709591e+00 5.602942e+00 1.035615e+01 6.433071e-01
3.019952e-03 8.619809e+00 5.590449e+00 1.027396e+01 6.485584e-01
3.090295e-03 8.529609e+00 5.577113e+00 1.019110e+01 6.538533e-01
3.162278e-03 8.439050e+00 5.562901e+00 1.010759e+01 6.591857e-01
3.235937e-03 8.348190e+00 5.547782e+00 1.002348e+01 6.645491e-01
3.311311e-03 8.257090e+00 5.531732e+00 9.938793e+00 6.699372e-01
3.388442e-03 8.165812e+00 5.514728e+00 9.853564e+00 6.753434e-01
3.467369e-03 8.074418e+00 5.496750e+00 9.767829e+00 6.807612e-01
3.548134e-03 7.982970e+00 5.477784e+00 9.681629e+00 6.861837e-01
3.630781e-03 7.891532e+00 5.457816e+00 9.595000e+00 6.916042e-01
3.715352e-03 7.800165e+00 5.436840e+00 9.507986e+00 6.970160e-01
3.801894e-03 7.708932e+00 5.414849e+00 9.420628e+00 7.024123e-01
3.890451e-03 7.617897e+00 5.391842e+00 9.332969e+00 7.077861e-01
3.981072e-03 7.527120e+00 5.367821e+00 9.245055e+00 7.131308e-01
4.073803e-03 7.436662e+00 5.342792e+00 9.156930e+00 7.184395e-01
4.168694e-03 7.346584e+00 5.316763e+00 9.068642e+00 7.237055e-01
4.265795e-03 7.256943e+00 5.289747e+00 8.980236e+00 7.289222e-01
4.365158e-03 7.167798e+00 5.261758e+00 8.891761e+00 7.340830e-01
4.466836e-03 7.079203e+00 5.232816e+00 8.803265e+00 7.391815e-01
4.570882e-03 6.991213e+00 5.202941e+00 8.714795e+00 7.442116e-01
4.677351e-03 6.903879e+00 5.172158e+00 8.626399e+00 7.491670e-01
4.786301e-03 6.817251e+00 5.140494e+00 8.538126e+00 7.540419e-01
4.897788e-03 6.731378e+00 5.107977e+00 8.450022e+00 7.588308e-01
5.011872e-03 6.646304e+00 5.074639e+00 8.362136e+00 7.635281e-01
5.128614e-03 6.562071e+00 5.040515e+00 8.274513e+00 7.681287e-01
5.248075e-03 6.478721e+00 5.005640e+00 8.187201e+00 7.726279e-01
5.370318e-03 6.396289e+00 4.970052e+00 8.100243e+00 7.770212e-01
5.495409e-03 6.314812e+00 4.933790e+00 8.013684e+00 7.813043e-01
5.623413e-03 6.234321e+00 4.896895e+00 7.927568e+00 7.854736e-01
5.754399e-03 6.154844e+00 4.859407e+00 7.841935e+00 7.895257e-01
5.888437e-03 6.076408e+00 4.821372e+00 7.756826e+00 7.934576e-01
6.025596e-03 5.999035e+00 4.782831e+00 7.672281e+00 7.972667e-01
6.165950e-03 5.922747e+00 4.743830e+00 7.588336e+00 8.009510e-01
6.309573e-03 5.847559e+00 4.704412e+00 7.505028e+00 8.045087e-01
6.456542e-03 5.773487e+00 4.664624e+00 7.422390e+00 8.079387e-01
6.606934e-03 5.700542e+00 4.624509e+00 7.340454e+00 8.112403e-01
6.760830e-03 5.628733e+00 4.584114e+00 7.259251e+00 8.144131e-01
6.918310e-03 5.558065e+00 4.543482e+00 7.178810e+00 8.174575e-01
7.079458e-03 5.488541e+00 4.502657e+00 7.099155e+00 8.203740e-01
7.244360e-03 5.420164e+00 4.461683e+00 7.020313e+00 8.231640e-01
7.413102e-03 5.352929e+00 4.420603e+00 6.942304e+00 8.258289e-01
7.585776e-03 5.286834e+00 4.379459e+00 6.865150e+00 8.283709e-01
7.762471e-03 5.221872e+00 4.338292e+00 6.788867e+00 8.307925e-01
7.943282e-03 5.158033e+00 4.297140e+00 6.713473e+00 8.330967e-01
8.128305e-03 5.095308e+00 4.256044e+00 6.638981e+00 8.352869e-01
8.317638e-03 5.033683e+00 4.215039e+00 6.565403e+00 8.373668e-01
8.511380e-03 4.973143e+00 4.174161e+00 6.492748e+00 8.393407e-01
8.709636e-03 4.913672e+00 4.133445e+00 6.421024e+00 8.412130e-01
8.912509e-03 4.855253e+00 4.092923e+00 6.350237e+00 8.429886e-01
9.120108e-03 4.797866e+00 4.052627e+00 6.280390e+00 8.446727e-01
9.332543e-03 4.741490e+00 4.012584e+00 6.211486e+00 8.462708e-01
9.549926e-03 4.686103e+00 3.972824e+00 6.143524e+00 8.477884e-01
9.772372e-03 4.631682e+00 3.933371e+00 6.076503e+00 8.492317e-01
1.000000e-02 4.578204e+00 3.894250e+00 6.010419e+00 8.506066e-01
1.023293e-02 4.525644e+00 3.855484e+00 5.945267e+00 8.519194e-01
1.047129e-02 4.473975e+00 3.817091e+00 5.881041e+00 8.531767e-01
1.071519e-02 4.423173e+00 3.779092e+00 5.817731e+00 8.543848e-01
1.096478e-02 4.373211e+00 3.741503e+00 5.755330e+00 8.555506e-01
1.122018e-02 4.324062e+00 3.704339e+00 5.693825e+00 8.566805e-01
1.148154e-02 4.275698e+00 3.667614e+00 5.633204e+00 8.577813e-01
1.174898e-02 4.228094e+00 3.631339e+00 5.573455e+00 8.588597e-01
1.202264e-02 4.181221e+00 3.595525e+00 5.514564e+00 8.599223e-01
1.230269e-02 4.135053e+00 3.560181e+00 5.456515e+00 8.609758e-01
1.258925e-02 4.089563e+00 3.525312e+00 5.399291e+00 8.620266e-01
1.288250e-02 4.044723e+00 3.490924e+00 5.342877e+00 8.630812e-01
1.318257e-02 4.000508e+00 3.457022e+00 5.287255e+00 8.641459e-01
1.348963e-02 3.956891e+00 3.423608e+00 5.232406e+00 8.652268e-01
1.380384e-02 3.913846e+00 3.390683e+00 5.178313e+00 8.663301e-01
1.412538e-02 3.871349e+00 3.358247e+00 5.124955e+00 8.674616e-01
1.445440e-02 3.829375e+00 3.326298e+00 5.072315e+00 8.686269e-01
1.479108e-02 3.787900e+00 3.294835e+00 5.020371e+00 8.698315e-01
1.513561e-02 3.746901e+00 3.263853e+00 4.969104e+00 8.710807e-01
1.548817e-02 3.706354e+00 3.233348e+00 4.918495e+00 8.723796e-01
1.584893e-02 3.666238e+00 3.203313e+00 4.868523e+00 8.737331e-01
1.621810e-02 3.626532e+00 3.173744e+00 4.819168e+00 8.751457e-01
1.659587e-02 3.587215e+00 3.144631e+00 4.770410e+00 8.766218e-01
1.698244e-02 3.548268e+00 3.115967e+00 4.722230e+00 8.781657e-01
1.737801e-02 3.509671e+00 3.087742e+00 4.674606e+00 8.797811e-01
1.778279e-02 3.471407e+00 3.059948e+00 4.627521e+00 8.814718e-01
1.819701e-02 3.433459e+00 3.032573e+00 4.580954e+00 8.832412e-01
1.862087e-02 3.395811e+00 3.005606e+00 4.534887e+00 8.850924e-01
1.905461e-02 3.358446e+00 2.979036e+00 4.489300e+00 8.870283e-01
1.949845e-02 3.321350e+00 2.952851e+00 4.444176e+00 8.890515e-01
1.995262e-02 3.284510e+00 2.927039e+00 4.399496e+00 8.911645e-01
2.041738e-02 3.247913e+00 2.901586e+00 4.355243e+00 8.933692e-01
2.089296e-02 3.211548e+00 2.876479e+00 4.311400e+00 8.956677e-01
2.137962e-02 3.175402e+00 2.851705e+00 4.267950e+00 8.980613e-01
2.187762e-02 3.139466e+00 2.827250e+00 4.224877e+00 9.005515e-01
2.238721e-02 3.103730e+00 2.803100e+00 4.182166e+00 9.031392e-01
2.290868e-02 3.068187e+00 2.779241e+00 4.139801e+00 9.058251e-01
2.344229e-02 3.032829e+00 2.755658e+00 4.097768e+00 9.086097e-01
2.398833e-02 2.997650e+00 2.732337e+00 4.056053e+00 9.114932e-01
2.454709e-02 2.962643e+00 2.709264e+00 4.014643e+00 9.144754e-01
2.511886e-02 2.927804e+00 2.686424e+00 3.973526e+00 9.175559e-01
2.570396e-02 2.893129e+00 2.663802e+00 3.932688e+00 9.207340e-01
2.630268e-02 2.858615e+00 2.641385e+00 3.892120e+00 9.240086e-01
2.691535e-02 2.824261e+00 2.619158e+00 3.851810e+00 9.273783e-01
2.754229e-02 2.790064e+00 2.597108e+00 3.811749e+00 9.308417e-01
2.818383e-02 2.756025e+00 2.575220e+00 3.771927e+00 9.343966e-01
2.884032e-02 2.722143e+00 2.553481e+00 3.732336e+00 9.380410e-01
2.951209e-02 2.688420e+00 2.531879e+00 3.692968e+00 9.417721e-01
3.019952e-02 2.654858e+00 2.510400e+00 3.653817e+00 9.455872e-01
3.090295e-02 2.621459e+00 2.489031e+00 3.614876e+00 9.494831e-01
3.162278e-02 2.588228e+00 2.467762e+00 3.576140e+00 9.534563e-01
3.235937e-02 2.555168e+00 2.446581e+00 3.537604e+00 9.575032e-01
3.311311e-02 2.522283e+00 2.425477e+00 3.499265e+00 9.616197e-01
3.388442e-02 2.489580e+00 2.404441e+00 3.461119e+00 9.658016e-01
3.467369e-02 2.457065e+00 2.383461e+00 3.423164e+00 9.700442e-01
3.548134e-02 2.424743e+00 2.362531e+00 3.385399e+00 9.743429e-01
3.630781e-02 2.392622e+00 2.341641e+00 3.347823e+00 9.786926e-01
3.715352e-02 2.360709e+00 2.320785e+00 3.310436e+00 9.830881e-01
3.801894e-02 2.329012e+00 2.299955e+00 3.273238e+00 9.875241e-01
3.890451e-02 2.297539e+00 2.279147e+00 3.236231e+00 9.919949e-01
3.981072e-02 2.266298e+00 2.258354e+00 3.199417e+00 9.964948e-01
4.073803e-02 2.235298e+00 2.237573e+00 3.162798e+00 1.001018e+00
4.168694e-02 2.204547e+00 2.216801e+00 3.126377e+00 1.005559e+00
4.265795e-02 2.174053e+00 2.196034e+00 3.090158e+00 1.010111e+00
4.365158e-02 2.143827e+00 2.175272e+00 3.054145e+00 1.014668e+00
4.466836e-02 2.113875e+00 2.154513e+00 3.018342e+00 1.019224e+00
4.570882e-02 2.084206e+00 2.133756e+00 2.982756e+00 1.023774e+00
4.677351e-02 2.054829e+00 2.113004e+00 2.947390e+00 1.028311e+00
4.786301e-02 2.025752e+00 2.092256e+00 2.912251e+00 1.032829e+00
4.897788e-02 1.996981e+00 2.071515e+00 2.877344e+00 1.037323e+00
5.011872e-02 1.968525e+00 2.050783e+00 2.842676e+00 1.041787e+00
5.128614e-02 1.940391e+00 2.030065e+00 2.808252e+00 1.046215e+00
5.248075e-02 1.912584e+00 2.009363e+00 2.774080e+00 1.050601e+00
5.370318e-02 1.885111e+00 1.988683e+00 2.740164e+00 1.054942e+00
5.495409e-02 1.857977e+00 1.968028e+00 2.706513e+00 1.059232e+00
5.623413e-02 1.831187e+00 1.947405e+00 2.673132e+00 1.063466e+00
5.754399e-02 1.804746e+00 1.926819e+00 2.640026e+00 1.067640e+00
5.888437e-02 1.778657e+00 1.906276e+00 2.607203e+00 1.071751e+00
6.025596e-02 1.752923e+00 1.885783e+00 2.574669e+00 1.075793e+00
6.165950e-02 1.727548e+00 1.865346e+00 2.542428e+00 1.079765e+00
6.309573e-02 1.702533e+00 1.844972e+00 2.510486e+00 1.083663e+00
6.456542e-02 1.677879e+00 1.824667e+00 2.478848e+00 1.087484e+00
6.606934e-02 1.653588e+00 1.804439e+00 2.447520e+00 1.091226e+00
6.760830e-02 1.629660e+00 1.784294e+00 2.416505e+00 1.094888e+00
6.918310e-02 1.606093e+00 1.764240e+00 2.385808e+00 1.098467e+00
7.079458e-02 1.582888e+00 1.744283e+00 2.355432e+00 1.101962e+00
7.244360e-02 1.560043e+00 1.724430e+00 2.325380e+00 1.105373e+00
7.413102e-02 1.537557e+00 1.704687e+00 2.295657e+00 1.108699e+00
7.585776e-02 1.515426e+00 1.685062e+00 2.266263e+00 1.111940e+00
7.762471e-02 1.493647e+00 1.665560e+00 2.237202e+00 1.115096e+00
7.943282e-02 1.472218e+00 1.646187e+00 2.208474e+00 1.118167e+00
8.128305e-02 1.451135e+00 1.626948e+00 2.180081e+00 1.121155e+00
8.317638e-02 1.430394e+00 1.607850e+00 2.152025e+00 1.124061e+00
8.511380e-02 1.409991e+00 1.588898e+00 2.124305e+00 1.126885e+00
8.709636e-02 1.389920e+00 1.570095e+00 2.096921e+00 1.129630e+00
8.912509e-02 1.370178e+00 1.551447e+00 2.069873e+00 1.132296e+00
9.120108e-02 1.350758e+00 1.532958e+00 2.043161e+00 1.134887e+00
9.332543e-02 1.331656e+00 1.514631e+00 2.016783e+00 1.137404e+00
9.549926e-02 1.312865e+00 1.496470e+00 1.990738e+00 1.139850e+00
9.772372e-02 1.294382e+00 1.478477e+00 1.965024e+00 1.142227e+00
1.000000e-01 1.276199e+00 1.460657e+00 1.939639e+00 1.144537e+00
1.023293e-01 1.258311e+00 1.443010e+00 1.914582e+00 1.146783e+00
1.047129e-01 1.240712e+00 1.425539e+00 1.889849e+00 1.148968e+00
1.071519e-01 1.223397e+00 1.408246e+00 1.865438e+00 1.151095e+00
1.096478e-01 1.206360e+00 1.391132e+00 1.841345e+00 1.153165e+00
1.122018e-01 1.189594e+00 1.374199e+00 1.817569e+00 1.155183e+00
1.148154e-01 1.173095e+00 1.357446e+00 1.794104e+00 1.157150e+00
1.174898e-01 1.156855e+00 1.340875e+00 1.770949e+00 1.159069e+00
1.202264e-01 1.140871e+00 1.324486e+00 1.748099e+00 1.160943e+00
1.230269e-01 1.125137e+00 1.308279e+00 1.725551e+00 1.162774e+00
1.258925e-01 1.109646e+00 1.292254e+00 1.703301e+00 1.164564e+00
1.288250e-01 1.094394e+00 1.276410e+00 1.681345e+00 1.166316e+00
1.318257e-01 1.079376e+00 1.260746e+00 1.659679e+00 1.168032e+00
1.348963e-01 1.064587e+00 1.245263e+00 1.638300e+00 1.169715e+00
1.380384e-01 1.050023e+00 1.229959e+00 1.617204e+00 1.171365e+00
1.412538e-01 1.035677e+00 1.214834e+00 1.596386e+00 1.172985e+00
1.445440e-01 1.021547e+00 1.199885e+00 1.575843e+00 1.174576e+00
1.479108e-01 1.007627e+00 1.185112e+00 1.555571e+00 1.176141e+00
1.513561e-01 9.939141e-01 1.170513e+00 1.535567e+00 1.177680e+00
1.548817e-01 9.804037e-01 1.156087e+00 1.515826e+00 1.179195e+00
1.584893e-01 9.670919e-01 1.141833e+00 1.496345e+00 1.180687e+00
1.621810e-01 9.539752e-01 1.127749e+00 1.477121e+00 1.182158e+00
1.659587e-01 9.410500e-01 1.113833e+00 1.458149e+00 1.183607e+00
1.698244e-01 9.283129e-01 1.100085e+00 1.439427e+00 1.185036e+00
1.737801e-01 9.157607e-01 1.086501e+00 1.420951e+00 1.186447e+00
1.778279e-01 9.033902e-01 1.073082e+00 1.402718e+00 1.187838e+00
1.819701e-01 8.911984e-01 1.059824e+00 1.384724e+00 1.189212e+00
1.862087e-01 8.791825e-01 1.046727e+00 1.366968e+00 1.190569e+00
1.905461e-01 8.673396e-01 1.033790e+00 1.349444e+00 1.191909e+00
1.949845e-01 8.556671e-01 1.021010e+00 1.332152e+00 1.193233e+00
1.995262e-01 8.441623e-01 1.008387e+00 1.315087e+00 1.194541e+00
2.041738e-01 8.328228e-01 9.959181e-01 1.298248e+00 1.195834e+00
2.089296e-01 8.216461e-01 9.836031e-01 1.281631e+00 1.197113e+00
2.137962e-01 8.106298e-01 9.714403e-01 1.265234e+00 1.198377e+00
2.187762e-01 7.997717e-01 9.594285e-01 1.249055e+00 1.199628e+00
2.238721e-01 7.890693e-01 9.475666e-01 1.233091e+00 1.200866e+00
2.290868e-01 7.785206e-01 9.358534e-01 1.217340e+00 1.202092e+00
2.344229e-01 7.681234e-01 9.242877e-01 1.201799e+00 1.203306e+00
2.398833e-01 7.578753e-01 9.128687e-01 1.186467e+00 1.204510e+00
2.454709e-01 7.477743e-01 9.015952e-01 1.171341e+00 1.205705e+00
2.511886e-01 7.378182e-01 8.904664e-01 1.156420e+00 1.206891e+00
2.570396e-01 7.280049e-01 8.794814e-01 1.141700e+00 1.208071e+00
2.630268e-01 7.183322e-01 8.686393e-01 1.127180e+00 1.209245e+00
2.691535e-01 7.087979e-01 8.579393e-01 1.112859e+00 1.210414e+00
2.754229e-01 6.993999e-01 8.473806e-01 1.098733e+00 1.211582e+00
2.818383e-01 6.901360e-01 8.369624e-01 1.084801e+00 1.212750e+00
2.884032e-01 6.810040e-01 8.266841e-01 1.071062e+00 1.213920e+00
2.951209e-01 6.720016e-01 8.165449e-01 1.057512e+00 1.215094e+00
3.019952e-01 6.631265e-01 8.065441e-01 1.044150e+00 1.216275e+00
3.090295e-01 6.543765e-01 7.966810e-01 1.030975e+00 1.217466e+00
3.162278e-01 6.457492e-01 7.869549e-01 1.017983e+00 1.218669e+00
3.235937e-01 6.372423e-01 7.773650e-01 1.005174e+00 1.219889e+00
3.311311e-01 6.288534e-01 7.679108e-01 9.925440e-01 1.221128e+00
3.388442e-01 6.205801e-01 7.585913e-01 9.800920e-01 1.222391e+00
3.467369e-01 6.124198e-01 7.494059e-01 9.678157e-01 1.223680e+00
3.548134e-01 6.043702e-01 7.403537e-01 9.557128e-01 1.225000e+00
3.630781e-01 5.964287e-01 7.314339e-01 9.437811e-01 1.226356e+00
3.715352e-01 5.885928e-01 7.226457e-01 9.320184e-01 1.227752e+00
3.801894e-01 5.808600e-01 7.139881e-01 9.204223e-01 1.229191e+00
3.890451e-01 5.732276e-01 7.054601e-01 9.089906e-01 1.230681e+00
3.981072e-01 5.656932e-01 6.970608e-01 8.977207e-01 1.232224e+00
4.073803e-01 5.582541e-01 6.887890e-01 8.866103e-01 1.233827e+00
4.168694e-01 5.509077e-01 6.806436e-01 8.756569e-01 1.235495e+00
4.265795e-01 5.436515e-01 6.726235e-01 8.648580e-01 1.237233e+00
4.365158e-01 5.364830e-01 6.647273e-01 8.542109e-01 1.239046e+00
4.466836e-01 5.293994e-01 6.569537e-01 8.437132e-01 1.240941e+00
4.570882e-01 5.223984e-01 6.493014e-01 8.333621e-01 1.242924e+00
4.677351e-01 5.154774e-01 6.417688e-01 8.231550e-01 1.244999e+00
4.786301e-01 5.086338e-01 6.343546e-01 8.130892e-01 1.247173e+00
4.897788e-01 5.018653e-01 6.270569e-01 8.031620e-01 1.249453e+00
5.011872e-01 4.951694e-01 6.198744e-01 7.933706e-01 1.251843e+00
5.128614e-01 4.885438e-01 6.128051e-01 7.837124e-01 1.254350e+00
5.248075e-01 4.819861e-01 6.058474e-01 7.741845e-01 1.256981e+00
5.370318e-01 4.754940e-01 5.989994e-01 7.647842e-01 1.259741e+00
5.495409e-01 4.690655e-01 5.922592e-01 7.555087e-01 1.262636e+00
5.623413e-01 4.626982e-01 5.856249e-01 7.463552e-01 1.265674e+00
5.754399e-01 4.563902e-01 5.790945e-01 7.373211e-01 1.268859e+00
5.888437e-01 4.501393e-01 5.726661e-01 7.284036e-01 1.272197e+00
6.025596e-01 4.439438e-01 5.663375e-01 7.196000e-01 1.275696e+00
6.165950e-01 4.378016e-01 5.601066e-01 7.109076e-01 1.279362e+00
6.309573e-01 4.317110e-01 5.539713e-01 7.023237e-01 1.283199e+00
6.456542e-01 4.256702e-01 5.479294e-01 6.938457e-01 1.287216e+00
6.606934e-01 4.196777e-01 5.419789e-01 6.854710e-01 1.291417e+00
6.760830e-01 4.137319e-01 5.361173e-01 6.771971e-01 1.295809e+00
6.918310e-01 4.078312e-01 5.303426e-01 6.690214e-01 1.300397e+00
7.079458e-01 4.019743e-01 5.246526e-01 6.609415e-01 1.305189e+00
7.244360e-01 3.961598e-01 5.190449e-01 6.529549e-01 1.310191e+00
7.413102e-01 3.903865e-01 5.135173e-01 6.450594e-01 1.315408e+00
7.585776e-01 3.846531e-01 5.080676e-01 6.372525e-01 1.320846e+00
7.762471e-01 3.789587e-01 5.026936e-01 6.295320e-01 1.326513e+00
7.943282e-01 3.733021e-01 4.973930e-01 6.218957e-01 1.332414e+00
8.128305e-01 3.676825e-01 4.921636e-01 6.143414e-01 1.338556e+00
8.317638e-01 3.620989e-01 4.870031e-01 6.068671e-01 1.344945e+00
8.511380e-01 3.565505e-01 4.819095e-01 5.994706e-01 1.351588e+00
8.709636e-01 3.510366e-01 4.768804e-01 5.921500e-01 1.358492e+00
8.912509e-01 3.455566e-01 4.719138e-01 5.849034e-01 1.365663e+00
9.120108e-01 3.401098e-01 4.670075e-01 5.777288e-01 1.373108e+00
9.332543e-01 3.346956e-01 4.621593e-01 5.706245e-01 1.380834e+00
9.549926e-01 3.293137e-01 4.573671e-01 5.635887e-01 1.388849e+00
9.772372e-01 3.239636e-01 4.526290e-01 5.566196e-01 1.397160e+00
1.000000e+00 3.186449e-01 4.479427e-01 5.497156e-01 1.405774e+00
1.023293e+00 3.133574e-01 4.433064e-01 5.428751e-01 1.414699e+00
1.047129e+00 3.081008e-01 4.387179e-01 5.360965e-01 1.423943e+00
1.071519e+00 3.028750e-01 4.341753e-01 5.293784e-01 1.433513e+00
1.096478e+00 2.976798e-01 4.296767e-01 5.227192e-01 1.443419e+00
1.122018e+00 2.925153e-01 4.252201e-01 5.161176e-01 1.453668e+00
1.148154e+00 2.873813e-01 4.208037e-01 5.095722e-01 1.464270e+00
1.174898e+00 2.822780e-01 4.164256e-01 5.030817e-01 1.475232e+00
1.202264e+00 2.772055e-01 4.120841e-01 4.966449e-01 1.486565e+00
1.230269e+00 2.721639e-01 4.077772e-01 4.902606e-01 1.498278e+00
1.258925e+00 2.671535e-01 4.035033e-01 4.839276e-01 1.510380e+00
1.288250e+00 2.621745e-01 3.992607e-01 4.776448e-01 1.522882e+00
1.318257e+00 2.572273e-01 3.950478e-01 4.714113e-01 1.535793e+00
1.348963e+00 2.523122e-01 3.908628e-01 4.652259e-01 1.549124e+00
1.380384e+00 2.474297e-01 3.867042e-01 4.590878e-01 1.562885e+00
1.412538e+00 2.425803e-01 3.825706e-01 4.529961e-01 1.577088e+00
1.445440e+00 2.377646e-01 3.784604e-01 4.469499e-01 1.591744e+00
1.479108e+00 2.329830e-01 3.743721e-01 4.409485e-01 1.606865e+00
1.513561e+00 2.282362e-01 3.703045e-01 4.349910e-01 1.622462e+00
1.548817e+00 2.235250e-01 3.662562e-01 4.290770e-01 1.638547e+00
1.584893e+00 2.188499e-01 3.622260e-01 4.232056e-01 1.655134e+00
1.621810e+00 2.142119e-01 3.582126e-01 4.173763e-01 1.672235e+00
1.659587e+00 2.096117e-01 3.542149e-01 4.115887e-01 1.689862e+00
1.698244e+00 2.050501e-01 3.502318e-01 4.058422e-01 1.708031e+00
1.737801e+00 2.005280e-01 3.462624e-01 4.001364e-01 1.726754e+00
1.778279e+00 1.960463e-01 3.423058e-01 3.944710e-01 1.746046e+00
1.819701e+00 1.916060e-01 3.383609e-01 3.888457e-01 1.765921e+00
1.862087e+00 1.872079e-01 3.344272e-01 3.832601e-01 1.786394e+00
1.905461e+00 1.828532e-01 3.305037e-01 3.777142e-01 1.807481e+00
1.949845e+00 1.785428e-01 3.265900e-01 3.722077e-01 1.829197e+00
1.995262e+00 1.742777e-01 3.226855e-01 3.667405e-01 1.851559e+00
2.041738e+00 1.700589e-01 3.187896e-01 3.613126e-01 1.874583e+00
2.089296e+00 1.658875e-01 3.149019e-01 3.559240e-01 1.898286e+00
2.137962e+00 1.617645e-01 3.110222e-01 3.505746e-01 1.922685e+00
2.187762e+00 1.576910e-01 3.071502e-01 3.452647e-01 1.947798e+00
2.238721e+00 1.536679e-01 3.032857e-01 3.399942e-01 1.973643e+00
2.290868e+00 1.496964e-01 2.994287e-01 3.347634e-01 2.000240e+00
2.344229e+00 1.457773e-01 2.955791e-01 3.295725e-01 2.027607e+00
2.398833e+00 1.419117e-01 2.917369e-01 3.244216e-01 2.055764e+00
2.454709e+00 1.381005e-01 2.879025e-01 3.193111e-01 2.084731e+00
2.511886e+00 1.343448e-01 2.840758e-01 3.142413e-01 2.114529e+00
2.570396e+00 1.306453e-01 2.802574e-01 3.092125e-01 2.145178e+00
2.630268e+00 1.270029e-01 2.764474e-01 3.042251e-01 2.176701e+00
2.691535e+00 1.234185e-01 2.726464e-01 2.992794e-01 2.209120e+00
2.754229e+00 1.198929e-01 2.688548e-01 2.943760e-01 2.242457e+00
2.818383e+00 1.164269e-01 2.650732e-01 2.895151e-01 2.276736e+00
2.884032e+00 1.130210e-01 2.613021e-01 2.846973e-01 2.311979e+00
2.951209e+00 1.096759e-01 2.575424e-01 2.799230e-01 2.348213e+00
3.019952e+00 1.063922e-01 2.537946e-01 2.751926e-01 2.385461e+00
3.090295e+00 1.031705e-01 2.500595e-01 2.705068e-01 2.423749e+00
3.162278e+00 1.000112e-01 2.463381e-01 2.658659e-01 2.463104e+00
3.235937e+00 9.691475e-02 2.426310e-01 2.612705e-01 2.503551e+00
3.311311e+00 9.388142e-02 2.389392e-01 2.567210e-01 2.545117e+00
3.388442e+00 9.091150e-02 2.352637e-01 2.522180e-01 2.587832e+00
3.467369e+00 8.800522e-02 2.316053e-01 2.477619e-01 2.631723e+00
3.548134e+00 8.516271e-02 2.279651e-01 2.433532e-01 2.676818e+00
3.630781e+00 8.238403e-02 2.243440e-01 2.389924e-01 2.723149e+00
3.715352e+00 7.966921e-02 2.207430e-01 2.346799e-01 2.770745e+00
3.801894e+00 7.701816e-02 2.171632e-01 2.304163e-01 2.819636e+00
3.890451e+00 7.443076e-02 2.136056e-01 2.262018e-01 2.869856e+00
3.981072e+00 7.190681e-02 2.100711e-01 2.220370e-01 2.921435e+00
4.073803e+00 6.944605e-02 2.065608e-01 2.179223e-01 2.974407e+00
4.168694e+00 6.704813e-02 2.030757e-01 2.138579e-01 3.028805e+00
4.265795e+00 6.471268e-02 1.996168e-01 2.098442e-01 3.084663e+00
4.365158e+00 6.243923e-02 1.961851e-01 2.058817e-01 3.142017e+00
4.466836e+00 6.022726e-02 1.927816e-01 2.019705e-01 3.200903e+00
4.570882e+00 5.807621e-02 1.894072e-01 1.981109e-01 3.261356e+00
4.677351e+00 5.598545e-02 1.860628e-01 1.943032e-01 3.323413e+00
4.786301e+00 5.395429e-02 1.827493e-01 1.905475e-01 3.387113e+00
4.897788e+00 5.198200e-02 1.794675e-01 1.868441e-01 3.452494e+00
5.011872e+00 5.006780e-02 1.762184e-01 1.831931e-01 3.519596e+00
5.128614e+00 4.821087e-02 1.730027e-01 1.795946e-01 3.588459e+00
5.248075e+00 4.641033e-02 1.698211e-01 1.760487e-01 3.659123e+00
5.370318e+00 4.466530e-02 1.666744e-01 1.725554e-01 3.731631e+00
5.495409e+00 4.297482e-02 1.635633e-01 1.691147e-01 3.806026e+00
5.623413e+00 4.133792e-02 1.604883e-01 1.657267e-01 3.882351e+00
5.754399e+00 3.975361e-02 1.574501e-01 1.623912e-01 3.960651e+00
5.888437e+00 3.822084e-02 1.544493e-01 1.591082e-01 4.040970e+00
6.025596e+00 3.673859e-02 1.514863e-01 1.558776e-01 4.123356e+00
6.165950e+00 3.530576e-02 1.485615e-01 1.526991e-01 4.207855e+00
6.309573e+00 3.392128e-02 1.456755e-01 1.495727e-01 4.294517e+00
6.456542e+00 3.258404e-02 1.428286e-01 1.464982e-01 4.383390e+00
6.606934e+00 3.129294e-02 1.400210e-01 1.434752e-01 4.474525e+00
6.760830e+00 3.004684e-02 1.372532e-01 1.405035e-01 4.567973e+00
6.918310e+00 2.884464e-02 1.345252e-01 1.375829e-01 4.663787e+00
7.079458e+00 2.768519e-02 1.318374e-01 1.347129e-01 4.762020e+00
7.244360e+00 2.656737e-02 1.291899e-01 1.318933e-01 4.862728e+00
7.413102e+00 2.549005e-02 1.265827e-01 1.291237e-01 4.965966e+00
7.585776e+00 2.445210e-02 1.240160e-01 1.264036e-01 5.071792e+00
7.762471e+00 2.345242e-02 1.214898e-01 1.237327e-01 5.180264e+00
7.943282e+00 2.248990e-02 1.190040e-01 1.211105e-01 5.291442e+00
8.128305e+00 2.156342e-02 1.165587e-01 1.185365e-01 5.405388e+00
8.317638e+00 2.067192e-02 1.141537e-01 1.160103e-01 5.522163e+00
8.511380e+00 1.981430e-02 1.117890e-01 1.135314e-01 5.641832e+00
8.709636e+00 1.898952e-02 1.094643e-01 1.110992e-01 5.764460e+00
8.912509e+00 1.819653e-02 1.071796e-01 1.087133e-01 5.890115e+00
9.120108e+00 1.743429e-02 1.049346e-01 1.063731e-01 6.018863e+00
9.332543e+00 1.670182e-02 1.027291e-01 1.040780e-01 6.150775e+00
9.549926e+00 1.599810e-02 1.005629e-01 1.018274e-01 6.285924e+00
9.772372e+00 1.532218e-02 9.843554e-02 9.962090e-02 6.424381e+00
1.000000e+01 1.467311e-02 9.634686e-02 9.745777e-02 6.566222e+00
