1.000000e-06 5.576525e+01 7.142674e-01 5.576983e+01 1.280847e-02
1.023293e-06 5.576467e+01 7.308944e-01 5.576946e+01 1.310676e-02
1.047129e-06 5.576406e+01 7.479079e-01 5.576908e+01 1.341201e-02
1.071519e-06 5.576342e+01 7.653170e-01 5.576868e+01 1.372435e-02
1.096478e-06 5.576276e+01 7.831306e-01 5.576825e+01 1.404397e-02
1.122018e-06 5.576206e+01 8.013583e-01 5.576781e+01 1.437103e-02
1.148154e-06 5.576132e+01 8.200096e-01 5.576735e+01 1.470571e-02
1.174898e-06 5.576056e+01 8.390943e-01 5.576687e+01 1.504817e-02
1.202264e-06 5.575975e+01 8.586224e-01 5.576636e+01 1.539860e-02
1.230269e-06 5.575891e+01 8.786041e-01 5.576583e+01 1.575720e-02
1.258925e-06 5.575803e+01 8.990500e-01 5.576528e+01 1.612413e-02
1.288250e-06 5.575711e+01 9.199707e-01 5.576470e+01 1.649961e-02
1.318257e-06 5.575614e+01 9.413773e-01 5.576409e+01 1.688383e-02
1.348963e-06 5.575513e+01 9.632808e-01 5.576345e+01 1.727699e-02
1.380384e-06 5.575407e+01 9.856929e-01 5.576278e+01 1.767930e-02
1.412538e-06 5.575296e+01 1.008625e+00 5.576208e+01 1.809097e-02
1.445440e-06 5.575180e+01 1.032090e+00 5.576135e+01 1.851222e-02
1.479108e-06 5.575058e+01 1.056099e+00 5.576059e+01 1.894327e-02
1.513561e-06 5.574931e+01 1.080665e+00 5.575978e+01 1.938436e-02
1.548817e-06 5.574798e+01 1.105800e+00 5.575894e+01 1.983570e-02
1.584893e-06 5.574658e+01 1.131519e+00 5.575807e+01 2.029755e-02
1.621810e-06 5.574512e+01 1.157834e+00 5.575714e+01 2.077014e-02
1.659587e-06 5.574359e+01 1.184759e+00 5.575618e+01 2.125372e-02
1.698244e-06 5.574199e+01 1.212308e+00 5.575517e+01 2.174855e-02
1.737801e-06 5.574031e+01 1.240495e+00 5.575411e+01 2.225490e-02
1.778279e-06 5.573856e+01 1.269335e+00 5.575301e+01 2.277301e-02
1.819701e-06 5.573672e+01 1.298843e+00 5.575185e+01 2.330318e-02
1.862087e-06 5.573479e+01 1.329034e+00 5.575064e+01 2.384568e-02
1.905461e-06 5.573278e+01 1.359924e+00 5.574936e+01 2.440079e-02
1.949845e-06 5.573067e+01 1.391528e+00 5.574803e+01 2.496881e-02
1.995262e-06 5.572846e+01 1.423864e+00 5.574664e+01 2.555003e-02
2.041738e-06 5.572614e+01 1.456947e+00 5.574518e+01 2.614477e-02
2.089296e-06 5.572372e+01 1.490795e+00 5.574366e+01 2.675333e-02
2.137962e-06 5.572118e+01 1.525425e+00 5.574206e+01 2.737604e-02
2.187762e-06 5.571853e+01 1.560855e+00 5.574038e+01 2.801322e-02
2.238721e-06 5.571575e+01 1.597103e+00 5.573863e+01 2.866520e-02
2.290868e-06 5.571284e+01 1.634187e+00 5.573680e+01 2.933233e-02
2.344229e-06 5.570979e+01 1.672127e+00 5.573488e+01 3.001496e-02
2.398833e-06 5.570660e+01 1.710942e+00 5.573286e+01 3.071345e-02
2.454709e-06 5.570326e+01 1.750651e+00 5.573076e+01 3.142817e-02
2.511886e-06 5.569976e+01 1.791275e+00 5.572855e+01 3.215948e-02
2.570396e-06 5.569610e+01 1.832834e+00 5.572625e+01 3.290777e-02
2.630268e-06 5.569226e+01 1.875350e+00 5.572383e+01 3.367344e-02
2.691535e-06 5.568825e+01 1.918843e+00 5.572130e+01 3.445687e-02
2.754229e-06 5.568405e+01 1.963336e+00 5.571865e+01 3.525850e-02
2.818383e-06 5.567965e+01 2.008850e+00 5.571588e+01 3.607872e-02
2.884032e-06 5.567504e+01 2.055410e+00 5.571297e+01 3.691797e-02
2.951209e-06 5.567022e+01 2.103037e+00 5.570993e+01 3.777670e-02
3.019952e-06 5.566518e+01 2.151756e+00 5.570675e+01 3.865533e-02
3.090295e-06 5.565989e+01 2.201591e+00 5.570342e+01 3.955435e-02
3.162278e-06 5.565436e+01 2.252566e+00 5.569993e+01 4.047420e-02
3.235937e-06 5.564857e+01 2.304706e+00 5.569628e+01 4.141537e-02
3.311311e-06 5.564251e+01 2.358038e+00 5.569245e+01 4.237835e-02
3.388442e-06 5.563616e+01 2.412587e+00 5.568845e+01 4.336365e-02
3.467369e-06 5.562952e+01 2.468380e+00 5.568426e+01 4.437176e-02
3.548134e-06 5.562257e+01 2.525443e+00 5.567987e+01 4.540321e-02
3.630781e-06 5.561529e+01 2.583805e+00 5.567528e+01 4.645854e-02
3.715352e-06 5.560768e+01 2.643494e+00 5.567047e+01 4.753829e-02
3.801894e-06 5.559970e+01 2.704537e+00 5.566544e+01 4.864302e-02
3.890451e-06 5.559136e+01 2.766965e+00 5.566017e+01 4.977330e-02
3.981072e-06 5.558262e+01 2.830807e+00 5.565466e+01 5.092971e-02
4.073803e-06 5.557348e+01 2.896092e+00 5.564889e+01 5.211284e-02
4.168694e-06 5.556391e+01 2.962851e+00 5.564285e+01 5.332330e-02
4.265795e-06 5.555389e+01 3.031116e+00 5.563652e+01 5.456172e-02
4.365158e-06 5.554341e+01 3.100918e+00 5.562990e+01 5.582873e-02
4.466836e-06 5.553244e+01 3.172289e+00 5.562298e+01 5.712496e-02
4.570882e-06 5.552096e+01 3.245261e+00 5.561572e+01 5.845110e-02
4.677351e-06 5.550894e+01 3.319868e+00 5.560813e+01 5.980780e-02
4.786301e-06 5.549637e+01 3.396143e+00 5.560019e+01 6.119576e-02
4.897788e-06 5.548321e+01 3.474120e+00 5.559187e+01 6.261569e-02
5.011872e-06 5.546945e+01 3.553833e+00 5.558317e+01 6.406830e-02
5.128614e-06 5.545504e+01 3.635317e+00 5.557407e+01 6.555432e-02
5.248075e-06 5.543996e+01 3.718608e+00 5.556454e+01 6.707451e-02
5.370318e-06 5.542419e+01 3.803741e+00 5.555456e+01 6.862962e-02
5.495409e-06 5.540769e+01 3.890752e+00 5.554413e+01 7.022044e-02
5.623413e-06 5.539042e+01 3.979678e+00 5.553320e+01 7.184776e-02
5.754399e-06 5.537236e+01 4.070555e+00 5.552177e+01 7.351239e-02
5.888437e-06 5.535346e+01 4.163420e+00 5.550982e+01 7.521517e-02
6.025596e-06 5.533369e+01 4.258311e+00 5.549730e+01 7.695692e-02
6.165950e-06 5.531301e+01 4.355265e+00 5.548421e+01 7.873852e-02
6.309573e-06 5.529138e+01 4.454320e+00 5.547051e+01 8.056083e-02
6.456542e-06 5.526876e+01 4.555514e+00 5.545618e+01 8.242476e-02
6.606934e-06 5.524509e+01 4.658885e+00 5.544119e+01 8.433121e-02
6.760830e-06 5.522034e+01 4.764472e+00 5.542550e+01 8.628111e-02
6.918310e-06 5.519446e+01 4.872313e+00 5.540910e+01 8.827540e-02
7.079458e-06 5.516740e+01 4.982446e+00 5.539193e+01 9.031504e-02
7.244360e-06 5.513909e+01 5.094908e+00 5.537398e+01 9.240102e-02
7.413102e-06 5.510950e+01 5.209739e+00 5.535520e+01 9.453432e-02
7.585776e-06 5.507856e+01 5.326977e+00 5.533556e+01 9.671597e-02
7.762471e-06 5.504622e+01 5.446657e+00 5.531503e+01 9.894699e-02
7.943282e-06 5.501240e+01 5.568819e+00 5.529355e+01 1.012284e-01
8.128305e-06 5.497706e+01 5.693499e+00 5.527109e+01 1.035614e-01
8.317638e-06 5.494012e+01 5.820732e+00 5.524760e+01 1.059469e-01
8.511380e-06 5.490151e+01 5.950555e+00 5.522304e+01 1.083860e-01
8.709636e-06 5.486116e+01 6.083003e+00 5.519737e+01 1.108800e-01
8.912509e-06 5.481900e+01 6.218109e+00 5.517053e+01 1.134298e-01
9.120108e-06 5.477495e+01 6.355907e+00 5.514247e+01 1.160367e-01
9.332543e-06 5.472893e+01 6.496428e+00 5.511315e+01 1.187019e-01
9.549926e-06 5.468085e+01 6.639704e+00 5.508250e+01 1.214265e-01
9.772372e-06 5.463064e+01 6.785763e+00 5.505046e+01 1.242117e-01
1.000000e-05 5.457820e+01 6.934633e+00 5.501699e+01 1.270587e-01
1.023293e-05 5.452344e+01 7.086341e+00 5.498201e+01 1.299687e-01
1.047129e-05 5.446626e+01 7.240911e+00 5.494546e+01 1.329431e-01
1.071519e-05 5.440656e+01 7.398364e+00 5.490728e+01 1.359829e-01
1.096478e-05 5.434425e+01 7.558721e+00 5.486740e+01 1.390896e-01
1.122018e-05 5.427922e+01 7.721999e+00 5.482575e+01 1.422644e-01
1.148154e-05 5.421135e+01 7.888213e+00 5.478225e+01 1.455085e-01
1.174898e-05 5.414055e+01 8.057375e+00 5.473683e+01 1.488233e-01
1.202264e-05 5.406668e+01 8.229493e+00 5.468940e+01 1.522101e-01
1.230269e-05 5.398963e+01 8.404572e+00 5.463989e+01 1.556701e-01
1.258925e-05 5.390929e+01 8.582615e+00 5.458821e+01 1.592048e-01
1.288250e-05 5.382551e+01 8.763618e+00 5.453427e+01 1.628153e-01
1.318257e-05 5.373818e+01 8.947576e+00 5.447799e+01 1.665031e-01
1.348963e-05 5.364716e+01 9.134476e+00 5.441927e+01 1.702695e-01
1.380384e-05 5.355231e+01 9.324304e+00 5.435801e+01 1.741158e-01
1.412538e-05 5.345350e+01 9.517039e+00 5.429412e+01 1.780433e-01
1.445440e-05 5.335059e+01 9.712653e+00 5.422749e+01 1.820533e-01
1.479108e-05 5.324342e+01 9.911115e+00 5.415803e+01 1.861472e-01
1.513561e-05 5.313185e+01 1.011239e+01 5.408561e+01 1.903263e-01
1.548817e-05 5.301573e+01 1.031642e+01 5.401014e+01 1.945917e-01
1.584893e-05 5.289490e+01 1.052317e+01 5.393151e+01 1.989449e-01
1.621810e-05 5.276921e+01 1.073257e+01 5.384958e+01 2.033869e-01
1.659587e-05 5.263850e+01 1.094456e+01 5.376425e+01 2.079192e-01
1.698244e-05 5.250261e+01 1.115906e+01 5.367540e+01 2.125429e-01
1.737801e-05 5.236139e+01 1.137598e+01 5.358291e+01 2.172590e-01
1.778279e-05 5.221466e+01 1.159525e+01 5.348664e+01 2.220689e-01
1.819701e-05 5.206226e+01 1.181676e+01 5.338647e+01 2.269736e-01
1.862087e-05 5.190404e+01 1.204039e+01 5.328227e+01 2.319740e-01
1.905461e-05 5.173982e+01 1.226603e+01 5.317390e+01 2.370713e-01
1.949845e-05 5.156944e+01 1.249354e+01 5.306125e+01 2.422664e-01
1.995262e-05 5.139275e+01 1.272280e+01 5.294416e+01 2.475601e-01
2.041738e-05 5.120958e+01 1.295364e+01 5.282251e+01 2.529534e-01
2.089296e-05 5.101978e+01 1.318590e+01 5.269616e+01 2.584469e-01
2.137962e-05 5.082318e+01 1.341942e+01 5.256497e+01 2.640413e-01
2.187762e-05 5.061964e+01 1.365400e+01 5.242881e+01 2.697372e-01
2.238721e-05 5.040901e+01 1.388945e+01 5.228753e+01 2.755350e-01
2.290868e-05 5.019115e+01 1.412556e+01 5.214099e+01 2.814353e-01
2.344229e-05 4.996593e+01 1.436212e+01 5.198908e+01 2.874382e-01
2.398833e-05 4.973320e+01 1.459888e+01 5.183164e+01 2.935440e-01
2.454709e-05 4.949286e+01 1.483562e+01 5.166855e+01 2.997526e-01
2.511886e-05 4.924479e+01 1.507206e+01 5.149967e+01 3.060640e-01
2.570396e-05 4.898888e+01 1.530795e+01 5.132488e+01 3.124780e-01
2.630268e-05 4.872505e+01 1.554300e+01 5.114406e+01 3.189940e-01
2.691535e-05 4.845320e+01 1.577693e+01 5.095708e+01 3.256117e-01
2.754229e-05 4.817328e+01 1.600943e+01 5.076383e+01 3.323301e-01
2.818383e-05 4.788522e+01 1.624020e+01 5.056420e+01 3.391485e-01
2.884032e-05 4.758898e+01 1.646891e+01 5.035808e+01 3.460657e-01
2.951209e-05 4.728454e+01 1.669524e+01 5.014538e+01 3.530803e-01
3.019952e-05 4.697189e+01 1.691885e+01 4.992600e+01 3.601909e-01
3.090295e-05 4.665103e+01 1.713938e+01 4.969987e+01 3.673955e-01
3.162278e-05 4.632200e+01 1.735650e+01 4.946691e+01 3.746923e-01
3.235937e-05 4.598482e+01 1.756983e+01 4.922706e+01 3.820790e-01
3.311311e-05 4.563958e+01 1.777903e+01 4.898025e+01 3.895529e-01
3.388442e-05 4.528635e+01 1.798372e+01 4.872646e+01 3.971114e-01
3.467369e-05 4.492524e+01 1.818354e+01 4.846564e+01 4.047512e-01
3.548134e-05 4.455638e+01 1.837812e+01 4.819778e+01 4.124690e-01
3.630781e-05 4.417991e+01 1.856710e+01 4.792287e+01 4.202610e-01
3.715352e-05 4.379601e+01 1.875009e+01 4.764091e+01 4.281233e-01
3.801894e-05 4.340488e+01 1.892676e+01 4.735193e+01 4.360515e-01
3.890451e-05 4.300672e+01 1.909674e+01 4.705596e+01 4.440409e-01
3.981072e-05 4.260179e+01 1.925969e+01 4.675305e+01 4.520864e-01
4.073803e-05 4.219033e+01 1.941526e+01 4.644326e+01 4.601826e-01
4.168694e-05 4.177265e+01 1.956313e+01 4.612668e+01 4.683238e-01
4.265795e-05 4.134905e+01 1.970298e+01 4.580340e+01 4.765039e-01
4.365158e-05 4.091984e+01 1.983452e+01 4.547353e+01 4.847164e-01
4.466836e-05 4.048539e+01 1.995745e+01 4.513720e+01 4.929544e-01
4.570882e-05 4.004605e+01 2.007151e+01 4.479455e+01 5.012107e-01
4.677351e-05 3.960222e+01 2.017645e+01 4.444576e+01 5.094777e-01
4.786301e-05 3.915430e+01 2.027204e+01 4.409098e+01 5.177476e-01
4.897788e-05 3.870270e+01 2.035808e+01 4.373043e+01 5.260119e-01
5.011872e-05 3.824786e+01 2.043438e+01 4.336430e+01 5.342620e-01
5.128614e-05 3.779022e+01 2.050078e+01 4.299282e+01 5.424891e-01
5.248075e-05 3.733024e+01 2.055715e+01 4.261623e+01 5.506837e-01
5.370318e-05 3.686837e+01 2.060338e+01 4.223478e+01 5.588362e-01
5.495409e-05 3.640511e+01 2.063939e+01 4.184873e+01 5.669368e-01
5.623413e-05 3.594091e+01 2.066513e+01 4.145837e+01 5.749753e-01
5.754399e-05 3.547626e+01 2.068057e+01 4.106399e+01 5.829412e-01
5.888437e-05 3.501163e+01 2.068572e+01 4.066588e+01 5.908240e-01
6.025596e-05 3.454752e+01 2.068059e+01 4.026435e+01 5.986130e-01
6.165950e-05 3.408439e+01 2.066526e+01 3.985973e+01 6.062970e-01
6.309573e-05 3.362271e+01 2.063980e+01 3.945235e+01 6.138651e-01
6.456542e-05 3.316294e+01 2.060434e+01 3.904253e+01 6.213061e-01
6.606934e-05 3.270554e+01 2.055900e+01 3.863062e+01 6.286089e-01
6.760830e-05 3.225096e+01 2.050395e+01 3.821696e+01 6.357623e-01
6.918310e-05 3.179962e+01 2.043937e+01 3.780190e+01 6.427553e-01
7.079458e-05 3.135193e+01 2.036548e+01 3.738578e+01 6.495767e-01
7.244360e-05 3.090830e+01 2.028252e+01 3.696896e+01 6.562159e-01
7.413102e-05 3.046911e+01 2.019072e+01 3.655177e+01 6.626621e-01
7.585776e-05 3.003472e+01 2.009037e+01 3.613457e+01 6.689049e-01
7.762471e-05 2.960548e+01 1.998175e+01 3.571771e+01 6.749343e-01
7.943282e-05 2.918170e+01 1.986517e+01 3.530151e+01 6.807406e-01
8.128305e-05 2.876370e+01 1.974094e+01 3.488631e+01 6.863144e-01
8.317638e-05 2.835174e+01 1.960939e+01 3.447245e+01 6.916469e-01
8.511380e-05 2.794609e+01 1.947087e+01 3.406023e+01 6.967297e-01
8.709636e-05 2.754699e+01 1.932573e+01 3.364997e+01 7.015550e-01
8.912509e-05 2.715463e+01 1.917431e+01 3.324197e+01 7.061157e-01
9.120108e-05 2.676922e+01 1.901699e+01 3.283652e+01 7.104050e-01
9.332543e-05 2.639091e+01 1.885412e+01 3.243390e+01 7.144172e-01
9.549926e-05 2.601985e+01 1.868607e+01 3.203439e+01 7.181470e-01
9.772372e-05 2.565615e+01 1.851322e+01 3.163823e+01 7.215899e-01
1.000000e-04 2.529993e+01 1.833592e+01 3.124568e+01 7.247422e-01
1.023293e-04 2.495124e+01 1.815455e+01 3.085696e+01 7.276009e-01
1.047129e-04 2.461016e+01 1.796945e+01 3.047230e+01 7.301640e-01
1.071519e-04 2.427671e+01 1.778099e+01 3.009190e+01 7.324300e-01
1.096478e-04 2.395091e+01 1.758951e+01 2.971594e+01 7.343984e-01
1.122018e-04 2.363277e+01 1.739536e+01 2.934461e+01 7.360694e-01
1.148154e-04 2.332226e+01 1.719886e+01 2.897807e+01 7.374441e-01
1.174898e-04 2.301934e+01 1.700034e+01 2.861646e+01 7.385242e-01
1.202264e-04 2.272398e+01 1.680012e+01 2.825993e+01 7.393124e-01
1.230269e-04 2.243611e+01 1.659850e+01 2.790858e+01 7.398118e-01
1.258925e-04 2.215564e+01 1.639576e+01 2.756254e+01 7.400266e-01
1.288250e-04 2.188250e+01 1.619220e+01 2.722189e+01 7.399613e-01
1.318257e-04 2.161657e+01 1.598808e+01 2.688670e+01 7.396213e-01
1.348963e-04 2.135776e+01 1.578365e+01 2.655706e+01 7.390125e-01
1.380384e-04 2.110594e+01 1.557917e+01 2.623301e+01 7.381414e-01
1.412538e-04 2.086098e+01 1.537485e+01 2.591460e+01 7.370150e-01
1.445440e-04 2.062275e+01 1.517093e+01 2.560186e+01 7.356406e-01
1.479108e-04 2.039111e+01 1.496761e+01 2.529480e+01 7.340261e-01
1.513561e-04 2.016592e+01 1.476508e+01 2.499344e+01 7.321797e-01
1.548817e-04 1.994703e+01 1.456352e+01 2.469778e+01 7.301098e-01
1.584893e-04 1.973428e+01 1.436311e+01 2.440780e+01 7.278254e-01
1.621810e-04 1.952751e+01 1.416400e+01 2.412348e+01 7.253353e-01
1.659587e-04 1.932658e+01 1.396633e+01 2.384481e+01 7.226487e-01
1.698244e-04 1.913132e+01 1.377024e+01 2.357174e+01 7.197748e-01
1.737801e-04 1.894157e+01 1.357586e+01 2.330423e+01 7.167230e-01
1.778279e-04 1.875718e+01 1.338330e+01 2.304224e+01 7.135025e-01
1.819701e-04 1.857799e+01 1.319265e+01 2.278569e+01 7.101227e-01
1.862087e-04 1.840384e+01 1.300402e+01 2.253455e+01 7.065928e-01
1.905461e-04 1.823457e+01 1.281748e+01 2.228873e+01 7.029221e-01
1.949845e-04 1.807004e+01 1.263311e+01 2.204817e+01 6.991195e-01
1.995262e-04 1.791009e+01 1.245098e+01 2.181280e+01 6.951939e-01
2.041738e-04 1.775457e+01 1.227114e+01 2.158254e+01 6.911541e-01
2.089296e-04 1.760335e+01 1.209365e+01 2.135730e+01 6.870085e-01
2.137962e-04 1.745628e+01 1.191855e+01 2.113702e+01 6.827656e-01
2.187762e-04 1.731322e+01 1.174587e+01 2.092159e+01 6.784333e-01
2.238721e-04 1.717405e+01 1.157564e+01 2.071095e+01 6.740195e-01
2.290868e-04 1.703863e+01 1.140790e+01 2.050500e+01 6.695319e-01
2.344229e-04 1.690683e+01 1.124267e+01 2.030366e+01 6.649777e-01
2.398833e-04 1.677855e+01 1.107995e+01 2.010684e+01 6.603640e-01
2.454709e-04 1.665365e+01 1.091976e+01 1.991445e+01 6.556978e-01
2.511886e-04 1.653204e+01 1.076212e+01 1.972642e+01 6.509856e-01
2.570396e-04 1.641360e+01 1.060702e+01 1.954265e+01 6.462338e-01
2.630268e-04 1.629822e+01 1.045447e+01 1.936306e+01 6.414485e-01
2.691535e-04 1.618581e+01 1.030447e+01 1.918756e+01 6.366356e-01
2.754229e-04 1.607628e+01 1.015701e+01 1.901609e+01 6.318009e-01
2.818383e-04 1.596952e+01 1.001209e+01 1.884854e+01 6.269499e-01
2.884032e-04 1.586546e+01 9.869711e+00 1.868486e+01 6.220879e-01
2.951209e-04 1.576401e+01 9.729861e+00 1.852496e+01 6.172200e-01
3.019952e-04 1.566508e+01 9.592532e+00 1.836876e+01 6.123513e-01
3.090295e-04 1.556860e+01 9.457717e+00 1.821619e+01 6.074867e-01
3.162278e-04 1.547449e+01 9.325408e+00 1.806719e+01 6.026309e-01
3.235937e-04 1.538269e+01 9.195594e+00 1.792167e+01 5.977884e-01
3.311311e-04 1.529312e+01 9.068268e+00 1.777957e+01 5.929640e-01
3.388442e-04 1.520571e+01 8.943420e+00 1.764082e+01 5.881619e-01
3.467369e-04 1.512040e+01 8.821042e+00 1.750535e+01 5.833867e-01
3.548134e-04 1.503713e+01 8.701125e+00 1.737311e+01 5.786426e-01
3.630781e-04 1.495583e+01 8.583660e+00 1.724402e+01 5.739339e-01
3.715352e-04 1.487645e+01 8.468640e+00 1.711802e+01 5.692647e-01
3.801894e-04 1.479893e+01 8.356059e+00 1.699506e+01 5.646393e-01
3.890451e-04 1.472321e+01 8.245908e+00 1.687507e+01 5.600619e-01
3.981072e-04 1.464923e+01 8.138182e+00 1.675798e+01 5.555365e-01
4.073803e-04 1.457694e+01 8.032874e+00 1.664374e+01 5.510673e-01
4.168694e-04 1.450628e+01 7.929979e+00 1.653229e+01 5.466583e-01
4.265795e-04 1.443720e+01 7.829493e+00 1.642358e+01 5.423136e-01
4.365158e-04 1.436965e+01 7.731410e+00 1.631753e+01 5.380373e-01
4.466836e-04 1.430358e+01 7.635726e+00 1.621409e+01 5.338333e-01
4.570882e-04 1.423892e+01 7.542437e+00 1.611320e+01 5.297057e-01
4.677351e-04 1.417563e+01 7.451539e+00 1.601480e+01 5.256584e-01
4.786301e-04 1.411365e+01 7.363028e+00 1.591884e+01 5.216954e-01
4.897788e-04 1.405294e+01 7.276900e+00 1.582524e+01 5.178206e-01
5.011872e-04 1.399343e+01 7.193152e+00 1.573396e+01 5.140379e-01
5.128614e-04 1.393507e+01 7.111778e+00 1.564492e+01 5.103511e-01
5.248075e-04 1.387781e+01 7.032775e+00 1.555807e+01 5.067640e-01
5.370318e-04 1.382160e+01 6.956139e+00 1.547335e+01 5.032804e-01
5.495409e-04 1.376637e+01 6.881863e+00 1.539068e+01 4.999039e-01
5.623413e-04 1.371208e+01 6.809943e+00 1.531002e+01 4.966381e-01
5.754399e-04 1.365868e+01 6.740373e+00 1.523129e+01 4.934866e-01
5.888437e-04 1.360609e+01 6.673145e+00 1.515442e+01 4.904528e-01
6.025596e-04 1.355427e+01 6.608253e+00 1.507937e+01 4.875402e-01
6.165950e-04 1.350316e+01 6.545688e+00 1.500605e+01 4.847521e-01
6.309573e-04 1.345271e+01 6.485440e+00 1.493440e+01 4.820917e-01
6.456542e-04 1.340285e+01 6.427501e+00 1.486436e+01 4.795621e-01
6.606934e-04 1.335354e+01 6.371857e+00 1.479586e+01 4.771663e-01
6.760830e-04 1.330470e+01 6.318499e+00 1.472883e+01 4.749073e-01
6.918310e-04 1.325628e+01 6.267411e+00 1.466320e+01 4.727879e-01
7.079458e-04 1.320823e+01 6.218579e+00 1.459891e+01 4.708109e-01
7.244360e-04 1.316049e+01 6.171988e+00 1.453588e+01 4.689787e-01
7.413102e-04 1.311299e+01 6.127621e+00 1.447405e+01 4.672940e-01
7.585776e-04 1.306568e+01 6.085458e+00 1.441335e+01 4.657591e-01
7.762471e-04 1.301849e+01 6.045481e+00 1.435371e+01 4.643763e-01
7.943282e-04 1.297138e+01 6.007666e+00 1.429506e+01 4.631478e-01
8.128305e-04 1.292428e+01 5.971992e+00 1.423733e+01 4.620755e-01
8.317638e-04 1.287713e+01 5.938435e+00 1.418046e+01 4.611615e-01
8.511380e-04 1.282987e+01 5.906966e+00 1.412437e+01 4.604074e-01
8.709636e-04 1.278244e+01 5.877560e+00 1.406899e+01 4.598151e-01
8.912509e-04 1.273479e+01 5.850187e+00 1.401427e+01 4.593860e-01
9.120108e-04 1.268686e+01 5.824814e+00 1.396012e+01 4.591217e-01
9.332543e-04 1.263859e+01 5.801410e+00 1.390649e+01 4.590234e-01
9.549926e-04 1.258993e+01 5.779940e+00 1.385330e+01 4.590924e-01
9.772372e-04 1.254081e+01 5.760367e+00 1.380049e+01 4.593298e-01
1.000000e-03 1.249118e+01 5.742652e+00 1.374800e+01 4.597366e-01
1.023293e-03 1.244098e+01 5.726755e+00 1.369576e+01 4.603137e-01
1.047129e-03 1.239017e+01 5.712635e+00 1.364370e+01 4.610617e-01
1.071519e-03 1.233869e+01 5.700246e+00 1.359177e+01 4.619814e-01
1.096478e-03 1.228648e+01 5.689543e+00 1.353989e+01 4.630734e-01
1.122018e-03 1.223350e+01 5.680479e+00 1.348801e+01 4.643379e-01
1.148154e-03 1.217969e+01 5.673002e+00 1.343607e+01 4.657754e-01
1.174898e-03 1.212501e+01 5.667061e+00 1.338400e+01 4.673860e-01
1.202264e-03 1.206941e+01 5.662604e+00 1.333176e+01 4.691698e-01
1.230269e-03 1.201284e+01 5.659573e+00 1.327928e+01 4.711268e-01
1.258925e-03 1.195526e+01 5.657911e+00 1.322650e+01 4.732569e-01
1.288250e-03 1.189663e+01 5.657559e+00 1.317337e+01 4.755598e-01
1.318257e-03 1.183690e+01 5.658456e+00 1.311985e+01 4.780351e-01
1.348963e-03 1.177604e+01 5.660538e+00 1.306587e+01 4.806825e-01
1.380384e-03 1.171402e+01 5.663742e+00 1.301139e+01 4.835012e-01
1.412538e-03 1.165079e+01 5.668000e+00 1.295635e+01 4.864906e-01
1.445440e-03 1.158633e+01 5.673244e+00 1.290072e+01 4.896499e-01
1.479108e-03 1.152060e+01 5.679406e+00 1.284445e+01 4.929782e-01
1.513561e-03 1.145359e+01 5.686414e+00 1.278749e+01 4.964744e-01
1.548817e-03 1.138526e+01 5.694196e+00 1.272981e+01 5.001374e-01
1.584893e-03 1.131560e+01 5.702678e+00 1.267136e+01 5.039659e-01
1.621810e-03 1.124459e+01 5.711787e+00 1.261211e+01 5.079585e-01
1.659587e-03 1.117222e+01 5.721446e+00 1.255203e+01 5.121138e-01
1.698244e-03 1.109846e+01 5.731580e+00 1.249107e+01 5.164300e-01
1.737801e-03 1.102333e+01 5.742111e+00 1.242922e+01 5.209055e-01
1.778279e-03 1.094680e+01 5.752963e+00 1.236644e+01 5.255385e-01
1.819701e-03 1.086888e+01 5.764057e+00 1.230272e+01 5.303268e-01
1.862087e-03 1.078957e+01 5.775316e+00 1.223802e+01 5.352686e-01
1.905461e-03 1.070887e+01 5.786662e+00 1.217232e+01 5.403614e-01
1.949845e-03 1.062681e+01 5.798018e+00 1.210562e+01 5.456031e-01
1.995262e-03 1.054338e+01 5.809307e+00 1.203789e+01 5.509912e-01
2.041738e-03 1.045860e+01 5.820453e+00 1.196913e+01 5.565231e-01
2.089296e-03 1.037250e+01 5.831379e+00 1.189932e+01 5.621961e-01
2.137962e-03 1.028510e+01 5.842013e+00 1.182845e+01 5.680075e-01
2.187762e-03 1.019642e+01 5.852280e+00 1.175654e+01 5.739544e-01
2.238721e-03 1.010650e+01 5.862110e+00 1.168356e+01 5.800337e-01
2.290868e-03 1.001537e+01 5.871433e+00 1.160954e+01 5.862423e-01
2.344229e-03 9.923065e+00 5.880181e+00 1.153446e+01 5.925771e-01
2.398833e-03 9.829629e+00 5.888289e+00 1.145834e+01 5.990348e-01
2.454709e-03 9.735104e+00 5.895694e+00 1.138119e+01 6.056118e-01
2.511886e-03 9.639538e+00 5.902335e+00 1.130302e+01 6.123048e-01
2.570396e-03 9.542979e+00 5.908154e+00 1.122385e+01 6.191101e-01
2.630268e-03 9.445479e+00 5.913097e+00 1.114369e+01 6.260240e-01
2.691535e-03 9.347093e+00 5.917111e+00 1.106257e+01 6.330429e-01
2.754229e-03 9.247878e+00 5.920147e+00 1.098050e+01 6.401628e-01
2.818383e-03 9.147891e+00 5.922162e+00 1.089752e+01 6.473800e-01
2.884032e-03 9.047194e+00 5.923112e+00 1.081365e+01 6.546905e-01
2.951209e-03 8.945849e+00 5.922960e+00 1.072892e+01 6.620904e-01
3.019952e-03 8.843919e+00 5.921671e+00 1.064336e+01 6.695755e-01
3.090295e-03 8.741468e+00 5.919214e+00 1.055701e+01 6.771419e-01
3.162278e-03 8.638562e+00 5.915561e+00 1.046989e+01 6.847854e-01
3.235937e-03 8.535267e+00 5.910690e+00 1.038205e+01 6.925021e-01
3.311311e-03 8.431650e+00 5.904580e+00 1.029353e+01 7.002876e-01
3.388442e-03 8.327776e+00 5.897215e+00 1.020436e+01 7.081381e-01
3.467369e-03 8.223712e+00 5.888584e+00 1.011459e+01 7.160493e-01
3.548134e-03 8.119525e+00 5.878676e+00 1.002425e+01 7.240172e-01
3.630781e-03 8.015280e+00 5.867488e+00 9.933384e+00 7.320378e-01
3.715352e-03 7.911041e+00 5.855016e+00 9.842042e+00 7.401069e-01
3.801894e-03 7.806873e+00 5.841264e+00 9.750263e+00 7.482207e-01
3.890451e-03 7.702838e+00 5.826235e+00 9.658092e+00 7.563751e-01
3.981072e-03 7.598998e+00 5.809938e+00 9.565571e+00 7.645664e-01
4.073803e-03 7.495412e+00 5.792384e+00 9.472746e+00 7.727906e-01
4.168694e-03 7.392138e+00 5.773586e+00 9.379659e+00 7.810441e-01
4.265795e-03 7.289233e+00 5.753561e+00 9.286355e+00 7.893233e-01
4.365158e-03 7.186752e+00 5.732328e+00 9.192877e+00 7.976244e-01
4.466836e-03 7.084745e+00 5.709908e+00 9.099267e+00 8.059440e-01
4.570882e-03 6.983265e+00 5.686324e+00 9.005568e+00 8.142787e-01
4.677351e-03 6.882358e+00 5.661601e+00 8.911822e+00 8.226253e-01
4.786301e-03 6.782070e+00 5.635767e+00 8.818069e+00 8.309804e-01
4.897788e-03 6.682446e+00 5.608851e+00 8.724350e+00 8.393410e-01
5.011872e-03 6.583525e+00 5.580882e+00 8.630703e+00 8.477042e-01
5.128614e-03 6.485347e+00 5.551891e+00 8.537167e+00 8.560669e-01
5.248075e-03 6.387948e+00 5.521912e+00 8.443778e+00 8.644265e-01
5.370318e-03 6.291362e+00 5.490977e+00 8.350573e+00 8.727803e-01
5.495409e-03 6.195621e+00 5.459120e+00 8.257585e+00 8.811257e-01
5.623413e-03 6.100753e+00 5.426377e+00 8.164849e+00 8.894602e-01
5.754399e-03 6.006786e+00 5.392782e+00 8.072396e+00 8.977816e-01
5.888437e-03 5.913744e+00 5.358370e+00 7.980257e+00 9.060876e-01
6.025596e-03 5.821651e+00 5.323178e+00 7.888462e+00 9.143760e-01
6.165950e-03 5.730525e+00 5.287240e+00 7.797039e+00 9.226449e-01
6.309573e-03 5.640386e+00 5.250592e+00 7.706015e+00 9.308922e-01
6.456542e-03 5.551250e+00 5.213269e+00 7.615416e+00 9.391162e-01
6.606934e-03 5.463132e+00 5.175307e+00 7.525265e+00 9.473150e-01
6.760830e-03 5.376043e+00 5.136739e+00 7.435585e+00 9.554870e-01
6.918310e-03 5.289995e+00 5.097601e+00 7.346399e+00 9.636305e-01
7.079458e-03 5.204997e+00 5.057925e+00 7.257726e+00 9.717441e-01
7.244360e-03 5.121056e+00 5.017745e+00 7.169587e+00 9.798262e-01
7.413102e-03 5.038178e+00 4.977092e+00 7.081997e+00 9.878754e-01
7.585776e-03 4.956369e+00 4.935999e+00 6.994976e+00 9.958902e-01
7.762471e-03 4.875631e+00 4.894497e+00 6.908537e+00 1.003869e+00
7.943282e-03 4.795967e+00 4.852615e+00 6.822696e+00 1.011812e+00
8.128305e-03 4.717378e+00 4.810383e+00 6.737465e+00 1.019715e+00
8.317638e-03 4.639863e+00 4.767829e+00 6.652858e+00 1.027580e+00
8.511380e-03 4.563422e+00 4.724980e+00 6.568886e+00 1.035403e+00
8.709636e-03 4.488053e+00 4.681864e+00 6.485559e+00 1.043184e+00
8.912509e-03 4.413753e+00 4.638506e+00 6.402887e+00 1.050921e+00
9.120108e-03 4.340519e+00 4.594932e+00 6.320878e+00 1.058613e+00
9.332543e-03 4.268346e+00 4.551164e+00 6.239541e+00 1.066259e+00
9.549926e-03 4.197230e+00 4.507228e+00 6.158883e+00 1.073858e+00
9.772372e-03 4.127166e+00 4.463144e+00 6.078911e+00 1.081406e+00
1.000000e-02 4.058148e+00 4.418935e+00 5.999630e+00 1.088904e+00
1.023293e-02 3.990170e+00 4.374622e+00 5.921045e+00 1.096350e+00
1.047129e-02 3.923226e+00 4.330224e+00 5.843162e+00 1.103741e+00
1.071519e-02 3.857308e+00 4.285762e+00 5.765985e+00 1.111076e+00
1.096478e-02 3.792410e+00 4.241253e+00 5.689517e+00 1.118353e+00
1.122018e-02 3.728525e+00 4.196716e+00 5.613762e+00 1.125570e+00
1.148154e-02 3.665644e+00 4.152169e+00 5.538723e+00 1.132726e+00
1.174898e-02 3.603760e+00 4.107627e+00 5.464402e+00 1.139817e+00
1.202264e-02 3.542866e+00 4.063108e+00 5.390802e+00 1.146842e+00
1.230269e-02 3.482953e+00 4.018626e+00 5.317924e+00 1.153798e+00
1.258925e-02 3.424013e+00 3.974197e+00 5.245771e+00 1.160684e+00
1.288250e-02 3.366039e+00 3.929835e+00 5.174343e+00 1.167496e+00
1.318257e-02 3.309021e+00 3.885556e+00 5.103642e+00 1.174231e+00
1.348963e-02 3.252952e+00 3.841371e+00 5.033670e+00 1.180888e+00
1.380384e-02 3.197823e+00 3.797296e+00 4.964426e+00 1.187463e+00
1.412538e-02 3.143626e+00 3.753342e+00 4.895913e+00 1.193953e+00
1.445440e-02 3.090351e+00 3.709523e+00 4.828129e+00 1.200356e+00
1.479108e-02 3.037991e+00 3.665851e+00 4.761077e+00 1.206669e+00
1.513561e-02 2.986537e+00 3.622337e+00 4.694755e+00 1.212889e+00
1.548817e-02 2.935980e+00 3.578993e+00 4.629165e+00 1.219012e+00
1.584893e-02 2.886310e+00 3.535832e+00 4.564306e+00 1.225035e+00
1.621810e-02 2.837520e+00 3.492863e+00 4.500179e+00 1.230956e+00
1.659587e-02 2.789600e+00 3.450099e+00 4.436783e+00 1.236772e+00
1.698244e-02 2.742540e+00 3.407548e+00 4.374118e+00 1.242479e+00
1.737801e-02 2.696331e+00 3.365223e+00 4.312184e+00 1.248075e+00
1.778279e-02 2.650965e+00 3.323133e+00 4.250980e+00 1.253556e+00
1.819701e-02 2.606430e+00 3.281288e+00 4.190505e+00 1.258920e+00
1.862087e-02 2.562718e+00 3.239698e+00 4.130758e+00 1.264165e+00
1.905461e-02 2.519819e+00 3.198371e+00 4.071740e+00 1.269286e+00
1.949845e-02 2.477721e+00 3.157318e+00 4.013448e+00 1.274283e+00
1.995262e-02 2.436416e+00 3.116547e+00 3.955880e+00 1.279152e+00
2.041738e-02 2.395893e+00 3.076067e+00 3.899037e+00 1.283892e+00
2.089296e-02 2.356140e+00 3.035885e+00 3.842915e+00 1.288500e+00
2.137962e-02 2.317147e+00 2.996011e+00 3.787513e+00 1.292974e+00
2.187762e-02 2.278904e+00 2.956451e+00 3.732828e+00 1.297313e+00
2.238721e-02 2.241399e+00 2.917214e+00 3.678859e+00 1.301515e+00
2.290868e-02 2.204620e+00 2.878306e+00 3.625603e+00 1.305579e+00
2.344229e-02 2.168557e+00 2.839734e+00 3.573056e+00 1.309504e+00
2.398833e-02 2.133197e+00 2.801504e+00 3.521216e+00 1.313289e+00
2.454709e-02 2.098530e+00 2.763623e+00 3.470078e+00 1.316933e+00
2.511886e-02 2.064543e+00 2.726097e+00 3.419640e+00 1.320436e+00
2.570396e-02 2.031224e+00 2.688929e+00 3.369898e+00 1.323798e+00
2.630268e-02 1.998561e+00 2.652126e+00 3.320846e+00 1.327018e+00
2.691535e-02 1.966542e+00 2.615693e+00 3.272481e+00 1.330098e+00
2.754229e-02 1.935155e+00 2.579632e+00 3.224798e+00 1.333036e+00
2.818383e-02 1.904388e+00 2.543948e+00 3.177792e+00 1.335835e+00
2.884032e-02 1.874228e+00 2.508644e+00 3.131457e+00 1.338495e+00
2.951209e-02 1.844663e+00 2.473724e+00 3.085789e+00 1.341016e+00
3.019952e-02 1.815682e+00 2.439189e+00 3.040780e+00 1.343401e+00
3.090295e-02 1.787271e+00 2.405042e+00 2.996425e+00 1.345651e+00
3.162278e-02 1.759419e+00 2.371285e+00 2.952718e+00 1.347766e+00
3.235937e-02 1.732113e+00 2.337919e+00 2.909653e+00 1.349749e+00
3.311311e-02 1.705342e+00 2.304944e+00 2.867222e+00 1.351602e+00
3.388442e-02 1.679094e+00 2.272363e+00 2.825418e+00 1.353327e+00
3.467369e-02 1.653357e+00 2.240174e+00 2.784236e+00 1.354924e+00
3.548134e-02 1.628119e+00 2.208378e+00 2.743666e+00 1.356398e+00
3.630781e-02 1.603369e+00 2.176974e+00 2.703703e+00 1.357750e+00
3.715352e-02 1.579096e+00 2.145962e+00 2.664338e+00 1.358981e+00
3.801894e-02 1.555288e+00 2.115340e+00 2.625564e+00 1.360095e+00
3.890451e-02 1.531935e+00 2.085107e+00 2.587372e+00 1.361093e+00
3.981072e-02 1.509026e+00 2.055261e+00 2.549756e+00 1.361978e+00
4.073803e-02 1.486551e+00 2.025800e+00 2.512708e+00 1.362752e+00
4.168694e-02 1.464499e+00 1.996722e+00 2.476218e+00 1.363417e+00
4.265795e-02 1.442860e+00 1.968025e+00 2.440280e+00 1.363975e+00
4.365158e-02 1.421625e+00 1.939705e+00 2.404885e+00 1.364428e+00
4.466836e-02 1.400784e+00 1.911760e+00 2.370026e+00 1.364778e+00
4.570882e-02 1.380329e+00 1.884187e+00 2.335694e+00 1.365027e+00
4.677351e-02 1.360249e+00 1.856981e+00 2.301881e+00 1.365177e+00
4.786301e-02 1.340537e+00 1.830141e+00 2.268580e+00 1.365229e+00
4.897788e-02 1.321185e+00 1.803661e+00 2.235782e+00 1.365185e+00
5.011872e-02 1.302183e+00 1.777540e+00 2.203481e+00 1.365046e+00
5.128614e-02 1.283525e+00 1.751771e+00 2.171667e+00 1.364813e+00
5.248075e-02 1.265202e+00 1.726353e+00 2.140334e+00 1.364488e+00
5.370318e-02 1.247209e+00 1.701280e+00 2.109474e+00 1.364070e+00
5.495409e-02 1.229536e+00 1.676549e+00 2.079080e+00 1.363561e+00
5.623413e-02 1.212179e+00 1.652155e+00 2.049145e+00 1.362962e+00
5.754399e-02 1.195131e+00 1.628095e+00 2.019661e+00 1.362273e+00
5.888437e-02 1.178385e+00 1.604364e+00 1.990622e+00 1.361494e+00
6.025596e-02 1.161936e+00 1.580959e+00 1.962021e+00 1.360625e+00
6.165950e-02 1.145777e+00 1.557875e+00 1.933851e+00 1.359667e+00
6.309573e-02 1.129904e+00 1.535109e+00 1.906106e+00 1.358619e+00
6.456542e-02 1.114311e+00 1.512656e+00 1.878780e+00 1.357481e+00
6.606934e-02 1.098993e+00 1.490512e+00 1.851867e+00 1.356253e+00
6.760830e-02 1.083946e+00 1.468674e+00 1.825361e+00 1.354934e+00
6.918310e-02 1.069164e+00 1.447139e+00 1.799256e+00 1.353524e+00
7.079458e-02 1.054643e+00 1.425901e+00 1.773546e+00 1.352022e+00
7.244360e-02 1.040380e+00 1.404959e+00 1.748228e+00 1.350429e+00
7.413102e-02 1.026369e+00 1.384308e+00 1.723294e+00 1.348743e+00
7.585776e-02 1.012607e+00 1.363945e+00 1.698741e+00 1.346964e+00
7.762471e-02 9.990903e-01 1.343867e+00 1.674563e+00 1.345091e+00
7.943282e-02 9.858144e-01 1.324071e+00 1.650756e+00 1.343124e+00
8.128305e-02 9.727759e-01 1.304554e+00 1.627315e+00 1.341063e+00
8.317638e-02 9.599712e-01 1.285313e+00 1.604236e+00 1.338908e+00
8.511380e-02 9.473967e-01 1.266345e+00 1.581515e+00 1.336658e+00
8.709636e-02 9.350489e-01 1.247648e+00 1.559148e+00 1.334313e+00
8.912509e-02 9.229245e-01 1.229220e+00 1.537131e+00 1.331874e+00
9.120108e-02 9.110199e-01 1.211057e+00 1.515459e+00 1.329341e+00
9.332543e-02 8.993319e-01 1.193157e+00 1.494129e+00 1.326715e+00
9.549926e-02 8.878569e-01 1.175519e+00 1.473137e+00 1.323996e+00
9.772372e-02 8.765916e-01 1.158140e+00 1.452481e+00 1.321185e+00
1.000000e-01 8.655327e-01 1.141018e+00 1.432155e+00 1.318284e+00
1.023293e-01 8.546767e-01 1.124151e+00 1.412157e+00 1.315293e+00
1.047129e-01 8.440203e-01 1.107537e+00 1.392483e+00 1.312216e+00
1.071519e-01 8.335600e-01 1.091175e+00 1.373130e+00 1.309054e+00
1.096478e-01 8.232923e-01 1.075063e+00 1.354094e+00 1.305809e+00
1.122018e-01 8.132137e-01 1.059198e+00 1.335372e+00 1.302485e+00
1.148154e-01 8.033207e-01 1.043580e+00 1.316960e+00 1.299083e+00
1.174898e-01 7.936096e-01 1.028207e+00 1.298856e+00 1.295608e+00
1.202264e-01 7.840770e-01 1.013077e+00 1.281055e+00 1.292063e+00
1.230269e-01 7.747190e-01 9.981877e-01 1.263554e+00 1.288451e+00
1.258925e-01 7.655320e-01 9.835384e-01 1.246350e+00 1.284778e+00
1.288250e-01 7.565123e-01 9.691273e-01 1.229438e+00 1.281046e+00
1.318257e-01 7.476560e-01 9.549526e-01 1.212817e+00 1.277262e+00
1.348963e-01 7.389593e-01 9.410126e-01 1.196481e+00 1.273430e+00
1.380384e-01 7.304183e-01 9.273058e-01 1.180427e+00 1.269554e+00
1.412538e-01 7.220292e-01 9.138302e-01 1.164651e+00 1.265642e+00
1.445440e-01 7.137880e-01 9.005841e-01 1.149150e+00 1.261697e+00
1.479108e-01 7.056908e-01 8.875658e-01 1.133919e+00 1.257726e+00
1.513561e-01 6.977336e-01 8.747731e-01 1.118955e+00 1.253735e+00
1.548817e-01 6.899124e-01 8.622043e-01 1.104253e+00 1.249730e+00
1.584893e-01 6.822233e-01 8.498573e-01 1.089810e+00 1.245717e+00
1.621810e-01 6.746623e-01 8.377300e-01 1.075621e+00 1.241703e+00
1.659587e-01 6.672253e-01 8.258202e-01 1.061682e+00 1.237693e+00
1.698244e-01 6.599085e-01 8.141256e-01 1.047988e+00 1.233695e+00
1.737801e-01 6.527079e-01 8.026440e-01 1.034536e+00 1.229714e+00
1.778279e-01 6.456196e-01 7.913730e-01 1.021321e+00 1.225757e+00
1.819701e-01 6.386396e-01 7.803100e-01 1.008337e+00 1.221831e+00
1.862087e-01 6.317642e-01 7.694525e-01 9.955819e-01 1.217943e+00
1.905461e-01 6.249896e-01 7.587980e-01 9.830495e-01 1.214097e+00
1.949845e-01 6.183119e-01 7.483436e-01 9.707357e-01 1.210301e+00
1.995262e-01 6.117276e-01 7.380866e-01 9.586357e-01 1.206561e+00
2.041738e-01 6.052330e-01 7.280241e-01 9.467450e-01 1.202882e+00
2.089296e-01 5.988245e-01 7.181532e-01 9.350587e-01 1.199272e+00
2.137962e-01 5.924986e-01 7.084709e-01 9.235722e-01 1.195734e+00
2.187762e-01 5.862520e-01 6.989741e-01 9.122808e-01 1.192276e+00
2.238721e-01 5.800814e-01 6.896597e-01 9.011798e-01 1.188902e+00
2.290868e-01 5.739835e-01 6.805244e-01 8.902643e-01 1.185617e+00
2.344229e-01 5.679553e-01 6.715651e-01 8.795299e-01 1.182426e+00
2.398833e-01 5.619936e-01 6.627784e-01 8.689718e-01 1.179334e+00
2.454709e-01 5.560956e-01 6.541610e-01 8.585854e-01 1.176346e+00
2.511886e-01 5.502585e-01 6.457094e-01 8.483661e-01 1.173466e+00
2.570396e-01 5.444796e-01 6.374203e-01 8.383094e-01 1.170696e+00
2.630268e-01 5.387562e-01 6.292902e-01 8.284107e-01 1.168042e+00
2.691535e-01 5.330860e-01 6.213155e-01 8.186658e-01 1.165507e+00
2.754229e-01 5.274665e-01 6.134929e-01 8.090701e-01 1.163094e+00
2.818383e-01 5.218956e-01 6.058188e-01 7.996195e-01 1.160805e+00
2.884032e-01 5.163711e-01 5.982896e-01 7.903098e-01 1.158643e+00
2.951209e-01 5.108910e-01 5.909018e-01 7.811368e-01 1.156610e+00
3.019952e-01 5.054536e-01 5.836520e-01 7.720964e-01 1.154709e+00
3.090295e-01 5.000569e-01 5.765364e-01 7.631849e-01 1.152942e+00
3.162278e-01 4.946995e-01 5.695518e-01 7.543983e-01 1.151309e+00
3.235937e-01 4.893798e-01 5.626945e-01 7.457330e-01 1.149811e+00
3.311311e-01 4.840965e-01 5.559612e-01 7.371853e-01 1.148451e+00
3.388442e-01 4.788483e-01 5.493483e-01 7.287518e-01 1.147228e+00
3.467369e-01 4.736340e-01 5.428526e-01 7.204291e-01 1.146144e+00
3.548134e-01 4.684527e-01 5.364707e-01 7.122139e-01 1.145197e+00
3.630781e-01 4.633034e-01 5.301992e-01 7.041031e-01 1.144389e+00
3.715352e-01 4.581853e-01 5.240350e-01 6.960937e-01 1.143719e+00
3.801894e-01 4.530978e-01 5.179749e-01 6.881828e-01 1.143186e+00
3.890451e-01 4.480402e-01 5.120158e-01 6.803677e-01 1.142790e+00
3.981072e-01 4.430121e-01 5.061547e-01 6.726457e-01 1.142530e+00
4.073803e-01 4.380130e-01 5.003885e-01 6.650143e-01 1.142406e+00
4.168694e-01 4.330427e-01 4.947145e-01 6.574712e-01 1.142415e+00
4.265795e-01 4.281009e-01 4.891298e-01 6.500141e-01 1.142557e+00
4.365158e-01 4.231875e-01 4.836317e-01 6.426409e-01 1.142831e+00
4.466836e-01 4.183024e-01 4.782176e-01 6.353495e-01 1.143234e+00
4.570882e-01 4.134456e-01 4.728850e-01 6.281381e-01 1.143766e+00
4.677351e-01 4.086171e-01 4.676314e-01 6.210049e-01 1.144424e+00
4.786301e-01 4.038170e-01 4.624545e-01 6.139482e-01 1.145208e+00
4.897788e-01 3.990456e-01 4.573521e-01 6.069665e-01 1.146115e+00
5.011872e-01 3.943029e-01 4.523219e-01 6.000583e-01 1.147143e+00
5.128614e-01 3.895892e-01 4.473621e-01 5.932222e-01 1.148292e+00
5.248075e-01 3.849048e-01 4.424705e-01 5.864570e-01 1.149558e+00
5.370318e-01 3.802500e-01 4.376453e-01 5.797615e-01 1.150941e+00
5.495409e-01 3.756250e-01 4.328848e-01 5.731347e-01 1.152439e+00
5.623413e-01 3.710302e-01 4.281873e-01 5.665754e-01 1.154050e+00
5.754399e-01 3.664659e-01 4.235511e-01 5.600829e-01 1.155772e+00
5.888437e-01 3.619324e-01 4.189749e-01 5.536561e-01 1.157605e+00
6.025596e-01 3.574301e-01 4.144572e-01 5.472943e-01 1.159547e+00
6.165950e-01 3.529593e-01 4.099966e-01 5.409967e-01 1.161597e+00
6.309573e-01 3.485202e-01 4.055919e-01 5.347626e-01 1.163754e+00
6.456542e-01 3.441132e-01 4.012419e-01 5.285915e-01 1.166017e+00
6.606934e-01 3.397385e-01 3.969455e-01 5.224825e-01 1.168385e+00
6.760830e-01 3.353965e-01 3.927017e-01 5.164353e-01 1.170858e+00
6.918310e-01 3.310872e-01 3.885094e-01 5.104492e-01 1.173435e+00
7.079458e-01 3.268110e-01 3.843679e-01 5.045236e-01 1.176117e+00
7.244360e-01 3.225680e-01 3.802761e-01 4.986582e-01 1.178902e+00
7.413102e-01 3.183584e-01 3.762333e-01 4.928525e-01 1.181792e+00
7.585776e-01 3.141822e-01 3.722387e-01 4.871059e-01 1.184786e+00
7.762471e-01 3.100395e-01 3.682917e-01 4.814180e-01 1.187886e+00
7.943282e-01 3.059305e-01 3.643914e-01 4.757883e-01 1.191092e+00
8.128305e-01 3.018551e-01 3.605372e-01 4.702165e-01 1.194405e+00
8.317638e-01 2.978132e-01 3.567286e-01 4.647021e-01 1.197827e+00
8.511380e-01 2.938049e-01 3.529650e-01 4.592446e-01 1.201358e+00
8.709636e-01 2.898301e-01 3.492457e-01 4.538436e-01 1.205001e+00
8.912509e-01 2.858886e-01 3.455702e-01 4.484986e-01 1.208758e+00
9.120108e-01 2.819803e-01 3.419379e-01 4.432092e-01 1.212631e+00
9.332543e-01 2.781050e-01 3.383485e-01 4.379750e-01 1.216621e+00
9.549926e-01 2.742625e-01 3.348012e-01 4.327953e-01 1.220733e+00
9.772372e-01 2.704526e-01 3.312957e-01 4.276698e-01 1.224968e+00
1.000000e+00 2.666749e-01 3.278315e-01 4.225979e-01 1.229330e+00
1.023293e+00 2.629293e-01 3.244080e-01 4.175792e-01 1.233822e+00
1.047129e+00 2.592154e-01 3.210247e-01 4.126130e-01 1.238448e+00
1.071519e+00 2.555328e-01 3.176812e-01 4.076988e-01 1.243211e+00
1.096478e+00 2.518812e-01 3.143769e-01 4.028362e-01 1.248116e+00
1.122018e+00 2.482602e-01 3.111114e-01 3.980244e-01 1.253166e+00
1.148154e+00 2.446695e-01 3.078841e-01 3.932630e-01 1.258367e+00
1.174898e+00 2.411086e-01 3.046944e-01 3.885512e-01 1.263723e+00
1.202264e+00 2.375770e-01 3.015419e-01 3.838885e-01 1.269238e+00
1.230269e+00 2.340745e-01 2.984260e-01 3.792742e-01 1.274919e+00
1.258925e+00 2.306004e-01 2.953462e-01 3.747078e-01 1.280770e+00
1.288250e+00 2.271544e-01 2.923018e-01 3.701884e-01 1.286798e+00
1.318257e+00 2.237360e-01 2.892923e-01 3.657155e-01 1.293007e+00
1.348963e+00 2.203448e-01 2.863170e-01 3.612883e-01 1.299404e+00
1.380384e+00 2.169803e-01 2.833754e-01 3.569062e-01 1.305996e+00
1.412538e+00 2.136420e-01 2.804667e-01 3.525684e-01 1.312788e+00
1.445440e+00 2.103295e-01 2.775904e-01 3.482742e-01 1.319788e+00
1.479108e+00 2.070424e-01 2.747457e-01 3.440229e-01 1.327002e+00
1.513561e+00 2.037802e-01 2.719321e-01 3.398138e-01 1.334438e+00
1.548817e+00 2.005425e-01 2.691486e-01 3.356460e-01 1.342103e+00
1.584893e+00 1.973288e-01 2.663947e-01 3.315189e-01 1.350004e+00
1.621810e+00 1.941388e-01 2.636696e-01 3.274318e-01 1.358150e+00
1.659587e+00 1.909722e-01 2.609725e-01 3.233837e-01 1.366547e+00
1.698244e+00 1.878284e-01 2.583027e-01 3.193741e-01 1.375206e+00
1.737801e+00 1.847073e-01 2.556594e-01 3.154021e-01 1.384133e+00
1.778279e+00 1.816084e-01 2.530418e-01 3.114671e-01 1.393338e+00
1.819701e+00 1.785314e-01 2.504490e-01 3.075682e-01 1.402829e+00
1.862087e+00 1.754762e-01 2.478804e-01 3.037048e-01 1.412615e+00
1.905461e+00 1.724424e-01 2.453349e-01 2.998760e-01 1.422706e+00
1.949845e+00 1.694299e-01 2.428119e-01 2.960813e-01 1.433112e+00
1.995262e+00 1.664384e-01 2.403105e-01 2.923198e-01 1.443841e+00
2.041738e+00 1.634677e-01 2.378298e-01 2.885909e-01 1.454904e+00
2.089296e+00 1.605179e-01 2.353691e-01 2.848940e-01 1.466311e+00
2.137962e+00 1.575886e-01 2.329273e-01 2.812283e-01 1.478072e+00
2.187762e+00 1.546800e-01 2.305039e-01 2.775931e-01 1.490198e+00
2.238721e+00 1.517920e-01 2.280978e-01 2.739880e-01 1.502700e+00
2.290868e+00 1.489245e-01 2.257083e-01 2.704122e-01 1.515589e+00
2.344229e+00 1.460776e-01 2.233346e-01 2.668651e-01 1.528876e+00
2.398833e+00 1.432514e-01 2.209758e-01 2.633463e-01 1.542573e+00
2.454709e+00 1.404460e-01 2.186312e-01 2.598551e-01 1.556692e+00
2.511886e+00 1.376615e-01 2.163000e-01 2.563911e-01 1.571245e+00
2.570396e+00 1.348981e-01 2.139814e-01 2.529536e-01 1.586245e+00
2.630268e+00 1.321560e-01 2.116747e-01 2.495424e-01 1.601703e+00
2.691535e+00 1.294355e-01 2.093792e-01 2.461568e-01 1.617633e+00
2.754229e+00 1.267368e-01 2.070941e-01 2.427966e-01 1.634049e+00
2.818383e+00 1.240602e-01 2.048189e-01 2.394613e-01 1.650964e+00
2.884032e+00 1.214060e-01 2.025528e-01 2.361505e-01 1.668392e+00
2.951209e+00 1.187746e-01 2.002953e-01 2.328639e-01 1.686347e+00
3.019952e+00 1.161665e-01 1.980457e-01 2.296013e-01 1.704844e+00
3.090295e+00 1.135819e-01 1.958036e-01 2.263623e-01 1.723898e+00
3.162278e+00 1.110213e-01 1.935684e-01 2.231467e-01 1.743525e+00
3.235937e+00 1.084852e-01 1.913396e-01 2.199543e-01 1.763739e+00
3.311311e+00 1.059741e-01 1.891168e-01 2.167848e-01 1.784557e+00
3.388442e+00 1.034884e-01 1.868996e-01 2.136383e-01 1.805995e+00
3.467369e+00 1.010287e-01 1.846876e-01 2.105144e-01 1.828071e+00
3.548134e+00 9.859545e-02 1.824806e-01 2.074131e-01 1.850801e+00
3.630781e+00 9.618920e-02 1.802781e-01 2.043344e-01 1.874203e+00
3.715352e+00 9.381051e-02 1.780801e-01 2.012782e-01 1.898296e+00
3.801894e+00 9.145990e-02 1.758863e-01 1.982445e-01 1.923097e+00
3.890451e+00 8.913795e-02 1.736965e-01 1.952333e-01 1.948626e+00
3.981072e+00 8.684519e-02 1.715107e-01 1.922447e-01 1.974902e+00
4.073803e+00 8.458218e-02 1.693288e-01 1.892786e-01 2.001945e+00
4.168694e+00 8.234947e-02 1.671508e-01 1.863353e-01 2.029774e+00
4.265795e+00 8.014759e-02 1.649767e-01 1.834147e-01 2.058412e+00
4.365158e+00 7.797708e-02 1.628066e-01 1.805171e-01 2.087878e+00
4.466836e+00 7.583845e-02 1.606406e-01 1.776426e-01 2.118195e+00
4.570882e+00 7.373222e-02 1.584789e-01 1.747913e-01 2.149385e+00
4.677351e+00 7.165886e-02 1.563217e-01 1.719635e-01 2.181470e+00
4.786301e+00 6.961884e-02 1.541691e-01 1.691594e-01 2.214474e+00
4.897788e+00 6.761262e-02 1.520215e-01 1.663791e-01 2.248420e+00
5.011872e+00 6.564061e-02 1.498793e-01 1.636230e-01 2.283332e+00
5.128614e+00 6.370321e-02 1.477427e-01 1.608913e-01 2.319234e+00
5.248075e+00 6.180078e-02 1.456121e-01 1.581842e-01 2.356153e+00
5.370318e+00 5.993367e-02 1.434880e-01 1.555020e-01 2.394114e+00
5.495409e+00 5.810217e-02 1.413708e-01 1.528449e-01 2.433142e+00
5.623413e+00 5.630655e-02 1.392610e-01 1.502134e-01 2.473265e+00
5.754399e+00 5.454705e-02 1.371591e-01 1.476076e-01 2.514510e+00
5.888437e+00 5.282387e-02 1.350656e-01 1.450278e-01 2.556904e+00
6.025596e+00 5.113717e-02 1.329810e-01 1.424744e-01 2.600477e+00
6.165950e+00 4.948706e-02 1.309060e-01 1.399476e-01 2.645256e+00
6.309573e+00 4.787362e-02 1.288410e-01 1.374477e-01 2.691272e+00
6.456542e+00 4.629691e-02 1.267866e-01 1.349750e-01 2.738555e+00
6.606934e+00 4.475692e-02 1.247436e-01 1.325298e-01 2.787135e+00
6.760830e+00 4.325360e-02 1.227124e-01 1.301123e-01 2.837044e+00
6.918310e+00 4.178689e-02 1.206936e-01 1.277227e-01 2.888313e+00
7.079458e+00 4.035666e-02 1.186879e-01 1.253614e-01 2.940975e+00
7.244360e+00 3.896276e-02 1.166959e-01 1.230286e-01 2.995064e+00
7.413102e+00 3.760497e-02 1.147182e-01 1.207245e-01 3.050612e+00
7.585776e+00 3.628308e-02 1.127553e-01 1.184493e-01 3.107656e+00
7.762471e+00 3.499681e-02 1.108079e-01 1.162031e-01 3.166229e+00
7.943282e+00 3.374584e-02 1.088765e-01 1.139863e-01 3.226368e+00
8.128305e+00 3.252984e-02 1.069617e-01 1.117989e-01 3.288109e+00
8.317638e+00 3.134844e-02 1.050640e-01 1.096411e-01 3.351490e+00
8.511380e+00 3.020121e-02 1.031839e-01 1.075130e-01 3.416549e+00
8.709636e+00 2.908774e-02 1.013220e-01 1.054147e-01 3.483324e+00
8.912509e+00 2.800755e-02 9.947878e-02 1.033463e-01 3.551856e+00
9.120108e+00 2.696016e-02 9.765464e-02 1.013078e-01 3.622184e+00
9.332543e+00 2.594504e-02 9.585006e-02 9.929944e-02 3.694350e+00
9.549926e+00 2.496167e-02 9.406546e-02 9.732109e-02 3.768396e+00
9.772372e+00 2.400949e-02 9.230122e-02 9.537280e-02 3.844364e+00
1.000000e+01 2.308791e-02 9.055773e-02 9.345456e-02 3.922300e+00
