1.000000e-06 5.253530e+01 5.830142e-01 5.253854e+01 1.109757e-02
1.023293e-06 5.253484e+01 5.965861e-01 5.253823e+01 1.135601e-02
1.047129e-06 5.253436e+01 6.104735e-01 5.253791e+01 1.162046e-02
1.071519e-06 5.253385e+01 6.246838e-01 5.253757e+01 1.189107e-02
1.096478e-06 5.253332e+01 6.392244e-01 5.253721e+01 1.216798e-02
1.122018e-06 5.253277e+01 6.541030e-01 5.253684e+01 1.245133e-02
1.148154e-06 5.253218e+01 6.693273e-01 5.253645e+01 1.274128e-02
1.174898e-06 5.253157e+01 6.849055e-01 5.253604e+01 1.303798e-02
1.202264e-06 5.253094e+01 7.008456e-01 5.253561e+01 1.334158e-02
1.230269e-06 5.253027e+01 7.171561e-01 5.253516e+01 1.365224e-02
1.258925e-06 5.252957e+01 7.338455e-01 5.253470e+01 1.397014e-02
1.288250e-06 5.252884e+01 7.509225e-01 5.253420e+01 1.429543e-02
1.318257e-06 5.252807e+01 7.683961e-01 5.253369e+01 1.462829e-02
1.348963e-06 5.252727e+01 7.862754e-01 5.253315e+01 1.496890e-02
1.380384e-06 5.252643e+01 8.045699e-01 5.253259e+01 1.531743e-02
1.412538e-06 5.252555e+01 8.232891e-01 5.253200e+01 1.567407e-02
1.445440e-06 5.252463e+01 8.424427e-01 5.253138e+01 1.603900e-02
1.479108e-06 5.252366e+01 8.620408e-01 5.253073e+01 1.641243e-02
1.513561e-06 5.252265e+01 8.820937e-01 5.253006e+01 1.679454e-02
1.548817e-06 5.252159e+01 9.026117e-01 5.252935e+01 1.718554e-02
1.584893e-06 5.252048e+01 9.236056e-01 5.252861e+01 1.758563e-02
1.621810e-06 5.251932e+01 9.450864e-01 5.252783e+01 1.799502e-02
1.659587e-06 5.251811e+01 9.670651e-01 5.252701e+01 1.841394e-02
1.698244e-06 5.251684e+01 9.895533e-01 5.252616e+01 1.884259e-02
1.737801e-06 5.251551e+01 1.012563e+00 5.252527e+01 1.928121e-02
1.778279e-06 5.251411e+01 1.036105e+00 5.252433e+01 1.973003e-02
1.819701e-06 5.251265e+01 1.060193e+00 5.252335e+01 2.018928e-02
1.862087e-06 5.251113e+01 1.084838e+00 5.252233e+01 2.065921e-02
1.905461e-06 5.250953e+01 1.110054e+00 5.252126e+01 2.114005e-02
1.949845e-06 5.250785e+01 1.135854e+00 5.252013e+01 2.163207e-02
1.995262e-06 5.250610e+01 1.162250e+00 5.251896e+01 2.213553e-02
2.041738e-06 5.250426e+01 1.189257e+00 5.251773e+01 2.265068e-02
2.089296e-06 5.250234e+01 1.216888e+00 5.251644e+01 2.317779e-02
2.137962e-06 5.250032e+01 1.245158e+00 5.251509e+01 2.371715e-02
2.187762e-06 5.249822e+01 1.274081e+00 5.251367e+01 2.426904e-02
2.238721e-06 5.249601e+01 1.303672e+00 5.251219e+01 2.483374e-02
2.290868e-06 5.249370e+01 1.333946e+00 5.251064e+01 2.541155e-02
2.344229e-06 5.249128e+01 1.364919e+00 5.250902e+01 2.600278e-02
2.398833e-06 5.248875e+01 1.396606e+00 5.250732e+01 2.660773e-02
2.454709e-06 5.248609e+01 1.429024e+00 5.250554e+01 2.722672e-02
2.511886e-06 5.248332e+01 1.462189e+00 5.250368e+01 2.786006e-02
2.570396e-06 5.248041e+01 1.496117e+00 5.250173e+01 2.850811e-02
2.630268e-06 5.247737e+01 1.530827e+00 5.249969e+01 2.917118e-02
2.691535e-06 5.247418e+01 1.566335e+00 5.249756e+01 2.984962e-02
2.754229e-06 5.247085e+01 1.602659e+00 5.249532e+01 3.054380e-02
2.818383e-06 5.246736e+01 1.639818e+00 5.249298e+01 3.125407e-02
2.884032e-06 5.246370e+01 1.677831e+00 5.249052e+01 3.198079e-02
2.951209e-06 5.245987e+01 1.716716e+00 5.248796e+01 3.272435e-02
3.019952e-06 5.245587e+01 1.756492e+00 5.248527e+01 3.348514e-02
3.090295e-06 5.245167e+01 1.797180e+00 5.248245e+01 3.426354e-02
3.162278e-06 5.244728e+01 1.838800e+00 5.247951e+01 3.505996e-02
3.235937e-06 5.244269e+01 1.881372e+00 5.247642e+01 3.587481e-02
3.311311e-06 5.243788e+01 1.924917e+00 5.247320e+01 3.670851e-02
3.388442e-06 5.243284e+01 1.969456e+00 5.246982e+01 3.756150e-02
3.467369e-06 5.242757e+01 2.015012e+00 5.246628e+01 3.843421e-02
3.548134e-06 5.242205e+01 2.061606e+00 5.246257e+01 3.932708e-02
3.630781e-06 5.241627e+01 2.109262e+00 5.245870e+01 4.024059e-02
3.715352e-06 5.241023e+01 2.158001e+00 5.245464e+01 4.117519e-02
3.801894e-06 5.240390e+01 2.207848e+00 5.245039e+01 4.213136e-02
3.890451e-06 5.239727e+01 2.258826e+00 5.244594e+01 4.310960e-02
3.981072e-06 5.239034e+01 2.310959e+00 5.244128e+01 4.411041e-02
4.073803e-06 5.238308e+01 2.364273e+00 5.243641e+01 4.513429e-02
4.168694e-06 5.237549e+01 2.418792e+00 5.243131e+01 4.618176e-02
4.265795e-06 5.236754e+01 2.474542e+00 5.242597e+01 4.725335e-02
4.365158e-06 5.235922e+01 2.531548e+00 5.242038e+01 4.834961e-02
4.466836e-06 5.235051e+01 2.589837e+00 5.241453e+01 4.947110e-02
4.570882e-06 5.234139e+01 2.649436e+00 5.240841e+01 5.061837e-02
4.677351e-06 5.233186e+01 2.710371e+00 5.240200e+01 5.179200e-02
4.786301e-06 5.232188e+01 2.772671e+00 5.239529e+01 5.299258e-02
4.897788e-06 5.231143e+01 2.836363e+00 5.238827e+01 5.422072e-02
5.011872e-06 5.230050e+01 2.901476e+00 5.238092e+01 5.547701e-02
5.128614e-06 5.228907e+01 2.968037e+00 5.237323e+01 5.676210e-02
5.248075e-06 5.227710e+01 3.036077e+00 5.236519e+01 5.807661e-02
5.370318e-06 5.226458e+01 3.105624e+00 5.235677e+01 5.942120e-02
5.495409e-06 5.225148e+01 3.176708e+00 5.234796e+01 6.079652e-02
5.623413e-06 5.223777e+01 3.249360e+00 5.233874e+01 6.220326e-02
5.754399e-06 5.222343e+01 3.323608e+00 5.232909e+01 6.364209e-02
5.888437e-06 5.220843e+01 3.399485e+00 5.231899e+01 6.511372e-02
6.025596e-06 5.219274e+01 3.477021e+00 5.230843e+01 6.661887e-02
6.165950e-06 5.217632e+01 3.556247e+00 5.229738e+01 6.815825e-02
6.309573e-06 5.215915e+01 3.637194e+00 5.228581e+01 6.973261e-02
6.456542e-06 5.214119e+01 3.719893e+00 5.227371e+01 7.134270e-02
6.606934e-06 5.212240e+01 3.804377e+00 5.226106e+01 7.298929e-02
6.760830e-06 5.210276e+01 3.890677e+00 5.224782e+01 7.467315e-02
6.918310e-06 5.208221e+01 3.978824e+00 5.223397e+01 7.639508e-02
7.079458e-06 5.206072e+01 4.068851e+00 5.221948e+01 7.815588e-02
7.244360e-06 5.203825e+01 4.160790e+00 5.220433e+01 7.995637e-02
7.413102e-06 5.201476e+01 4.254671e+00 5.218848e+01 8.179738e-02
7.585776e-06 5.199020e+01 4.350528e+00 5.217191e+01 8.367976e-02
7.762471e-06 5.196452e+01 4.448390e+00 5.215457e+01 8.560437e-02
7.943282e-06 5.193768e+01 4.548289e+00 5.213645e+01 8.757206e-02
8.128305e-06 5.190961e+01 4.650257e+00 5.211749e+01 8.958373e-02
8.317638e-06 5.188028e+01 4.754323e+00 5.209767e+01 9.164027e-02
8.511380e-06 5.184963e+01 4.860518e+00 5.207695e+01 9.374258e-02
8.709636e-06 5.181760e+01 4.968871e+00 5.205529e+01 9.589157e-02
8.912509e-06 5.178412e+01 5.079411e+00 5.203264e+01 9.808819e-02
9.120108e-06 5.174915e+01 5.192166e+00 5.200897e+01 1.003334e-01
9.332543e-06 5.171261e+01 5.307164e+00 5.198423e+01 1.026280e-01
9.549926e-06 5.167444e+01 5.424430e+00 5.195837e+01 1.049732e-01
9.772372e-06 5.163457e+01 5.543991e+00 5.193134e+01 1.073698e-01
1.000000e-05 5.159293e+01 5.665870e+00 5.190310e+01 1.098187e-01
1.023293e-05 5.154944e+01 5.790091e+00 5.187360e+01 1.123211e-01
1.047129e-05 5.150404e+01 5.916674e+00 5.184277e+01 1.148779e-01
1.071519e-05 5.145664e+01 6.045640e+00 5.181057e+01 1.174900e-01
1.096478e-05 5.140716e+01 6.177006e+00 5.177694e+01 1.201585e-01
1.122018e-05 5.135552e+01 6.310790e+00 5.174181e+01 1.228844e-01
1.148154e-05 5.130162e+01 6.447005e+00 5.170513e+01 1.256686e-01
1.174898e-05 5.124539e+01 6.585663e+00 5.166683e+01 1.285123e-01
1.202264e-05 5.118673e+01 6.726773e+00 5.162684e+01 1.314164e-01
1.230269e-05 5.112554e+01 6.870343e+00 5.158510e+01 1.343818e-01
1.258925e-05 5.106173e+01 7.016377e+00 5.154153e+01 1.374097e-01
1.288250e-05 5.099519e+01 7.164876e+00 5.149607e+01 1.405010e-01
1.318257e-05 5.092583e+01 7.315837e+00 5.144863e+01 1.436567e-01
1.348963e-05 5.085353e+01 7.469254e+00 5.139914e+01 1.468778e-01
1.380384e-05 5.077820e+01 7.625119e+00 5.134752e+01 1.501652e-01
1.412538e-05 5.069971e+01 7.783418e+00 5.129369e+01 1.535200e-01
1.445440e-05 5.061796e+01 7.944132e+00 5.123755e+01 1.569430e-01
1.479108e-05 5.053282e+01 8.107241e+00 5.117903e+01 1.604351e-01
1.513561e-05 5.044419e+01 8.272716e+00 5.111804e+01 1.639974e-01
1.548817e-05 5.035193e+01 8.440526e+00 5.105448e+01 1.676306e-01
1.584893e-05 5.025594e+01 8.610633e+00 5.098826e+01 1.713356e-01
1.621810e-05 5.015607e+01 8.782995e+00 5.091928e+01 1.751133e-01
1.659587e-05 5.005222e+01 8.957562e+00 5.084744e+01 1.789644e-01
1.698244e-05 4.994424e+01 9.134280e+00 5.077265e+01 1.828896e-01
1.737801e-05 4.983201e+01 9.313086e+00 5.069480e+01 1.868896e-01
1.778279e-05 4.971540e+01 9.493913e+00 5.061379e+01 1.909652e-01
1.819701e-05 4.959429e+01 9.676684e+00 5.052951e+01 1.951169e-01
1.862087e-05 4.946853e+01 9.861317e+00 5.044186e+01 1.993453e-01
1.905461e-05 4.933800e+01 1.004772e+01 5.035072e+01 2.036508e-01
1.949845e-05 4.920257e+01 1.023580e+01 5.025599e+01 2.080339e-01
1.995262e-05 4.906211e+01 1.042544e+01 5.015755e+01 2.124949e-01
2.041738e-05 4.891648e+01 1.061654e+01 5.005530e+01 2.170340e-01
2.089296e-05 4.876557e+01 1.080897e+01 4.994912e+01 2.216516e-01
2.137962e-05 4.860924e+01 1.100259e+01 4.983889e+01 2.263476e-01
2.187762e-05 4.844738e+01 1.119726e+01 4.972452e+01 2.311222e-01
2.238721e-05 4.827987e+01 1.139284e+01 4.960587e+01 2.359751e-01
2.290868e-05 4.810658e+01 1.158917e+01 4.948285e+01 2.409061e-01
2.344229e-05 4.792742e+01 1.178607e+01 4.935534e+01 2.459150e-01
2.398833e-05 4.774228e+01 1.198337e+01 4.922323e+01 2.510013e-01
2.454709e-05 4.755105e+01 1.218089e+01 4.908642e+01 2.561644e-01
2.511886e-05 4.735365e+01 1.237841e+01 4.894479e+01 2.614036e-01
2.570396e-05 4.714998e+01 1.257575e+01 4.879826e+01 2.667180e-01
2.630268e-05 4.693998e+01 1.277268e+01 4.864671e+01 2.721065e-01
2.691535e-05 4.672357e+01 1.296898e+01 4.849006e+01 2.775682e-01
2.754229e-05 4.650069e+01 1.316441e+01 4.832822e+01 2.831015e-01
2.818383e-05 4.627131e+01 1.335875e+01 4.816109e+01 2.887049e-01
2.884032e-05 4.603537e+01 1.355174e+01 4.798859e+01 2.943768e-01
2.951209e-05 4.579285e+01 1.374313e+01 4.781066e+01 3.001152e-01
3.019952e-05 4.554375e+01 1.393266e+01 4.762722e+01 3.059181e-01
3.090295e-05 4.528806e+01 1.412005e+01 4.743821e+01 3.117831e-01
3.162278e-05 4.502579e+01 1.430504e+01 4.724358e+01 3.177077e-01
3.235937e-05 4.475698e+01 1.448735e+01 4.704328e+01 3.236892e-01
3.311311e-05 4.448167e+01 1.466670e+01 4.683728e+01 3.297247e-01
3.388442e-05 4.419992e+01 1.484281e+01 4.662556e+01 3.358109e-01
3.467369e-05 4.391182e+01 1.501540e+01 4.640808e+01 3.419444e-01
3.548134e-05 4.361744e+01 1.518418e+01 4.618485e+01 3.481216e-01
3.630781e-05 4.331691e+01 1.534886e+01 4.595587e+01 3.543387e-01
3.715352e-05 4.301035e+01 1.550916e+01 4.572116e+01 3.605914e-01
3.801894e-05 4.269791e+01 1.566481e+01 4.548074e+01 3.668754e-01
3.890451e-05 4.237975e+01 1.581554e+01 4.523466e+01 3.731861e-01
3.981072e-05 4.205606e+01 1.596106e+01 4.498297e+01 3.795187e-01
4.073803e-05 4.172703e+01 1.610113e+01 4.472574e+01 3.858681e-01
4.168694e-05 4.139288e+01 1.623549e+01 4.446304e+01 3.922290e-01
4.265795e-05 4.105384e+01 1.636389e+01 4.419496e+01 3.985958e-01
4.365158e-05 4.071016e+01 1.648610e+01 4.392162e+01 4.049629e-01
4.466836e-05 4.036211e+01 1.660191e+01 4.364314e+01 4.113242e-01
4.570882e-05 4.000996e+01 1.671111e+01 4.335964e+01 4.176737e-01
4.677351e-05 3.965402e+01 1.681350e+01 4.307128e+01 4.240051e-01
4.786301e-05 3.929457e+01 1.690892e+01 4.277821e+01 4.303118e-01
4.897788e-05 3.893196e+01 1.699720e+01 4.248061e+01 4.365873e-01
5.011872e-05 3.856649e+01 1.707820e+01 4.217866e+01 4.428248e-01
5.128614e-05 3.819852e+01 1.715180e+01 4.187256e+01 4.490175e-01
5.248075e-05 3.782838e+01 1.721791e+01 4.156252e+01 4.551585e-01
5.370318e-05 3.745644e+01 1.727644e+01 4.124876e+01 4.612407e-01
5.495409e-05 3.708305e+01 1.732732e+01 4.093151e+01 4.672573e-01
5.623413e-05 3.670857e+01 1.737053e+01 4.061101e+01 4.732011e-01
5.754399e-05 3.633336e+01 1.740605e+01 4.028751e+01 4.790652e-01
5.888437e-05 3.595779e+01 1.743387e+01 3.996126e+01 4.848428e-01
6.025596e-05 3.558222e+01 1.745404e+01 3.963254e+01 4.905269e-01
6.165950e-05 3.520701e+01 1.746658e+01 3.930159e+01 4.961109e-01
6.309573e-05 3.483252e+01 1.747158e+01 3.896871e+01 5.015882e-01
6.456542e-05 3.445909e+01 1.746912e+01 3.863417e+01 5.069526e-01
6.606934e-05 3.408706e+01 1.745932e+01 3.829824e+01 5.121978e-01
6.760830e-05 3.371676e+01 1.744229e+01 3.796121e+01 5.173181e-01
6.918310e-05 3.334852e+01 1.741819e+01 3.762336e+01 5.223079e-01
7.079458e-05 3.298264e+01 1.738719e+01 3.728497e+01 5.271619e-01
7.244360e-05 3.261942e+01 1.734946e+01 3.694632e+01 5.318753e-01
7.413102e-05 3.225914e+01 1.730521e+01 3.660768e+01 5.364435e-01
7.585776e-05 3.190206e+01 1.725463e+01 3.626933e+01 5.408626e-01
7.762471e-05 3.154845e+01 1.719797e+01 3.593153e+01 5.451287e-01
7.943282e-05 3.119852e+01 1.713544e+01 3.559454e+01 5.492388e-01
8.128305e-05 3.085250e+01 1.706730e+01 3.525861e+01 5.531901e-01
8.317638e-05 3.051059e+01 1.699380e+01 3.492400e+01 5.569804e-01
8.511380e-05 3.017297e+01 1.691521e+01 3.459092e+01 5.606080e-01
8.709636e-05 2.983979e+01 1.683178e+01 3.425962e+01 5.640716e-01
8.912509e-05 2.951120e+01 1.674379e+01 3.393030e+01 5.673706e-01
9.120108e-05 2.918733e+01 1.665151e+01 3.360317e+01 5.705047e-01
9.332543e-05 2.886829e+01 1.655523e+01 3.327843e+01 5.734744e-01
9.549926e-05 2.855416e+01 1.645520e+01 3.295624e+01 5.762804e-01
9.772372e-05 2.824502e+01 1.635172e+01 3.263679e+01 5.789242e-01
1.000000e-04 2.794091e+01 1.624506e+01 3.232021e+01 5.814076e-01
1.023293e-04 2.764188e+01 1.613547e+01 3.200667e+01 5.837328e-01
1.047129e-04 2.734794e+01 1.602323e+01 3.169628e+01 5.859026e-01
1.071519e-04 2.705911e+01 1.590860e+01 3.138916e+01 5.879203e-01
1.096478e-04 2.677538e+01 1.579183e+01 3.108541e+01 5.897892e-01
1.122018e-04 2.649671e+01 1.567316e+01 3.078512e+01 5.915135e-01
1.148154e-04 2.622307e+01 1.555283e+01 3.048836e+01 5.930973e-01
1.174898e-04 2.595443e+01 1.543108e+01 3.019521e+01 5.945452e-01
1.202264e-04 2.569070e+01 1.530811e+01 2.990570e+01 5.958620e-01
1.230269e-04 2.543184e+01 1.518415e+01 2.961987e+01 5.970527e-01
1.258925e-04 2.517775e+01 1.505938e+01 2.933775e+01 5.981225e-01
1.288250e-04 2.492834e+01 1.493399e+01 2.905936e+01 5.990768e-01
1.318257e-04 2.468353e+01 1.480817e+01 2.878470e+01 5.999211e-01
1.348963e-04 2.444322e+01 1.468208e+01 2.851376e+01 6.006608e-01
1.380384e-04 2.420728e+01 1.455587e+01 2.824652e+01 6.013015e-01
1.412538e-04 2.397561e+01 1.442969e+01 2.798296e+01 6.018487e-01
1.445440e-04 2.374809e+01 1.430366e+01 2.772304e+01 6.023078e-01
1.479108e-04 2.352461e+01 1.417791e+01 2.746672e+01 6.026843e-01
1.513561e-04 2.330504e+01 1.405255e+01 2.721395e+01 6.029832e-01
1.548817e-04 2.308926e+01 1.392767e+01 2.696468e+01 6.032098e-01
1.584893e-04 2.287715e+01 1.380336e+01 2.671885e+01 6.033688e-01
1.621810e-04 2.266858e+01 1.367970e+01 2.647638e+01 6.034650e-01
1.659587e-04 2.246343e+01 1.355674e+01 2.623721e+01 6.035028e-01
1.698244e-04 2.226159e+01 1.343456e+01 2.600127e+01 6.034862e-01
1.737801e-04 2.206293e+01 1.331320e+01 2.576847e+01 6.034192e-01
1.778279e-04 2.186734e+01 1.319268e+01 2.553874e+01 6.033054e-01
1.819701e-04 2.167471e+01 1.307305e+01 2.531201e+01 6.031479e-01
1.862087e-04 2.148493e+01 1.295433e+01 2.508818e+01 6.029496e-01
1.905461e-04 2.129790e+01 1.283652e+01 2.486718e+01 6.027132e-01
1.949845e-04 2.111352e+01 1.271965e+01 2.464894e+01 6.024409e-01
1.995262e-04 2.093170e+01 1.260370e+01 2.443336e+01 6.021345e-01
2.041738e-04 2.075235e+01 1.248868e+01 2.422039e+01 6.017956e-01
2.089296e-04 2.057540e+01 1.237457e+01 2.400994e+01 6.014255e-01
2.137962e-04 2.040076e+01 1.226137e+01 2.380193e+01 6.010250e-01
2.187762e-04 2.022837e+01 1.214905e+01 2.359632e+01 6.005947e-01
2.238721e-04 2.005816e+01 1.203760e+01 2.339302e+01 6.001349e-01
2.290868e-04 1.989007e+01 1.192700e+01 2.319199e+01 5.996457e-01
2.344229e-04 1.972407e+01 1.181722e+01 2.299316e+01 5.991267e-01
2.398833e-04 1.956009e+01 1.170823e+01 2.279649e+01 5.985775e-01
2.454709e-04 1.939811e+01 1.160002e+01 2.260192e+01 5.979973e-01
2.511886e-04 1.923808e+01 1.149255e+01 2.240943e+01 5.973853e-01
2.570396e-04 1.907999e+01 1.138580e+01 2.221896e+01 5.967404e-01
2.630268e-04 1.892380e+01 1.127975e+01 2.203050e+01 5.960614e-01
2.691535e-04 1.876951e+01 1.117437e+01 2.184401e+01 5.953469e-01
2.754229e-04 1.861709e+01 1.106964e+01 2.165948e+01 5.945957e-01
2.818383e-04 1.846655e+01 1.096555e+01 2.147689e+01 5.938064e-01
2.884032e-04 1.831787e+01 1.086208e+01 2.129623e+01 5.929774e-01
2.951209e-04 1.817106e+01 1.075922e+01 2.111749e+01 5.921074e-01
3.019952e-04 1.802612e+01 1.065695e+01 2.094067e+01 5.911951e-01
3.090295e-04 1.788305e+01 1.055527e+01 2.076577e+01 5.902392e-01
3.162278e-04 1.774186e+01 1.045418e+01 2.059280e+01 5.892385e-01
3.235937e-04 1.760255e+01 1.035368e+01 2.042177e+01 5.881922e-01
3.311311e-04 1.746515e+01 1.025378e+01 2.025269e+01 5.870994e-01
3.388442e-04 1.732966e+01 1.015447e+01 2.008557e+01 5.859594e-01
3.467369e-04 1.719608e+01 1.005579e+01 1.992044e+01 5.847719e-01
3.548134e-04 1.706444e+01 9.957730e+00 1.975732e+01 5.835368e-01
3.630781e-04 1.693475e+01 9.860326e+00 1.959622e+01 5.822541e-01
3.715352e-04 1.680700e+01 9.763598e+00 1.943716e+01 5.809244e-01
3.801894e-04 1.668122e+01 9.667574e+00 1.928018e+01 5.795483e-01
3.890451e-04 1.655741e+01 9.572284e+00 1.912528e+01 5.781268e-01
3.981072e-04 1.643558e+01 9.477761e+00 1.897251e+01 5.766613e-01
4.073803e-04 1.631572e+01 9.384043e+00 1.882187e+01 5.751535e-01
4.168694e-04 1.619784e+01 9.291168e+00 1.867340e+01 5.736053e-01
4.265795e-04 1.608194e+01 9.199178e+00 1.852711e+01 5.720192e-01
4.365158e-04 1.596801e+01 9.108116e+00 1.838301e+01 5.703977e-01
4.466836e-04 1.585605e+01 9.018027e+00 1.824114e+01 5.687438e-01
4.570882e-04 1.574603e+01 8.928958e+00 1.810149e+01 5.670608e-01
4.677351e-04 1.563796e+01 8.840957e+00 1.796408e+01 5.653523e-01
4.786301e-04 1.553181e+01 8.754072e+00 1.782893e+01 5.636222e-01
4.897788e-04 1.542755e+01 8.668352e+00 1.769604e+01 5.618747e-01
5.011872e-04 1.532517e+01 8.583845e+00 1.756540e+01 5.601141e-01
5.128614e-04 1.522464e+01 8.500602e+00 1.743702e+01 5.583452e-01
5.248075e-04 1.512591e+01 8.418671e+00 1.731090e+01 5.565727e-01
5.370318e-04 1.502897e+01 8.338099e+00 1.718702e+01 5.548017e-01
5.495409e-04 1.493376e+01 8.258933e+00 1.706538e+01 5.530376e-01
5.623413e-04 1.484025e+01 8.181220e+00 1.694596e+01 5.512857e-01
5.754399e-04 1.474840e+01 8.105002e+00 1.682873e+01 5.495514e-01
5.888437e-04 1.465814e+01 8.030324e+00 1.671368e+01 5.478405e-01
6.025596e-04 1.456944e+01 7.957225e+00 1.660078e+01 5.461586e-01
6.165950e-04 1.448223e+01 7.885744e+00 1.649000e+01 5.445116e-01
6.309573e-04 1.439647e+01 7.815917e+00 1.638130e+01 5.429051e-01
6.456542e-04 1.431209e+01 7.747777e+00 1.627464e+01 5.413451e-01
6.606934e-04 1.422902e+01 7.681357e+00 1.616998e+01 5.398373e-01
6.760830e-04 1.414721e+01 7.616683e+00 1.606728e+01 5.383875e-01
6.918310e-04 1.406660e+01 7.553782e+00 1.596649e+01 5.370013e-01
7.079458e-04 1.398711e+01 7.492675e+00 1.586756e+01 5.356845e-01
7.244360e-04 1.390867e+01 7.433383e+00 1.577042e+01 5.344425e-01
7.413102e-04 1.383121e+01 7.375921e+00 1.567503e+01 5.332807e-01
7.585776e-04 1.375468e+01 7.320301e+00 1.558133e+01 5.322046e-01
7.762471e-04 1.367898e+01 7.266535e+00 1.548925e+01 5.312192e-01
7.943282e-04 1.360405e+01 7.214627e+00 1.539873e+01 5.303295e-01
8.128305e-04 1.352981e+01 7.164580e+00 1.530970e+01 5.295404e-01
8.317638e-04 1.345619e+01 7.116395e+00 1.522209e+01 5.288566e-01
8.511380e-04 1.338312e+01 7.070066e+00 1.513584e+01 5.282823e-01
8.709636e-04 1.331052e+01 7.025587e+00 1.505087e+01 5.278221e-01
8.912509e-04 1.323832e+01 6.982945e+00 1.496712e+01 5.274798e-01
9.120108e-04 1.316644e+01 6.942127e+00 1.488450e+01 5.272593e-01
9.332543e-04 1.309481e+01 6.903116e+00 1.480294e+01 5.271643e-01
9.549926e-04 1.302336e+01 6.865888e+00 1.472237e+01 5.271980e-01
9.772372e-04 1.295201e+01 6.830421e+00 1.464272e+01 5.273637e-01
1.000000e-03 1.288070e+01 6.796685e+00 1.456391e+01 5.276643e-01
1.023293e-03 1.280935e+01 6.764649e+00 1.448586e+01 5.281023e-01
1.047129e-03 1.273790e+01 6.734280e+00 1.440850e+01 5.286804e-01
1.071519e-03 1.266629e+01 6.705539e+00 1.433175e+01 5.294005e-01
1.096478e-03 1.259443e+01 6.678385e+00 1.425555e+01 5.302648e-01
1.122018e-03 1.252229e+01 6.652774e+00 1.417981e+01 5.312747e-01
1.148154e-03 1.244978e+01 6.628661e+00 1.410447e+01 5.324319e-01
1.174898e-03 1.237686e+01 6.605994e+00 1.402946e+01 5.337375e-01
1.202264e-03 1.230346e+01 6.584722e+00 1.395471e+01 5.351925e-01
1.230269e-03 1.222954e+01 6.564790e+00 1.388014e+01 5.367976e-01
1.258925e-03 1.215505e+01 6.546140e+00 1.380569e+01 5.385531e-01
1.288250e-03 1.207993e+01 6.528713e+00 1.373131e+01 5.404595e-01
1.318257e-03 1.200414e+01 6.512446e+00 1.365691e+01 5.425166e-01
1.348963e-03 1.192764e+01 6.497275e+00 1.358246e+01 5.447243e-01
1.380384e-03 1.185039e+01 6.483135e+00 1.350788e+01 5.470820e-01
1.412538e-03 1.177236e+01 6.469958e+00 1.343312e+01 5.495890e-01
1.445440e-03 1.169351e+01 6.457674e+00 1.335813e+01 5.522445e-01
1.479108e-03 1.161381e+01 6.446213e+00 1.328286e+01 5.550472e-01
1.513561e-03 1.153325e+01 6.435504e+00 1.320725e+01 5.579958e-01
1.548817e-03 1.145179e+01 6.425473e+00 1.313127e+01 5.610888e-01
1.584893e-03 1.136944e+01 6.416048e+00 1.305488e+01 5.643242e-01
1.621810e-03 1.128616e+01 6.407155e+00 1.297802e+01 5.677002e-01
1.659587e-03 1.120196e+01 6.398720e+00 1.290068e+01 5.712145e-01
1.698244e-03 1.111682e+01 6.390668e+00 1.282280e+01 5.748648e-01
1.737801e-03 1.103075e+01 6.382927e+00 1.274438e+01 5.786485e-01
1.778279e-03 1.094375e+01 6.375422e+00 1.266537e+01 5.825629e-01
1.819701e-03 1.085582e+01 6.368082e+00 1.258576e+01 5.866051e-01
1.862087e-03 1.076699e+01 6.360835e+00 1.250553e+01 5.907720e-01
1.905461e-03 1.067725e+01 6.353611e+00 1.242466e+01 5.950605e-01
1.949845e-03 1.058664e+01 6.346340e+00 1.234313e+01 5.994671e-01
1.995262e-03 1.049516e+01 6.338957e+00 1.226095e+01 6.039883e-01
2.041738e-03 1.040286e+01 6.331395e+00 1.217810e+01 6.086207e-01
2.089296e-03 1.030975e+01 6.323591e+00 1.209457e+01 6.133605e-01
2.137962e-03 1.021586e+01 6.315485e+00 1.201038e+01 6.182038e-01
2.187762e-03 1.012124e+01 6.307019e+00 1.192552e+01 6.231468e-01
2.238721e-03 1.002592e+01 6.298138e+00 1.184000e+01 6.281856e-01
2.290868e-03 9.929937e+00 6.288788e+00 1.175383e+01 6.333160e-01
2.344229e-03 9.833337e+00 6.278921e+00 1.166702e+01 6.385341e-01
2.398833e-03 9.736164e+00 6.268490e+00 1.157959e+01 6.438357e-01
2.454709e-03 9.638465e+00 6.257452e+00 1.149155e+01 6.492166e-01
2.511886e-03 9.540287e+00 6.245767e+00 1.140292e+01 6.546729e-01
2.570396e-03 9.441679e+00 6.233399e+00 1.131373e+01 6.602002e-01
2.630268e-03 9.342694e+00 6.220315e+00 1.122400e+01 6.657946e-01
2.691535e-03 9.243382e+00 6.206486e+00 1.113376e+01 6.714519e-01
2.754229e-03 9.143796e+00 6.191886e+00 1.104303e+01 6.771680e-01
2.818383e-03 9.043988e+00 6.176493e+00 1.095184e+01 6.829391e-01
2.884032e-03 8.944011e+00 6.160288e+00 1.086022e+01 6.887612e-01
2.951209e-03 8.843918e+00 6.143255e+00 1.076822e+01 6.946304e-01
3.019952e-03 8.743761e+00 6.125381e+00 1.067584e+01 7.005430e-01
3.090295e-03 8.643592e+00 6.106658e+00 1.058315e+01 7.064954e-01
3.162278e-03 8.543462e+00 6.087081e+00 1.049015e+01 7.124841e-01
3.235937e-03 8.443420e+00 6.066644e+00 1.039690e+01 7.185055e-01
3.311311e-03 8.343517e+00 6.045350e+00 1.030342e+01 7.245565e-01
3.388442e-03 8.243799e+00 6.023199e+00 1.020976e+01 7.306339e-01
3.467369e-03 8.144313e+00 6.000197e+00 1.011594e+01 7.367345e-01
3.548134e-03 8.045104e+00 5.976351e+00 1.002200e+01 7.428556e-01
3.630781e-03 7.946214e+00 5.951670e+00 9.927975e+00 7.489944e-01
3.715352e-03 7.847685e+00 5.926166e+00 9.833901e+00 7.551483e-01
3.801894e-03 7.749556e+00 5.899852e+00 9.739809e+00 7.613148e-01
3.890451e-03 7.651865e+00 5.872742e+00 9.645731e+00 7.674915e-01
3.981072e-03 7.554647e+00 5.844852e+00 9.551701e+00 7.736764e-01
4.073803e-03 7.457937e+00 5.816201e+00 9.457749e+00 7.798673e-01
4.168694e-03 7.361765e+00 5.786805e+00 9.363904e+00 7.860623e-01
4.265795e-03 7.266161e+00 5.756686e+00 9.270196e+00 7.922595e-01
4.365158e-03 7.171154e+00 5.725861e+00 9.176651e+00 7.984574e-01
4.466836e-03 7.076769e+00 5.694352e+00 9.083298e+00 8.046543e-01
4.570882e-03 6.983030e+00 5.662180e+00 8.990161e+00 8.108486e-01
4.677351e-03 6.889959e+00 5.629366e+00 8.897264e+00 8.170391e-01
4.786301e-03 6.797578e+00 5.595931e+00 8.804630e+00 8.232242e-01
4.897788e-03 6.705905e+00 5.561896e+00 8.712281e+00 8.294028e-01
5.011872e-03 6.614957e+00 5.527283e+00 8.620239e+00 8.355735e-01
5.128614e-03 6.524751e+00 5.492113e+00 8.528521e+00 8.417352e-01
5.248075e-03 6.435301e+00 5.456406e+00 8.437148e+00 8.478866e-01
5.370318e-03 6.346620e+00 5.420182e+00 8.346135e+00 8.540266e-01
5.495409e-03 6.258721e+00 5.383463e+00 8.255499e+00 8.601539e-01
5.623413e-03 6.171614e+00 5.346267e+00 8.165255e+00 8.662672e-01
5.754399e-03 6.085310e+00 5.308614e+00 8.075418e+00 8.723654e-01
5.888437e-03 5.999818e+00 5.270521e+00 7.986001e+00 8.784469e-01
6.025596e-03 5.915146e+00 5.232008e+00 7.897016e+00 8.845104e-01
6.165950e-03 5.831302e+00 5.193092e+00 7.808475e+00 8.905544e-01
6.309573e-03 5.748293e+00 5.153789e+00 7.720390e+00 8.965773e-01
6.456542e-03 5.666127e+00 5.114118e+00 7.632771e+00 9.025773e-01
6.606934e-03 5.584809e+00 5.074092e+00 7.545628e+00 9.085526e-01
6.760830e-03 5.504344e+00 5.033729e+00 7.458970e+00 9.145012e-01
6.918310e-03 5.424739e+00 4.993043e+00 7.372807e+00 9.204209e-01
7.079458e-03 5.345999e+00 4.952050e+00 7.287147e+00 9.263095e-01
7.244360e-03 5.268129e+00 4.910764e+00 7.201999e+00 9.321646e-01
7.413102e-03 5.191134e+00 4.869198e+00 7.117370e+00 9.379836e-01
7.585776e-03 5.115018e+00 4.827368e+00 7.033270e+00 9.437636e-01
7.762471e-03 5.039786e+00 4.785286e+00 6.949706e+00 9.495018e-01
7.943282e-03 4.965444e+00 4.742967e+00 6.866685e+00 9.551950e-01
8.128305e-03 4.891995e+00 4.700424e+00 6.784217e+00 9.608401e-01
8.317638e-03 4.819443e+00 4.657671e+00 6.702308e+00 9.664334e-01
8.511380e-03 4.747794e+00 4.614721e+00 6.620967e+00 9.719715e-01
8.709636e-03 4.677052e+00 4.571588e+00 6.540201e+00 9.774507e-01
8.912509e-03 4.607220e+00 4.528285e+00 6.460019e+00 9.828670e-01
9.120108e-03 4.538304e+00 4.484826e+00 6.380428e+00 9.882163e-01
9.332543e-03 4.470306e+00 4.441225e+00 6.301438e+00 9.934947e-01
9.549926e-03 4.403231e+00 4.397497e+00 6.223056e+00 9.986978e-01
9.772372e-03 4.337083e+00 4.353656e+00 6.145291e+00 1.003821e+00
1.000000e-02 4.271864e+00 4.309716e+00 6.068152e+00 1.008861e+00
1.023293e-02 4.207578e+00 4.265692e+00 5.991647e+00 1.013812e+00
1.047129e-02 4.144227e+00 4.221600e+00 5.915786e+00 1.018670e+00
1.071519e-02 4.081814e+00 4.177454e+00 5.840576e+00 1.023431e+00
1.096478e-02 4.020342e+00 4.133270e+00 5.766027e+00 1.028089e+00
1.122018e-02 3.959811e+00 4.089065e+00 5.692148e+00 1.032641e+00
1.148154e-02 3.900223e+00 4.044854e+00 5.618948e+00 1.037083e+00
1.174898e-02 3.841578e+00 4.000653e+00 5.546435e+00 1.041409e+00
1.202264e-02 3.783876e+00 3.956480e+00 5.474619e+00 1.045615e+00
1.230269e-02 3.727118e+00 3.912350e+00 5.403507e+00 1.049698e+00
1.258925e-02 3.671302e+00 3.868281e+00 5.333109e+00 1.053654e+00
1.288250e-02 3.616425e+00 3.824289e+00 5.263432e+00 1.057478e+00
1.318257e-02 3.562487e+00 3.780392e+00 5.194485e+00 1.061166e+00
1.348963e-02 3.509484e+00 3.736606e+00 5.126275e+00 1.064717e+00
1.380384e-02 3.457411e+00 3.692949e+00 5.058811e+00 1.068125e+00
1.412538e-02 3.406266e+00 3.649437e+00 4.992097e+00 1.071389e+00
1.445440e-02 3.356042e+00 3.606087e+00 4.926143e+00 1.074506e+00
1.479108e-02 3.306734e+00 3.562917e+00 4.860953e+00 1.077473e+00
1.513561e-02 3.258336e+00 3.519942e+00 4.796535e+00 1.080288e+00
1.548817e-02 3.210840e+00 3.477179e+00 4.732892e+00 1.082950e+00
1.584893e-02 3.164239e+00 3.434643e+00 4.670030e+00 1.085456e+00
1.621810e-02 3.118524e+00 3.392352e+00 4.607954e+00 1.087807e+00
1.659587e-02 3.073686e+00 3.350319e+00 4.546667e+00 1.090001e+00
1.698244e-02 3.029715e+00 3.308561e+00 4.486173e+00 1.092037e+00
1.737801e-02 2.986601e+00 3.267091e+00 4.426474e+00 1.093916e+00
1.778279e-02 2.944334e+00 3.225924e+00 4.367572e+00 1.095638e+00
1.819701e-02 2.902901e+00 3.185073e+00 4.309470e+00 1.097203e+00
1.862087e-02 2.862292e+00 3.144553e+00 4.252167e+00 1.098614e+00
1.905461e-02 2.822492e+00 3.104375e+00 4.195665e+00 1.099870e+00
1.949845e-02 2.783491e+00 3.064551e+00 4.139963e+00 1.100974e+00
1.995262e-02 2.745273e+00 3.025094e+00 4.085061e+00 1.101928e+00
2.041738e-02 2.707827e+00 2.986014e+00 4.030956e+00 1.102735e+00
2.089296e-02 2.671137e+00 2.947322e+00 3.977648e+00 1.103396e+00
2.137962e-02 2.635189e+00 2.909028e+00 3.925133e+00 1.103916e+00
2.187762e-02 2.599970e+00 2.871141e+00 3.873408e+00 1.104298e+00
2.238721e-02 2.565463e+00 2.833669e+00 3.822470e+00 1.104545e+00
2.290868e-02 2.531654e+00 2.796621e+00 3.772315e+00 1.104661e+00
2.344229e-02 2.498528e+00 2.760003e+00 3.722937e+00 1.104652e+00
2.398833e-02 2.466069e+00 2.723824e+00 3.674332e+00 1.104521e+00
2.454709e-02 2.434262e+00 2.688089e+00 3.626494e+00 1.104273e+00
2.511886e-02 2.403091e+00 2.652804e+00 3.579416e+00 1.103913e+00
2.570396e-02 2.372541e+00 2.617974e+00 3.533092e+00 1.103447e+00
2.630268e-02 2.342595e+00 2.583603e+00 3.487514e+00 1.102881e+00
2.691535e-02 2.313239e+00 2.549695e+00 3.442676e+00 1.102219e+00
2.754229e-02 2.284455e+00 2.516254e+00 3.398569e+00 1.101468e+00
2.818383e-02 2.256230e+00 2.483282e+00 3.355184e+00 1.100634e+00
2.884032e-02 2.228546e+00 2.450782e+00 3.312514e+00 1.099722e+00
2.951209e-02 2.201389e+00 2.418755e+00 3.270548e+00 1.098740e+00
3.019952e-02 2.174742e+00 2.387202e+00 3.229278e+00 1.097694e+00
3.090295e-02 2.148592e+00 2.356124e+00 3.188694e+00 1.096590e+00
3.162278e-02 2.122921e+00 2.325522e+00 3.148785e+00 1.095435e+00
3.235937e-02 2.097716e+00 2.295394e+00 3.109541e+00 1.094235e+00
3.311311e-02 2.072961e+00 2.265740e+00 3.070952e+00 1.092997e+00
3.388442e-02 2.048642e+00 2.236559e+00 3.033006e+00 1.091728e+00
3.467369e-02 2.024744e+00 2.207849e+00 2.995694e+00 1.090434e+00
3.548134e-02 2.001252e+00 2.179607e+00 2.959003e+00 1.089122e+00
3.630781e-02 1.978153e+00 2.151832e+00 2.922921e+00 1.087798e+00
3.715352e-02 1.955433e+00 2.124520e+00 2.887439e+00 1.086470e+00
3.801894e-02 1.933078e+00 2.097667e+00 2.852542e+00 1.085143e+00
3.890451e-02 1.911075e+00 2.071270e+00 2.818221e+00 1.083825e+00
3.981072e-02 1.889411e+00 2.045326e+00 2.784462e+00 1.082520e+00
4.073803e-02 1.868073e+00 2.019828e+00 2.751254e+00 1.081236e+00
4.168694e-02 1.847048e+00 1.994773e+00 2.718585e+00 1.079979e+00
4.265795e-02 1.826324e+00 1.970155e+00 2.686442e+00 1.078754e+00
4.365158e-02 1.805890e+00 1.945969e+00 2.654814e+00 1.077568e+00
4.466836e-02 1.785734e+00 1.922209e+00 2.623687e+00 1.076425e+00
4.570882e-02 1.765845e+00 1.898869e+00 2.593051e+00 1.075332e+00
4.677351e-02 1.746211e+00 1.875943e+00 2.562892e+00 1.074293e+00
4.786301e-02 1.726823e+00 1.853424e+00 2.533199e+00 1.073315e+00
4.897788e-02 1.707669e+00 1.831306e+00 2.503960e+00 1.072401e+00
5.011872e-02 1.688742e+00 1.809581e+00 2.475163e+00 1.071556e+00
5.128614e-02 1.670029e+00 1.788243e+00 2.446796e+00 1.070785e+00
5.248075e-02 1.651524e+00 1.767284e+00 2.418848e+00 1.070093e+00
5.370318e-02 1.633217e+00 1.746697e+00 2.391306e+00 1.069482e+00
5.495409e-02 1.615099e+00 1.726473e+00 2.364161e+00 1.068958e+00
5.623413e-02 1.597163e+00 1.706607e+00 2.337400e+00 1.068524e+00
5.754399e-02 1.579401e+00 1.687089e+00 2.311012e+00 1.068183e+00
5.888437e-02 1.561806e+00 1.667912e+00 2.284988e+00 1.067938e+00
6.025596e-02 1.544371e+00 1.649068e+00 2.259316e+00 1.067793e+00
6.165950e-02 1.527089e+00 1.630549e+00 2.233985e+00 1.067750e+00
6.309573e-02 1.509954e+00 1.612347e+00 2.208987e+00 1.067812e+00
6.456542e-02 1.492961e+00 1.594454e+00 2.184311e+00 1.067981e+00
6.606934e-02 1.476103e+00 1.576862e+00 2.159947e+00 1.068260e+00
6.760830e-02 1.459376e+00 1.559562e+00 2.135887e+00 1.068650e+00
6.918310e-02 1.442775e+00 1.542547e+00 2.112120e+00 1.069153e+00
7.079458e-02 1.426295e+00 1.525810e+00 2.088639e+00 1.069771e+00
7.244360e-02 1.409933e+00 1.509341e+00 2.065435e+00 1.070505e+00
7.413102e-02 1.393684e+00 1.493133e+00 2.042499e+00 1.071357e+00
7.585776e-02 1.377545e+00 1.477179e+00 2.019824e+00 1.072327e+00
7.762471e-02 1.361513e+00 1.461471e+00 1.997402e+00 1.073416e+00
7.943282e-02 1.345585e+00 1.446000e+00 1.975226e+00 1.074626e+00
8.128305e-02 1.329758e+00 1.430761e+00 1.953288e+00 1.075956e+00
8.317638e-02 1.314029e+00 1.415745e+00 1.931581e+00 1.077407e+00
8.511380e-02 1.298398e+00 1.400945e+00 1.910100e+00 1.078980e+00
8.709636e-02 1.282861e+00 1.386354e+00 1.888838e+00 1.080674e+00
8.912509e-02 1.267417e+00 1.371965e+00 1.867788e+00 1.082489e+00
9.120108e-02 1.252064e+00 1.357771e+00 1.846946e+00 1.084426e+00
9.332543e-02 1.236802e+00 1.343767e+00 1.826305e+00 1.086485e+00
9.549926e-02 1.221630e+00 1.329944e+00 1.805860e+00 1.088664e+00
9.772372e-02 1.206545e+00 1.316298e+00 1.785607e+00 1.090964e+00
1.000000e-01 1.191549e+00 1.302821e+00 1.765540e+00 1.093384e+00
1.023293e-01 1.176640e+00 1.289508e+00 1.745655e+00 1.095923e+00
1.047129e-01 1.161818e+00 1.276352e+00 1.725948e+00 1.098582e+00
1.071519e-01 1.147083e+00 1.263349e+00 1.706415e+00 1.101358e+00
1.096478e-01 1.132435e+00 1.250493e+00 1.687051e+00 1.104251e+00
1.122018e-01 1.117874e+00 1.237778e+00 1.667854e+00 1.107261e+00
1.148154e-01 1.103400e+00 1.225199e+00 1.648819e+00 1.110386e+00
1.174898e-01 1.089013e+00 1.212751e+00 1.629943e+00 1.113624e+00
1.202264e-01 1.074714e+00 1.200430e+00 1.611224e+00 1.116976e+00
1.230269e-01 1.060504e+00 1.188230e+00 1.592658e+00 1.120440e+00
1.258925e-01 1.046382e+00 1.176147e+00 1.574242e+00 1.124013e+00
1.288250e-01 1.032351e+00 1.164177e+00 1.555974e+00 1.127696e+00
1.318257e-01 1.018409e+00 1.152315e+00 1.537852e+00 1.131485e+00
1.348963e-01 1.004560e+00 1.140558e+00 1.519872e+00 1.135381e+00
1.380384e-01 9.908024e-01 1.128900e+00 1.502034e+00 1.139380e+00
1.412538e-01 9.771386e-01 1.117339e+00 1.484334e+00 1.143481e+00
1.445440e-01 9.635693e-01 1.105871e+00 1.466771e+00 1.147682e+00
1.479108e-01 9.500958e-01 1.094492e+00 1.449343e+00 1.151981e+00
1.513561e-01 9.367192e-01 1.083199e+00 1.432049e+00 1.156376e+00
1.548817e-01 9.234410e-01 1.071989e+00 1.414887e+00 1.160864e+00
1.584893e-01 9.102624e-01 1.060859e+00 1.397855e+00 1.165443e+00
1.621810e-01 8.971850e-01 1.049805e+00 1.380953e+00 1.170109e+00
1.659587e-01 8.842101e-01 1.038824e+00 1.364179e+00 1.174861e+00
1.698244e-01 8.713394e-01 1.027915e+00 1.347532e+00 1.179696e+00
1.737801e-01 8.585743e-01 1.017075e+00 1.331012e+00 1.184609e+00
1.778279e-01 8.459167e-01 1.006301e+00 1.314617e+00 1.189599e+00
1.819701e-01 8.333680e-01 9.955915e-01 1.298347e+00 1.194660e+00
1.862087e-01 8.209301e-01 9.849439e-01 1.282202e+00 1.199790e+00
1.905461e-01 8.086046e-01 9.743567e-01 1.266180e+00 1.204985e+00
1.949845e-01 7.963934e-01 9.638280e-01 1.250283e+00 1.210241e+00
1.995262e-01 7.842982e-01 9.533563e-01 1.234509e+00 1.215553e+00
2.041738e-01 7.723208e-01 9.429403e-01 1.218858e+00 1.220918e+00
2.089296e-01 7.604630e-01 9.325788e-01 1.203332e+00 1.226330e+00
2.137962e-01 7.487266e-01 9.222707e-01 1.187929e+00 1.231786e+00
2.187762e-01 7.371133e-01 9.120152e-01 1.172650e+00 1.237279e+00
2.238721e-01 7.256251e-01 9.018115e-01 1.157495e+00 1.242806e+00
2.290868e-01 7.142634e-01 8.916592e-01 1.142466e+00 1.248362e+00
2.344229e-01 7.030302e-01 8.815578e-01 1.127562e+00 1.253940e+00
2.398833e-01 6.919269e-01 8.715073e-01 1.112784e+00 1.259537e+00
2.454709e-01 6.809551e-01 8.615074e-01 1.098132e+00 1.265146e+00
2.511886e-01 6.701165e-01 8.515585e-01 1.083609e+00 1.270762e+00
2.570396e-01 6.594124e-01 8.416606e-01 1.069213e+00 1.276380e+00
2.630268e-01 6.488441e-01 8.318143e-01 1.054947e+00 1.281994e+00
2.691535e-01 6.384129e-01 8.220201e-01 1.040811e+00 1.287599e+00
2.754229e-01 6.281200e-01 8.122787e-01 1.026806e+00 1.293190e+00
2.818383e-01 6.179664e-01 8.025909e-01 1.012934e+00 1.298761e+00
2.884032e-01 6.079530e-01 7.929576e-01 9.991940e-01 1.304307e+00
2.951209e-01 5.980807e-01 7.833799e-01 9.855884e-01 1.309823e+00
3.019952e-01 5.883500e-01 7.738588e-01 9.721179e-01 1.315304e+00
3.090295e-01 5.787615e-01 7.643956e-01 9.587834e-01 1.320744e+00
3.162278e-01 5.693158e-01 7.549917e-01 9.455860e-01 1.326139e+00
3.235937e-01 5.600129e-01 7.456482e-01 9.325265e-01 1.331484e+00
3.311311e-01 5.508530e-01 7.363668e-01 9.196059e-01 1.336775e+00
3.388442e-01 5.418362e-01 7.271487e-01 9.068250e-01 1.342008e+00
3.467369e-01 5.329622e-01 7.179955e-01 8.941847e-01 1.347179e+00
3.548134e-01 5.242308e-01 7.089087e-01 8.816856e-01 1.352284e+00
3.630781e-01 5.156415e-01 6.998898e-01 8.693284e-01 1.357318e+00
3.715352e-01 5.071938e-01 6.909403e-01 8.571138e-01 1.362281e+00
3.801894e-01 4.988870e-01 6.820618e-01 8.450423e-01 1.367167e+00
3.890451e-01 4.907202e-01 6.732558e-01 8.331144e-01 1.371975e+00
3.981072e-01 4.826925e-01 6.645236e-01 8.213304e-01 1.376702e+00
4.073803e-01 4.748028e-01 6.558669e-01 8.096907e-01 1.381346e+00
4.168694e-01 4.670499e-01 6.472869e-01 7.981954e-01 1.385905e+00
4.265795e-01 4.594326e-01 6.387850e-01 7.868447e-01 1.390378e+00
4.365158e-01 4.519495e-01 6.303626e-01 7.756387e-01 1.394763e+00
4.466836e-01 4.445990e-01 6.220209e-01 7.645771e-01 1.399061e+00
4.570882e-01 4.373795e-01 6.137611e-01 7.536601e-01 1.403269e+00
4.677351e-01 4.302896e-01 6.055842e-01 7.428872e-01 1.407388e+00
4.786301e-01 4.233273e-01 5.974915e-01 7.322582e-01 1.411417e+00
4.897788e-01 4.164909e-01 5.894837e-01 7.217727e-01 1.415358e+00
5.011872e-01 4.097787e-01 5.815620e-01 7.114302e-01 1.419210e+00
5.128614e-01 4.031885e-01 5.737270e-01 7.012301e-01 1.422975e+00
5.248075e-01 3.967186e-01 5.659796e-01 6.911719e-01 1.426653e+00
5.370318e-01 3.903669e-01 5.583205e-01 6.812547e-01 1.430245e+00
5.495409e-01 3.841313e-01 5.507501e-01 6.714779e-01 1.433755e+00
5.623413e-01 3.780099e-01 5.432692e-01 6.618406e-01 1.437182e+00
5.754399e-01 3.720006e-01 5.358782e-01 6.523418e-01 1.440530e+00
5.888437e-01 3.661012e-01 5.285774e-01 6.429807e-01 1.443801e+00
6.025596e-01 3.603097e-01 5.213671e-01 6.337560e-01 1.446997e+00
6.165950e-01 3.546239e-01 5.142477e-01 6.246669e-01 1.450122e+00
6.309573e-01 3.490417e-01 5.072193e-01 6.157122e-01 1.453177e+00
6.456542e-01 3.435610e-01 5.002819e-01 6.068906e-01 1.456166e+00
6.606934e-01 3.381797e-01 4.934358e-01 5.982010e-01 1.459094e+00
6.760830e-01 3.328956e-01 4.866808e-01 5.896420e-01 1.461962e+00
6.918310e-01 3.277067e-01 4.800170e-01 5.812125e-01 1.464776e+00
7.079458e-01 3.226110e-01 4.734441e-01 5.729111e-01 1.467539e+00
7.244360e-01 3.176062e-01 4.669621e-01 5.647365e-01 1.470255e+00
7.413102e-01 3.126903e-01 4.605707e-01 5.566872e-01 1.472929e+00
7.585776e-01 3.078613e-01 4.542697e-01 5.487619e-01 1.475566e+00
7.762471e-01 3.031173e-01 4.480588e-01 5.409591e-01 1.478170e+00
7.943282e-01 2.984560e-01 4.419375e-01 5.332774e-01 1.480746e+00
8.128305e-01 2.938756e-01 4.359056e-01 5.257153e-01 1.483300e+00
8.317638e-01 2.893741e-01 4.299626e-01 5.182714e-01 1.485836e+00
8.511380e-01 2.849496e-01 4.241081e-01 5.109441e-01 1.488362e+00
8.709636e-01 2.806000e-01 4.183415e-01 5.037321e-01 1.490882e+00
8.912509e-01 2.763236e-01 4.126624e-01 4.966336e-01 1.493403e+00
9.120108e-01 2.721183e-01 4.070701e-01 4.896472e-01 1.495931e+00
9.332543e-01 2.679823e-01 4.015642e-01 4.827715e-01 1.498473e+00
9.549926e-01 2.639138e-01 3.961439e-01 4.760047e-01 1.501035e+00
9.772372e-01 2.599108e-01 3.908087e-01 4.693454e-01 1.503626e+00
1.000000e+00 2.559717e-01 3.855579e-01 4.627920e-01 1.506252e+00
1.023293e+00 2.520945e-01 3.803908e-01 4.563429e-01 1.508921e+00
1.047129e+00 2.482775e-01 3.753067e-01 4.499965e-01 1.511642e+00
1.071519e+00 2.445189e-01 3.703048e-01 4.437512e-01 1.514422e+00
1.096478e+00 2.408169e-01 3.653844e-01 4.376055e-01 1.517270e+00
1.122018e+00 2.371698e-01 3.605446e-01 4.315576e-01 1.520196e+00
1.148154e+00 2.335759e-01 3.557847e-01 4.256060e-01 1.523208e+00
1.174898e+00 2.300333e-01 3.511037e-01 4.197489e-01 1.526317e+00
1.202264e+00 2.265406e-01 3.465009e-01 4.139849e-01 1.529531e+00
1.230269e+00 2.230958e-01 3.419752e-01 4.083121e-01 1.532862e+00
1.258925e+00 2.196974e-01 3.375257e-01 4.027289e-01 1.536321e+00
1.288250e+00 2.163438e-01 3.331515e-01 3.972336e-01 1.539918e+00
1.318257e+00 2.130332e-01 3.288516e-01 3.918246e-01 1.543664e+00
1.348963e+00 2.097640e-01 3.246248e-01 3.865000e-01 1.547572e+00
1.380384e+00 2.065347e-01 3.204702e-01 3.812581e-01 1.551653e+00
1.412538e+00 2.033437e-01 3.163865e-01 3.760972e-01 1.555920e+00
1.445440e+00 2.001894e-01 3.123727e-01 3.710155e-01 1.560386e+00
1.479108e+00 1.970702e-01 3.084276e-01 3.660113e-01 1.565064e+00
1.513561e+00 1.939848e-01 3.045499e-01 3.610827e-01 1.569968e+00
1.548817e+00 1.909315e-01 3.007383e-01 3.562280e-01 1.575111e+00
1.584893e+00 1.879091e-01 2.969916e-01 3.514454e-01 1.580507e+00
1.621810e+00 1.849159e-01 2.933084e-01 3.467329e-01 1.586172e+00
1.659587e+00 1.819507e-01 2.896873e-01 3.420889e-01 1.592120e+00
1.698244e+00 1.790122e-01 2.861269e-01 3.375114e-01 1.598365e+00
1.737801e+00 1.760990e-01 2.826256e-01 3.329987e-01 1.604925e+00
1.778279e+00 1.732099e-01 2.791821e-01 3.285488e-01 1.611814e+00
1.819701e+00 1.703438e-01 2.757947e-01 3.241600e-01 1.619048e+00
1.862087e+00 1.674994e-01 2.724619e-01 3.198304e-01 1.626644e+00
1.905461e+00 1.646757e-01 2.691819e-01 3.155582e-01 1.634618e+00
1.949845e+00 1.618717e-01 2.659533e-01 3.113416e-01 1.642988e+00
1.995262e+00 1.590864e-01 2.627743e-01 3.071788e-01 1.651771e+00
2.041738e+00 1.563190e-01 2.596431e-01 3.030679e-01 1.660983e+00
2.089296e+00 1.535685e-01 2.565581e-01 2.990072e-01 1.670642e+00
2.137962e+00 1.508344e-01 2.535174e-01 2.949950e-01 1.680767e+00
2.187762e+00 1.481158e-01 2.505193e-01 2.910296e-01 1.691375e+00
2.238721e+00 1.454123e-01 2.475620e-01 2.871092e-01 1.702484e+00
2.290868e+00 1.427233e-01 2.446437e-01 2.832322e-01 1.714112e+00
2.344229e+00 1.400484e-01 2.417626e-01 2.793970e-01 1.726279e+00
2.398833e+00 1.373872e-01 2.389168e-01 2.756021e-01 1.739003e+00
2.454709e+00 1.347396e-01 2.361046e-01 2.718458e-01 1.752303e+00
2.511886e+00 1.321053e-01 2.333241e-01 2.681268e-01 1.766198e+00
2.570396e+00 1.294844e-01 2.305737e-01 2.644436e-01 1.780706e+00
2.630268e+00 1.268768e-01 2.278514e-01 2.607949e-01 1.795848e+00
2.691535e+00 1.242826e-01 2.251556e-01 2.571793e-01 1.811643e+00
2.754229e+00 1.217020e-01 2.224847e-01 2.535958e-01 1.828111e+00
2.818383e+00 1.191353e-01 2.198369e-01 2.500430e-01 1.845270e+00
2.884032e+00 1.165830e-01 2.172107e-01 2.465199e-01 1.863142e+00
2.951209e+00 1.140454e-01 2.146044e-01 2.430255e-01 1.881746e+00
3.019952e+00 1.115230e-01 2.120167e-01 2.395589e-01 1.901103e+00
3.090295e+00 1.090166e-01 2.094461e-01 2.361192e-01 1.921232e+00
3.162278e+00 1.065267e-01 2.068912e-01 2.327056e-01 1.942154e+00
3.235937e+00 1.040540e-01 2.043507e-01 2.293174e-01 1.963890e+00
3.311311e+00 1.015995e-01 2.018236e-01 2.259540e-01 1.986461e+00
3.388442e+00 9.916397e-02 1.993085e-01 2.226148e-01 2.009888e+00
3.467369e+00 9.674828e-02 1.968045e-01 2.192995e-01 2.034192e+00
3.548134e+00 9.435339e-02 1.943108e-01 2.160075e-01 2.059394e+00
3.630781e+00 9.198029e-02 1.918263e-01 2.127386e-01 2.085515e+00
3.715352e+00 8.963001e-02 1.893504e-01 2.094925e-01 2.112579e+00
3.801894e+00 8.730356e-02 1.868825e-01 2.062692e-01 2.140606e+00
3.890451e+00 8.500200e-02 1.844219e-01 2.030684e-01 2.169618e+00
3.981072e+00 8.272638e-02 1.819682e-01 1.998902e-01 2.199640e+00
4.073803e+00 8.047777e-02 1.795211e-01 1.967346e-01 2.230692e+00
4.168694e+00 7.825720e-02 1.770803e-01 1.936017e-01 2.262799e+00
4.265795e+00 7.606572e-02 1.746456e-01 1.904917e-01 2.295984e+00
4.365158e+00 7.390434e-02 1.722170e-01 1.874048e-01 2.330269e+00
4.466836e+00 7.177404e-02 1.697944e-01 1.843412e-01 2.365681e+00
4.570882e+00 6.967577e-02 1.673781e-01 1.813012e-01 2.402242e+00
4.677351e+00 6.761047e-02 1.649680e-01 1.782852e-01 2.439977e+00
4.786301e+00 6.557898e-02 1.625646e-01 1.752936e-01 2.478913e+00
4.897788e+00 6.358214e-02 1.601681e-01 1.723267e-01 2.519073e+00
5.011872e+00 6.162071e-02 1.577789e-01 1.693851e-01 2.560485e+00
5.128614e+00 5.969541e-02 1.553976e-01 1.664691e-01 2.603175e+00
5.248075e+00 5.780687e-02 1.530246e-01 1.635792e-01 2.647169e+00
5.370318e+00 5.595569e-02 1.506605e-01 1.607159e-01 2.692496e+00
5.495409e+00 5.414239e-02 1.483059e-01 1.578798e-01 2.739182e+00
5.623413e+00 5.236742e-02 1.459614e-01 1.550712e-01 2.787257e+00
5.754399e+00 5.063116e-02 1.436279e-01 1.522908e-01 2.836749e+00
5.888437e+00 4.893392e-02 1.413059e-01 1.495389e-01 2.887689e+00
6.025596e+00 4.727595e-02 1.389963e-01 1.468162e-01 2.940105e+00
6.165950e+00 4.565743e-02 1.366997e-01 1.441229e-01 2.994030e+00
6.309573e+00 4.407846e-02 1.344170e-01 1.414597e-01 3.049495e+00
6.456542e+00 4.253908e-02 1.321490e-01 1.388270e-01 3.106531e+00
6.606934e+00 4.103927e-02 1.298963e-01 1.362251e-01 3.165171e+00
6.760830e+00 3.957892e-02 1.276598e-01 1.336545e-01 3.225450e+00
6.918310e+00 3.815789e-02 1.254403e-01 1.311156e-01 3.287401e+00
7.079458e+00 3.677596e-02 1.232385e-01 1.286087e-01 3.351060e+00
7.244360e+00 3.543287e-02 1.210551e-01 1.261341e-01 3.416462e+00
7.413102e+00 3.412829e-02 1.188908e-01 1.236922e-01 3.483644e+00
7.585776e+00 3.286184e-02 1.167464e-01 1.212832e-01 3.552643e+00
7.762471e+00 3.163310e-02 1.146225e-01 1.189074e-01 3.623499e+00
7.943282e+00 3.044161e-02 1.125198e-01 1.165650e-01 3.696249e+00
8.128305e+00 2.928686e-02 1.104388e-01 1.142561e-01 3.770934e+00
8.317638e+00 2.816829e-02 1.083802e-01 1.119809e-01 3.847595e+00
8.511380e+00 2.708533e-02 1.063445e-01 1.097395e-01 3.926275e+00
8.709636e+00 2.603736e-02 1.043321e-01 1.075320e-01 4.007016e+00
8.912509e+00 2.502375e-02 1.023437e-01 1.053585e-01 4.089863e+00
9.120108e+00 2.404382e-02 1.003796e-01 1.032190e-01 4.174860e+00
9.332543e+00 2.309690e-02 9.844020e-02 1.011135e-01 4.262053e+00
9.549926e+00 2.218226e-02 9.652592e-02 9.904194e-02 4.351491e+00
9.772372e+00 2.129920e-02 9.463706e-02 9.700428e-02 4.443221e+00
1.000000e+01 2.044698e-02 9.277393e-02 9.500043e-02 4.537292e+00
