1.000000e-06 8.005930e+01 1.158137e+00 8.006767e+01 1.446599e-02
1.023293e-06 8.005835e+01 1.185096e+00 8.006712e+01 1.480291e-02
1.047129e-06 8.005735e+01 1.212683e+00 8.006654e+01 1.514767e-02
1.071519e-06 8.005631e+01 1.240910e+00 8.006593e+01 1.550046e-02
1.096478e-06 8.005522e+01 1.269793e+00 8.006529e+01 1.586147e-02
1.122018e-06 8.005408e+01 1.299348e+00 8.006462e+01 1.623088e-02
1.148154e-06 8.005288e+01 1.329590e+00 8.006392e+01 1.660890e-02
1.174898e-06 8.005163e+01 1.360534e+00 8.006319e+01 1.699571e-02
1.202264e-06 8.005031e+01 1.392197e+00 8.006242e+01 1.739153e-02
1.230269e-06 8.004894e+01 1.424596e+00 8.006162e+01 1.779657e-02
1.258925e-06 8.004750e+01 1.457748e+00 8.006077e+01 1.821103e-02
1.288250e-06 8.004600e+01 1.491669e+00 8.005989e+01 1.863515e-02
1.318257e-06 8.004442e+01 1.526378e+00 8.005897e+01 1.906913e-02
1.348963e-06 8.004277e+01 1.561893e+00 8.005800e+01 1.951323e-02
1.380384e-06 8.004104e+01 1.598232e+00 8.005699e+01 1.996766e-02
1.412538e-06 8.003923e+01 1.635415e+00 8.005593e+01 2.043266e-02
1.445440e-06 8.003733e+01 1.673460e+00 8.005482e+01 2.090850e-02
1.479108e-06 8.003535e+01 1.712389e+00 8.005366e+01 2.139540e-02
1.513561e-06 8.003327e+01 1.752220e+00 8.005245e+01 2.189365e-02
1.548817e-06 8.003109e+01 1.792975e+00 8.005117e+01 2.240349e-02
1.584893e-06 8.002881e+01 1.834676e+00 8.004984e+01 2.292519e-02
1.621810e-06 8.002643e+01 1.877343e+00 8.004845e+01 2.345904e-02
1.659587e-06 8.002393e+01 1.920999e+00 8.004698e+01 2.400531e-02
1.698244e-06 8.002131e+01 1.965667e+00 8.004545e+01 2.456429e-02
1.737801e-06 8.001858e+01 2.011370e+00 8.004385e+01 2.513629e-02
1.778279e-06 8.001571e+01 2.058131e+00 8.004217e+01 2.572159e-02
1.819701e-06 8.001271e+01 2.105975e+00 8.004042e+01 2.632051e-02
1.862087e-06 8.000956e+01 2.154927e+00 8.003858e+01 2.693337e-02
1.905461e-06 8.000627e+01 2.205012e+00 8.003665e+01 2.756049e-02
1.949845e-06 8.000283e+01 2.256255e+00 8.003464e+01 2.820219e-02
1.995262e-06 7.999922e+01 2.308684e+00 8.003252e+01 2.885883e-02
2.041738e-06 7.999544e+01 2.362325e+00 8.003031e+01 2.953074e-02
2.089296e-06 7.999149e+01 2.417205e+00 8.002800e+01 3.021828e-02
2.137962e-06 7.998734e+01 2.473354e+00 8.002558e+01 3.092182e-02
2.187762e-06 7.998301e+01 2.530799e+00 8.002304e+01 3.164171e-02
2.238721e-06 7.997847e+01 2.589571e+00 8.002038e+01 3.237835e-02
2.290868e-06 7.997372e+01 2.649699e+00 8.001760e+01 3.313212e-02
2.344229e-06 7.996874e+01 2.711214e+00 8.001469e+01 3.390342e-02
2.398833e-06 7.996353e+01 2.774147e+00 8.001164e+01 3.469265e-02
2.454709e-06 7.995808e+01 2.838530e+00 8.000845e+01 3.550023e-02
2.511886e-06 7.995237e+01 2.904396e+00 8.000510e+01 3.632658e-02
2.570396e-06 7.994639e+01 2.971779e+00 8.000160e+01 3.717214e-02
2.630268e-06 7.994013e+01 3.040711e+00 7.999794e+01 3.803736e-02
2.691535e-06 7.993358e+01 3.111229e+00 7.999410e+01 3.892268e-02
2.754229e-06 7.992672e+01 3.183367e+00 7.999009e+01 3.982858e-02
2.818383e-06 7.991954e+01 3.257162e+00 7.998588e+01 4.075552e-02
2.884032e-06 7.991202e+01 3.332651e+00 7.998148e+01 4.170400e-02
2.951209e-06 7.990415e+01 3.409871e+00 7.997687e+01 4.267452e-02
3.019952e-06 7.989591e+01 3.488860e+00 7.997204e+01 4.366758e-02
3.090295e-06 7.988728e+01 3.569659e+00 7.996699e+01 4.468369e-02
3.162278e-06 7.987825e+01 3.652306e+00 7.996170e+01 4.572341e-02
3.235937e-06 7.986880e+01 3.736842e+00 7.995617e+01 4.678726e-02
3.311311e-06 7.985890e+01 3.823310e+00 7.995037e+01 4.787581e-02
3.388442e-06 7.984854e+01 3.911750e+00 7.994430e+01 4.898962e-02
3.467369e-06 7.983770e+01 4.002207e+00 7.993795e+01 5.012928e-02
3.548134e-06 7.982635e+01 4.094724e+00 7.993130e+01 5.129539e-02
3.630781e-06 7.981447e+01 4.189345e+00 7.992434e+01 5.248854e-02
3.715352e-06 7.980203e+01 4.286117e+00 7.991705e+01 5.370937e-02
3.801894e-06 7.978901e+01 4.385085e+00 7.990942e+01 5.495851e-02
3.890451e-06 7.977539e+01 4.486297e+00 7.990143e+01 5.623660e-02
3.981072e-06 7.976113e+01 4.589800e+00 7.989307e+01 5.754432e-02
4.073803e-06 7.974620e+01 4.695643e+00 7.988432e+01 5.888234e-02
4.168694e-06 7.973057e+01 4.803876e+00 7.987516e+01 6.025136e-02
4.265795e-06 7.971422e+01 4.914549e+00 7.986558e+01 6.165209e-02
4.365158e-06 7.969711e+01 5.027713e+00 7.985554e+01 6.308526e-02
4.466836e-06 7.967920e+01 5.143419e+00 7.984504e+01 6.455159e-02
4.570882e-06 7.966046e+01 5.261722e+00 7.983404e+01 6.605187e-02
4.677351e-06 7.964084e+01 5.382673e+00 7.982253e+01 6.758685e-02
4.786301e-06 7.962031e+01 5.506328e+00 7.981049e+01 6.915733e-02
4.897788e-06 7.959883e+01 5.632741e+00 7.979788e+01 7.076412e-02
5.011872e-06 7.957635e+01 5.761968e+00 7.978469e+01 7.240804e-02
5.128614e-06 7.955283e+01 5.894065e+00 7.977088e+01 7.408995e-02
5.248075e-06 7.952822e+01 6.029089e+00 7.975643e+01 7.581069e-02
5.370318e-06 7.950247e+01 6.167099e+00 7.974131e+01 7.757116e-02
5.495409e-06 7.947553e+01 6.308151e+00 7.972548e+01 7.937224e-02
5.623413e-06 7.944734e+01 6.452306e+00 7.970892e+01 8.121487e-02
5.754399e-06 7.941785e+01 6.599622e+00 7.969159e+01 8.309998e-02
5.888437e-06 7.938700e+01 6.750159e+00 7.967346e+01 8.502853e-02
6.025596e-06 7.935472e+01 6.903979e+00 7.965448e+01 8.700149e-02
6.165950e-06 7.932096e+01 7.061141e+00 7.963463e+01 8.901986e-02
6.309573e-06 7.928565e+01 7.221707e+00 7.961386e+01 9.108467e-02
6.456542e-06 7.924871e+01 7.385738e+00 7.959213e+01 9.319695e-02
6.606934e-06 7.921008e+01 7.553295e+00 7.956939e+01 9.535776e-02
6.760830e-06 7.916967e+01 7.724442e+00 7.954561e+01 9.756819e-02
6.918310e-06 7.912742e+01 7.899238e+00 7.952073e+01 9.982934e-02
7.079458e-06 7.908323e+01 8.077747e+00 7.949470e+01 1.021423e-01
7.244360e-06 7.903703e+01 8.260029e+00 7.946747e+01 1.045083e-01
7.413102e-06 7.898871e+01 8.446146e+00 7.943900e+01 1.069285e-01
7.585776e-06 7.893820e+01 8.636160e+00 7.940921e+01 1.094041e-01
7.762471e-06 7.888540e+01 8.830131e+00 7.937806e+01 1.119362e-01
7.943282e-06 7.883020e+01 9.028118e+00 7.934549e+01 1.145261e-01
8.128305e-06 7.877249e+01 9.230181e+00 7.931142e+01 1.171752e-01
8.317638e-06 7.871218e+01 9.436378e+00 7.927580e+01 1.198846e-01
8.511380e-06 7.864915e+01 9.646768e+00 7.923856e+01 1.226557e-01
8.709636e-06 7.858328e+01 9.861405e+00 7.919962e+01 1.254899e-01
8.912509e-06 7.851445e+01 1.008034e+01 7.915891e+01 1.283884e-01
9.120108e-06 7.844254e+01 1.030364e+01 7.911635e+01 1.313527e-01
9.332543e-06 7.836741e+01 1.053134e+01 7.907186e+01 1.343842e-01
9.549926e-06 7.828892e+01 1.076350e+01 7.902537e+01 1.374843e-01
9.772372e-06 7.820695e+01 1.100016e+01 7.897677e+01 1.406545e-01
1.000000e-05 7.812134e+01 1.124136e+01 7.892599e+01 1.438962e-01
1.023293e-05 7.803194e+01 1.148716e+01 7.887292e+01 1.472110e-01
1.047129e-05 7.793859e+01 1.173758e+01 7.881748e+01 1.506004e-01
1.071519e-05 7.784114e+01 1.199267e+01 7.875956e+01 1.540659e-01
1.096478e-05 7.773942e+01 1.225244e+01 7.869905e+01 1.576091e-01
1.122018e-05 7.763326e+01 1.251694e+01 7.863585e+01 1.612317e-01
1.148154e-05 7.752247e+01 1.278618e+01 7.856984e+01 1.649352e-01
1.174898e-05 7.740688e+01 1.306019e+01 7.850091e+01 1.687213e-01
1.202264e-05 7.728629e+01 1.333896e+01 7.842894e+01 1.725916e-01
1.230269e-05 7.716052e+01 1.362252e+01 7.835380e+01 1.765478e-01
1.258925e-05 7.702936e+01 1.391086e+01 7.827537e+01 1.805917e-01
1.288250e-05 7.689260e+01 1.420398e+01 7.819351e+01 1.847249e-01
1.318257e-05 7.675004e+01 1.450186e+01 7.810808e+01 1.889493e-01
1.348963e-05 7.660146e+01 1.480449e+01 7.801895e+01 1.932665e-01
1.380384e-05 7.644663e+01 1.511184e+01 7.792596e+01 1.976783e-01
1.412538e-05 7.628534e+01 1.542387e+01 7.782897e+01 2.021866e-01
1.445440e-05 7.611734e+01 1.574054e+01 7.772782e+01 2.067931e-01
1.479108e-05 7.594240e+01 1.606179e+01 7.762235e+01 2.114997e-01
1.513561e-05 7.576027e+01 1.638757e+01 7.751240e+01 2.163082e-01
1.548817e-05 7.557072e+01 1.671778e+01 7.739779e+01 2.212203e-01
1.584893e-05 7.537349e+01 1.705235e+01 7.727837e+01 2.262381e-01
1.621810e-05 7.516833e+01 1.739118e+01 7.715394e+01 2.313632e-01
1.659587e-05 7.495498e+01 1.773416e+01 7.702434e+01 2.365976e-01
1.698244e-05 7.473317e+01 1.808117e+01 7.688937e+01 2.419430e-01
1.737801e-05 7.450265e+01 1.843206e+01 7.674885e+01 2.474014e-01
1.778279e-05 7.426315e+01 1.878669e+01 7.660258e+01 2.529746e-01
1.819701e-05 7.401441e+01 1.914489e+01 7.645038e+01 2.586644e-01
1.862087e-05 7.375616e+01 1.950648e+01 7.629203e+01 2.644726e-01
1.905461e-05 7.348812e+01 1.987126e+01 7.612733e+01 2.704010e-01
1.949845e-05 7.321005e+01 2.023901e+01 7.595610e+01 2.764513e-01
1.995262e-05 7.292166e+01 2.060951e+01 7.577810e+01 2.826254e-01
2.041738e-05 7.262271e+01 2.098251e+01 7.559314e+01 2.889249e-01
2.089296e-05 7.231293e+01 2.135773e+01 7.540101e+01 2.953515e-01
2.137962e-05 7.199208e+01 2.173490e+01 7.520149e+01 3.019068e-01
2.187762e-05 7.165990e+01 2.211371e+01 7.499438e+01 3.085925e-01
2.238721e-05 7.131615e+01 2.249383e+01 7.477945e+01 3.154100e-01
2.290868e-05 7.096062e+01 2.287493e+01 7.455650e+01 3.223609e-01
2.344229e-05 7.059306e+01 2.325664e+01 7.432531e+01 3.294465e-01
2.398833e-05 7.021328e+01 2.363857e+01 7.408568e+01 3.366681e-01
2.454709e-05 6.982108e+01 2.402034e+01 7.383739e+01 3.440271e-01
2.511886e-05 6.941628e+01 2.440152e+01 7.358025e+01 3.515245e-01
2.570396e-05 6.899869e+01 2.478167e+01 7.331406e+01 3.591615e-01
2.630268e-05 6.856819e+01 2.516034e+01 7.303861e+01 3.669389e-01
2.691535e-05 6.812462e+01 2.553704e+01 7.275373e+01 3.748577e-01
2.754229e-05 6.766789e+01 2.591128e+01 7.245922e+01 3.829184e-01
2.818383e-05 6.719790e+01 2.628256e+01 7.215491e+01 3.911217e-01
2.884032e-05 6.671458e+01 2.665034e+01 7.184063e+01 3.994680e-01
2.951209e-05 6.621790e+01 2.701409e+01 7.151624e+01 4.079575e-01
3.019952e-05 6.570784e+01 2.737325e+01 7.118157e+01 4.165903e-01
3.090295e-05 6.518442e+01 2.772725e+01 7.083649e+01 4.253662e-01
3.162278e-05 6.464767e+01 2.807552e+01 7.048089e+01 4.342850e-01
3.235937e-05 6.409768e+01 2.841746e+01 7.011465e+01 4.433461e-01
3.311311e-05 6.353454e+01 2.875248e+01 6.973768e+01 4.525488e-01
3.388442e-05 6.295841e+01 2.907999e+01 6.934989e+01 4.618921e-01
3.467369e-05 6.236946e+01 2.939938e+01 6.895123e+01 4.713746e-01
3.548134e-05 6.176789e+01 2.971004e+01 6.854166e+01 4.809949e-01
3.630781e-05 6.115396e+01 3.001137e+01 6.812114e+01 4.907511e-01
3.715352e-05 6.052795e+01 3.030278e+01 6.768967e+01 5.006411e-01
3.801894e-05 5.989018e+01 3.058367e+01 6.724726e+01 5.106625e-01
3.890451e-05 5.924101e+01 3.085345e+01 6.679395e+01 5.208124e-01
3.981072e-05 5.858083e+01 3.111156e+01 6.632981e+01 5.310878e-01
4.073803e-05 5.791008e+01 3.135745e+01 6.585489e+01 5.414851e-01
4.168694e-05 5.722923e+01 3.159056e+01 6.536932e+01 5.520004e-01
4.265795e-05 5.653879e+01 3.181039e+01 6.487322e+01 5.626295e-01
4.365158e-05 5.583928e+01 3.201643e+01 6.436674e+01 5.733675e-01
4.466836e-05 5.513129e+01 3.220822e+01 6.385005e+01 5.842094e-01
4.570882e-05 5.441542e+01 3.238532e+01 6.332336e+01 5.951496e-01
4.677351e-05 5.369231e+01 3.254732e+01 6.278688e+01 6.061821e-01
4.786301e-05 5.296261e+01 3.269383e+01 6.224086e+01 6.173002e-01
4.897788e-05 5.222702e+01 3.282453e+01 6.168559e+01 6.284970e-01
5.011872e-05 5.148625e+01 3.293910e+01 6.112134e+01 6.397651e-01
5.128614e-05 5.074103e+01 3.303729e+01 6.054845e+01 6.510963e-01
5.248075e-05 4.999210e+01 3.311888e+01 5.996724e+01 6.624822e-01
5.370318e-05 4.924024e+01 3.318368e+01 5.937809e+01 6.739138e-01
5.495409e-05 4.848622e+01 3.323156e+01 5.878137e+01 6.853815e-01
5.623413e-05 4.773082e+01 3.326242e+01 5.817749e+01 6.968752e-01
5.754399e-05 4.697483e+01 3.327624e+01 5.756686e+01 7.083845e-01
5.888437e-05 4.621905e+01 3.327300e+01 5.694992e+01 7.198981e-01
6.025596e-05 4.546426e+01 3.325276e+01 5.632712e+01 7.314045e-01
6.165950e-05 4.471124e+01 3.321561e+01 5.569894e+01 7.428917e-01
6.309573e-05 4.396078e+01 3.316168e+01 5.506584e+01 7.543470e-01
6.456542e-05 4.321363e+01 3.309116e+01 5.442832e+01 7.657574e-01
6.606934e-05 4.247054e+01 3.300426e+01 5.378688e+01 7.771095e-01
6.760830e-05 4.173225e+01 3.290126e+01 5.314202e+01 7.883893e-01
6.918310e-05 4.099947e+01 3.278247e+01 5.249425e+01 7.995827e-01
7.079458e-05 4.027287e+01 3.264821e+01 5.184409e+01 8.106750e-01
7.244360e-05 3.955313e+01 3.249888e+01 5.119206e+01 8.216513e-01
7.413102e-05 3.884087e+01 3.233489e+01 5.053868e+01 8.324964e-01
7.585776e-05 3.813670e+01 3.215667e+01 4.988446e+01 8.431948e-01
7.762471e-05 3.744119e+01 3.196470e+01 4.922992e+01 8.537309e-01
7.943282e-05 3.675488e+01 3.175948e+01 4.857557e+01 8.640890e-01
8.128305e-05 3.607826e+01 3.154153e+01 4.792190e+01 8.742533e-01
8.317638e-05 3.541180e+01 3.131139e+01 4.726943e+01 8.842080e-01
8.511380e-05 3.475593e+01 3.106962e+01 4.661863e+01 8.939372e-01
8.709636e-05 3.411105e+01 3.081679e+01 4.596997e+01 9.034253e-01
8.912509e-05 3.347751e+01 3.055348e+01 4.532393e+01 9.126569e-01
9.120108e-05 3.285563e+01 3.028029e+01 4.468096e+01 9.216167e-01
9.332543e-05 3.224568e+01 2.999783e+01 4.404149e+01 9.302899e-01
9.549926e-05 3.164790e+01 2.970668e+01 4.340595e+01 9.386618e-01
9.772372e-05 3.106251e+01 2.940746e+01 4.277474e+01 9.467185e-01
1.000000e-04 3.048968e+01 2.910077e+01 4.214825e+01 9.544464e-01
1.023293e-04 2.992954e+01 2.878720e+01 4.152686e+01 9.618326e-01
1.047129e-04 2.938218e+01 2.846737e+01 4.091092e+01 9.688649e-01
1.071519e-04 2.884769e+01 2.814184e+01 4.030077e+01 9.755317e-01
1.096478e-04 2.832609e+01 2.781119e+01 3.969672e+01 9.818223e-01
1.122018e-04 2.781740e+01 2.747600e+01 3.909908e+01 9.877269e-01
1.148154e-04 2.732160e+01 2.713681e+01 3.850813e+01 9.932363e-01
1.174898e-04 2.683864e+01 2.679416e+01 3.792412e+01 9.983427e-01
1.202264e-04 2.636844e+01 2.644857e+01 3.734731e+01 1.003039e+00
1.230269e-04 2.591091e+01 2.610055e+01 3.677790e+01 1.007319e+00
1.258925e-04 2.546594e+01 2.575059e+01 3.621611e+01 1.011178e+00
1.288250e-04 2.503338e+01 2.539915e+01 3.566212e+01 1.014611e+00
1.318257e-04 2.461308e+01 2.504669e+01 3.511610e+01 1.017617e+00
1.348963e-04 2.420487e+01 2.469365e+01 3.457820e+01 1.020194e+00
1.380384e-04 2.380855e+01 2.434043e+01 3.404855e+01 1.022340e+00
1.412538e-04 2.342393e+01 2.398742e+01 3.352726e+01 1.024056e+00
1.445440e-04 2.305080e+01 2.363500e+01 3.301443e+01 1.025344e+00
1.479108e-04 2.268892e+01 2.328352e+01 3.251014e+01 1.026207e+00
1.513561e-04 2.233806e+01 2.293331e+01 3.201446e+01 1.026647e+00
1.548817e-04 2.199799e+01 2.258469e+01 3.152745e+01 1.026671e+00
1.584893e-04 2.166845e+01 2.223795e+01 3.104912e+01 1.026282e+00
1.621810e-04 2.134920e+01 2.189336e+01 3.057952e+01 1.025488e+00
1.659587e-04 2.103996e+01 2.155117e+01 3.011865e+01 1.024297e+00
1.698244e-04 2.074050e+01 2.121163e+01 2.966650e+01 1.022716e+00
1.737801e-04 2.045053e+01 2.087495e+01 2.922307e+01 1.020753e+00
1.778279e-04 2.016981e+01 2.054133e+01 2.878832e+01 1.018420e+00
1.819701e-04 1.989806e+01 2.021097e+01 2.836223e+01 1.015726e+00
1.862087e-04 1.963503e+01 1.988402e+01 2.794474e+01 1.012681e+00
1.905461e-04 1.938045e+01 1.956065e+01 2.753581e+01 1.009298e+00
1.949845e-04 1.913407e+01 1.924098e+01 2.713536e+01 1.005587e+00
1.995262e-04 1.889564e+01 1.892515e+01 2.674334e+01 1.001562e+00
2.041738e-04 1.866489e+01 1.861327e+01 2.635967e+01 9.972341e-01
2.089296e-04 1.844160e+01 1.830543e+01 2.598425e+01 9.926163e-01
2.137962e-04 1.822550e+01 1.800172e+01 2.561700e+01 9.877218e-01
2.187762e-04 1.801637e+01 1.770223e+01 2.525784e+01 9.825634e-01
2.238721e-04 1.781397e+01 1.740700e+01 2.490665e+01 9.771544e-01
2.290868e-04 1.761808e+01 1.711610e+01 2.456334e+01 9.715081e-01
2.344229e-04 1.742847e+01 1.682958e+01 2.422780e+01 9.656376e-01
2.398833e-04 1.724492e+01 1.654747e+01 2.389992e+01 9.595562e-01
2.454709e-04 1.706724e+01 1.626981e+01 2.357959e+01 9.532770e-01
2.511886e-04 1.689521e+01 1.599660e+01 2.326670e+01 9.468130e-01
2.570396e-04 1.672864e+01 1.572788e+01 2.296113e+01 9.401772e-01
2.630268e-04 1.656733e+01 1.546365e+01 2.266276e+01 9.333823e-01
2.691535e-04 1.641110e+01 1.520391e+01 2.237148e+01 9.264409e-01
2.754229e-04 1.625977e+01 1.494867e+01 2.208716e+01 9.193655e-01
2.818383e-04 1.611316e+01 1.469791e+01 2.180969e+01 9.121681e-01
2.884032e-04 1.597112e+01 1.445164e+01 2.153895e+01 9.048608e-01
2.951209e-04 1.583347e+01 1.420983e+01 2.127482e+01 8.974553e-01
3.019952e-04 1.570006e+01 1.397247e+01 2.101718e+01 8.899631e-01
3.090295e-04 1.557073e+01 1.373955e+01 2.076591e+01 8.823955e-01
3.162278e-04 1.544535e+01 1.351103e+01 2.052089e+01 8.747636e-01
3.235937e-04 1.532377e+01 1.328691e+01 2.028201e+01 8.670781e-01
3.311311e-04 1.520585e+01 1.306714e+01 2.004914e+01 8.593496e-01
3.388442e-04 1.509146e+01 1.285171e+01 1.982218e+01 8.515884e-01
3.467369e-04 1.498048e+01 1.264059e+01 1.960100e+01 8.438046e-01
3.548134e-04 1.487277e+01 1.243375e+01 1.938550e+01 8.360080e-01
3.630781e-04 1.476822e+01 1.223116e+01 1.917555e+01 8.282083e-01
3.715352e-04 1.466671e+01 1.203279e+01 1.897104e+01 8.204149e-01
3.801894e-04 1.456813e+01 1.183860e+01 1.877186e+01 8.126370e-01
3.890451e-04 1.447237e+01 1.164857e+01 1.857791e+01 8.048834e-01
3.981072e-04 1.437932e+01 1.146266e+01 1.838906e+01 7.971630e-01
4.073803e-04 1.428887e+01 1.128084e+01 1.820520e+01 7.894842e-01
4.168694e-04 1.420094e+01 1.110308e+01 1.802623e+01 7.818554e-01
4.265795e-04 1.411540e+01 1.092934e+01 1.785204e+01 7.742847e-01
4.365158e-04 1.403218e+01 1.075959e+01 1.768251e+01 7.667799e-01
4.466836e-04 1.395117e+01 1.059380e+01 1.751753e+01 7.593488e-01
4.570882e-04 1.387228e+01 1.043194e+01 1.735700e+01 7.519987e-01
4.677351e-04 1.379542e+01 1.027396e+01 1.720081e+01 7.447371e-01
4.786301e-04 1.372050e+01 1.011984e+01 1.704885e+01 7.375708e-01
4.897788e-04 1.364743e+01 9.969542e+00 1.690101e+01 7.305068e-01
5.011872e-04 1.357613e+01 9.823029e+00 1.675718e+01 7.235517e-01
5.128614e-04 1.350650e+01 9.680269e+00 1.661725e+01 7.167118e-01
5.248075e-04 1.343847e+01 9.541225e+00 1.648112e+01 7.099935e-01
5.370318e-04 1.337195e+01 9.405863e+00 1.634868e+01 7.034026e-01
5.495409e-04 1.330686e+01 9.274146e+00 1.621981e+01 6.969449e-01
5.623413e-04 1.324311e+01 9.146039e+00 1.609441e+01 6.906260e-01
5.754399e-04 1.318064e+01 9.021505e+00 1.597238e+01 6.844512e-01
5.888437e-04 1.311935e+01 8.900505e+00 1.585359e+01 6.784256e-01
6.025596e-04 1.305918e+01 8.783003e+00 1.573796e+01 6.725540e-01
6.165950e-04 1.300004e+01 8.668959e+00 1.562536e+01 6.668411e-01
6.309573e-04 1.294185e+01 8.558335e+00 1.551569e+01 6.612914e-01
6.456542e-04 1.288455e+01 8.451090e+00 1.540884e+01 6.559090e-01
6.606934e-04 1.282805e+01 8.347184e+00 1.530472e+01 6.506979e-01
6.760830e-04 1.277228e+01 8.246574e+00 1.520320e+01 6.456618e-01
6.918310e-04 1.271717e+01 8.149219e+00 1.510418e+01 6.408043e-01
7.079458e-04 1.266265e+01 8.055075e+00 1.500756e+01 6.361287e-01
7.244360e-04 1.260864e+01 7.964097e+00 1.491324e+01 6.316380e-01
7.413102e-04 1.255508e+01 7.876241e+00 1.482110e+01 6.273352e-01
7.585776e-04 1.250188e+01 7.791459e+00 1.473105e+01 6.232228e-01
7.762471e-04 1.244900e+01 7.709705e+00 1.464299e+01 6.193033e-01
7.943282e-04 1.239634e+01 7.630929e+00 1.455680e+01 6.155790e-01
8.128305e-04 1.234386e+01 7.555082e+00 1.447239e+01 6.120518e-01
8.317638e-04 1.229148e+01 7.482112e+00 1.438967e+01 6.087235e-01
8.511380e-04 1.223914e+01 7.411969e+00 1.430852e+01 6.055958e-01
8.709636e-04 1.218676e+01 7.344598e+00 1.422886e+01 6.026701e-01
8.912509e-04 1.213430e+01 7.279945e+00 1.415058e+01 5.999475e-01
9.120108e-04 1.208169e+01 7.217954e+00 1.407360e+01 5.974291e-01
9.332543e-04 1.202887e+01 7.158569e+00 1.399781e+01 5.951158e-01
9.549926e-04 1.197577e+01 7.101730e+00 1.392313e+01 5.930081e-01
9.772372e-04 1.192235e+01 7.047378e+00 1.384947e+01 5.911066e-01
1.000000e-03 1.186853e+01 6.995452e+00 1.377674e+01 5.894116e-01
1.023293e-03 1.181428e+01 6.945890e+00 1.370484e+01 5.879232e-01
1.047129e-03 1.175954e+01 6.898629e+00 1.363370e+01 5.866413e-01
1.071519e-03 1.170424e+01 6.853603e+00 1.356323e+01 5.855657e-01
1.096478e-03 1.164835e+01 6.810747e+00 1.349335e+01 5.846961e-01
1.122018e-03 1.159182e+01 6.769993e+00 1.342397e+01 5.840320e-01
1.148154e-03 1.153459e+01 6.731274e+00 1.335503e+01 5.835727e-01
1.174898e-03 1.147663e+01 6.694519e+00 1.328645e+01 5.833173e-01
1.202264e-03 1.141789e+01 6.659657e+00 1.321814e+01 5.832650e-01
1.230269e-03 1.135833e+01 6.626617e+00 1.315005e+01 5.834145e-01
1.258925e-03 1.129792e+01 6.595325e+00 1.308210e+01 5.837647e-01
1.288250e-03 1.123661e+01 6.565708e+00 1.301422e+01 5.843141e-01
1.318257e-03 1.117437e+01 6.537691e+00 1.294635e+01 5.850612e-01
1.348963e-03 1.111118e+01 6.511198e+00 1.287843e+01 5.860044e-01
1.380384e-03 1.104699e+01 6.486153e+00 1.281040e+01 5.871418e-01
1.412538e-03 1.098180e+01 6.462477e+00 1.274219e+01 5.884716e-01
1.445440e-03 1.091556e+01 6.440093e+00 1.267377e+01 5.899918e-01
1.479108e-03 1.084827e+01 6.418923e+00 1.260506e+01 5.917001e-01
1.513561e-03 1.077990e+01 6.398887e+00 1.253603e+01 5.935943e-01
1.548817e-03 1.071044e+01 6.379906e+00 1.246662e+01 5.956719e-01
1.584893e-03 1.063987e+01 6.361900e+00 1.239680e+01 5.979305e-01
1.621810e-03 1.056818e+01 6.344790e+00 1.232651e+01 6.003673e-01
1.659587e-03 1.049537e+01 6.328495e+00 1.225572e+01 6.029796e-01
1.698244e-03 1.042144e+01 6.312936e+00 1.218440e+01 6.057645e-01
1.737801e-03 1.034637e+01 6.298034e+00 1.211250e+01 6.087189e-01
1.778279e-03 1.027019e+01 6.283708e+00 1.204000e+01 6.118398e-01
1.819701e-03 1.019288e+01 6.269881e+00 1.196688e+01 6.151239e-01
1.862087e-03 1.011445e+01 6.256474e+00 1.189309e+01 6.185677e-01
1.905461e-03 1.003493e+01 6.243410e+00 1.181863e+01 6.221679e-01
1.949845e-03 9.954316e+00 6.230612e+00 1.174346e+01 6.259206e-01
1.995262e-03 9.872634e+00 6.218004e+00 1.166758e+01 6.298222e-01
2.041738e-03 9.789902e+00 6.205513e+00 1.159097e+01 6.338688e-01
2.089296e-03 9.706142e+00 6.193066e+00 1.151361e+01 6.380564e-01
2.137962e-03 9.621382e+00 6.180590e+00 1.143550e+01 6.423807e-01
2.187762e-03 9.535650e+00 6.168016e+00 1.135663e+01 6.468376e-01
2.238721e-03 9.448977e+00 6.155276e+00 1.127699e+01 6.514225e-01
2.290868e-03 9.361400e+00 6.142304e+00 1.119659e+01 6.561309e-01
2.344229e-03 9.272954e+00 6.129035e+00 1.111543e+01 6.609582e-01
2.398833e-03 9.183681e+00 6.115408e+00 1.103350e+01 6.658994e-01
2.454709e-03 9.093621e+00 6.101362e+00 1.095082e+01 6.709496e-01
2.511886e-03 9.002821e+00 6.086841e+00 1.086740e+01 6.761037e-01
2.570396e-03 8.911328e+00 6.071789e+00 1.078325e+01 6.813563e-01
2.630268e-03 8.819190e+00 6.056156e+00 1.069837e+01 6.867021e-01
2.691535e-03 8.726459e+00 6.039892e+00 1.061279e+01 6.921355e-01
2.754229e-03 8.633189e+00 6.022951e+00 1.052653e+01 6.976508e-01
2.818383e-03 8.539434e+00 6.005289e+00 1.043961e+01 7.032421e-01
2.884032e-03 8.445251e+00 5.986868e+00 1.035205e+01 7.089035e-01
2.951209e-03 8.350699e+00 5.967650e+00 1.026387e+01 7.146288e-01
3.019952e-03 8.255836e+00 5.947602e+00 1.017511e+01 7.204118e-01
3.090295e-03 8.160723e+00 5.926694e+00 1.008579e+01 7.262462e-01
3.162278e-03 8.065421e+00 5.904899e+00 9.995942e+00 7.321254e-01
3.235937e-03 7.969993e+00 5.882196e+00 9.905605e+00 7.380428e-01
3.311311e-03 7.874500e+00 5.858564e+00 9.814811e+00 7.439919e-01
3.388442e-03 7.779006e+00 5.833987e+00 9.723597e+00 7.499657e-01
3.467369e-03 7.683573e+00 5.808454e+00 9.632001e+00 7.559574e-01
3.548134e-03 7.588265e+00 5.781955e+00 9.540062e+00 7.619601e-01
3.630781e-03 7.493144e+00 5.754486e+00 9.447820e+00 7.679669e-01
3.715352e-03 7.398271e+00 5.726044e+00 9.355319e+00 7.739706e-01
3.801894e-03 7.303707e+00 5.696631e+00 9.262600e+00 7.799644e-01
3.890451e-03 7.209514e+00 5.666253e+00 9.169707e+00 7.859411e-01
3.981072e-03 7.115750e+00 5.634918e+00 9.076685e+00 7.918938e-01
4.073803e-03 7.022473e+00 5.602638e+00 8.983579e+00 7.978155e-01
4.168694e-03 6.929740e+00 5.569427e+00 8.890434e+00 8.036993e-01
4.265795e-03 6.837604e+00 5.535303e+00 8.797296e+00 8.095384e-01
4.365158e-03 6.746119e+00 5.500287e+00 8.704211e+00 8.153261e-01
4.466836e-03 6.655336e+00 5.464402e+00 8.611225e+00 8.210558e-01
4.570882e-03 6.565303e+00 5.427675e+00 8.518383e+00 8.267212e-01
4.677351e-03 6.476066e+00 5.390132e+00 8.425732e+00 8.323159e-01
4.786301e-03 6.387669e+00 5.351806e+00 8.333315e+00 8.378339e-01
4.897788e-03 6.300155e+00 5.312728e+00 8.241179e+00 8.432694e-01
5.011872e-03 6.213561e+00 5.272933e+00 8.149365e+00 8.486169e-01
5.128614e-03 6.127923e+00 5.232456e+00 8.057918e+00 8.538710e-01
5.248075e-03 6.043276e+00 5.191337e+00 7.966879e+00 8.590269e-01
5.370318e-03 5.959650e+00 5.149612e+00 7.876289e+00 8.640797e-01
5.495409e-03 5.877072e+00 5.107323e+00 7.786188e+00 8.690252e-01
5.623413e-03 5.795567e+00 5.064511e+00 7.696614e+00 8.738594e-01
5.754399e-03 5.715157e+00 5.021215e+00 7.607603e+00 8.785787e-01
5.888437e-03 5.635863e+00 4.977480e+00 7.519192e+00 8.831798e-01
6.025596e-03 5.557699e+00 4.933346e+00 7.431414e+00 8.876599e-01
6.165950e-03 5.480679e+00 4.888857e+00 7.344302e+00 8.920166e-01
6.309573e-03 5.404815e+00 4.844054e+00 7.257885e+00 8.962479e-01
6.456542e-03 5.330115e+00 4.798981e+00 7.172192e+00 9.003522e-01
6.606934e-03 5.256583e+00 4.753678e+00 7.087250e+00 9.043284e-01
6.760830e-03 5.184224e+00 4.708186e+00 7.003085e+00 9.081757e-01
6.918310e-03 5.113038e+00 4.662548e+00 6.919719e+00 9.118939e-01
7.079458e-03 5.043022e+00 4.616802e+00 6.837173e+00 9.154831e-01
7.244360e-03 4.974174e+00 4.570986e+00 6.755466e+00 9.189438e-01
7.413102e-03 4.906486e+00 4.525140e+00 6.674616e+00 9.222771e-01
7.585776e-03 4.839952e+00 4.479298e+00 6.594638e+00 9.254841e-01
7.762471e-03 4.774560e+00 4.433498e+00 6.515545e+00 9.285668e-01
7.943282e-03 4.710299e+00 4.387772e+00 6.437349e+00 9.315272e-01
8.128305e-03 4.647156e+00 4.342152e+00 6.360059e+00 9.343677e-01
8.317638e-03 4.585116e+00 4.296672e+00 6.283683e+00 9.370911e-01
8.511380e-03 4.524163e+00 4.251358e+00 6.208228e+00 9.397005e-01
8.709636e-03 4.464278e+00 4.206240e+00 6.133697e+00 9.421994e-01
8.912509e-03 4.405445e+00 4.161344e+00 6.060093e+00 9.445912e-01
9.120108e-03 4.347642e+00 4.116695e+00 5.987417e+00 9.468799e-01
9.332543e-03 4.290850e+00 4.072314e+00 5.915669e+00 9.490695e-01
9.549926e-03 4.235047e+00 4.028225e+00 5.844845e+00 9.511643e-01
9.772372e-03 4.180211e+00 3.984446e+00 5.774944e+00 9.531686e-01
1.000000e-02 4.126322e+00 3.940996e+00 5.705960e+00 9.550869e-01
1.023293e-02 4.073355e+00 3.897891e+00 5.637887e+00 9.569240e-01
1.047129e-02 4.021288e+00 3.855145e+00 5.570718e+00 9.586843e-01
1.071519e-02 3.970098e+00 3.812773e+00 5.504445e+00 9.603726e-01
1.096478e-02 3.919761e+00 3.770786e+00 5.439058e+00 9.619936e-01
1.122018e-02 3.870256e+00 3.729193e+00 5.374548e+00 9.635521e-01
1.148154e-02 3.821559e+00 3.688005e+00 5.310903e+00 9.650526e-01
1.174898e-02 3.773646e+00 3.647228e+00 5.248112e+00 9.664997e-01
1.202264e-02 3.726497e+00 3.606869e+00 5.186163e+00 9.678980e-01
1.230269e-02 3.680088e+00 3.566932e+00 5.125042e+00 9.692518e-01
1.258925e-02 3.634399e+00 3.527422e+00 5.064737e+00 9.705654e-01
1.288250e-02 3.589407e+00 3.488340e+00 5.005233e+00 9.718430e-01
1.318257e-02 3.545093e+00 3.449689e+00 4.946518e+00 9.730886e-01
1.348963e-02 3.501435e+00 3.411469e+00 4.888576e+00 9.743059e-01
1.380384e-02 3.458416e+00 3.373680e+00 4.831393e+00 9.754986e-01
1.412538e-02 3.416015e+00 3.336320e+00 4.774955e+00 9.766701e-01
1.445440e-02 3.374215e+00 3.299388e+00 4.719247e+00 9.778238e-01
1.479108e-02 3.332998e+00 3.262881e+00 4.664255e+00 9.789627e-01
1.513561e-02 3.292348e+00 3.226796e+00 4.609964e+00 9.800896e-01
1.548817e-02 3.252247e+00 3.191128e+00 4.556360e+00 9.812072e-01
1.584893e-02 3.212681e+00 3.155875e+00 4.503428e+00 9.823179e-01
1.621810e-02 3.173635e+00 3.121030e+00 4.451156e+00 9.834241e-01
1.659587e-02 3.135095e+00 3.086588e+00 4.399528e+00 9.845278e-01
1.698244e-02 3.097047e+00 3.052545e+00 4.348532e+00 9.856307e-01
1.737801e-02 3.059479e+00 3.018894e+00 4.298155e+00 9.867346e-01
1.778279e-02 3.022379e+00 2.985630e+00 4.248383e+00 9.878410e-01
1.819701e-02 2.985734e+00 2.952745e+00 4.199204e+00 9.889510e-01
1.862087e-02 2.949535e+00 2.920234e+00 4.150606e+00 9.900659e-01
1.905461e-02 2.913771e+00 2.888091e+00 4.102576e+00 9.911865e-01
1.949845e-02 2.878433e+00 2.856308e+00 4.055104e+00 9.923136e-01
1.995262e-02 2.843510e+00 2.824879e+00 4.008178e+00 9.934478e-01
2.041738e-02 2.808995e+00 2.793798e+00 3.961787e+00 9.945896e-01
2.089296e-02 2.774880e+00 2.763057e+00 3.915922e+00 9.957391e-01
2.137962e-02 2.741157e+00 2.732650e+00 3.870571e+00 9.968966e-01
2.187762e-02 2.707818e+00 2.702571e+00 3.825725e+00 9.980619e-01
2.238721e-02 2.674858e+00 2.672812e+00 3.781374e+00 9.992351e-01
2.290868e-02 2.642269e+00 2.643368e+00 3.737510e+00 1.000416e+00
2.344229e-02 2.610047e+00 2.614232e+00 3.694124e+00 1.001603e+00
2.398833e-02 2.578184e+00 2.585397e+00 3.651207e+00 1.002797e+00
2.454709e-02 2.546677e+00 2.556857e+00 3.608751e+00 1.003997e+00
2.511886e-02 2.515521e+00 2.528607e+00 3.566749e+00 1.005202e+00
2.570396e-02 2.484710e+00 2.500640e+00 3.525193e+00 1.006411e+00
2.630268e-02 2.454242e+00 2.472950e+00 3.484076e+00 1.007623e+00
2.691535e-02 2.424111e+00 2.445532e+00 3.443391e+00 1.008836e+00
2.754229e-02 2.394315e+00 2.418379e+00 3.403131e+00 1.010050e+00
2.818383e-02 2.364851e+00 2.391487e+00 3.363291e+00 1.011263e+00
2.884032e-02 2.335715e+00 2.364849e+00 3.323865e+00 1.012473e+00
2.951209e-02 2.306905e+00 2.338461e+00 3.284846e+00 1.013679e+00
3.019952e-02 2.278419e+00 2.312319e+00 3.246230e+00 1.014879e+00
3.090295e-02 2.250254e+00 2.286416e+00 3.208012e+00 1.016070e+00
3.162278e-02 2.222408e+00 2.260749e+00 3.170187e+00 1.017252e+00
3.235937e-02 2.194881e+00 2.235312e+00 3.132750e+00 1.018421e+00
3.311311e-02 2.167670e+00 2.210103e+00 3.095698e+00 1.019575e+00
3.388442e-02 2.140774e+00 2.185116e+00 3.059027e+00 1.020713e+00
3.467369e-02 2.114192e+00 2.160348e+00 3.022733e+00 1.021831e+00
3.548134e-02 2.087924e+00 2.135796e+00 2.986813e+00 1.022928e+00
3.630781e-02 2.061968e+00 2.111457e+00 2.951264e+00 1.024001e+00
3.715352e-02 2.036324e+00 2.087327e+00 2.916085e+00 1.025047e+00
3.801894e-02 2.010991e+00 2.063404e+00 2.881271e+00 1.026063e+00
3.890451e-02 1.985970e+00 2.039685e+00 2.846821e+00 1.027047e+00
3.981072e-02 1.961259e+00 2.016169e+00 2.812734e+00 1.027997e+00
4.073803e-02 1.936859e+00 1.992853e+00 2.779008e+00 1.028910e+00
4.168694e-02 1.912769e+00 1.969736e+00 2.745641e+00 1.029782e+00
4.265795e-02 1.888989e+00 1.946816e+00 2.712632e+00 1.030613e+00
4.365158e-02 1.865518e+00 1.924093e+00 2.679980e+00 1.031399e+00
4.466836e-02 1.842357e+00 1.901567e+00 2.647685e+00 1.032138e+00
4.570882e-02 1.819505e+00 1.879235e+00 2.615745e+00 1.032828e+00
4.677351e-02 1.796961e+00 1.857099e+00 2.584161e+00 1.033466e+00
4.786301e-02 1.774726e+00 1.835158e+00 2.552931e+00 1.034051e+00
4.897788e-02 1.752798e+00 1.813413e+00 2.522056e+00 1.034582e+00
5.011872e-02 1.731176e+00 1.791863e+00 2.491535e+00 1.035055e+00
5.128614e-02 1.709860e+00 1.770511e+00 2.461367e+00 1.035471e+00
5.248075e-02 1.688848e+00 1.749355e+00 2.431553e+00 1.035828e+00
5.370318e-02 1.668139e+00 1.728399e+00 2.402093e+00 1.036124e+00
5.495409e-02 1.647732e+00 1.707642e+00 2.372986e+00 1.036359e+00
5.623413e-02 1.627624e+00 1.687086e+00 2.344231e+00 1.036533e+00
5.754399e-02 1.607813e+00 1.666733e+00 2.315829e+00 1.036646e+00
5.888437e-02 1.588299e+00 1.646583e+00 2.287778e+00 1.036696e+00
6.025596e-02 1.569077e+00 1.626639e+00 2.260079e+00 1.036685e+00
6.165950e-02 1.550145e+00 1.606901e+00 2.232730e+00 1.036613e+00
6.309573e-02 1.531501e+00 1.587371e+00 2.205730e+00 1.036481e+00
6.456542e-02 1.513142e+00 1.568052e+00 2.179079e+00 1.036289e+00
6.606934e-02 1.495063e+00 1.548943e+00 2.152775e+00 1.036039e+00
6.760830e-02 1.477262e+00 1.530048e+00 2.126817e+00 1.035732e+00
6.918310e-02 1.459735e+00 1.511366e+00 2.101203e+00 1.035370e+00
7.079458e-02 1.442478e+00 1.492899e+00 2.075932e+00 1.034954e+00
7.244360e-02 1.425487e+00 1.474649e+00 2.051001e+00 1.034488e+00
7.413102e-02 1.408758e+00 1.456616e+00 2.026408e+00 1.033972e+00
7.585776e-02 1.392286e+00 1.438801e+00 2.002151e+00 1.033409e+00
7.762471e-02 1.376066e+00 1.421205e+00 1.978227e+00 1.032803e+00
7.943282e-02 1.360095e+00 1.403828e+00 1.954634e+00 1.032154e+00
8.128305e-02 1.344368e+00 1.386672e+00 1.931368e+00 1.031467e+00
8.317638e-02 1.328880e+00 1.369735e+00 1.908427e+00 1.030744e+00
8.511380e-02 1.313625e+00 1.353018e+00 1.885807e+00 1.029988e+00
8.709636e-02 1.298600e+00 1.336521e+00 1.863505e+00 1.029202e+00
8.912509e-02 1.283799e+00 1.320244e+00 1.841517e+00 1.028388e+00
9.120108e-02 1.269218e+00 1.304186e+00 1.819839e+00 1.027551e+00
9.332543e-02 1.254851e+00 1.288346e+00 1.798467e+00 1.026693e+00
9.549926e-02 1.240693e+00 1.272724e+00 1.777399e+00 1.025817e+00
9.772372e-02 1.226741e+00 1.257318e+00 1.756628e+00 1.024926e+00
1.000000e-01 1.212989e+00 1.242128e+00 1.736152e+00 1.024023e+00
1.023293e-01 1.199432e+00 1.227153e+00 1.715966e+00 1.023112e+00
1.047129e-01 1.186066e+00 1.212390e+00 1.696066e+00 1.022194e+00
1.071519e-01 1.172886e+00 1.197838e+00 1.676448e+00 1.021274e+00
1.096478e-01 1.159888e+00 1.183496e+00 1.657107e+00 1.020353e+00
1.122018e-01 1.147067e+00 1.169361e+00 1.638038e+00 1.019436e+00
1.148154e-01 1.134420e+00 1.155433e+00 1.619239e+00 1.018523e+00
1.174898e-01 1.121942e+00 1.141708e+00 1.600703e+00 1.017618e+00
1.202264e-01 1.109629e+00 1.128186e+00 1.582428e+00 1.016724e+00
1.230269e-01 1.097477e+00 1.114863e+00 1.564409e+00 1.015842e+00
1.258925e-01 1.085482e+00 1.101738e+00 1.546641e+00 1.014976e+00
1.288250e-01 1.073641e+00 1.088808e+00 1.529120e+00 1.014127e+00
1.318257e-01 1.061950e+00 1.076072e+00 1.511842e+00 1.013298e+00
1.348963e-01 1.050405e+00 1.063526e+00 1.494804e+00 1.012492e+00
1.380384e-01 1.039004e+00 1.051170e+00 1.478001e+00 1.011709e+00
1.412538e-01 1.027743e+00 1.039000e+00 1.461429e+00 1.010953e+00
1.445440e-01 1.016619e+00 1.027014e+00 1.445085e+00 1.010225e+00
1.479108e-01 1.005628e+00 1.015210e+00 1.428964e+00 1.009528e+00
1.513561e-01 9.947685e-01 1.003586e+00 1.413063e+00 1.008863e+00
1.548817e-01 9.840369e-01 9.921387e-01 1.397379e+00 1.008233e+00
1.584893e-01 9.734303e-01 9.808672e-01 1.381907e+00 1.007640e+00
1.621810e-01 9.629462e-01 9.697688e-01 1.366644e+00 1.007085e+00
1.659587e-01 9.525818e-01 9.588413e-01 1.351588e+00 1.006571e+00
1.698244e-01 9.423346e-01 9.480826e-01 1.336733e+00 1.006100e+00
1.737801e-01 9.322019e-01 9.374907e-01 1.322078e+00 1.005673e+00
1.778279e-01 9.221813e-01 9.270633e-01 1.307618e+00 1.005294e+00
1.819701e-01 9.122702e-01 9.167985e-01 1.293351e+00 1.004964e+00
1.862087e-01 9.024664e-01 9.066943e-01 1.279273e+00 1.004685e+00
1.905461e-01 8.927672e-01 8.967487e-01 1.265382e+00 1.004460e+00
1.949845e-01 8.831705e-01 8.869597e-01 1.251674e+00 1.004290e+00
1.995262e-01 8.736738e-01 8.773254e-01 1.238146e+00 1.004180e+00
2.041738e-01 8.642748e-01 8.678438e-01 1.224795e+00 1.004129e+00
2.089296e-01 8.549712e-01 8.585130e-01 1.211619e+00 1.004143e+00
2.137962e-01 8.457607e-01 8.493312e-01 1.198614e+00 1.004222e+00
2.187762e-01 8.366410e-01 8.402964e-01 1.185777e+00 1.004369e+00
2.238721e-01 8.276099e-01 8.314067e-01 1.173105e+00 1.004588e+00
2.290868e-01 8.186651e-01 8.226604e-01 1.160596e+00 1.004880e+00
2.344229e-01 8.098044e-01 8.140554e-01 1.148246e+00 1.005249e+00
2.398833e-01 8.010255e-01 8.055899e-01 1.136053e+00 1.005698e+00
2.454709e-01 7.923262e-01 7.972621e-01 1.124014e+00 1.006230e+00
2.511886e-01 7.837044e-01 7.890699e-01 1.112126e+00 1.006846e+00
2.570396e-01 7.751577e-01 7.810115e-01 1.100386e+00 1.007552e+00
2.630268e-01 7.666841e-01 7.730850e-01 1.088791e+00 1.008349e+00
2.691535e-01 7.582813e-01 7.652883e-01 1.077338e+00 1.009241e+00
2.754229e-01 7.499472e-01 7.576196e-01 1.066025e+00 1.010231e+00
2.818383e-01 7.416798e-01 7.500768e-01 1.054848e+00 1.011322e+00
2.884032e-01 7.334768e-01 7.426578e-01 1.043805e+00 1.012517e+00
2.951209e-01 7.253362e-01 7.353607e-01 1.032893e+00 1.013821e+00
3.019952e-01 7.172559e-01 7.281833e-01 1.022109e+00 1.015235e+00
3.090295e-01 7.092339e-01 7.211235e-01 1.011450e+00 1.016764e+00
3.162278e-01 7.012683e-01 7.141792e-01 1.000914e+00 1.018411e+00
3.235937e-01 6.933570e-01 7.073481e-01 9.904975e-01 1.020179e+00
3.311311e-01 6.854982e-01 7.006281e-01 9.801977e-01 1.022071e+00
3.388442e-01 6.776900e-01 6.940170e-01 9.700120e-01 1.024092e+00
3.467369e-01 6.699305e-01 6.875124e-01 9.599376e-01 1.026244e+00
3.548134e-01 6.622180e-01 6.811120e-01 9.499717e-01 1.028532e+00
3.630781e-01 6.545507e-01 6.748136e-01 9.401117e-01 1.030957e+00
3.715352e-01 6.469270e-01 6.686146e-01 9.303548e-01 1.033524e+00
3.801894e-01 6.393453e-01 6.625128e-01 9.206984e-01 1.036236e+00
3.890451e-01 6.318039e-01 6.565057e-01 9.111399e-01 1.039097e+00
3.981072e-01 6.243016e-01 6.505909e-01 9.016767e-01 1.042110e+00
4.073803e-01 6.168367e-01 6.447658e-01 8.923063e-01 1.045278e+00
4.168694e-01 6.094080e-01 6.390281e-01 8.830260e-01 1.048605e+00
4.265795e-01 6.020142e-01 6.333751e-01 8.738336e-01 1.052093e+00
4.365158e-01 5.946541e-01 6.278045e-01 8.647265e-01 1.055747e+00
4.466836e-01 5.873265e-01 6.223136e-01 8.557024e-01 1.059570e+00
4.570882e-01 5.800304e-01 6.168999e-01 8.467590e-01 1.063565e+00
4.677351e-01 5.727649e-01 6.115610e-01 8.378940e-01 1.067735e+00
4.786301e-01 5.655290e-01 6.062942e-01 8.291053e-01 1.072083e+00
4.897788e-01 5.583219e-01 6.010970e-01 8.203907e-01 1.076614e+00
5.011872e-01 5.511429e-01 5.959669e-01 8.117481e-01 1.081329e+00
5.128614e-01 5.439913e-01 5.909014e-01 8.031756e-01 1.086233e+00
5.248075e-01 5.368666e-01 5.858980e-01 7.946711e-01 1.091329e+00
5.370318e-01 5.297682e-01 5.809542e-01 7.862329e-01 1.096620e+00
5.495409e-01 5.226958e-01 5.760676e-01 7.778591e-01 1.102109e+00
5.623413e-01 5.156490e-01 5.712357e-01 7.695480e-01 1.107800e+00
5.754399e-01 5.086275e-01 5.664562e-01 7.612979e-01 1.113696e+00
5.888437e-01 5.016311e-01 5.617266e-01 7.531073e-01 1.119800e+00
6.025596e-01 4.946598e-01 5.570447e-01 7.449745e-01 1.126117e+00
6.165950e-01 4.877135e-01 5.524080e-01 7.368983e-01 1.132649e+00
6.309573e-01 4.807921e-01 5.478145e-01 7.288771e-01 1.139400e+00
6.456542e-01 4.738959e-01 5.432619e-01 7.209097e-01 1.146374e+00
6.606934e-01 4.670248e-01 5.387480e-01 7.129948e-01 1.153575e+00
6.760830e-01 4.601793e-01 5.342707e-01 7.051313e-01 1.161006e+00
6.918310e-01 4.533594e-01 5.298279e-01 6.973180e-01 1.168671e+00
7.079458e-01 4.465655e-01 5.254177e-01 6.895539e-01 1.176575e+00
7.244360e-01 4.397981e-01 5.210381e-01 6.818380e-01 1.184721e+00
7.413102e-01 4.330575e-01 5.166871e-01 6.741694e-01 1.193114e+00
7.585776e-01 4.263441e-01 5.123630e-01 6.665472e-01 1.201759e+00
7.762471e-01 4.196586e-01 5.080639e-01 6.589706e-01 1.210660e+00
7.943282e-01 4.130014e-01 5.037880e-01 6.514388e-01 1.219822e+00
8.128305e-01 4.063732e-01 4.995338e-01 6.439512e-01 1.229249e+00
8.317638e-01 3.997745e-01 4.952995e-01 6.365071e-01 1.238947e+00
8.511380e-01 3.932061e-01 4.910837e-01 6.291059e-01 1.248922e+00
8.709636e-01 3.866686e-01 4.868847e-01 6.217470e-01 1.259178e+00
8.912509e-01 3.801628e-01 4.827011e-01 6.144299e-01 1.269722e+00
9.120108e-01 3.736893e-01 4.785316e-01 6.071542e-01 1.280560e+00
9.332543e-01 3.672490e-01 4.743747e-01 5.999193e-01 1.291698e+00
9.549926e-01 3.608426e-01 4.702291e-01 5.927249e-01 1.303142e+00
9.772372e-01 3.544711e-01 4.660937e-01 5.855707e-01 1.314899e+00
1.000000e+00 3.481351e-01 4.619672e-01 5.784563e-01 1.326977e+00
1.023293e+00 3.418356e-01 4.578484e-01 5.713814e-01 1.339382e+00
1.047129e+00 3.355734e-01 4.537363e-01 5.643457e-01 1.352122e+00
1.071519e+00 3.293495e-01 4.496298e-01 5.573491e-01 1.365206e+00
1.096478e+00 3.231646e-01 4.455279e-01 5.503912e-01 1.378641e+00
1.122018e+00 3.170199e-01 4.414297e-01 5.434720e-01 1.392435e+00
1.148154e+00 3.109162e-01 4.373343e-01 5.365912e-01 1.406599e+00
1.174898e+00 3.048544e-01 4.332408e-01 5.297488e-01 1.421140e+00
1.202264e+00 2.988355e-01 4.291484e-01 5.229446e-01 1.436069e+00
1.230269e+00 2.928605e-01 4.250564e-01 5.161785e-01 1.451395e+00
1.258925e+00 2.869305e-01 4.209641e-01 5.094506e-01 1.467129e+00
1.288250e+00 2.810463e-01 4.168708e-01 5.027607e-01 1.483281e+00
1.318257e+00 2.752091e-01 4.127759e-01 4.961088e-01 1.499863e+00
1.348963e+00 2.694198e-01 4.086788e-01 4.894951e-01 1.516885e+00
1.380384e+00 2.636796e-01 4.045791e-01 4.829194e-01 1.534359e+00
1.412538e+00 2.579893e-01 4.004763e-01 4.763819e-01 1.552298e+00
1.445440e+00 2.523502e-01 3.963699e-01 4.698827e-01 1.570714e+00
1.479108e+00 2.467633e-01 3.922597e-01 4.634219e-01 1.589619e+00
1.513561e+00 2.412297e-01 3.881453e-01 4.569995e-01 1.609028e+00
1.548817e+00 2.357503e-01 3.840266e-01 4.506158e-01 1.628954e+00
1.584893e+00 2.303265e-01 3.799032e-01 4.442710e-01 1.649412e+00
1.621810e+00 2.249591e-01 3.757751e-01 4.379652e-01 1.670415e+00
1.659587e+00 2.196494e-01 3.716422e-01 4.316987e-01 1.691979e+00
1.698244e+00 2.143984e-01 3.675044e-01 4.254717e-01 1.714119e+00
1.737801e+00 2.092073e-01 3.633620e-01 4.192846e-01 1.736852e+00
1.778279e+00 2.040770e-01 3.592148e-01 4.131376e-01 1.760193e+00
1.819701e+00 1.990087e-01 3.550632e-01 4.070311e-01 1.784159e+00
1.862087e+00 1.940035e-01 3.509073e-01 4.009655e-01 1.808768e+00
1.905461e+00 1.890624e-01 3.467475e-01 3.949411e-01 1.834037e+00
1.949845e+00 1.841865e-01 3.425841e-01 3.889583e-01 1.859985e+00
1.995262e+00 1.793768e-01 3.384175e-01 3.830175e-01 1.886630e+00
2.041738e+00 1.746342e-01 3.342483e-01 3.771194e-01 1.913990e+00
2.089296e+00 1.699599e-01 3.300769e-01 3.712642e-01 1.942087e+00
2.137962e+00 1.653547e-01 3.259040e-01 3.654526e-01 1.970938e+00
2.187762e+00 1.608196e-01 3.217302e-01 3.596850e-01 2.000566e+00
2.238721e+00 1.563554e-01 3.175564e-01 3.539620e-01 2.030991e+00
2.290868e+00 1.519630e-01 3.133833e-01 3.482841e-01 2.062235e+00
2.344229e+00 1.476431e-01 3.092117e-01 3.426520e-01 2.094318e+00
2.398833e+00 1.433966e-01 3.050427e-01 3.370662e-01 2.127265e+00
2.454709e+00 1.392242e-01 3.008771e-01 3.315274e-01 2.161098e+00
2.511886e+00 1.351264e-01 2.967160e-01 3.260361e-01 2.195839e+00
2.570396e+00 1.311040e-01 2.925604e-01 3.205929e-01 2.231514e+00
2.630268e+00 1.271573e-01 2.884115e-01 3.151986e-01 2.268147e+00
2.691535e+00 1.232870e-01 2.842704e-01 3.098538e-01 2.305762e+00
2.754229e+00 1.194933e-01 2.801384e-01 3.045590e-01 2.344385e+00
2.818383e+00 1.157767e-01 2.760166e-01 2.993149e-01 2.384042e+00
2.884032e+00 1.121374e-01 2.719064e-01 2.941222e-01 2.424760e+00
2.951209e+00 1.085756e-01 2.678090e-01 2.889815e-01 2.466567e+00
3.019952e+00 1.050914e-01 2.637257e-01 2.838934e-01 2.509488e+00
3.090295e+00 1.016849e-01 2.596580e-01 2.788585e-01 2.553554e+00
3.162278e+00 9.835607e-02 2.556070e-01 2.738775e-01 2.598792e+00
3.235937e+00 9.510475e-02 2.515742e-01 2.689508e-01 2.645233e+00
3.311311e+00 9.193080e-02 2.475610e-01 2.640790e-01 2.692906e+00
3.388442e+00 8.883397e-02 2.435687e-01 2.592628e-01 2.741842e+00
3.467369e+00 8.581392e-02 2.395986e-01 2.545025e-01 2.792072e+00
3.548134e+00 8.287025e-02 2.356521e-01 2.497987e-01 2.843628e+00
3.630781e+00 8.000250e-02 2.317306e-01 2.451519e-01 2.896542e+00
3.715352e+00 7.721011e-02 2.278353e-01 2.405625e-01 2.950848e+00
3.801894e+00 7.449248e-02 2.239676e-01 2.360309e-01 3.006580e+00
3.890451e+00 7.184891e-02 2.201286e-01 2.315575e-01 3.063772e+00
3.981072e+00 6.927866e-02 2.163197e-01 2.271426e-01 3.122459e+00
4.073803e+00 6.678092e-02 2.125421e-01 2.227865e-01 3.182677e+00
4.168694e+00 6.435483e-02 2.087968e-01 2.184895e-01 3.244463e+00
4.265795e+00 6.199945e-02 2.050851e-01 2.142518e-01 3.307854e+00
4.365158e+00 5.971381e-02 2.014080e-01 2.100736e-01 3.372888e+00
4.466836e+00 5.749688e-02 1.977665e-01 2.059551e-01 3.439605e+00
4.570882e+00 5.534759e-02 1.941617e-01 2.018963e-01 3.508043e+00
4.677351e+00 5.326481e-02 1.905945e-01 1.978974e-01 3.578244e+00
4.786301e+00 5.124739e-02 1.870657e-01 1.939584e-01 3.650248e+00
4.897788e+00 4.929414e-02 1.835762e-01 1.900793e-01 3.724099e+00
5.011872e+00 4.740384e-02 1.801269e-01 1.862601e-01 3.799838e+00
5.128614e+00 4.557521e-02 1.767183e-01 1.825006e-01 3.877510e+00
5.248075e+00 4.380700e-02 1.733513e-01 1.788008e-01 3.957159e+00
5.370318e+00 4.209790e-02 1.700264e-01 1.751605e-01 4.038832e+00
5.495409e+00 4.044659e-02 1.667441e-01 1.715795e-01 4.122576e+00
5.623413e+00 3.885173e-02 1.635051e-01 1.680576e-01 4.208437e+00
5.754399e+00 3.731199e-02 1.603096e-01 1.645945e-01 4.296464e+00
5.888437e+00 3.582601e-02 1.571583e-01 1.611900e-01 4.386708e+00
6.025596e+00 3.439244e-02 1.540513e-01 1.578437e-01 4.479220e+00
6.165950e+00 3.300992e-02 1.509890e-01 1.545553e-01 4.574050e+00
6.309573e+00 3.167708e-02 1.479717e-01 1.513243e-01 4.671252e+00
6.456542e+00 3.039259e-02 1.449994e-01 1.481504e-01 4.770881e+00
6.606934e+00 2.915508e-02 1.420725e-01 1.450331e-01 4.872992e+00
6.760830e+00 2.796321e-02 1.391908e-01 1.419719e-01 4.977641e+00
6.918310e+00 2.681567e-02 1.363546e-01 1.389664e-01 5.084886e+00
7.079458e+00 2.571114e-02 1.335639e-01 1.360161e-01 5.194787e+00
7.244360e+00 2.464830e-02 1.308185e-01 1.331203e-01 5.307403e+00
7.413102e+00 2.362588e-02 1.281184e-01 1.302785e-01 5.422796e+00
7.585776e+00 2.264262e-02 1.254634e-01 1.274902e-01 5.541031e+00
7.762471e+00 2.169725e-02 1.228535e-01 1.247548e-01 5.662170e+00
7.943282e+00 2.078856e-02 1.202885e-01 1.220716e-01 5.786281e+00
8.128305e+00 1.991535e-02 1.177680e-01 1.194401e-01 5.913430e+00
8.317638e+00 1.907642e-02 1.152919e-01 1.168595e-01 6.043687e+00
8.511380e+00 1.827062e-02 1.128599e-01 1.143292e-01 6.177122e+00
8.709636e+00 1.749683e-02 1.104716e-01 1.118486e-01 6.313808e+00
8.912509e+00 1.675392e-02 1.081267e-01 1.094170e-01 6.453819e+00
9.120108e+00 1.604081e-02 1.058249e-01 1.070337e-01 6.597229e+00
9.332543e+00 1.535646e-02 1.035658e-01 1.046981e-01 6.744117e+00
9.549926e+00 1.469982e-02 1.013488e-01 1.024093e-01 6.894561e+00
9.772372e+00 1.406990e-02 9.917373e-02 1.001668e-01 7.048643e+00
1.000000e+01 1.346572e-02 9.703999e-02 9.796982e-02 7.206444e+00
