1.000000e-06 3.149831e+01 2.217425e-01 3.149909e+01 7.039823e-03
1.023293e-06 3.149814e+01 2.269045e-01 3.149895e+01 7.203743e-03
1.047129e-06 3.149795e+01 2.321864e-01 3.149881e+01 7.371476e-03
1.071519e-06 3.149776e+01 2.375911e-01 3.149866e+01 7.543112e-03
1.096478e-06 3.149756e+01 2.431215e-01 3.149850e+01 7.718740e-03
1.122018e-06 3.149735e+01 2.487804e-01 3.149833e+01 7.898455e-03
1.148154e-06 3.149713e+01 2.545708e-01 3.149816e+01 8.082350e-03
1.174898e-06 3.149690e+01 2.604958e-01 3.149798e+01 8.270522e-03
1.202264e-06 3.149666e+01 2.665585e-01 3.149779e+01 8.463071e-03
1.230269e-06 3.149641e+01 2.727620e-01 3.149759e+01 8.660099e-03
1.258925e-06 3.149614e+01 2.791096e-01 3.149738e+01 8.861708e-03
1.288250e-06 3.149587e+01 2.856047e-01 3.149716e+01 9.068005e-03
1.318257e-06 3.149558e+01 2.922506e-01 3.149693e+01 9.279100e-03
1.348963e-06 3.149527e+01 2.990508e-01 3.149669e+01 9.495102e-03
1.380384e-06 3.149495e+01 3.060090e-01 3.149644e+01 9.716126e-03
1.412538e-06 3.149462e+01 3.131286e-01 3.149618e+01 9.942288e-03
1.445440e-06 3.149427e+01 3.204135e-01 3.149590e+01 1.017371e-02
1.479108e-06 3.149391e+01 3.278675e-01 3.149562e+01 1.041050e-02
1.513561e-06 3.149353e+01 3.354944e-01 3.149531e+01 1.065280e-02
1.548817e-06 3.149313e+01 3.432982e-01 3.149500e+01 1.090073e-02
1.584893e-06 3.149271e+01 3.512831e-01 3.149467e+01 1.115443e-02
1.621810e-06 3.149227e+01 3.594531e-01 3.149432e+01 1.141401e-02
1.659587e-06 3.149181e+01 3.678125e-01 3.149396e+01 1.167962e-02
1.698244e-06 3.149133e+01 3.763657e-01 3.149358e+01 1.195141e-02
1.737801e-06 3.149083e+01 3.851171e-01 3.149318e+01 1.222950e-02
1.778279e-06 3.149030e+01 3.940712e-01 3.149277e+01 1.251405e-02
1.819701e-06 3.148975e+01 4.032328e-01 3.149233e+01 1.280521e-02
1.862087e-06 3.148917e+01 4.126065e-01 3.149187e+01 1.310312e-02
1.905461e-06 3.148857e+01 4.221972e-01 3.149140e+01 1.340795e-02
1.949845e-06 3.148793e+01 4.320098e-01 3.149090e+01 1.371985e-02
1.995262e-06 3.148727e+01 4.420495e-01 3.149037e+01 1.403899e-02
2.041738e-06 3.148658e+01 4.523214e-01 3.148982e+01 1.436553e-02
2.089296e-06 3.148585e+01 4.628308e-01 3.148925e+01 1.469964e-02
2.137962e-06 3.148509e+01 4.735830e-01 3.148865e+01 1.504150e-02
2.187762e-06 3.148429e+01 4.845837e-01 3.148802e+01 1.539129e-02
2.238721e-06 3.148346e+01 4.958385e-01 3.148736e+01 1.574918e-02
2.290868e-06 3.148258e+01 5.073531e-01 3.148667e+01 1.611536e-02
2.344229e-06 3.148167e+01 5.191334e-01 3.148595e+01 1.649002e-02
2.398833e-06 3.148071e+01 5.311854e-01 3.148519e+01 1.687336e-02
2.454709e-06 3.147971e+01 5.435153e-01 3.148440e+01 1.726558e-02
2.511886e-06 3.147866e+01 5.561293e-01 3.148357e+01 1.766687e-02
2.570396e-06 3.147756e+01 5.690339e-01 3.148270e+01 1.807745e-02
2.630268e-06 3.147641e+01 5.822355e-01 3.148180e+01 1.849752e-02
2.691535e-06 3.147521e+01 5.957409e-01 3.148084e+01 1.892731e-02
2.754229e-06 3.147395e+01 6.095568e-01 3.147985e+01 1.936703e-02
2.818383e-06 3.147263e+01 6.236902e-01 3.147881e+01 1.981691e-02
2.884032e-06 3.147124e+01 6.381481e-01 3.147771e+01 2.027718e-02
2.951209e-06 3.146980e+01 6.529379e-01 3.147657e+01 2.074808e-02
3.019952e-06 3.146828e+01 6.680668e-01 3.147537e+01 2.122985e-02
3.090295e-06 3.146670e+01 6.835425e-01 3.147412e+01 2.172273e-02
3.162278e-06 3.146504e+01 6.993725e-01 3.147281e+01 2.222697e-02
3.235937e-06 3.146330e+01 7.155647e-01 3.147144e+01 2.274284e-02
3.311311e-06 3.146148e+01 7.321271e-01 3.147000e+01 2.327059e-02
3.388442e-06 3.145958e+01 7.490678e-01 3.146850e+01 2.381048e-02
3.467369e-06 3.145759e+01 7.663951e-01 3.146692e+01 2.436281e-02
3.548134e-06 3.145550e+01 7.841174e-01 3.146527e+01 2.492783e-02
3.630781e-06 3.145332e+01 8.022432e-01 3.146355e+01 2.550584e-02
3.715352e-06 3.145103e+01 8.207815e-01 3.146174e+01 2.609712e-02
3.801894e-06 3.144864e+01 8.397410e-01 3.145985e+01 2.670198e-02
3.890451e-06 3.144614e+01 8.591308e-01 3.145787e+01 2.732071e-02
3.981072e-06 3.144352e+01 8.789601e-01 3.145580e+01 2.795362e-02
4.073803e-06 3.144077e+01 8.992384e-01 3.145363e+01 2.860103e-02
4.168694e-06 3.143790e+01 9.199752e-01 3.145136e+01 2.926325e-02
4.265795e-06 3.143490e+01 9.411801e-01 3.144898e+01 2.994061e-02
4.365158e-06 3.143175e+01 9.628631e-01 3.144650e+01 3.063345e-02
4.466836e-06 3.142846e+01 9.850341e-01 3.144389e+01 3.134210e-02
4.570882e-06 3.142501e+01 1.007703e+00 3.144117e+01 3.206691e-02
4.677351e-06 3.142141e+01 1.030881e+00 3.143832e+01 3.280823e-02
4.786301e-06 3.141764e+01 1.054578e+00 3.143533e+01 3.356642e-02
4.897788e-06 3.141369e+01 1.078804e+00 3.143221e+01 3.434184e-02
5.011872e-06 3.140956e+01 1.103571e+00 3.142894e+01 3.513487e-02
5.128614e-06 3.140524e+01 1.128889e+00 3.142552e+01 3.594588e-02
5.248075e-06 3.140071e+01 1.154769e+00 3.142194e+01 3.677525e-02
5.370318e-06 3.139598e+01 1.181223e+00 3.141819e+01 3.762338e-02
5.495409e-06 3.139103e+01 1.208262e+00 3.141427e+01 3.849066e-02
5.623413e-06 3.138585e+01 1.235896e+00 3.141017e+01 3.937751e-02
5.754399e-06 3.138043e+01 1.264139e+00 3.140588e+01 4.028432e-02
5.888437e-06 3.137476e+01 1.293001e+00 3.140139e+01 4.121151e-02
6.025596e-06 3.136883e+01 1.322494e+00 3.139669e+01 4.215951e-02
6.165950e-06 3.136262e+01 1.352631e+00 3.139178e+01 4.312875e-02
6.309573e-06 3.135613e+01 1.383422e+00 3.138664e+01 4.411965e-02
6.456542e-06 3.134934e+01 1.414880e+00 3.138126e+01 4.513267e-02
6.606934e-06 3.134224e+01 1.447017e+00 3.137563e+01 4.616825e-02
6.760830e-06 3.133482e+01 1.479845e+00 3.136974e+01 4.722685e-02
6.918310e-06 3.132705e+01 1.513376e+00 3.136358e+01 4.830891e-02
7.079458e-06 3.131893e+01 1.547622e+00 3.135714e+01 4.941490e-02
7.244360e-06 3.131044e+01 1.582596e+00 3.135041e+01 5.054530e-02
7.413102e-06 3.130156e+01 1.618309e+00 3.134336e+01 5.170057e-02
7.585776e-06 3.129228e+01 1.654773e+00 3.133600e+01 5.288120e-02
7.762471e-06 3.128257e+01 1.692001e+00 3.132829e+01 5.408766e-02
7.943282e-06 3.127242e+01 1.730004e+00 3.132024e+01 5.532045e-02
8.128305e-06 3.126182e+01 1.768795e+00 3.131182e+01 5.658004e-02
8.317638e-06 3.125073e+01 1.808384e+00 3.130301e+01 5.786694e-02
8.511380e-06 3.123915e+01 1.848784e+00 3.129381e+01 5.918163e-02
8.709636e-06 3.122704e+01 1.890005e+00 3.128418e+01 6.052462e-02
8.912509e-06 3.121439e+01 1.932058e+00 3.127413e+01 6.189639e-02
9.120108e-06 3.120117e+01 1.974955e+00 3.126361e+01 6.329746e-02
9.332543e-06 3.118736e+01 2.018706e+00 3.125263e+01 6.472832e-02
9.549926e-06 3.117294e+01 2.063320e+00 3.124115e+01 6.618946e-02
9.772372e-06 3.115787e+01 2.108808e+00 3.122915e+01 6.768139e-02
1.000000e-05 3.114213e+01 2.155178e+00 3.121662e+01 6.920459e-02
1.023293e-05 3.112570e+01 2.202440e+00 3.120352e+01 7.075955e-02
1.047129e-05 3.110854e+01 2.250602e+00 3.118985e+01 7.234677e-02
1.071519e-05 3.109063e+01 2.299672e+00 3.117556e+01 7.396673e-02
1.096478e-05 3.107193e+01 2.349656e+00 3.116064e+01 7.561989e-02
1.122018e-05 3.105241e+01 2.400560e+00 3.114506e+01 7.730672e-02
1.148154e-05 3.103205e+01 2.452391e+00 3.112880e+01 7.902768e-02
1.174898e-05 3.101080e+01 2.505152e+00 3.111182e+01 8.078323e-02
1.202264e-05 3.098863e+01 2.558848e+00 3.109409e+01 8.257378e-02
1.230269e-05 3.096550e+01 2.613481e+00 3.107560e+01 8.439976e-02
1.258925e-05 3.094139e+01 2.669053e+00 3.105630e+01 8.626158e-02
1.288250e-05 3.091625e+01 2.725565e+00 3.103616e+01 8.815963e-02
1.318257e-05 3.089004e+01 2.783015e+00 3.101515e+01 9.009427e-02
1.348963e-05 3.086272e+01 2.841403e+00 3.099324e+01 9.206585e-02
1.380384e-05 3.083426e+01 2.900723e+00 3.097040e+01 9.407469e-02
1.412538e-05 3.080460e+01 2.960972e+00 3.094658e+01 9.612109e-02
1.445440e-05 3.077371e+01 3.022142e+00 3.092175e+01 9.820532e-02
1.479108e-05 3.074154e+01 3.084226e+00 3.089587e+01 1.003276e-01
1.513561e-05 3.070805e+01 3.147213e+00 3.086891e+01 1.024882e-01
1.548817e-05 3.067320e+01 3.211092e+00 3.084082e+01 1.046872e-01
1.584893e-05 3.063693e+01 3.275848e+00 3.081157e+01 1.069248e-01
1.621810e-05 3.059920e+01 3.341465e+00 3.078110e+01 1.092011e-01
1.659587e-05 3.055996e+01 3.407925e+00 3.074939e+01 1.115160e-01
1.698244e-05 3.051917e+01 3.475208e+00 3.071639e+01 1.138697e-01
1.737801e-05 3.047677e+01 3.543290e+00 3.068206e+01 1.162620e-01
1.778279e-05 3.043272e+01 3.612144e+00 3.064634e+01 1.186928e-01
1.819701e-05 3.038697e+01 3.681744e+00 3.060920e+01 1.211619e-01
1.862087e-05 3.033947e+01 3.752058e+00 3.057059e+01 1.236692e-01
1.905461e-05 3.029016e+01 3.823051e+00 3.053047e+01 1.262143e-01
1.949845e-05 3.023901e+01 3.894687e+00 3.048879e+01 1.287968e-01
1.995262e-05 3.018595e+01 3.966926e+00 3.044550e+01 1.314163e-01
2.041738e-05 3.013095e+01 4.039723e+00 3.040055e+01 1.340722e-01
2.089296e-05 3.007396e+01 4.113034e+00 3.035391e+01 1.367640e-01
2.137962e-05 3.001492e+01 4.186807e+00 3.030552e+01 1.394909e-01
2.187762e-05 2.995380e+01 4.260990e+00 3.025534e+01 1.422521e-01
2.238721e-05 2.989054e+01 4.335526e+00 3.020333e+01 1.450468e-01
2.290868e-05 2.982511e+01 4.410355e+00 3.014943e+01 1.478739e-01
2.344229e-05 2.975746e+01 4.485413e+00 3.009361e+01 1.507324e-01
2.398833e-05 2.968755e+01 4.560634e+00 3.003581e+01 1.536211e-01
2.454709e-05 2.961536e+01 4.635945e+00 2.997601e+01 1.565386e-01
2.511886e-05 2.954083e+01 4.711274e+00 2.991416e+01 1.594835e-01
2.570396e-05 2.946395e+01 4.786543e+00 2.985021e+01 1.624542e-01
2.630268e-05 2.938468e+01 4.861670e+00 2.978414e+01 1.654491e-01
2.691535e-05 2.930300e+01 4.936572e+00 2.971591e+01 1.684665e-01
2.754229e-05 2.921888e+01 5.011161e+00 2.964548e+01 1.715042e-01
2.818383e-05 2.913231e+01 5.085347e+00 2.957283e+01 1.745604e-01
2.884032e-05 2.904328e+01 5.159036e+00 2.949793e+01 1.776327e-01
2.951209e-05 2.895177e+01 5.232133e+00 2.942075e+01 1.807189e-01
3.019952e-05 2.885779e+01 5.304540e+00 2.934127e+01 1.838166e-01
3.090295e-05 2.876133e+01 5.376154e+00 2.925948e+01 1.869230e-01
3.162278e-05 2.866240e+01 5.446875e+00 2.917536e+01 1.900356e-01
3.235937e-05 2.856101e+01 5.516597e+00 2.908890e+01 1.931513e-01
3.311311e-05 2.845718e+01 5.585217e+00 2.900010e+01 1.962674e-01
3.388442e-05 2.835094e+01 5.652626e+00 2.890896e+01 1.993805e-01
3.467369e-05 2.824231e+01 5.718718e+00 2.881548e+01 2.024876e-01
3.548134e-05 2.813134e+01 5.783387e+00 2.871967e+01 2.055852e-01
3.630781e-05 2.801806e+01 5.846525e+00 2.862155e+01 2.086699e-01
3.715352e-05 2.790252e+01 5.908027e+00 2.852114e+01 2.117381e-01
3.801894e-05 2.778479e+01 5.967788e+00 2.841846e+01 2.147861e-01
3.890451e-05 2.766492e+01 6.025705e+00 2.831355e+01 2.178103e-01
3.981072e-05 2.754299e+01 6.081677e+00 2.820644e+01 2.208067e-01
4.073803e-05 2.741908e+01 6.135607e+00 2.809718e+01 2.237715e-01
4.168694e-05 2.729326e+01 6.187399e+00 2.798581e+01 2.267007e-01
4.265795e-05 2.716562e+01 6.236963e+00 2.787240e+01 2.295903e-01
4.365158e-05 2.703627e+01 6.284213e+00 2.775700e+01 2.324364e-01
4.466836e-05 2.690530e+01 6.329066e+00 2.763969e+01 2.352349e-01
4.570882e-05 2.677283e+01 6.371445e+00 2.752053e+01 2.379818e-01
4.677351e-05 2.663896e+01 6.411281e+00 2.739961e+01 2.406731e-01
4.786301e-05 2.650382e+01 6.448508e+00 2.727701e+01 2.433049e-01
4.897788e-05 2.636752e+01 6.483068e+00 2.715283e+01 2.458733e-01
5.011872e-05 2.623020e+01 6.514911e+00 2.702716e+01 2.483745e-01
5.128614e-05 2.609198e+01 6.543991e+00 2.690009e+01 2.508047e-01
5.248075e-05 2.595300e+01 6.570274e+00 2.677175e+01 2.531605e-01
5.370318e-05 2.581339e+01 6.593731e+00 2.664223e+01 2.554384e-01
5.495409e-05 2.567330e+01 6.614341e+00 2.651165e+01 2.576350e-01
5.623413e-05 2.553286e+01 6.632093e+00 2.638013e+01 2.597474e-01
5.754399e-05 2.539221e+01 6.646982e+00 2.624779e+01 2.617725e-01
5.888437e-05 2.525149e+01 6.659014e+00 2.611475e+01 2.637077e-01
6.025596e-05 2.511085e+01 6.668200e+00 2.598114e+01 2.655506e-01
6.165950e-05 2.497042e+01 6.674564e+00 2.584708e+01 2.672988e-01
6.309573e-05 2.483034e+01 6.678134e+00 2.571270e+01 2.689506e-01
6.456542e-05 2.469074e+01 6.678947e+00 2.557813e+01 2.705041e-01
6.606934e-05 2.455176e+01 6.677049e+00 2.544350e+01 2.719581e-01
6.760830e-05 2.441352e+01 6.672493e+00 2.530893e+01 2.733114e-01
6.918310e-05 2.427615e+01 6.665339e+00 2.517456e+01 2.745632e-01
7.079458e-05 2.413978e+01 6.655654e+00 2.504050e+01 2.757132e-01
7.244360e-05 2.400450e+01 6.643511e+00 2.490688e+01 2.767610e-01
7.413102e-05 2.387045e+01 6.628991e+00 2.477381e+01 2.777070e-01
7.585776e-05 2.373771e+01 6.612177e+00 2.464142e+01 2.785516e-01
7.762471e-05 2.360639e+01 6.593161e+00 2.450982e+01 2.792956e-01
7.943282e-05 2.347658e+01 6.572037e+00 2.437912e+01 2.799402e-01
8.128305e-05 2.334836e+01 6.548904e+00 2.424942e+01 2.804867e-01
8.317638e-05 2.322182e+01 6.523866e+00 2.412082e+01 2.809369e-01
8.511380e-05 2.309702e+01 6.497027e+00 2.399341e+01 2.812928e-01
8.709636e-05 2.297404e+01 6.468496e+00 2.386730e+01 2.815568e-01
8.912509e-05 2.285292e+01 6.438383e+00 2.374255e+01 2.817313e-01
9.120108e-05 2.273372e+01 6.406800e+00 2.361926e+01 2.818192e-01
9.332543e-05 2.261649e+01 6.373860e+00 2.349748e+01 2.818236e-01
9.549926e-05 2.250126e+01 6.339675e+00 2.337730e+01 2.817476e-01
9.772372e-05 2.238805e+01 6.304360e+00 2.325876e+01 2.815948e-01
1.000000e-04 2.227690e+01 6.268027e+00 2.314192e+01 2.813689e-01
1.023293e-04 2.216782e+01 6.230787e+00 2.302684e+01 2.810735e-01
1.047129e-04 2.206083e+01 6.192753e+00 2.291354e+01 2.807126e-01
1.071519e-04 2.195592e+01 6.154032e+00 2.280207e+01 2.802904e-01
1.096478e-04 2.185309e+01 6.114732e+00 2.269246e+01 2.798108e-01
1.122018e-04 2.175234e+01 6.074957e+00 2.258472e+01 2.792783e-01
1.148154e-04 2.165367e+01 6.034811e+00 2.247888e+01 2.786970e-01
1.174898e-04 2.155704e+01 5.994392e+00 2.237495e+01 2.780712e-01
1.202264e-04 2.146244e+01 5.953796e+00 2.227294e+01 2.774054e-01
1.230269e-04 2.136984e+01 5.913117e+00 2.217285e+01 2.767038e-01
1.258925e-04 2.127922e+01 5.872445e+00 2.207467e+01 2.759708e-01
1.288250e-04 2.119054e+01 5.831864e+00 2.197839e+01 2.752107e-01
1.318257e-04 2.110377e+01 5.791458e+00 2.188401e+01 2.744277e-01
1.348963e-04 2.101886e+01 5.751306e+00 2.179151e+01 2.736260e-01
1.380384e-04 2.093577e+01 5.711481e+00 2.170086e+01 2.728097e-01
1.412538e-04 2.085446e+01 5.672055e+00 2.161205e+01 2.719828e-01
1.445440e-04 2.077489e+01 5.633094e+00 2.152505e+01 2.711492e-01
1.479108e-04 2.069700e+01 5.594663e+00 2.143982e+01 2.703128e-01
1.513561e-04 2.062074e+01 5.556820e+00 2.135634e+01 2.694773e-01
1.548817e-04 2.054607e+01 5.519621e+00 2.127456e+01 2.686461e-01
1.584893e-04 2.047292e+01 5.483117e+00 2.119446e+01 2.678228e-01
1.621810e-04 2.040126e+01 5.447356e+00 2.111599e+01 2.670107e-01
1.659587e-04 2.033103e+01 5.412384e+00 2.103912e+01 2.662130e-01
1.698244e-04 2.026217e+01 5.378242e+00 2.096380e+01 2.654327e-01
1.737801e-04 2.019463e+01 5.344967e+00 2.088999e+01 2.646727e-01
1.778279e-04 2.012835e+01 5.312594e+00 2.081764e+01 2.639358e-01
1.819701e-04 2.006329e+01 5.281154e+00 2.074672e+01 2.632247e-01
1.862087e-04 1.999940e+01 5.250678e+00 2.067717e+01 2.625418e-01
1.905461e-04 1.993661e+01 5.221190e+00 2.060896e+01 2.618896e-01
1.949845e-04 1.987489e+01 5.192715e+00 2.054204e+01 2.612702e-01
1.995262e-04 1.981417e+01 5.165274e+00 2.047637e+01 2.606858e-01
2.041738e-04 1.975442e+01 5.138886e+00 2.041189e+01 2.601385e-01
2.089296e-04 1.969558e+01 5.113567e+00 2.034858e+01 2.596301e-01
2.137962e-04 1.963762e+01 5.089334e+00 2.028638e+01 2.591625e-01
2.187762e-04 1.958047e+01 5.066199e+00 2.022526e+01 2.587374e-01
2.238721e-04 1.952410e+01 5.044174e+00 2.016517e+01 2.583563e-01
2.290868e-04 1.946846e+01 5.023271e+00 2.010608e+01 2.580209e-01
2.344229e-04 1.941352e+01 5.003498e+00 2.004794e+01 2.577326e-01
2.398833e-04 1.935923e+01 4.984864e+00 1.999072e+01 2.574928e-01
2.454709e-04 1.930556e+01 4.967377e+00 1.993438e+01 2.573029e-01
2.511886e-04 1.925246e+01 4.951043e+00 1.987888e+01 2.571642e-01
2.570396e-04 1.919989e+01 4.935869e+00 1.982419e+01 2.570779e-01
2.630268e-04 1.914783e+01 4.921860e+00 1.977028e+01 2.570453e-01
2.691535e-04 1.909623e+01 4.909023e+00 1.971711e+01 2.570676e-01
2.754229e-04 1.904507e+01 4.897361e+00 1.966466e+01 2.571460e-01
2.818383e-04 1.899430e+01 4.886882e+00 1.961288e+01 2.572815e-01
2.884032e-04 1.894389e+01 4.877588e+00 1.956174e+01 2.574755e-01
2.951209e-04 1.889382e+01 4.869487e+00 1.951123e+01 2.577291e-01
3.019952e-04 1.884404e+01 4.862582e+00 1.946131e+01 2.580434e-01
3.090295e-04 1.879454e+01 4.856879e+00 1.941195e+01 2.584197e-01
3.162278e-04 1.874527e+01 4.852383e+00 1.936313e+01 2.588591e-01
3.235937e-04 1.869621e+01 4.849101e+00 1.931481e+01 2.593629e-01
3.311311e-04 1.864732e+01 4.847039e+00 1.926697e+01 2.599322e-01
3.388442e-04 1.859857e+01 4.846201e+00 1.921958e+01 2.605685e-01
3.467369e-04 1.854993e+01 4.846595e+00 1.917262e+01 2.612729e-01
3.548134e-04 1.850137e+01 4.848226e+00 1.912606e+01 2.620468e-01
3.630781e-04 1.845286e+01 4.851102e+00 1.907987e+01 2.628916e-01
3.715352e-04 1.840436e+01 4.855229e+00 1.903402e+01 2.638086e-01
3.801894e-04 1.835584e+01 4.860614e+00 1.898848e+01 2.647993e-01
3.890451e-04 1.830727e+01 4.867262e+00 1.894324e+01 2.658650e-01
3.981072e-04 1.825860e+01 4.875181e+00 1.889825e+01 2.670073e-01
4.073803e-04 1.820981e+01 4.884376e+00 1.885350e+01 2.682277e-01
4.168694e-04 1.816086e+01 4.894854e+00 1.880894e+01 2.695276e-01
4.265795e-04 1.811170e+01 4.906619e+00 1.876456e+01 2.709087e-01
4.365158e-04 1.806231e+01 4.919676e+00 1.872032e+01 2.723725e-01
4.466836e-04 1.801263e+01 4.934029e+00 1.867618e+01 2.739205e-01
4.570882e-04 1.796264e+01 4.949683e+00 1.863211e+01 2.755544e-01
4.677351e-04 1.791227e+01 4.966638e+00 1.858809e+01 2.772757e-01
4.786301e-04 1.786151e+01 4.984897e+00 1.854407e+01 2.790860e-01
4.897788e-04 1.781029e+01 5.004460e+00 1.850002e+01 2.809871e-01
5.011872e-04 1.775857e+01 5.025325e+00 1.845591e+01 2.829803e-01
5.128614e-04 1.770631e+01 5.047491e+00 1.841169e+01 2.850674e-01
5.248075e-04 1.765345e+01 5.070953e+00 1.836733e+01 2.872499e-01
5.370318e-04 1.759996e+01 5.095706e+00 1.832279e+01 2.895294e-01
5.495409e-04 1.754577e+01 5.121742e+00 1.827803e+01 2.919075e-01
5.623413e-04 1.749085e+01 5.149053e+00 1.823301e+01 2.943855e-01
5.754399e-04 1.743513e+01 5.177626e+00 1.818768e+01 2.969651e-01
5.888437e-04 1.737857e+01 5.207449e+00 1.814201e+01 2.996476e-01
6.025596e-04 1.732112e+01 5.238505e+00 1.809594e+01 3.024346e-01
6.165950e-04 1.726272e+01 5.270778e+00 1.804945e+01 3.053272e-01
6.309573e-04 1.720331e+01 5.304247e+00 1.800247e+01 3.083270e-01
6.456542e-04 1.714286e+01 5.338888e+00 1.795498e+01 3.114352e-01
6.606934e-04 1.708129e+01 5.374678e+00 1.790692e+01 3.146529e-01
6.760830e-04 1.701856e+01 5.411587e+00 1.785824e+01 3.179814e-01
6.918310e-04 1.695462e+01 5.449585e+00 1.780891e+01 3.214218e-01
7.079458e-04 1.688941e+01 5.488639e+00 1.775887e+01 3.249751e-01
7.244360e-04 1.682289e+01 5.528712e+00 1.770808e+01 3.286423e-01
7.413102e-04 1.675499e+01 5.569766e+00 1.765650e+01 3.324242e-01
7.585776e-04 1.668568e+01 5.611759e+00 1.760408e+01 3.363219e-01
7.762471e-04 1.661489e+01 5.654645e+00 1.755077e+01 3.403360e-01
7.943282e-04 1.654259e+01 5.698378e+00 1.749654e+01 3.444672e-01
8.128305e-04 1.646872e+01 5.742908e+00 1.744132e+01 3.487161e-01
8.317638e-04 1.639324e+01 5.788181e+00 1.738509e+01 3.530833e-01
8.511380e-04 1.631612e+01 5.834140e+00 1.732781e+01 3.575692e-01
8.709636e-04 1.623729e+01 5.880729e+00 1.726941e+01 3.621742e-01
8.912509e-04 1.615674e+01 5.927885e+00 1.720988e+01 3.668986e-01
9.120108e-04 1.607441e+01 5.975545e+00 1.714917e+01 3.717426e-01
9.332543e-04 1.599029e+01 6.023643e+00 1.708723e+01 3.767064e-01
9.549926e-04 1.590432e+01 6.072110e+00 1.702404e+01 3.817899e-01
9.772372e-04 1.581650e+01 6.120876e+00 1.695956e+01 3.869931e-01
1.000000e-03 1.572679e+01 6.169868e+00 1.689376e+01 3.923159e-01
1.023293e-03 1.563516e+01 6.219012e+00 1.682660e+01 3.977581e-01
1.047129e-03 1.554161e+01 6.268230e+00 1.675805e+01 4.033193e-01
1.071519e-03 1.544611e+01 6.317447e+00 1.668809e+01 4.089993e-01
1.096478e-03 1.534865e+01 6.366581e+00 1.661669e+01 4.147974e-01
1.122018e-03 1.524923e+01 6.415553e+00 1.654383e+01 4.207132e-01
1.148154e-03 1.514784e+01 6.464282e+00 1.646949e+01 4.267461e-01
1.174898e-03 1.504448e+01 6.512685e+00 1.639364e+01 4.328953e-01
1.202264e-03 1.493915e+01 6.560680e+00 1.631628e+01 4.391601e-01
1.230269e-03 1.483187e+01 6.608184e+00 1.623738e+01 4.455395e-01
1.258925e-03 1.472264e+01 6.655114e+00 1.615694e+01 4.520328e-01
1.288250e-03 1.461147e+01 6.701388e+00 1.607494e+01 4.586388e-01
1.318257e-03 1.449839e+01 6.746922e+00 1.599139e+01 4.653565e-01
1.348963e-03 1.438343e+01 6.791636e+00 1.590627e+01 4.721848e-01
1.380384e-03 1.426660e+01 6.835447e+00 1.581958e+01 4.791224e-01
1.412538e-03 1.414794e+01 6.878278e+00 1.573134e+01 4.861681e-01
1.445440e-03 1.402749e+01 6.920049e+00 1.564153e+01 4.933205e-01
1.479108e-03 1.390528e+01 6.960682e+00 1.555017e+01 5.005784e-01
1.513561e-03 1.378136e+01 7.000104e+00 1.545727e+01 5.079402e-01
1.548817e-03 1.365576e+01 7.038240e+00 1.536284e+01 5.154043e-01
1.584893e-03 1.352856e+01 7.075020e+00 1.526688e+01 5.229694e-01
1.621810e-03 1.339978e+01 7.110375e+00 1.516943e+01 5.306337e-01
1.659587e-03 1.326950e+01 7.144238e+00 1.507049e+01 5.383955e-01
1.698244e-03 1.313776e+01 7.176545e+00 1.497009e+01 5.462533e-01
1.737801e-03 1.300464e+01 7.207235e+00 1.486825e+01 5.542051e-01
1.778279e-03 1.287019e+01 7.236250e+00 1.476499e+01 5.622491e-01
1.819701e-03 1.273448e+01 7.263535e+00 1.466035e+01 5.703834e-01
1.862087e-03 1.259758e+01 7.289037e+00 1.455435e+01 5.786062e-01
1.905461e-03 1.245956e+01 7.312708e+00 1.444702e+01 5.869153e-01
1.949845e-03 1.232050e+01 7.334501e+00 1.433840e+01 5.953087e-01
1.995262e-03 1.218047e+01 7.354375e+00 1.422852e+01 6.037842e-01
2.041738e-03 1.203954e+01 7.372289e+00 1.411741e+01 6.123397e-01
2.089296e-03 1.189780e+01 7.388208e+00 1.400511e+01 6.209727e-01
2.137962e-03 1.175531e+01 7.402099e+00 1.389167e+01 6.296810e-01
2.187762e-03 1.161217e+01 7.413934e+00 1.377712e+01 6.384621e-01
2.238721e-03 1.146846e+01 7.423686e+00 1.366150e+01 6.473134e-01
2.290868e-03 1.132424e+01 7.431334e+00 1.354486e+01 6.562323e-01
2.344229e-03 1.117962e+01 7.436859e+00 1.342724e+01 6.652160e-01
2.398833e-03 1.103466e+01 7.440245e+00 1.330868e+01 6.742617e-01
2.454709e-03 1.088945e+01 7.441481e+00 1.318923e+01 6.833663e-01
2.511886e-03 1.074407e+01 7.440557e+00 1.306893e+01 6.925267e-01
2.570396e-03 1.059862e+01 7.437469e+00 1.294784e+01 7.017397e-01
2.630268e-03 1.045316e+01 7.432215e+00 1.282600e+01 7.110020e-01
2.691535e-03 1.030778e+01 7.424795e+00 1.270346e+01 7.203099e-01
2.754229e-03 1.016256e+01 7.415215e+00 1.258027e+01 7.296599e-01
2.818383e-03 1.001759e+01 7.403482e+00 1.245647e+01 7.390479e-01
2.884032e-03 9.872949e+00 7.389607e+00 1.233213e+01 7.484702e-01
2.951209e-03 9.728707e+00 7.373605e+00 1.220728e+01 7.579223e-01
3.019952e-03 9.584949e+00 7.355491e+00 1.208199e+01 7.674001e-01
3.090295e-03 9.441752e+00 7.335287e+00 1.195630e+01 7.768989e-01
3.162278e-03 9.299192e+00 7.313015e+00 1.183026e+01 7.864140e-01
3.235937e-03 9.157344e+00 7.288701e+00 1.170394e+01 7.959405e-01
3.311311e-03 9.016283e+00 7.262375e+00 1.157737e+01 8.054733e-01
3.388442e-03 8.876079e+00 7.234068e+00 1.145061e+01 8.150071e-01
3.467369e-03 8.736805e+00 7.203813e+00 1.132372e+01 8.245363e-01
3.548134e-03 8.598529e+00 7.171649e+00 1.119675e+01 8.340554e-01
3.630781e-03 8.461317e+00 7.137615e+00 1.106975e+01 8.435585e-01
3.715352e-03 8.325234e+00 7.101753e+00 1.094278e+01 8.530395e-01
3.801894e-03 8.190343e+00 7.064107e+00 1.081588e+01 8.624922e-01
3.890451e-03 8.056705e+00 7.024724e+00 1.068912e+01 8.719102e-01
3.981072e-03 7.924378e+00 6.983653e+00 1.056254e+01 8.812872e-01
4.073803e-03 7.793418e+00 6.940945e+00 1.043619e+01 8.906163e-01
4.168694e-03 7.663877e+00 6.896652e+00 1.031013e+01 8.998908e-01
4.265795e-03 7.535806e+00 6.850831e+00 1.018441e+01 9.091039e-01
4.365158e-03 7.409254e+00 6.803536e+00 1.005908e+01 9.182485e-01
4.466836e-03 7.284264e+00 6.754827e+00 9.934193e+00 9.273177e-01
4.570882e-03 7.160880e+00 6.704762e+00 9.809793e+00 9.363043e-01
4.677351e-03 7.039139e+00 6.653403e+00 9.685931e+00 9.452012e-01
4.786301e-03 6.919080e+00 6.600811e+00 9.562655e+00 9.540013e-01
4.897788e-03 6.800734e+00 6.547049e+00 9.440012e+00 9.626974e-01
5.011872e-03 6.684132e+00 6.492180e+00 9.318048e+00 9.712825e-01
5.128614e-03 6.569300e+00 6.436269e+00 9.196807e+00 9.797495e-01
5.248075e-03 6.456263e+00 6.379379e+00 9.076332e+00 9.880917e-01
5.370318e-03 6.345041e+00 6.321577e+00 8.956666e+00 9.963021e-01
5.495409e-03 6.235651e+00 6.262926e+00 8.837850e+00 1.004374e+00
5.623413e-03 6.128109e+00 6.203492e+00 8.719922e+00 1.012301e+00
5.754399e-03 6.022425e+00 6.143339e+00 8.602919e+00 1.020077e+00
5.888437e-03 5.918609e+00 6.082531e+00 8.486879e+00 1.027696e+00
6.025596e-03 5.816665e+00 6.021133e+00 8.371835e+00 1.035152e+00
6.165950e-03 5.716596e+00 5.959205e+00 8.257820e+00 1.042440e+00
6.309573e-03 5.618402e+00 5.896812e+00 8.144866e+00 1.049553e+00
6.456542e-03 5.522080e+00 5.834013e+00 8.033000e+00 1.056488e+00
6.606934e-03 5.427625e+00 5.770869e+00 7.922250e+00 1.063240e+00
6.760830e-03 5.335028e+00 5.707438e+00 7.812642e+00 1.069805e+00
6.918310e-03 5.244279e+00 5.643778e+00 7.704200e+00 1.076178e+00
7.079458e-03 5.155366e+00 5.579943e+00 7.596944e+00 1.082357e+00
7.244360e-03 5.068272e+00 5.515989e+00 7.490896e+00 1.088337e+00
7.413102e-03 4.982981e+00 5.451968e+00 7.386072e+00 1.094118e+00
7.585776e-03 4.899475e+00 5.387930e+00 7.282489e+00 1.099695e+00
7.762471e-03 4.817732e+00 5.323924e+00 7.180161e+00 1.105069e+00
7.943282e-03 4.737730e+00 5.259998e+00 7.079100e+00 1.110236e+00
8.128305e-03 4.659445e+00 5.196196e+00 6.979318e+00 1.115196e+00
8.317638e-03 4.582851e+00 5.132563e+00 6.880823e+00 1.119950e+00
8.511380e-03 4.507922e+00 5.069138e+00 6.783622e+00 1.124495e+00
8.709636e-03 4.434630e+00 5.005962e+00 6.687720e+00 1.128834e+00
8.912509e-03 4.362947e+00 4.943071e+00 6.593122e+00 1.132966e+00
9.120108e-03 4.292842e+00 4.880501e+00 6.499829e+00 1.136893e+00
9.332543e-03 4.224284e+00 4.818285e+00 6.407843e+00 1.140616e+00
9.549926e-03 4.157243e+00 4.756455e+00 6.317162e+00 1.144137e+00
9.772372e-03 4.091687e+00 4.695039e+00 6.227784e+00 1.147458e+00
1.000000e-02 4.027584e+00 4.634065e+00 6.139706e+00 1.150582e+00
1.023293e-02 3.964901e+00 4.573558e+00 6.052923e+00 1.153511e+00
1.047129e-02 3.903605e+00 4.513542e+00 5.967428e+00 1.156250e+00
1.071519e-02 3.843663e+00 4.454039e+00 5.883214e+00 1.158800e+00
1.096478e-02 3.785043e+00 4.395068e+00 5.800274e+00 1.161167e+00
1.122018e-02 3.727711e+00 4.336647e+00 5.718596e+00 1.163354e+00
1.148154e-02 3.671635e+00 4.278794e+00 5.638172e+00 1.165365e+00
1.174898e-02 3.616782e+00 4.221522e+00 5.558989e+00 1.167204e+00
1.202264e-02 3.563119e+00 4.164845e+00 5.481036e+00 1.168876e+00
1.230269e-02 3.510614e+00 4.108775e+00 5.404299e+00 1.170386e+00
1.258925e-02 3.459236e+00 4.053322e+00 5.328764e+00 1.171739e+00
1.288250e-02 3.408953e+00 3.998493e+00 5.254418e+00 1.172939e+00
1.318257e-02 3.359735e+00 3.944298e+00 5.181246e+00 1.173991e+00
1.348963e-02 3.311551e+00 3.890742e+00 5.109231e+00 1.174900e+00
1.380384e-02 3.264372e+00 3.837829e+00 5.038358e+00 1.175671e+00
1.412538e-02 3.218169e+00 3.785563e+00 4.968611e+00 1.176310e+00
1.445440e-02 3.172912e+00 3.733948e+00 4.899973e+00 1.176820e+00
1.479108e-02 3.128575e+00 3.682984e+00 4.832427e+00 1.177208e+00
1.513561e-02 3.085130e+00 3.632672e+00 4.765955e+00 1.177477e+00
1.548817e-02 3.042552e+00 3.583011e+00 4.700541e+00 1.177633e+00
1.584893e-02 3.000814e+00 3.534001e+00 4.636167e+00 1.177681e+00
1.621810e-02 2.959892e+00 3.485639e+00 4.572816e+00 1.177624e+00
1.659587e-02 2.919762e+00 3.437923e+00 4.510468e+00 1.177467e+00
1.698244e-02 2.880401e+00 3.390849e+00 4.449108e+00 1.177214e+00
1.737801e-02 2.841786e+00 3.344414e+00 4.388718e+00 1.176870e+00
1.778279e-02 2.803895e+00 3.298612e+00 4.329280e+00 1.176439e+00
1.819701e-02 2.766708e+00 3.253438e+00 4.270777e+00 1.175924e+00
1.862087e-02 2.730205e+00 3.208888e+00 4.213191e+00 1.175329e+00
1.905461e-02 2.694366e+00 3.164955e+00 4.156507e+00 1.174657e+00
1.949845e-02 2.659173e+00 3.121633e+00 4.100707e+00 1.173911e+00
1.995262e-02 2.624608e+00 3.078916e+00 4.045774e+00 1.173096e+00
2.041738e-02 2.590653e+00 3.036797e+00 3.991694e+00 1.172213e+00
2.089296e-02 2.557293e+00 2.995269e+00 3.938449e+00 1.171265e+00
2.137962e-02 2.524511e+00 2.954324e+00 3.886025e+00 1.170256e+00
2.187762e-02 2.492293e+00 2.913956e+00 3.834405e+00 1.169187e+00
2.238721e-02 2.460623e+00 2.874158e+00 3.783576e+00 1.168061e+00
2.290868e-02 2.429489e+00 2.834921e+00 3.733523e+00 1.166880e+00
2.344229e-02 2.398876e+00 2.796239e+00 3.684231e+00 1.165646e+00
2.398833e-02 2.368772e+00 2.758104e+00 3.635687e+00 1.164360e+00
2.454709e-02 2.339165e+00 2.720509e+00 3.587878e+00 1.163026e+00
2.511886e-02 2.310043e+00 2.683447e+00 3.540789e+00 1.161643e+00
2.570396e-02 2.281395e+00 2.646909e+00 3.494409e+00 1.160215e+00
2.630268e-02 2.253210e+00 2.610889e+00 3.448724e+00 1.158742e+00
2.691535e-02 2.225476e+00 2.575380e+00 3.403723e+00 1.157226e+00
2.754229e-02 2.198185e+00 2.540374e+00 3.359393e+00 1.155669e+00
2.818383e-02 2.171327e+00 2.505865e+00 3.315723e+00 1.154071e+00
2.884032e-02 2.144892e+00 2.471845e+00 3.272702e+00 1.152433e+00
2.951209e-02 2.118872e+00 2.438308e+00 3.230319e+00 1.150757e+00
3.019952e-02 2.093257e+00 2.405246e+00 3.188563e+00 1.149045e+00
3.090295e-02 2.068040e+00 2.372654e+00 3.147424e+00 1.147296e+00
3.162278e-02 2.043211e+00 2.340524e+00 3.106890e+00 1.145513e+00
3.235937e-02 2.018764e+00 2.308851e+00 3.066953e+00 1.143695e+00
3.311311e-02 1.994690e+00 2.277627e+00 3.027602e+00 1.141845e+00
3.388442e-02 1.970983e+00 2.246846e+00 2.988828e+00 1.139962e+00
3.467369e-02 1.947635e+00 2.216503e+00 2.950622e+00 1.138049e+00
3.548134e-02 1.924639e+00 2.186591e+00 2.912973e+00 1.136104e+00
3.630781e-02 1.901989e+00 2.157103e+00 2.875875e+00 1.134130e+00
3.715352e-02 1.879677e+00 2.128035e+00 2.839317e+00 1.132128e+00
3.801894e-02 1.857699e+00 2.099379e+00 2.803290e+00 1.130097e+00
3.890451e-02 1.836046e+00 2.071131e+00 2.767788e+00 1.128039e+00
3.981072e-02 1.814715e+00 2.043285e+00 2.732801e+00 1.125953e+00
4.073803e-02 1.793699e+00 2.015834e+00 2.698322e+00 1.123842e+00
4.168694e-02 1.772991e+00 1.988774e+00 2.664342e+00 1.121705e+00
4.265795e-02 1.752588e+00 1.962099e+00 2.630855e+00 1.119543e+00
4.365158e-02 1.732484e+00 1.935803e+00 2.597852e+00 1.117357e+00
4.466836e-02 1.712673e+00 1.909882e+00 2.565326e+00 1.115147e+00
4.570882e-02 1.693151e+00 1.884330e+00 2.533271e+00 1.112913e+00
4.677351e-02 1.673914e+00 1.859142e+00 2.501679e+00 1.110656e+00
4.786301e-02 1.654956e+00 1.834314e+00 2.470544e+00 1.108377e+00
4.897788e-02 1.636273e+00 1.809840e+00 2.439858e+00 1.106075e+00
5.011872e-02 1.617860e+00 1.785716e+00 2.409617e+00 1.103752e+00
5.128614e-02 1.599714e+00 1.761937e+00 2.379812e+00 1.101407e+00
5.248075e-02 1.581831e+00 1.738499e+00 2.350440e+00 1.099042e+00
5.370318e-02 1.564206e+00 1.715397e+00 2.321492e+00 1.096657e+00
5.495409e-02 1.546836e+00 1.692627e+00 2.292965e+00 1.094252e+00
5.623413e-02 1.529716e+00 1.670186e+00 2.264852e+00 1.091828e+00
5.754399e-02 1.512843e+00 1.648069e+00 2.237147e+00 1.089385e+00
5.888437e-02 1.496214e+00 1.626273e+00 2.209846e+00 1.086925e+00
6.025596e-02 1.479825e+00 1.604793e+00 2.182943e+00 1.084448e+00
6.165950e-02 1.463672e+00 1.583626e+00 2.156434e+00 1.081955e+00
6.309573e-02 1.447751e+00 1.562770e+00 2.130313e+00 1.079446e+00
6.456542e-02 1.432060e+00 1.542219e+00 2.104575e+00 1.076924e+00
6.606934e-02 1.416594e+00 1.521973e+00 2.079216e+00 1.074389e+00
6.760830e-02 1.401350e+00 1.502026e+00 2.054231e+00 1.071842e+00
6.918310e-02 1.386325e+00 1.482376e+00 2.029615e+00 1.069285e+00
7.079458e-02 1.371515e+00 1.463021e+00 2.005364e+00 1.066719e+00
7.244360e-02 1.356917e+00 1.443958e+00 1.981473e+00 1.064146e+00
7.413102e-02 1.342527e+00 1.425183e+00 1.957939e+00 1.061567e+00
7.585776e-02 1.328341e+00 1.406694e+00 1.934755e+00 1.058985e+00
7.762471e-02 1.314356e+00 1.388488e+00 1.911918e+00 1.056402e+00
7.943282e-02 1.300569e+00 1.370564e+00 1.889424e+00 1.053819e+00
8.128305e-02 1.286974e+00 1.352917e+00 1.867268e+00 1.051239e+00
8.317638e-02 1.273570e+00 1.335547e+00 1.845445e+00 1.048664e+00
8.511380e-02 1.260352e+00 1.318450e+00 1.823951e+00 1.046096e+00
8.709636e-02 1.247316e+00 1.301623e+00 1.802781e+00 1.043539e+00
8.912509e-02 1.234459e+00 1.285065e+00 1.781932e+00 1.040995e+00
9.120108e-02 1.221776e+00 1.268773e+00 1.761397e+00 1.038467e+00
9.332543e-02 1.209263e+00 1.252744e+00 1.741174e+00 1.035957e+00
9.549926e-02 1.196918e+00 1.236976e+00 1.721256e+00 1.033468e+00
9.772372e-02 1.184735e+00 1.221466e+00 1.701640e+00 1.031004e+00
1.000000e-01 1.172711e+00 1.206212e+00 1.682319e+00 1.028567e+00
1.023293e-01 1.160842e+00 1.191211e+00 1.663291e+00 1.026161e+00
1.047129e-01 1.149124e+00 1.176460e+00 1.644549e+00 1.023789e+00
1.071519e-01 1.137553e+00 1.161956e+00 1.626090e+00 1.021453e+00
1.096478e-01 1.126124e+00 1.147697e+00 1.607907e+00 1.019156e+00
1.122018e-01 1.114835e+00 1.133679e+00 1.589996e+00 1.016903e+00
1.148154e-01 1.103682e+00 1.119901e+00 1.572352e+00 1.014696e+00
1.174898e-01 1.092659e+00 1.106358e+00 1.554970e+00 1.012537e+00
1.202264e-01 1.081764e+00 1.093048e+00 1.537845e+00 1.010431e+00
1.230269e-01 1.070993e+00 1.079967e+00 1.520972e+00 1.008379e+00
1.258925e-01 1.060342e+00 1.067113e+00 1.504345e+00 1.006386e+00
1.288250e-01 1.049807e+00 1.054482e+00 1.487961e+00 1.004453e+00
1.318257e-01 1.039386e+00 1.042070e+00 1.471813e+00 1.002583e+00
1.348963e-01 1.029073e+00 1.029875e+00 1.455896e+00 1.000779e+00
1.380384e-01 1.018867e+00 1.017893e+00 1.440207e+00 9.990442e-01
1.412538e-01 1.008763e+00 1.006121e+00 1.424739e+00 9.973803e-01
1.445440e-01 9.987591e-01 9.945541e-01 1.409488e+00 9.957898e-01
1.479108e-01 9.888513e-01 9.831902e-01 1.394450e+00 9.942751e-01
1.513561e-01 9.790368e-01 9.720252e-01 1.379618e+00 9.928382e-01
1.548817e-01 9.693128e-01 9.610555e-01 1.364989e+00 9.914814e-01
1.584893e-01 9.596764e-01 9.502777e-01 1.350558e+00 9.902064e-01
1.621810e-01 9.501249e-01 9.396880e-01 1.336320e+00 9.890152e-01
1.659587e-01 9.406558e-01 9.292829e-01 1.322271e+00 9.879096e-01
1.698244e-01 9.312665e-01 9.190587e-01 1.308406e+00 9.868912e-01
1.737801e-01 9.219547e-01 9.090118e-01 1.294721e+00 9.859615e-01
1.778279e-01 9.127182e-01 8.991387e-01 1.281212e+00 9.851219e-01
1.819701e-01 9.035548e-01 8.894358e-01 1.267875e+00 9.843740e-01
1.862087e-01 8.944625e-01 8.798995e-01 1.254706e+00 9.837188e-01
1.905461e-01 8.854392e-01 8.705264e-01 1.241700e+00 9.831577e-01
1.949845e-01 8.764833e-01 8.613129e-01 1.228854e+00 9.826918e-01
1.995262e-01 8.675930e-01 8.522557e-01 1.216165e+00 9.823220e-01
2.041738e-01 8.587666e-01 8.433513e-01 1.203628e+00 9.820495e-01
2.089296e-01 8.500026e-01 8.345965e-01 1.191241e+00 9.818752e-01
2.137962e-01 8.412996e-01 8.259879e-01 1.179000e+00 9.817999e-01
2.187762e-01 8.326561e-01 8.175223e-01 1.166901e+00 9.818246e-01
2.238721e-01 8.240710e-01 8.091966e-01 1.154942e+00 9.819501e-01
2.290868e-01 8.155429e-01 8.010077e-01 1.143120e+00 9.821772e-01
2.344229e-01 8.070709e-01 7.929525e-01 1.131431e+00 9.825067e-01
2.398833e-01 7.986536e-01 7.850282e-01 1.119874e+00 9.829395e-01
2.454709e-01 7.902903e-01 7.772318e-01 1.108444e+00 9.834764e-01
2.511886e-01 7.819798e-01 7.695606e-01 1.097140e+00 9.841182e-01
2.570396e-01 7.737214e-01 7.620117e-01 1.085959e+00 9.848658e-01
2.630268e-01 7.655140e-01 7.545826e-01 1.074898e+00 9.857202e-01
2.691535e-01 7.573570e-01 7.472707e-01 1.063956e+00 9.866822e-01
2.754229e-01 7.492494e-01 7.400733e-01 1.053130e+00 9.877529e-01
2.818383e-01 7.411906e-01 7.329881e-01 1.042418e+00 9.889334e-01
2.884032e-01 7.331797e-01 7.260127e-01 1.031817e+00 9.902248e-01
2.951209e-01 7.252161e-01 7.191448e-01 1.021326e+00 9.916282e-01
3.019952e-01 7.172990e-01 7.123820e-01 1.010943e+00 9.931451e-01
3.090295e-01 7.094278e-01 7.057223e-01 1.000666e+00 9.947768e-01
3.162278e-01 7.016018e-01 6.991635e-01 9.904922e-01 9.965247e-01
3.235937e-01 6.938202e-01 6.927035e-01 9.804207e-01 9.983905e-01
3.311311e-01 6.860824e-01 6.863403e-01 9.704494e-01 1.000376e+00
3.388442e-01 6.783878e-01 6.800719e-01 9.605768e-01 1.002483e+00
3.467369e-01 6.707355e-01 6.738963e-01 9.508009e-01 1.004712e+00
3.548134e-01 6.631249e-01 6.678117e-01 9.411202e-01 1.007068e+00
3.630781e-01 6.555554e-01 6.618162e-01 9.315329e-01 1.009550e+00
3.715352e-01 6.480262e-01 6.559080e-01 9.220375e-01 1.012163e+00
3.801894e-01 6.405365e-01 6.500852e-01 9.126323e-01 1.014907e+00
3.890451e-01 6.330857e-01 6.443461e-01 9.033158e-01 1.017787e+00
3.981072e-01 6.256731e-01 6.386889e-01 8.940863e-01 1.020803e+00
4.073803e-01 6.182978e-01 6.331119e-01 8.849423e-01 1.023960e+00
4.168694e-01 6.109591e-01 6.276134e-01 8.758822e-01 1.027259e+00
4.265795e-01 6.036563e-01 6.221915e-01 8.669044e-01 1.030705e+00
4.365158e-01 5.963886e-01 6.168447e-01 8.580074e-01 1.034300e+00
4.466836e-01 5.891552e-01 6.115711e-01 8.491897e-01 1.038047e+00
4.570882e-01 5.819554e-01 6.063690e-01 8.404496e-01 1.041951e+00
4.677351e-01 5.747884e-01 6.012368e-01 8.317857e-01 1.046014e+00
4.786301e-01 5.676534e-01 5.961727e-01 8.231964e-01 1.050241e+00
4.897788e-01 5.605497e-01 5.911749e-01 8.146801e-01 1.054634e+00
5.011872e-01 5.534765e-01 5.862417e-01 8.062354e-01 1.059199e+00
5.128614e-01 5.464331e-01 5.813713e-01 7.978607e-01 1.063939e+00
5.248075e-01 5.394187e-01 5.765619e-01 7.895544e-01 1.068858e+00
5.370318e-01 5.324327e-01 5.718118e-01 7.813151e-01 1.073961e+00
5.495409e-01 5.254743e-01 5.671191e-01 7.731412e-01 1.079252e+00
5.623413e-01 5.185429e-01 5.624819e-01 7.650312e-01 1.084736e+00
5.754399e-01 5.116378e-01 5.578986e-01 7.569835e-01 1.090417e+00
5.888437e-01 5.047585e-01 5.533670e-01 7.489968e-01 1.096301e+00
6.025596e-01 4.979043e-01 5.488855e-01 7.410695e-01 1.102392e+00
6.165950e-01 4.910747e-01 5.444520e-01 7.332001e-01 1.108695e+00
6.309573e-01 4.842692e-01 5.400647e-01 7.253872e-01 1.115216e+00
6.456542e-01 4.774873e-01 5.357216e-01 7.176293e-01 1.121960e+00
6.606934e-01 4.707287e-01 5.314208e-01 7.099250e-01 1.128932e+00
6.760830e-01 4.639928e-01 5.271603e-01 7.022729e-01 1.136139e+00
6.918310e-01 4.572795e-01 5.229380e-01 6.946717e-01 1.143585e+00
7.079458e-01 4.505885e-01 5.187521e-01 6.871199e-01 1.151277e+00
7.244360e-01 4.439195e-01 5.146006e-01 6.796162e-01 1.159221e+00
7.413102e-01 4.372723e-01 5.104813e-01 6.721594e-01 1.167422e+00
7.585776e-01 4.306470e-01 5.063924e-01 6.647481e-01 1.175888e+00
7.762471e-01 4.240434e-01 5.023318e-01 6.573812e-01 1.184624e+00
7.943282e-01 4.174616e-01 4.982974e-01 6.500573e-01 1.193637e+00
8.128305e-01 4.109017e-01 4.942874e-01 6.427754e-01 1.202933e+00
8.317638e-01 4.043639e-01 4.902996e-01 6.355343e-01 1.212521e+00
8.511380e-01 3.978484e-01 4.863322e-01 6.283330e-01 1.222406e+00
8.709636e-01 3.913555e-01 4.823831e-01 6.211703e-01 1.232596e+00
8.912509e-01 3.848856e-01 4.784504e-01 6.140454e-01 1.243098e+00
9.120108e-01 3.784392e-01 4.745321e-01 6.069571e-01 1.253919e+00
9.332543e-01 3.720168e-01 4.706264e-01 5.999048e-01 1.265068e+00
9.549926e-01 3.656190e-01 4.667314e-01 5.928874e-01 1.276551e+00
9.772372e-01 3.592465e-01 4.628451e-01 5.859042e-01 1.288378e+00
1.000000e+00 3.529001e-01 4.589660e-01 5.789544e-01 1.300555e+00
1.023293e+00 3.465805e-01 4.550920e-01 5.720374e-01 1.313092e+00
1.047129e+00 3.402888e-01 4.512217e-01 5.651526e-01 1.325996e+00
1.071519e+00 3.340258e-01 4.473532e-01 5.582993e-01 1.339277e+00
1.096478e+00 3.277927e-01 4.434851e-01 5.514772e-01 1.352944e+00
1.122018e+00 3.215905e-01 4.396157e-01 5.446856e-01 1.367005e+00
1.148154e+00 3.154204e-01 4.357435e-01 5.379242e-01 1.381469e+00
1.174898e+00 3.092838e-01 4.318673e-01 5.311928e-01 1.396346e+00
1.202264e+00 3.031818e-01 4.279856e-01 5.244911e-01 1.411647e+00
1.230269e+00 2.971160e-01 4.240972e-01 5.178188e-01 1.427379e+00
1.258925e+00 2.910876e-01 4.202008e-01 5.111758e-01 1.443555e+00
1.288250e+00 2.850982e-01 4.162956e-01 5.045622e-01 1.460183e+00
1.318257e+00 2.791493e-01 4.123803e-01 4.979778e-01 1.477275e+00
1.348963e+00 2.732425e-01 4.084542e-01 4.914228e-01 1.494841e+00
1.380384e+00 2.673794e-01 4.045164e-01 4.848972e-01 1.512893e+00
1.412538e+00 2.615616e-01 4.005663e-01 4.784013e-01 1.531441e+00
1.445440e+00 2.557908e-01 3.966031e-01 4.719354e-01 1.550498e+00
1.479108e+00 2.500687e-01 3.926265e-01 4.654996e-01 1.570075e+00
1.513561e+00 2.443969e-01 3.886360e-01 4.590945e-01 1.590184e+00
1.548817e+00 2.387771e-01 3.846312e-01 4.527203e-01 1.610838e+00
1.584893e+00 2.332112e-01 3.806121e-01 4.463777e-01 1.632049e+00
1.621810e+00 2.277008e-01 3.765786e-01 4.400671e-01 1.653831e+00
1.659587e+00 2.222476e-01 3.725306e-01 4.337891e-01 1.676197e+00
1.698244e+00 2.168532e-01 3.684683e-01 4.275444e-01 1.699160e+00
1.737801e+00 2.115194e-01 3.643919e-01 4.213335e-01 1.722735e+00
1.778279e+00 2.062478e-01 3.603019e-01 4.151573e-01 1.746937e+00
1.819701e+00 2.010400e-01 3.561985e-01 4.090164e-01 1.771779e+00
1.862087e+00 1.958975e-01 3.520824e-01 4.029117e-01 1.797278e+00
1.905461e+00 1.908219e-01 3.479541e-01 3.968439e-01 1.823449e+00
1.949845e+00 1.858147e-01 3.438145e-01 3.908139e-01 1.850308e+00
1.995262e+00 1.808773e-01 3.396644e-01 3.848226e-01 1.877872e+00
2.041738e+00 1.760109e-01 3.355045e-01 3.788709e-01 1.906157e+00
2.089296e+00 1.712170e-01 3.313360e-01 3.729595e-01 1.935181e+00
2.137962e+00 1.664968e-01 3.271599e-01 3.670896e-01 1.964962e+00
2.187762e+00 1.618513e-01 3.229772e-01 3.612619e-01 1.995519e+00
2.238721e+00 1.572817e-01 3.187894e-01 3.554774e-01 2.026869e+00
2.290868e+00 1.527889e-01 3.145975e-01 3.497371e-01 2.059033e+00
2.344229e+00 1.483740e-01 3.104029e-01 3.440418e-01 2.092030e+00
2.398833e+00 1.440376e-01 3.062070e-01 3.383926e-01 2.125882e+00
2.454709e+00 1.397806e-01 3.020112e-01 3.327903e-01 2.160609e+00
2.511886e+00 1.356036e-01 2.978170e-01 3.272358e-01 2.196232e+00
2.570396e+00 1.315072e-01 2.936258e-01 3.217301e-01 2.232774e+00
2.630268e+00 1.274918e-01 2.894393e-01 3.162741e-01 2.270258e+00
2.691535e+00 1.235579e-01 2.852589e-01 3.108685e-01 2.308707e+00
2.754229e+00 1.197057e-01 2.810863e-01 3.055142e-01 2.348145e+00
2.818383e+00 1.159354e-01 2.769229e-01 3.002121e-01 2.388598e+00
2.884032e+00 1.122471e-01 2.727705e-01 2.949630e-01 2.430089e+00
2.951209e+00 1.086410e-01 2.686306e-01 2.897676e-01 2.472646e+00
3.019952e+00 1.051168e-01 2.645047e-01 2.846266e-01 2.516294e+00
3.090295e+00 1.016745e-01 2.603946e-01 2.795408e-01 2.561061e+00
3.162278e+00 9.831380e-02 2.563017e-01 2.745108e-01 2.606976e+00
3.235937e+00 9.503442e-02 2.522277e-01 2.695373e-01 2.654067e+00
3.311311e+00 9.183596e-02 2.481740e-01 2.646208e-01 2.702362e+00
3.388442e+00 8.871793e-02 2.441423e-01 2.597620e-01 2.751893e+00
3.467369e+00 8.567978e-02 2.401339e-01 2.549614e-01 2.802691e+00
3.548134e+00 8.272089e-02 2.361504e-01 2.502194e-01 2.854786e+00
3.630781e+00 7.984056e-02 2.321932e-01 2.455365e-01 2.908211e+00
3.715352e+00 7.703804e-02 2.282636e-01 2.409131e-01 2.962999e+00
3.801894e+00 7.431250e-02 2.243631e-01 2.363496e-01 3.019184e+00
3.890451e+00 7.166305e-02 2.204929e-01 2.318463e-01 3.076800e+00
3.981072e+00 6.908875e-02 2.166543e-01 2.274034e-01 3.135883e+00
4.073803e+00 6.658861e-02 2.128485e-01 2.230213e-01 3.196469e+00
4.168694e+00 6.416158e-02 2.090766e-01 2.187001e-01 3.258595e+00
4.265795e+00 6.180656e-02 2.053399e-01 2.144400e-01 3.322299e+00
4.365158e+00 5.952242e-02 2.016393e-01 2.102411e-01 3.387619e+00
4.466836e+00 5.730798e-02 1.979758e-01 2.061034e-01 3.454594e+00
4.570882e+00 5.516203e-02 1.943505e-01 2.020271e-01 3.523265e+00
4.677351e+00 5.308332e-02 1.907641e-01 1.980121e-01 3.593673e+00
4.786301e+00 5.107059e-02 1.872176e-01 1.940583e-01 3.665860e+00
4.897788e+00 4.912252e-02 1.837117e-01 1.901658e-01 3.739868e+00
5.011872e+00 4.723779e-02 1.802472e-01 1.863343e-01 3.815742e+00
5.128614e+00 4.541507e-02 1.768248e-01 1.825637e-01 3.893526e+00
5.248075e+00 4.365298e-02 1.734449e-01 1.788539e-01 3.973266e+00
5.370318e+00 4.195017e-02 1.701083e-01 1.752046e-01 4.055008e+00
5.495409e+00 4.030525e-02 1.668153e-01 1.716155e-01 4.138800e+00
5.623413e+00 3.871682e-02 1.635666e-01 1.680863e-01 4.224690e+00
5.754399e+00 3.718350e-02 1.603623e-01 1.646168e-01 4.312728e+00
5.888437e+00 3.570390e-02 1.572030e-01 1.612065e-01 4.402964e+00
6.025596e+00 3.427661e-02 1.540888e-01 1.578552e-01 4.495451e+00
6.165950e+00 3.290025e-02 1.510201e-01 1.545622e-01 4.590241e+00
6.309573e+00 3.157344e-02 1.479969e-01 1.513274e-01 4.687387e+00
6.456542e+00 3.029480e-02 1.450195e-01 1.481501e-01 4.786945e+00
6.606934e+00 2.906296e-02 1.420880e-01 1.450298e-01 4.888971e+00
6.760830e+00 2.787657e-02 1.392023e-01 1.419661e-01 4.993523e+00
6.918310e+00 2.673430e-02 1.363625e-01 1.389585e-01 5.100658e+00
7.079458e+00 2.563482e-02 1.335686e-01 1.360063e-01 5.210437e+00
7.244360e+00 2.457682e-02 1.308205e-01 1.331090e-01 5.322922e+00
7.413102e+00 2.355901e-02 1.281180e-01 1.302661e-01 5.438174e+00
7.585776e+00 2.258013e-02 1.254610e-01 1.274768e-01 5.556257e+00
7.762471e+00 2.163894e-02 1.228494e-01 1.247406e-01 5.677236e+00
7.943282e+00 2.073421e-02 1.202828e-01 1.220568e-01 5.801179e+00
8.128305e+00 1.986473e-02 1.177611e-01 1.194249e-01 5.928153e+00
8.317638e+00 1.902933e-02 1.152840e-01 1.168440e-01 6.058229e+00
8.511380e+00 1.822686e-02 1.128512e-01 1.143136e-01 6.191476e+00
8.709636e+00 1.745619e-02 1.104622e-01 1.118330e-01 6.327969e+00
8.912509e+00 1.671622e-02 1.081168e-01 1.094015e-01 6.467781e+00
9.120108e+00 1.600587e-02 1.058146e-01 1.070184e-01 6.610988e+00
9.332543e+00 1.532410e-02 1.035552e-01 1.046829e-01 6.757669e+00
9.549926e+00 1.466989e-02 1.013381e-01 1.023945e-01 6.907902e+00
9.772372e+00 1.404222e-02 9.916296e-02 1.001523e-01 7.061770e+00
1.000000e+01 1.344015e-02 9.702923e-02 9.795565e-02 7.219355e+00
