1.000000e-06 4.564289e+01 4.259408e-01 4.564487e+01 9.332030e-03
1.023293e-06 4.564257e+01 4.358566e-01 4.564465e+01 9.549344e-03
1.047129e-06 4.564223e+01 4.460030e-01 4.564441e+01 9.771717e-03
1.071519e-06 4.564188e+01 4.563852e-01 4.564416e+01 9.999264e-03
1.096478e-06 4.564152e+01 4.670089e-01 4.564391e+01 1.023211e-02
1.122018e-06 4.564113e+01 4.778795e-01 4.564363e+01 1.047037e-02
1.148154e-06 4.564073e+01 4.890028e-01 4.564335e+01 1.071418e-02
1.174898e-06 4.564031e+01 5.003846e-01 4.564305e+01 1.096366e-02
1.202264e-06 4.563987e+01 5.120309e-01 4.564274e+01 1.121894e-02
1.230269e-06 4.563941e+01 5.239479e-01 4.564241e+01 1.148016e-02
1.258925e-06 4.563892e+01 5.361417e-01 4.564207e+01 1.174747e-02
1.288250e-06 4.563842e+01 5.486188e-01 4.564172e+01 1.202099e-02
1.318257e-06 4.563789e+01 5.613858e-01 4.564134e+01 1.230087e-02
1.348963e-06 4.563733e+01 5.744492e-01 4.564095e+01 1.258727e-02
1.380384e-06 4.563675e+01 5.878161e-01 4.564054e+01 1.288032e-02
1.412538e-06 4.563614e+01 6.014933e-01 4.564011e+01 1.318019e-02
1.445440e-06 4.563551e+01 6.154880e-01 4.563966e+01 1.348704e-02
1.479108e-06 4.563484e+01 6.298075e-01 4.563919e+01 1.380102e-02
1.513561e-06 4.563414e+01 6.444594e-01 4.563869e+01 1.412231e-02
1.548817e-06 4.563341e+01 6.594513e-01 4.563818e+01 1.445106e-02
1.584893e-06 4.563265e+01 6.747910e-01 4.563764e+01 1.478746e-02
1.621810e-06 4.563184e+01 6.904865e-01 4.563707e+01 1.513168e-02
1.659587e-06 4.563101e+01 7.065460e-01 4.563648e+01 1.548390e-02
1.698244e-06 4.563013e+01 7.229779e-01 4.563585e+01 1.584431e-02
1.737801e-06 4.562921e+01 7.397907e-01 4.563520e+01 1.621309e-02
1.778279e-06 4.562824e+01 7.569931e-01 4.563452e+01 1.659045e-02
1.819701e-06 4.562724e+01 7.745941e-01 4.563381e+01 1.697657e-02
1.862087e-06 4.562618e+01 7.926028e-01 4.563306e+01 1.737167e-02
1.905461e-06 4.562507e+01 8.110286e-01 4.563228e+01 1.777594e-02
1.949845e-06 4.562392e+01 8.298810e-01 4.563146e+01 1.818961e-02
1.995262e-06 4.562270e+01 8.491698e-01 4.563061e+01 1.861288e-02
2.041738e-06 4.562143e+01 8.689048e-01 4.562971e+01 1.904598e-02
2.089296e-06 4.562011e+01 8.890964e-01 4.562877e+01 1.948913e-02
2.137962e-06 4.561872e+01 9.097549e-01 4.562779e+01 1.994258e-02
2.187762e-06 4.561726e+01 9.308909e-01 4.562676e+01 2.040655e-02
2.238721e-06 4.561573e+01 9.525153e-01 4.562568e+01 2.088129e-02
2.290868e-06 4.561414e+01 9.746392e-01 4.562455e+01 2.136704e-02
2.344229e-06 4.561247e+01 9.972740e-01 4.562337e+01 2.186407e-02
2.398833e-06 4.561072e+01 1.020431e+00 4.562213e+01 2.237262e-02
2.454709e-06 4.560888e+01 1.044123e+00 4.562083e+01 2.289296e-02
2.511886e-06 4.560696e+01 1.068360e+00 4.561948e+01 2.342537e-02
2.570396e-06 4.560496e+01 1.093157e+00 4.561806e+01 2.397013e-02
2.630268e-06 4.560285e+01 1.118524e+00 4.561657e+01 2.452750e-02
2.691535e-06 4.560065e+01 1.144476e+00 4.561501e+01 2.509780e-02
2.754229e-06 4.559835e+01 1.171025e+00 4.561338e+01 2.568130e-02
2.818383e-06 4.559593e+01 1.198184e+00 4.561168e+01 2.627831e-02
2.884032e-06 4.559341e+01 1.225968e+00 4.560989e+01 2.688915e-02
2.951209e-06 4.559076e+01 1.254390e+00 4.560802e+01 2.751413e-02
3.019952e-06 4.558800e+01 1.283465e+00 4.560606e+01 2.815356e-02
3.090295e-06 4.558510e+01 1.313206e+00 4.560401e+01 2.880779e-02
3.162278e-06 4.558206e+01 1.343629e+00 4.560186e+01 2.947715e-02
3.235937e-06 4.557889e+01 1.374749e+00 4.559962e+01 3.016198e-02
3.311311e-06 4.557556e+01 1.406582e+00 4.559726e+01 3.086263e-02
3.388442e-06 4.557208e+01 1.439142e+00 4.559480e+01 3.157947e-02
3.467369e-06 4.556844e+01 1.472446e+00 4.559222e+01 3.231285e-02
3.548134e-06 4.556463e+01 1.506511e+00 4.558953e+01 3.306317e-02
3.630781e-06 4.556064e+01 1.541352e+00 4.558670e+01 3.383079e-02
3.715352e-06 4.555646e+01 1.576988e+00 4.558374e+01 3.461612e-02
3.801894e-06 4.555208e+01 1.613434e+00 4.558065e+01 3.541954e-02
3.890451e-06 4.554751e+01 1.650709e+00 4.557741e+01 3.624148e-02
3.981072e-06 4.554271e+01 1.688830e+00 4.557402e+01 3.708234e-02
4.073803e-06 4.553770e+01 1.727816e+00 4.557047e+01 3.794254e-02
4.168694e-06 4.553245e+01 1.767685e+00 4.556675e+01 3.882254e-02
4.265795e-06 4.552696e+01 1.808456e+00 4.556286e+01 3.972276e-02
4.365158e-06 4.552121e+01 1.850148e+00 4.555879e+01 4.064365e-02
4.466836e-06 4.551519e+01 1.892780e+00 4.555453e+01 4.158569e-02
4.570882e-06 4.550889e+01 1.936373e+00 4.555007e+01 4.254934e-02
4.677351e-06 4.550230e+01 1.980946e+00 4.554540e+01 4.353508e-02
4.786301e-06 4.549540e+01 2.026519e+00 4.554051e+01 4.454339e-02
4.897788e-06 4.548818e+01 2.073114e+00 4.553540e+01 4.557479e-02
5.011872e-06 4.548063e+01 2.120751e+00 4.553005e+01 4.662977e-02
5.128614e-06 4.547273e+01 2.169452e+00 4.552445e+01 4.770885e-02
5.248075e-06 4.546446e+01 2.219237e+00 4.551859e+01 4.881257e-02
5.370318e-06 4.545580e+01 2.270129e+00 4.551245e+01 4.994146e-02
5.495409e-06 4.544675e+01 2.322150e+00 4.550604e+01 5.109607e-02
5.623413e-06 4.543728e+01 2.375323e+00 4.549932e+01 5.227696e-02
5.754399e-06 4.542736e+01 2.429669e+00 4.549229e+01 5.348469e-02
5.888437e-06 4.541700e+01 2.485211e+00 4.548494e+01 5.471985e-02
6.025596e-06 4.540615e+01 2.541974e+00 4.547725e+01 5.598303e-02
6.165950e-06 4.539480e+01 2.599979e+00 4.546920e+01 5.727481e-02
6.309573e-06 4.538293e+01 2.659250e+00 4.546078e+01 5.859582e-02
6.456542e-06 4.537052e+01 2.719812e+00 4.545197e+01 5.994668e-02
6.606934e-06 4.535753e+01 2.781687e+00 4.544275e+01 6.132800e-02
6.760830e-06 4.534395e+01 2.844900e+00 4.543311e+01 6.274044e-02
6.918310e-06 4.532975e+01 2.909474e+00 4.542303e+01 6.418464e-02
7.079458e-06 4.531490e+01 2.975433e+00 4.541248e+01 6.566126e-02
7.244360e-06 4.529937e+01 3.042802e+00 4.540145e+01 6.717097e-02
7.413102e-06 4.528313e+01 3.111605e+00 4.538991e+01 6.871446e-02
7.585776e-06 4.526615e+01 3.181866e+00 4.537784e+01 7.029240e-02
7.762471e-06 4.524839e+01 3.253608e+00 4.536522e+01 7.190550e-02
7.943282e-06 4.522984e+01 3.326857e+00 4.535202e+01 7.355447e-02
8.128305e-06 4.521044e+01 3.401634e+00 4.533823e+01 7.524002e-02
8.317638e-06 4.519016e+01 3.477964e+00 4.532380e+01 7.696287e-02
8.511380e-06 4.516897e+01 3.555871e+00 4.530871e+01 7.872377e-02
8.709636e-06 4.514682e+01 3.635377e+00 4.529295e+01 8.052344e-02
8.912509e-06 4.512367e+01 3.716505e+00 4.527646e+01 8.236264e-02
9.120108e-06 4.509949e+01 3.799276e+00 4.525924e+01 8.424212e-02
9.332543e-06 4.507422e+01 3.883714e+00 4.524123e+01 8.616264e-02
9.549926e-06 4.504783e+01 3.969839e+00 4.522241e+01 8.812497e-02
9.772372e-06 4.502026e+01 4.057671e+00 4.520275e+01 9.012989e-02
1.000000e-05 4.499146e+01 4.147230e+00 4.518220e+01 9.217816e-02
1.023293e-05 4.496139e+01 4.238535e+00 4.516073e+01 9.427056e-02
1.047129e-05 4.492999e+01 4.331605e+00 4.513831e+01 9.640788e-02
1.071519e-05 4.489720e+01 4.426456e+00 4.511488e+01 9.859091e-02
1.096478e-05 4.486298e+01 4.523104e+00 4.509041e+01 1.008204e-01
1.122018e-05 4.482726e+01 4.621565e+00 4.506486e+01 1.030972e-01
1.148154e-05 4.478998e+01 4.721851e+00 4.503819e+01 1.054220e-01
1.174898e-05 4.475108e+01 4.823974e+00 4.501033e+01 1.077957e-01
1.202264e-05 4.471050e+01 4.927946e+00 4.498125e+01 1.102190e-01
1.230269e-05 4.466816e+01 5.033774e+00 4.495090e+01 1.126927e-01
1.258925e-05 4.462401e+01 5.141466e+00 4.491923e+01 1.152175e-01
1.288250e-05 4.457797e+01 5.251026e+00 4.488618e+01 1.177942e-01
1.318257e-05 4.452997e+01 5.362457e+00 4.485170e+01 1.204235e-01
1.348963e-05 4.447994e+01 5.475760e+00 4.481573e+01 1.231063e-01
1.380384e-05 4.442780e+01 5.590932e+00 4.477821e+01 1.258431e-01
1.412538e-05 4.437348e+01 5.707970e+00 4.473909e+01 1.286347e-01
1.445440e-05 4.431689e+01 5.826865e+00 4.469831e+01 1.314818e-01
1.479108e-05 4.425795e+01 5.947607e+00 4.465580e+01 1.343850e-01
1.513561e-05 4.419659e+01 6.070183e+00 4.461150e+01 1.373451e-01
1.548817e-05 4.413271e+01 6.194576e+00 4.456534e+01 1.403625e-01
1.584893e-05 4.406624e+01 6.320766e+00 4.451725e+01 1.434378e-01
1.621810e-05 4.399708e+01 6.448727e+00 4.446717e+01 1.465717e-01
1.659587e-05 4.392515e+01 6.578433e+00 4.441503e+01 1.497646e-01
1.698244e-05 4.385035e+01 6.709850e+00 4.436074e+01 1.530170e-01
1.737801e-05 4.377261e+01 6.842943e+00 4.430425e+01 1.563293e-01
1.778279e-05 4.369181e+01 6.977670e+00 4.424548e+01 1.597020e-01
1.819701e-05 4.360788e+01 7.113986e+00 4.418435e+01 1.631353e-01
1.862087e-05 4.352073e+01 7.251840e+00 4.412078e+01 1.666296e-01
1.905461e-05 4.343025e+01 7.391176e+00 4.405469e+01 1.701850e-01
1.949845e-05 4.333636e+01 7.531933e+00 4.398602e+01 1.738017e-01
1.995262e-05 4.323896e+01 7.674045e+00 4.391468e+01 1.774798e-01
2.041738e-05 4.313797e+01 7.817439e+00 4.384059e+01 1.812194e-01
2.089296e-05 4.303330e+01 7.962038e+00 4.376367e+01 1.850204e-01
2.137962e-05 4.292484e+01 8.107759e+00 4.368384e+01 1.888827e-01
2.187762e-05 4.281253e+01 8.254511e+00 4.360103e+01 1.928060e-01
2.238721e-05 4.269626e+01 8.402199e+00 4.351515e+01 1.967900e-01
2.290868e-05 4.257597e+01 8.550720e+00 4.342612e+01 2.008344e-01
2.344229e-05 4.245157e+01 8.699968e+00 4.333388e+01 2.049387e-01
2.398833e-05 4.232298e+01 8.849827e+00 4.323834e+01 2.091022e-01
2.454709e-05 4.219013e+01 9.000176e+00 4.313943e+01 2.133242e-01
2.511886e-05 4.205295e+01 9.150890e+00 4.303707e+01 2.176040e-01
2.570396e-05 4.191138e+01 9.301835e+00 4.293120e+01 2.219405e-01
2.630268e-05 4.176537e+01 9.452872e+00 4.282175e+01 2.263328e-01
2.691535e-05 4.161484e+01 9.603857e+00 4.270866e+01 2.307796e-01
2.754229e-05 4.145977e+01 9.754639e+00 4.259185e+01 2.352796e-01
2.818383e-05 4.130012e+01 9.905062e+00 4.247128e+01 2.398313e-01
2.884032e-05 4.113584e+01 1.005497e+01 4.234689e+01 2.444333e-01
2.951209e-05 4.096691e+01 1.020419e+01 4.221863e+01 2.490836e-01
3.019952e-05 4.079332e+01 1.035255e+01 4.208646e+01 2.537805e-01
3.090295e-05 4.061507e+01 1.049988e+01 4.195034e+01 2.585219e-01
3.162278e-05 4.043214e+01 1.064601e+01 4.181023e+01 2.633057e-01
3.235937e-05 4.024456e+01 1.079075e+01 4.166611e+01 2.681295e-01
3.311311e-05 4.005235e+01 1.093393e+01 4.151796e+01 2.729909e-01
3.388442e-05 3.985553e+01 1.107534e+01 4.136576e+01 2.778873e-01
3.467369e-05 3.965415e+01 1.121482e+01 4.120951e+01 2.828159e-01
3.548134e-05 3.944827e+01 1.135218e+01 4.104921e+01 2.877738e-01
3.630781e-05 3.923795e+01 1.148722e+01 4.088487e+01 2.927580e-01
3.715352e-05 3.902326e+01 1.161977e+01 4.071650e+01 2.977653e-01
3.801894e-05 3.880429e+01 1.174965e+01 4.054414e+01 3.027924e-01
3.890451e-05 3.858115e+01 1.187667e+01 4.036781e+01 3.078360e-01
3.981072e-05 3.835394e+01 1.200066e+01 4.018757e+01 3.128923e-01
4.073803e-05 3.812279e+01 1.212145e+01 4.000346e+01 3.179580e-01
4.168694e-05 3.788783e+01 1.223887e+01 3.981555e+01 3.230291e-01
4.265795e-05 3.764921e+01 1.235278e+01 3.962391e+01 3.281019e-01
4.365158e-05 3.740707e+01 1.246301e+01 3.942861e+01 3.331725e-01
4.466836e-05 3.716159e+01 1.256942e+01 3.922976e+01 3.382370e-01
4.570882e-05 3.691294e+01 1.267189e+01 3.902745e+01 3.432913e-01
4.677351e-05 3.666130e+01 1.277029e+01 3.882179e+01 3.483316e-01
4.786301e-05 3.640687e+01 1.286450e+01 3.861289e+01 3.533537e-01
4.897788e-05 3.614984e+01 1.295443e+01 3.840089e+01 3.583537e-01
5.011872e-05 3.589042e+01 1.303998e+01 3.818591e+01 3.633277e-01
5.128614e-05 3.562882e+01 1.312109e+01 3.796809e+01 3.682717e-01
5.248075e-05 3.536526e+01 1.319768e+01 3.774759e+01 3.731819e-01
5.370318e-05 3.509996e+01 1.326970e+01 3.752456e+01 3.780546e-01
5.495409e-05 3.483314e+01 1.333713e+01 3.729915e+01 3.828862e-01
5.623413e-05 3.456502e+01 1.339993e+01 3.707154e+01 3.876732e-01
5.754399e-05 3.429584e+01 1.345811e+01 3.684189e+01 3.924122e-01
5.888437e-05 3.402581e+01 1.351166e+01 3.661039e+01 3.971002e-01
6.025596e-05 3.375515e+01 1.356060e+01 3.637720e+01 4.017343e-01
6.165950e-05 3.348410e+01 1.360498e+01 3.614250e+01 4.063118e-01
6.309573e-05 3.321285e+01 1.364484e+01 3.590648e+01 4.108301e-01
6.456542e-05 3.294163e+01 1.368024e+01 3.566931e+01 4.152873e-01
6.606934e-05 3.267064e+01 1.371125e+01 3.543119e+01 4.196812e-01
6.760830e-05 3.240007e+01 1.373797e+01 3.519228e+01 4.240104e-01
6.918310e-05 3.213012e+01 1.376048e+01 3.495276e+01 4.282736e-01
7.079458e-05 3.186097e+01 1.377891e+01 3.471281e+01 4.324698e-01
7.244360e-05 3.159278e+01 1.379336e+01 3.447261e+01 4.365984e-01
7.413102e-05 3.132572e+01 1.380396e+01 3.423230e+01 4.406591e-01
7.585776e-05 3.105995e+01 1.381087e+01 3.399206e+01 4.446519e-01
7.762471e-05 3.079559e+01 1.381420e+01 3.375204e+01 4.485774e-01
7.943282e-05 3.053277e+01 1.381413e+01 3.351239e+01 4.524361e-01
8.128305e-05 3.027161e+01 1.381080e+01 3.327324e+01 4.562293e-01
8.317638e-05 3.001221e+01 1.380437e+01 3.303473e+01 4.599584e-01
8.511380e-05 2.975466e+01 1.379501e+01 3.279699e+01 4.636252e-01
8.709636e-05 2.949903e+01 1.378289e+01 3.256011e+01 4.672318e-01
8.912509e-05 2.924539e+01 1.376816e+01 3.232422e+01 4.707806e-01
9.120108e-05 2.899379e+01 1.375101e+01 3.208940e+01 4.742742e-01
9.332543e-05 2.874425e+01 1.373158e+01 3.185575e+01 4.777158e-01
9.549926e-05 2.849682e+01 1.371006e+01 3.162332e+01 4.811085e-01
9.772372e-05 2.825149e+01 1.368660e+01 3.139219e+01 4.844558e-01
1.000000e-04 2.800828e+01 1.366135e+01 3.116242e+01 4.877613e-01
1.023293e-04 2.776716e+01 1.363448e+01 3.093403e+01 4.910290e-01
1.047129e-04 2.752813e+01 1.360613e+01 3.070707e+01 4.942628e-01
1.071519e-04 2.729113e+01 1.357644e+01 3.048156e+01 4.974669e-01
1.096478e-04 2.705615e+01 1.354554e+01 3.025751e+01 5.006455e-01
1.122018e-04 2.682312e+01 1.351357e+01 3.003492e+01 5.038029e-01
1.148154e-04 2.659199e+01 1.348064e+01 2.981378e+01 5.069435e-01
1.174898e-04 2.636269e+01 1.344686e+01 2.959408e+01 5.100716e-01
1.202264e-04 2.613515e+01 1.341234e+01 2.937579e+01 5.131914e-01
1.230269e-04 2.590930e+01 1.337716e+01 2.915888e+01 5.163074e-01
1.258925e-04 2.568504e+01 1.334141e+01 2.894330e+01 5.194235e-01
1.288250e-04 2.546230e+01 1.330517e+01 2.872901e+01 5.225439e-01
1.318257e-04 2.524098e+01 1.326848e+01 2.851595e+01 5.256724e-01
1.348963e-04 2.502099e+01 1.323142e+01 2.830407e+01 5.288127e-01
1.380384e-04 2.480223e+01 1.319400e+01 2.809328e+01 5.319683e-01
1.412538e-04 2.458462e+01 1.315628e+01 2.788353e+01 5.351425e-01
1.445440e-04 2.436806e+01 1.311826e+01 2.767474e+01 5.383383e-01
1.479108e-04 2.415245e+01 1.307996e+01 2.746682e+01 5.415583e-01
1.513561e-04 2.393771e+01 1.304138e+01 2.725970e+01 5.448049e-01
1.548817e-04 2.372373e+01 1.300251e+01 2.705329e+01 5.480801e-01
1.584893e-04 2.351045e+01 1.296333e+01 2.684752e+01 5.513857e-01
1.621810e-04 2.329777e+01 1.292381e+01 2.664228e+01 5.547229e-01
1.659587e-04 2.308563e+01 1.288392e+01 2.643750e+01 5.580927e-01
1.698244e-04 2.287394e+01 1.284361e+01 2.623310e+01 5.614955e-01
1.737801e-04 2.266265e+01 1.280284e+01 2.602899e+01 5.649314e-01
1.778279e-04 2.245169e+01 1.276154e+01 2.582509e+01 5.684001e-01
1.819701e-04 2.224101e+01 1.271965e+01 2.562132e+01 5.719008e-01
1.862087e-04 2.203058e+01 1.267710e+01 2.541762e+01 5.754321e-01
1.905461e-04 2.182035e+01 1.263382e+01 2.521391e+01 5.789924e-01
1.949845e-04 2.161030e+01 1.258972e+01 2.501012e+01 5.825794e-01
1.995262e-04 2.140041e+01 1.254472e+01 2.480620e+01 5.861905e-01
2.041738e-04 2.119068e+01 1.249874e+01 2.460210e+01 5.898225e-01
2.089296e-04 2.098109e+01 1.245169e+01 2.439776e+01 5.934720e-01
2.137962e-04 2.077166e+01 1.240348e+01 2.419314e+01 5.971348e-01
2.187762e-04 2.056241e+01 1.235402e+01 2.398821e+01 6.008063e-01
2.238721e-04 2.035336e+01 1.230324e+01 2.378295e+01 6.044818e-01
2.290868e-04 2.014455e+01 1.225103e+01 2.357734e+01 6.081557e-01
2.344229e-04 1.993604e+01 1.219731e+01 2.337135e+01 6.118224e-01
2.398833e-04 1.972786e+01 1.214202e+01 2.316500e+01 6.154756e-01
2.454709e-04 1.952009e+01 1.208506e+01 2.295828e+01 6.191087e-01
2.511886e-04 1.931279e+01 1.202636e+01 2.275120e+01 6.227150e-01
2.570396e-04 1.910605e+01 1.196587e+01 2.254380e+01 6.262870e-01
2.630268e-04 1.889994e+01 1.190351e+01 2.233610e+01 6.298174e-01
2.691535e-04 1.869456e+01 1.183923e+01 2.212812e+01 6.332983e-01
2.754229e-04 1.849000e+01 1.177299e+01 2.191993e+01 6.367216e-01
2.818383e-04 1.828638e+01 1.170473e+01 2.171157e+01 6.400792e-01
2.884032e-04 1.808379e+01 1.163444e+01 2.150311e+01 6.433627e-01
2.951209e-04 1.788235e+01 1.156208e+01 2.129460e+01 6.465636e-01
3.019952e-04 1.768217e+01 1.148763e+01 2.108613e+01 6.496733e-01
3.090295e-04 1.748337e+01 1.141110e+01 2.087777e+01 6.526831e-01
3.162278e-04 1.728606e+01 1.133248e+01 2.066962e+01 6.555847e-01
3.235937e-04 1.709037e+01 1.125178e+01 2.046175e+01 6.583693e-01
3.311311e-04 1.689641e+01 1.116901e+01 2.025427e+01 6.610287e-01
3.388442e-04 1.670430e+01 1.108422e+01 2.004728e+01 6.635546e-01
3.467369e-04 1.651416e+01 1.099742e+01 1.984089e+01 6.659390e-01
3.548134e-04 1.632610e+01 1.090868e+01 1.963520e+01 6.681740e-01
3.630781e-04 1.614024e+01 1.081803e+01 1.943032e+01 6.702524e-01
3.715352e-04 1.595668e+01 1.072555e+01 1.922636e+01 6.721669e-01
3.801894e-04 1.577552e+01 1.063130e+01 1.902345e+01 6.739109e-01
3.890451e-04 1.559687e+01 1.053535e+01 1.882169e+01 6.754782e-01
3.981072e-04 1.542082e+01 1.043778e+01 1.862120e+01 6.768630e-01
4.073803e-04 1.524746e+01 1.033870e+01 1.842210e+01 6.780601e-01
4.168694e-04 1.507687e+01 1.023818e+01 1.822450e+01 6.790650e-01
4.265795e-04 1.490913e+01 1.013632e+01 1.802851e+01 6.798735e-01
4.365158e-04 1.474430e+01 1.003324e+01 1.783425e+01 6.804823e-01
4.466836e-04 1.458246e+01 9.929032e+00 1.764182e+01 6.808887e-01
4.570882e-04 1.442365e+01 9.823813e+00 1.745133e+01 6.810906e-01
4.677351e-04 1.426792e+01 9.717694e+00 1.726289e+01 6.810868e-01
4.786301e-04 1.411532e+01 9.610792e+00 1.707658e+01 6.808764e-01
4.897788e-04 1.396588e+01 9.503222e+00 1.689252e+01 6.804598e-01
5.011872e-04 1.381963e+01 9.395103e+00 1.671078e+01 6.798376e-01
5.128614e-04 1.367658e+01 9.286554e+00 1.653145e+01 6.790115e-01
5.248075e-04 1.353675e+01 9.177692e+00 1.635462e+01 6.779837e-01
5.370318e-04 1.340013e+01 9.068637e+00 1.618035e+01 6.767571e-01
5.495409e-04 1.326675e+01 8.959504e+00 1.600872e+01 6.753355e-01
5.623413e-04 1.313657e+01 8.850410e+00 1.583980e+01 6.737231e-01
5.754399e-04 1.300959e+01 8.741469e+00 1.567363e+01 6.719250e-01
5.888437e-04 1.288579e+01 8.632791e+00 1.551027e+01 6.699467e-01
6.025596e-04 1.276514e+01 8.524488e+00 1.534978e+01 6.677944e-01
6.165950e-04 1.264761e+01 8.416664e+00 1.519217e+01 6.654748e-01
6.309573e-04 1.253316e+01 8.309423e+00 1.503750e+01 6.629952e-01
6.456542e-04 1.242175e+01 8.202865e+00 1.488579e+01 6.603632e-01
6.606934e-04 1.231333e+01 8.097087e+00 1.473706e+01 6.575870e-01
6.760830e-04 1.220786e+01 7.992182e+00 1.459133e+01 6.546752e-01
6.918310e-04 1.210527e+01 7.888238e+00 1.444860e+01 6.516365e-01
7.079458e-04 1.200551e+01 7.785339e+00 1.430887e+01 6.484803e-01
7.244360e-04 1.190853e+01 7.683568e+00 1.417216e+01 6.452157e-01
7.413102e-04 1.181424e+01 7.583000e+00 1.403845e+01 6.418526e-01
7.585776e-04 1.172259e+01 7.483708e+00 1.390773e+01 6.384006e-01
7.762471e-04 1.163350e+01 7.385759e+00 1.377998e+01 6.348698e-01
7.943282e-04 1.154691e+01 7.289219e+00 1.365518e+01 6.312700e-01
8.128305e-04 1.146274e+01 7.194146e+00 1.353330e+01 6.276112e-01
8.317638e-04 1.138092e+01 7.100596e+00 1.341431e+01 6.239036e-01
8.511380e-04 1.130136e+01 7.008620e+00 1.329818e+01 6.201570e-01
8.709636e-04 1.122400e+01 6.918266e+00 1.318486e+01 6.163814e-01
8.912509e-04 1.114875e+01 6.829576e+00 1.307432e+01 6.125865e-01
9.120108e-04 1.107554e+01 6.742590e+00 1.296650e+01 6.087820e-01
9.332543e-04 1.100428e+01 6.657342e+00 1.286135e+01 6.049774e-01
9.549926e-04 1.093490e+01 6.573865e+00 1.275883e+01 6.011819e-01
9.772372e-04 1.086732e+01 6.492186e+00 1.265887e+01 5.974046e-01
1.000000e-03 1.080145e+01 6.412329e+00 1.256142e+01 5.936543e-01
1.023293e-03 1.073723e+01 6.334315e+00 1.246642e+01 5.899397e-01
1.047129e-03 1.067456e+01 6.258161e+00 1.237379e+01 5.862689e-01
1.071519e-03 1.061337e+01 6.183882e+00 1.228349e+01 5.826500e-01
1.096478e-03 1.055359e+01 6.111487e+00 1.219543e+01 5.790907e-01
1.122018e-03 1.049514e+01 6.040985e+00 1.210956e+01 5.755984e-01
1.148154e-03 1.043794e+01 5.972381e+00 1.202580e+01 5.721802e-01
1.174898e-03 1.038191e+01 5.905676e+00 1.194408e+01 5.688428e-01
1.202264e-03 1.032699e+01 5.840870e+00 1.186434e+01 5.655926e-01
1.230269e-03 1.027310e+01 5.777959e+00 1.178649e+01 5.624359e-01
1.258925e-03 1.022016e+01 5.716937e+00 1.171047e+01 5.593783e-01
1.288250e-03 1.016811e+01 5.657796e+00 1.163620e+01 5.564253e-01
1.318257e-03 1.011688e+01 5.600524e+00 1.156362e+01 5.535820e-01
1.348963e-03 1.006640e+01 5.545110e+00 1.149264e+01 5.508532e-01
1.380384e-03 1.001661e+01 5.491538e+00 1.142319e+01 5.482434e-01
1.412538e-03 9.967425e+00 5.439790e+00 1.135521e+01 5.457568e-01
1.445440e-03 9.918798e+00 5.389846e+00 1.128862e+01 5.433971e-01
1.479108e-03 9.870662e+00 5.341687e+00 1.122335e+01 5.411681e-01
1.513561e-03 9.822956e+00 5.295288e+00 1.115933e+01 5.390728e-01
1.548817e-03 9.775621e+00 5.250625e+00 1.109648e+01 5.371143e-01
1.584893e-03 9.728598e+00 5.207672e+00 1.103474e+01 5.352952e-01
1.621810e-03 9.681831e+00 5.166399e+00 1.097404e+01 5.336180e-01
1.659587e-03 9.635265e+00 5.126778e+00 1.091431e+01 5.320847e-01
1.698244e-03 9.588848e+00 5.088776e+00 1.085549e+01 5.306973e-01
1.737801e-03 9.542527e+00 5.052362e+00 1.079751e+01 5.294574e-01
1.778279e-03 9.496252e+00 5.017500e+00 1.074030e+01 5.283664e-01
1.819701e-03 9.449976e+00 4.984157e+00 1.068381e+01 5.274253e-01
1.862087e-03 9.403652e+00 4.952295e+00 1.062798e+01 5.266353e-01
1.905461e-03 9.357235e+00 4.921875e+00 1.057273e+01 5.259968e-01
1.949845e-03 9.310681e+00 4.892860e+00 1.051803e+01 5.255105e-01
1.995262e-03 9.263951e+00 4.865210e+00 1.046380e+01 5.251765e-01
2.041738e-03 9.217004e+00 4.838882e+00 1.040999e+01 5.249951e-01
2.089296e-03 9.169803e+00 4.813836e+00 1.035656e+01 5.249662e-01
2.137962e-03 9.122312e+00 4.790028e+00 1.030344e+01 5.250893e-01
2.187762e-03 9.074497e+00 4.767415e+00 1.025060e+01 5.253642e-01
2.238721e-03 9.026326e+00 4.745953e+00 1.019797e+01 5.257901e-01
2.290868e-03 8.977768e+00 4.725595e+00 1.014552e+01 5.263664e-01
2.344229e-03 8.928797e+00 4.706297e+00 1.009320e+01 5.270920e-01
2.398833e-03 8.879385e+00 4.688013e+00 1.004096e+01 5.279659e-01
2.454709e-03 8.829508e+00 4.670695e+00 9.988773e+00 5.289870e-01
2.511886e-03 8.779143e+00 4.654296e+00 9.936590e+00 5.301538e-01
2.570396e-03 8.728271e+00 4.638769e+00 9.884376e+00 5.314648e-01
2.630268e-03 8.676873e+00 4.624067e+00 9.832096e+00 5.329185e-01
2.691535e-03 8.624932e+00 4.610140e+00 9.779716e+00 5.345132e-01
2.754229e-03 8.572435e+00 4.596942e+00 9.727205e+00 5.362470e-01
2.818383e-03 8.519368e+00 4.584425e+00 9.674532e+00 5.381180e-01
2.884032e-03 8.465720e+00 4.572540e+00 9.621670e+00 5.401241e-01
2.951209e-03 8.411485e+00 4.561239e+00 9.568593e+00 5.422633e-01
3.019952e-03 8.356654e+00 4.550476e+00 9.515277e+00 5.445332e-01
3.090295e-03 8.301224e+00 4.540202e+00 9.461699e+00 5.469316e-01
3.162278e-03 8.245191e+00 4.530370e+00 9.407839e+00 5.494561e-01
3.235937e-03 8.188555e+00 4.520936e+00 9.353678e+00 5.521042e-01
3.311311e-03 8.131318e+00 4.511851e+00 9.299200e+00 5.548733e-01
3.388442e-03 8.073481e+00 4.503072e+00 9.244390e+00 5.577609e-01
3.467369e-03 8.015050e+00 4.494553e+00 9.189235e+00 5.607643e-01
3.548134e-03 7.956031e+00 4.486252e+00 9.133722e+00 5.638807e-01
3.630781e-03 7.896432e+00 4.478124e+00 9.077843e+00 5.671073e-01
3.715352e-03 7.836264e+00 4.470129e+00 9.021589e+00 5.704414e-01
3.801894e-03 7.775537e+00 4.462224e+00 8.964955e+00 5.738799e-01
3.890451e-03 7.714264e+00 4.454371e+00 8.907934e+00 5.774201e-01
3.981072e-03 7.652461e+00 4.446530e+00 8.850525e+00 5.810589e-01
4.073803e-03 7.590142e+00 4.438665e+00 8.792725e+00 5.847933e-01
4.168694e-03 7.527326e+00 4.430737e+00 8.734533e+00 5.886204e-01
4.265795e-03 7.464030e+00 4.422714e+00 8.675952e+00 5.925370e-01
4.365158e-03 7.400275e+00 4.414560e+00 8.616984e+00 5.965401e-01
4.466836e-03 7.336080e+00 4.406244e+00 8.557631e+00 6.006265e-01
4.570882e-03 7.271468e+00 4.397735e+00 8.497901e+00 6.047933e-01
4.677351e-03 7.206461e+00 4.389003e+00 8.437797e+00 6.090372e-01
4.786301e-03 7.141083e+00 4.380020e+00 8.377329e+00 6.133551e-01
4.897788e-03 7.075358e+00 4.370760e+00 8.316504e+00 6.177440e-01
5.011872e-03 7.009312e+00 4.361197e+00 8.255331e+00 6.222005e-01
5.128614e-03 6.942969e+00 4.351309e+00 8.193821e+00 6.267217e-01
5.248075e-03 6.876355e+00 4.341073e+00 8.131985e+00 6.313043e-01
5.370318e-03 6.809499e+00 4.330468e+00 8.069834e+00 6.359452e-01
5.495409e-03 6.742425e+00 4.319475e+00 8.007382e+00 6.406412e-01
5.623413e-03 6.675162e+00 4.308077e+00 7.944641e+00 6.453891e-01
5.754399e-03 6.607737e+00 4.296257e+00 7.881625e+00 6.501858e-01
5.888437e-03 6.540178e+00 4.284000e+00 7.818349e+00 6.550281e-01
6.025596e-03 6.472511e+00 4.271293e+00 7.754828e+00 6.599128e-01
6.165950e-03 6.404767e+00 4.258124e+00 7.691076e+00 6.648367e-01
6.309573e-03 6.336971e+00 4.244481e+00 7.627111e+00 6.697966e-01
6.456542e-03 6.269152e+00 4.230356e+00 7.562947e+00 6.747891e-01
6.606934e-03 6.201337e+00 4.215739e+00 7.498602e+00 6.798112e-01
6.760830e-03 6.133555e+00 4.200623e+00 7.434092e+00 6.848595e-01
6.918310e-03 6.065831e+00 4.185003e+00 7.369434e+00 6.899307e-01
7.079458e-03 5.998195e+00 4.168874e+00 7.304646e+00 6.950215e-01
7.244360e-03 5.930672e+00 4.152232e+00 7.239745e+00 7.001284e-01
7.413102e-03 5.863290e+00 4.135075e+00 7.174748e+00 7.052482e-01
7.585776e-03 5.796075e+00 4.117400e+00 7.109674e+00 7.103773e-01
7.762471e-03 5.729053e+00 4.099208e+00 7.044541e+00 7.155123e-01
7.943282e-03 5.662251e+00 4.080499e+00 6.979366e+00 7.206496e-01
8.128305e-03 5.595693e+00 4.061274e+00 6.914168e+00 7.257857e-01
8.317638e-03 5.529406e+00 4.041536e+00 6.848966e+00 7.309169e-01
8.511380e-03 5.463413e+00 4.021289e+00 6.783778e+00 7.360397e-01
8.709636e-03 5.397741e+00 4.000536e+00 6.718623e+00 7.411502e-01
8.912509e-03 5.332412e+00 3.979285e+00 6.653519e+00 7.462448e-01
9.120108e-03 5.267450e+00 3.957539e+00 6.588486e+00 7.513197e-01
9.332543e-03 5.202880e+00 3.935308e+00 6.523543e+00 7.563711e-01
9.549926e-03 5.138723e+00 3.912599e+00 6.458708e+00 7.613951e-01
9.772372e-03 5.075002e+00 3.889421e+00 6.394000e+00 7.663880e-01
1.000000e-02 5.011739e+00 3.865784e+00 6.329440e+00 7.713459e-01
1.023293e-02 4.948954e+00 3.841699e+00 6.265046e+00 7.762649e-01
1.047129e-02 4.886668e+00 3.817178e+00 6.200837e+00 7.811412e-01
1.071519e-02 4.824902e+00 3.792233e+00 6.136832e+00 7.859711e-01
1.096478e-02 4.763674e+00 3.766878e+00 6.073052e+00 7.907506e-01
1.122018e-02 4.703003e+00 3.741127e+00 6.009514e+00 7.954763e-01
1.148154e-02 4.642906e+00 3.714994e+00 5.946239e+00 8.001443e-01
1.174898e-02 4.583400e+00 3.688496e+00 5.883244e+00 8.047511e-01
1.202264e-02 4.524502e+00 3.661649e+00 5.820549e+00 8.092932e-01
1.230269e-02 4.466226e+00 3.634469e+00 5.758172e+00 8.137674e-01
1.258925e-02 4.408587e+00 3.606975e+00 5.696131e+00 8.181703e-01
1.288250e-02 4.351598e+00 3.579185e+00 5.634445e+00 8.224990e-01
1.318257e-02 4.295271e+00 3.551117e+00 5.573130e+00 8.267504e-01
1.348963e-02 4.239617e+00 3.522791e+00 5.512205e+00 8.309218e-01
1.380384e-02 4.184648e+00 3.494226e+00 5.451687e+00 8.350107e-01
1.412538e-02 4.130371e+00 3.465442e+00 5.391591e+00 8.390147e-01
1.445440e-02 4.076795e+00 3.436460e+00 5.331933e+00 8.429317e-01
1.479108e-02 4.023927e+00 3.407300e+00 5.272730e+00 8.467599e-01
1.513561e-02 3.971773e+00 3.377983e+00 5.213996e+00 8.504975e-01
1.548817e-02 3.920338e+00 3.348530e+00 5.155744e+00 8.541433e-01
1.584893e-02 3.869624e+00 3.318961e+00 5.097990e+00 8.576960e-01
1.621810e-02 3.819636e+00 3.289298e+00 5.040745e+00 8.611549e-01
1.659587e-02 3.770375e+00 3.259562e+00 4.984021e+00 8.645193e-01
1.698244e-02 3.721840e+00 3.229772e+00 4.927831e+00 8.677891e-01
1.737801e-02 3.674032e+00 3.199950e+00 4.872185e+00 8.709642e-01
1.778279e-02 3.626948e+00 3.170116e+00 4.817093e+00 8.740450e-01
1.819701e-02 3.580586e+00 3.140289e+00 4.762564e+00 8.770321e-01
1.862087e-02 3.534943e+00 3.110490e+00 4.708606e+00 8.799264e-01
1.905461e-02 3.490014e+00 3.080737e+00 4.655227e+00 8.827292e-01
1.949845e-02 3.445793e+00 3.051050e+00 4.602434e+00 8.854421e-01
1.995262e-02 3.402274e+00 3.021447e+00 4.550232e+00 8.880667e-01
2.041738e-02 3.359451e+00 2.991944e+00 4.498626e+00 8.906053e-01
2.089296e-02 3.317314e+00 2.962561e+00 4.447621e+00 8.930602e-01
2.137962e-02 3.275855e+00 2.933313e+00 4.397221e+00 8.954342e-01
2.187762e-02 3.235065e+00 2.904215e+00 4.347426e+00 8.977301e-01
2.238721e-02 3.194934e+00 2.875285e+00 4.298240e+00 8.999512e-01
2.290868e-02 3.155451e+00 2.846535e+00 4.249663e+00 9.021009e-01
2.344229e-02 3.116604e+00 2.817981e+00 4.201694e+00 9.041830e-01
2.398833e-02 3.078382e+00 2.789634e+00 4.154335e+00 9.062014e-01
2.454709e-02 3.040773e+00 2.761509e+00 4.107582e+00 9.081601e-01
2.511886e-02 3.003764e+00 2.733616e+00 4.061435e+00 9.100636e-01
2.570396e-02 2.967341e+00 2.705967e+00 4.015889e+00 9.119164e-01
2.630268e-02 2.931491e+00 2.678571e+00 3.970942e+00 9.137231e-01
2.691535e-02 2.896200e+00 2.651438e+00 3.926589e+00 9.154887e-01
2.754229e-02 2.861454e+00 2.624578e+00 3.882825e+00 9.172181e-01
2.818383e-02 2.827239e+00 2.597996e+00 3.839644e+00 9.189164e-01
2.884032e-02 2.793540e+00 2.571702e+00 3.797041e+00 9.205889e-01
2.951209e-02 2.760343e+00 2.545701e+00 3.755008e+00 9.222409e-01
3.019952e-02 2.727632e+00 2.519998e+00 3.713538e+00 9.238778e-01
3.090295e-02 2.695392e+00 2.494599e+00 3.672624e+00 9.255050e-01
3.162278e-02 2.663610e+00 2.469507e+00 3.632256e+00 9.271279e-01
3.235937e-02 2.632269e+00 2.444726e+00 3.592426e+00 9.287521e-01
3.311311e-02 2.601356e+00 2.420258e+00 3.553125e+00 9.303831e-01
3.388442e-02 2.570855e+00 2.396104e+00 3.514344e+00 9.320262e-01
3.467369e-02 2.540752e+00 2.372267e+00 3.476071e+00 9.336869e-01
3.548134e-02 2.511032e+00 2.348745e+00 3.438297e+00 9.353707e-01
3.630781e-02 2.481681e+00 2.325540e+00 3.401011e+00 9.370826e-01
3.715352e-02 2.452684e+00 2.302649e+00 3.364202e+00 9.388280e-01
3.801894e-02 2.424029e+00 2.280071e+00 3.327858e+00 9.406119e-01
3.890451e-02 2.395702e+00 2.257804e+00 3.291970e+00 9.424393e-01
3.981072e-02 2.367689e+00 2.235844e+00 3.256524e+00 9.443149e-01
4.073803e-02 2.339977e+00 2.214188e+00 3.221509e+00 9.462434e-01
4.168694e-02 2.312555e+00 2.192832e+00 3.186914e+00 9.482292e-01
4.265795e-02 2.285410e+00 2.171771e+00 3.152727e+00 9.502765e-01
4.365158e-02 2.258531e+00 2.151001e+00 3.118936e+00 9.523895e-01
4.466836e-02 2.231906e+00 2.130514e+00 3.085530e+00 9.545719e-01
4.570882e-02 2.205524e+00 2.110306e+00 3.052496e+00 9.568274e-01
4.677351e-02 2.179377e+00 2.090370e+00 3.019823e+00 9.591592e-01
4.786301e-02 2.153454e+00 2.070698e+00 2.987499e+00 9.615705e-01
4.897788e-02 2.127746e+00 2.051283e+00 2.955514e+00 9.640641e-01
5.011872e-02 2.102244e+00 2.032119e+00 2.923857e+00 9.666426e-01
5.128614e-02 2.076942e+00 2.013197e+00 2.892516e+00 9.693082e-01
5.248075e-02 2.051830e+00 1.994508e+00 2.861480e+00 9.720629e-01
5.370318e-02 2.026903e+00 1.976045e+00 2.830741e+00 9.749085e-01
5.495409e-02 2.002155e+00 1.957800e+00 2.800287e+00 9.778463e-01
5.623413e-02 1.977580e+00 1.939763e+00 2.770109e+00 9.808773e-01
5.754399e-02 1.953172e+00 1.921927e+00 2.740198e+00 9.840026e-01
5.888437e-02 1.928928e+00 1.904281e+00 2.710545e+00 9.872225e-01
6.025596e-02 1.904844e+00 1.886819e+00 2.681141e+00 9.905372e-01
6.165950e-02 1.880917e+00 1.869531e+00 2.651979e+00 9.939467e-01
6.309573e-02 1.857143e+00 1.852408e+00 2.623051e+00 9.974506e-01
6.456542e-02 1.833521e+00 1.835443e+00 2.594350e+00 1.001048e+00
6.606934e-02 1.810049e+00 1.818626e+00 2.565868e+00 1.004739e+00
6.760830e-02 1.786727e+00 1.801951e+00 2.537601e+00 1.008521e+00
6.918310e-02 1.763553e+00 1.785408e+00 2.509542e+00 1.012393e+00
7.079458e-02 1.740528e+00 1.768991e+00 2.481686e+00 1.016353e+00
7.244360e-02 1.717652e+00 1.752691e+00 2.454028e+00 1.020400e+00
7.413102e-02 1.694925e+00 1.736502e+00 2.426563e+00 1.024530e+00
7.585776e-02 1.672350e+00 1.720417e+00 2.399289e+00 1.028742e+00
7.762471e-02 1.649927e+00 1.704430e+00 2.372201e+00 1.033034e+00
7.943282e-02 1.627658e+00 1.688534e+00 2.345297e+00 1.037401e+00
8.128305e-02 1.605546e+00 1.672724e+00 2.318574e+00 1.041841e+00
8.317638e-02 1.583594e+00 1.656994e+00 2.292029e+00 1.046350e+00
8.511380e-02 1.561803e+00 1.641340e+00 2.265662e+00 1.050926e+00
8.709636e-02 1.540177e+00 1.625756e+00 2.239471e+00 1.055565e+00
8.912509e-02 1.518719e+00 1.610240e+00 2.213454e+00 1.060262e+00
9.120108e-02 1.497432e+00 1.594787e+00 2.187612e+00 1.065014e+00
9.332543e-02 1.476320e+00 1.579393e+00 2.161944e+00 1.069818e+00
9.549926e-02 1.455385e+00 1.564057e+00 2.136451e+00 1.074669e+00
9.772372e-02 1.434633e+00 1.548775e+00 2.111131e+00 1.079562e+00
1.000000e-01 1.414065e+00 1.533546e+00 2.085987e+00 1.084495e+00
1.023293e-01 1.393685e+00 1.518368e+00 2.061019e+00 1.089463e+00
1.047129e-01 1.373497e+00 1.503239e+00 2.036228e+00 1.094461e+00
1.071519e-01 1.353505e+00 1.488159e+00 2.011614e+00 1.099485e+00
1.096478e-01 1.333711e+00 1.473126e+00 1.987181e+00 1.104532e+00
1.122018e-01 1.314119e+00 1.458142e+00 1.962928e+00 1.109596e+00
1.148154e-01 1.294732e+00 1.443205e+00 1.938858e+00 1.114674e+00
1.174898e-01 1.275553e+00 1.428316e+00 1.914973e+00 1.119763e+00
1.202264e-01 1.256584e+00 1.413477e+00 1.891275e+00 1.124856e+00
1.230269e-01 1.237828e+00 1.398686e+00 1.867764e+00 1.129952e+00
1.258925e-01 1.219288e+00 1.383947e+00 1.844444e+00 1.135046e+00
1.288250e-01 1.200965e+00 1.369260e+00 1.821316e+00 1.140133e+00
1.318257e-01 1.182862e+00 1.354627e+00 1.798381e+00 1.145211e+00
1.348963e-01 1.164980e+00 1.340049e+00 1.775643e+00 1.150276e+00
1.380384e-01 1.147321e+00 1.325528e+00 1.753103e+00 1.155325e+00
1.412538e-01 1.129887e+00 1.311067e+00 1.730763e+00 1.160353e+00
1.445440e-01 1.112677e+00 1.296667e+00 1.708624e+00 1.165358e+00
1.479108e-01 1.095694e+00 1.282331e+00 1.686689e+00 1.170337e+00
1.513561e-01 1.078938e+00 1.268061e+00 1.664958e+00 1.175286e+00
1.548817e-01 1.062409e+00 1.253859e+00 1.643434e+00 1.180203e+00
1.584893e-01 1.046108e+00 1.239728e+00 1.622119e+00 1.185086e+00
1.621810e-01 1.030035e+00 1.225670e+00 1.601012e+00 1.189931e+00
1.659587e-01 1.014189e+00 1.211688e+00 1.580116e+00 1.194736e+00
1.698244e-01 9.985701e-01 1.197783e+00 1.559432e+00 1.199499e+00
1.737801e-01 9.831779e-01 1.183960e+00 1.538960e+00 1.204217e+00
1.778279e-01 9.680116e-01 1.170219e+00 1.518703e+00 1.208889e+00
1.819701e-01 9.530704e-01 1.156563e+00 1.498660e+00 1.213513e+00
1.862087e-01 9.383531e-01 1.142996e+00 1.478833e+00 1.218087e+00
1.905461e-01 9.238587e-01 1.129518e+00 1.459221e+00 1.222609e+00
1.949845e-01 9.095857e-01 1.116133e+00 1.439826e+00 1.227078e+00
1.995262e-01 8.955326e-01 1.102842e+00 1.420647e+00 1.231493e+00
2.041738e-01 8.816980e-01 1.089648e+00 1.401686e+00 1.235852e+00
2.089296e-01 8.680801e-01 1.076553e+00 1.382942e+00 1.240154e+00
2.137962e-01 8.546769e-01 1.063559e+00 1.364416e+00 1.244399e+00
2.187762e-01 8.414867e-01 1.050668e+00 1.346106e+00 1.248585e+00
2.238721e-01 8.285073e-01 1.037881e+00 1.328014e+00 1.252712e+00
2.290868e-01 8.157367e-01 1.025201e+00 1.310139e+00 1.256780e+00
2.344229e-01 8.031725e-01 1.012630e+00 1.292481e+00 1.260788e+00
2.398833e-01 7.908125e-01 1.000169e+00 1.275038e+00 1.264736e+00
2.454709e-01 7.786543e-01 9.878196e-01 1.257812e+00 1.268624e+00
2.511886e-01 7.666955e-01 9.755834e-01 1.240800e+00 1.272452e+00
2.570396e-01 7.549335e-01 9.634621e-01 1.224003e+00 1.276221e+00
2.630268e-01 7.433658e-01 9.514568e-01 1.207420e+00 1.279931e+00
2.691535e-01 7.319897e-01 9.395691e-01 1.191050e+00 1.283582e+00
2.754229e-01 7.208026e-01 9.278000e-01 1.174891e+00 1.287176e+00
2.818383e-01 7.098016e-01 9.161508e-01 1.158944e+00 1.290714e+00
2.884032e-01 6.989841e-01 9.046225e-01 1.143206e+00 1.294196e+00
2.951209e-01 6.883471e-01 8.932161e-01 1.127678e+00 1.297625e+00
3.019952e-01 6.778878e-01 8.819326e-01 1.112357e+00 1.301001e+00
3.090295e-01 6.676033e-01 8.707728e-01 1.097242e+00 1.304327e+00
3.162278e-01 6.574907e-01 8.597375e-01 1.082332e+00 1.307604e+00
3.235937e-01 6.475469e-01 8.488273e-01 1.067626e+00 1.310835e+00
3.311311e-01 6.377690e-01 8.380429e-01 1.053122e+00 1.314023e+00
3.388442e-01 6.281539e-01 8.273847e-01 1.038818e+00 1.317169e+00
3.467369e-01 6.186987e-01 8.168532e-01 1.024713e+00 1.320276e+00
3.548134e-01 6.094002e-01 8.064488e-01 1.010806e+00 1.323349e+00
3.630781e-01 6.002553e-01 7.961718e-01 9.970938e-01 1.326389e+00
3.715352e-01 5.912611e-01 7.860223e-01 9.835755e-01 1.329400e+00
3.801894e-01 5.824143e-01 7.760005e-01 9.702490e-01 1.332386e+00
3.890451e-01 5.737120e-01 7.661064e-01 9.571125e-01 1.335350e+00
3.981072e-01 5.651509e-01 7.563399e-01 9.441639e-01 1.338297e+00
4.073803e-01 5.567280e-01 7.467009e-01 9.314012e-01 1.341231e+00
4.168694e-01 5.484402e-01 7.371892e-01 9.188224e-01 1.344156e+00
4.265795e-01 5.402845e-01 7.278045e-01 9.064253e-01 1.347076e+00
4.365158e-01 5.322578e-01 7.185465e-01 8.942077e-01 1.349997e+00
4.466836e-01 5.243570e-01 7.094146e-01 8.821674e-01 1.352923e+00
4.570882e-01 5.165791e-01 7.004084e-01 8.703022e-01 1.355859e+00
4.677351e-01 5.089212e-01 6.915273e-01 8.586098e-01 1.358810e+00
4.786301e-01 5.013802e-01 6.827705e-01 8.470878e-01 1.361782e+00
4.897788e-01 4.939533e-01 6.741374e-01 8.357339e-01 1.364780e+00
5.011872e-01 4.866375e-01 6.656272e-01 8.245456e-01 1.367809e+00
5.128614e-01 4.794299e-01 6.572388e-01 8.135207e-01 1.370876e+00
5.248075e-01 4.723277e-01 6.489715e-01 8.026566e-01 1.373986e+00
5.370318e-01 4.653283e-01 6.408242e-01 7.919508e-01 1.377144e+00
5.495409e-01 4.584287e-01 6.327959e-01 7.814010e-01 1.380358e+00
5.623413e-01 4.516263e-01 6.248853e-01 7.710046e-01 1.383634e+00
5.754399e-01 4.449185e-01 6.170915e-01 7.607591e-01 1.386976e+00
5.888437e-01 4.383027e-01 6.094130e-01 7.506620e-01 1.390393e+00
6.025596e-01 4.317763e-01 6.018487e-01 7.407109e-01 1.393890e+00
6.165950e-01 4.253368e-01 5.943972e-01 7.309032e-01 1.397474e+00
6.309573e-01 4.189818e-01 5.870572e-01 7.212364e-01 1.401152e+00
6.456542e-01 4.127089e-01 5.798273e-01 7.117080e-01 1.404931e+00
6.606934e-01 4.065157e-01 5.727061e-01 7.023156e-01 1.408817e+00
6.760830e-01 4.003999e-01 5.656919e-01 6.930566e-01 1.412817e+00
6.918310e-01 3.943594e-01 5.587835e-01 6.839286e-01 1.416940e+00
7.079458e-01 3.883919e-01 5.519792e-01 6.749291e-01 1.421191e+00
7.244360e-01 3.824952e-01 5.452774e-01 6.660556e-01 1.425580e+00
7.413102e-01 3.766674e-01 5.386766e-01 6.573057e-01 1.430112e+00
7.585776e-01 3.709063e-01 5.321751e-01 6.486770e-01 1.434796e+00
7.762471e-01 3.652101e-01 5.257713e-01 6.401670e-01 1.439641e+00
7.943282e-01 3.595766e-01 5.194635e-01 6.317735e-01 1.444653e+00
8.128305e-01 3.540042e-01 5.132501e-01 6.234939e-01 1.449842e+00
8.317638e-01 3.484910e-01 5.071292e-01 6.153259e-01 1.455215e+00
8.511380e-01 3.430351e-01 5.010992e-01 6.072672e-01 1.460781e+00
8.709636e-01 3.376349e-01 4.951583e-01 5.993155e-01 1.466550e+00
8.912509e-01 3.322886e-01 4.893048e-01 5.914684e-01 1.472529e+00
9.120108e-01 3.269947e-01 4.835367e-01 5.837237e-01 1.478729e+00
9.332543e-01 3.217516e-01 4.778524e-01 5.760790e-01 1.485159e+00
9.549926e-01 3.165578e-01 4.722499e-01 5.685322e-01 1.491828e+00
9.772372e-01 3.114118e-01 4.667275e-01 5.610810e-01 1.498747e+00
1.000000e+00 3.063121e-01 4.612832e-01 5.537231e-01 1.505925e+00
1.023293e+00 3.012575e-01 4.559151e-01 5.464564e-01 1.513373e+00
1.047129e+00 2.962466e-01 4.506213e-01 5.392788e-01 1.521102e+00
1.071519e+00 2.912782e-01 4.453999e-01 5.321880e-01 1.529122e+00
1.096478e+00 2.863511e-01 4.402490e-01 5.251820e-01 1.537445e+00
1.122018e+00 2.814641e-01 4.351665e-01 5.182586e-01 1.546082e+00
1.148154e+00 2.766162e-01 4.301506e-01 5.114158e-01 1.555045e+00
1.174898e+00 2.718065e-01 4.251992e-01 5.046515e-01 1.564346e+00
1.202264e+00 2.670338e-01 4.203103e-01 4.979637e-01 1.573997e+00
1.230269e+00 2.622975e-01 4.154820e-01 4.913504e-01 1.584010e+00
1.258925e+00 2.575966e-01 4.107121e-01 4.848097e-01 1.594400e+00
1.288250e+00 2.529306e-01 4.059987e-01 4.783397e-01 1.605179e+00
1.318257e+00 2.482986e-01 4.013398e-01 4.719383e-01 1.616360e+00
1.348963e+00 2.437001e-01 3.967332e-01 4.656039e-01 1.627957e+00
1.380384e+00 2.391346e-01 3.921771e-01 4.593346e-01 1.639985e+00
1.412538e+00 2.346017e-01 3.876693e-01 4.531286e-01 1.652457e+00
1.445440e+00 2.301011e-01 3.832079e-01 4.469842e-01 1.665389e+00
1.479108e+00 2.256324e-01 3.787909e-01 4.408997e-01 1.678796e+00
1.513561e+00 2.211956e-01 3.744162e-01 4.348735e-01 1.692693e+00
1.548817e+00 2.167904e-01 3.700819e-01 4.289041e-01 1.707096e+00
1.584893e+00 2.124168e-01 3.657861e-01 4.229898e-01 1.722020e+00
1.621810e+00 2.080750e-01 3.615269e-01 4.171294e-01 1.737483e+00
1.659587e+00 2.037651e-01 3.573023e-01 4.113213e-01 1.753501e+00
1.698244e+00 1.994873e-01 3.531106e-01 4.055642e-01 1.770090e+00
1.737801e+00 1.952420e-01 3.489500e-01 3.998569e-01 1.787269e+00
1.778279e+00 1.910294e-01 3.448186e-01 3.941981e-01 1.805055e+00
1.819701e+00 1.868502e-01 3.407149e-01 3.885868e-01 1.823466e+00
1.862087e+00 1.827048e-01 3.366372e-01 3.830218e-01 1.842520e+00
1.905461e+00 1.785939e-01 3.325840e-01 3.775022e-01 1.862236e+00
1.949845e+00 1.745182e-01 3.285537e-01 3.720270e-01 1.882633e+00
1.995262e+00 1.704784e-01 3.245449e-01 3.665955e-01 1.903730e+00
2.041738e+00 1.664754e-01 3.205563e-01 3.612068e-01 1.925547e+00
2.089296e+00 1.625101e-01 3.165866e-01 3.558604e-01 1.948105e+00
2.137962e+00 1.585833e-01 3.126348e-01 3.505555e-01 1.971422e+00
2.187762e+00 1.546962e-01 3.086996e-01 3.452917e-01 1.995521e+00
2.238721e+00 1.508497e-01 3.047802e-01 3.400685e-01 2.020422e+00
2.290868e+00 1.470450e-01 3.008756e-01 3.348856e-01 2.046147e+00
2.344229e+00 1.432830e-01 2.969851e-01 3.297426e-01 2.072716e+00
2.398833e+00 1.395650e-01 2.931080e-01 3.246394e-01 2.100154e+00
2.454709e+00 1.358921e-01 2.892438e-01 3.195757e-01 2.128480e+00
2.511886e+00 1.322655e-01 2.853919e-01 3.145516e-01 2.157720e+00
2.570396e+00 1.286863e-01 2.815521e-01 3.095670e-01 2.187896e+00
2.630268e+00 1.251556e-01 2.777241e-01 3.046221e-01 2.219030e+00
2.691535e+00 1.216746e-01 2.739077e-01 2.997168e-01 2.251149e+00
2.754229e+00 1.182445e-01 2.701030e-01 2.948515e-01 2.284275e+00
2.818383e+00 1.148663e-01 2.663099e-01 2.900263e-01 2.318433e+00
2.884032e+00 1.115411e-01 2.625287e-01 2.852415e-01 2.353649e+00
2.951209e+00 1.082700e-01 2.587596e-01 2.804976e-01 2.389947e+00
3.019952e+00 1.050538e-01 2.550029e-01 2.757948e-01 2.427355e+00
3.090295e+00 1.018936e-01 2.512592e-01 2.711337e-01 2.465898e+00
3.162278e+00 9.879014e-02 2.475289e-01 2.665147e-01 2.505603e+00
3.235937e+00 9.574431e-02 2.438127e-01 2.619382e-01 2.546498e+00
3.311311e+00 9.275681e-02 2.401112e-01 2.574048e-01 2.588610e+00
3.388442e+00 8.982833e-02 2.364252e-01 2.529150e-01 2.631967e+00
3.467369e+00 8.695944e-02 2.327554e-01 2.484694e-01 2.676598e+00
3.548134e+00 8.415066e-02 2.291029e-01 2.440685e-01 2.722532e+00
3.630781e+00 8.140243e-02 2.254683e-01 2.397130e-01 2.769799e+00
3.715352e+00 7.871507e-02 2.218528e-01 2.354033e-01 2.818429e+00
3.801894e+00 7.608887e-02 2.182573e-01 2.311401e-01 2.868452e+00
3.890451e+00 7.352399e-02 2.146828e-01 2.269239e-01 2.919901e+00
3.981072e+00 7.102052e-02 2.111303e-01 2.227553e-01 2.972807e+00
4.073803e+00 6.857848e-02 2.076009e-01 2.186348e-01 3.027203e+00
4.168694e+00 6.619777e-02 2.040957e-01 2.145628e-01 3.083121e+00
4.265795e+00 6.387824e-02 2.006157e-01 2.105400e-01 3.140596e+00
4.365158e+00 6.161965e-02 1.971620e-01 2.065668e-01 3.199661e+00
4.466836e+00 5.942166e-02 1.937356e-01 2.026435e-01 3.260353e+00
4.570882e+00 5.728387e-02 1.903375e-01 1.987707e-01 3.322707e+00
4.677351e+00 5.520582e-02 1.869688e-01 1.949487e-01 3.386759e+00
4.786301e+00 5.318695e-02 1.836304e-01 1.911779e-01 3.452546e+00
4.897788e+00 5.122666e-02 1.803234e-01 1.874585e-01 3.520108e+00
5.011872e+00 4.932426e-02 1.770485e-01 1.837908e-01 3.589482e+00
5.128614e+00 4.747901e-02 1.738068e-01 1.801751e-01 3.660709e+00
5.248075e+00 4.569013e-02 1.705991e-01 1.766116e-01 3.733829e+00
5.370318e+00 4.395677e-02 1.674262e-01 1.731003e-01 3.808883e+00
5.495409e+00 4.227803e-02 1.642888e-01 1.696415e-01 3.885914e+00
5.623413e+00 4.065299e-02 1.611877e-01 1.662351e-01 3.964964e+00
5.754399e+00 3.908066e-02 1.581235e-01 1.628813e-01 4.046079e+00
5.888437e+00 3.756005e-02 1.550968e-01 1.595800e-01 4.129303e+00
6.025596e+00 3.609010e-02 1.521083e-01 1.563312e-01 4.214683e+00
6.165950e+00 3.466975e-02 1.491585e-01 1.531347e-01 4.302265e+00
6.309573e+00 3.329792e-02 1.462478e-01 1.499905e-01 4.392099e+00
6.456542e+00 3.197349e-02 1.433766e-01 1.468984e-01 4.484232e+00
6.606934e+00 3.069535e-02 1.405453e-01 1.438582e-01 4.578717e+00
6.760830e+00 2.946235e-02 1.377543e-01 1.408697e-01 4.675604e+00
6.918310e+00 2.827335e-02 1.350038e-01 1.379326e-01 4.774946e+00
7.079458e+00 2.712721e-02 1.322940e-01 1.350466e-01 4.876798e+00
7.244360e+00 2.602278e-02 1.296251e-01 1.322113e-01 4.981215e+00
7.413102e+00 2.495890e-02 1.269972e-01 1.294266e-01 5.088254e+00
7.585776e+00 2.393442e-02 1.244104e-01 1.266918e-01 5.197971e+00
7.762471e+00 2.294822e-02 1.218649e-01 1.240067e-01 5.310428e+00
7.943282e+00 2.199915e-02 1.193604e-01 1.213708e-01 5.425683e+00
8.128305e+00 2.108609e-02 1.168971e-01 1.187836e-01 5.543801e+00
8.317638e+00 2.020794e-02 1.144748e-01 1.162448e-01 5.664843e+00
8.511380e+00 1.936360e-02 1.120935e-01 1.137536e-01 5.788875e+00
8.709636e+00 1.855198e-02 1.097529e-01 1.113098e-01 5.915964e+00
8.912509e+00 1.777203e-02 1.074529e-01 1.089126e-01 6.046178e+00
9.120108e+00 1.702270e-02 1.051932e-01 1.065617e-01 6.179587e+00
9.332543e+00 1.630296e-02 1.029738e-01 1.042563e-01 6.316261e+00
9.549926e+00 1.561181e-02 1.007941e-01 1.019960e-01 6.456275e+00
9.772372e+00 1.494825e-02 9.865404e-02 9.978011e-02 6.599703e+00
1.000000e+01 1.431134e-02 9.655321e-02 9.760808e-02 6.746621e+00
