1.000000e-06 3.674451e+01 3.896417e-01 3.674658e+01 1.060408e-02
1.023293e-06 3.674419e+01 3.987119e-01 3.674636e+01 1.085102e-02
1.047129e-06 3.674386e+01 4.079930e-01 3.674613e+01 1.110371e-02
1.071519e-06 3.674351e+01 4.174899e-01 3.674588e+01 1.136227e-02
1.096478e-06 3.674315e+01 4.272074e-01 3.674563e+01 1.162686e-02
1.122018e-06 3.674276e+01 4.371508e-01 3.674537e+01 1.189760e-02
1.148154e-06 3.674236e+01 4.473253e-01 3.674509e+01 1.217465e-02
1.174898e-06 3.674195e+01 4.577362e-01 3.674480e+01 1.245814e-02
1.202264e-06 3.674151e+01 4.683890e-01 3.674449e+01 1.274823e-02
1.230269e-06 3.674105e+01 4.792893e-01 3.674417e+01 1.304506e-02
1.258925e-06 3.674057e+01 4.904428e-01 3.674384e+01 1.334881e-02
1.288250e-06 3.674006e+01 5.018553e-01 3.674349e+01 1.365962e-02
1.318257e-06 3.673954e+01 5.135328e-01 3.674312e+01 1.397766e-02
1.348963e-06 3.673898e+01 5.254814e-01 3.674274e+01 1.430310e-02
1.380384e-06 3.673840e+01 5.377075e-01 3.674234e+01 1.463611e-02
1.412538e-06 3.673780e+01 5.502173e-01 3.674192e+01 1.497687e-02
1.445440e-06 3.673717e+01 5.630174e-01 3.674148e+01 1.532555e-02
1.479108e-06 3.673650e+01 5.761146e-01 3.674102e+01 1.568235e-02
1.513561e-06 3.673581e+01 5.895156e-01 3.674054e+01 1.604744e-02
1.548817e-06 3.673508e+01 6.032274e-01 3.674003e+01 1.642102e-02
1.584893e-06 3.673432e+01 6.172572e-01 3.673950e+01 1.680328e-02
1.621810e-06 3.673352e+01 6.316122e-01 3.673895e+01 1.719444e-02
1.659587e-06 3.673268e+01 6.463001e-01 3.673837e+01 1.759469e-02
1.698244e-06 3.673181e+01 6.613283e-01 3.673776e+01 1.800424e-02
1.737801e-06 3.673089e+01 6.767047e-01 3.673713e+01 1.842331e-02
1.778279e-06 3.672993e+01 6.924372e-01 3.673646e+01 1.885212e-02
1.819701e-06 3.672893e+01 7.085341e-01 3.673576e+01 1.929090e-02
1.862087e-06 3.672788e+01 7.250037e-01 3.673503e+01 1.973987e-02
1.905461e-06 3.672678e+01 7.418544e-01 3.673427e+01 2.019928e-02
1.949845e-06 3.672563e+01 7.590950e-01 3.673347e+01 2.066936e-02
1.995262e-06 3.672442e+01 7.767344e-01 3.673263e+01 2.115035e-02
2.041738e-06 3.672316e+01 7.947816e-01 3.673175e+01 2.164252e-02
2.089296e-06 3.672183e+01 8.132460e-01 3.673084e+01 2.214612e-02
2.137962e-06 3.672045e+01 8.321370e-01 3.672988e+01 2.266141e-02
2.187762e-06 3.671900e+01 8.514643e-01 3.672887e+01 2.318866e-02
2.238721e-06 3.671748e+01 8.712379e-01 3.672781e+01 2.372815e-02
2.290868e-06 3.671589e+01 8.914678e-01 3.672671e+01 2.428016e-02
2.344229e-06 3.671423e+01 9.121643e-01 3.672556e+01 2.484498e-02
2.398833e-06 3.671248e+01 9.333380e-01 3.672435e+01 2.542291e-02
2.454709e-06 3.671066e+01 9.549998e-01 3.672308e+01 2.601424e-02
2.511886e-06 3.670875e+01 9.771604e-01 3.672175e+01 2.661928e-02
2.570396e-06 3.670675e+01 9.998313e-01 3.672036e+01 2.723835e-02
2.630268e-06 3.670466e+01 1.023024e+00 3.671891e+01 2.787177e-02
2.691535e-06 3.670247e+01 1.046750e+00 3.671739e+01 2.851987e-02
2.754229e-06 3.670017e+01 1.071021e+00 3.671580e+01 2.918299e-02
2.818383e-06 3.669777e+01 1.095849e+00 3.671413e+01 2.986147e-02
2.884032e-06 3.669526e+01 1.121248e+00 3.671238e+01 3.055566e-02
2.951209e-06 3.669262e+01 1.147229e+00 3.671055e+01 3.126592e-02
3.019952e-06 3.668987e+01 1.173805e+00 3.670864e+01 3.199263e-02
3.090295e-06 3.668698e+01 1.200990e+00 3.670664e+01 3.273614e-02
3.162278e-06 3.668396e+01 1.228797e+00 3.670454e+01 3.349686e-02
3.235937e-06 3.668080e+01 1.257240e+00 3.670234e+01 3.427516e-02
3.311311e-06 3.667749e+01 1.286333e+00 3.670004e+01 3.507146e-02
3.388442e-06 3.667403e+01 1.316090e+00 3.669763e+01 3.588615e-02
3.467369e-06 3.667040e+01 1.346525e+00 3.669511e+01 3.671967e-02
3.548134e-06 3.666661e+01 1.377653e+00 3.669248e+01 3.757243e-02
3.630781e-06 3.666263e+01 1.409490e+00 3.668972e+01 3.844487e-02
3.715352e-06 3.665847e+01 1.442050e+00 3.668682e+01 3.933743e-02
3.801894e-06 3.665412e+01 1.475350e+00 3.668380e+01 4.025058e-02
3.890451e-06 3.664956e+01 1.509404e+00 3.668063e+01 4.118478e-02
3.981072e-06 3.664479e+01 1.544230e+00 3.667732e+01 4.214049e-02
4.073803e-06 3.663980e+01 1.579843e+00 3.667384e+01 4.311821e-02
4.168694e-06 3.663458e+01 1.616260e+00 3.667021e+01 4.411843e-02
4.265795e-06 3.662911e+01 1.653498e+00 3.666641e+01 4.514165e-02
4.365158e-06 3.662338e+01 1.691575e+00 3.666243e+01 4.618839e-02
4.466836e-06 3.661739e+01 1.730508e+00 3.665826e+01 4.725917e-02
4.570882e-06 3.661112e+01 1.770314e+00 3.665390e+01 4.835454e-02
4.677351e-06 3.660456e+01 1.811012e+00 3.664934e+01 4.947503e-02
4.786301e-06 3.659770e+01 1.852619e+00 3.664456e+01 5.062120e-02
4.897788e-06 3.659052e+01 1.895155e+00 3.663956e+01 5.179363e-02
5.011872e-06 3.658300e+01 1.938639e+00 3.663433e+01 5.299288e-02
5.128614e-06 3.657513e+01 1.983088e+00 3.662885e+01 5.421957e-02
5.248075e-06 3.656690e+01 2.028522e+00 3.662312e+01 5.547427e-02
5.370318e-06 3.655829e+01 2.074962e+00 3.661713e+01 5.675762e-02
5.495409e-06 3.654928e+01 2.122425e+00 3.661085e+01 5.807024e-02
5.623413e-06 3.653985e+01 2.170933e+00 3.660428e+01 5.941275e-02
5.754399e-06 3.652999e+01 2.220505e+00 3.659741e+01 6.078582e-02
5.888437e-06 3.651967e+01 2.271162e+00 3.659022e+01 6.219011e-02
6.025596e-06 3.650888e+01 2.322924e+00 3.658270e+01 6.362627e-02
6.165950e-06 3.649759e+01 2.375811e+00 3.657483e+01 6.509501e-02
6.309573e-06 3.648577e+01 2.429844e+00 3.656660e+01 6.659701e-02
6.456542e-06 3.647342e+01 2.485043e+00 3.655798e+01 6.813299e-02
6.606934e-06 3.646050e+01 2.541430e+00 3.654897e+01 6.970366e-02
6.760830e-06 3.644699e+01 2.599026e+00 3.653954e+01 7.130975e-02
6.918310e-06 3.643286e+01 2.657850e+00 3.652968e+01 7.295201e-02
7.079458e-06 3.641808e+01 2.717925e+00 3.651936e+01 7.463120e-02
7.244360e-06 3.640263e+01 2.779270e+00 3.650857e+01 7.634807e-02
7.413102e-06 3.638647e+01 2.841907e+00 3.649728e+01 7.810341e-02
7.585776e-06 3.636958e+01 2.905857e+00 3.648548e+01 7.989801e-02
7.762471e-06 3.635192e+01 2.971139e+00 3.647313e+01 8.173266e-02
7.943282e-06 3.633345e+01 3.037774e+00 3.646022e+01 8.360818e-02
8.128305e-06 3.631416e+01 3.105782e+00 3.644673e+01 8.552538e-02
8.317638e-06 3.629399e+01 3.175183e+00 3.643261e+01 8.748510e-02
8.511380e-06 3.627291e+01 3.245996e+00 3.641785e+01 8.948817e-02
8.709636e-06 3.625088e+01 3.318240e+00 3.640243e+01 9.153545e-02
8.912509e-06 3.622786e+01 3.391934e+00 3.638630e+01 9.362780e-02
9.120108e-06 3.620381e+01 3.467096e+00 3.636944e+01 9.576607e-02
9.332543e-06 3.617868e+01 3.543743e+00 3.635182e+01 9.795115e-02
9.549926e-06 3.615243e+01 3.621892e+00 3.633341e+01 1.001839e-01
9.772372e-06 3.612501e+01 3.701558e+00 3.631416e+01 1.024652e-01
1.000000e-05 3.609638e+01 3.782758e+00 3.629405e+01 1.047960e-01
1.023293e-05 3.606648e+01 3.865504e+00 3.627304e+01 1.071772e-01
1.047129e-05 3.603526e+01 3.949811e+00 3.625109e+01 1.096096e-01
1.071519e-05 3.600267e+01 4.035690e+00 3.622816e+01 1.120942e-01
1.096478e-05 3.596865e+01 4.123152e+00 3.620420e+01 1.146318e-01
1.122018e-05 3.593315e+01 4.212207e+00 3.617919e+01 1.172234e-01
1.148154e-05 3.589609e+01 4.302862e+00 3.615307e+01 1.198699e-01
1.174898e-05 3.585743e+01 4.395124e+00 3.612579e+01 1.225722e-01
1.202264e-05 3.581710e+01 4.488997e+00 3.609731e+01 1.253311e-01
1.230269e-05 3.577504e+01 4.584485e+00 3.606759e+01 1.281476e-01
1.258925e-05 3.573117e+01 4.681587e+00 3.603656e+01 1.310225e-01
1.288250e-05 3.568543e+01 4.780304e+00 3.600419e+01 1.339567e-01
1.318257e-05 3.563775e+01 4.880630e+00 3.597041e+01 1.369511e-01
1.348963e-05 3.558806e+01 4.982560e+00 3.593516e+01 1.400065e-01
1.380384e-05 3.553628e+01 5.086086e+00 3.589840e+01 1.431238e-01
1.412538e-05 3.548233e+01 5.191195e+00 3.586007e+01 1.463037e-01
1.445440e-05 3.542614e+01 5.297873e+00 3.582009e+01 1.495470e-01
1.479108e-05 3.536763e+01 5.406102e+00 3.577842e+01 1.528545e-01
1.513561e-05 3.530672e+01 5.515861e+00 3.573499e+01 1.562269e-01
1.548817e-05 3.524332e+01 5.627126e+00 3.568972e+01 1.596650e-01
1.584893e-05 3.517736e+01 5.739868e+00 3.564257e+01 1.631694e-01
1.621810e-05 3.510874e+01 5.854054e+00 3.559345e+01 1.667407e-01
1.659587e-05 3.503738e+01 5.969649e+00 3.554230e+01 1.703794e-01
1.698244e-05 3.496319e+01 6.086611e+00 3.548904e+01 1.740863e-01
1.737801e-05 3.488609e+01 6.204896e+00 3.543360e+01 1.778616e-01
1.778279e-05 3.480599e+01 6.324452e+00 3.537592e+01 1.817059e-01
1.819701e-05 3.472279e+01 6.445225e+00 3.531591e+01 1.856194e-01
1.862087e-05 3.463641e+01 6.567155e+00 3.525349e+01 1.896026e-01
1.905461e-05 3.454676e+01 6.690176e+00 3.518860e+01 1.936557e-01
1.949845e-05 3.445375e+01 6.814217e+00 3.512114e+01 1.977786e-01
1.995262e-05 3.435730e+01 6.939201e+00 3.505105e+01 2.019717e-01
2.041738e-05 3.425730e+01 7.065045e+00 3.497824e+01 2.062347e-01
2.089296e-05 3.415369e+01 7.191662e+00 3.490264e+01 2.105677e-01
2.137962e-05 3.404637e+01 7.318956e+00 3.482416e+01 2.149702e-01
2.187762e-05 3.393526e+01 7.446825e+00 3.474272e+01 2.194421e-01
2.238721e-05 3.382028e+01 7.575164e+00 3.465825e+01 2.239829e-01
2.290868e-05 3.370135e+01 7.703857e+00 3.457066e+01 2.285919e-01
2.344229e-05 3.357841e+01 7.832786e+00 3.447988e+01 2.332685e-01
2.398833e-05 3.345137e+01 7.961822e+00 3.438583e+01 2.380118e-01
2.454709e-05 3.332018e+01 8.090833e+00 3.428843e+01 2.428208e-01
2.511886e-05 3.318477e+01 8.219678e+00 3.418760e+01 2.476943e-01
2.570396e-05 3.304509e+01 8.348213e+00 3.408329e+01 2.526310e-01
2.630268e-05 3.290108e+01 8.476284e+00 3.397541e+01 2.576294e-01
2.691535e-05 3.275270e+01 8.603734e+00 3.386390e+01 2.626878e-01
2.754229e-05 3.259991e+01 8.730397e+00 3.374869e+01 2.678043e-01
2.818383e-05 3.244269e+01 8.856104e+00 3.362973e+01 2.729769e-01
2.884032e-05 3.228101e+01 8.980681e+00 3.350695e+01 2.782033e-01
2.951209e-05 3.211485e+01 9.103946e+00 3.338031e+01 2.834809e-01
3.019952e-05 3.194421e+01 9.225715e+00 3.324976e+01 2.888071e-01
3.090295e-05 3.176910e+01 9.345800e+00 3.311525e+01 2.941789e-01
3.162278e-05 3.158953e+01 9.464007e+00 3.297675e+01 2.995931e-01
3.235937e-05 3.140553e+01 9.580142e+00 3.283423e+01 3.050463e-01
3.311311e-05 3.121713e+01 9.694006e+00 3.268765e+01 3.105349e-01
3.388442e-05 3.102437e+01 9.805400e+00 3.253702e+01 3.160548e-01
3.467369e-05 3.082732e+01 9.914123e+00 3.238230e+01 3.216019e-01
3.548134e-05 3.062604e+01 1.001997e+01 3.222351e+01 3.271717e-01
3.630781e-05 3.042062e+01 1.012275e+01 3.206064e+01 3.327595e-01
3.715352e-05 3.021116e+01 1.022226e+01 3.189371e+01 3.383604e-01
3.801894e-05 2.999775e+01 1.031830e+01 3.172274e+01 3.439690e-01
3.890451e-05 2.978053e+01 1.041067e+01 3.154777e+01 3.495799e-01
3.981072e-05 2.955961e+01 1.049920e+01 3.136883e+01 3.551872e-01
4.073803e-05 2.933515e+01 1.058368e+01 3.118598e+01 3.607850e-01
4.168694e-05 2.910730e+01 1.066395e+01 3.099927e+01 3.663668e-01
4.265795e-05 2.887623e+01 1.073983e+01 3.080877e+01 3.719263e-01
4.365158e-05 2.864212e+01 1.081115e+01 3.061457e+01 3.774565e-01
4.466836e-05 2.840516e+01 1.087777e+01 3.041675e+01 3.829505e-01
4.570882e-05 2.816555e+01 1.093953e+01 3.021542e+01 3.884011e-01
4.677351e-05 2.792351e+01 1.099630e+01 3.001068e+01 3.938009e-01
4.786301e-05 2.767925e+01 1.104795e+01 2.980265e+01 3.991422e-01
4.897788e-05 2.743300e+01 1.109438e+01 2.959146e+01 4.044173e-01
5.011872e-05 2.718500e+01 1.113547e+01 2.937726e+01 4.096183e-01
5.128614e-05 2.693550e+01 1.117116e+01 2.916018e+01 4.147372e-01
5.248075e-05 2.668475e+01 1.120135e+01 2.894039e+01 4.197659e-01
5.370318e-05 2.643299e+01 1.122599e+01 2.871804e+01 4.246962e-01
5.495409e-05 2.618049e+01 1.124505e+01 2.849332e+01 4.295200e-01
5.623413e-05 2.592752e+01 1.125848e+01 2.826640e+01 4.342291e-01
5.754399e-05 2.567432e+01 1.126628e+01 2.803747e+01 4.388152e-01
5.888437e-05 2.542117e+01 1.126845e+01 2.780672e+01 4.432704e-01
6.025596e-05 2.516833e+01 1.126501e+01 2.757436e+01 4.475867e-01
6.165950e-05 2.491605e+01 1.125598e+01 2.734057e+01 4.517562e-01
6.309573e-05 2.466461e+01 1.124142e+01 2.710558e+01 4.557712e-01
6.456542e-05 2.441425e+01 1.122138e+01 2.686959e+01 4.596244e-01
6.606934e-05 2.416522e+01 1.119595e+01 2.663282e+01 4.633085e-01
6.760830e-05 2.391776e+01 1.116521e+01 2.639547e+01 4.668168e-01
6.918310e-05 2.367211e+01 1.112927e+01 2.615778e+01 4.701425e-01
7.079458e-05 2.342850e+01 1.108823e+01 2.591995e+01 4.732796e-01
7.244360e-05 2.318716e+01 1.104224e+01 2.568220e+01 4.762223e-01
7.413102e-05 2.294828e+01 1.099143e+01 2.544474e+01 4.789652e-01
7.585776e-05 2.271207e+01 1.093594e+01 2.520779e+01 4.815036e-01
7.762471e-05 2.247872e+01 1.087594e+01 2.497156e+01 4.838329e-01
7.943282e-05 2.224840e+01 1.081160e+01 2.473625e+01 4.859494e-01
8.128305e-05 2.202129e+01 1.074308e+01 2.450206e+01 4.878498e-01
8.317638e-05 2.179754e+01 1.067058e+01 2.426920e+01 4.895315e-01
8.511380e-05 2.157728e+01 1.059428e+01 2.403784e+01 4.909921e-01
8.709636e-05 2.136066e+01 1.051436e+01 2.380818e+01 4.922304e-01
8.912509e-05 2.114778e+01 1.043104e+01 2.358040e+01 4.932452e-01
9.120108e-05 2.093875e+01 1.034451e+01 2.335466e+01 4.940364e-01
9.332543e-05 2.073367e+01 1.025496e+01 2.313113e+01 4.946042e-01
9.549926e-05 2.053261e+01 1.016261e+01 2.290997e+01 4.949496e-01
9.772372e-05 2.033564e+01 1.006765e+01 2.269131e+01 4.950742e-01
1.000000e-04 2.014281e+01 9.970289e+00 2.247531e+01 4.949800e-01
1.023293e-04 1.995417e+01 9.870728e+00 2.226208e+01 4.946698e-01
1.047129e-04 1.976976e+01 9.769165e+00 2.205176e+01 4.941469e-01
1.071519e-04 1.958959e+01 9.665798e+00 2.184444e+01 4.934151e-01
1.096478e-04 1.941367e+01 9.560819e+00 2.164023e+01 4.924788e-01
1.122018e-04 1.924200e+01 9.454419e+00 2.143923e+01 4.913428e-01
1.148154e-04 1.907458e+01 9.346783e+00 2.124152e+01 4.900124e-01
1.174898e-04 1.891140e+01 9.238091e+00 2.104717e+01 4.884933e-01
1.202264e-04 1.875241e+01 9.128519e+00 2.085624e+01 4.867917e-01
1.230269e-04 1.859760e+01 9.018235e+00 2.066880e+01 4.849140e-01
1.258925e-04 1.844691e+01 8.907405e+00 2.048488e+01 4.828670e-01
1.288250e-04 1.830031e+01 8.796186e+00 2.030453e+01 4.806579e-01
1.318257e-04 1.815773e+01 8.684729e+00 2.012778e+01 4.782938e-01
1.348963e-04 1.801912e+01 8.573179e+00 1.995465e+01 4.757823e-01
1.380384e-04 1.788442e+01 8.461675e+00 1.978516e+01 4.731311e-01
1.412538e-04 1.775355e+01 8.350347e+00 1.961930e+01 4.703480e-01
1.445440e-04 1.762645e+01 8.239322e+00 1.945708e+01 4.674409e-01
1.479108e-04 1.750303e+01 8.128716e+00 1.929850e+01 4.644178e-01
1.513561e-04 1.738321e+01 8.018642e+00 1.914353e+01 4.612865e-01
1.548817e-04 1.726693e+01 7.909205e+00 1.899216e+01 4.580552e-01
1.584893e-04 1.715408e+01 7.800502e+00 1.884437e+01 4.547316e-01
1.621810e-04 1.704459e+01 7.692626e+00 1.870012e+01 4.513236e-01
1.659587e-04 1.693837e+01 7.585662e+00 1.855938e+01 4.478390e-01
1.698244e-04 1.683533e+01 7.479689e+00 1.842211e+01 4.442853e-01
1.737801e-04 1.673538e+01 7.374782e+00 1.828826e+01 4.406701e-01
1.778279e-04 1.663844e+01 7.271008e+00 1.815779e+01 4.370006e-01
1.819701e-04 1.654441e+01 7.168429e+00 1.803064e+01 4.332840e-01
1.862087e-04 1.645321e+01 7.067103e+00 1.790676e+01 4.295273e-01
1.905461e-04 1.636476e+01 6.967081e+00 1.778610e+01 4.257370e-01
1.949845e-04 1.627895e+01 6.868411e+00 1.766860e+01 4.219197e-01
1.995262e-04 1.619572e+01 6.771135e+00 1.755419e+01 4.180818e-01
2.041738e-04 1.611497e+01 6.675290e+00 1.744282e+01 4.142291e-01
2.089296e-04 1.603663e+01 6.580912e+00 1.733441e+01 4.103676e-01
2.137962e-04 1.596060e+01 6.488030e+00 1.722891e+01 4.065028e-01
2.187762e-04 1.588682e+01 6.396671e+00 1.712625e+01 4.026400e-01
2.238721e-04 1.581521e+01 6.306858e+00 1.702637e+01 3.987843e-01
2.290868e-04 1.574568e+01 6.218611e+00 1.692920e+01 3.949406e-01
2.344229e-04 1.567818e+01 6.131947e+00 1.683466e+01 3.911135e-01
2.398833e-04 1.561261e+01 6.046880e+00 1.674271e+01 3.873074e-01
2.454709e-04 1.554892e+01 5.963424e+00 1.665327e+01 3.835265e-01
2.511886e-04 1.548704e+01 5.881587e+00 1.656627e+01 3.797748e-01
2.570396e-04 1.542690e+01 5.801378e+00 1.648166e+01 3.760560e-01
2.630268e-04 1.536844e+01 5.722802e+00 1.639937e+01 3.723737e-01
2.691535e-04 1.531159e+01 5.645865e+00 1.631933e+01 3.687314e-01
2.754229e-04 1.525630e+01 5.570568e+00 1.624149e+01 3.651323e-01
2.818383e-04 1.520251e+01 5.496915e+00 1.616578e+01 3.615793e-01
2.884032e-04 1.515017e+01 5.424906e+00 1.609215e+01 3.580756e-01
2.951209e-04 1.509922e+01 5.354540e+00 1.602053e+01 3.546237e-01
3.019952e-04 1.504960e+01 5.285816e+00 1.595087e+01 3.512264e-01
3.090295e-04 1.500127e+01 5.218733e+00 1.588311e+01 3.478861e-01
3.162278e-04 1.495418e+01 5.153289e+00 1.581720e+01 3.446053e-01
3.235937e-04 1.490828e+01 5.089480e+00 1.575308e+01 3.413862e-01
3.311311e-04 1.486352e+01 5.027305e+00 1.569070e+01 3.382311e-01
3.388442e-04 1.481986e+01 4.966758e+00 1.563000e+01 3.351420e-01
3.467369e-04 1.477726e+01 4.907838e+00 1.557094e+01 3.321210e-01
3.548134e-04 1.473567e+01 4.850539e+00 1.551347e+01 3.291699e-01
3.630781e-04 1.469505e+01 4.794859e+00 1.545753e+01 3.262907e-01
3.715352e-04 1.465536e+01 4.740794e+00 1.540308e+01 3.234852e-01
3.801894e-04 1.461657e+01 4.688339e+00 1.535007e+01 3.207551e-01
3.890451e-04 1.457862e+01 4.637490e+00 1.529845e+01 3.181022e-01
3.981072e-04 1.454148e+01 4.588245e+00 1.524817e+01 3.155280e-01
4.073803e-04 1.450513e+01 4.540599e+00 1.519920e+01 3.130341e-01
4.168694e-04 1.446950e+01 4.494549e+00 1.515148e+01 3.106222e-01
4.265795e-04 1.443458e+01 4.450089e+00 1.510498e+01 3.082936e-01
4.365158e-04 1.440032e+01 4.407218e+00 1.505964e+01 3.060500e-01
4.466836e-04 1.436669e+01 4.365931e+00 1.501543e+01 3.038927e-01
4.570882e-04 1.433365e+01 4.326225e+00 1.497230e+01 3.018231e-01
4.677351e-04 1.430116e+01 4.288095e+00 1.493020e+01 2.998425e-01
4.786301e-04 1.426919e+01 4.251538e+00 1.488910e+01 2.979524e-01
4.897788e-04 1.423770e+01 4.216550e+00 1.484895e+01 2.961539e-01
5.011872e-04 1.420666e+01 4.183126e+00 1.480971e+01 2.944483e-01
5.128614e-04 1.417602e+01 4.151263e+00 1.477135e+01 2.928369e-01
5.248075e-04 1.414577e+01 4.120957e+00 1.473380e+01 2.913208e-01
5.370318e-04 1.411585e+01 4.092201e+00 1.469705e+01 2.899012e-01
5.495409e-04 1.408623e+01 4.064992e+00 1.466103e+01 2.885792e-01
5.623413e-04 1.405687e+01 4.039324e+00 1.462572e+01 2.873558e-01
5.754399e-04 1.402775e+01 4.015192e+00 1.459107e+01 2.862321e-01
5.888437e-04 1.399881e+01 3.992588e+00 1.455704e+01 2.852091e-01
6.025596e-04 1.397003e+01 3.971508e+00 1.452359e+01 2.842877e-01
6.165950e-04 1.394137e+01 3.951943e+00 1.449067e+01 2.834688e-01
6.309573e-04 1.391279e+01 3.933887e+00 1.445825e+01 2.827533e-01
6.456542e-04 1.388425e+01 3.917331e+00 1.442629e+01 2.821421e-01
6.606934e-04 1.385571e+01 3.902266e+00 1.439474e+01 2.816358e-01
6.760830e-04 1.382715e+01 3.888683e+00 1.436356e+01 2.812354e-01
6.918310e-04 1.379851e+01 3.876571e+00 1.433271e+01 2.809413e-01
7.079458e-04 1.376976e+01 3.865920e+00 1.430216e+01 2.807543e-01
7.244360e-04 1.374087e+01 3.856718e+00 1.427185e+01 2.806750e-01
7.413102e-04 1.371179e+01 3.848953e+00 1.424175e+01 2.807040e-01
7.585776e-04 1.368248e+01 3.842611e+00 1.421182e+01 2.808417e-01
7.762471e-04 1.365291e+01 3.837677e+00 1.418202e+01 2.810885e-01
7.943282e-04 1.362304e+01 3.834136e+00 1.415231e+01 2.814450e-01
8.128305e-04 1.359283e+01 3.831972e+00 1.412264e+01 2.819113e-01
8.317638e-04 1.356224e+01 3.831168e+00 1.409298e+01 2.824879e-01
8.511380e-04 1.353123e+01 3.831704e+00 1.406329e+01 2.831749e-01
8.709636e-04 1.349976e+01 3.833562e+00 1.403353e+01 2.839725e-01
8.912509e-04 1.346780e+01 3.836720e+00 1.400365e+01 2.848809e-01
9.120108e-04 1.343531e+01 3.841156e+00 1.397362e+01 2.859000e-01
9.332543e-04 1.340224e+01 3.846847e+00 1.394340e+01 2.870300e-01
9.549926e-04 1.336857e+01 3.853768e+00 1.391295e+01 2.882708e-01
9.772372e-04 1.333425e+01 3.861894e+00 1.388224e+01 2.896221e-01
1.000000e-03 1.329925e+01 3.871197e+00 1.385121e+01 2.910839e-01
1.023293e-03 1.326352e+01 3.881650e+00 1.381985e+01 2.926560e-01
1.047129e-03 1.322705e+01 3.893220e+00 1.378811e+01 2.943378e-01
1.071519e-03 1.318978e+01 3.905879e+00 1.375595e+01 2.961292e-01
1.096478e-03 1.315169e+01 3.919592e+00 1.372334e+01 2.980296e-01
1.122018e-03 1.311273e+01 3.934326e+00 1.369024e+01 3.000386e-01
1.148154e-03 1.307289e+01 3.950045e+00 1.365662e+01 3.021554e-01
1.174898e-03 1.303213e+01 3.966712e+00 1.362245e+01 3.043795e-01
1.202264e-03 1.299041e+01 3.984289e+00 1.358769e+01 3.067101e-01
1.230269e-03 1.294771e+01 4.002737e+00 1.355231e+01 3.091464e-01
1.258925e-03 1.290400e+01 4.022013e+00 1.351627e+01 3.116874e-01
1.288250e-03 1.285925e+01 4.042076e+00 1.347956e+01 3.143323e-01
1.318257e-03 1.281343e+01 4.062883e+00 1.344214e+01 3.170800e-01
1.348963e-03 1.276653e+01 4.084388e+00 1.340398e+01 3.199293e-01
1.380384e-03 1.271852e+01 4.106545e+00 1.336505e+01 3.228791e-01
1.412538e-03 1.266939e+01 4.129308e+00 1.332534e+01 3.259280e-01
1.445440e-03 1.261910e+01 4.152628e+00 1.328481e+01 3.290748e-01
1.479108e-03 1.256765e+01 4.176456e+00 1.324344e+01 3.323179e-01
1.513561e-03 1.251502e+01 4.200742e+00 1.320121e+01 3.356559e-01
1.548817e-03 1.246120e+01 4.225435e+00 1.315811e+01 3.390872e-01
1.584893e-03 1.240618e+01 4.250484e+00 1.311411e+01 3.426102e-01
1.621810e-03 1.234995e+01 4.275838e+00 1.306921e+01 3.462230e-01
1.659587e-03 1.229251e+01 4.301444e+00 1.302337e+01 3.499240e-01
1.698244e-03 1.223384e+01 4.327248e+00 1.297659e+01 3.537113e-01
1.737801e-03 1.217396e+01 4.353200e+00 1.292887e+01 3.575829e-01
1.778279e-03 1.211286e+01 4.379245e+00 1.288018e+01 3.615370e-01
1.819701e-03 1.205054e+01 4.405331e+00 1.283053e+01 3.655713e-01
1.862087e-03 1.198701e+01 4.431407e+00 1.277990e+01 3.696840e-01
1.905461e-03 1.192229e+01 4.457419e+00 1.272830e+01 3.738728e-01
1.949845e-03 1.185637e+01 4.483317e+00 1.267571e+01 3.781356e-01
1.995262e-03 1.178928e+01 4.509049e+00 1.262215e+01 3.824701e-01
2.041738e-03 1.172104e+01 4.534567e+00 1.256762e+01 3.868742e-01
2.089296e-03 1.165165e+01 4.559822e+00 1.251211e+01 3.913456e-01
2.137962e-03 1.158114e+01 4.584765e+00 1.245564e+01 3.958820e-01
2.187762e-03 1.150953e+01 4.609351e+00 1.239820e+01 4.004811e-01
2.238721e-03 1.143685e+01 4.633534e+00 1.233982e+01 4.051407e-01
2.290868e-03 1.136313e+01 4.657273e+00 1.228051e+01 4.098584e-01
2.344229e-03 1.128838e+01 4.680524e+00 1.222027e+01 4.146319e-01
2.398833e-03 1.121265e+01 4.703248e+00 1.215912e+01 4.194590e-01
2.454709e-03 1.113596e+01 4.725407e+00 1.209707e+01 4.243375e-01
2.511886e-03 1.105835e+01 4.746965e+00 1.203416e+01 4.292650e-01
2.570396e-03 1.097986e+01 4.767889e+00 1.197038e+01 4.342395e-01
2.630268e-03 1.090051e+01 4.788146e+00 1.190578e+01 4.392588e-01
2.691535e-03 1.082035e+01 4.807706e+00 1.184036e+01 4.443208e-01
2.754229e-03 1.073941e+01 4.826543e+00 1.177415e+01 4.494234e-01
2.818383e-03 1.065774e+01 4.844632e+00 1.170717e+01 4.545646e-01
2.884032e-03 1.057537e+01 4.861948e+00 1.163946e+01 4.597427e-01
2.951209e-03 1.049234e+01 4.878472e+00 1.157103e+01 4.649556e-01
3.019952e-03 1.040869e+01 4.894186e+00 1.150191e+01 4.702017e-01
3.090295e-03 1.032447e+01 4.909072e+00 1.143214e+01 4.754793e-01
3.162278e-03 1.023971e+01 4.923118e+00 1.136173e+01 4.807867e-01
3.235937e-03 1.015446e+01 4.936312e+00 1.129072e+01 4.861225e-01
3.311311e-03 1.006875e+01 4.948643e+00 1.121913e+01 4.914852e-01
3.388442e-03 9.982627e+00 4.960105e+00 1.114699e+01 4.968737e-01
3.467369e-03 9.896126e+00 4.970691e+00 1.107434e+01 5.022866e-01
3.548134e-03 9.809288e+00 4.980399e+00 1.100120e+01 5.077228e-01
3.630781e-03 9.722149e+00 4.989226e+00 1.092761e+01 5.131814e-01
3.715352e-03 9.634748e+00 4.997173e+00 1.085358e+01 5.186615e-01
3.801894e-03 9.547120e+00 5.004240e+00 1.077914e+01 5.241623e-01
3.890451e-03 9.459301e+00 5.010432e+00 1.070434e+01 5.296831e-01
3.981072e-03 9.371325e+00 5.015753e+00 1.062918e+01 5.352234e-01
4.073803e-03 9.283224e+00 5.020208e+00 1.055371e+01 5.407828e-01
4.168694e-03 9.195031e+00 5.023805e+00 1.047794e+01 5.463609e-01
4.265795e-03 9.106776e+00 5.026553e+00 1.040190e+01 5.519574e-01
4.365158e-03 9.018488e+00 5.028460e+00 1.032562e+01 5.575724e-01
4.466836e-03 8.930195e+00 5.029536e+00 1.024913e+01 5.632056e-01
4.570882e-03 8.841924e+00 5.029793e+00 1.017244e+01 5.688573e-01
4.677351e-03 8.753701e+00 5.029243e+00 1.009557e+01 5.745276e-01
4.786301e-03 8.665548e+00 5.027896e+00 1.001856e+01 5.802168e-01
4.897788e-03 8.577489e+00 5.025767e+00 9.941411e+00 5.859252e-01
5.011872e-03 8.489545e+00 5.022868e+00 9.864156e+00 5.916533e-01
5.128614e-03 8.401736e+00 5.019211e+00 9.786810e+00 5.974016e-01
5.248075e-03 8.314081e+00 5.014810e+00 9.709391e+00 6.031707e-01
5.370318e-03 8.226598e+00 5.009679e+00 9.631916e+00 6.089612e-01
5.495409e-03 8.139303e+00 5.003830e+00 9.554401e+00 6.147738e-01
5.623413e-03 8.052211e+00 4.997278e+00 9.476860e+00 6.206094e-01
5.754399e-03 7.965337e+00 4.990033e+00 9.399310e+00 6.264686e-01
5.888437e-03 7.878694e+00 4.982109e+00 9.321761e+00 6.323522e-01
6.025596e-03 7.792294e+00 4.973519e+00 9.244227e+00 6.382612e-01
6.165950e-03 7.706149e+00 4.964274e+00 9.166719e+00 6.441964e-01
6.309573e-03 7.620270e+00 4.954384e+00 9.089249e+00 6.501586e-01
6.456542e-03 7.534667e+00 4.943862e+00 9.011825e+00 6.561486e-01
6.606934e-03 7.449350e+00 4.932717e+00 8.934456e+00 6.621674e-01
6.760830e-03 7.364328e+00 4.920958e+00 8.857153e+00 6.682156e-01
6.918310e-03 7.279608e+00 4.908596e+00 8.779921e+00 6.742940e-01
7.079458e-03 7.195201e+00 4.895638e+00 8.702769e+00 6.804033e-01
7.244360e-03 7.111113e+00 4.882093e+00 8.625704e+00 6.865442e-01
7.413102e-03 7.027353e+00 4.867968e+00 8.548731e+00 6.927172e-01
7.585776e-03 6.943928e+00 4.853270e+00 8.471857e+00 6.989228e-01
7.762471e-03 6.860846e+00 4.838004e+00 8.395088e+00 7.051615e-01
7.943282e-03 6.778115e+00 4.822178e+00 8.318428e+00 7.114335e-01
8.128305e-03 6.695743e+00 4.805797e+00 8.241884e+00 7.177391e-01
8.317638e-03 6.613738e+00 4.788865e+00 8.165461e+00 7.240784e-01
8.511380e-03 6.532108e+00 4.771387e+00 8.089164e+00 7.304514e-01
8.709636e-03 6.450861e+00 4.753368e+00 8.012997e+00 7.368579e-01
8.912509e-03 6.370007e+00 4.734812e+00 7.936967e+00 7.432978e-01
9.120108e-03 6.289555e+00 4.715724e+00 7.861078e+00 7.497707e-01
9.332543e-03 6.209513e+00 4.696106e+00 7.785336e+00 7.562760e-01
9.549926e-03 6.129892e+00 4.675963e+00 7.709747e+00 7.628132e-01
9.772372e-03 6.050702e+00 4.655298e+00 7.634317e+00 7.693815e-01
1.000000e-02 5.971953e+00 4.634117e+00 7.559052e+00 7.759801e-01
1.023293e-02 5.893657e+00 4.612423e+00 7.483959e+00 7.826080e-01
1.047129e-02 5.815824e+00 4.590220e+00 7.409043e+00 7.892640e-01
1.071519e-02 5.738465e+00 4.567513e+00 7.334314e+00 7.959469e-01
1.096478e-02 5.661593e+00 4.544308e+00 7.259777e+00 8.026553e-01
1.122018e-02 5.585219e+00 4.520609e+00 7.185442e+00 8.093879e-01
1.148154e-02 5.509356e+00 4.496422e+00 7.111316e+00 8.161429e-01
1.174898e-02 5.434015e+00 4.471753e+00 7.037407e+00 8.229188e-01
1.202264e-02 5.359209e+00 4.446609e+00 6.963725e+00 8.297137e-01
1.230269e-02 5.284951e+00 4.420998e+00 6.890278e+00 8.365257e-01
1.258925e-02 5.211253e+00 4.394926e+00 6.817076e+00 8.433530e-01
1.288250e-02 5.138127e+00 4.368402e+00 6.744129e+00 8.501935e-01
1.318257e-02 5.065585e+00 4.341434e+00 6.671447e+00 8.570450e-01
1.348963e-02 4.993640e+00 4.314032e+00 6.599039e+00 8.639053e-01
1.380384e-02 4.922304e+00 4.286206e+00 6.526917e+00 8.707723e-01
1.412538e-02 4.851588e+00 4.257965e+00 6.455089e+00 8.776436e-01
1.445440e-02 4.781504e+00 4.229321e+00 6.383568e+00 8.845168e-01
1.479108e-02 4.712063e+00 4.200284e+00 6.312363e+00 8.913895e-01
1.513561e-02 4.643276e+00 4.170866e+00 6.241485e+00 8.982593e-01
1.548817e-02 4.575153e+00 4.141079e+00 6.170945e+00 9.051236e-01
1.584893e-02 4.507704e+00 4.110936e+00 6.100753e+00 9.119800e-01
1.621810e-02 4.440939e+00 4.080449e+00 6.030921e+00 9.188258e-01
1.659587e-02 4.374867e+00 4.049632e+00 5.961458e+00 9.256585e-01
1.698244e-02 4.309496e+00 4.018499e+00 5.892375e+00 9.324754e-01
1.737801e-02 4.244835e+00 3.987062e+00 5.823683e+00 9.392738e-01
1.778279e-02 4.180891e+00 3.955337e+00 5.755392e+00 9.460512e-01
1.819701e-02 4.117671e+00 3.923337e+00 5.687512e+00 9.528048e-01
1.862087e-02 4.055182e+00 3.891077e+00 5.620052e+00 9.595319e-01
1.905461e-02 3.993430e+00 3.858572e+00 5.553023e+00 9.662298e-01
1.949845e-02 3.932421e+00 3.825836e+00 5.486433e+00 9.728958e-01
1.995262e-02 3.872158e+00 3.792884e+00 5.420293e+00 9.795271e-01
2.041738e-02 3.812648e+00 3.759732e+00 5.354612e+00 9.861211e-01
2.089296e-02 3.753893e+00 3.726395e+00 5.289398e+00 9.926749e-01
2.137962e-02 3.695896e+00 3.692888e+00 5.224660e+00 9.991859e-01
2.187762e-02 3.638662e+00 3.659225e+00 5.160406e+00 1.005651e+00
2.238721e-02 3.582191e+00 3.625423e+00 5.096644e+00 1.012069e+00
2.290868e-02 3.526486e+00 3.591497e+00 5.033383e+00 1.018435e+00
2.344229e-02 3.471547e+00 3.557461e+00 4.970630e+00 1.024748e+00
2.398833e-02 3.417376e+00 3.523331e+00 4.908393e+00 1.031005e+00
2.454709e-02 3.363973e+00 3.489122e+00 4.846678e+00 1.037203e+00
2.511886e-02 3.311336e+00 3.454849e+00 4.785492e+00 1.043340e+00
2.570396e-02 3.259466e+00 3.420527e+00 4.724841e+00 1.049413e+00
2.630268e-02 3.208361e+00 3.386171e+00 4.664733e+00 1.055421e+00
2.691535e-02 3.158019e+00 3.351795e+00 4.605172e+00 1.061360e+00
2.754229e-02 3.108437e+00 3.317414e+00 4.546165e+00 1.067229e+00
2.818383e-02 3.059612e+00 3.283042e+00 4.487716e+00 1.073025e+00
2.884032e-02 3.011542e+00 3.248694e+00 4.429830e+00 1.078748e+00
2.951209e-02 2.964222e+00 3.214383e+00 4.372513e+00 1.084393e+00
3.019952e-02 2.917648e+00 3.180123e+00 4.315768e+00 1.089961e+00
3.090295e-02 2.871814e+00 3.145928e+00 4.259599e+00 1.095450e+00
3.162278e-02 2.826717e+00 3.111811e+00 4.204009e+00 1.100857e+00
3.235937e-02 2.782348e+00 3.077785e+00 4.149002e+00 1.106182e+00
3.311311e-02 2.738704e+00 3.043862e+00 4.094581e+00 1.111424e+00
3.388442e-02 2.695776e+00 3.010055e+00 4.040747e+00 1.116582e+00
3.467369e-02 2.653558e+00 2.976375e+00 3.987503e+00 1.121655e+00
3.548134e-02 2.612042e+00 2.942835e+00 3.934850e+00 1.126642e+00
3.630781e-02 2.571220e+00 2.909446e+00 3.882788e+00 1.131543e+00
3.715352e-02 2.531084e+00 2.876218e+00 3.831320e+00 1.136358e+00
3.801894e-02 2.491625e+00 2.843161e+00 3.780445e+00 1.141087e+00
3.890451e-02 2.452835e+00 2.810286e+00 3.730162e+00 1.145730e+00
3.981072e-02 2.414704e+00 2.777602e+00 3.680472e+00 1.150287e+00
4.073803e-02 2.377223e+00 2.745119e+00 3.631372e+00 1.154759e+00
4.168694e-02 2.340381e+00 2.712844e+00 3.582863e+00 1.159146e+00
4.265795e-02 2.304170e+00 2.680786e+00 3.534941e+00 1.163450e+00
4.365158e-02 2.268578e+00 2.648951e+00 3.487605e+00 1.167670e+00
4.466836e-02 2.233595e+00 2.617349e+00 3.440852e+00 1.171810e+00
4.570882e-02 2.199212e+00 2.585984e+00 3.394679e+00 1.175868e+00
4.677351e-02 2.165416e+00 2.554863e+00 3.349082e+00 1.179848e+00
4.786301e-02 2.132199e+00 2.523991e+00 3.304058e+00 1.183750e+00
4.897788e-02 2.099548e+00 2.493373e+00 3.259603e+00 1.187577e+00
5.011872e-02 2.067453e+00 2.463015e+00 3.215712e+00 1.191328e+00
5.128614e-02 2.035904e+00 2.432919e+00 3.172381e+00 1.195007e+00
5.248075e-02 2.004889e+00 2.403090e+00 3.129604e+00 1.198615e+00
5.370318e-02 1.974399e+00 2.373530e+00 3.087377e+00 1.202153e+00
5.495409e-02 1.944422e+00 2.344243e+00 3.045694e+00 1.205624e+00
5.623413e-02 1.914949e+00 2.315229e+00 3.004549e+00 1.209029e+00
5.754399e-02 1.885969e+00 2.286491e+00 2.963937e+00 1.212370e+00
5.888437e-02 1.857471e+00 2.258031e+00 2.923851e+00 1.215648e+00
6.025596e-02 1.829447e+00 2.229849e+00 2.884286e+00 1.218865e+00
6.165950e-02 1.801887e+00 2.201945e+00 2.845234e+00 1.222022e+00
6.309573e-02 1.774780e+00 2.174321e+00 2.806691e+00 1.225121e+00
6.456542e-02 1.748119e+00 2.146975e+00 2.768650e+00 1.228163e+00
6.606934e-02 1.721893e+00 2.119908e+00 2.731103e+00 1.231150e+00
6.760830e-02 1.696094e+00 2.093119e+00 2.694045e+00 1.234082e+00
6.918310e-02 1.670714e+00 2.066606e+00 2.657470e+00 1.236960e+00
7.079458e-02 1.645744e+00 2.040369e+00 2.621370e+00 1.239785e+00
7.244360e-02 1.621178e+00 2.014407e+00 2.585740e+00 1.242558e+00
7.413102e-02 1.597006e+00 1.988718e+00 2.550574e+00 1.245279e+00
7.585776e-02 1.573222e+00 1.963300e+00 2.515864e+00 1.247948e+00
7.762471e-02 1.549819e+00 1.938151e+00 2.481606e+00 1.250566e+00
7.943282e-02 1.526789e+00 1.913270e+00 2.447793e+00 1.253133e+00
8.128305e-02 1.504127e+00 1.888655e+00 2.414419e+00 1.255649e+00
8.317638e-02 1.481826e+00 1.864304e+00 2.381478e+00 1.258112e+00
8.511380e-02 1.459881e+00 1.840214e+00 2.348965e+00 1.260523e+00
8.709636e-02 1.438284e+00 1.816384e+00 2.316875e+00 1.262882e+00
8.912509e-02 1.417032e+00 1.792811e+00 2.285202e+00 1.265187e+00
9.120108e-02 1.396118e+00 1.769493e+00 2.253941e+00 1.267438e+00
9.332543e-02 1.375538e+00 1.746429e+00 2.223088e+00 1.269634e+00
9.549926e-02 1.355286e+00 1.723616e+00 2.192636e+00 1.271773e+00
9.772372e-02 1.335358e+00 1.701053e+00 2.162582e+00 1.273855e+00
1.000000e-01 1.315750e+00 1.678736e+00 2.132921e+00 1.275878e+00
1.023293e-01 1.296456e+00 1.656666e+00 2.103649e+00 1.277842e+00
1.047129e-01 1.277473e+00 1.634839e+00 2.074762e+00 1.279744e+00
1.071519e-01 1.258797e+00 1.613254e+00 2.046255e+00 1.281584e+00
1.096478e-01 1.240424e+00 1.591910e+00 2.018125e+00 1.283360e+00
1.122018e-01 1.222349e+00 1.570804e+00 1.990367e+00 1.285070e+00
1.148154e-01 1.204569e+00 1.549936e+00 1.962979e+00 1.286714e+00
1.174898e-01 1.187081e+00 1.529303e+00 1.935957e+00 1.288289e+00
1.202264e-01 1.169880e+00 1.508906e+00 1.909297e+00 1.289796e+00
1.230269e-01 1.152963e+00 1.488741e+00 1.882996e+00 1.291231e+00
1.258925e-01 1.136326e+00 1.468809e+00 1.857051e+00 1.292595e+00
1.288250e-01 1.119966e+00 1.449108e+00 1.831458e+00 1.293886e+00
1.318257e-01 1.103880e+00 1.429637e+00 1.806215e+00 1.295102e+00
1.348963e-01 1.088063e+00 1.410396e+00 1.781319e+00 1.296244e+00
1.380384e-01 1.072514e+00 1.391382e+00 1.756767e+00 1.297310e+00
1.412538e-01 1.057226e+00 1.372597e+00 1.732556e+00 1.298299e+00
1.445440e-01 1.042199e+00 1.354038e+00 1.708683e+00 1.299212e+00
1.479108e-01 1.027427e+00 1.335705e+00 1.685145e+00 1.300048e+00
1.513561e-01 1.012908e+00 1.317597e+00 1.661940e+00 1.300806e+00
1.548817e-01 9.986383e-01 1.299714e+00 1.639065e+00 1.301486e+00
1.584893e-01 9.846136e-01 1.282055e+00 1.616518e+00 1.302090e+00
1.621810e-01 9.708307e-01 1.264620e+00 1.594295e+00 1.302616e+00
1.659587e-01 9.572861e-01 1.247407e+00 1.572394e+00 1.303066e+00
1.698244e-01 9.439760e-01 1.230417e+00 1.550812e+00 1.303441e+00
1.737801e-01 9.308968e-01 1.213649e+00 1.529547e+00 1.303742e+00
1.778279e-01 9.180448e-01 1.197102e+00 1.508596e+00 1.303969e+00
1.819701e-01 9.054163e-01 1.180776e+00 1.487955e+00 1.304125e+00
1.862087e-01 8.930074e-01 1.164670e+00 1.467624e+00 1.304211e+00
1.905461e-01 8.808144e-01 1.148784e+00 1.447598e+00 1.304229e+00
1.949845e-01 8.688333e-01 1.133117e+00 1.427874e+00 1.304182e+00
1.995262e-01 8.570604e-01 1.117667e+00 1.408451e+00 1.304071e+00
2.041738e-01 8.454917e-01 1.102436e+00 1.389324e+00 1.303899e+00
2.089296e-01 8.341232e-01 1.087421e+00 1.370492e+00 1.303670e+00
2.137962e-01 8.229512e-01 1.072623e+00 1.351950e+00 1.303386e+00
2.187762e-01 8.119714e-01 1.058040e+00 1.333697e+00 1.303051e+00
2.238721e-01 8.011800e-01 1.043672e+00 1.315728e+00 1.302668e+00
2.290868e-01 7.905729e-01 1.029517e+00 1.298041e+00 1.302242e+00
2.344229e-01 7.801462e-01 1.015575e+00 1.280633e+00 1.301775e+00
2.398833e-01 7.698957e-01 1.001845e+00 1.263500e+00 1.301273e+00
2.454709e-01 7.598174e-01 9.883252e-01 1.246639e+00 1.300740e+00
2.511886e-01 7.499073e-01 9.750151e-01 1.230047e+00 1.300181e+00
2.570396e-01 7.401613e-01 9.619135e-01 1.213720e+00 1.299600e+00
2.630268e-01 7.305754e-01 9.490189e-01 1.197655e+00 1.299002e+00
2.691535e-01 7.211456e-01 9.363302e-01 1.181848e+00 1.298393e+00
2.754229e-01 7.118678e-01 9.238460e-01 1.166296e+00 1.297777e+00
2.818383e-01 7.027381e-01 9.115649e-01 1.150996e+00 1.297162e+00
2.884032e-01 6.937523e-01 8.994853e-01 1.135943e+00 1.296551e+00
2.951209e-01 6.849067e-01 8.876058e-01 1.121134e+00 1.295951e+00
3.019952e-01 6.761971e-01 8.759246e-01 1.106565e+00 1.295369e+00
3.090295e-01 6.676196e-01 8.644402e-01 1.092233e+00 1.294809e+00
3.162278e-01 6.591705e-01 8.531508e-01 1.078134e+00 1.294279e+00
3.235937e-01 6.508457e-01 8.420545e-01 1.064263e+00 1.293785e+00
3.311311e-01 6.426415e-01 8.311496e-01 1.050618e+00 1.293333e+00
3.388442e-01 6.345541e-01 8.204341e-01 1.037194e+00 1.292930e+00
3.467369e-01 6.265796e-01 8.099060e-01 1.023987e+00 1.292583e+00
3.548134e-01 6.187144e-01 7.995632e-01 1.010994e+00 1.292298e+00
3.630781e-01 6.109547e-01 7.894037e-01 9.982103e-01 1.292082e+00
3.715352e-01 6.032970e-01 7.794253e-01 9.856323e-01 1.291943e+00
3.801894e-01 5.957375e-01 7.696257e-01 9.732558e-01 1.291887e+00
3.890451e-01 5.882729e-01 7.600027e-01 9.610771e-01 1.291922e+00
3.981072e-01 5.808995e-01 7.505539e-01 9.490919e-01 1.292055e+00
4.073803e-01 5.736139e-01 7.412770e-01 9.372964e-01 1.292293e+00
4.168694e-01 5.664127e-01 7.321695e-01 9.256865e-01 1.292643e+00
4.265795e-01 5.592925e-01 7.232288e-01 9.142581e-01 1.293114e+00
4.365158e-01 5.522501e-01 7.144524e-01 9.030074e-01 1.293712e+00
4.466836e-01 5.452822e-01 7.058376e-01 8.919302e-01 1.294445e+00
4.570882e-01 5.383857e-01 6.973819e-01 8.810225e-01 1.295320e+00
4.677351e-01 5.315575e-01 6.890824e-01 8.702803e-01 1.296346e+00
4.786301e-01 5.247944e-01 6.809364e-01 8.596997e-01 1.297530e+00
4.897788e-01 5.180936e-01 6.729410e-01 8.492765e-01 1.298879e+00
5.011872e-01 5.114521e-01 6.650933e-01 8.390068e-01 1.300402e+00
5.128614e-01 5.048671e-01 6.573904e-01 8.288866e-01 1.302106e+00
5.248075e-01 4.983359e-01 6.498294e-01 8.189120e-01 1.303999e+00
5.370318e-01 4.918558e-01 6.424071e-01 8.090791e-01 1.306088e+00
5.495409e-01 4.854241e-01 6.351205e-01 7.993839e-01 1.308383e+00
5.623413e-01 4.790384e-01 6.279664e-01 7.898225e-01 1.310889e+00
5.754399e-01 4.726962e-01 6.209417e-01 7.803911e-01 1.313617e+00
5.888437e-01 4.663953e-01 6.140431e-01 7.710860e-01 1.316572e+00
6.025596e-01 4.601333e-01 6.072675e-01 7.619032e-01 1.319764e+00
6.165950e-01 4.539082e-01 6.006114e-01 7.528391e-01 1.323200e+00
6.309573e-01 4.477178e-01 5.940716e-01 7.438900e-01 1.326889e+00
6.456542e-01 4.415602e-01 5.876448e-01 7.350522e-01 1.330837e+00
6.606934e-01 4.354336e-01 5.813274e-01 7.263222e-01 1.335054e+00
6.760830e-01 4.293362e-01 5.751160e-01 7.176964e-01 1.339547e+00
6.918310e-01 4.232664e-01 5.690074e-01 7.091713e-01 1.344324e+00
7.079458e-01 4.172228e-01 5.629978e-01 7.007435e-01 1.349394e+00
7.244360e-01 4.112037e-01 5.570840e-01 6.924096e-01 1.354764e+00
7.413102e-01 4.052081e-01 5.512623e-01 6.841665e-01 1.360442e+00
7.585776e-01 3.992347e-01 5.455293e-01 6.760108e-01 1.366438e+00
7.762471e-01 3.932824e-01 5.398814e-01 6.679394e-01 1.372758e+00
7.943282e-01 3.873504e-01 5.343152e-01 6.599493e-01 1.379410e+00
8.128305e-01 3.814379e-01 5.288271e-01 6.520376e-01 1.386404e+00
8.317638e-01 3.755441e-01 5.234137e-01 6.442012e-01 1.393748e+00
8.511380e-01 3.696685e-01 5.180714e-01 6.364375e-01 1.401449e+00
8.709636e-01 3.638107e-01 5.127967e-01 6.287437e-01 1.409515e+00
8.912509e-01 3.579704e-01 5.075864e-01 6.211173e-01 1.417956e+00
9.120108e-01 3.521474e-01 5.024368e-01 6.135557e-01 1.426780e+00
9.332543e-01 3.463418e-01 4.973448e-01 6.060565e-01 1.435994e+00
9.549926e-01 3.405536e-01 4.923069e-01 5.986175e-01 1.445608e+00
9.772372e-01 3.347831e-01 4.873200e-01 5.912364e-01 1.455629e+00
1.000000e+00 3.290305e-01 4.823807e-01 5.839112e-01 1.466067e+00
1.023293e+00 3.232965e-01 4.774860e-01 5.766399e-01 1.476929e+00
1.047129e+00 3.175815e-01 4.726328e-01 5.694206e-01 1.488225e+00
1.071519e+00 3.118864e-01 4.678181e-01 5.622517e-01 1.499963e+00
1.096478e+00 3.062119e-01 4.630391e-01 5.551314e-01 1.512152e+00
1.122018e+00 3.005590e-01 4.582928e-01 5.480584e-01 1.524801e+00
1.148154e+00 2.949288e-01 4.535766e-01 5.410312e-01 1.537919e+00
1.174898e+00 2.893225e-01 4.488879e-01 5.340485e-01 1.551514e+00
1.202264e+00 2.837413e-01 4.442242e-01 5.271093e-01 1.565596e+00
1.230269e+00 2.781865e-01 4.395831e-01 5.202125e-01 1.580174e+00
1.258925e+00 2.726597e-01 4.349623e-01 5.133571e-01 1.595257e+00
1.288250e+00 2.671624e-01 4.303597e-01 5.065424e-01 1.610855e+00
1.318257e+00 2.616961e-01 4.257734e-01 4.997678e-01 1.626977e+00
1.348963e+00 2.562625e-01 4.212014e-01 4.930326e-01 1.643632e+00
1.380384e+00 2.508634e-01 4.166421e-01 4.863364e-01 1.660832e+00
1.412538e+00 2.455006e-01 4.120937e-01 4.796788e-01 1.678586e+00
1.445440e+00 2.401758e-01 4.075550e-01 4.730597e-01 1.696903e+00
1.479108e+00 2.348908e-01 4.030246e-01 4.664788e-01 1.715795e+00
1.513561e+00 2.296477e-01 3.985012e-01 4.599362e-01 1.735272e+00
1.548817e+00 2.244482e-01 3.939840e-01 4.534318e-01 1.755345e+00
1.584893e+00 2.192943e-01 3.894721e-01 4.469659e-01 1.776025e+00
1.621810e+00 2.141878e-01 3.849647e-01 4.405386e-01 1.797323e+00
1.659587e+00 2.091306e-01 3.804612e-01 4.341502e-01 1.819251e+00
1.698244e+00 2.041247e-01 3.759613e-01 4.278011e-01 1.841822e+00
1.737801e+00 1.991718e-01 3.714646e-01 4.214918e-01 1.865046e+00
1.778279e+00 1.942737e-01 3.669709e-01 4.152227e-01 1.888938e+00
1.819701e+00 1.894322e-01 3.624802e-01 4.089944e-01 1.913509e+00
1.862087e+00 1.846490e-01 3.579926e-01 4.028076e-01 1.938774e+00
1.905461e+00 1.799257e-01 3.535083e-01 3.966628e-01 1.964746e+00
1.949845e+00 1.752640e-01 3.490276e-01 3.905608e-01 1.991439e+00
1.995262e+00 1.706654e-01 3.445509e-01 3.845023e-01 2.018868e+00
2.041738e+00 1.661313e-01 3.400788e-01 3.784880e-01 2.047049e+00
2.089296e+00 1.616631e-01 3.356119e-01 3.725188e-01 2.075996e+00
2.137962e+00 1.572620e-01 3.311509e-01 3.665955e-01 2.105727e+00
2.187762e+00 1.529294e-01 3.266966e-01 3.607188e-01 2.136258e+00
2.238721e+00 1.486662e-01 3.222498e-01 3.548896e-01 2.167607e+00
2.290868e+00 1.444736e-01 3.178116e-01 3.491086e-01 2.199791e+00
2.344229e+00 1.403524e-01 3.133829e-01 3.433768e-01 2.232829e+00
2.398833e+00 1.363035e-01 3.089647e-01 3.376949e-01 2.266741e+00
2.454709e+00 1.323277e-01 3.045582e-01 3.320637e-01 2.301546e+00
2.511886e+00 1.284255e-01 3.001645e-01 3.264841e-01 2.337265e+00
2.570396e+00 1.245976e-01 2.957848e-01 3.209567e-01 2.373920e+00
2.630268e+00 1.208445e-01 2.914203e-01 3.154824e-01 2.411532e+00
2.691535e+00 1.171664e-01 2.870721e-01 3.100619e-01 2.450124e+00
2.754229e+00 1.135636e-01 2.827417e-01 3.046958e-01 2.489721e+00
2.818383e+00 1.100364e-01 2.784301e-01 2.993850e-01 2.530346e+00
2.884032e+00 1.065848e-01 2.741388e-01 2.941299e-01 2.572024e+00
2.951209e+00 1.032089e-01 2.698688e-01 2.889313e-01 2.614782e+00
3.019952e+00 9.990862e-02 2.656216e-01 2.837896e-01 2.658645e+00
3.090295e+00 9.668372e-02 2.613983e-01 2.787056e-01 2.703643e+00
3.162278e+00 9.353403e-02 2.572002e-01 2.736796e-01 2.749803e+00
3.235937e+00 9.045924e-02 2.530285e-01 2.687122e-01 2.797154e+00
3.311311e+00 8.745896e-02 2.488843e-01 2.638039e-01 2.845727e+00
3.388442e+00 8.453275e-02 2.447690e-01 2.589549e-01 2.895552e+00
3.467369e+00 8.168010e-02 2.406836e-01 2.541658e-01 2.946662e+00
3.548134e+00 7.890043e-02 2.366293e-01 2.494368e-01 2.999088e+00
3.630781e+00 7.619309e-02 2.326072e-01 2.447682e-01 3.052864e+00
3.715352e+00 7.355740e-02 2.286182e-01 2.401603e-01 3.108025e+00
3.801894e+00 7.099261e-02 2.246636e-01 2.356134e-01 3.164605e+00
3.890451e+00 6.849790e-02 2.207442e-01 2.311276e-01 3.222641e+00
3.981072e+00 6.607244e-02 2.168610e-01 2.267030e-01 3.282170e+00
4.073803e+00 6.371533e-02 2.130149e-01 2.223398e-01 3.343228e+00
4.168694e+00 6.142563e-02 2.092068e-01 2.180381e-01 3.405856e+00
4.265795e+00 5.920236e-02 2.054376e-01 2.137979e-01 3.470092e+00
4.365158e+00 5.704451e-02 2.017080e-01 2.096192e-01 3.535976e+00
4.466836e+00 5.495103e-02 1.980188e-01 2.055020e-01 3.603550e+00
4.570882e+00 5.292086e-02 1.943707e-01 2.014462e-01 3.672856e+00
4.677351e+00 5.095287e-02 1.907643e-01 1.974518e-01 3.743937e+00
4.786301e+00 4.904594e-02 1.872004e-01 1.935187e-01 3.816837e+00
4.897788e+00 4.719891e-02 1.836793e-01 1.896466e-01 3.891600e+00
5.011872e+00 4.541062e-02 1.802017e-01 1.858354e-01 3.968273e+00
5.128614e+00 4.367987e-02 1.767681e-01 1.820849e-01 4.046901e+00
5.248075e+00 4.200545e-02 1.733789e-01 1.783948e-01 4.127533e+00
5.370318e+00 4.038615e-02 1.700344e-01 1.747648e-01 4.210217e+00
5.495409e+00 3.882073e-02 1.667351e-01 1.711948e-01 4.295002e+00
5.623413e+00 3.730796e-02 1.634812e-01 1.676842e-01 4.381939e+00
5.754399e+00 3.584660e-02 1.602730e-01 1.642328e-01 4.471080e+00
5.888437e+00 3.443541e-02 1.571107e-01 1.608402e-01 4.562476e+00
6.025596e+00 3.307313e-02 1.539945e-01 1.575060e-01 4.656183e+00
6.165950e+00 3.175852e-02 1.509245e-01 1.542298e-01 4.752253e+00
6.309573e+00 3.049034e-02 1.479008e-01 1.510110e-01 4.850744e+00
6.456542e+00 2.926735e-02 1.449235e-01 1.478492e-01 4.951712e+00
6.606934e+00 2.808833e-02 1.419925e-01 1.447440e-01 5.055215e+00
6.760830e+00 2.695205e-02 1.391079e-01 1.416948e-01 5.161312e+00
6.918310e+00 2.585729e-02 1.362696e-01 1.387011e-01 5.270064e+00
7.079458e+00 2.480286e-02 1.334774e-01 1.357623e-01 5.381533e+00
7.244360e+00 2.378758e-02 1.307313e-01 1.328779e-01 5.495781e+00
7.413102e+00 2.281026e-02 1.280311e-01 1.300472e-01 5.612873e+00
7.585776e+00 2.186975e-02 1.253766e-01 1.272697e-01 5.732875e+00
7.762471e+00 2.096492e-02 1.227675e-01 1.245447e-01 5.855854e+00
7.943282e+00 2.009463e-02 1.202037e-01 1.218717e-01 5.981879e+00
8.128305e+00 1.925779e-02 1.176847e-01 1.192500e-01 6.111018e+00
8.317638e+00 1.845332e-02 1.152104e-01 1.166789e-01 6.243345e+00
8.511380e+00 1.768014e-02 1.127804e-01 1.141578e-01 6.378931e+00
8.709636e+00 1.693722e-02 1.103943e-01 1.116861e-01 6.517852e+00
8.912509e+00 1.622354e-02 1.080518e-01 1.092629e-01 6.660184e+00
9.120108e+00 1.553810e-02 1.057524e-01 1.068878e-01 6.806005e+00
9.332543e+00 1.487992e-02 1.034957e-01 1.045599e-01 6.955394e+00
9.549926e+00 1.424805e-02 1.012814e-01 1.022786e-01 7.108434e+00
9.772372e+00 1.364157e-02 9.910883e-02 1.000433e-01 7.265207e+00
1.000000e+01 1.305956e-02 9.697769e-02 9.785308e-02 7.425798e+00
