1.000000e-06 8.213368e+01 1.231993e+00 8.214292e+01 1.499985e-02
1.023293e-06 8.213267e+01 1.260671e+00 8.214234e+01 1.534921e-02
1.047129e-06 8.213160e+01 1.290017e+00 8.214173e+01 1.570670e-02
1.071519e-06 8.213049e+01 1.320044e+00 8.214110e+01 1.607252e-02
1.096478e-06 8.212932e+01 1.350769e+00 8.214043e+01 1.644686e-02
1.122018e-06 8.212810e+01 1.382209e+00 8.213973e+01 1.682991e-02
1.148154e-06 8.212682e+01 1.414379e+00 8.213900e+01 1.722188e-02
1.174898e-06 8.212549e+01 1.447296e+00 8.213824e+01 1.762298e-02
1.202264e-06 8.212408e+01 1.480978e+00 8.213744e+01 1.803342e-02
1.230269e-06 8.212262e+01 1.515443e+00 8.213660e+01 1.845342e-02
1.258925e-06 8.212108e+01 1.550708e+00 8.213572e+01 1.888319e-02
1.288250e-06 8.211947e+01 1.586793e+00 8.213480e+01 1.932298e-02
1.318257e-06 8.211778e+01 1.623715e+00 8.213383e+01 1.977300e-02
1.348963e-06 8.211602e+01 1.661494e+00 8.213283e+01 2.023350e-02
1.380384e-06 8.211417e+01 1.700150e+00 8.213177e+01 2.070471e-02
1.412538e-06 8.211224e+01 1.739704e+00 8.213066e+01 2.118690e-02
1.445440e-06 8.211021e+01 1.780176e+00 8.212951e+01 2.168032e-02
1.479108e-06 8.210809e+01 1.821586e+00 8.212829e+01 2.218522e-02
1.513561e-06 8.210587e+01 1.863957e+00 8.212702e+01 2.270188e-02
1.548817e-06 8.210354e+01 1.907311e+00 8.212569e+01 2.323056e-02
1.584893e-06 8.210111e+01 1.951670e+00 8.212430e+01 2.377155e-02
1.621810e-06 8.209856e+01 1.997058e+00 8.212284e+01 2.432513e-02
1.659587e-06 8.209589e+01 2.043498e+00 8.212132e+01 2.489160e-02
1.698244e-06 8.209309e+01 2.091013e+00 8.211972e+01 2.547125e-02
1.737801e-06 8.209017e+01 2.139630e+00 8.211805e+01 2.606439e-02
1.778279e-06 8.208710e+01 2.189373e+00 8.211630e+01 2.667134e-02
1.819701e-06 8.208390e+01 2.240267e+00 8.211446e+01 2.729241e-02
1.862087e-06 8.208054e+01 2.292340e+00 8.211254e+01 2.792794e-02
1.905461e-06 8.207702e+01 2.345618e+00 8.211053e+01 2.857825e-02
1.949845e-06 8.207334e+01 2.400128e+00 8.210842e+01 2.924370e-02
1.995262e-06 8.206948e+01 2.455899e+00 8.210622e+01 2.992464e-02
2.041738e-06 8.206544e+01 2.512960e+00 8.210391e+01 3.062141e-02
2.089296e-06 8.206122e+01 2.571339e+00 8.210149e+01 3.133440e-02
2.137962e-06 8.205679e+01 2.631067e+00 8.209896e+01 3.206398e-02
2.187762e-06 8.205216e+01 2.692175e+00 8.209631e+01 3.281053e-02
2.238721e-06 8.204731e+01 2.754693e+00 8.209354e+01 3.357444e-02
2.290868e-06 8.204223e+01 2.818654e+00 8.209063e+01 3.435613e-02
2.344229e-06 8.203691e+01 2.884090e+00 8.208759e+01 3.515600e-02
2.398833e-06 8.203134e+01 2.951034e+00 8.208441e+01 3.597447e-02
2.454709e-06 8.202552e+01 3.019521e+00 8.208107e+01 3.681198e-02
2.511886e-06 8.201941e+01 3.089586e+00 8.207758e+01 3.766896e-02
2.570396e-06 8.201303e+01 3.161263e+00 8.207393e+01 3.854587e-02
2.630268e-06 8.200634e+01 3.234590e+00 8.207010e+01 3.944317e-02
2.691535e-06 8.199933e+01 3.309602e+00 8.206610e+01 4.036133e-02
2.754229e-06 8.199200e+01 3.386338e+00 8.206190e+01 4.130083e-02
2.818383e-06 8.198433e+01 3.464836e+00 8.205751e+01 4.226217e-02
2.884032e-06 8.197629e+01 3.545136e+00 8.205292e+01 4.324586e-02
2.951209e-06 8.196788e+01 3.627277e+00 8.204810e+01 4.425241e-02
3.019952e-06 8.195908e+01 3.711300e+00 8.204306e+01 4.528235e-02
3.090295e-06 8.194986e+01 3.797247e+00 8.203779e+01 4.633622e-02
3.162278e-06 8.194021e+01 3.885160e+00 8.203227e+01 4.741457e-02
3.235937e-06 8.193011e+01 3.975083e+00 8.202648e+01 4.851798e-02
3.311311e-06 8.191953e+01 4.067060e+00 8.202043e+01 4.964701e-02
3.388442e-06 8.190846e+01 4.161135e+00 8.201409e+01 5.080226e-02
3.467369e-06 8.189688e+01 4.257355e+00 8.200746e+01 5.198434e-02
3.548134e-06 8.188475e+01 4.355766e+00 8.200052e+01 5.319386e-02
3.630781e-06 8.187205e+01 4.456415e+00 8.199325e+01 5.443146e-02
3.715352e-06 8.185876e+01 4.559352e+00 8.198564e+01 5.569778e-02
3.801894e-06 8.184485e+01 4.664624e+00 8.197767e+01 5.699349e-02
3.890451e-06 8.183029e+01 4.772282e+00 8.196933e+01 5.831926e-02
3.981072e-06 8.181505e+01 4.882378e+00 8.196060e+01 5.967579e-02
4.073803e-06 8.179910e+01 4.994962e+00 8.195146e+01 6.106378e-02
4.168694e-06 8.178240e+01 5.110087e+00 8.194190e+01 6.248395e-02
4.265795e-06 8.176493e+01 5.227808e+00 8.193188e+01 6.393704e-02
4.365158e-06 8.174664e+01 5.348177e+00 8.192140e+01 6.542382e-02
4.466836e-06 8.172750e+01 5.471251e+00 8.191043e+01 6.694504e-02
4.570882e-06 8.170747e+01 5.597085e+00 8.189895e+01 6.850151e-02
4.677351e-06 8.168651e+01 5.725737e+00 8.188693e+01 7.009403e-02
4.786301e-06 8.166457e+01 5.857263e+00 8.187436e+01 7.172342e-02
4.897788e-06 8.164162e+01 5.991722e+00 8.186119e+01 7.339053e-02
5.011872e-06 8.161760e+01 6.129173e+00 8.184741e+01 7.509622e-02
5.128614e-06 8.159246e+01 6.269676e+00 8.183299e+01 7.684137e-02
5.248075e-06 8.156616e+01 6.413292e+00 8.181790e+01 7.862687e-02
5.370318e-06 8.153865e+01 6.560082e+00 8.180211e+01 8.045366e-02
5.495409e-06 8.150985e+01 6.710108e+00 8.178559e+01 8.232266e-02
5.623413e-06 8.147973e+01 6.863432e+00 8.176829e+01 8.423484e-02
5.754399e-06 8.144822e+01 7.020118e+00 8.175019e+01 8.619118e-02
5.888437e-06 8.141525e+01 7.180229e+00 8.173126e+01 8.819267e-02
6.025596e-06 8.138076e+01 7.343829e+00 8.171144e+01 9.024035e-02
6.165950e-06 8.134468e+01 7.510982e+00 8.169071e+01 9.233526e-02
6.309573e-06 8.130695e+01 7.681755e+00 8.166902e+01 9.447846e-02
6.456542e-06 8.126747e+01 7.856211e+00 8.164632e+01 9.667103e-02
6.606934e-06 8.122619e+01 8.034416e+00 8.162258e+01 9.891411e-02
6.760830e-06 8.118301e+01 8.216436e+00 8.159774e+01 1.012088e-01
6.918310e-06 8.113786e+01 8.402336e+00 8.157176e+01 1.035563e-01
7.079458e-06 8.109064e+01 8.592182e+00 8.154458e+01 1.059578e-01
7.244360e-06 8.104127e+01 8.786039e+00 8.151614e+01 1.084144e-01
7.413102e-06 8.098964e+01 8.983973e+00 8.148640e+01 1.109274e-01
7.585776e-06 8.093567e+01 9.186047e+00 8.145530e+01 1.134981e-01
7.762471e-06 8.087924e+01 9.392326e+00 8.142277e+01 1.161278e-01
7.943282e-06 8.082025e+01 9.602874e+00 8.138875e+01 1.188177e-01
8.128305e-06 8.075859e+01 9.817753e+00 8.135317e+01 1.215692e-01
8.317638e-06 8.069414e+01 1.003703e+01 8.131597e+01 1.243836e-01
8.511380e-06 8.062679e+01 1.026075e+01 8.127707e+01 1.272623e-01
8.709636e-06 8.055640e+01 1.048899e+01 8.123640e+01 1.302068e-01
8.912509e-06 8.048285e+01 1.072180e+01 8.119388e+01 1.332185e-01
9.120108e-06 8.040600e+01 1.095924e+01 8.114943e+01 1.362988e-01
9.332543e-06 8.032572e+01 1.120136e+01 8.110297e+01 1.394492e-01
9.549926e-06 8.024186e+01 1.144821e+01 8.105441e+01 1.426713e-01
9.772372e-06 8.015426e+01 1.169984e+01 8.100365e+01 1.459665e-01
1.000000e-05 8.006278e+01 1.195630e+01 8.095061e+01 1.493366e-01
1.023293e-05 7.996725e+01 1.221763e+01 8.089519e+01 1.527830e-01
1.047129e-05 7.986750e+01 1.248388e+01 8.083728e+01 1.563074e-01
1.071519e-05 7.976337e+01 1.275507e+01 8.077678e+01 1.599114e-01
1.096478e-05 7.965468e+01 1.303125e+01 8.071358e+01 1.635968e-01
1.122018e-05 7.954123e+01 1.331244e+01 8.064756e+01 1.673652e-01
1.148154e-05 7.942285e+01 1.359866e+01 8.057861e+01 1.712185e-01
1.174898e-05 7.929934e+01 1.388993e+01 8.050661e+01 1.751582e-01
1.202264e-05 7.917049e+01 1.418627e+01 8.043144e+01 1.791863e-01
1.230269e-05 7.903609e+01 1.448768e+01 8.035295e+01 1.833046e-01
1.258925e-05 7.889594e+01 1.479416e+01 8.027102e+01 1.875148e-01
1.288250e-05 7.874981e+01 1.510571e+01 8.018551e+01 1.918190e-01
1.318257e-05 7.859748e+01 1.542230e+01 8.009627e+01 1.962188e-01
1.348963e-05 7.843872e+01 1.574393e+01 8.000315e+01 2.007163e-01
1.380384e-05 7.827329e+01 1.607056e+01 7.990601e+01 2.053134e-01
1.412538e-05 7.810094e+01 1.640214e+01 7.980468e+01 2.100121e-01
1.445440e-05 7.792143e+01 1.673864e+01 7.969901e+01 2.148143e-01
1.479108e-05 7.773451e+01 1.707999e+01 7.958882e+01 2.197221e-01
1.513561e-05 7.753991e+01 1.742612e+01 7.947394e+01 2.247374e-01
1.548817e-05 7.733738e+01 1.777695e+01 7.935421e+01 2.298623e-01
1.584893e-05 7.712665e+01 1.813238e+01 7.922943e+01 2.350988e-01
1.621810e-05 7.690744e+01 1.849232e+01 7.909943e+01 2.404490e-01
1.659587e-05 7.667948e+01 1.885663e+01 7.896401e+01 2.459150e-01
1.698244e-05 7.644249e+01 1.922520e+01 7.882298e+01 2.514988e-01
1.737801e-05 7.619619e+01 1.959786e+01 7.867615e+01 2.572026e-01
1.778279e-05 7.594031e+01 1.997445e+01 7.852330e+01 2.630284e-01
1.819701e-05 7.567454e+01 2.035481e+01 7.836424e+01 2.689783e-01
1.862087e-05 7.539862e+01 2.073872e+01 7.819876e+01 2.750544e-01
1.905461e-05 7.511225e+01 2.112598e+01 7.802665e+01 2.812588e-01
1.949845e-05 7.481516e+01 2.151636e+01 7.784768e+01 2.875936e-01
1.995262e-05 7.450705e+01 2.190960e+01 7.766165e+01 2.940608e-01
2.041738e-05 7.418766e+01 2.230545e+01 7.746833e+01 3.006625e-01
2.089296e-05 7.385671e+01 2.270361e+01 7.726751e+01 3.074007e-01
2.137962e-05 7.351393e+01 2.310377e+01 7.705895e+01 3.142774e-01
2.187762e-05 7.315906e+01 2.350561e+01 7.684244e+01 3.212946e-01
2.238721e-05 7.279183e+01 2.390879e+01 7.661776e+01 3.284543e-01
2.290868e-05 7.241201e+01 2.431293e+01 7.638467e+01 3.357582e-01
2.344229e-05 7.201937e+01 2.471764e+01 7.614296e+01 3.432083e-01
2.398833e-05 7.161367e+01 2.512252e+01 7.589241e+01 3.508063e-01
2.454709e-05 7.119470e+01 2.552714e+01 7.563280e+01 3.585539e-01
2.511886e-05 7.076228e+01 2.593104e+01 7.536391e+01 3.664529e-01
2.570396e-05 7.031622e+01 2.633376e+01 7.508553e+01 3.745047e-01
2.630268e-05 6.985636e+01 2.673479e+01 7.479746e+01 3.827109e-01
2.691535e-05 6.938257e+01 2.713364e+01 7.449950e+01 3.910729e-01
2.754229e-05 6.889472e+01 2.752977e+01 7.419145e+01 3.995918e-01
2.818383e-05 6.839273e+01 2.792263e+01 7.387312e+01 4.082690e-01
2.884032e-05 6.787651e+01 2.831166e+01 7.354434e+01 4.171054e-01
2.951209e-05 6.734603e+01 2.869628e+01 7.320495e+01 4.261019e-01
3.019952e-05 6.680128e+01 2.907588e+01 7.285478e+01 4.352594e-01
3.090295e-05 6.624227e+01 2.944987e+01 7.249368e+01 4.445783e-01
3.162278e-05 6.566906e+01 2.981763e+01 7.212154e+01 4.540590e-01
3.235937e-05 6.508171e+01 3.017851e+01 7.173822e+01 4.637019e-01
3.311311e-05 6.448036e+01 3.053189e+01 7.134363e+01 4.735069e-01
3.388442e-05 6.386515e+01 3.087712e+01 7.093767e+01 4.834738e-01
3.467369e-05 6.323627e+01 3.121356e+01 7.052029e+01 4.936021e-01
3.548134e-05 6.259395e+01 3.154054e+01 7.009143e+01 5.038912e-01
3.630781e-05 6.193846e+01 3.185744e+01 6.965105e+01 5.143402e-01
3.715352e-05 6.127010e+01 3.216360e+01 6.919915e+01 5.249477e-01
3.801894e-05 6.058922e+01 3.245839e+01 6.873573e+01 5.357123e-01
3.890451e-05 5.989621e+01 3.274118e+01 6.826083e+01 5.466320e-01
3.981072e-05 5.919149e+01 3.301137e+01 6.777450e+01 5.577047e-01
4.073803e-05 5.847552e+01 3.326835e+01 6.727681e+01 5.689277e-01
4.168694e-05 5.774882e+01 3.351154e+01 6.676788e+01 5.802982e-01
4.265795e-05 5.701193e+01 3.374039e+01 6.624782e+01 5.918129e-01
4.365158e-05 5.626542e+01 3.395437e+01 6.571679e+01 6.034678e-01
4.466836e-05 5.550992e+01 3.415297e+01 6.517497e+01 6.152590e-01
4.570882e-05 5.474606e+01 3.433573e+01 6.462255e+01 6.271816e-01
4.677351e-05 5.397455e+01 3.450219e+01 6.405976e+01 6.392307e-01
4.786301e-05 5.319608e+01 3.465195e+01 6.348685e+01 6.514005e-01
4.897788e-05 5.241140e+01 3.478466e+01 6.290411e+01 6.636849e-01
5.011872e-05 5.162127e+01 3.489997e+01 6.231183e+01 6.760774e-01
5.128614e-05 5.082648e+01 3.499762e+01 6.171033e+01 6.885706e-01
5.248075e-05 5.002784e+01 3.507736e+01 6.109997e+01 7.011569e-01
5.370318e-05 4.922616e+01 3.513900e+01 6.048111e+01 7.138278e-01
5.495409e-05 4.842229e+01 3.518240e+01 5.985415e+01 7.265744e-01
5.623413e-05 4.761706e+01 3.520745e+01 5.921950e+01 7.393872e-01
5.754399e-05 4.681133e+01 3.521411e+01 5.857759e+01 7.522561e-01
5.888437e-05 4.600595e+01 3.520238e+01 5.792887e+01 7.651702e-01
6.025596e-05 4.520175e+01 3.517230e+01 5.727381e+01 7.781181e-01
6.165950e-05 4.439960e+01 3.512398e+01 5.661289e+01 7.910878e-01
6.309573e-05 4.360032e+01 3.505757e+01 5.594659e+01 8.040668e-01
6.456542e-05 4.280474e+01 3.497325e+01 5.527543e+01 8.170416e-01
6.606934e-05 4.201365e+01 3.487126e+01 5.459993e+01 8.299983e-01
6.760830e-05 4.122786e+01 3.475189e+01 5.392060e+01 8.429226e-01
6.918310e-05 4.044812e+01 3.461547e+01 5.323797e+01 8.557992e-01
7.079458e-05 3.967518e+01 3.446236e+01 5.255259e+01 8.686126e-01
7.244360e-05 3.890975e+01 3.429297e+01 5.186498e+01 8.813464e-01
7.413102e-05 3.815251e+01 3.410774e+01 5.117570e+01 8.939840e-01
7.585776e-05 3.740412e+01 3.390714e+01 5.048527e+01 9.065080e-01
7.762471e-05 3.666519e+01 3.369168e+01 4.979423e+01 9.189010e-01
7.943282e-05 3.593630e+01 3.346189e+01 4.910312e+01 9.311446e-01
8.128305e-05 3.521800e+01 3.321834e+01 4.841245e+01 9.432206e-01
8.317638e-05 3.451079e+01 3.296160e+01 4.772276e+01 9.551100e-01
8.511380e-05 3.381514e+01 3.269228e+01 4.703455e+01 9.667940e-01
8.709636e-05 3.313148e+01 3.241098e+01 4.634832e+01 9.782533e-01
8.912509e-05 3.246019e+01 3.211834e+01 4.566455e+01 9.894686e-01
9.120108e-05 3.180162e+01 3.181499e+01 4.498373e+01 1.000420e+00
9.332543e-05 3.115607e+01 3.150158e+01 4.430633e+01 1.011090e+00
9.549926e-05 3.052382e+01 3.117877e+01 4.363278e+01 1.021457e+00
9.772372e-05 2.990509e+01 3.084719e+01 4.296352e+01 1.031503e+00
1.000000e-04 2.930008e+01 3.050750e+01 4.229896e+01 1.041209e+00
1.023293e-04 2.870892e+01 3.016036e+01 4.163952e+01 1.050557e+00
1.047129e-04 2.813175e+01 2.980639e+01 4.098556e+01 1.059528e+00
1.071519e-04 2.756864e+01 2.944624e+01 4.033746e+01 1.068106e+00
1.096478e-04 2.701964e+01 2.908052e+01 3.969556e+01 1.076273e+00
1.122018e-04 2.648476e+01 2.870985e+01 3.906019e+01 1.084014e+00
1.148154e-04 2.596400e+01 2.833483e+01 3.843165e+01 1.091312e+00
1.174898e-04 2.545731e+01 2.795604e+01 3.781024e+01 1.098154e+00
1.202264e-04 2.496461e+01 2.757404e+01 3.719623e+01 1.104525e+00
1.230269e-04 2.448581e+01 2.718940e+01 3.658987e+01 1.110414e+00
1.258925e-04 2.402080e+01 2.680264e+01 3.599139e+01 1.115810e+00
1.288250e-04 2.356943e+01 2.641428e+01 3.540101e+01 1.120701e+00
1.318257e-04 2.313153e+01 2.602480e+01 3.481893e+01 1.125079e+00
1.348963e-04 2.270694e+01 2.563470e+01 3.424533e+01 1.128937e+00
1.380384e-04 2.229544e+01 2.524440e+01 3.368036e+01 1.132267e+00
1.412538e-04 2.189684e+01 2.485436e+01 3.312418e+01 1.135066e+00
1.445440e-04 2.151090e+01 2.446499e+01 3.257690e+01 1.137330e+00
1.479108e-04 2.113739e+01 2.407666e+01 3.203865e+01 1.139056e+00
1.513561e-04 2.077606e+01 2.368976e+01 3.150951e+01 1.140243e+00
1.548817e-04 2.042665e+01 2.330463e+01 3.098957e+01 1.140894e+00
1.584893e-04 2.008889e+01 2.292160e+01 3.047890e+01 1.141009e+00
1.621810e-04 1.976253e+01 2.254098e+01 2.997755e+01 1.140592e+00
1.659587e-04 1.944727e+01 2.216306e+01 2.948555e+01 1.139649e+00
1.698244e-04 1.914284e+01 2.178811e+01 2.900293e+01 1.138186e+00
1.737801e-04 1.884897e+01 2.141637e+01 2.852971e+01 1.136209e+00
1.778279e-04 1.856535e+01 2.104808e+01 2.806589e+01 1.133729e+00
1.819701e-04 1.829171e+01 2.068346e+01 2.761145e+01 1.130756e+00
1.862087e-04 1.802776e+01 2.032270e+01 2.716638e+01 1.127300e+00
1.905461e-04 1.777322e+01 1.996598e+01 2.673065e+01 1.123374e+00
1.949845e-04 1.752780e+01 1.961346e+01 2.630421e+01 1.118992e+00
1.995262e-04 1.729122e+01 1.926531e+01 2.588703e+01 1.114167e+00
2.041738e-04 1.706320e+01 1.892164e+01 2.547903e+01 1.108915e+00
2.089296e-04 1.684346e+01 1.858258e+01 2.508016e+01 1.103252e+00
2.137962e-04 1.663174e+01 1.824825e+01 2.469035e+01 1.097194e+00
2.187762e-04 1.642777e+01 1.791873e+01 2.430951e+01 1.090758e+00
2.238721e-04 1.623128e+01 1.759411e+01 2.393756e+01 1.083963e+00
2.290868e-04 1.604201e+01 1.727446e+01 2.357441e+01 1.076826e+00
2.344229e-04 1.585971e+01 1.695984e+01 2.321996e+01 1.069366e+00
2.398833e-04 1.568414e+01 1.665030e+01 2.287411e+01 1.061601e+00
2.454709e-04 1.551505e+01 1.634590e+01 2.253675e+01 1.053551e+00
2.511886e-04 1.535219e+01 1.604665e+01 2.220776e+01 1.045235e+00
2.570396e-04 1.519535e+01 1.575259e+01 2.188704e+01 1.036671e+00
2.630268e-04 1.504430e+01 1.546373e+01 2.157447e+01 1.027880e+00
2.691535e-04 1.489881e+01 1.518008e+01 2.126992e+01 1.018879e+00
2.754229e-04 1.475867e+01 1.490165e+01 2.097326e+01 1.009688e+00
2.818383e-04 1.462368e+01 1.462844e+01 2.068437e+01 1.000326e+00
2.884032e-04 1.449362e+01 1.436043e+01 2.040312e+01 9.908105e-01
2.951209e-04 1.436832e+01 1.409762e+01 2.012937e+01 9.811603e-01
3.019952e-04 1.424757e+01 1.383999e+01 1.986299e+01 9.713931e-01
3.090295e-04 1.413118e+01 1.358751e+01 1.960384e+01 9.615263e-01
3.162278e-04 1.401899e+01 1.334015e+01 1.935179e+01 9.515771e-01
3.235937e-04 1.391082e+01 1.309790e+01 1.910669e+01 9.415619e-01
3.311311e-04 1.380649e+01 1.286070e+01 1.886841e+01 9.314970e-01
3.388442e-04 1.370585e+01 1.262854e+01 1.863680e+01 9.213980e-01
3.467369e-04 1.360873e+01 1.240137e+01 1.841172e+01 9.112801e-01
3.548134e-04 1.351498e+01 1.217914e+01 1.819302e+01 9.011580e-01
3.630781e-04 1.342446e+01 1.196181e+01 1.798057e+01 8.910458e-01
3.715352e-04 1.333702e+01 1.174934e+01 1.777422e+01 8.809571e-01
3.801894e-04 1.325251e+01 1.154168e+01 1.757383e+01 8.709050e-01
3.890451e-04 1.317081e+01 1.133877e+01 1.737924e+01 8.609020e-01
3.981072e-04 1.309178e+01 1.114058e+01 1.719032e+01 8.509600e-01
4.073803e-04 1.301529e+01 1.094704e+01 1.700692e+01 8.410906e-01
4.168694e-04 1.294122e+01 1.075810e+01 1.682890e+01 8.313045e-01
4.265795e-04 1.286946e+01 1.057370e+01 1.665611e+01 8.216122e-01
4.365158e-04 1.279988e+01 1.039380e+01 1.648842e+01 8.120234e-01
4.466836e-04 1.273237e+01 1.021833e+01 1.632567e+01 8.025475e-01
4.570882e-04 1.266682e+01 1.004724e+01 1.616772e+01 7.931932e-01
4.677351e-04 1.260313e+01 9.880459e+00 1.601444e+01 7.839688e-01
4.786301e-04 1.254119e+01 9.717943e+00 1.586568e+01 7.748820e-01
4.897788e-04 1.248091e+01 9.559626e+00 1.572131e+01 7.659401e-01
5.011872e-04 1.242217e+01 9.405449e+00 1.558117e+01 7.571500e-01
5.128614e-04 1.236490e+01 9.255351e+00 1.544514e+01 7.485179e-01
5.248075e-04 1.230900e+01 9.109272e+00 1.531308e+01 7.400496e-01
5.370318e-04 1.225438e+01 8.967151e+00 1.518485e+01 7.317508e-01
5.495409e-04 1.220095e+01 8.828925e+00 1.506031e+01 7.236262e-01
5.623413e-04 1.214862e+01 8.694532e+00 1.493934e+01 7.156805e-01
5.754399e-04 1.209732e+01 8.563910e+00 1.482180e+01 7.079178e-01
5.888437e-04 1.204697e+01 8.436997e+00 1.470756e+01 7.003419e-01
6.025596e-04 1.199748e+01 8.313729e+00 1.459649e+01 6.929562e-01
6.165950e-04 1.194879e+01 8.194042e+00 1.448847e+01 6.857636e-01
6.309573e-04 1.190081e+01 8.077874e+00 1.438337e+01 6.787669e-01
6.456542e-04 1.185348e+01 7.965159e+00 1.428106e+01 6.719682e-01
6.606934e-04 1.180672e+01 7.855833e+00 1.418142e+01 6.653696e-01
6.760830e-04 1.176047e+01 7.749832e+00 1.408434e+01 6.589727e-01
6.918310e-04 1.171467e+01 7.647090e+00 1.398970e+01 6.527788e-01
7.079458e-04 1.166925e+01 7.547543e+00 1.389737e+01 6.467888e-01
7.244360e-04 1.162415e+01 7.451123e+00 1.380725e+01 6.410036e-01
7.413102e-04 1.157931e+01 7.357766e+00 1.371922e+01 6.354236e-01
7.585776e-04 1.153467e+01 7.267404e+00 1.363318e+01 6.300488e-01
7.762471e-04 1.149017e+01 7.179971e+00 1.354903e+01 6.248793e-01
7.943282e-04 1.144577e+01 7.095401e+00 1.346664e+01 6.199146e-01
8.128305e-04 1.140141e+01 7.013625e+00 1.338593e+01 6.151542e-01
8.317638e-04 1.135704e+01 6.934576e+00 1.330679e+01 6.105972e-01
8.511380e-04 1.131261e+01 6.858187e+00 1.322913e+01 6.062427e-01
8.709636e-04 1.126808e+01 6.784390e+00 1.315285e+01 6.020893e-01
8.912509e-04 1.122340e+01 6.713116e+00 1.307787e+01 5.981357e-01
9.120108e-04 1.117853e+01 6.644298e+00 1.300409e+01 5.943801e-01
9.332543e-04 1.113344e+01 6.577866e+00 1.293142e+01 5.908208e-01
9.549926e-04 1.108807e+01 6.513753e+00 1.285980e+01 5.874557e-01
9.772372e-04 1.104241e+01 6.451889e+00 1.278912e+01 5.842827e-01
1.000000e-03 1.099641e+01 6.392207e+00 1.271933e+01 5.812995e-01
1.023293e-03 1.095004e+01 6.334638e+00 1.265034e+01 5.785035e-01
1.047129e-03 1.090328e+01 6.279114e+00 1.258208e+01 5.758923e-01
1.071519e-03 1.085609e+01 6.225567e+00 1.251449e+01 5.734631e-01
1.096478e-03 1.080845e+01 6.173929e+00 1.244749e+01 5.712130e-01
1.122018e-03 1.076034e+01 6.124132e+00 1.238103e+01 5.691391e-01
1.148154e-03 1.071174e+01 6.076111e+00 1.231505e+01 5.672384e-01
1.174898e-03 1.066263e+01 6.029798e+00 1.224949e+01 5.655077e-01
1.202264e-03 1.061299e+01 5.985127e+00 1.218430e+01 5.639438e-01
1.230269e-03 1.056280e+01 5.942034e+00 1.211943e+01 5.625434e-01
1.258925e-03 1.051206e+01 5.900453e+00 1.205482e+01 5.613033e-01
1.288250e-03 1.046075e+01 5.860321e+00 1.199044e+01 5.602199e-01
1.318257e-03 1.040887e+01 5.821576e+00 1.192624e+01 5.592900e-01
1.348963e-03 1.035640e+01 5.784155e+00 1.186219e+01 5.585099e-01
1.380384e-03 1.030335e+01 5.747997e+00 1.179824e+01 5.578763e-01
1.412538e-03 1.024971e+01 5.713042e+00 1.173437e+01 5.573856e-01
1.445440e-03 1.019548e+01 5.679233e+00 1.167054e+01 5.570343e-01
1.479108e-03 1.014066e+01 5.646511e+00 1.160673e+01 5.568189e-01
1.513561e-03 1.008525e+01 5.614821e+00 1.154290e+01 5.567359e-01
1.548817e-03 1.002926e+01 5.584108e+00 1.147904e+01 5.567818e-01
1.584893e-03 9.972684e+00 5.554318e+00 1.141512e+01 5.569532e-01
1.621810e-03 9.915537e+00 5.525399e+00 1.135112e+01 5.572466e-01
1.659587e-03 9.857825e+00 5.497301e+00 1.128703e+01 5.576586e-01
1.698244e-03 9.799557e+00 5.469975e+00 1.122283e+01 5.581859e-01
1.737801e-03 9.740743e+00 5.443373e+00 1.115851e+01 5.588252e-01
1.778279e-03 9.681394e+00 5.417449e+00 1.109406e+01 5.595732e-01
1.819701e-03 9.621522e+00 5.392159e+00 1.102946e+01 5.604268e-01
1.862087e-03 9.561141e+00 5.367459e+00 1.096472e+01 5.613827e-01
1.905461e-03 9.500264e+00 5.343309e+00 1.089982e+01 5.624379e-01
1.949845e-03 9.438906e+00 5.319668e+00 1.083475e+01 5.635894e-01
1.995262e-03 9.377082e+00 5.296497e+00 1.076952e+01 5.648343e-01
2.041738e-03 9.314809e+00 5.273761e+00 1.070412e+01 5.661695e-01
2.089296e-03 9.252101e+00 5.251422e+00 1.063855e+01 5.675924e-01
2.137962e-03 9.188977e+00 5.229448e+00 1.057282e+01 5.691001e-01
2.187762e-03 9.125454e+00 5.207805e+00 1.050691e+01 5.706900e-01
2.238721e-03 9.061549e+00 5.186463e+00 1.044084e+01 5.723594e-01
2.290868e-03 8.997279e+00 5.165391e+00 1.037460e+01 5.741059e-01
2.344229e-03 8.932663e+00 5.144560e+00 1.030820e+01 5.759268e-01
2.398833e-03 8.867720e+00 5.123943e+00 1.024164e+01 5.778197e-01
2.454709e-03 8.802467e+00 5.103515e+00 1.017493e+01 5.797823e-01
2.511886e-03 8.736924e+00 5.083249e+00 1.010808e+01 5.818123e-01
2.570396e-03 8.671109e+00 5.063123e+00 1.004108e+01 5.839073e-01
2.630268e-03 8.605040e+00 5.043114e+00 9.973952e+00 5.860652e-01
2.691535e-03 8.538737e+00 5.023201e+00 9.906693e+00 5.882838e-01
2.754229e-03 8.472218e+00 5.003362e+00 9.839314e+00 5.905610e-01
2.818383e-03 8.405502e+00 4.983578e+00 9.771823e+00 5.928948e-01
2.884032e-03 8.338608e+00 4.963832e+00 9.704227e+00 5.952831e-01
2.951209e-03 8.271555e+00 4.944106e+00 9.636535e+00 5.977240e-01
3.019952e-03 8.204361e+00 4.924384e+00 9.568756e+00 6.002155e-01
3.090295e-03 8.137045e+00 4.904650e+00 9.500899e+00 6.027557e-01
3.162278e-03 8.069625e+00 4.884891e+00 9.432974e+00 6.053430e-01
3.235937e-03 8.002120e+00 4.865091e+00 9.364990e+00 6.079753e-01
3.311311e-03 7.934548e+00 4.845240e+00 9.296957e+00 6.106511e-01
3.388442e-03 7.866927e+00 4.825326e+00 9.228885e+00 6.133685e-01
3.467369e-03 7.799276e+00 4.805337e+00 9.160784e+00 6.161260e-01
3.548134e-03 7.731611e+00 4.785264e+00 9.092665e+00 6.189219e-01
3.630781e-03 7.663951e+00 4.765098e+00 9.024539e+00 6.217547e-01
3.715352e-03 7.596312e+00 4.744830e+00 8.956415e+00 6.246229e-01
3.801894e-03 7.528712e+00 4.724454e+00 8.888306e+00 6.275249e-01
3.890451e-03 7.461168e+00 4.703963e+00 8.820221e+00 6.304593e-01
3.981072e-03 7.393695e+00 4.683351e+00 8.752172e+00 6.334249e-01
4.073803e-03 7.326311e+00 4.662613e+00 8.684169e+00 6.364203e-01
4.168694e-03 7.259030e+00 4.641745e+00 8.616224e+00 6.394442e-01
4.265795e-03 7.191868e+00 4.620743e+00 8.548347e+00 6.424955e-01
4.365158e-03 7.124840e+00 4.599604e+00 8.480549e+00 6.455730e-01
4.466836e-03 7.057960e+00 4.578327e+00 8.412840e+00 6.486756e-01
4.570882e-03 6.991243e+00 4.556909e+00 8.345232e+00 6.518024e-01
4.677351e-03 6.924702e+00 4.535350e+00 8.277735e+00 6.549524e-01
4.786301e-03 6.858349e+00 4.513649e+00 8.210358e+00 6.581247e-01
4.897788e-03 6.792198e+00 4.491805e+00 8.143111e+00 6.613184e-01
5.011872e-03 6.726260e+00 4.469820e+00 8.076005e+00 6.645328e-01
5.128614e-03 6.660546e+00 4.447695e+00 8.009049e+00 6.677673e-01
5.248075e-03 6.595069e+00 4.425430e+00 7.942252e+00 6.710211e-01
5.370318e-03 6.529837e+00 4.403027e+00 7.875622e+00 6.742936e-01
5.495409e-03 6.464860e+00 4.380489e+00 7.809168e+00 6.775844e-01
5.623413e-03 6.400149e+00 4.357816e+00 7.742897e+00 6.808929e-01
5.754399e-03 6.335710e+00 4.335012e+00 7.676819e+00 6.842187e-01
5.888437e-03 6.271553e+00 4.312078e+00 7.610940e+00 6.875614e-01
6.025596e-03 6.207686e+00 4.289018e+00 7.545266e+00 6.909206e-01
6.165950e-03 6.144114e+00 4.265834e+00 7.479804e+00 6.942960e-01
6.309573e-03 6.080845e+00 4.242528e+00 7.414561e+00 6.976873e-01
6.456542e-03 6.017885e+00 4.219104e+00 7.349543e+00 7.010941e-01
6.606934e-03 5.955239e+00 4.195563e+00 7.284753e+00 7.045163e-01
6.760830e-03 5.892914e+00 4.171908e+00 7.220198e+00 7.079534e-01
6.918310e-03 5.830913e+00 4.148142e+00 7.155881e+00 7.114052e-01
7.079458e-03 5.769243e+00 4.124267e+00 7.091808e+00 7.148715e-01
7.244360e-03 5.707906e+00 4.100285e+00 7.027982e+00 7.183519e-01
7.413102e-03 5.646907e+00 4.076198e+00 6.964406e+00 7.218461e-01
7.585776e-03 5.586250e+00 4.052008e+00 6.901084e+00 7.253538e-01
7.762471e-03 5.525939e+00 4.027716e+00 6.838018e+00 7.288744e-01
7.943282e-03 5.465978e+00 4.003324e+00 6.775213e+00 7.324076e-01
8.128305e-03 5.406369e+00 3.978833e+00 6.712670e+00 7.359529e-01
8.317638e-03 5.347117e+00 3.954245e+00 6.650392e+00 7.395097e-01
8.511380e-03 5.288224e+00 3.929560e+00 6.588380e+00 7.430775e-01
8.709636e-03 5.229695e+00 3.904780e+00 6.526639e+00 7.466554e-01
8.912509e-03 5.171532e+00 3.879905e+00 6.465168e+00 7.502428e-01
9.120108e-03 5.113739e+00 3.854935e+00 6.403972e+00 7.538389e-01
9.332543e-03 5.056320e+00 3.829873e+00 6.343051e+00 7.574426e-01
9.549926e-03 4.999279e+00 3.804717e+00 6.282409e+00 7.610531e-01
9.772372e-03 4.942619e+00 3.779469e+00 6.222046e+00 7.646693e-01
1.000000e-02 4.886343e+00 3.754129e+00 6.161967e+00 7.682900e-01
1.023293e-02 4.830457e+00 3.728697e+00 6.102172e+00 7.719140e-01
1.047129e-02 4.774964e+00 3.703175e+00 6.042664e+00 7.755400e-01
1.071519e-02 4.719869e+00 3.677564e+00 5.983447e+00 7.791665e-01
1.096478e-02 4.665175e+00 3.651863e+00 5.924522e+00 7.827922e-01
1.122018e-02 4.610889e+00 3.626074e+00 5.865893e+00 7.864154e-01
1.148154e-02 4.557013e+00 3.600198e+00 5.807564e+00 7.900345e-01
1.174898e-02 4.503554e+00 3.574236e+00 5.749536e+00 7.936479e-01
1.202264e-02 4.450517e+00 3.548191e+00 5.691815e+00 7.972537e-01
1.230269e-02 4.397905e+00 3.522063e+00 5.634403e+00 8.008502e-01
1.258925e-02 4.345725e+00 3.495856e+00 5.577305e+00 8.044356e-01
1.288250e-02 4.293982e+00 3.469571e+00 5.520525e+00 8.080078e-01
1.318257e-02 4.242680e+00 3.443211e+00 5.464067e+00 8.115651e-01
1.348963e-02 4.191825e+00 3.416779e+00 5.407936e+00 8.151053e-01
1.380384e-02 4.141422e+00 3.390278e+00 5.352137e+00 8.186265e-01
1.412538e-02 4.091477e+00 3.363713e+00 5.296673e+00 8.221268e-01
1.445440e-02 4.041994e+00 3.337086e+00 5.241551e+00 8.256040e-01
1.479108e-02 3.992978e+00 3.310404e+00 5.186776e+00 8.290563e-01
1.513561e-02 3.944434e+00 3.283669e+00 5.132353e+00 8.324815e-01
1.548817e-02 3.896367e+00 3.256887e+00 5.078286e+00 8.358779e-01
1.584893e-02 3.848781e+00 3.230064e+00 5.024583e+00 8.392434e-01
1.621810e-02 3.801681e+00 3.203206e+00 4.971248e+00 8.425762e-01
1.659587e-02 3.755070e+00 3.176317e+00 4.918286e+00 8.458744e-01
1.698244e-02 3.708951e+00 3.149406e+00 4.865704e+00 8.491364e-01
1.737801e-02 3.663330e+00 3.122477e+00 4.813507e+00 8.523604e-01
1.778279e-02 3.618207e+00 3.095539e+00 4.761700e+00 8.555449e-01
1.819701e-02 3.573587e+00 3.068597e+00 4.710288e+00 8.586883e-01
1.862087e-02 3.529472e+00 3.041661e+00 4.659278e+00 8.617892e-01
1.905461e-02 3.485863e+00 3.014736e+00 4.608674e+00 8.648464e-01
1.949845e-02 3.442762e+00 2.987831e+00 4.558481e+00 8.678587e-01
1.995262e-02 3.400171e+00 2.960954e+00 4.508704e+00 8.708250e-01
2.041738e-02 3.358090e+00 2.934112e+00 4.459348e+00 8.737444e-01
2.089296e-02 3.316519e+00 2.907314e+00 4.410417e+00 8.766161e-01
2.137962e-02 3.275459e+00 2.880568e+00 4.361915e+00 8.794394e-01
2.187762e-02 3.234908e+00 2.853881e+00 4.313846e+00 8.822139e-01
2.238721e-02 3.194866e+00 2.827262e+00 4.266214e+00 8.849392e-01
2.290868e-02 3.155332e+00 2.800720e+00 4.219023e+00 8.876150e-01
2.344229e-02 3.116303e+00 2.774261e+00 4.172274e+00 8.902412e-01
2.398833e-02 3.077778e+00 2.747895e+00 4.125972e+00 8.928179e-01
2.454709e-02 3.039753e+00 2.721628e+00 4.080117e+00 8.953453e-01
2.511886e-02 3.002225e+00 2.695469e+00 4.034713e+00 8.978237e-01
2.570396e-02 2.965192e+00 2.669425e+00 3.989761e+00 9.002536e-01
2.630268e-02 2.928649e+00 2.643503e+00 3.945262e+00 9.026356e-01
2.691535e-02 2.892592e+00 2.617711e+00 3.901218e+00 9.049705e-01
2.754229e-02 2.857017e+00 2.592055e+00 3.857628e+00 9.072590e-01
2.818383e-02 2.821919e+00 2.566541e+00 3.814494e+00 9.095022e-01
2.884032e-02 2.787292e+00 2.541177e+00 3.771814e+00 9.117011e-01
2.951209e-02 2.753132e+00 2.515969e+00 3.729589e+00 9.138569e-01
3.019952e-02 2.719433e+00 2.490921e+00 3.687818e+00 9.159709e-01
3.090295e-02 2.686188e+00 2.466040e+00 3.646500e+00 9.180444e-01
3.162278e-02 2.653393e+00 2.441330e+00 3.605633e+00 9.200789e-01
3.235937e-02 2.621040e+00 2.416798e+00 3.565215e+00 9.220759e-01
3.311311e-02 2.589124e+00 2.392446e+00 3.525246e+00 9.240369e-01
3.388442e-02 2.557637e+00 2.368279e+00 3.485722e+00 9.259636e-01
3.467369e-02 2.526575e+00 2.344302e+00 3.446640e+00 9.278576e-01
3.548134e-02 2.495929e+00 2.320517e+00 3.408000e+00 9.297207e-01
3.630781e-02 2.465694e+00 2.296928e+00 3.369796e+00 9.315546e-01
3.715352e-02 2.435862e+00 2.273539e+00 3.332027e+00 9.333612e-01
3.801894e-02 2.406427e+00 2.250351e+00 3.294689e+00 9.351421e-01
3.890451e-02 2.377383e+00 2.227368e+00 3.257778e+00 9.368993e-01
3.981072e-02 2.348722e+00 2.204591e+00 3.221291e+00 9.386346e-01
4.073803e-02 2.320437e+00 2.182023e+00 3.185224e+00 9.403499e-01
4.168694e-02 2.292524e+00 2.159665e+00 3.149574e+00 9.420470e-01
4.265795e-02 2.264973e+00 2.137518e+00 3.114336e+00 9.437278e-01
4.365158e-02 2.237780e+00 2.115585e+00 3.079506e+00 9.453944e-01
4.466836e-02 2.210938e+00 2.093865e+00 3.045081e+00 9.470484e-01
4.570882e-02 2.184439e+00 2.072360e+00 3.011055e+00 9.486921e-01
4.677351e-02 2.158279e+00 2.051071e+00 2.977425e+00 9.503271e-01
4.786301e-02 2.132450e+00 2.029998e+00 2.944187e+00 9.519557e-01
4.897788e-02 2.106947e+00 2.009142e+00 2.911336e+00 9.535797e-01
5.011872e-02 2.081763e+00 1.988502e+00 2.878868e+00 9.552011e-01
5.128614e-02 2.056892e+00 1.968080e+00 2.846778e+00 9.568221e-01
5.248075e-02 2.032328e+00 1.947874e+00 2.815062e+00 9.584447e-01
5.370318e-02 2.008065e+00 1.927885e+00 2.783715e+00 9.600710e-01
5.495409e-02 1.984098e+00 1.908113e+00 2.752733e+00 9.617032e-01
5.623413e-02 1.960419e+00 1.888557e+00 2.722112e+00 9.633434e-01
5.754399e-02 1.937024e+00 1.869217e+00 2.691846e+00 9.649939e-01
5.888437e-02 1.913907e+00 1.850091e+00 2.661931e+00 9.666569e-01
6.025596e-02 1.891061e+00 1.831180e+00 2.632362e+00 9.683347e-01
6.165950e-02 1.868481e+00 1.812482e+00 2.603135e+00 9.700297e-01
6.309573e-02 1.846162e+00 1.793997e+00 2.574245e+00 9.717441e-01
6.456542e-02 1.824097e+00 1.775722e+00 2.545686e+00 9.734803e-01
6.606934e-02 1.802281e+00 1.757658e+00 2.517455e+00 9.752408e-01
6.760830e-02 1.780708e+00 1.739802e+00 2.489545e+00 9.770280e-01
6.918310e-02 1.759374e+00 1.722153e+00 2.461951e+00 9.788442e-01
7.079458e-02 1.738271e+00 1.704708e+00 2.434670e+00 9.806919e-01
7.244360e-02 1.717396e+00 1.687468e+00 2.407695e+00 9.825735e-01
7.413102e-02 1.696742e+00 1.670428e+00 2.381021e+00 9.844914e-01
7.585776e-02 1.676304e+00 1.653587e+00 2.354643e+00 9.864479e-01
7.762471e-02 1.656077e+00 1.636942e+00 2.328556e+00 9.884452e-01
7.943282e-02 1.636057e+00 1.620491e+00 2.302753e+00 9.904858e-01
8.128305e-02 1.616237e+00 1.604231e+00 2.277231e+00 9.925716e-01
8.317638e-02 1.596614e+00 1.588160e+00 2.251983e+00 9.947048e-01
8.511380e-02 1.577182e+00 1.572273e+00 2.227004e+00 9.968874e-01
8.709636e-02 1.557937e+00 1.556568e+00 2.202288e+00 9.991211e-01
8.912509e-02 1.538875e+00 1.541042e+00 2.177831e+00 1.001408e+00
9.120108e-02 1.519992e+00 1.525690e+00 2.153626e+00 1.003749e+00
9.332543e-02 1.501283e+00 1.510510e+00 2.129669e+00 1.006146e+00
9.549926e-02 1.482744e+00 1.495497e+00 2.105954e+00 1.008601e+00
9.772372e-02 1.464374e+00 1.480648e+00 2.082476e+00 1.011114e+00
1.000000e-01 1.446167e+00 1.465958e+00 2.059231e+00 1.013686e+00
1.023293e-01 1.428121e+00 1.451424e+00 2.036213e+00 1.016318e+00
1.047129e-01 1.410233e+00 1.437042e+00 2.013417e+00 1.019010e+00
1.071519e-01 1.392501e+00 1.422807e+00 1.990838e+00 1.021763e+00
1.096478e-01 1.374922e+00 1.408715e+00 1.968474e+00 1.024578e+00
1.122018e-01 1.357495e+00 1.394762e+00 1.946318e+00 1.027453e+00
1.148154e-01 1.340217e+00 1.380944e+00 1.924367e+00 1.030388e+00
1.174898e-01 1.323087e+00 1.367257e+00 1.902617e+00 1.033384e+00
1.202264e-01 1.306104e+00 1.353697e+00 1.881065e+00 1.036439e+00
1.230269e-01 1.289267e+00 1.340261e+00 1.859707e+00 1.039552e+00
1.258925e-01 1.272575e+00 1.326943e+00 1.838539e+00 1.042723e+00
1.288250e-01 1.256027e+00 1.313742e+00 1.817559e+00 1.045950e+00
1.318257e-01 1.239624e+00 1.300652e+00 1.796765e+00 1.049231e+00
1.348963e-01 1.223364e+00 1.287671e+00 1.776152e+00 1.052565e+00
1.380384e-01 1.207249e+00 1.274796e+00 1.755720e+00 1.055951e+00
1.412538e-01 1.191278e+00 1.262023e+00 1.735467e+00 1.059386e+00
1.445440e-01 1.175451e+00 1.249350e+00 1.715390e+00 1.062868e+00
1.479108e-01 1.159770e+00 1.236774e+00 1.695487e+00 1.066396e+00
1.513561e-01 1.144234e+00 1.224293e+00 1.675758e+00 1.069967e+00
1.548817e-01 1.128845e+00 1.211905e+00 1.656202e+00 1.073579e+00
1.584893e-01 1.113603e+00 1.199607e+00 1.636817e+00 1.077230e+00
1.621810e-01 1.098509e+00 1.187398e+00 1.617602e+00 1.080918e+00
1.659587e-01 1.083564e+00 1.175277e+00 1.598557e+00 1.084640e+00
1.698244e-01 1.068768e+00 1.163241e+00 1.579682e+00 1.088394e+00
1.737801e-01 1.054123e+00 1.151291e+00 1.560976e+00 1.092179e+00
1.778279e-01 1.039629e+00 1.139425e+00 1.542439e+00 1.095991e+00
1.819701e-01 1.025288e+00 1.127642e+00 1.524071e+00 1.099830e+00
1.862087e-01 1.011099e+00 1.115942e+00 1.505871e+00 1.103692e+00
1.905461e-01 9.970639e-01 1.104325e+00 1.487841e+00 1.107577e+00
1.949845e-01 9.831828e-01 1.092791e+00 1.469980e+00 1.111483e+00
1.995262e-01 9.694562e-01 1.081339e+00 1.452288e+00 1.115408e+00
2.041738e-01 9.558845e-01 1.069970e+00 1.434765e+00 1.119350e+00
2.089296e-01 9.424680e-01 1.058683e+00 1.417412e+00 1.123310e+00
2.137962e-01 9.292067e-01 1.047481e+00 1.400229e+00 1.127285e+00
2.187762e-01 9.161007e-01 1.036362e+00 1.383216e+00 1.131275e+00
2.238721e-01 9.031499e-01 1.025327e+00 1.366373e+00 1.135279e+00
2.290868e-01 8.903540e-01 1.014377e+00 1.349701e+00 1.139297e+00
2.344229e-01 8.777126e-01 1.003514e+00 1.333199e+00 1.143328e+00
2.398833e-01 8.652251e-01 9.927366e-01 1.316868e+00 1.147374e+00
2.454709e-01 8.528910e-01 9.820468e-01 1.300707e+00 1.151433e+00
2.511886e-01 8.407093e-01 9.714450e-01 1.284717e+00 1.155506e+00
2.570396e-01 8.286792e-01 9.609322e-01 1.268897e+00 1.159595e+00
2.630268e-01 8.167997e-01 9.505091e-01 1.253247e+00 1.163699e+00
2.691535e-01 8.050696e-01 9.401764e-01 1.237768e+00 1.167820e+00
2.754229e-01 7.934875e-01 9.299350e-01 1.222457e+00 1.171959e+00
2.818383e-01 7.820521e-01 9.197855e-01 1.207316e+00 1.176118e+00
2.884032e-01 7.707620e-01 9.097287e-01 1.192342e+00 1.180298e+00
2.951209e-01 7.596156e-01 8.997651e-01 1.177537e+00 1.184501e+00
3.019952e-01 7.486111e-01 8.898953e-01 1.162898e+00 1.188729e+00
3.090295e-01 7.377469e-01 8.801199e-01 1.148426e+00 1.192984e+00
3.162278e-01 7.270211e-01 8.704394e-01 1.134118e+00 1.197268e+00
3.235937e-01 7.164319e-01 8.608540e-01 1.119975e+00 1.201585e+00
3.311311e-01 7.059773e-01 8.513641e-01 1.105995e+00 1.205937e+00
3.388442e-01 6.956554e-01 8.419700e-01 1.092177e+00 1.210326e+00
3.467369e-01 6.854642e-01 8.326717e-01 1.078519e+00 1.214756e+00
3.548134e-01 6.754015e-01 8.234695e-01 1.065021e+00 1.219230e+00
3.630781e-01 6.654654e-01 8.143633e-01 1.051680e+00 1.223750e+00
3.715352e-01 6.556536e-01 8.053531e-01 1.038497e+00 1.228321e+00
3.801894e-01 6.459642e-01 7.964387e-01 1.025468e+00 1.232946e+00
3.890451e-01 6.363949e-01 7.876200e-01 1.012593e+00 1.237628e+00
3.981072e-01 6.269436e-01 7.788965e-01 9.998690e-01 1.242371e+00
4.073803e-01 6.176083e-01 7.702680e-01 9.872957e-01 1.247179e+00
4.168694e-01 6.083867e-01 7.617341e-01 9.748709e-01 1.252056e+00
4.265795e-01 5.992769e-01 7.532942e-01 9.625928e-01 1.257005e+00
4.365158e-01 5.902767e-01 7.449478e-01 9.504597e-01 1.262032e+00
4.466836e-01 5.813840e-01 7.366942e-01 9.384698e-01 1.267139e+00
4.570882e-01 5.725967e-01 7.285328e-01 9.266213e-01 1.272331e+00
4.677351e-01 5.639130e-01 7.204628e-01 9.149123e-01 1.277613e+00
4.786301e-01 5.553308e-01 7.124834e-01 9.033410e-01 1.282989e+00
4.897788e-01 5.468482e-01 7.045938e-01 8.919055e-01 1.288463e+00
5.011872e-01 5.384632e-01 6.967931e-01 8.806038e-01 1.294040e+00
5.128614e-01 5.301739e-01 6.890802e-01 8.694343e-01 1.299725e+00
5.248075e-01 5.219787e-01 6.814543e-01 8.583948e-01 1.305521e+00
5.370318e-01 5.138756e-01 6.739143e-01 8.474837e-01 1.311435e+00
5.495409e-01 5.058629e-01 6.664591e-01 8.366989e-01 1.317470e+00
5.623413e-01 4.979389e-01 6.590877e-01 8.260386e-01 1.323632e+00
5.754399e-01 4.901021e-01 6.517989e-01 8.155009e-01 1.329925e+00
5.888437e-01 4.823507e-01 6.445915e-01 8.050841e-01 1.336354e+00
6.025596e-01 4.746832e-01 6.374644e-01 7.947862e-01 1.342926e+00
6.165950e-01 4.670981e-01 6.304164e-01 7.846054e-01 1.349644e+00
6.309573e-01 4.595940e-01 6.234463e-01 7.745399e-01 1.356515e+00
6.456542e-01 4.521694e-01 6.165529e-01 7.645879e-01 1.363544e+00
6.606934e-01 4.448230e-01 6.097348e-01 7.547477e-01 1.370736e+00
6.760830e-01 4.375534e-01 6.029909e-01 7.450175e-01 1.378097e+00
6.918310e-01 4.303593e-01 5.963199e-01 7.353956e-01 1.385633e+00
7.079458e-01 4.232396e-01 5.897206e-01 7.258802e-01 1.393349e+00
7.244360e-01 4.161929e-01 5.831915e-01 7.164698e-01 1.401253e+00
7.413102e-01 4.092183e-01 5.767316e-01 7.071626e-01 1.409350e+00
7.585776e-01 4.023144e-01 5.703394e-01 6.979570e-01 1.417646e+00
7.762471e-01 3.954803e-01 5.640137e-01 6.888514e-01 1.426149e+00
7.943282e-01 3.887150e-01 5.577533e-01 6.798442e-01 1.434864e+00
8.128305e-01 3.820174e-01 5.515568e-01 6.709338e-01 1.443800e+00
8.317638e-01 3.753866e-01 5.454229e-01 6.621187e-01 1.452963e+00
8.511380e-01 3.688216e-01 5.393503e-01 6.533974e-01 1.462361e+00
8.709636e-01 3.623217e-01 5.333378e-01 6.447684e-01 1.472001e+00
8.912509e-01 3.558858e-01 5.273841e-01 6.362301e-01 1.481891e+00
9.120108e-01 3.495133e-01 5.214879e-01 6.277812e-01 1.492040e+00
9.332543e-01 3.432033e-01 5.156479e-01 6.194202e-01 1.502456e+00
9.549926e-01 3.369552e-01 5.098629e-01 6.111456e-01 1.513147e+00
9.772372e-01 3.307681e-01 5.041314e-01 6.029561e-01 1.524123e+00
1.000000e+00 3.246415e-01 4.984524e-01 5.948503e-01 1.535393e+00
1.023293e+00 3.185747e-01 4.928244e-01 5.868269e-01 1.546966e+00
1.047129e+00 3.125672e-01 4.872463e-01 5.788844e-01 1.558853e+00
1.071519e+00 3.066183e-01 4.817167e-01 5.710217e-01 1.571063e+00
1.096478e+00 3.007276e-01 4.762344e-01 5.632373e-01 1.583607e+00
1.122018e+00 2.948946e-01 4.707981e-01 5.555300e-01 1.596496e+00
1.148154e+00 2.891188e-01 4.654065e-01 5.478987e-01 1.609741e+00
1.174898e+00 2.834000e-01 4.600585e-01 5.403419e-01 1.623354e+00
1.202264e+00 2.777377e-01 4.547527e-01 5.328586e-01 1.637346e+00
1.230269e+00 2.721316e-01 4.494880e-01 5.254475e-01 1.651730e+00
1.258925e+00 2.665815e-01 4.442631e-01 5.181076e-01 1.666519e+00
1.288250e+00 2.610872e-01 4.390769e-01 5.108376e-01 1.681725e+00
1.318257e+00 2.556485e-01 4.339280e-01 5.036364e-01 1.697362e+00
1.348963e+00 2.502653e-01 4.288154e-01 4.965031e-01 1.713443e+00
1.380384e+00 2.449375e-01 4.237379e-01 4.894366e-01 1.729983e+00
1.412538e+00 2.396652e-01 4.186943e-01 4.824358e-01 1.746997e+00
1.445440e+00 2.344483e-01 4.136836e-01 4.754998e-01 1.764498e+00
1.479108e+00 2.292869e-01 4.087046e-01 4.686277e-01 1.782503e+00
1.513561e+00 2.241811e-01 4.037564e-01 4.618186e-01 1.801028e+00
1.548817e+00 2.191311e-01 3.988379e-01 4.550715e-01 1.820088e+00
1.584893e+00 2.141372e-01 3.939481e-01 4.483858e-01 1.839700e+00
1.621810e+00 2.091995e-01 3.890860e-01 4.417605e-01 1.859881e+00
1.659587e+00 2.043184e-01 3.842509e-01 4.351951e-01 1.880648e+00
1.698244e+00 1.994942e-01 3.794418e-01 4.286887e-01 1.902020e+00
1.737801e+00 1.947273e-01 3.746580e-01 4.222408e-01 1.924014e+00
1.778279e+00 1.900181e-01 3.698986e-01 4.158508e-01 1.946649e+00
1.819701e+00 1.853671e-01 3.651630e-01 4.095180e-01 1.969945e+00
1.862087e+00 1.807748e-01 3.604506e-01 4.032420e-01 1.993920e+00
1.905461e+00 1.762417e-01 3.557607e-01 3.970224e-01 2.018596e+00
1.949845e+00 1.717683e-01 3.510929e-01 3.908587e-01 2.043991e+00
1.995262e+00 1.673552e-01 3.464467e-01 3.847506e-01 2.070129e+00
2.041738e+00 1.630029e-01 3.418217e-01 3.786978e-01 2.097028e+00
2.089296e+00 1.587121e-01 3.372176e-01 3.727000e-01 2.124712e+00
2.137962e+00 1.544834e-01 3.326342e-01 3.667569e-01 2.153203e+00
2.187762e+00 1.503174e-01 3.280712e-01 3.608685e-01 2.182524e+00
2.238721e+00 1.462147e-01 3.235287e-01 3.550345e-01 2.212696e+00
2.290868e+00 1.421758e-01 3.190064e-01 3.492550e-01 2.243746e+00
2.344229e+00 1.382015e-01 3.145045e-01 3.435299e-01 2.275695e+00
2.398833e+00 1.342923e-01 3.100231e-01 3.378591e-01 2.308570e+00
2.454709e+00 1.304487e-01 3.055624e-01 3.322427e-01 2.342395e+00
2.511886e+00 1.266714e-01 3.011225e-01 3.266809e-01 2.377195e+00
2.570396e+00 1.229607e-01 2.967038e-01 3.211736e-01 2.412997e+00
2.630268e+00 1.193173e-01 2.923068e-01 3.157212e-01 2.449827e+00
2.691535e+00 1.157415e-01 2.879317e-01 3.103236e-01 2.487713e+00
2.754229e+00 1.122338e-01 2.835791e-01 3.049812e-01 2.526682e+00
2.818383e+00 1.087946e-01 2.792497e-01 2.996942e-01 2.566761e+00
2.884032e+00 1.054240e-01 2.749439e-01 2.944628e-01 2.607980e+00
2.951209e+00 1.021226e-01 2.706624e-01 2.892873e-01 2.650368e+00
3.019952e+00 9.889029e-02 2.664059e-01 2.841679e-01 2.693954e+00
3.090295e+00 9.572741e-02 2.621753e-01 2.791050e-01 2.738769e+00
3.162278e+00 9.263401e-02 2.579712e-01 2.740989e-01 2.784843e+00
3.235937e+00 8.961012e-02 2.537945e-01 2.691498e-01 2.832208e+00
3.311311e+00 8.665570e-02 2.496460e-01 2.642580e-01 2.880895e+00
3.388442e+00 8.377067e-02 2.455265e-01 2.594240e-01 2.930937e+00
3.467369e+00 8.095486e-02 2.414371e-01 2.546479e-01 2.982366e+00
3.548134e+00 7.820803e-02 2.373784e-01 2.499300e-01 3.035218e+00
3.630781e+00 7.552991e-02 2.333516e-01 2.452707e-01 3.089525e+00
3.715352e+00 7.292012e-02 2.293574e-01 2.406702e-01 3.145324e+00
3.801894e+00 7.037825e-02 2.253968e-01 2.361288e-01 3.202648e+00
3.890451e+00 6.790379e-02 2.214706e-01 2.316466e-01 3.261535e+00
3.981072e+00 6.549620e-02 2.175798e-01 2.272240e-01 3.322022e+00
4.073803e+00 6.315487e-02 2.137253e-01 2.228610e-01 3.384146e+00
4.168694e+00 6.087912e-02 2.099079e-01 2.185579e-01 3.447945e+00
4.265795e+00 5.866821e-02 2.061283e-01 2.143148e-01 3.513459e+00
4.365158e+00 5.652137e-02 2.023876e-01 2.101319e-01 3.580727e+00
4.466836e+00 5.443775e-02 1.986864e-01 2.060091e-01 3.649790e+00
4.570882e+00 5.241648e-02 1.950254e-01 2.019465e-01 3.720689e+00
4.677351e+00 5.045661e-02 1.914055e-01 1.979442e-01 3.793466e+00
4.786301e+00 4.855717e-02 1.878272e-01 1.940022e-01 3.868165e+00
4.897788e+00 4.671715e-02 1.842912e-01 1.901203e-01 3.944830e+00
5.011872e+00 4.493550e-02 1.807982e-01 1.862986e-01 4.023504e+00
5.128614e+00 4.321112e-02 1.773486e-01 1.825369e-01 4.104234e+00
5.248075e+00 4.154291e-02 1.739430e-01 1.788350e-01 4.187067e+00
5.370318e+00 3.992973e-02 1.705818e-01 1.751929e-01 4.272050e+00
5.495409e+00 3.837042e-02 1.672655e-01 1.716102e-01 4.359232e+00
5.623413e+00 3.686379e-02 1.639945e-01 1.680867e-01 4.448661e+00
5.754399e+00 3.540864e-02 1.607691e-01 1.646222e-01 4.540390e+00
5.888437e+00 3.400377e-02 1.575895e-01 1.612163e-01 4.634470e+00
6.025596e+00 3.264796e-02 1.544560e-01 1.578687e-01 4.730953e+00
6.165950e+00 3.133998e-02 1.513687e-01 1.545791e-01 4.829893e+00
6.309573e+00 3.007859e-02 1.483280e-01 1.513470e-01 4.931347e+00
6.456542e+00 2.886258e-02 1.453337e-01 1.481720e-01 5.035369e+00
6.606934e+00 2.769070e-02 1.423861e-01 1.450537e-01 5.142019e+00
6.760830e+00 2.656173e-02 1.394851e-01 1.419916e-01 5.251354e+00
6.918310e+00 2.547446e-02 1.366306e-01 1.389851e-01 5.363435e+00
7.079458e+00 2.442767e-02 1.338227e-01 1.360339e-01 5.478324e+00
7.244360e+00 2.342016e-02 1.310612e-01 1.331373e-01 5.596083e+00
7.413102e+00 2.245075e-02 1.283459e-01 1.302947e-01 5.716777e+00
7.585776e+00 2.151826e-02 1.256768e-01 1.275057e-01 5.840471e+00
7.762471e+00 2.062154e-02 1.230536e-01 1.247695e-01 5.967234e+00
7.943282e+00 1.975945e-02 1.204760e-01 1.220856e-01 6.097133e+00
8.128305e+00 1.893085e-02 1.179437e-01 1.194534e-01 6.230240e+00
8.317638e+00 1.813466e-02 1.154566e-01 1.168721e-01 6.366626e+00
8.511380e+00 1.736979e-02 1.130142e-01 1.143412e-01 6.506365e+00
8.709636e+00 1.663518e-02 1.106162e-01 1.118601e-01 6.649533e+00
8.912509e+00 1.592980e-02 1.082622e-01 1.094279e-01 6.796207e+00
9.120108e+00 1.525262e-02 1.059518e-01 1.070440e-01 6.946465e+00
9.332543e+00 1.460266e-02 1.036846e-01 1.047078e-01 7.100388e+00
9.549926e+00 1.397896e-02 1.014601e-01 1.024186e-01 7.258060e+00
9.772372e+00 1.338056e-02 9.927794e-02 1.001756e-01 7.419564e+00
1.000000e+01 1.280656e-02 9.713757e-02 9.797814e-02 7.584988e+00
