1.000000e-06 3.293486e+01 1.429773e-01 3.293517e+01 4.341214e-03
1.023293e-06 3.293477e+01 1.463062e-01 3.293510e+01 4.442300e-03
1.047129e-06 3.293468e+01 1.497125e-01 3.293502e+01 4.545740e-03
1.071519e-06 3.293459e+01 1.531981e-01 3.293494e+01 4.651586e-03
1.096478e-06 3.293449e+01 1.567647e-01 3.293486e+01 4.759894e-03
1.122018e-06 3.293438e+01 1.604143e-01 3.293477e+01 4.870723e-03
1.148154e-06 3.293427e+01 1.641487e-01 3.293468e+01 4.984130e-03
1.174898e-06 3.293416e+01 1.679700e-01 3.293459e+01 5.100176e-03
1.202264e-06 3.293404e+01 1.718801e-01 3.293449e+01 5.218921e-03
1.230269e-06 3.293391e+01 1.758812e-01 3.293438e+01 5.340428e-03
1.258925e-06 3.293378e+01 1.799752e-01 3.293427e+01 5.464761e-03
1.288250e-06 3.293364e+01 1.841645e-01 3.293416e+01 5.591986e-03
1.318257e-06 3.293350e+01 1.884511e-01 3.293404e+01 5.722170e-03
1.348963e-06 3.293335e+01 1.928373e-01 3.293391e+01 5.855381e-03
1.380384e-06 3.293319e+01 1.973254e-01 3.293378e+01 5.991689e-03
1.412538e-06 3.293302e+01 2.019178e-01 3.293364e+01 6.131167e-03
1.445440e-06 3.293285e+01 2.066170e-01 3.293350e+01 6.273887e-03
1.479108e-06 3.293267e+01 2.114253e-01 3.293334e+01 6.419925e-03
1.513561e-06 3.293248e+01 2.163452e-01 3.293319e+01 6.569358e-03
1.548817e-06 3.293228e+01 2.213794e-01 3.293302e+01 6.722264e-03
1.584893e-06 3.293207e+01 2.265306e-01 3.293285e+01 6.878723e-03
1.621810e-06 3.293185e+01 2.318013e-01 3.293266e+01 7.038818e-03
1.659587e-06 3.293162e+01 2.371944e-01 3.293247e+01 7.202633e-03
1.698244e-06 3.293138e+01 2.427126e-01 3.293227e+01 7.370253e-03
1.737801e-06 3.293113e+01 2.483589e-01 3.293206e+01 7.541767e-03
1.778279e-06 3.293086e+01 2.541362e-01 3.293185e+01 7.717265e-03
1.819701e-06 3.293059e+01 2.600475e-01 3.293162e+01 7.896838e-03
1.862087e-06 3.293030e+01 2.660959e-01 3.293138e+01 8.080580e-03
1.905461e-06 3.293000e+01 2.722846e-01 3.293112e+01 8.268589e-03
1.949845e-06 3.292968e+01 2.786168e-01 3.293086e+01 8.460961e-03
1.995262e-06 3.292935e+01 2.850957e-01 3.293059e+01 8.657799e-03
2.041738e-06 3.292901e+01 2.917248e-01 3.293030e+01 8.859203e-03
2.089296e-06 3.292864e+01 2.985074e-01 3.293000e+01 9.065281e-03
2.137962e-06 3.292826e+01 3.054471e-01 3.292968e+01 9.276138e-03
2.187762e-06 3.292787e+01 3.125475e-01 3.292935e+01 9.491886e-03
2.238721e-06 3.292745e+01 3.198123e-01 3.292900e+01 9.712636e-03
2.290868e-06 3.292701e+01 3.272452e-01 3.292864e+01 9.938503e-03
2.344229e-06 3.292656e+01 3.348501e-01 3.292826e+01 1.016961e-02
2.398833e-06 3.292608e+01 3.426308e-01 3.292786e+01 1.040606e-02
2.454709e-06 3.292558e+01 3.505915e-01 3.292745e+01 1.064800e-02
2.511886e-06 3.292505e+01 3.587361e-01 3.292701e+01 1.089553e-02
2.570396e-06 3.292451e+01 3.670688e-01 3.292655e+01 1.114880e-02
2.630268e-06 3.292393e+01 3.755941e-01 3.292607e+01 1.140793e-02
2.691535e-06 3.292333e+01 3.843161e-01 3.292557e+01 1.167306e-02
2.754229e-06 3.292270e+01 3.932393e-01 3.292505e+01 1.194432e-02
2.818383e-06 3.292204e+01 4.023684e-01 3.292450e+01 1.222185e-02
2.884032e-06 3.292135e+01 4.117080e-01 3.292393e+01 1.250580e-02
2.951209e-06 3.292063e+01 4.212627e-01 3.292333e+01 1.279631e-02
3.019952e-06 3.291988e+01 4.310375e-01 3.292270e+01 1.309353e-02
3.090295e-06 3.291908e+01 4.410373e-01 3.292204e+01 1.339762e-02
3.162278e-06 3.291826e+01 4.512672e-01 3.292135e+01 1.370872e-02
3.235937e-06 3.291739e+01 4.617322e-01 3.292063e+01 1.402700e-02
3.311311e-06 3.291648e+01 4.724377e-01 3.291987e+01 1.435262e-02
3.388442e-06 3.291553e+01 4.833891e-01 3.291908e+01 1.468574e-02
3.467369e-06 3.291454e+01 4.945917e-01 3.291825e+01 1.502654e-02
3.548134e-06 3.291349e+01 5.060513e-01 3.291738e+01 1.537519e-02
3.630781e-06 3.291240e+01 5.177734e-01 3.291648e+01 1.573186e-02
3.715352e-06 3.291126e+01 5.297640e-01 3.291553e+01 1.609674e-02
3.801894e-06 3.291007e+01 5.420289e-01 3.291453e+01 1.647000e-02
3.890451e-06 3.290882e+01 5.545741e-01 3.291349e+01 1.685184e-02
3.981072e-06 3.290751e+01 5.674058e-01 3.291240e+01 1.724244e-02
4.073803e-06 3.290614e+01 5.805303e-01 3.291126e+01 1.764201e-02
4.168694e-06 3.290471e+01 5.939540e-01 3.291007e+01 1.805073e-02
4.265795e-06 3.290321e+01 6.076834e-01 3.290882e+01 1.846882e-02
4.365158e-06 3.290163e+01 6.217251e-01 3.290751e+01 1.889648e-02
4.466836e-06 3.289999e+01 6.360858e-01 3.290614e+01 1.933392e-02
4.570882e-06 3.289827e+01 6.507724e-01 3.290471e+01 1.978136e-02
4.677351e-06 3.289647e+01 6.657919e-01 3.290321e+01 2.023901e-02
4.786301e-06 3.289459e+01 6.811515e-01 3.290164e+01 2.070710e-02
4.897788e-06 3.289261e+01 6.968583e-01 3.290000e+01 2.118586e-02
5.011872e-06 3.289055e+01 7.129196e-01 3.289828e+01 2.167551e-02
5.128614e-06 3.288839e+01 7.293430e-01 3.289648e+01 2.217630e-02
5.248075e-06 3.288613e+01 7.461360e-01 3.289460e+01 2.268847e-02
5.370318e-06 3.288377e+01 7.633064e-01 3.289263e+01 2.321225e-02
5.495409e-06 3.288129e+01 7.808619e-01 3.289056e+01 2.374791e-02
5.623413e-06 3.287871e+01 7.988105e-01 3.288841e+01 2.429568e-02
5.754399e-06 3.287600e+01 8.171603e-01 3.288615e+01 2.485583e-02
5.888437e-06 3.287316e+01 8.359193e-01 3.288379e+01 2.542862e-02
6.025596e-06 3.287020e+01 8.550959e-01 3.288132e+01 2.601432e-02
6.165950e-06 3.286710e+01 8.746984e-01 3.287874e+01 2.661319e-02
6.309573e-06 3.286386e+01 8.947354e-01 3.287603e+01 2.722552e-02
6.456542e-06 3.286046e+01 9.152154e-01 3.287320e+01 2.785157e-02
6.606934e-06 3.285691e+01 9.361470e-01 3.287025e+01 2.849163e-02
6.760830e-06 3.285320e+01 9.575390e-01 3.286715e+01 2.914599e-02
6.918310e-06 3.284932e+01 9.794003e-01 3.286392e+01 2.981493e-02
7.079458e-06 3.284526e+01 1.001740e+00 3.286053e+01 3.049876e-02
7.244360e-06 3.284101e+01 1.024566e+00 3.285699e+01 3.119777e-02
7.413102e-06 3.283657e+01 1.047889e+00 3.285329e+01 3.191226e-02
7.585776e-06 3.283193e+01 1.071717e+00 3.284941e+01 3.264254e-02
7.762471e-06 3.282707e+01 1.096060e+00 3.284537e+01 3.338891e-02
7.943282e-06 3.282200e+01 1.120927e+00 3.284113e+01 3.415169e-02
8.128305e-06 3.281669e+01 1.146326e+00 3.283671e+01 3.493119e-02
8.317638e-06 3.281114e+01 1.172268e+00 3.283208e+01 3.572773e-02
8.511380e-06 3.280535e+01 1.198761e+00 3.282724e+01 3.654163e-02
8.709636e-06 3.279929e+01 1.225815e+00 3.282218e+01 3.737321e-02
8.912509e-06 3.279295e+01 1.253438e+00 3.281690e+01 3.822279e-02
9.120108e-06 3.278633e+01 1.281641e+00 3.281138e+01 3.909071e-02
9.332543e-06 3.277942e+01 1.310432e+00 3.280560e+01 3.997729e-02
9.549926e-06 3.277219e+01 1.339821e+00 3.279957e+01 4.088286e-02
9.772372e-06 3.276465e+01 1.369816e+00 3.279327e+01 4.180774e-02
1.000000e-05 3.275676e+01 1.400426e+00 3.278668e+01 4.275227e-02
1.023293e-05 3.274853e+01 1.431660e+00 3.277981e+01 4.371678e-02
1.047129e-05 3.273993e+01 1.463527e+00 3.277262e+01 4.470160e-02
1.071519e-05 3.273095e+01 1.496035e+00 3.276512e+01 4.570705e-02
1.096478e-05 3.272157e+01 1.529192e+00 3.275728e+01 4.673346e-02
1.122018e-05 3.271178e+01 1.563007e+00 3.274910e+01 4.778115e-02
1.148154e-05 3.270157e+01 1.597486e+00 3.274056e+01 4.885046e-02
1.174898e-05 3.269090e+01 1.632639e+00 3.273165e+01 4.994168e-02
1.202264e-05 3.267978e+01 1.668471e+00 3.272234e+01 5.105514e-02
1.230269e-05 3.266817e+01 1.704989e+00 3.271263e+01 5.219115e-02
1.258925e-05 3.265606e+01 1.742201e+00 3.270250e+01 5.335001e-02
1.288250e-05 3.264343e+01 1.780112e+00 3.269193e+01 5.453201e-02
1.318257e-05 3.263026e+01 1.818727e+00 3.268090e+01 5.573745e-02
1.348963e-05 3.261652e+01 1.858053e+00 3.266940e+01 5.696660e-02
1.380384e-05 3.260221e+01 1.898092e+00 3.265742e+01 5.821974e-02
1.412538e-05 3.258729e+01 1.938850e+00 3.264492e+01 5.949713e-02
1.445440e-05 3.257174e+01 1.980330e+00 3.263189e+01 6.079902e-02
1.479108e-05 3.255555e+01 2.022534e+00 3.261832e+01 6.212563e-02
1.513561e-05 3.253868e+01 2.065465e+00 3.260417e+01 6.347721e-02
1.548817e-05 3.252112e+01 2.109123e+00 3.258944e+01 6.485396e-02
1.584893e-05 3.250283e+01 2.153510e+00 3.257410e+01 6.625607e-02
1.621810e-05 3.248380e+01 2.198624e+00 3.255812e+01 6.768371e-02
1.659587e-05 3.246400e+01 2.244465e+00 3.254150e+01 6.913705e-02
1.698244e-05 3.244341e+01 2.291031e+00 3.252420e+01 7.061622e-02
1.737801e-05 3.242199e+01 2.338317e+00 3.250620e+01 7.212134e-02
1.778279e-05 3.239972e+01 2.386320e+00 3.248748e+01 7.365250e-02
1.819701e-05 3.237658e+01 2.435035e+00 3.246802e+01 7.520977e-02
1.862087e-05 3.235253e+01 2.484454e+00 3.244778e+01 7.679320e-02
1.905461e-05 3.232756e+01 2.534571e+00 3.242676e+01 7.840280e-02
1.949845e-05 3.230163e+01 2.585376e+00 3.240493e+01 8.003857e-02
1.995262e-05 3.227471e+01 2.636859e+00 3.238225e+01 8.170046e-02
2.041738e-05 3.224679e+01 2.689008e+00 3.235871e+01 8.338841e-02
2.089296e-05 3.221783e+01 2.741811e+00 3.233428e+01 8.510230e-02
2.137962e-05 3.218780e+01 2.795254e+00 3.230895e+01 8.684202e-02
2.187762e-05 3.215668e+01 2.849319e+00 3.228267e+01 8.860738e-02
2.238721e-05 3.212445e+01 2.903992e+00 3.225544e+01 9.039818e-02
2.290868e-05 3.209107e+01 2.959252e+00 3.222723e+01 9.221417e-02
2.344229e-05 3.205653e+01 3.015080e+00 3.219801e+01 9.405509e-02
2.398833e-05 3.202079e+01 3.071453e+00 3.216776e+01 9.592060e-02
2.454709e-05 3.198384e+01 3.128350e+00 3.213647e+01 9.781035e-02
2.511886e-05 3.194564e+01 3.185746e+00 3.210410e+01 9.972394e-02
2.570396e-05 3.190619e+01 3.243613e+00 3.207064e+01 1.016609e-01
2.630268e-05 3.186545e+01 3.301926e+00 3.203607e+01 1.036209e-01
2.691535e-05 3.182341e+01 3.360655e+00 3.200037e+01 1.056032e-01
2.754229e-05 3.178005e+01 3.419770e+00 3.196352e+01 1.076074e-01
2.818383e-05 3.173535e+01 3.479240e+00 3.192550e+01 1.096329e-01
2.884032e-05 3.168930e+01 3.539031e+00 3.188631e+01 1.116790e-01
2.951209e-05 3.164189e+01 3.599111e+00 3.184592e+01 1.137451e-01
3.019952e-05 3.159310e+01 3.659444e+00 3.180433e+01 1.158305e-01
3.090295e-05 3.154292e+01 3.719995e+00 3.176152e+01 1.179344e-01
3.162278e-05 3.149135e+01 3.780726e+00 3.171748e+01 1.200560e-01
3.235937e-05 3.143837e+01 3.841602e+00 3.167221e+01 1.221947e-01
3.311311e-05 3.138400e+01 3.902584e+00 3.162571e+01 1.243495e-01
3.388442e-05 3.132822e+01 3.963634e+00 3.157796e+01 1.265196e-01
3.467369e-05 3.127103e+01 4.024714e+00 3.152897e+01 1.287042e-01
3.548134e-05 3.121245e+01 4.085786e+00 3.147874e+01 1.309024e-01
3.630781e-05 3.115248e+01 4.146811e+00 3.142727e+01 1.331134e-01
3.715352e-05 3.109112e+01 4.207752e+00 3.137456e+01 1.353361e-01
3.801894e-05 3.102840e+01 4.268572e+00 3.132063e+01 1.375698e-01
3.890451e-05 3.096431e+01 4.329234e+00 3.126549e+01 1.398137e-01
3.981072e-05 3.089889e+01 4.389703e+00 3.120915e+01 1.420667e-01
4.073803e-05 3.083214e+01 4.449944e+00 3.115161e+01 1.443281e-01
4.168694e-05 3.076410e+01 4.509926e+00 3.109291e+01 1.465971e-01
4.265795e-05 3.069477e+01 4.569617e+00 3.103305e+01 1.488728e-01
4.365158e-05 3.062420e+01 4.628987e+00 3.097207e+01 1.511546e-01
4.466836e-05 3.055240e+01 4.688011e+00 3.090998e+01 1.534417e-01
4.570882e-05 3.047941e+01 4.746662e+00 3.084681e+01 1.557334e-01
4.677351e-05 3.040526e+01 4.804919e+00 3.078258e+01 1.580292e-01
4.786301e-05 3.032998e+01 4.862762e+00 3.071733e+01 1.603285e-01
4.897788e-05 3.025361e+01 4.920173e+00 3.065109e+01 1.626310e-01
5.011872e-05 3.017618e+01 4.977139e+00 3.058388e+01 1.649360e-01
5.128614e-05 3.009773e+01 5.033649e+00 3.051574e+01 1.672435e-01
5.248075e-05 3.001829e+01 5.089694e+00 3.044672e+01 1.695531e-01
5.370318e-05 2.993790e+01 5.145270e+00 3.037683e+01 1.718648e-01
5.495409e-05 2.985660e+01 5.200376e+00 3.030611e+01 1.741784e-01
5.623413e-05 2.977443e+01 5.255012e+00 3.023461e+01 1.764942e-01
5.754399e-05 2.969142e+01 5.309185e+00 3.016235e+01 1.788121e-01
5.888437e-05 2.960760e+01 5.362902e+00 3.008938e+01 1.811326e-01
6.025596e-05 2.952302e+01 5.416175e+00 3.001572e+01 1.834560e-01
6.165950e-05 2.943770e+01 5.469019e+00 2.994141e+01 1.857828e-01
6.309573e-05 2.935167e+01 5.521450e+00 2.986649e+01 1.881136e-01
6.456542e-05 2.926497e+01 5.573489e+00 2.979098e+01 1.904491e-01
6.606934e-05 2.917762e+01 5.625159e+00 2.971491e+01 1.927902e-01
6.760830e-05 2.908964e+01 5.676485e+00 2.963832e+01 1.951377e-01
6.918310e-05 2.900106e+01 5.727495e+00 2.956122e+01 1.974926e-01
7.079458e-05 2.891189e+01 5.778218e+00 2.948364e+01 1.998561e-01
7.244360e-05 2.882215e+01 5.828686e+00 2.940561e+01 2.022294e-01
7.413102e-05 2.873185e+01 5.878930e+00 2.932713e+01 2.046137e-01
7.585776e-05 2.864099e+01 5.928985e+00 2.924823e+01 2.070105e-01
7.762471e-05 2.854959e+01 5.978885e+00 2.916892e+01 2.094211e-01
7.943282e-05 2.845763e+01 6.028665e+00 2.908920e+01 2.118471e-01
8.128305e-05 2.836512e+01 6.078360e+00 2.900908e+01 2.142899e-01
8.317638e-05 2.827206e+01 6.128005e+00 2.892856e+01 2.167513e-01
8.511380e-05 2.817842e+01 6.177634e+00 2.884765e+01 2.192328e-01
8.709636e-05 2.808420e+01 6.227281e+00 2.876632e+01 2.217361e-01
8.912509e-05 2.798937e+01 6.276976e+00 2.868458e+01 2.242629e-01
9.120108e-05 2.789392e+01 6.326752e+00 2.860242e+01 2.268148e-01
9.332543e-05 2.779781e+01 6.376635e+00 2.851981e+01 2.293935e-01
9.549926e-05 2.770101e+01 6.426654e+00 2.843674e+01 2.320007e-01
9.772372e-05 2.760350e+01 6.476830e+00 2.835318e+01 2.346380e-01
1.000000e-04 2.750524e+01 6.527185e+00 2.826910e+01 2.373070e-01
1.023293e-04 2.740618e+01 6.577735e+00 2.818449e+01 2.400092e-01
1.047129e-04 2.730629e+01 6.628496e+00 2.809930e+01 2.427461e-01
1.071519e-04 2.720552e+01 6.679477e+00 2.801349e+01 2.455192e-01
1.096478e-04 2.710383e+01 6.730684e+00 2.792704e+01 2.483297e-01
1.122018e-04 2.700116e+01 6.782119e+00 2.783989e+01 2.511788e-01
1.148154e-04 2.689747e+01 6.833780e+00 2.775201e+01 2.540678e-01
1.174898e-04 2.679270e+01 6.885660e+00 2.766335e+01 2.569976e-01
1.202264e-04 2.668681e+01 6.937747e+00 2.757387e+01 2.599691e-01
1.230269e-04 2.657974e+01 6.990023e+00 2.748351e+01 2.629831e-01
1.258925e-04 2.647144e+01 7.042468e+00 2.739222e+01 2.660402e-01
1.288250e-04 2.636186e+01 7.095056e+00 2.729996e+01 2.691409e-01
1.318257e-04 2.625095e+01 7.147753e+00 2.720667e+01 2.722855e-01
1.348963e-04 2.613866e+01 7.200524e+00 2.711230e+01 2.754741e-01
1.380384e-04 2.602493e+01 7.253326e+00 2.701681e+01 2.787068e-01
1.412538e-04 2.590973e+01 7.306114e+00 2.692013e+01 2.819834e-01
1.445440e-04 2.579301e+01 7.358835e+00 2.682223e+01 2.853034e-01
1.479108e-04 2.567473e+01 7.411432e+00 2.672305e+01 2.886664e-01
1.513561e-04 2.555485e+01 7.463846e+00 2.662254e+01 2.920716e-01
1.548817e-04 2.543334e+01 7.516011e+00 2.652066e+01 2.955180e-01
1.584893e-04 2.531017e+01 7.567858e+00 2.641737e+01 2.990046e-01
1.621810e-04 2.518531e+01 7.619312e+00 2.631262e+01 3.025300e-01
1.659587e-04 2.505875e+01 7.670298e+00 2.620638e+01 3.060926e-01
1.698244e-04 2.493046e+01 7.720734e+00 2.609861e+01 3.096909e-01
1.737801e-04 2.480044e+01 7.770539e+00 2.598928e+01 3.133227e-01
1.778279e-04 2.466868e+01 7.819627e+00 2.587837e+01 3.169860e-01
1.819701e-04 2.453519e+01 7.867909e+00 2.576586e+01 3.206786e-01
1.862087e-04 2.439997e+01 7.915298e+00 2.565172e+01 3.243978e-01
1.905461e-04 2.426304e+01 7.961702e+00 2.553593e+01 3.281411e-01
1.949845e-04 2.412443e+01 8.007032e+00 2.541851e+01 3.319056e-01
1.995262e-04 2.398415e+01 8.051195e+00 2.529943e+01 3.356882e-01
2.041738e-04 2.384224e+01 8.094103e+00 2.517870e+01 3.394858e-01
2.089296e-04 2.369876e+01 8.135665e+00 2.505634e+01 3.432950e-01
2.137962e-04 2.355374e+01 8.175793e+00 2.493235e+01 3.471124e-01
2.187762e-04 2.340723e+01 8.214402e+00 2.480675e+01 3.509343e-01
2.238721e-04 2.325932e+01 8.251410e+00 2.467958e+01 3.547572e-01
2.290868e-04 2.311005e+01 8.286735e+00 2.455085e+01 3.585771e-01
2.344229e-04 2.295951e+01 8.320304e+00 2.442062e+01 3.623903e-01
2.398833e-04 2.280778e+01 8.352043e+00 2.428892e+01 3.661927e-01
2.454709e-04 2.265495e+01 8.381888e+00 2.415580e+01 3.699804e-01
2.511886e-04 2.250110e+01 8.409776e+00 2.402132e+01 3.737495e-01
2.570396e-04 2.234634e+01 8.435652e+00 2.388555e+01 3.774958e-01
2.630268e-04 2.219077e+01 8.459468e+00 2.374854e+01 3.812156e-01
2.691535e-04 2.203449e+01 8.481181e+00 2.361036e+01 3.849048e-01
2.754229e-04 2.187761e+01 8.500756e+00 2.347111e+01 3.885595e-01
2.818383e-04 2.172025e+01 8.518164e+00 2.333085e+01 3.921761e-01
2.884032e-04 2.156252e+01 8.533386e+00 2.318967e+01 3.957509e-01
2.951209e-04 2.140453e+01 8.546409e+00 2.304767e+01 3.992804e-01
3.019952e-04 2.124640e+01 8.557228e+00 2.290493e+01 4.027613e-01
3.090295e-04 2.108825e+01 8.565846e+00 2.276155e+01 4.061904e-01
3.162278e-04 2.093020e+01 8.572274e+00 2.261763e+01 4.095649e-01
3.235937e-04 2.077236e+01 8.576532e+00 2.247327e+01 4.128819e-01
3.311311e-04 2.061485e+01 8.578646e+00 2.232857e+01 4.161392e-01
3.388442e-04 2.045778e+01 8.578652e+00 2.218364e+01 4.193345e-01
3.467369e-04 2.030126e+01 8.576592e+00 2.203858e+01 4.224660e-01
3.548134e-04 2.014540e+01 8.572514e+00 2.189349e+01 4.255322e-01
3.630781e-04 1.999029e+01 8.566476e+00 2.174848e+01 4.285318e-01
3.715352e-04 1.983605e+01 8.558541e+00 2.160365e+01 4.314640e-01
3.801894e-04 1.968276e+01 8.548778e+00 2.145909e+01 4.343282e-01
3.890451e-04 1.953051e+01 8.537262e+00 2.131491e+01 4.371244e-01
3.981072e-04 1.937938e+01 8.524073e+00 2.117121e+01 4.398528e-01
4.073803e-04 1.922944e+01 8.509296e+00 2.102807e+01 4.425139e-01
4.168694e-04 1.908078e+01 8.493021e+00 2.088558e+01 4.451088e-01
4.265795e-04 1.893344e+01 8.475340e+00 2.074383e+01 4.476387e-01
4.365158e-04 1.878749e+01 8.456350e+00 2.060290e+01 4.501054e-01
4.466836e-04 1.864297e+01 8.436151e+00 2.046287e+01 4.525111e-01
4.570882e-04 1.849993e+01 8.414841e+00 2.032380e+01 4.548580e-01
4.677351e-04 1.835840e+01 8.392525e+00 2.018577e+01 4.571491e-01
4.786301e-04 1.821840e+01 8.369305e+00 2.004883e+01 4.593874e-01
4.897788e-04 1.807997e+01 8.345284e+00 1.991303e+01 4.615763e-01
5.011872e-04 1.794309e+01 8.320566e+00 1.977843e+01 4.637197e-01
5.128614e-04 1.780780e+01 8.295255e+00 1.964507e+01 4.658215e-01
5.248075e-04 1.767407e+01 8.269449e+00 1.951299e+01 4.678859e-01
5.370318e-04 1.754191e+01 8.243251e+00 1.938220e+01 4.699175e-01
5.495409e-04 1.741129e+01 8.216756e+00 1.925275e+01 4.719211e-01
5.623413e-04 1.728221e+01 8.190061e+00 1.912464e+01 4.739014e-01
5.754399e-04 1.715462e+01 8.163255e+00 1.899788e+01 4.758635e-01
5.888437e-04 1.702849e+01 8.136429e+00 1.887249e+01 4.778127e-01
6.025596e-04 1.690379e+01 8.109666e+00 1.874846e+01 4.797542e-01
6.165950e-04 1.678048e+01 8.083046e+00 1.862579e+01 4.816934e-01
6.309573e-04 1.665850e+01 8.056647e+00 1.850446e+01 4.836358e-01
6.456542e-04 1.653780e+01 8.030538e+00 1.838446e+01 4.855868e-01
6.606934e-04 1.641833e+01 8.004787e+00 1.826576e+01 4.875519e-01
6.760830e-04 1.630002e+01 7.979456e+00 1.814834e+01 4.895365e-01
6.918310e-04 1.618281e+01 7.954599e+00 1.803217e+01 4.915461e-01
7.079458e-04 1.606664e+01 7.930269e+00 1.791720e+01 4.935860e-01
7.244360e-04 1.595144e+01 7.906511e+00 1.780341e+01 4.956613e-01
7.413102e-04 1.583713e+01 7.883364e+00 1.769074e+01 4.977773e-01
7.585776e-04 1.572365e+01 7.860863e+00 1.757914e+01 4.999389e-01
7.762471e-04 1.561091e+01 7.839036e+00 1.746858e+01 5.021510e-01
7.943282e-04 1.549886e+01 7.817906e+00 1.735898e+01 5.044182e-01
8.128305e-04 1.538741e+01 7.797491e+00 1.725031e+01 5.067450e-01
8.317638e-04 1.527648e+01 7.777802e+00 1.714249e+01 5.091357e-01
8.511380e-04 1.516601e+01 7.758847e+00 1.703548e+01 5.115945e-01
8.709636e-04 1.505592e+01 7.740625e+00 1.692921e+01 5.141250e-01
8.912509e-04 1.494614e+01 7.723132e+00 1.682361e+01 5.167310e-01
9.120108e-04 1.483659e+01 7.706360e+00 1.671863e+01 5.194157e-01
9.332543e-04 1.472722e+01 7.690294e+00 1.661420e+01 5.221824e-01
9.549926e-04 1.461794e+01 7.674915e+00 1.651026e+01 5.250339e-01
9.772372e-04 1.450870e+01 7.660198e+00 1.640674e+01 5.279726e-01
1.000000e-03 1.439944e+01 7.646117e+00 1.630358e+01 5.310011e-01
1.023293e-03 1.429008e+01 7.632638e+00 1.620073e+01 5.341213e-01
1.047129e-03 1.418059e+01 7.619725e+00 1.609811e+01 5.373349e-01
1.071519e-03 1.407090e+01 7.607340e+00 1.599568e+01 5.406436e-01
1.096478e-03 1.396096e+01 7.595437e+00 1.589336e+01 5.440484e-01
1.122018e-03 1.385073e+01 7.583972e+00 1.579111e+01 5.475504e-01
1.148154e-03 1.374016e+01 7.572894e+00 1.568888e+01 5.511502e-01
1.174898e-03 1.362923e+01 7.562152e+00 1.558660e+01 5.548482e-01
1.202264e-03 1.351788e+01 7.551692e+00 1.548422e+01 5.586446e-01
1.230269e-03 1.340610e+01 7.541457e+00 1.538171e+01 5.625392e-01
1.258925e-03 1.329386e+01 7.531391e+00 1.527902e+01 5.665316e-01
1.288250e-03 1.318113e+01 7.521433e+00 1.517610e+01 5.706213e-01
1.318257e-03 1.306790e+01 7.511524e+00 1.507292e+01 5.748073e-01
1.348963e-03 1.295415e+01 7.501602e+00 1.496944e+01 5.790886e-01
1.380384e-03 1.283989e+01 7.491608e+00 1.486563e+01 5.834637e-01
1.412538e-03 1.272509e+01 7.481478e+00 1.476145e+01 5.879311e-01
1.445440e-03 1.260977e+01 7.471152e+00 1.465689e+01 5.924889e-01
1.479108e-03 1.249393e+01 7.460569e+00 1.455192e+01 5.971353e-01
1.513561e-03 1.237758e+01 7.449670e+00 1.444653e+01 6.018679e-01
1.548817e-03 1.226073e+01 7.438394e+00 1.434068e+01 6.066844e-01
1.584893e-03 1.214340e+01 7.426684e+00 1.423438e+01 6.115821e-01
1.621810e-03 1.202560e+01 7.414484e+00 1.412762e+01 6.165583e-01
1.659587e-03 1.190737e+01 7.401740e+00 1.402038e+01 6.216101e-01
1.698244e-03 1.178872e+01 7.388399e+00 1.391267e+01 6.267344e-01
1.737801e-03 1.166970e+01 7.374411e+00 1.380449e+01 6.319280e-01
1.778279e-03 1.155033e+01 7.359728e+00 1.369583e+01 6.371874e-01
1.819701e-03 1.143066e+01 7.344304e+00 1.358671e+01 6.425092e-01
1.862087e-03 1.131072e+01 7.328099e+00 1.347714e+01 6.478897e-01
1.905461e-03 1.119055e+01 7.311071e+00 1.336713e+01 6.533253e-01
1.949845e-03 1.107020e+01 7.293184e+00 1.325669e+01 6.588121e-01
1.995262e-03 1.094972e+01 7.274406e+00 1.314585e+01 6.643462e-01
2.041738e-03 1.082915e+01 7.254705e+00 1.303462e+01 6.699236e-01
2.089296e-03 1.070855e+01 7.234055e+00 1.292302e+01 6.755403e-01
2.137962e-03 1.058796e+01 7.212433e+00 1.281109e+01 6.811921e-01
2.187762e-03 1.046743e+01 7.189818e+00 1.269884e+01 6.868751e-01
2.238721e-03 1.034702e+01 7.166193e+00 1.258631e+01 6.925849e-01
2.290868e-03 1.022679e+01 7.141545e+00 1.247353e+01 6.983174e-01
2.344229e-03 1.010678e+01 7.115865e+00 1.236052e+01 7.040684e-01
2.398833e-03 9.987049e+00 7.089145e+00 1.224733e+01 7.098338e-01
2.454709e-03 9.867649e+00 7.061382e+00 1.213399e+01 7.156093e-01
2.511886e-03 9.748634e+00 7.032576e+00 1.202052e+01 7.213909e-01
2.570396e-03 9.630055e+00 7.002730e+00 1.190698e+01 7.271744e-01
2.630268e-03 9.511964e+00 6.971849e+00 1.179339e+01 7.329558e-01
2.691535e-03 9.394410e+00 6.939944e+00 1.167980e+01 7.387312e-01
2.754229e-03 9.277444e+00 6.907024e+00 1.156624e+01 7.444965e-01
2.818383e-03 9.161112e+00 6.873106e+00 1.145275e+01 7.502480e-01
2.884032e-03 9.045460e+00 6.838205e+00 1.133937e+01 7.559819e-01
2.951209e-03 8.930534e+00 6.802340e+00 1.122614e+01 7.616947e-01
3.019952e-03 8.816375e+00 6.765533e+00 1.111310e+01 7.673827e-01
3.090295e-03 8.703024e+00 6.727808e+00 1.100027e+01 7.730425e-01
3.162278e-03 8.590521e+00 6.689189e+00 1.088771e+01 7.786709e-01
3.235937e-03 8.478901e+00 6.649702e+00 1.077545e+01 7.842647e-01
3.311311e-03 8.368199e+00 6.609378e+00 1.066352e+01 7.898208e-01
3.388442e-03 8.258447e+00 6.568244e+00 1.055196e+01 7.953364e-01
3.467369e-03 8.149676e+00 6.526332e+00 1.044080e+01 8.008087e-01
3.548134e-03 8.041914e+00 6.483672e+00 1.033007e+01 8.062350e-01
3.630781e-03 7.935185e+00 6.440299e+00 1.021981e+01 8.116129e-01
3.715352e-03 7.829515e+00 6.396243e+00 1.011006e+01 8.169399e-01
3.801894e-03 7.724923e+00 6.351539e+00 1.000082e+01 8.222139e-01
3.890451e-03 7.621429e+00 6.306221e+00 9.892149e+00 8.274328e-01
3.981072e-03 7.519051e+00 6.260322e+00 9.784056e+00 8.325947e-01
4.073803e-03 7.417803e+00 6.213875e+00 9.676572e+00 8.376976e-01
4.168694e-03 7.317698e+00 6.166915e+00 9.569720e+00 8.427398e-01
4.265795e-03 7.218748e+00 6.119475e+00 9.463524e+00 8.477198e-01
4.365158e-03 7.120961e+00 6.071587e+00 9.358005e+00 8.526359e-01
4.466836e-03 7.024347e+00 6.023285e+00 9.253184e+00 8.574868e-01
4.570882e-03 6.928911e+00 5.974600e+00 9.149079e+00 8.622712e-01
4.677351e-03 6.834658e+00 5.925564e+00 9.045709e+00 8.669877e-01
4.786301e-03 6.741590e+00 5.876207e+00 8.943089e+00 8.716351e-01
4.897788e-03 6.649711e+00 5.826559e+00 8.841236e+00 8.762124e-01
5.011872e-03 6.559021e+00 5.776650e+00 8.740162e+00 8.807183e-01
5.128614e-03 6.469519e+00 5.726508e+00 8.639882e+00 8.851520e-01
5.248075e-03 6.381205e+00 5.676160e+00 8.540408e+00 8.895123e-01
5.370318e-03 6.294076e+00 5.625634e+00 8.441751e+00 8.937983e-01
5.495409e-03 6.208130e+00 5.574956e+00 8.343921e+00 8.980090e-01
5.623413e-03 6.123362e+00 5.524151e+00 8.246928e+00 9.021434e-01
5.754399e-03 6.039769e+00 5.473244e+00 8.150780e+00 9.062008e-01
5.888437e-03 5.957346e+00 5.422257e+00 8.055485e+00 9.101801e-01
6.025596e-03 5.876086e+00 5.371216e+00 7.961052e+00 9.140804e-01
6.165950e-03 5.795985e+00 5.320141e+00 7.867487e+00 9.179010e-01
6.309573e-03 5.717036e+00 5.269055e+00 7.774795e+00 9.216410e-01
6.456542e-03 5.639232e+00 5.217979e+00 7.682984e+00 9.252995e-01
6.606934e-03 5.562567e+00 5.166934e+00 7.592059e+00 9.288758e-01
6.760830e-03 5.487032e+00 5.115939e+00 7.502023e+00 9.323691e-01
6.918310e-03 5.412621e+00 5.065015e+00 7.412883e+00 9.357787e-01
7.079458e-03 5.339324e+00 5.014181e+00 7.324643e+00 9.391040e-01
7.244360e-03 5.267135e+00 4.963455e+00 7.237306e+00 9.423444e-01
7.413102e-03 5.196044e+00 4.912856e+00 7.150876e+00 9.454994e-01
7.585776e-03 5.126042e+00 4.862403e+00 7.065357e+00 9.485687e-01
7.762471e-03 5.057120e+00 4.812112e+00 6.980751e+00 9.515519e-01
7.943282e-03 4.989269e+00 4.762002e+00 6.897062e+00 9.544488e-01
8.128305e-03 4.922478e+00 4.712089e+00 6.814292e+00 9.572596e-01
8.317638e-03 4.856738e+00 4.662391e+00 6.732443e+00 9.599842e-01
8.511380e-03 4.792036e+00 4.612925e+00 6.651518e+00 9.626230e-01
8.709636e-03 4.728363e+00 4.563705e+00 6.571516e+00 9.651765e-01
8.912509e-03 4.665707e+00 4.514749e+00 6.492440e+00 9.676452e-01
9.120108e-03 4.604054e+00 4.466071e+00 6.414290e+00 9.700301e-01
9.332543e-03 4.543394e+00 4.417688e+00 6.337065e+00 9.723323e-01
9.549926e-03 4.483712e+00 4.369615e+00 6.260767e+00 9.745530e-01
9.772372e-03 4.424994e+00 4.321864e+00 6.185393e+00 9.766937e-01
1.000000e-02 4.367228e+00 4.274452e+00 6.110942e+00 9.787562e-01
1.023293e-02 4.310398e+00 4.227390e+00 6.037413e+00 9.807425e-01
1.047129e-02 4.254488e+00 4.180693e+00 5.964802e+00 9.826547e-01
1.071519e-02 4.199484e+00 4.134372e+00 5.893106e+00 9.844952e-01
1.096478e-02 4.145369e+00 4.088439e+00 5.822321e+00 9.862668e-01
1.122018e-02 4.092126e+00 4.042906e+00 5.752442e+00 9.879722e-01
1.148154e-02 4.039738e+00 3.997784e+00 5.683464e+00 9.896145e-01
1.174898e-02 3.988188e+00 3.953081e+00 5.615380e+00 9.911970e-01
1.202264e-02 3.937459e+00 3.908806e+00 5.548184e+00 9.927231e-01
1.230269e-02 3.887531e+00 3.864969e+00 5.481868e+00 9.941963e-01
1.258925e-02 3.838386e+00 3.821575e+00 5.416424e+00 9.956205e-01
1.288250e-02 3.790005e+00 3.778633e+00 5.351842e+00 9.969993e-01
1.318257e-02 3.742371e+00 3.736147e+00 5.288112e+00 9.983368e-01
1.348963e-02 3.695463e+00 3.694121e+00 5.225225e+00 9.996370e-01
1.380384e-02 3.649262e+00 3.652560e+00 5.163169e+00 1.000904e+00
1.412538e-02 3.603750e+00 3.611467e+00 5.101932e+00 1.002141e+00
1.445440e-02 3.558907e+00 3.570844e+00 5.041502e+00 1.003354e+00
1.479108e-02 3.514715e+00 3.530690e+00 4.981866e+00 1.004545e+00
1.513561e-02 3.471154e+00 3.491007e+00 4.923012e+00 1.005719e+00
1.548817e-02 3.428207e+00 3.451794e+00 4.864924e+00 1.006880e+00
1.584893e-02 3.385854e+00 3.413049e+00 4.807589e+00 1.008032e+00
1.621810e-02 3.344079e+00 3.374769e+00 4.750993e+00 1.009177e+00
1.659587e-02 3.302864e+00 3.336951e+00 4.695120e+00 1.010321e+00
1.698244e-02 3.262191e+00 3.299592e+00 4.639957e+00 1.011465e+00
1.737801e-02 3.222045e+00 3.262685e+00 4.585487e+00 1.012613e+00
1.778279e-02 3.182410e+00 3.226226e+00 4.531696e+00 1.013768e+00
1.819701e-02 3.143270e+00 3.190208e+00 4.478568e+00 1.014933e+00
1.862087e-02 3.104611e+00 3.154624e+00 4.426089e+00 1.016109e+00
1.905461e-02 3.066419e+00 3.119468e+00 4.374244e+00 1.017300e+00
1.949845e-02 3.028681e+00 3.084731e+00 4.323017e+00 1.018507e+00
1.995262e-02 2.991384e+00 3.050406e+00 4.272394e+00 1.019731e+00
2.041738e-02 2.954517e+00 3.016483e+00 4.222361e+00 1.020973e+00
2.089296e-02 2.918068e+00 2.982953e+00 4.172905e+00 1.022236e+00
2.137962e-02 2.882028e+00 2.949809e+00 4.124010e+00 1.023518e+00
2.187762e-02 2.846388e+00 2.917039e+00 4.075665e+00 1.024821e+00
2.238721e-02 2.811138e+00 2.884636e+00 4.027856e+00 1.026145e+00
2.290868e-02 2.776271e+00 2.852589e+00 3.980571e+00 1.027490e+00
2.344229e-02 2.741779e+00 2.820890e+00 3.933799e+00 1.028854e+00
2.398833e-02 2.707657e+00 2.789528e+00 3.887528e+00 1.030237e+00
2.454709e-02 2.673898e+00 2.758494e+00 3.841747e+00 1.031638e+00
2.511886e-02 2.640498e+00 2.727780e+00 3.796448e+00 1.033055e+00
2.570396e-02 2.607452e+00 2.697377e+00 3.751619e+00 1.034488e+00
2.630268e-02 2.574756e+00 2.667275e+00 3.707253e+00 1.035933e+00
2.691535e-02 2.542407e+00 2.637467e+00 3.663341e+00 1.037390e+00
2.754229e-02 2.510402e+00 2.607944e+00 3.619875e+00 1.038855e+00
2.818383e-02 2.478740e+00 2.578699e+00 3.576848e+00 1.040327e+00
2.884032e-02 2.447418e+00 2.549724e+00 3.534254e+00 1.041802e+00
2.951209e-02 2.416435e+00 2.521013e+00 3.492086e+00 1.043278e+00
3.019952e-02 2.385790e+00 2.492559e+00 3.450340e+00 1.044752e+00
3.090295e-02 2.355483e+00 2.464355e+00 3.409009e+00 1.046221e+00
3.162278e-02 2.325512e+00 2.436397e+00 3.368091e+00 1.047682e+00
3.235937e-02 2.295879e+00 2.408678e+00 3.327580e+00 1.049131e+00
3.311311e-02 2.266582e+00 2.381194e+00 3.287474e+00 1.050566e+00
3.388442e-02 2.237623e+00 2.353941e+00 3.247768e+00 1.051983e+00
3.467369e-02 2.209002e+00 2.326915e+00 3.208461e+00 1.053379e+00
3.548134e-02 2.180718e+00 2.300112e+00 3.169550e+00 1.054750e+00
3.630781e-02 2.152773e+00 2.273529e+00 3.131032e+00 1.056093e+00
3.715352e-02 2.125167e+00 2.247163e+00 3.092907e+00 1.057406e+00
3.801894e-02 2.097900e+00 2.221012e+00 3.055172e+00 1.058684e+00
3.890451e-02 2.070973e+00 2.195075e+00 3.017827e+00 1.059925e+00
3.981072e-02 2.044386e+00 2.169348e+00 2.980870e+00 1.061125e+00
4.073803e-02 2.018139e+00 2.143832e+00 2.944300e+00 1.062282e+00
4.168694e-02 1.992233e+00 2.118525e+00 2.908116e+00 1.063392e+00
4.265795e-02 1.966668e+00 2.093426e+00 2.872319e+00 1.064453e+00
4.365158e-02 1.941443e+00 2.068535e+00 2.836907e+00 1.065462e+00
4.466836e-02 1.916559e+00 2.043852e+00 2.801879e+00 1.066417e+00
4.570882e-02 1.892014e+00 2.019376e+00 2.767236e+00 1.067315e+00
4.677351e-02 1.867809e+00 1.995108e+00 2.732978e+00 1.068154e+00
4.786301e-02 1.843942e+00 1.971049e+00 2.699103e+00 1.068932e+00
4.897788e-02 1.820413e+00 1.947198e+00 2.665611e+00 1.069646e+00
5.011872e-02 1.797221e+00 1.923556e+00 2.632503e+00 1.070295e+00
5.128614e-02 1.774363e+00 1.900125e+00 2.599777e+00 1.070877e+00
5.248075e-02 1.751840e+00 1.876905e+00 2.567433e+00 1.071391e+00
5.370318e-02 1.729648e+00 1.853896e+00 2.535471e+00 1.071834e+00
5.495409e-02 1.707787e+00 1.831101e+00 2.503891e+00 1.072207e+00
5.623413e-02 1.686254e+00 1.808520e+00 2.472690e+00 1.072507e+00
5.754399e-02 1.665048e+00 1.786154e+00 2.441870e+00 1.072734e+00
5.888437e-02 1.644165e+00 1.764004e+00 2.411429e+00 1.072888e+00
6.025596e-02 1.623603e+00 1.742072e+00 2.381366e+00 1.072967e+00
6.165950e-02 1.603361e+00 1.720359e+00 2.351680e+00 1.072970e+00
6.309573e-02 1.583434e+00 1.698865e+00 2.322371e+00 1.072899e+00
6.456542e-02 1.563820e+00 1.677592e+00 2.293436e+00 1.072752e+00
6.606934e-02 1.544517e+00 1.656542e+00 2.264876e+00 1.072530e+00
6.760830e-02 1.525521e+00 1.635714e+00 2.236688e+00 1.072233e+00
6.918310e-02 1.506828e+00 1.615111e+00 2.208872e+00 1.071862e+00
7.079458e-02 1.488436e+00 1.594734e+00 2.181425e+00 1.071416e+00
7.244360e-02 1.470340e+00 1.574582e+00 2.154347e+00 1.070897e+00
7.413102e-02 1.452538e+00 1.554659e+00 2.127635e+00 1.070305e+00
7.585776e-02 1.435025e+00 1.534963e+00 2.101288e+00 1.069642e+00
7.762471e-02 1.417798e+00 1.515497e+00 2.075303e+00 1.068909e+00
7.943282e-02 1.400854e+00 1.496261e+00 2.049680e+00 1.068107e+00
8.128305e-02 1.384187e+00 1.477256e+00 2.024415e+00 1.067237e+00
8.317638e-02 1.367794e+00 1.458482e+00 1.999508e+00 1.066303e+00
8.511380e-02 1.351671e+00 1.439941e+00 1.974954e+00 1.065304e+00
8.709636e-02 1.335813e+00 1.421632e+00 1.950753e+00 1.064245e+00
8.912509e-02 1.320217e+00 1.403558e+00 1.926901e+00 1.063126e+00
9.120108e-02 1.304878e+00 1.385717e+00 1.903396e+00 1.061951e+00
9.332543e-02 1.289792e+00 1.368110e+00 1.880236e+00 1.060721e+00
9.549926e-02 1.274954e+00 1.350738e+00 1.857418e+00 1.059440e+00
9.772372e-02 1.260360e+00 1.333601e+00 1.834938e+00 1.058111e+00
1.000000e-01 1.246005e+00 1.316699e+00 1.812794e+00 1.056737e+00
1.023293e-01 1.231884e+00 1.300032e+00 1.790983e+00 1.055320e+00
1.047129e-01 1.217993e+00 1.283600e+00 1.769502e+00 1.053865e+00
1.071519e-01 1.204327e+00 1.267404e+00 1.748347e+00 1.052375e+00
1.096478e-01 1.190882e+00 1.251442e+00 1.727515e+00 1.050853e+00
1.122018e-01 1.177652e+00 1.235715e+00 1.707002e+00 1.049304e+00
1.148154e-01 1.164633e+00 1.220222e+00 1.686805e+00 1.047731e+00
1.174898e-01 1.151820e+00 1.204963e+00 1.666921e+00 1.046139e+00
1.202264e-01 1.139208e+00 1.189938e+00 1.647346e+00 1.044531e+00
1.230269e-01 1.126792e+00 1.175145e+00 1.628075e+00 1.042912e+00
1.258925e-01 1.114568e+00 1.160584e+00 1.609104e+00 1.041286e+00
1.288250e-01 1.102529e+00 1.146254e+00 1.590431e+00 1.039659e+00
1.318257e-01 1.090673e+00 1.132154e+00 1.572050e+00 1.038033e+00
1.348963e-01 1.078993e+00 1.118283e+00 1.553957e+00 1.036414e+00
1.380384e-01 1.067484e+00 1.104640e+00 1.536149e+00 1.034807e+00
1.412538e-01 1.056143e+00 1.091224e+00 1.518620e+00 1.033216e+00
1.445440e-01 1.044963e+00 1.078032e+00 1.501367e+00 1.031646e+00
1.479108e-01 1.033941e+00 1.065065e+00 1.484384e+00 1.030102e+00
1.513561e-01 1.023071e+00 1.052319e+00 1.467668e+00 1.028589e+00
1.548817e-01 1.012349e+00 1.039794e+00 1.451214e+00 1.027111e+00
1.584893e-01 1.001769e+00 1.027487e+00 1.435016e+00 1.025673e+00
1.621810e-01 9.913274e-01 1.015397e+00 1.419071e+00 1.024281e+00
1.659587e-01 9.810193e-01 1.003522e+00 1.403373e+00 1.022938e+00
1.698244e-01 9.708402e-01 9.918596e-01 1.387918e+00 1.021651e+00
1.737801e-01 9.607853e-01 9.804076e-01 1.372701e+00 1.020423e+00
1.778279e-01 9.508503e-01 9.691637e-01 1.357717e+00 1.019260e+00
1.819701e-01 9.410307e-01 9.581257e-01 1.342961e+00 1.018166e+00
1.862087e-01 9.313221e-01 9.472912e-01 1.328428e+00 1.017147e+00
1.905461e-01 9.217202e-01 9.366574e-01 1.314114e+00 1.016206e+00
1.949845e-01 9.122208e-01 9.262220e-01 1.300013e+00 1.015348e+00
1.995262e-01 9.028196e-01 9.159821e-01 1.286121e+00 1.014579e+00
2.041738e-01 8.935127e-01 9.059349e-01 1.272432e+00 1.013903e+00
2.089296e-01 8.842960e-01 8.960777e-01 1.258942e+00 1.013323e+00
2.137962e-01 8.751656e-01 8.864074e-01 1.245646e+00 1.012845e+00
2.187762e-01 8.661175e-01 8.769211e-01 1.232538e+00 1.012474e+00
2.238721e-01 8.571481e-01 8.676157e-01 1.219615e+00 1.012212e+00
2.290868e-01 8.482537e-01 8.584880e-01 1.206870e+00 1.012065e+00
2.344229e-01 8.394307e-01 8.495347e-01 1.194300e+00 1.012037e+00
2.398833e-01 8.306756e-01 8.407527e-01 1.181900e+00 1.012131e+00
2.454709e-01 8.219850e-01 8.321386e-01 1.169664e+00 1.012353e+00
2.511886e-01 8.133557e-01 8.236889e-01 1.157588e+00 1.012704e+00
2.570396e-01 8.047844e-01 8.154002e-01 1.145668e+00 1.013191e+00
2.630268e-01 7.962681e-01 8.072689e-01 1.133899e+00 1.013815e+00
2.691535e-01 7.878039e-01 7.992915e-01 1.122275e+00 1.014582e+00
2.754229e-01 7.793888e-01 7.914644e-01 1.110794e+00 1.015494e+00
2.818383e-01 7.710201e-01 7.837838e-01 1.099449e+00 1.016554e+00
2.884032e-01 7.626953e-01 7.762460e-01 1.088238e+00 1.017767e+00
2.951209e-01 7.544119e-01 7.688474e-01 1.077155e+00 1.019135e+00
3.019952e-01 7.461675e-01 7.615841e-01 1.066197e+00 1.020661e+00
3.090295e-01 7.379598e-01 7.544523e-01 1.055359e+00 1.022349e+00
3.162278e-01 7.297868e-01 7.474483e-01 1.044638e+00 1.024201e+00
3.235937e-01 7.216466e-01 7.405680e-01 1.034028e+00 1.026220e+00
3.311311e-01 7.135372e-01 7.338078e-01 1.023528e+00 1.028409e+00
3.388442e-01 7.054569e-01 7.271636e-01 1.013132e+00 1.030770e+00
3.467369e-01 6.974043e-01 7.206318e-01 1.002837e+00 1.033306e+00
3.548134e-01 6.893779e-01 7.142083e-01 9.926406e-01 1.036019e+00
3.630781e-01 6.813765e-01 7.078894e-01 9.825382e-01 1.038911e+00
3.715352e-01 6.733988e-01 7.016713e-01 9.725269e-01 1.041985e+00
3.801894e-01 6.654438e-01 6.955502e-01 9.626035e-01 1.045242e+00
3.890451e-01 6.575108e-01 6.895222e-01 9.527651e-01 1.048686e+00
3.981072e-01 6.495989e-01 6.835838e-01 9.430088e-01 1.052317e+00
4.073803e-01 6.417075e-01 6.777313e-01 9.333318e-01 1.056137e+00
4.168694e-01 6.338362e-01 6.719610e-01 9.237315e-01 1.060149e+00
4.265795e-01 6.259846e-01 6.662694e-01 9.142054e-01 1.064354e+00
4.365158e-01 6.181524e-01 6.606530e-01 9.047512e-01 1.068754e+00
4.466836e-01 6.103396e-01 6.551084e-01 8.953666e-01 1.073351e+00
4.570882e-01 6.025460e-01 6.496322e-01 8.860495e-01 1.078145e+00
4.677351e-01 5.947718e-01 6.442213e-01 8.767980e-01 1.083140e+00
4.786301e-01 5.870172e-01 6.388725e-01 8.676101e-01 1.088337e+00
4.897788e-01 5.792825e-01 6.335826e-01 8.584842e-01 1.093737e+00
5.011872e-01 5.715679e-01 6.283487e-01 8.494186e-01 1.099342e+00
5.128614e-01 5.638740e-01 6.231680e-01 8.404119e-01 1.105155e+00
5.248075e-01 5.562012e-01 6.180375e-01 8.314626e-01 1.111176e+00
5.370318e-01 5.485502e-01 6.129546e-01 8.225696e-01 1.117408e+00
5.495409e-01 5.409216e-01 6.079168e-01 8.137315e-01 1.123854e+00
5.623413e-01 5.333160e-01 6.029215e-01 8.049474e-01 1.130514e+00
5.754399e-01 5.257343e-01 5.979663e-01 7.962162e-01 1.137393e+00
5.888437e-01 5.181772e-01 5.930490e-01 7.875371e-01 1.144491e+00
6.025596e-01 5.106455e-01 5.881672e-01 7.789092e-01 1.151811e+00
6.165950e-01 5.031401e-01 5.833190e-01 7.703318e-01 1.159357e+00
6.309573e-01 4.956618e-01 5.785024e-01 7.618042e-01 1.167131e+00
6.456542e-01 4.882115e-01 5.737153e-01 7.533258e-01 1.175137e+00
6.606934e-01 4.807902e-01 5.689559e-01 7.448960e-01 1.183377e+00
6.760830e-01 4.733988e-01 5.642226e-01 7.365145e-01 1.191855e+00
6.918310e-01 4.660381e-01 5.595136e-01 7.281806e-01 1.200575e+00
7.079458e-01 4.587091e-01 5.548274e-01 7.198941e-01 1.209541e+00
7.244360e-01 4.514128e-01 5.501624e-01 7.116545e-01 1.218757e+00
7.413102e-01 4.441500e-01 5.455172e-01 7.034616e-01 1.228228e+00
7.585776e-01 4.369216e-01 5.408905e-01 6.953150e-01 1.237958e+00
7.762471e-01 4.297286e-01 5.362808e-01 6.872145e-01 1.247952e+00
7.943282e-01 4.225718e-01 5.316869e-01 6.791598e-01 1.258217e+00
8.128305e-01 4.154522e-01 5.271077e-01 6.711506e-01 1.268757e+00
8.317638e-01 4.083707e-01 5.225420e-01 6.631868e-01 1.279578e+00
8.511380e-01 4.013280e-01 5.179887e-01 6.552682e-01 1.290687e+00
8.709636e-01 3.943251e-01 5.134466e-01 6.473946e-01 1.302090e+00
8.912509e-01 3.873628e-01 5.089149e-01 6.395657e-01 1.313794e+00
9.120108e-01 3.804420e-01 5.043924e-01 6.317815e-01 1.325806e+00
9.332543e-01 3.735635e-01 4.998783e-01 6.240417e-01 1.338135e+00
9.549926e-01 3.667282e-01 4.953716e-01 6.163462e-01 1.350787e+00
9.772372e-01 3.599369e-01 4.908715e-01 6.086948e-01 1.363771e+00
1.000000e+00 3.531905e-01 4.863770e-01 6.010874e-01 1.377096e+00
1.023293e+00 3.464897e-01 4.818874e-01 5.935239e-01 1.390770e+00
1.047129e+00 3.398355e-01 4.774019e-01 5.860041e-01 1.404803e+00
1.071519e+00 3.332286e-01 4.729197e-01 5.785278e-01 1.419205e+00
1.096478e+00 3.266701e-01 4.684400e-01 5.710949e-01 1.433985e+00
1.122018e+00 3.201606e-01 4.639622e-01 5.637054e-01 1.449154e+00
1.148154e+00 3.137012e-01 4.594855e-01 5.563591e-01 1.464723e+00
1.174898e+00 3.072927e-01 4.550093e-01 5.490558e-01 1.480703e+00
1.202264e+00 3.009361e-01 4.505330e-01 5.417956e-01 1.497105e+00
1.230269e+00 2.946322e-01 4.460559e-01 5.345784e-01 1.513941e+00
1.258925e+00 2.883821e-01 4.415776e-01 5.274040e-01 1.531224e+00
1.288250e+00 2.821867e-01 4.370974e-01 5.202725e-01 1.548965e+00
1.318257e+00 2.760470e-01 4.326150e-01 5.131839e-01 1.567179e+00
1.348963e+00 2.699641e-01 4.281299e-01 5.061381e-01 1.585877e+00
1.380384e+00 2.639389e-01 4.236416e-01 4.991352e-01 1.605075e+00
1.412538e+00 2.579725e-01 4.191499e-01 4.921752e-01 1.624785e+00
1.445440e+00 2.520660e-01 4.146544e-01 4.852582e-01 1.645023e+00
1.479108e+00 2.462205e-01 4.101550e-01 4.783844e-01 1.665803e+00
1.513561e+00 2.404371e-01 4.056513e-01 4.715539e-01 1.687141e+00
1.548817e+00 2.347170e-01 4.011435e-01 4.647668e-01 1.709052e+00
1.584893e+00 2.290612e-01 3.966312e-01 4.580233e-01 1.731551e+00
1.621810e+00 2.234709e-01 3.921147e-01 4.513238e-01 1.754656e+00
1.659587e+00 2.179473e-01 3.875938e-01 4.446684e-01 1.778383e+00
1.698244e+00 2.124915e-01 3.830689e-01 4.380576e-01 1.802749e+00
1.737801e+00 2.071047e-01 3.785401e-01 4.314916e-01 1.827772e+00
1.778279e+00 2.017880e-01 3.740078e-01 4.249708e-01 1.853469e+00
1.819701e+00 1.965425e-01 3.694722e-01 4.184957e-01 1.879859e+00
1.862087e+00 1.913694e-01 3.649338e-01 4.120666e-01 1.906960e+00
1.905461e+00 1.862698e-01 3.603932e-01 4.056842e-01 1.934792e+00
1.949845e+00 1.812447e-01 3.558509e-01 3.993488e-01 1.963373e+00
1.995262e+00 1.762951e-01 3.513076e-01 3.930611e-01 1.992725e+00
2.041738e+00 1.714222e-01 3.467642e-01 3.868216e-01 2.022866e+00
2.089296e+00 1.666268e-01 3.422213e-01 3.806309e-01 2.053819e+00
2.137962e+00 1.619100e-01 3.376799e-01 3.744897e-01 2.085603e+00
2.187762e+00 1.572724e-01 3.331409e-01 3.683986e-01 2.118241e+00
2.238721e+00 1.527151e-01 3.286055e-01 3.623582e-01 2.151755e+00
2.290868e+00 1.482387e-01 3.240746e-01 3.563692e-01 2.186167e+00
2.344229e+00 1.438439e-01 3.195494e-01 3.504324e-01 2.221500e+00
2.398833e+00 1.395315e-01 3.150311e-01 3.445485e-01 2.257779e+00
2.454709e+00 1.353018e-01 3.105211e-01 3.387181e-01 2.295025e+00
2.511886e+00 1.311555e-01 3.060206e-01 3.329420e-01 2.333266e+00
2.570396e+00 1.270929e-01 3.015309e-01 3.272208e-01 2.372524e+00
2.630268e+00 1.231143e-01 2.970534e-01 3.215554e-01 2.412826e+00
2.691535e+00 1.192201e-01 2.925896e-01 3.159464e-01 2.454198e+00
2.754229e+00 1.154103e-01 2.881409e-01 3.103945e-01 2.496666e+00
2.818383e+00 1.116851e-01 2.837088e-01 3.049004e-01 2.540257e+00
2.884032e+00 1.080444e-01 2.792948e-01 2.994648e-01 2.585000e+00
2.951209e+00 1.044881e-01 2.749003e-01 2.940883e-01 2.630923e+00
3.019952e+00 1.010162e-01 2.705268e-01 2.887716e-01 2.678054e+00
3.090295e+00 9.762822e-02 2.661759e-01 2.835152e-01 2.726423e+00
3.162278e+00 9.432393e-02 2.618490e-01 2.783198e-01 2.776061e+00
3.235937e+00 9.110287e-02 2.575476e-01 2.731858e-01 2.826998e+00
3.311311e+00 8.796453e-02 2.532732e-01 2.681139e-01 2.879265e+00
3.388442e+00 8.490832e-02 2.490273e-01 2.631045e-01 2.932896e+00
3.467369e+00 8.193357e-02 2.448111e-01 2.581581e-01 2.987922e+00
3.548134e+00 7.903955e-02 2.406262e-01 2.532750e-01 3.044377e+00
3.630781e+00 7.622543e-02 2.364739e-01 2.484556e-01 3.102296e+00
3.715352e+00 7.349033e-02 2.323554e-01 2.437004e-01 3.161714e+00
3.801894e+00 7.083331e-02 2.282721e-01 2.390095e-01 3.222666e+00
3.890451e+00 6.825336e-02 2.242253e-01 2.343832e-01 3.285190e+00
3.981072e+00 6.574941e-02 2.202159e-01 2.298218e-01 3.349322e+00
4.073803e+00 6.332035e-02 2.162453e-01 2.253253e-01 3.415100e+00
4.168694e+00 6.096499e-02 2.123145e-01 2.208940e-01 3.482564e+00
4.265795e+00 5.868212e-02 2.084244e-01 2.165279e-01 3.551753e+00
4.365158e+00 5.647049e-02 2.045761e-01 2.122270e-01 3.622709e+00
4.466836e+00 5.432879e-02 2.007705e-01 2.079914e-01 3.695473e+00
4.570882e+00 5.225569e-02 1.970085e-01 2.038210e-01 3.770086e+00
4.677351e+00 5.024984e-02 1.932907e-01 1.997157e-01 3.846594e+00
4.786301e+00 4.830984e-02 1.896180e-01 1.956753e-01 3.925039e+00
4.897788e+00 4.643429e-02 1.859910e-01 1.916998e-01 4.005468e+00
5.011872e+00 4.462174e-02 1.824104e-01 1.877888e-01 4.087926e+00
5.128614e+00 4.287077e-02 1.788766e-01 1.839422e-01 4.172461e+00
5.248075e+00 4.117991e-02 1.753902e-01 1.801597e-01 4.259122e+00
5.370318e+00 3.954769e-02 1.719517e-01 1.764409e-01 4.347957e+00
5.495409e+00 3.797266e-02 1.685613e-01 1.727855e-01 4.439017e+00
5.623413e+00 3.645333e-02 1.652194e-01 1.691931e-01 4.532353e+00
5.754399e+00 3.498824e-02 1.619263e-01 1.656632e-01 4.628019e+00
5.888437e+00 3.357593e-02 1.586821e-01 1.621955e-01 4.726068e+00
6.025596e+00 3.221493e-02 1.554872e-01 1.587894e-01 4.826556e+00
6.165950e+00 3.090380e-02 1.523414e-01 1.554444e-01 4.929537e+00
6.309573e+00 2.964109e-02 1.492450e-01 1.521600e-01 5.035071e+00
6.456542e+00 2.842539e-02 1.461979e-01 1.489356e-01 5.143215e+00
6.606934e+00 2.725528e-02 1.432000e-01 1.457707e-01 5.254029e+00
6.760830e+00 2.612937e-02 1.402514e-01 1.426646e-01 5.367576e+00
6.918310e+00 2.504630e-02 1.373518e-01 1.396167e-01 5.483917e+00
7.079458e+00 2.400470e-02 1.345011e-01 1.366264e-01 5.603116e+00
7.244360e+00 2.300326e-02 1.316992e-01 1.336930e-01 5.725241e+00
7.413102e+00 2.204066e-02 1.289457e-01 1.308158e-01 5.850356e+00
7.585776e+00 2.111562e-02 1.262404e-01 1.279942e-01 5.978531e+00
7.762471e+00 2.022690e-02 1.235830e-01 1.252274e-01 6.109836e+00
7.943282e+00 1.937325e-02 1.209732e-01 1.225146e-01 6.244343e+00
8.128305e+00 1.855347e-02 1.184106e-01 1.198553e-01 6.382124e+00
8.317638e+00 1.776640e-02 1.158948e-01 1.172486e-01 6.523255e+00
8.511380e+00 1.701088e-02 1.134253e-01 1.146938e-01 6.667812e+00
8.709636e+00 1.628579e-02 1.110019e-01 1.121902e-01 6.815874e+00
8.912509e+00 1.559004e-02 1.086239e-01 1.097370e-01 6.967521e+00
9.120108e+00 1.492256e-02 1.062909e-01 1.073334e-01 7.122834e+00
9.332543e+00 1.428234e-02 1.040025e-01 1.049786e-01 7.281898e+00
9.549926e+00 1.366835e-02 1.017581e-01 1.026720e-01 7.444798e+00
9.772372e+00 1.307962e-02 9.955715e-02 1.004127e-01 7.611622e+00
1.000000e+01 1.251521e-02 9.739914e-02 9.819992e-02 7.782460e+00
