1.000000e-06 2.921224e+01 1.289258e-01 2.921252e+01 4.413419e-03
1.023293e-06 2.921216e+01 1.319276e-01 2.921246e+01 4.516188e-03
1.047129e-06 2.921208e+01 1.349992e-01 2.921239e+01 4.621348e-03
1.071519e-06 2.921199e+01 1.381422e-01 2.921232e+01 4.728954e-03
1.096478e-06 2.921190e+01 1.413583e-01 2.921224e+01 4.839065e-03
1.122018e-06 2.921181e+01 1.446492e-01 2.921216e+01 4.951737e-03
1.148154e-06 2.921171e+01 1.480166e-01 2.921208e+01 5.067031e-03
1.174898e-06 2.921160e+01 1.514624e-01 2.921200e+01 5.185007e-03
1.202264e-06 2.921149e+01 1.549882e-01 2.921191e+01 5.305728e-03
1.230269e-06 2.921138e+01 1.585961e-01 2.921181e+01 5.429256e-03
1.258925e-06 2.921126e+01 1.622878e-01 2.921171e+01 5.555658e-03
1.288250e-06 2.921114e+01 1.660653e-01 2.921161e+01 5.685000e-03
1.318257e-06 2.921101e+01 1.699306e-01 2.921150e+01 5.817349e-03
1.348963e-06 2.921087e+01 1.738858e-01 2.921139e+01 5.952777e-03
1.380384e-06 2.921073e+01 1.779329e-01 2.921127e+01 6.091353e-03
1.412538e-06 2.921058e+01 1.820740e-01 2.921114e+01 6.233152e-03
1.445440e-06 2.921042e+01 1.863113e-01 2.921101e+01 6.378247e-03
1.479108e-06 2.921026e+01 1.906470e-01 2.921088e+01 6.526715e-03
1.513561e-06 2.921008e+01 1.950835e-01 2.921074e+01 6.678634e-03
1.548817e-06 2.920990e+01 1.996230e-01 2.921059e+01 6.834085e-03
1.584893e-06 2.920972e+01 2.042679e-01 2.921043e+01 6.993147e-03
1.621810e-06 2.920952e+01 2.090206e-01 2.921027e+01 7.155907e-03
1.659587e-06 2.920931e+01 2.138837e-01 2.921009e+01 7.322447e-03
1.698244e-06 2.920910e+01 2.188596e-01 2.920992e+01 7.492857e-03
1.737801e-06 2.920887e+01 2.239510e-01 2.920973e+01 7.667226e-03
1.778279e-06 2.920863e+01 2.291605e-01 2.920953e+01 7.845644e-03
1.819701e-06 2.920838e+01 2.344909e-01 2.920932e+01 8.028206e-03
1.862087e-06 2.920812e+01 2.399449e-01 2.920911e+01 8.215007e-03
1.905461e-06 2.920785e+01 2.455254e-01 2.920888e+01 8.406145e-03
1.949845e-06 2.920757e+01 2.512353e-01 2.920865e+01 8.601720e-03
1.995262e-06 2.920727e+01 2.570775e-01 2.920840e+01 8.801834e-03
2.041738e-06 2.920695e+01 2.630551e-01 2.920814e+01 9.006591e-03
2.089296e-06 2.920663e+01 2.691712e-01 2.920787e+01 9.216099e-03
2.137962e-06 2.920628e+01 2.754289e-01 2.920758e+01 9.430467e-03
2.187762e-06 2.920593e+01 2.818315e-01 2.920729e+01 9.649807e-03
2.238721e-06 2.920555e+01 2.883824e-01 2.920697e+01 9.874233e-03
2.290868e-06 2.920516e+01 2.950848e-01 2.920665e+01 1.010386e-02
2.344229e-06 2.920475e+01 3.019424e-01 2.920631e+01 1.033881e-02
2.398833e-06 2.920431e+01 3.089585e-01 2.920595e+01 1.057921e-02
2.454709e-06 2.920386e+01 3.161368e-01 2.920557e+01 1.082517e-02
2.511886e-06 2.920339e+01 3.234810e-01 2.920518e+01 1.107683e-02
2.570396e-06 2.920290e+01 3.309949e-01 2.920477e+01 1.133432e-02
2.630268e-06 2.920238e+01 3.386823e-01 2.920434e+01 1.159777e-02
2.691535e-06 2.920184e+01 3.465472e-01 2.920389e+01 1.186731e-02
2.754229e-06 2.920127e+01 3.545936e-01 2.920342e+01 1.214309e-02
2.818383e-06 2.920067e+01 3.628255e-01 2.920293e+01 1.242525e-02
2.884032e-06 2.920005e+01 3.712473e-01 2.920241e+01 1.271393e-02
2.951209e-06 2.919940e+01 3.798631e-01 2.920187e+01 1.300928e-02
3.019952e-06 2.919872e+01 3.886773e-01 2.920131e+01 1.331145e-02
3.090295e-06 2.919800e+01 3.976944e-01 2.920071e+01 1.362060e-02
3.162278e-06 2.919726e+01 4.069190e-01 2.920009e+01 1.393689e-02
3.235937e-06 2.919648e+01 4.163557e-01 2.919944e+01 1.426048e-02
3.311311e-06 2.919566e+01 4.260092e-01 2.919876e+01 1.459153e-02
3.388442e-06 2.919480e+01 4.358844e-01 2.919805e+01 1.493021e-02
3.467369e-06 2.919390e+01 4.459862e-01 2.919731e+01 1.527669e-02
3.548134e-06 2.919296e+01 4.563196e-01 2.919653e+01 1.563115e-02
3.630781e-06 2.919198e+01 4.668899e-01 2.919571e+01 1.599377e-02
3.715352e-06 2.919095e+01 4.777022e-01 2.919486e+01 1.636474e-02
3.801894e-06 2.918987e+01 4.887618e-01 2.919396e+01 1.674423e-02
3.890451e-06 2.918874e+01 5.000743e-01 2.919303e+01 1.713244e-02
3.981072e-06 2.918756e+01 5.116451e-01 2.919205e+01 1.752956e-02
4.073803e-06 2.918633e+01 5.234800e-01 2.919102e+01 1.793580e-02
4.168694e-06 2.918503e+01 5.355846e-01 2.918995e+01 1.835135e-02
4.265795e-06 2.918368e+01 5.479649e-01 2.918882e+01 1.877642e-02
4.365158e-06 2.918226e+01 5.606268e-01 2.918765e+01 1.921122e-02
4.466836e-06 2.918078e+01 5.735765e-01 2.918642e+01 1.965597e-02
4.570882e-06 2.917923e+01 5.868200e-01 2.918513e+01 2.011088e-02
4.677351e-06 2.917760e+01 6.003637e-01 2.918378e+01 2.057618e-02
4.786301e-06 2.917590e+01 6.142141e-01 2.918237e+01 2.105210e-02
4.897788e-06 2.917413e+01 6.283775e-01 2.918089e+01 2.153886e-02
5.011872e-06 2.917226e+01 6.428608e-01 2.917935e+01 2.203671e-02
5.128614e-06 2.917032e+01 6.576705e-01 2.917773e+01 2.254588e-02
5.248075e-06 2.916828e+01 6.728135e-01 2.917604e+01 2.306662e-02
5.370318e-06 2.916615e+01 6.882968e-01 2.917427e+01 2.359917e-02
5.495409e-06 2.916391e+01 7.041275e-01 2.917241e+01 2.414379e-02
5.623413e-06 2.916158e+01 7.203126e-01 2.917047e+01 2.470074e-02
5.754399e-06 2.915914e+01 7.368595e-01 2.916844e+01 2.527028e-02
5.888437e-06 2.915658e+01 7.537755e-01 2.916632e+01 2.585267e-02
6.025596e-06 2.915391e+01 7.710681e-01 2.916410e+01 2.644819e-02
6.165950e-06 2.915111e+01 7.887448e-01 2.916178e+01 2.705711e-02
6.309573e-06 2.914818e+01 8.068132e-01 2.915935e+01 2.767971e-02
6.456542e-06 2.914512e+01 8.252812e-01 2.915680e+01 2.831627e-02
6.606934e-06 2.914192e+01 8.441565e-01 2.915414e+01 2.896709e-02
6.760830e-06 2.913857e+01 8.634470e-01 2.915136e+01 2.963244e-02
6.918310e-06 2.913507e+01 8.831606e-01 2.914845e+01 3.031263e-02
7.079458e-06 2.913140e+01 9.033056e-01 2.914541e+01 3.100797e-02
7.244360e-06 2.912757e+01 9.238899e-01 2.914222e+01 3.171874e-02
7.413102e-06 2.912357e+01 9.449217e-01 2.913889e+01 3.244526e-02
7.585776e-06 2.911938e+01 9.664094e-01 2.913541e+01 3.318784e-02
7.762471e-06 2.911500e+01 9.883610e-01 2.913177e+01 3.394680e-02
7.943282e-06 2.911042e+01 1.010785e+00 2.912796e+01 3.472245e-02
8.128305e-06 2.910563e+01 1.033690e+00 2.912398e+01 3.551511e-02
8.317638e-06 2.910063e+01 1.057083e+00 2.911982e+01 3.632510e-02
8.511380e-06 2.909540e+01 1.080974e+00 2.911547e+01 3.715276e-02
8.709636e-06 2.908993e+01 1.105371e+00 2.911092e+01 3.799841e-02
8.912509e-06 2.908422e+01 1.130282e+00 2.910617e+01 3.886238e-02
9.120108e-06 2.907825e+01 1.155715e+00 2.910120e+01 3.974501e-02
9.332543e-06 2.907201e+01 1.181679e+00 2.909601e+01 4.064662e-02
9.549926e-06 2.906549e+01 1.208181e+00 2.909059e+01 4.156756e-02
9.772372e-06 2.905868e+01 1.235231e+00 2.908492e+01 4.250816e-02
1.000000e-05 2.905157e+01 1.262835e+00 2.907900e+01 4.346876e-02
1.023293e-05 2.904414e+01 1.291003e+00 2.907281e+01 4.444969e-02
1.047129e-05 2.903638e+01 1.319741e+00 2.906635e+01 4.545129e-02
1.071519e-05 2.902827e+01 1.349057e+00 2.905961e+01 4.647390e-02
1.096478e-05 2.901982e+01 1.378959e+00 2.905256e+01 4.751784e-02
1.122018e-05 2.901098e+01 1.409454e+00 2.904520e+01 4.858346e-02
1.148154e-05 2.900177e+01 1.440549e+00 2.903752e+01 4.967108e-02
1.174898e-05 2.899214e+01 1.472251e+00 2.902950e+01 5.078102e-02
1.202264e-05 2.898211e+01 1.504566e+00 2.902113e+01 5.191360e-02
1.230269e-05 2.897163e+01 1.537500e+00 2.901240e+01 5.306915e-02
1.258925e-05 2.896070e+01 1.571059e+00 2.900329e+01 5.424797e-02
1.288250e-05 2.894931e+01 1.605250e+00 2.899378e+01 5.545037e-02
1.318257e-05 2.893742e+01 1.640076e+00 2.898386e+01 5.667664e-02
1.348963e-05 2.892503e+01 1.675542e+00 2.897352e+01 5.792707e-02
1.380384e-05 2.891212e+01 1.711654e+00 2.896274e+01 5.920194e-02
1.412538e-05 2.889865e+01 1.748413e+00 2.895150e+01 6.050153e-02
1.445440e-05 2.888463e+01 1.785823e+00 2.893978e+01 6.182608e-02
1.479108e-05 2.887001e+01 1.823887e+00 2.892757e+01 6.317584e-02
1.513561e-05 2.885479e+01 1.862607e+00 2.891485e+01 6.455105e-02
1.548817e-05 2.883894e+01 1.901984e+00 2.890160e+01 6.595193e-02
1.584893e-05 2.882244e+01 1.942018e+00 2.888780e+01 6.737866e-02
1.621810e-05 2.880527e+01 1.982708e+00 2.887343e+01 6.883144e-02
1.659587e-05 2.878740e+01 2.024055e+00 2.885847e+01 7.031043e-02
1.698244e-05 2.876881e+01 2.066055e+00 2.884291e+01 7.181578e-02
1.737801e-05 2.874948e+01 2.108706e+00 2.882671e+01 7.334761e-02
1.778279e-05 2.872939e+01 2.152004e+00 2.880987e+01 7.490602e-02
1.819701e-05 2.870850e+01 2.195945e+00 2.879236e+01 7.649109e-02
1.862087e-05 2.868680e+01 2.240522e+00 2.877416e+01 7.810287e-02
1.905461e-05 2.866426e+01 2.285728e+00 2.875525e+01 7.974139e-02
1.949845e-05 2.864086e+01 2.331556e+00 2.873560e+01 8.140664e-02
1.995262e-05 2.861656e+01 2.377996e+00 2.871520e+01 8.309859e-02
2.041738e-05 2.859136e+01 2.425039e+00 2.869402e+01 8.481718e-02
2.089296e-05 2.856522e+01 2.472671e+00 2.867204e+01 8.656231e-02
2.137962e-05 2.853812e+01 2.520882e+00 2.864924e+01 8.833385e-02
2.187762e-05 2.851003e+01 2.569655e+00 2.862560e+01 9.013163e-02
2.238721e-05 2.848093e+01 2.618977e+00 2.860109e+01 9.195546e-02
2.290868e-05 2.845080e+01 2.668830e+00 2.857570e+01 9.380509e-02
2.344229e-05 2.841961e+01 2.719196e+00 2.854940e+01 9.568026e-02
2.398833e-05 2.838735e+01 2.770056e+00 2.852218e+01 9.758065e-02
2.454709e-05 2.835398e+01 2.821389e+00 2.849401e+01 9.950590e-02
2.511886e-05 2.831950e+01 2.873173e+00 2.846488e+01 1.014556e-01
2.570396e-05 2.828387e+01 2.925384e+00 2.843476e+01 1.034294e-01
2.630268e-05 2.824709e+01 2.977998e+00 2.840364e+01 1.054267e-01
2.691535e-05 2.820913e+01 3.030989e+00 2.837150e+01 1.074471e-01
2.754229e-05 2.816997e+01 3.084330e+00 2.833832e+01 1.094900e-01
2.818383e-05 2.812961e+01 3.137993e+00 2.830409e+01 1.115548e-01
2.884032e-05 2.808802e+01 3.191947e+00 2.826880e+01 1.136409e-01
2.951209e-05 2.804519e+01 3.246163e+00 2.823243e+01 1.157476e-01
3.019952e-05 2.800112e+01 3.300610e+00 2.819498e+01 1.178742e-01
3.090295e-05 2.795579e+01 3.355254e+00 2.815642e+01 1.200200e-01
3.162278e-05 2.790920e+01 3.410064e+00 2.811676e+01 1.221842e-01
3.235937e-05 2.786134e+01 3.465005e+00 2.807598e+01 1.243661e-01
3.311311e-05 2.781221e+01 3.520045e+00 2.803409e+01 1.265647e-01
3.388442e-05 2.776181e+01 3.575147e+00 2.799107e+01 1.287793e-01
3.467369e-05 2.771014e+01 3.630279e+00 2.794693e+01 1.310090e-01
3.548134e-05 2.765720e+01 3.685404e+00 2.790166e+01 1.332530e-01
3.630781e-05 2.760299e+01 3.740490e+00 2.785528e+01 1.355103e-01
3.715352e-05 2.754753e+01 3.795502e+00 2.780777e+01 1.377801e-01
3.801894e-05 2.749083e+01 3.850406e+00 2.775916e+01 1.400615e-01
3.890451e-05 2.743289e+01 3.905170e+00 2.770945e+01 1.423536e-01
3.981072e-05 2.737373e+01 3.959761e+00 2.765865e+01 1.446555e-01
4.073803e-05 2.731337e+01 4.014149e+00 2.760677e+01 1.469664e-01
4.168694e-05 2.725183e+01 4.068304e+00 2.755383e+01 1.492855e-01
4.265795e-05 2.718912e+01 4.122198e+00 2.749984e+01 1.516120e-01
4.365158e-05 2.712528e+01 4.175804e+00 2.744482e+01 1.539451e-01
4.466836e-05 2.706032e+01 4.229098e+00 2.738880e+01 1.562841e-01
4.570882e-05 2.699427e+01 4.282058e+00 2.733179e+01 1.586284e-01
4.677351e-05 2.692716e+01 4.334662e+00 2.727382e+01 1.609773e-01
4.786301e-05 2.685901e+01 4.386893e+00 2.721491e+01 1.633304e-01
4.897788e-05 2.678987e+01 4.438735e+00 2.715510e+01 1.656871e-01
5.011872e-05 2.671975e+01 4.490175e+00 2.709440e+01 1.680470e-01
5.128614e-05 2.664869e+01 4.541202e+00 2.703286e+01 1.704099e-01
5.248075e-05 2.657673e+01 4.591809e+00 2.697049e+01 1.727756e-01
5.370318e-05 2.650389e+01 4.641992e+00 2.690733e+01 1.751438e-01
5.495409e-05 2.643021e+01 4.691748e+00 2.684341e+01 1.775146e-01
5.623413e-05 2.635572e+01 4.741079e+00 2.677876e+01 1.798880e-01
5.754399e-05 2.628046e+01 4.789988e+00 2.671341e+01 1.822643e-01
5.888437e-05 2.620444e+01 4.838483e+00 2.664740e+01 1.846436e-01
6.025596e-05 2.612771e+01 4.886572e+00 2.658074e+01 1.870264e-01
6.165950e-05 2.605029e+01 4.934268e+00 2.651348e+01 1.894132e-01
6.309573e-05 2.597221e+01 4.981587e+00 2.644564e+01 1.918045e-01
6.456542e-05 2.589349e+01 5.028545e+00 2.637724e+01 1.942011e-01
6.606934e-05 2.581415e+01 5.075162e+00 2.630832e+01 1.966039e-01
6.760830e-05 2.573422e+01 5.121460e+00 2.623890e+01 1.990136e-01
6.918310e-05 2.565372e+01 5.167463e+00 2.616899e+01 2.014313e-01
7.079458e-05 2.557265e+01 5.213195e+00 2.609862e+01 2.038582e-01
7.244360e-05 2.549104e+01 5.258685e+00 2.602781e+01 2.062955e-01
7.413102e-05 2.540888e+01 5.303960e+00 2.595657e+01 2.087443e-01
7.585776e-05 2.532619e+01 5.349049e+00 2.588491e+01 2.112062e-01
7.762471e-05 2.524297e+01 5.393982e+00 2.581284e+01 2.136825e-01
7.943282e-05 2.515922e+01 5.438788e+00 2.574037e+01 2.161748e-01
8.128305e-05 2.507493e+01 5.483498e+00 2.566750e+01 2.186845e-01
8.317638e-05 2.499009e+01 5.528141e+00 2.559424e+01 2.212133e-01
8.511380e-05 2.490470e+01 5.572746e+00 2.552057e+01 2.237628e-01
8.709636e-05 2.481874e+01 5.617341e+00 2.544650e+01 2.263347e-01
8.912509e-05 2.473219e+01 5.661954e+00 2.537201e+01 2.289306e-01
9.120108e-05 2.464502e+01 5.706609e+00 2.529709e+01 2.315522e-01
9.332543e-05 2.455723e+01 5.751329e+00 2.522172e+01 2.342011e-01
9.549926e-05 2.446876e+01 5.796137e+00 2.514589e+01 2.368790e-01
9.772372e-05 2.437961e+01 5.841050e+00 2.506956e+01 2.395875e-01
1.000000e-04 2.428972e+01 5.886084e+00 2.499273e+01 2.423282e-01
1.023293e-04 2.419907e+01 5.931253e+00 2.491535e+01 2.451025e-01
1.047129e-04 2.410761e+01 5.976566e+00 2.483740e+01 2.479120e-01
1.071519e-04 2.401531e+01 6.022029e+00 2.475884e+01 2.507579e-01
1.096478e-04 2.392213e+01 6.067645e+00 2.467964e+01 2.536415e-01
1.122018e-04 2.382801e+01 6.113412e+00 2.459975e+01 2.565641e-01
1.148154e-04 2.373291e+01 6.159324e+00 2.451914e+01 2.595267e-01
1.174898e-04 2.363679e+01 6.205371e+00 2.443777e+01 2.625302e-01
1.202264e-04 2.353960e+01 6.251539e+00 2.435559e+01 2.655754e-01
1.230269e-04 2.344129e+01 6.297809e+00 2.427255e+01 2.686630e-01
1.258925e-04 2.334182e+01 6.344157e+00 2.418861e+01 2.717936e-01
1.288250e-04 2.324113e+01 6.390555e+00 2.410372e+01 2.749675e-01
1.318257e-04 2.313919e+01 6.436971e+00 2.401784e+01 2.781848e-01
1.348963e-04 2.303594e+01 6.483365e+00 2.393091e+01 2.814457e-01
1.380384e-04 2.293135e+01 6.529698e+00 2.384289e+01 2.847499e-01
1.412538e-04 2.282536e+01 6.575920e+00 2.375374e+01 2.880970e-01
1.445440e-04 2.271796e+01 6.621981e+00 2.366339e+01 2.914866e-01
1.479108e-04 2.260909e+01 6.667825e+00 2.357182e+01 2.949179e-01
1.513561e-04 2.249873e+01 6.713392e+00 2.347898e+01 2.983899e-01
1.548817e-04 2.238684e+01 6.758618e+00 2.338481e+01 3.019014e-01
1.584893e-04 2.227340e+01 6.803435e+00 2.328929e+01 3.054511e-01
1.621810e-04 2.215840e+01 6.847771e+00 2.319238e+01 3.090373e-01
1.659587e-04 2.204180e+01 6.891551e+00 2.309404e+01 3.126582e-01
1.698244e-04 2.192362e+01 6.934697e+00 2.299424e+01 3.163118e-01
1.737801e-04 2.180382e+01 6.977130e+00 2.289295e+01 3.199957e-01
1.778279e-04 2.168242e+01 7.018765e+00 2.279014e+01 3.237076e-01
1.819701e-04 2.155943e+01 7.059519e+00 2.268580e+01 3.274447e-01
1.862087e-04 2.143484e+01 7.099304e+00 2.257991e+01 3.312040e-01
1.905461e-04 2.130868e+01 7.138035e+00 2.247246e+01 3.349825e-01
1.949845e-04 2.118098e+01 7.175623e+00 2.236344e+01 3.387768e-01
1.995262e-04 2.105175e+01 7.211981e+00 2.225284e+01 3.425834e-01
2.041738e-04 2.092105e+01 7.247021e+00 2.214068e+01 3.463985e-01
2.089296e-04 2.078891e+01 7.280658e+00 2.202696e+01 3.502184e-01
2.137962e-04 2.065538e+01 7.312806e+00 2.191168e+01 3.540388e-01
2.187762e-04 2.052052e+01 7.343383e+00 2.179488e+01 3.578556e-01
2.238721e-04 2.038439e+01 7.372309e+00 2.167658e+01 3.616645e-01
2.290868e-04 2.024706e+01 7.399507e+00 2.155681e+01 3.654609e-01
2.344229e-04 2.010860e+01 7.424904e+00 2.143560e+01 3.692402e-01
2.398833e-04 1.996910e+01 7.448431e+00 2.131300e+01 3.729978e-01
2.454709e-04 1.982864e+01 7.470022e+00 2.118906e+01 3.767290e-01
2.511886e-04 1.968731e+01 7.489620e+00 2.106382e+01 3.804289e-01
2.570396e-04 1.954521e+01 7.507170e+00 2.093735e+01 3.840927e-01
2.630268e-04 1.940243e+01 7.522625e+00 2.080972e+01 3.877156e-01
2.691535e-04 1.925909e+01 7.535942e+00 2.068098e+01 3.912927e-01
2.754229e-04 1.911529e+01 7.547087e+00 2.055122e+01 3.948194e-01
2.818383e-04 1.897114e+01 7.556033e+00 2.042052e+01 3.982909e-01
2.884032e-04 1.882675e+01 7.562758e+00 2.028896e+01 4.017027e-01
2.951209e-04 1.868224e+01 7.567249e+00 2.015662e+01 4.050503e-01
3.019952e-04 1.853773e+01 7.569500e+00 2.002360e+01 4.083294e-01
3.090295e-04 1.839332e+01 7.569513e+00 1.988999e+01 4.115359e-01
3.162278e-04 1.824914e+01 7.567297e+00 1.975589e+01 4.146659e-01
3.235937e-04 1.810530e+01 7.562870e+00 1.962139e+01 4.177157e-01
3.311311e-04 1.796192e+01 7.556256e+00 1.948660e+01 4.206820e-01
3.388442e-04 1.781910e+01 7.547486e+00 1.935162e+01 4.235614e-01
3.467369e-04 1.767697e+01 7.536599e+00 1.921654e+01 4.263514e-01
3.548134e-04 1.753562e+01 7.523643e+00 1.908148e+01 4.290492e-01
3.630781e-04 1.739515e+01 7.508669e+00 1.894654e+01 4.316529e-01
3.715352e-04 1.725568e+01 7.491737e+00 1.881182e+01 4.341606e-01
3.801894e-04 1.711729e+01 7.472911e+00 1.867742e+01 4.365709e-01
3.890451e-04 1.698007e+01 7.452264e+00 1.854344e+01 4.388829e-01
3.981072e-04 1.684412e+01 7.429870e+00 1.840998e+01 4.410958e-01
4.073803e-04 1.670950e+01 7.405811e+00 1.827713e+01 4.432096e-01
4.168694e-04 1.657629e+01 7.380171e+00 1.814498e+01 4.452245e-01
4.265795e-04 1.644457e+01 7.353041e+00 1.801363e+01 4.471410e-01
4.365158e-04 1.631438e+01 7.324511e+00 1.788317e+01 4.489603e-01
4.466836e-04 1.618580e+01 7.294677e+00 1.775366e+01 4.506838e-01
4.570882e-04 1.605885e+01 7.263636e+00 1.762518e+01 4.523135e-01
4.677351e-04 1.593359e+01 7.231488e+00 1.749782e+01 4.538517e-01
4.786301e-04 1.581005e+01 7.198332e+00 1.737164e+01 4.553009e-01
4.897788e-04 1.568826e+01 7.164269e+00 1.724669e+01 4.566643e-01
5.011872e-04 1.556824e+01 7.129402e+00 1.712304e+01 4.579452e-01
5.128614e-04 1.545001e+01 7.093831e+00 1.700074e+01 4.591475e-01
5.248075e-04 1.533356e+01 7.057657e+00 1.687983e+01 4.602751e-01
5.370318e-04 1.521891e+01 7.020978e+00 1.676035e+01 4.613325e-01
5.495409e-04 1.510605e+01 6.983894e+00 1.664234e+01 4.623243e-01
5.623413e-04 1.499497e+01 6.946499e+00 1.652583e+01 4.632552e-01
5.754399e-04 1.488566e+01 6.908888e+00 1.641083e+01 4.641306e-01
5.888437e-04 1.477808e+01 6.871152e+00 1.629738e+01 4.649555e-01
6.025596e-04 1.467223e+01 6.833378e+00 1.618547e+01 4.657354e-01
6.165950e-04 1.456806e+01 6.795653e+00 1.607512e+01 4.664760e-01
6.309573e-04 1.446555e+01 6.758057e+00 1.596632e+01 4.671829e-01
6.456542e-04 1.436464e+01 6.720668e+00 1.585908e+01 4.678618e-01
6.606934e-04 1.426531e+01 6.683561e+00 1.575338e+01 4.685186e-01
6.760830e-04 1.416749e+01 6.646806e+00 1.564921e+01 4.691591e-01
6.918310e-04 1.407114e+01 6.610468e+00 1.554655e+01 4.697890e-01
7.079458e-04 1.397621e+01 6.574609e+00 1.544539e+01 4.704142e-01
7.244360e-04 1.388264e+01 6.539285e+00 1.534568e+01 4.710405e-01
7.413102e-04 1.379037e+01 6.504551e+00 1.524741e+01 4.716733e-01
7.585776e-04 1.369935e+01 6.470453e+00 1.515054e+01 4.723184e-01
7.762471e-04 1.360950e+01 6.437035e+00 1.505503e+01 4.729810e-01
7.943282e-04 1.352077e+01 6.404337e+00 1.496084e+01 4.736666e-01
8.128305e-04 1.343309e+01 6.372392e+00 1.486793e+01 4.743801e-01
8.317638e-04 1.334640e+01 6.341232e+00 1.477625e+01 4.751266e-01
8.511380e-04 1.326064e+01 6.310880e+00 1.468576e+01 4.759108e-01
8.709636e-04 1.317573e+01 6.281359e+00 1.459641e+01 4.767372e-01
8.912509e-04 1.309161e+01 6.252684e+00 1.450814e+01 4.776101e-01
9.120108e-04 1.300821e+01 6.224869e+00 1.442091e+01 4.785337e-01
9.332543e-04 1.292548e+01 6.197923e+00 1.433466e+01 4.795119e-01
9.549926e-04 1.284335e+01 6.171848e+00 1.424933e+01 4.805481e-01
9.772372e-04 1.276175e+01 6.146646e+00 1.416487e+01 4.816459e-01
1.000000e-03 1.268063e+01 6.122314e+00 1.408123e+01 4.828084e-01
1.023293e-03 1.259992e+01 6.098845e+00 1.399835e+01 4.840384e-01
1.047129e-03 1.251957e+01 6.076228e+00 1.391618e+01 4.853386e-01
1.071519e-03 1.243951e+01 6.054450e+00 1.383466e+01 4.867112e-01
1.096478e-03 1.235970e+01 6.033495e+00 1.375374e+01 4.881586e-01
1.122018e-03 1.228009e+01 6.013342e+00 1.367336e+01 4.896824e-01
1.148154e-03 1.220061e+01 5.993970e+00 1.359348e+01 4.912844e-01
1.174898e-03 1.212123e+01 5.975354e+00 1.351403e+01 4.929659e-01
1.202264e-03 1.204190e+01 5.957466e+00 1.343498e+01 4.947280e-01
1.230269e-03 1.196258e+01 5.940277e+00 1.335628e+01 4.965717e-01
1.258925e-03 1.188322e+01 5.923757e+00 1.327787e+01 4.984976e-01
1.288250e-03 1.180379e+01 5.907872e+00 1.319972e+01 5.005062e-01
1.318257e-03 1.172426e+01 5.892586e+00 1.312177e+01 5.025977e-01
1.348963e-03 1.164459e+01 5.877865e+00 1.304399e+01 5.047723e-01
1.380384e-03 1.156475e+01 5.863671e+00 1.296634e+01 5.070297e-01
1.412538e-03 1.148472e+01 5.849966e+00 1.288879e+01 5.093697e-01
1.445440e-03 1.140447e+01 5.836711e+00 1.281129e+01 5.117917e-01
1.479108e-03 1.132398e+01 5.823866e+00 1.273381e+01 5.142950e-01
1.513561e-03 1.124324e+01 5.811390e+00 1.265633e+01 5.168788e-01
1.548817e-03 1.116222e+01 5.799245e+00 1.257881e+01 5.195422e-01
1.584893e-03 1.108092e+01 5.787388e+00 1.250123e+01 5.222839e-01
1.621810e-03 1.099933e+01 5.775780e+00 1.242356e+01 5.251029e-01
1.659587e-03 1.091744e+01 5.764381e+00 1.234579e+01 5.279976e-01
1.698244e-03 1.083524e+01 5.753150e+00 1.226789e+01 5.309667e-01
1.737801e-03 1.075273e+01 5.742047e+00 1.218984e+01 5.340085e-01
1.778279e-03 1.066991e+01 5.731035e+00 1.211163e+01 5.371213e-01
1.819701e-03 1.058678e+01 5.720074e+00 1.203325e+01 5.403034e-01
1.862087e-03 1.050335e+01 5.709128e+00 1.195469e+01 5.435530e-01
1.905461e-03 1.041963e+01 5.698161e+00 1.187593e+01 5.468680e-01
1.949845e-03 1.033561e+01 5.687135e+00 1.179696e+01 5.502466e-01
1.995262e-03 1.025132e+01 5.676018e+00 1.171779e+01 5.536867e-01
2.041738e-03 1.016675e+01 5.664776e+00 1.163841e+01 5.571862e-01
2.089296e-03 1.008194e+01 5.653377e+00 1.155881e+01 5.607430e-01
2.137962e-03 9.996885e+00 5.641790e+00 1.147900e+01 5.643548e-01
2.187762e-03 9.911608e+00 5.629986e+00 1.139898e+01 5.680195e-01
2.238721e-03 9.826126e+00 5.617937e+00 1.131874e+01 5.717347e-01
2.290868e-03 9.740457e+00 5.605617e+00 1.123830e+01 5.754983e-01
2.344229e-03 9.654623e+00 5.593000e+00 1.115766e+01 5.793079e-01
2.398833e-03 9.568644e+00 5.580062e+00 1.107682e+01 5.831612e-01
2.454709e-03 9.482542e+00 5.566782e+00 1.099580e+01 5.870559e-01
2.511886e-03 9.396340e+00 5.553138e+00 1.091460e+01 5.909895e-01
2.570396e-03 9.310062e+00 5.539112e+00 1.083324e+01 5.949598e-01
2.630268e-03 9.223732e+00 5.524686e+00 1.075172e+01 5.989643e-01
2.691535e-03 9.137375e+00 5.509843e+00 1.067005e+01 6.030006e-01
2.754229e-03 9.051017e+00 5.494568e+00 1.058826e+01 6.070664e-01
2.818383e-03 8.964684e+00 5.478850e+00 1.050635e+01 6.111593e-01
2.884032e-03 8.878402e+00 5.462676e+00 1.042434e+01 6.152769e-01
2.951209e-03 8.792198e+00 5.446036e+00 1.034225e+01 6.194168e-01
3.019952e-03 8.706100e+00 5.428921e+00 1.026009e+01 6.235767e-01
3.090295e-03 8.620133e+00 5.411325e+00 1.017788e+01 6.277543e-01
3.162278e-03 8.534326e+00 5.393243e+00 1.009563e+01 6.319471e-01
3.235937e-03 8.448706e+00 5.374670e+00 1.001338e+01 6.361530e-01
3.311311e-03 8.363300e+00 5.355604e+00 9.931127e+00 6.403697e-01
3.388442e-03 8.278135e+00 5.336044e+00 9.848903e+00 6.445949e-01
3.467369e-03 8.193238e+00 5.315991e+00 9.766725e+00 6.488266e-01
3.548134e-03 8.108636e+00 5.295447e+00 9.684613e+00 6.530626e-01
3.630781e-03 8.024355e+00 5.274415e+00 9.602590e+00 6.573008e-01
3.715352e-03 7.940420e+00 5.252901e+00 9.520675e+00 6.615394e-01
3.801894e-03 7.856858e+00 5.230912e+00 9.438891e+00 6.657765e-01
3.890451e-03 7.773692e+00 5.208454e+00 9.357259e+00 6.700103e-01
3.981072e-03 7.690947e+00 5.185538e+00 9.275801e+00 6.742392e-01
4.073803e-03 7.608646e+00 5.162174e+00 9.194539e+00 6.784616e-01
4.168694e-03 7.526812e+00 5.138374e+00 9.113495e+00 6.826761e-01
4.265795e-03 7.445465e+00 5.114152e+00 9.032690e+00 6.868814e-01
4.365158e-03 7.364626e+00 5.089520e+00 8.952147e+00 6.910765e-01
4.466836e-03 7.284315e+00 5.064496e+00 8.871886e+00 6.952605e-01
4.570882e-03 7.204549e+00 5.039095e+00 8.791928e+00 6.994324e-01
4.677351e-03 7.125345e+00 5.013335e+00 8.712294e+00 7.035919e-01
4.786301e-03 7.046719e+00 4.987234e+00 8.633004e+00 7.077384e-01
4.897788e-03 6.968686e+00 4.960811e+00 8.554077e+00 7.118718e-01
5.011872e-03 6.891257e+00 4.934086e+00 8.475532e+00 7.159922e-01
5.128614e-03 6.814445e+00 4.907080e+00 8.397386e+00 7.200997e-01
5.248075e-03 6.738259e+00 4.879812e+00 8.319657e+00 7.241948e-01
5.370318e-03 6.662707e+00 4.852305e+00 8.242361e+00 7.282783e-01
5.495409e-03 6.587796e+00 4.824579e+00 8.165514e+00 7.323510e-01
5.623413e-03 6.513531e+00 4.796656e+00 8.089128e+00 7.364141e-01
5.754399e-03 6.439916e+00 4.768558e+00 8.013218e+00 7.404689e-01
5.888437e-03 6.366953e+00 4.740306e+00 7.937795e+00 7.445171e-01
6.025596e-03 6.294643e+00 4.711921e+00 7.862870e+00 7.485605e-01
6.165950e-03 6.222984e+00 4.683424e+00 7.788452e+00 7.526011e-01
6.309573e-03 6.151973e+00 4.654836e+00 7.714550e+00 7.566412e-01
6.456542e-03 6.081608e+00 4.626177e+00 7.641169e+00 7.606832e-01
6.606934e-03 6.011882e+00 4.597464e+00 7.568316e+00 7.647297e-01
6.760830e-03 5.942789e+00 4.568718e+00 7.495994e+00 7.687835e-01
6.918310e-03 5.874321e+00 4.539955e+00 7.424207e+00 7.728477e-01
7.079458e-03 5.806469e+00 4.511193e+00 7.352955e+00 7.769252e-01
7.244360e-03 5.739224e+00 4.482446e+00 7.282239e+00 7.810195e-01
7.413102e-03 5.672573e+00 4.453729e+00 7.212058e+00 7.851337e-01
7.585776e-03 5.606506e+00 4.425055e+00 7.142410e+00 7.892715e-01
7.762471e-03 5.541008e+00 4.396437e+00 7.073290e+00 7.934362e-01
7.943282e-03 5.476068e+00 4.367884e+00 7.004693e+00 7.976316e-01
8.128305e-03 5.411670e+00 4.339408e+00 6.936615e+00 8.018612e-01
8.317638e-03 5.347800e+00 4.311014e+00 6.869047e+00 8.061286e-01
8.511380e-03 5.284444e+00 4.282711e+00 6.801982e+00 8.104375e-01
8.709636e-03 5.221586e+00 4.254504e+00 6.735411e+00 8.147916e-01
8.912509e-03 5.159211e+00 4.226396e+00 6.669324e+00 8.191942e-01
9.120108e-03 5.097304e+00 4.198389e+00 6.603710e+00 8.236490e-01
9.332543e-03 5.035850e+00 4.170486e+00 6.538558e+00 8.281593e-01
9.549926e-03 4.974834e+00 4.142685e+00 6.473856e+00 8.327283e-01
9.772372e-03 4.914241e+00 4.114985e+00 6.409592e+00 8.373592e-01
1.000000e-02 4.854058e+00 4.087383e+00 6.345753e+00 8.420549e-01
1.023293e-02 4.794270e+00 4.059875e+00 6.282325e+00 8.468182e-01
1.047129e-02 4.734865e+00 4.032456e+00 6.219297e+00 8.516516e-01
1.071519e-02 4.675831e+00 4.005119e+00 6.156652e+00 8.565576e-01
1.096478e-02 4.617155e+00 3.977856e+00 6.094379e+00 8.615382e-01
1.122018e-02 4.558828e+00 3.950659e+00 6.032464e+00 8.665953e-01
1.148154e-02 4.500840e+00 3.923519e+00 5.970893e+00 8.717304e-01
1.174898e-02 4.443182e+00 3.896426e+00 5.909653e+00 8.769448e-01
1.202264e-02 4.385847e+00 3.869367e+00 5.848732e+00 8.822394e-01
1.230269e-02 4.328829e+00 3.842333e+00 5.788116e+00 8.876148e-01
1.258925e-02 4.272122e+00 3.815310e+00 5.727793e+00 8.930714e-01
1.288250e-02 4.215722e+00 3.788286e+00 5.667753e+00 8.986090e-01
1.318257e-02 4.159628e+00 3.761248e+00 5.607985e+00 9.042271e-01
1.348963e-02 4.103837e+00 3.734183e+00 5.548477e+00 9.099250e-01
1.380384e-02 4.048349e+00 3.707079e+00 5.489222e+00 9.157014e-01
1.412538e-02 3.993166e+00 3.679920e+00 5.430211e+00 9.215546e-01
1.445440e-02 3.938290e+00 3.652695e+00 5.371435e+00 9.274826e-01
1.479108e-02 3.883725e+00 3.625391e+00 5.312888e+00 9.334830e-01
1.513561e-02 3.829476e+00 3.597995e+00 5.254565e+00 9.395528e-01
1.548817e-02 3.775550e+00 3.570495e+00 5.196461e+00 9.456888e-01
1.584893e-02 3.721953e+00 3.542879e+00 5.138572e+00 9.518872e-01
1.621810e-02 3.668694e+00 3.515137e+00 5.080896e+00 9.581439e-01
1.659587e-02 3.615783e+00 3.487258e+00 5.023431e+00 9.644543e-01
1.698244e-02 3.563231e+00 3.459232e+00 4.966176e+00 9.708134e-01
1.737801e-02 3.511049e+00 3.431053e+00 4.909133e+00 9.772158e-01
1.778279e-02 3.459249e+00 3.402711e+00 4.852303e+00 9.836558e-01
1.819701e-02 3.407845e+00 3.374200e+00 4.795689e+00 9.901271e-01
1.862087e-02 3.356850e+00 3.345515e+00 4.739295e+00 9.966232e-01
1.905461e-02 3.306279e+00 3.316652e+00 4.683126e+00 1.003137e+00
1.949845e-02 3.256147e+00 3.287608e+00 4.627187e+00 1.009662e+00
1.995262e-02 3.206469e+00 3.258381e+00 4.571487e+00 1.016190e+00
2.041738e-02 3.157261e+00 3.228970e+00 4.516032e+00 1.022712e+00
2.089296e-02 3.108537e+00 3.199376e+00 4.460831e+00 1.029222e+00
2.137962e-02 3.060315e+00 3.169602e+00 4.405894e+00 1.035711e+00
2.187762e-02 3.012609e+00 3.139650e+00 4.351232e+00 1.042170e+00
2.238721e-02 2.965436e+00 3.109525e+00 4.296854e+00 1.048590e+00
2.290868e-02 2.918810e+00 3.079234e+00 4.242774e+00 1.054962e+00
2.344229e-02 2.872746e+00 3.048782e+00 4.189003e+00 1.061278e+00
2.398833e-02 2.827260e+00 3.018179e+00 4.135553e+00 1.067528e+00
2.454709e-02 2.782364e+00 2.987433e+00 4.082439e+00 1.073703e+00
2.511886e-02 2.738072e+00 2.956556e+00 4.029673e+00 1.079795e+00
2.570396e-02 2.694398e+00 2.925558e+00 3.977269e+00 1.085793e+00
2.630268e-02 2.651352e+00 2.894452e+00 3.925241e+00 1.091689e+00
2.691535e-02 2.608945e+00 2.863252e+00 3.873604e+00 1.097475e+00
2.754229e-02 2.567189e+00 2.831972e+00 3.822371e+00 1.103141e+00
2.818383e-02 2.526091e+00 2.800626e+00 3.771557e+00 1.108680e+00
2.884032e-02 2.485660e+00 2.769231e+00 3.721175e+00 1.114083e+00
2.951209e-02 2.445902e+00 2.737802e+00 3.671239e+00 1.119342e+00
3.019952e-02 2.406825e+00 2.706356e+00 3.621763e+00 1.124451e+00
3.090295e-02 2.368432e+00 2.674911e+00 3.572761e+00 1.129401e+00
3.162278e-02 2.330728e+00 2.643483e+00 3.524244e+00 1.134188e+00
3.235937e-02 2.293714e+00 2.612090e+00 3.476225e+00 1.138803e+00
3.311311e-02 2.257393e+00 2.580750e+00 3.428717e+00 1.143243e+00
3.388442e-02 2.221765e+00 2.549482e+00 3.381730e+00 1.147503e+00
3.467369e-02 2.186829e+00 2.518302e+00 3.335276e+00 1.151577e+00
3.548134e-02 2.152582e+00 2.487228e+00 3.289364e+00 1.155463e+00
3.630781e-02 2.119023e+00 2.456279e+00 3.244005e+00 1.159157e+00
3.715352e-02 2.086147e+00 2.425472e+00 3.199206e+00 1.162656e+00
3.801894e-02 2.053948e+00 2.394823e+00 3.154977e+00 1.165961e+00
3.890451e-02 2.022421e+00 2.364349e+00 3.111323e+00 1.169068e+00
3.981072e-02 1.991560e+00 2.334066e+00 3.068253e+00 1.171979e+00
4.073803e-02 1.961355e+00 2.303992e+00 3.025771e+00 1.174694e+00
4.168694e-02 1.931799e+00 2.274139e+00 2.983883e+00 1.177213e+00
4.265795e-02 1.902881e+00 2.244524e+00 2.942592e+00 1.179540e+00
4.365158e-02 1.874592e+00 2.215160e+00 2.901901e+00 1.181676e+00
4.466836e-02 1.846921e+00 2.186061e+00 2.861814e+00 1.183625e+00
4.570882e-02 1.819855e+00 2.157239e+00 2.822331e+00 1.185391e+00
4.677351e-02 1.793383e+00 2.128707e+00 2.783454e+00 1.186978e+00
4.786301e-02 1.767492e+00 2.100475e+00 2.745182e+00 1.188393e+00
4.897788e-02 1.742169e+00 2.072555e+00 2.707515e+00 1.189640e+00
5.011872e-02 1.717400e+00 2.044955e+00 2.670450e+00 1.190727e+00
5.128614e-02 1.693172e+00 2.017685e+00 2.633986e+00 1.191660e+00
5.248075e-02 1.669469e+00 1.990753e+00 2.598119e+00 1.192447e+00
5.370318e-02 1.646277e+00 1.964166e+00 2.562846e+00 1.193096e+00
5.495409e-02 1.623582e+00 1.937931e+00 2.528161e+00 1.193615e+00
5.623413e-02 1.601368e+00 1.912054e+00 2.494059e+00 1.194012e+00
5.754399e-02 1.579621e+00 1.886539e+00 2.460535e+00 1.194298e+00
5.888437e-02 1.558326e+00 1.861391e+00 2.427582e+00 1.194482e+00
6.025596e-02 1.537466e+00 1.836614e+00 2.395194e+00 1.194572e+00
6.165950e-02 1.517028e+00 1.812209e+00 2.363361e+00 1.194579e+00
6.309573e-02 1.496996e+00 1.788179e+00 2.332077e+00 1.194512e+00
6.456542e-02 1.477355e+00 1.764526e+00 2.301332e+00 1.194382e+00
6.606934e-02 1.458090e+00 1.741249e+00 2.271117e+00 1.194198e+00
6.760830e-02 1.439188e+00 1.718348e+00 2.241424e+00 1.193971e+00
6.918310e-02 1.420633e+00 1.695824e+00 2.212242e+00 1.193710e+00
7.079458e-02 1.402411e+00 1.673673e+00 2.183561e+00 1.193426e+00
7.244360e-02 1.384509e+00 1.651896e+00 2.155371e+00 1.193128e+00
7.413102e-02 1.366912e+00 1.630488e+00 2.127661e+00 1.192825e+00
7.585776e-02 1.349609e+00 1.609447e+00 2.100420e+00 1.192528e+00
7.762471e-02 1.332585e+00 1.588769e+00 2.073637e+00 1.192245e+00
7.943282e-02 1.315830e+00 1.568450e+00 2.047301e+00 1.191985e+00
8.128305e-02 1.299329e+00 1.548485e+00 2.021401e+00 1.191758e+00
8.317638e-02 1.283072e+00 1.528870e+00 1.995926e+00 1.191570e+00
8.511380e-02 1.267048e+00 1.509599e+00 1.970863e+00 1.191430e+00
8.709636e-02 1.251246e+00 1.490667e+00 1.946202e+00 1.191346e+00
8.912509e-02 1.235655e+00 1.472066e+00 1.921932e+00 1.191325e+00
9.120108e-02 1.220266e+00 1.453792e+00 1.898041e+00 1.191373e+00
9.332543e-02 1.205068e+00 1.435837e+00 1.874518e+00 1.191498e+00
9.549926e-02 1.190055e+00 1.418195e+00 1.851352e+00 1.191706e+00
9.772372e-02 1.175215e+00 1.400858e+00 1.828533e+00 1.192001e+00
1.000000e-01 1.160543e+00 1.383819e+00 1.806049e+00 1.192389e+00
1.023293e-01 1.146030e+00 1.367070e+00 1.783891e+00 1.192875e+00
1.047129e-01 1.131669e+00 1.350605e+00 1.762047e+00 1.193463e+00
1.071519e-01 1.117454e+00 1.334416e+00 1.740508e+00 1.194158e+00
1.096478e-01 1.103378e+00 1.318495e+00 1.719265e+00 1.194962e+00
1.122018e-01 1.089437e+00 1.302834e+00 1.698308e+00 1.195879e+00
1.148154e-01 1.075624e+00 1.287426e+00 1.677627e+00 1.196911e+00
1.174898e-01 1.061935e+00 1.272263e+00 1.657214e+00 1.198061e+00
1.202264e-01 1.048366e+00 1.257337e+00 1.637060e+00 1.199331e+00
1.230269e-01 1.034912e+00 1.242641e+00 1.617158e+00 1.200721e+00
1.258925e-01 1.021571e+00 1.228167e+00 1.597499e+00 1.202234e+00
1.288250e-01 1.008338e+00 1.213909e+00 1.578075e+00 1.203870e+00
1.318257e-01 9.952125e-01 1.199858e+00 1.558880e+00 1.205630e+00
1.348963e-01 9.821904e-01 1.186007e+00 1.539906e+00 1.207512e+00
1.380384e-01 9.692702e-01 1.172350e+00 1.521148e+00 1.209519e+00
1.412538e-01 9.564500e-01 1.158880e+00 1.502598e+00 1.211648e+00
1.445440e-01 9.437284e-01 1.145591e+00 1.484251e+00 1.213899e+00
1.479108e-01 9.311042e-01 1.132475e+00 1.466102e+00 1.216271e+00
1.513561e-01 9.185766e-01 1.119526e+00 1.448144e+00 1.218762e+00
1.548817e-01 9.061449e-01 1.106739e+00 1.430374e+00 1.221371e+00
1.584893e-01 8.938085e-01 1.094108e+00 1.412787e+00 1.224097e+00
1.621810e-01 8.815675e-01 1.081627e+00 1.395377e+00 1.226936e+00
1.659587e-01 8.694216e-01 1.069291e+00 1.378142e+00 1.229887e+00
1.698244e-01 8.573711e-01 1.057094e+00 1.361078e+00 1.232948e+00
1.737801e-01 8.454163e-01 1.045032e+00 1.344180e+00 1.236115e+00
1.778279e-01 8.335577e-01 1.033100e+00 1.327446e+00 1.239386e+00
1.819701e-01 8.217959e-01 1.021294e+00 1.310873e+00 1.242758e+00
1.862087e-01 8.101315e-01 1.009608e+00 1.294458e+00 1.246228e+00
1.905461e-01 7.985654e-01 9.980408e-01 1.278199e+00 1.249792e+00
1.949845e-01 7.870985e-01 9.865867e-01 1.262092e+00 1.253448e+00
1.995262e-01 7.757318e-01 9.752426e-01 1.246137e+00 1.257190e+00
2.041738e-01 7.644662e-01 9.640052e-01 1.230331e+00 1.261017e+00
2.089296e-01 7.533029e-01 9.528714e-01 1.214672e+00 1.264925e+00
2.137962e-01 7.422430e-01 9.418382e-01 1.199160e+00 1.268908e+00
2.187762e-01 7.312875e-01 9.309030e-01 1.183791e+00 1.272964e+00
2.238721e-01 7.204378e-01 9.200633e-01 1.168566e+00 1.277089e+00
2.290868e-01 7.096948e-01 9.093166e-01 1.153483e+00 1.281278e+00
2.344229e-01 6.990599e-01 8.986610e-01 1.138541e+00 1.285528e+00
2.398833e-01 6.885341e-01 8.880943e-01 1.123740e+00 1.289833e+00
2.454709e-01 6.781186e-01 8.776149e-01 1.109077e+00 1.294191e+00
2.511886e-01 6.678144e-01 8.672210e-01 1.094554e+00 1.298596e+00
2.570396e-01 6.576227e-01 8.569114e-01 1.080169e+00 1.303044e+00
2.630268e-01 6.475444e-01 8.466845e-01 1.065921e+00 1.307531e+00
2.691535e-01 6.375807e-01 8.365394e-01 1.051811e+00 1.312053e+00
2.754229e-01 6.277324e-01 8.264749e-01 1.037839e+00 1.316604e+00
2.818383e-01 6.180004e-01 8.164903e-01 1.024002e+00 1.321181e+00
2.884032e-01 6.083857e-01 8.065846e-01 1.010303e+00 1.325778e+00
2.951209e-01 5.988888e-01 7.967573e-01 9.967397e-01 1.330393e+00
3.019952e-01 5.895107e-01 7.870079e-01 9.833129e-01 1.335019e+00
3.090295e-01 5.802519e-01 7.773360e-01 9.700224e-01 1.339653e+00
3.162278e-01 5.711130e-01 7.677412e-01 9.568681e-01 1.344290e+00
3.235937e-01 5.620945e-01 7.582234e-01 9.438501e-01 1.348925e+00
3.311311e-01 5.531969e-01 7.487823e-01 9.309682e-01 1.353555e+00
3.388442e-01 5.444206e-01 7.394180e-01 9.182226e-01 1.358174e+00
3.467369e-01 5.357657e-01 7.301306e-01 9.056134e-01 1.362780e+00
3.548134e-01 5.272326e-01 7.209200e-01 8.931405e-01 1.367366e+00
3.630781e-01 5.188214e-01 7.117865e-01 8.808040e-01 1.371930e+00
3.715352e-01 5.105321e-01 7.027303e-01 8.686040e-01 1.376466e+00
3.801894e-01 5.023648e-01 6.937518e-01 8.565406e-01 1.380972e+00
3.890451e-01 4.943192e-01 6.848512e-01 8.446139e-01 1.385443e+00
3.981072e-01 4.863952e-01 6.760289e-01 8.328238e-01 1.389876e+00
4.073803e-01 4.785926e-01 6.672854e-01 8.211704e-01 1.394266e+00
4.168694e-01 4.709110e-01 6.586212e-01 8.096537e-01 1.398611e+00
4.265795e-01 4.633500e-01 6.500367e-01 7.982737e-01 1.402906e+00
4.365158e-01 4.559091e-01 6.415324e-01 7.870304e-01 1.407150e+00
4.466836e-01 4.485877e-01 6.331089e-01 7.759238e-01 1.411338e+00
4.570882e-01 4.413851e-01 6.247668e-01 7.649538e-01 1.415468e+00
4.677351e-01 4.343007e-01 6.165066e-01 7.541203e-01 1.419538e+00
4.786301e-01 4.273336e-01 6.083289e-01 7.434232e-01 1.423546e+00
4.897788e-01 4.204829e-01 6.002343e-01 7.328622e-01 1.427488e+00
5.011872e-01 4.137477e-01 5.922233e-01 7.224373e-01 1.431363e+00
5.128614e-01 4.071270e-01 5.842966e-01 7.121481e-01 1.435170e+00
5.248075e-01 4.006196e-01 5.764548e-01 7.019945e-01 1.438908e+00
5.370318e-01 3.942245e-01 5.686984e-01 6.919760e-01 1.442575e+00
5.495409e-01 3.879403e-01 5.610279e-01 6.820924e-01 1.446171e+00
5.623413e-01 3.817659e-01 5.534439e-01 6.723432e-01 1.449695e+00
5.754399e-01 3.756998e-01 5.459470e-01 6.627280e-01 1.453147e+00
5.888437e-01 3.697406e-01 5.385375e-01 6.532463e-01 1.456528e+00
6.025596e-01 3.638869e-01 5.312160e-01 6.438976e-01 1.459838e+00
6.165950e-01 3.581371e-01 5.239828e-01 6.346812e-01 1.463079e+00
6.309573e-01 3.524897e-01 5.168385e-01 6.255966e-01 1.466251e+00
6.456542e-01 3.469431e-01 5.097834e-01 6.166430e-01 1.469357e+00
6.606934e-01 3.414956e-01 5.028177e-01 6.078198e-01 1.472399e+00
6.760830e-01 3.361454e-01 4.959418e-01 5.991261e-01 1.475379e+00
6.918310e-01 3.308908e-01 4.891560e-01 5.905610e-01 1.478300e+00
7.079458e-01 3.257301e-01 4.824604e-01 5.821238e-01 1.481166e+00
7.244360e-01 3.206613e-01 4.758551e-01 5.738134e-01 1.483981e+00
7.413102e-01 3.156826e-01 4.693404e-01 5.656288e-01 1.486748e+00
7.585776e-01 3.107922e-01 4.629162e-01 5.575690e-01 1.489472e+00
7.762471e-01 3.059881e-01 4.565826e-01 5.496330e-01 1.492158e+00
7.943282e-01 3.012684e-01 4.503395e-01 5.418194e-01 1.494811e+00
8.128305e-01 2.966311e-01 4.441868e-01 5.341273e-01 1.497438e+00
8.317638e-01 2.920743e-01 4.381244e-01 5.265551e-01 1.500044e+00
8.511380e-01 2.875958e-01 4.321520e-01 5.191018e-01 1.502636e+00
8.709636e-01 2.831939e-01 4.262694e-01 5.117660e-01 1.505221e+00
8.912509e-01 2.788664e-01 4.204763e-01 5.045461e-01 1.507806e+00
9.120108e-01 2.746113e-01 4.147724e-01 4.974409e-01 1.510398e+00
9.332543e-01 2.704266e-01 4.091571e-01 4.904489e-01 1.513006e+00
9.549926e-01 2.663104e-01 4.036300e-01 4.835684e-01 1.515637e+00
9.772372e-01 2.622606e-01 3.981906e-01 4.767980e-01 1.518302e+00
1.000000e+00 2.582751e-01 3.928383e-01 4.701361e-01 1.521007e+00
1.023293e+00 2.543521e-01 3.875725e-01 4.635811e-01 1.523763e+00
1.047129e+00 2.504896e-01 3.823924e-01 4.571312e-01 1.526580e+00
1.071519e+00 2.466855e-01 3.772972e-01 4.507848e-01 1.529467e+00
1.096478e+00 2.429380e-01 3.722864e-01 4.445402e-01 1.532434e+00
1.122018e+00 2.392451e-01 3.673588e-01 4.383956e-01 1.535491e+00
1.148154e+00 2.356049e-01 3.625137e-01 4.323493e-01 1.538651e+00
1.174898e+00 2.320156e-01 3.577502e-01 4.263994e-01 1.541923e+00
1.202264e+00 2.284752e-01 3.530671e-01 4.205441e-01 1.545319e+00
1.230269e+00 2.249820e-01 3.484636e-01 4.147816e-01 1.548851e+00
1.258925e+00 2.215342e-01 3.439384e-01 4.091100e-01 1.552530e+00
1.288250e+00 2.181299e-01 3.394905e-01 4.035275e-01 1.556368e+00
1.318257e+00 2.147676e-01 3.351187e-01 3.980322e-01 1.560378e+00
1.348963e+00 2.114453e-01 3.308217e-01 3.926221e-01 1.564573e+00
1.380384e+00 2.081616e-01 3.265983e-01 3.872954e-01 1.568965e+00
1.412538e+00 2.049148e-01 3.224472e-01 3.820501e-01 1.573567e+00
1.445440e+00 2.017033e-01 3.183671e-01 3.768844e-01 1.578393e+00
1.479108e+00 1.985255e-01 3.143566e-01 3.717962e-01 1.583457e+00
1.513561e+00 1.953800e-01 3.104141e-01 3.667837e-01 1.588771e+00
1.548817e+00 1.922653e-01 3.065384e-01 3.618449e-01 1.594352e+00
1.584893e+00 1.891799e-01 3.027279e-01 3.569779e-01 1.600211e+00
1.621810e+00 1.861227e-01 2.989810e-01 3.521808e-01 1.606365e+00
1.659587e+00 1.830921e-01 2.952962e-01 3.474515e-01 1.612829e+00
1.698244e+00 1.800871e-01 2.916719e-01 3.427883e-01 1.619616e+00
1.737801e+00 1.771063e-01 2.881064e-01 3.381892e-01 1.626743e+00
1.778279e+00 1.741487e-01 2.845982e-01 3.336524e-01 1.634225e+00
1.819701e+00 1.712132e-01 2.811454e-01 3.291758e-01 1.642078e+00
1.862087e+00 1.682987e-01 2.777465e-01 3.247577e-01 1.650318e+00
1.905461e+00 1.654044e-01 2.743995e-01 3.203962e-01 1.658962e+00
1.949845e+00 1.625293e-01 2.711029e-01 3.160895e-01 1.668025e+00
1.995262e+00 1.596727e-01 2.678548e-01 3.118358e-01 1.677524e+00
2.041738e+00 1.568337e-01 2.646534e-01 3.076333e-01 1.687477e+00
2.089296e+00 1.540119e-01 2.614968e-01 3.034802e-01 1.697901e+00
2.137962e+00 1.512064e-01 2.583834e-01 2.993749e-01 1.708812e+00
2.187762e+00 1.484170e-01 2.553112e-01 2.953158e-01 1.720229e+00
2.238721e+00 1.456430e-01 2.522784e-01 2.913011e-01 1.732169e+00
2.290868e+00 1.428843e-01 2.492833e-01 2.873292e-01 1.744651e+00
2.344229e+00 1.401405e-01 2.463239e-01 2.833987e-01 1.757692e+00
2.398833e+00 1.374115e-01 2.433986e-01 2.795081e-01 1.771311e+00
2.454709e+00 1.346972e-01 2.405054e-01 2.756559e-01 1.785527e+00
2.511886e+00 1.319975e-01 2.376428e-01 2.718408e-01 1.800358e+00
2.570396e+00 1.293126e-01 2.348088e-01 2.680614e-01 1.815823e+00
2.630268e+00 1.266426e-01 2.320019e-01 2.643165e-01 1.831942e+00
2.691535e+00 1.239877e-01 2.292203e-01 2.606049e-01 1.848734e+00
2.754229e+00 1.213484e-01 2.264625e-01 2.569254e-01 1.866218e+00
2.818383e+00 1.187249e-01 2.237268e-01 2.532771e-01 1.884414e+00
2.884032e+00 1.161178e-01 2.210118e-01 2.496589e-01 1.903342e+00
2.951209e+00 1.135276e-01 2.183161e-01 2.460700e-01 1.923022e+00
3.019952e+00 1.109550e-01 2.156382e-01 2.425095e-01 1.943475e+00
3.090295e+00 1.084006e-01 2.129769e-01 2.389766e-01 1.964720e+00
3.162278e+00 1.058652e-01 2.103308e-01 2.354708e-01 1.986779e+00
3.235937e+00 1.033496e-01 2.076989e-01 2.319913e-01 2.009673e+00
3.311311e+00 1.008546e-01 2.050800e-01 2.285377e-01 2.033423e+00
3.388442e+00 9.838115e-02 2.024732e-01 2.251095e-01 2.058049e+00
3.467369e+00 9.593018e-02 1.998777e-01 2.217063e-01 2.083574e+00
3.548134e+00 9.350265e-02 1.972924e-01 2.183279e-01 2.110020e+00
3.630781e+00 9.109955e-02 1.947169e-01 2.149739e-01 2.137408e+00
3.715352e+00 8.872189e-02 1.921504e-01 2.116444e-01 2.165761e+00
3.801894e+00 8.637070e-02 1.895924e-01 2.083391e-01 2.195101e+00
3.890451e+00 8.404699e-02 1.870425e-01 2.050580e-01 2.225452e+00
3.981072e+00 8.175180e-02 1.845004e-01 2.018012e-01 2.256836e+00
4.073803e+00 7.948614e-02 1.819658e-01 1.985688e-01 2.289277e+00
4.168694e+00 7.725101e-02 1.794385e-01 1.953610e-01 2.322798e+00
4.265795e+00 7.504739e-02 1.769186e-01 1.921778e-01 2.357425e+00
4.365158e+00 7.287624e-02 1.744060e-01 1.890196e-01 2.393181e+00
4.466836e+00 7.073846e-02 1.719009e-01 1.858866e-01 2.430091e+00
4.570882e+00 6.863493e-02 1.694034e-01 1.827793e-01 2.468181e+00
4.677351e+00 6.656649e-02 1.669138e-01 1.796979e-01 2.507476e+00
4.786301e+00 6.453392e-02 1.644325e-01 1.766428e-01 2.548001e+00
4.897788e+00 6.253795e-02 1.619599e-01 1.736145e-01 2.589785e+00
5.011872e+00 6.057926e-02 1.594963e-01 1.706134e-01 2.632853e+00
5.128614e+00 5.865846e-02 1.570424e-01 1.676399e-01 2.677233e+00
5.248075e+00 5.677609e-02 1.545987e-01 1.646945e-01 2.722954e+00
5.370318e+00 5.493265e-02 1.521658e-01 1.617777e-01 2.770042e+00
5.495409e+00 5.312855e-02 1.497443e-01 1.588899e-01 2.818528e+00
5.623413e+00 5.136414e-02 1.473350e-01 1.560317e-01 2.868441e+00
5.754399e+00 4.963971e-02 1.449386e-01 1.532035e-01 2.919812e+00
5.888437e+00 4.795547e-02 1.425558e-01 1.504057e-01 2.972669e+00
6.025596e+00 4.631156e-02 1.401873e-01 1.476388e-01 3.027046e+00
6.165950e+00 4.470807e-02 1.378338e-01 1.449033e-01 3.082975e+00
6.309573e+00 4.314500e-02 1.354963e-01 1.421996e-01 3.140487e+00
6.456542e+00 4.162230e-02 1.331754e-01 1.395281e-01 3.199616e+00
6.606934e+00 4.013985e-02 1.308718e-01 1.368891e-01 3.260396e+00
6.760830e+00 3.869747e-02 1.285864e-01 1.342831e-01 3.322863e+00
6.918310e+00 3.729494e-02 1.263198e-01 1.317103e-01 3.387050e+00
7.079458e+00 3.593194e-02 1.240729e-01 1.291711e-01 3.452996e+00
7.244360e+00 3.460815e-02 1.218462e-01 1.266658e-01 3.520737e+00
7.413102e+00 3.332316e-02 1.196405e-01 1.241945e-01 3.590311e+00
7.585776e+00 3.207652e-02 1.174564e-01 1.217576e-01 3.661758e+00
7.762471e+00 3.086776e-02 1.152946e-01 1.193552e-01 3.735115e+00
7.943282e+00 2.969634e-02 1.131557e-01 1.169875e-01 3.810425e+00
8.128305e+00 2.856169e-02 1.110401e-01 1.146546e-01 3.887730e+00
8.317638e+00 2.746323e-02 1.089485e-01 1.123566e-01 3.967070e+00
8.511380e+00 2.640031e-02 1.068814e-01 1.100936e-01 4.048491e+00
8.709636e+00 2.537228e-02 1.048392e-01 1.078657e-01 4.132036e+00
8.912509e+00 2.437846e-02 1.028223e-01 1.056728e-01 4.217752e+00
9.120108e+00 2.341814e-02 1.008311e-01 1.035148e-01 4.305684e+00
9.332543e+00 2.249060e-02 9.886603e-02 1.013919e-01 4.395882e+00
9.549926e+00 2.159511e-02 9.692734e-02 9.930386e-02 4.488393e+00
9.772372e+00 2.073091e-02 9.501533e-02 9.725062e-02 4.583268e+00
1.000000e+01 1.989725e-02 9.313025e-02 9.523205e-02 4.680558e+00
