1.000000e-06 2.250006e+01 5.259669e-02 2.250012e+01 2.337625e-03
1.023293e-06 2.250002e+01 5.382123e-02 2.250009e+01 2.392052e-03
1.047129e-06 2.249999e+01 5.507424e-02 2.250005e+01 2.447745e-03
1.071519e-06 2.249995e+01 5.635639e-02 2.250002e+01 2.504734e-03
1.096478e-06 2.249991e+01 5.766836e-02 2.249998e+01 2.563049e-03
1.122018e-06 2.249987e+01 5.901084e-02 2.249995e+01 2.622719e-03
1.148154e-06 2.249982e+01 6.038453e-02 2.249991e+01 2.683778e-03
1.174898e-06 2.249978e+01 6.179015e-02 2.249986e+01 2.746256e-03
1.202264e-06 2.249973e+01 6.322845e-02 2.249982e+01 2.810187e-03
1.230269e-06 2.249968e+01 6.470019e-02 2.249978e+01 2.875605e-03
1.258925e-06 2.249963e+01 6.620613e-02 2.249973e+01 2.942543e-03
1.288250e-06 2.249958e+01 6.774707e-02 2.249968e+01 3.011038e-03
1.318257e-06 2.249952e+01 6.932381e-02 2.249963e+01 3.081124e-03
1.348963e-06 2.249946e+01 7.093720e-02 2.249957e+01 3.152840e-03
1.380384e-06 2.249940e+01 7.258806e-02 2.249951e+01 3.226223e-03
1.412538e-06 2.249933e+01 7.427727e-02 2.249945e+01 3.301310e-03
1.445440e-06 2.249926e+01 7.600572e-02 2.249939e+01 3.378143e-03
1.479108e-06 2.249919e+01 7.777430e-02 2.249932e+01 3.456760e-03
1.513561e-06 2.249911e+01 7.958395e-02 2.249926e+01 3.537204e-03
1.548817e-06 2.249904e+01 8.143561e-02 2.249918e+01 3.619516e-03
1.584893e-06 2.249895e+01 8.333026e-02 2.249911e+01 3.703739e-03
1.621810e-06 2.249887e+01 8.526888e-02 2.249903e+01 3.789919e-03
1.659587e-06 2.249878e+01 8.725248e-02 2.249895e+01 3.878099e-03
1.698244e-06 2.249868e+01 8.928211e-02 2.249886e+01 3.968326e-03
1.737801e-06 2.249858e+01 9.135881e-02 2.249877e+01 4.060647e-03
1.778279e-06 2.249848e+01 9.348368e-02 2.249867e+01 4.155111e-03
1.819701e-06 2.249837e+01 9.565781e-02 2.249857e+01 4.251766e-03
1.862087e-06 2.249826e+01 9.788235e-02 2.249847e+01 4.350664e-03
1.905461e-06 2.249814e+01 1.001584e-01 2.249836e+01 4.451855e-03
1.949845e-06 2.249801e+01 1.024873e-01 2.249824e+01 4.555393e-03
1.995262e-06 2.249788e+01 1.048701e-01 2.249812e+01 4.661331e-03
2.041738e-06 2.249774e+01 1.073080e-01 2.249800e+01 4.769724e-03
2.089296e-06 2.249760e+01 1.098024e-01 2.249787e+01 4.880629e-03
2.137962e-06 2.249745e+01 1.123546e-01 2.249773e+01 4.994103e-03
2.187762e-06 2.249729e+01 1.149658e-01 2.249759e+01 5.110206e-03
2.238721e-06 2.249713e+01 1.176374e-01 2.249744e+01 5.228997e-03
2.290868e-06 2.249696e+01 1.203708e-01 2.249728e+01 5.350537e-03
2.344229e-06 2.249678e+01 1.231674e-01 2.249711e+01 5.474890e-03
2.398833e-06 2.249659e+01 1.260286e-01 2.249694e+01 5.602120e-03
2.454709e-06 2.249639e+01 1.289559e-01 2.249676e+01 5.732293e-03
2.511886e-06 2.249618e+01 1.319508e-01 2.249657e+01 5.865475e-03
2.570396e-06 2.249597e+01 1.350148e-01 2.249637e+01 6.001734e-03
2.630268e-06 2.249574e+01 1.381495e-01 2.249616e+01 6.141142e-03
2.691535e-06 2.249550e+01 1.413565e-01 2.249595e+01 6.283769e-03
2.754229e-06 2.249525e+01 1.446375e-01 2.249572e+01 6.429688e-03
2.818383e-06 2.249499e+01 1.479940e-01 2.249548e+01 6.578975e-03
2.884032e-06 2.249472e+01 1.514278e-01 2.249523e+01 6.731704e-03
2.951209e-06 2.249444e+01 1.549406e-01 2.249497e+01 6.887954e-03
3.019952e-06 2.249414e+01 1.585343e-01 2.249470e+01 7.047805e-03
3.090295e-06 2.249382e+01 1.622105e-01 2.249441e+01 7.211336e-03
3.162278e-06 2.249350e+01 1.659712e-01 2.249411e+01 7.378632e-03
3.235937e-06 2.249315e+01 1.698183e-01 2.249380e+01 7.549776e-03
3.311311e-06 2.249280e+01 1.737536e-01 2.249347e+01 7.724855e-03
3.388442e-06 2.249242e+01 1.777791e-01 2.249312e+01 7.903957e-03
3.467369e-06 2.249203e+01 1.818969e-01 2.249276e+01 8.087171e-03
3.548134e-06 2.249162e+01 1.861089e-01 2.249239e+01 8.274589e-03
3.630781e-06 2.249119e+01 1.904172e-01 2.249199e+01 8.466305e-03
3.715352e-06 2.249073e+01 1.948240e-01 2.249158e+01 8.662413e-03
3.801894e-06 2.249026e+01 1.993315e-01 2.249115e+01 8.863012e-03
3.890451e-06 2.248977e+01 2.039417e-01 2.249069e+01 9.068199e-03
3.981072e-06 2.248925e+01 2.086570e-01 2.249022e+01 9.278076e-03
4.073803e-06 2.248871e+01 2.134796e-01 2.248972e+01 9.492746e-03
4.168694e-06 2.248815e+01 2.184119e-01 2.248921e+01 9.712314e-03
4.265795e-06 2.248755e+01 2.234562e-01 2.248866e+01 9.936886e-03
4.365158e-06 2.248693e+01 2.286150e-01 2.248809e+01 1.016657e-02
4.466836e-06 2.248628e+01 2.338906e-01 2.248750e+01 1.040148e-02
4.570882e-06 2.248560e+01 2.392857e-01 2.248688e+01 1.064173e-02
4.677351e-06 2.248489e+01 2.448026e-01 2.248623e+01 1.088743e-02
4.786301e-06 2.248415e+01 2.504440e-01 2.248554e+01 1.113869e-02
4.897788e-06 2.248337e+01 2.562125e-01 2.248483e+01 1.139565e-02
5.011872e-06 2.248256e+01 2.621108e-01 2.248408e+01 1.165841e-02
5.128614e-06 2.248170e+01 2.681415e-01 2.248330e+01 1.192710e-02
5.248075e-06 2.248081e+01 2.743074e-01 2.248248e+01 1.220185e-02
5.370318e-06 2.247988e+01 2.806113e-01 2.248163e+01 1.248278e-02
5.495409e-06 2.247890e+01 2.870560e-01 2.248073e+01 1.277002e-02
5.623413e-06 2.247788e+01 2.936444e-01 2.247980e+01 1.306371e-02
5.754399e-06 2.247681e+01 3.003793e-01 2.247882e+01 1.336396e-02
5.888437e-06 2.247569e+01 3.072636e-01 2.247779e+01 1.367093e-02
6.025596e-06 2.247452e+01 3.143004e-01 2.247672e+01 1.398474e-02
6.165950e-06 2.247330e+01 3.214927e-01 2.247560e+01 1.430554e-02
6.309573e-06 2.247202e+01 3.288433e-01 2.247442e+01 1.463346e-02
6.456542e-06 2.247068e+01 3.363556e-01 2.247319e+01 1.496864e-02
6.606934e-06 2.246928e+01 3.440324e-01 2.247191e+01 1.531124e-02
6.760830e-06 2.246781e+01 3.518770e-01 2.247057e+01 1.566138e-02
6.918310e-06 2.246628e+01 3.598924e-01 2.246916e+01 1.601923e-02
7.079458e-06 2.246468e+01 3.680819e-01 2.246769e+01 1.638492e-02
7.244360e-06 2.246300e+01 3.764485e-01 2.246615e+01 1.675860e-02
7.413102e-06 2.246125e+01 3.849956e-01 2.246455e+01 1.714044e-02
7.585776e-06 2.245942e+01 3.937263e-01 2.246287e+01 1.753057e-02
7.762471e-06 2.245750e+01 4.026438e-01 2.246111e+01 1.792914e-02
7.943282e-06 2.245550e+01 4.117513e-01 2.245927e+01 1.833632e-02
8.128305e-06 2.245340e+01 4.210521e-01 2.245735e+01 1.875226e-02
8.317638e-06 2.245122e+01 4.305493e-01 2.245534e+01 1.917710e-02
8.511380e-06 2.244893e+01 4.402462e-01 2.245325e+01 1.961101e-02
8.709636e-06 2.244654e+01 4.501459e-01 2.245105e+01 2.005414e-02
8.912509e-06 2.244404e+01 4.602517e-01 2.244876e+01 2.050663e-02
9.120108e-06 2.244143e+01 4.705666e-01 2.244636e+01 2.096865e-02
9.332543e-06 2.243871e+01 4.810937e-01 2.244386e+01 2.144035e-02
9.549926e-06 2.243586e+01 4.918361e-01 2.244125e+01 2.192188e-02
9.772372e-06 2.243288e+01 5.027968e-01 2.243851e+01 2.241339e-02
1.000000e-05 2.242977e+01 5.139788e-01 2.243566e+01 2.291503e-02
1.023293e-05 2.242653e+01 5.253849e-01 2.243268e+01 2.342694e-02
1.047129e-05 2.242314e+01 5.370180e-01 2.242957e+01 2.394928e-02
1.071519e-05 2.241960e+01 5.488807e-01 2.242632e+01 2.448218e-02
1.096478e-05 2.241591e+01 5.609757e-01 2.242292e+01 2.502579e-02
1.122018e-05 2.241205e+01 5.733055e-01 2.241938e+01 2.558023e-02
1.148154e-05 2.240803e+01 5.858724e-01 2.241568e+01 2.614565e-02
1.174898e-05 2.240383e+01 5.986788e-01 2.241182e+01 2.672217e-02
1.202264e-05 2.239944e+01 6.117268e-01 2.240780e+01 2.730991e-02
1.230269e-05 2.239487e+01 6.250183e-01 2.240359e+01 2.790899e-02
1.258925e-05 2.239011e+01 6.385551e-01 2.239921e+01 2.851952e-02
1.288250e-05 2.238514e+01 6.523388e-01 2.239464e+01 2.914160e-02
1.318257e-05 2.237995e+01 6.663708e-01 2.238987e+01 2.977534e-02
1.348963e-05 2.237455e+01 6.806522e-01 2.238490e+01 3.042082e-02
1.380384e-05 2.236892e+01 6.951841e-01 2.237972e+01 3.107812e-02
1.412538e-05 2.236305e+01 7.099670e-01 2.237432e+01 3.174732e-02
1.445440e-05 2.235694e+01 7.250015e-01 2.236869e+01 3.242847e-02
1.479108e-05 2.235058e+01 7.402875e-01 2.236283e+01 3.312163e-02
1.513561e-05 2.234395e+01 7.558250e-01 2.235673e+01 3.382683e-02
1.548817e-05 2.233705e+01 7.716134e-01 2.235037e+01 3.454411e-02
1.584893e-05 2.232987e+01 7.876518e-01 2.234375e+01 3.527347e-02
1.621810e-05 2.232240e+01 8.039391e-01 2.233687e+01 3.601491e-02
1.659587e-05 2.231462e+01 8.204735e-01 2.232970e+01 3.676842e-02
1.698244e-05 2.230654e+01 8.372531e-01 2.232225e+01 3.753397e-02
1.737801e-05 2.229814e+01 8.542754e-01 2.231450e+01 3.831151e-02
1.778279e-05 2.228941e+01 8.715375e-01 2.230644e+01 3.910097e-02
1.819701e-05 2.228034e+01 8.890359e-01 2.229807e+01 3.990227e-02
1.862087e-05 2.227091e+01 9.067669e-01 2.228937e+01 4.071530e-02
1.905461e-05 2.226113e+01 9.247261e-01 2.228033e+01 4.153994e-02
1.949845e-05 2.225098e+01 9.429085e-01 2.227095e+01 4.237604e-02
1.995262e-05 2.224045e+01 9.613087e-01 2.226121e+01 4.322344e-02
2.041738e-05 2.222953e+01 9.799207e-01 2.225111e+01 4.408194e-02
2.089296e-05 2.221820e+01 9.987378e-01 2.224064e+01 4.495133e-02
2.137962e-05 2.220647e+01 1.017753e+00 2.222978e+01 4.583137e-02
2.187762e-05 2.219432e+01 1.036958e+00 2.221853e+01 4.672179e-02
2.238721e-05 2.218174e+01 1.056346e+00 2.220688e+01 4.762231e-02
2.290868e-05 2.216872e+01 1.075906e+00 2.219481e+01 4.853260e-02
2.344229e-05 2.215525e+01 1.095629e+00 2.218233e+01 4.945233e-02
2.398833e-05 2.214133e+01 1.115505e+00 2.216941e+01 5.038113e-02
2.454709e-05 2.212694e+01 1.135523e+00 2.215606e+01 5.131858e-02
2.511886e-05 2.211209e+01 1.155672e+00 2.214227e+01 5.226428e-02
2.570396e-05 2.209675e+01 1.175940e+00 2.212802e+01 5.321776e-02
2.630268e-05 2.208093e+01 1.196313e+00 2.211331e+01 5.417855e-02
2.691535e-05 2.206461e+01 1.216778e+00 2.209814e+01 5.514614e-02
2.754229e-05 2.204780e+01 1.237322e+00 2.208249e+01 5.611999e-02
2.818383e-05 2.203049e+01 1.257931e+00 2.206637e+01 5.709955e-02
2.884032e-05 2.201267e+01 1.278589e+00 2.204977e+01 5.808423e-02
2.951209e-05 2.199434e+01 1.299281e+00 2.203268e+01 5.907342e-02
3.019952e-05 2.197550e+01 1.319991e+00 2.201511e+01 6.006650e-02
3.090295e-05 2.195615e+01 1.340704e+00 2.199704e+01 6.106281e-02
3.162278e-05 2.193628e+01 1.361403e+00 2.197849e+01 6.206168e-02
3.235937e-05 2.191590e+01 1.382070e+00 2.195944e+01 6.306243e-02
3.311311e-05 2.189501e+01 1.402690e+00 2.193990e+01 6.406436e-02
3.388442e-05 2.187361e+01 1.423245e+00 2.191987e+01 6.506675e-02
3.467369e-05 2.185171e+01 1.443718e+00 2.189935e+01 6.606889e-02
3.548134e-05 2.182930e+01 1.464092e+00 2.187835e+01 6.707004e-02
3.630781e-05 2.180640e+01 1.484350e+00 2.185686e+01 6.806947e-02
3.715352e-05 2.178302e+01 1.504476e+00 2.183491e+01 6.906646e-02
3.801894e-05 2.175915e+01 1.524452e+00 2.181249e+01 7.006028e-02
3.890451e-05 2.173482e+01 1.544264e+00 2.178961e+01 7.105021e-02
3.981072e-05 2.171003e+01 1.563894e+00 2.176629e+01 7.203555e-02
4.073803e-05 2.168479e+01 1.583328e+00 2.174252e+01 7.301560e-02
4.168694e-05 2.165913e+01 1.602552e+00 2.171833e+01 7.398971e-02
4.265795e-05 2.163304e+01 1.621552e+00 2.169373e+01 7.495722e-02
4.365158e-05 2.160655e+01 1.640315e+00 2.166872e+01 7.591752e-02
4.466836e-05 2.157967e+01 1.658830e+00 2.164333e+01 7.687003e-02
4.570882e-05 2.155242e+01 1.677084e+00 2.161757e+01 7.781420e-02
4.677351e-05 2.152482e+01 1.695070e+00 2.159146e+01 7.874954e-02
4.786301e-05 2.149689e+01 1.712777e+00 2.156501e+01 7.967559e-02
4.897788e-05 2.146865e+01 1.730200e+00 2.153825e+01 8.059195e-02
5.011872e-05 2.144011e+01 1.747331e+00 2.151119e+01 8.149825e-02
5.128614e-05 2.141130e+01 1.764167e+00 2.148386e+01 8.239422e-02
5.248075e-05 2.138224e+01 1.780705e+00 2.145626e+01 8.327961e-02
5.370318e-05 2.135296e+01 1.796942e+00 2.142843e+01 8.415425e-02
5.495409e-05 2.132346e+01 1.812879e+00 2.140039e+01 8.501804e-02
5.623413e-05 2.129379e+01 1.828518e+00 2.137215e+01 8.587094e-02
5.754399e-05 2.126395e+01 1.843861e+00 2.134374e+01 8.671298e-02
5.888437e-05 2.123397e+01 1.858912e+00 2.131518e+01 8.754427e-02
6.025596e-05 2.120387e+01 1.873680e+00 2.128650e+01 8.836497e-02
6.165950e-05 2.117368e+01 1.888170e+00 2.125770e+01 8.917533e-02
6.309573e-05 2.114341e+01 1.902392e+00 2.122882e+01 8.997568e-02
6.456542e-05 2.111308e+01 1.916358e+00 2.119987e+01 9.076639e-02
6.606934e-05 2.108271e+01 1.930079e+00 2.117088e+01 9.154792e-02
6.760830e-05 2.105233e+01 1.943568e+00 2.114186e+01 9.232080e-02
6.918310e-05 2.102194e+01 1.956841e+00 2.111283e+01 9.308562e-02
7.079458e-05 2.099158e+01 1.969913e+00 2.108380e+01 9.384302e-02
7.244360e-05 2.096124e+01 1.982802e+00 2.105481e+01 9.459373e-02
7.413102e-05 2.093094e+01 1.995525e+00 2.102585e+01 9.533851e-02
7.585776e-05 2.090071e+01 2.008102e+00 2.099695e+01 9.607819e-02
7.762471e-05 2.087054e+01 2.020553e+00 2.096812e+01 9.681363e-02
7.943282e-05 2.084046e+01 2.032898e+00 2.093938e+01 9.754575e-02
8.128305e-05 2.081046e+01 2.045159e+00 2.091072e+01 9.827550e-02
8.317638e-05 2.078056e+01 2.057357e+00 2.088216e+01 9.900388e-02
8.511380e-05 2.075077e+01 2.069514e+00 2.085371e+01 9.973191e-02
8.709636e-05 2.072108e+01 2.081653e+00 2.082538e+01 1.004606e-01
8.912509e-05 2.069150e+01 2.093795e+00 2.079717e+01 1.011911e-01
9.120108e-05 2.066203e+01 2.105965e+00 2.076908e+01 1.019244e-01
9.332543e-05 2.063267e+01 2.118184e+00 2.074112e+01 1.026616e-01
9.549926e-05 2.060343e+01 2.130474e+00 2.071328e+01 1.034039e-01
9.772372e-05 2.057429e+01 2.142857e+00 2.068558e+01 1.041522e-01
1.000000e-04 2.054525e+01 2.155355e+00 2.065800e+01 1.049077e-01
1.023293e-04 2.051631e+01 2.167989e+00 2.063054e+01 1.056715e-01
1.047129e-04 2.048746e+01 2.180780e+00 2.060320e+01 1.064446e-01
1.071519e-04 2.045869e+01 2.193747e+00 2.057597e+01 1.072281e-01
1.096478e-04 2.043000e+01 2.206910e+00 2.054885e+01 1.080230e-01
1.122018e-04 2.040137e+01 2.220286e+00 2.052184e+01 1.088302e-01
1.148154e-04 2.037280e+01 2.233894e+00 2.049491e+01 1.096508e-01
1.174898e-04 2.034426e+01 2.247750e+00 2.046806e+01 1.104857e-01
1.202264e-04 2.031576e+01 2.261868e+00 2.044128e+01 1.113357e-01
1.230269e-04 2.028727e+01 2.276265e+00 2.041457e+01 1.122017e-01
1.258925e-04 2.025878e+01 2.290953e+00 2.038790e+01 1.130845e-01
1.288250e-04 2.023028e+01 2.305945e+00 2.036127e+01 1.139849e-01
1.318257e-04 2.020175e+01 2.321252e+00 2.033467e+01 1.149035e-01
1.348963e-04 2.017317e+01 2.336884e+00 2.030807e+01 1.158412e-01
1.380384e-04 2.014454e+01 2.352851e+00 2.028148e+01 1.167984e-01
1.412538e-04 2.011583e+01 2.369160e+00 2.025487e+01 1.177759e-01
1.445440e-04 2.008704e+01 2.385818e+00 2.022823e+01 1.187740e-01
1.479108e-04 2.005813e+01 2.402831e+00 2.020154e+01 1.197934e-01
1.513561e-04 2.002911e+01 2.420205e+00 2.017480e+01 1.208344e-01
1.548817e-04 1.999995e+01 2.437942e+00 2.014799e+01 1.218974e-01
1.584893e-04 1.997064e+01 2.456046e+00 2.012110e+01 1.229828e-01
1.621810e-04 1.994117e+01 2.474518e+00 2.009412e+01 1.240909e-01
1.659587e-04 1.991152e+01 2.493360e+00 2.006702e+01 1.252220e-01
1.698244e-04 1.988167e+01 2.512572e+00 2.003981e+01 1.263763e-01
1.737801e-04 1.985162e+01 2.532154e+00 2.001246e+01 1.275540e-01
1.778279e-04 1.982135e+01 2.552104e+00 1.998498e+01 1.287553e-01
1.819701e-04 1.979086e+01 2.572421e+00 1.995734e+01 1.299803e-01
1.862087e-04 1.976012e+01 2.593103e+00 1.992954e+01 1.312291e-01
1.905461e-04 1.972914e+01 2.614147e+00 1.990157e+01 1.325018e-01
1.949845e-04 1.969790e+01 2.635551e+00 1.987343e+01 1.337986e-01
1.995262e-04 1.966639e+01 2.657310e+00 1.984510e+01 1.351194e-01
2.041738e-04 1.963461e+01 2.679423e+00 1.981659e+01 1.364643e-01
2.089296e-04 1.960255e+01 2.701886e+00 1.978787e+01 1.378334e-01
2.137962e-04 1.957020e+01 2.724696e+00 1.975896e+01 1.392268e-01
2.187762e-04 1.953756e+01 2.747850e+00 1.972985e+01 1.406445e-01
2.238721e-04 1.950463e+01 2.771346e+00 1.970053e+01 1.420865e-01
2.290868e-04 1.947140e+01 2.795180e+00 1.967101e+01 1.435531e-01
2.344229e-04 1.943788e+01 2.819353e+00 1.964128e+01 1.450443e-01
2.398833e-04 1.940405e+01 2.843862e+00 1.961134e+01 1.465602e-01
2.454709e-04 1.936992e+01 2.868706e+00 1.958120e+01 1.481011e-01
2.511886e-04 1.933549e+01 2.893887e+00 1.955085e+01 1.496672e-01
2.570396e-04 1.930075e+01 2.919406e+00 1.952030e+01 1.512587e-01
2.630268e-04 1.926571e+01 2.945263e+00 1.948954e+01 1.528759e-01
2.691535e-04 1.923038e+01 2.971463e+00 1.945860e+01 1.545193e-01
2.754229e-04 1.919474e+01 2.998009e+00 1.942745e+01 1.561891e-01
2.818383e-04 1.915880e+01 3.024906e+00 1.939612e+01 1.578860e-01
2.884032e-04 1.912256e+01 3.052160e+00 1.936461e+01 1.596104e-01
2.951209e-04 1.908603e+01 3.079779e+00 1.933291e+01 1.613630e-01
3.019952e-04 1.904919e+01 3.107770e+00 1.930104e+01 1.631444e-01
3.090295e-04 1.901206e+01 3.136142e+00 1.926899e+01 1.649554e-01
3.162278e-04 1.897463e+01 3.164907e+00 1.923677e+01 1.667967e-01
3.235937e-04 1.893691e+01 3.194076e+00 1.920439e+01 1.686694e-01
3.311311e-04 1.889888e+01 3.223661e+00 1.917184e+01 1.705742e-01
3.388442e-04 1.886055e+01 3.253676e+00 1.913914e+01 1.725123e-01
3.467369e-04 1.882191e+01 3.284136e+00 1.910627e+01 1.744847e-01
3.548134e-04 1.878296e+01 3.315055e+00 1.907325e+01 1.764927e-01
3.630781e-04 1.874369e+01 3.346450e+00 1.904008e+01 1.785375e-01
3.715352e-04 1.870409e+01 3.378338e+00 1.900674e+01 1.806203e-01
3.801894e-04 1.866416e+01 3.410736e+00 1.897324e+01 1.827425e-01
3.890451e-04 1.862388e+01 3.443662e+00 1.893958e+01 1.849057e-01
3.981072e-04 1.858325e+01 3.477134e+00 1.890575e+01 1.871112e-01
4.073803e-04 1.854224e+01 3.511171e+00 1.887175e+01 1.893607e-01
4.168694e-04 1.850085e+01 3.545792e+00 1.883757e+01 1.916556e-01
4.265795e-04 1.845905e+01 3.581016e+00 1.880320e+01 1.939978e-01
4.365158e-04 1.841684e+01 3.616860e+00 1.876863e+01 1.963888e-01
4.466836e-04 1.837417e+01 3.653343e+00 1.873385e+01 1.988303e-01
4.570882e-04 1.833105e+01 3.690484e+00 1.869885e+01 2.013242e-01
4.677351e-04 1.828743e+01 3.728298e+00 1.866360e+01 2.038722e-01
4.786301e-04 1.824329e+01 3.766804e+00 1.862811e+01 2.064761e-01
4.897788e-04 1.819860e+01 3.806015e+00 1.859234e+01 2.091377e-01
5.011872e-04 1.815335e+01 3.845948e+00 1.855627e+01 2.118589e-01
5.128614e-04 1.810748e+01 3.886615e+00 1.851989e+01 2.146414e-01
5.248075e-04 1.806097e+01 3.928028e+00 1.848318e+01 2.174872e-01
5.370318e-04 1.801378e+01 3.970199e+00 1.844610e+01 2.203979e-01
5.495409e-04 1.796587e+01 4.013135e+00 1.840864e+01 2.233755e-01
5.623413e-04 1.791722e+01 4.056845e+00 1.837075e+01 2.264216e-01
5.754399e-04 1.786776e+01 4.101334e+00 1.833243e+01 2.295382e-01
5.888437e-04 1.781748e+01 4.146605e+00 1.829363e+01 2.327268e-01
6.025596e-04 1.776631e+01 4.192659e+00 1.825432e+01 2.359893e-01
6.165950e-04 1.771422e+01 4.239495e+00 1.821447e+01 2.393272e-01
6.309573e-04 1.766116e+01 4.287110e+00 1.817405e+01 2.427422e-01
6.456542e-04 1.760709e+01 4.335497e+00 1.813301e+01 2.462359e-01
6.606934e-04 1.755195e+01 4.384648e+00 1.809133e+01 2.498097e-01
6.760830e-04 1.749571e+01 4.434552e+00 1.804896e+01 2.534651e-01
6.918310e-04 1.743831e+01 4.485195e+00 1.800587e+01 2.572036e-01
7.079458e-04 1.737970e+01 4.536559e+00 1.796202e+01 2.610263e-01
7.244360e-04 1.731983e+01 4.588624e+00 1.791737e+01 2.649347e-01
7.413102e-04 1.725866e+01 4.641368e+00 1.787187e+01 2.689298e-01
7.585776e-04 1.719614e+01 4.694765e+00 1.782549e+01 2.730127e-01
7.762471e-04 1.713222e+01 4.748785e+00 1.777819e+01 2.771845e-01
7.943282e-04 1.706685e+01 4.803396e+00 1.772992e+01 2.814460e-01
8.128305e-04 1.699998e+01 4.858563e+00 1.768064e+01 2.857981e-01
8.317638e-04 1.693157e+01 4.914246e+00 1.763031e+01 2.902416e-01
8.511380e-04 1.686157e+01 4.970404e+00 1.757890e+01 2.947770e-01
8.709636e-04 1.678994e+01 5.026992e+00 1.752635e+01 2.994049e-01
8.912509e-04 1.671664e+01 5.083960e+00 1.747263e+01 3.041257e-01
9.120108e-04 1.664163e+01 5.141259e+00 1.741770e+01 3.089397e-01
9.332543e-04 1.656486e+01 5.198833e+00 1.736152e+01 3.138471e-01
9.549926e-04 1.648630e+01 5.256625e+00 1.730405e+01 3.188481e-01
9.772372e-04 1.640592e+01 5.314575e+00 1.724526e+01 3.239424e-01
1.000000e-03 1.632369e+01 5.372618e+00 1.718511e+01 3.291301e-01
1.023293e-03 1.623958e+01 5.430689e+00 1.712356e+01 3.344108e-01
1.047129e-03 1.615355e+01 5.488720e+00 1.706058e+01 3.397841e-01
1.071519e-03 1.606560e+01 5.546639e+00 1.699614e+01 3.452494e-01
1.096478e-03 1.597570e+01 5.604374e+00 1.693021e+01 3.508061e-01
1.122018e-03 1.588384e+01 5.661848e+00 1.686277e+01 3.564533e-01
1.148154e-03 1.579000e+01 5.718984e+00 1.679378e+01 3.621902e-01
1.174898e-03 1.569418e+01 5.775704e+00 1.672322e+01 3.680156e-01
1.202264e-03 1.559638e+01 5.831926e+00 1.665108e+01 3.739282e-01
1.230269e-03 1.549659e+01 5.887569e+00 1.657733e+01 3.799267e-01
1.258925e-03 1.539482e+01 5.942550e+00 1.650196e+01 3.860096e-01
1.288250e-03 1.529109e+01 5.996786e+00 1.642495e+01 3.921752e-01
1.318257e-03 1.518540e+01 6.050192e+00 1.634629e+01 3.984216e-01
1.348963e-03 1.507778e+01 6.102685e+00 1.626598e+01 4.047470e-01
1.380384e-03 1.496825e+01 6.154181e+00 1.618401e+01 4.111491e-01
1.412538e-03 1.485683e+01 6.204596e+00 1.610039e+01 4.176258e-01
1.445440e-03 1.474357e+01 6.253847e+00 1.601510e+01 4.241746e-01
1.479108e-03 1.462850e+01 6.301852e+00 1.592816e+01 4.307929e-01
1.513561e-03 1.451166e+01 6.348532e+00 1.583957e+01 4.374781e-01
1.548817e-03 1.439310e+01 6.393807e+00 1.574935e+01 4.442272e-01
1.584893e-03 1.427288e+01 6.437601e+00 1.565751e+01 4.510374e-01
1.621810e-03 1.415105e+01 6.479840e+00 1.556407e+01 4.579054e-01
1.659587e-03 1.402767e+01 6.520451e+00 1.546906e+01 4.648280e-01
1.698244e-03 1.390280e+01 6.559367e+00 1.537248e+01 4.718017e-01
1.737801e-03 1.377653e+01 6.596521e+00 1.527439e+01 4.788231e-01
1.778279e-03 1.364892e+01 6.631852e+00 1.517479e+01 4.858886e-01
1.819701e-03 1.352004e+01 6.665301e+00 1.507374e+01 4.929942e-01
1.862087e-03 1.338998e+01 6.696815e+00 1.497127e+01 5.001362e-01
1.905461e-03 1.325883e+01 6.726343e+00 1.486742e+01 5.073105e-01
1.949845e-03 1.312666e+01 6.753840e+00 1.476224e+01 5.145131e-01
1.995262e-03 1.299357e+01 6.779265e+00 1.465576e+01 5.217399e-01
2.041738e-03 1.285965e+01 6.802582e+00 1.454805e+01 5.289865e-01
2.089296e-03 1.272499e+01 6.823761e+00 1.443916e+01 5.362486e-01
2.137962e-03 1.258969e+01 6.842775e+00 1.432913e+01 5.435220e-01
2.187762e-03 1.245384e+01 6.859604e+00 1.421803e+01 5.508022e-01
2.238721e-03 1.231754e+01 6.874232e+00 1.410592e+01 5.580847e-01
2.290868e-03 1.218089e+01 6.886650e+00 1.399285e+01 5.653652e-01
2.344229e-03 1.204398e+01 6.896853e+00 1.387890e+01 5.726392e-01
2.398833e-03 1.190690e+01 6.904840e+00 1.376413e+01 5.799022e-01
2.454709e-03 1.176977e+01 6.910619e+00 1.364859e+01 5.871499e-01
2.511886e-03 1.163267e+01 6.914199e+00 1.353237e+01 5.943779e-01
2.570396e-03 1.149569e+01 6.915597e+00 1.341553e+01 6.015818e-01
2.630268e-03 1.135893e+01 6.914834e+00 1.329813e+01 6.087576e-01
2.691535e-03 1.122248e+01 6.911936e+00 1.318025e+01 6.159010e-01
2.754229e-03 1.108643e+01 6.906932e+00 1.306195e+01 6.230080e-01
2.818383e-03 1.095085e+01 6.899857e+00 1.294331e+01 6.300748e-01
2.884032e-03 1.081585e+01 6.890750e+00 1.282439e+01 6.370976e-01
2.951209e-03 1.068149e+01 6.879654e+00 1.270527e+01 6.440728e-01
3.019952e-03 1.054784e+01 6.866615e+00 1.258600e+01 6.509970e-01
3.090295e-03 1.041500e+01 6.851683e+00 1.246666e+01 6.578670e-01
3.162278e-03 1.028301e+01 6.834910e+00 1.234732e+01 6.646798e-01
3.235937e-03 1.015195e+01 6.816353e+00 1.222804e+01 6.714326e-01
3.311311e-03 1.002189e+01 6.796069e+00 1.210887e+01 6.781227e-01
3.388442e-03 9.892865e+00 6.774119e+00 1.198989e+01 6.847480e-01
3.467369e-03 9.764942e+00 6.750565e+00 1.187115e+01 6.913062e-01
3.548134e-03 9.638166e+00 6.725470e+00 1.175271e+01 6.977956e-01
3.630781e-03 9.512583e+00 6.698899e+00 1.163462e+01 7.042146e-01
3.715352e-03 9.388232e+00 6.670920e+00 1.151695e+01 7.105619e-01
3.801894e-03 9.265148e+00 6.641597e+00 1.139973e+01 7.168366e-01
3.890451e-03 9.143365e+00 6.610999e+00 1.128302e+01 7.230378e-01
3.981072e-03 9.022909e+00 6.579191e+00 1.116685e+01 7.291651e-01
4.073803e-03 8.903805e+00 6.546241e+00 1.105129e+01 7.352184e-01
4.168694e-03 8.786071e+00 6.512216e+00 1.093636e+01 7.411977e-01
4.265795e-03 8.669723e+00 6.477180e+00 1.082211e+01 7.471035e-01
4.365158e-03 8.554774e+00 6.441199e+00 1.070856e+01 7.529362e-01
4.466836e-03 8.441232e+00 6.404336e+00 1.059575e+01 7.586969e-01
4.570882e-03 8.329102e+00 6.366654e+00 1.048371e+01 7.643866e-01
4.677351e-03 8.218386e+00 6.328213e+00 1.037247e+01 7.700067e-01
4.786301e-03 8.109083e+00 6.289071e+00 1.026205e+01 7.755589e-01
4.897788e-03 8.001189e+00 6.249287e+00 1.015247e+01 7.810448e-01
5.011872e-03 7.894698e+00 6.208916e+00 1.004375e+01 7.864666e-01
5.128614e-03 7.789600e+00 6.168010e+00 9.935906e+00 7.918263e-01
5.248075e-03 7.685884e+00 6.126621e+00 9.828952e+00 7.971264e-01
5.370318e-03 7.583538e+00 6.084797e+00 9.722901e+00 8.023692e-01
5.495409e-03 7.482544e+00 6.042585e+00 9.617760e+00 8.075575e-01
5.623413e-03 7.382887e+00 6.000028e+00 9.513536e+00 8.126940e-01
5.754399e-03 7.284549e+00 5.957169e+00 9.410234e+00 8.177815e-01
5.888437e-03 7.187509e+00 5.914046e+00 9.307858e+00 8.228229e-01
6.025596e-03 7.091746e+00 5.870697e+00 9.206408e+00 8.278210e-01
6.165950e-03 6.997241e+00 5.827155e+00 9.105884e+00 8.327790e-01
6.309573e-03 6.903969e+00 5.783453e+00 9.006282e+00 8.376998e-01
6.456542e-03 6.811908e+00 5.739621e+00 8.907600e+00 8.425864e-01
6.606934e-03 6.721035e+00 5.695685e+00 8.809832e+00 8.474417e-01
6.760830e-03 6.631326e+00 5.651672e+00 8.712972e+00 8.522688e-01
6.918310e-03 6.542758e+00 5.607603e+00 8.617012e+00 8.570703e-01
7.079458e-03 6.455306e+00 5.563501e+00 8.521944e+00 8.618492e-01
7.244360e-03 6.368949e+00 5.519383e+00 8.427758e+00 8.666082e-01
7.413102e-03 6.283662e+00 5.475267e+00 8.334444e+00 8.713497e-01
7.585776e-03 6.199423e+00 5.431168e+00 8.241991e+00 8.760764e-01
7.762471e-03 6.116209e+00 5.387099e+00 8.150389e+00 8.807905e-01
7.943282e-03 6.034000e+00 5.343071e+00 8.059625e+00 8.854942e-01
8.128305e-03 5.952773e+00 5.299096e+00 7.969688e+00 8.901895e-01
8.317638e-03 5.872510e+00 5.255182e+00 7.880565e+00 8.948783e-01
8.511380e-03 5.793190e+00 5.211335e+00 7.792244e+00 8.995623e-01
8.709636e-03 5.714795e+00 5.167563e+00 7.704712e+00 9.042430e-01
8.912509e-03 5.637307e+00 5.123870e+00 7.617958e+00 9.089216e-01
9.120108e-03 5.560710e+00 5.080261e+00 7.531968e+00 9.135994e-01
9.332543e-03 5.484988e+00 5.036739e+00 7.446732e+00 9.182771e-01
9.549926e-03 5.410125e+00 4.993305e+00 7.362238e+00 9.229555e-01
9.772372e-03 5.336109e+00 4.949962e+00 7.278474e+00 9.276351e-01
1.000000e-02 5.262926e+00 4.906711e+00 7.195430e+00 9.323162e-01
1.023293e-02 5.190565e+00 4.863553e+00 7.113094e+00 9.369988e-01
1.047129e-02 5.119013e+00 4.820487e+00 7.031457e+00 9.416828e-01
1.071519e-02 5.048263e+00 4.777514e+00 6.950510e+00 9.463679e-01
1.096478e-02 4.978303e+00 4.734633e+00 6.870244e+00 9.510536e-01
1.122018e-02 4.909127e+00 4.691844e+00 6.790650e+00 9.557391e-01
1.148154e-02 4.840726e+00 4.649147e+00 6.711721e+00 9.604235e-01
1.174898e-02 4.773094e+00 4.606541e+00 6.633449e+00 9.651059e-01
1.202264e-02 4.706225e+00 4.564025e+00 6.555828e+00 9.697847e-01
1.230269e-02 4.640113e+00 4.521599e+00 6.478851e+00 9.744588e-01
1.258925e-02 4.574755e+00 4.479264e+00 6.402515e+00 9.791264e-01
1.288250e-02 4.510147e+00 4.437019e+00 6.326813e+00 9.837859e-01
1.318257e-02 4.446284e+00 4.394864e+00 6.251741e+00 9.884353e-01
1.348963e-02 4.383164e+00 4.352801e+00 6.177297e+00 9.930728e-01
1.380384e-02 4.320784e+00 4.310829e+00 6.103476e+00 9.976960e-01
1.412538e-02 4.259142e+00 4.268951e+00 6.030277e+00 1.002303e+00
1.445440e-02 4.198237e+00 4.227168e+00 5.957696e+00 1.006891e+00
1.479108e-02 4.138066e+00 4.185481e+00 5.885733e+00 1.011458e+00
1.513561e-02 4.078629e+00 4.143895e+00 5.814385e+00 1.016002e+00
1.548817e-02 4.019923e+00 4.102410e+00 5.743653e+00 1.020519e+00
1.584893e-02 3.961949e+00 4.061030e+00 5.673535e+00 1.025008e+00
1.621810e-02 3.904704e+00 4.019758e+00 5.604032e+00 1.029466e+00
1.659587e-02 3.848188e+00 3.978599e+00 5.535142e+00 1.033889e+00
1.698244e-02 3.792399e+00 3.937557e+00 5.466868e+00 1.038276e+00
1.737801e-02 3.737337e+00 3.896635e+00 5.399209e+00 1.042623e+00
1.778279e-02 3.683000e+00 3.855839e+00 5.332165e+00 1.046929e+00
1.819701e-02 3.629387e+00 3.815173e+00 5.265738e+00 1.051189e+00
1.862087e-02 3.576497e+00 3.774643e+00 5.199929e+00 1.055402e+00
1.905461e-02 3.524327e+00 3.734254e+00 5.134738e+00 1.059565e+00
1.949845e-02 3.472876e+00 3.694012e+00 5.070167e+00 1.063675e+00
1.995262e-02 3.422141e+00 3.653923e+00 5.006217e+00 1.067730e+00
2.041738e-02 3.372121e+00 3.613993e+00 4.942888e+00 1.071727e+00
2.089296e-02 3.322812e+00 3.574228e+00 4.880183e+00 1.075664e+00
2.137962e-02 3.274212e+00 3.534634e+00 4.818102e+00 1.079537e+00
2.187762e-02 3.226319e+00 3.495218e+00 4.756646e+00 1.083346e+00
2.238721e-02 3.179127e+00 3.455985e+00 4.695816e+00 1.087086e+00
2.290868e-02 3.132635e+00 3.416943e+00 4.635612e+00 1.090757e+00
2.344229e-02 3.086837e+00 3.378098e+00 4.576036e+00 1.094356e+00
2.398833e-02 3.041731e+00 3.339455e+00 4.517088e+00 1.097880e+00
2.454709e-02 2.997311e+00 3.301023e+00 4.458769e+00 1.101328e+00
2.511886e-02 2.953573e+00 3.262806e+00 4.401079e+00 1.104698e+00
2.570396e-02 2.910511e+00 3.224812e+00 4.344017e+00 1.107988e+00
2.630268e-02 2.868122e+00 3.187046e+00 4.287585e+00 1.111196e+00
2.691535e-02 2.826399e+00 3.149515e+00 4.231782e+00 1.114320e+00
2.754229e-02 2.785338e+00 3.112224e+00 4.176607e+00 1.117360e+00
2.818383e-02 2.744931e+00 3.075180e+00 4.122060e+00 1.120312e+00
2.884032e-02 2.705173e+00 3.038388e+00 4.068140e+00 1.123177e+00
2.951209e-02 2.666059e+00 3.001854e+00 4.014847e+00 1.125952e+00
3.019952e-02 2.627581e+00 2.965584e+00 3.962180e+00 1.128637e+00
3.090295e-02 2.589732e+00 2.929583e+00 3.910137e+00 1.131230e+00
3.162278e-02 2.552507e+00 2.893856e+00 3.858717e+00 1.133731e+00
3.235937e-02 2.515899e+00 2.858408e+00 3.807918e+00 1.136138e+00
3.311311e-02 2.479899e+00 2.823244e+00 3.757739e+00 1.138451e+00
3.388442e-02 2.444501e+00 2.788369e+00 3.708178e+00 1.140670e+00
3.467369e-02 2.409697e+00 2.753787e+00 3.659233e+00 1.142794e+00
3.548134e-02 2.375480e+00 2.719503e+00 3.610901e+00 1.144822e+00
3.630781e-02 2.341843e+00 2.685521e+00 3.563180e+00 1.146755e+00
3.715352e-02 2.308777e+00 2.651844e+00 3.516067e+00 1.148593e+00
3.801894e-02 2.276274e+00 2.618477e+00 3.469560e+00 1.150334e+00
3.890451e-02 2.244327e+00 2.585422e+00 3.423655e+00 1.151981e+00
3.981072e-02 2.212927e+00 2.552685e+00 3.378350e+00 1.153533e+00
4.073803e-02 2.182067e+00 2.520266e+00 3.333640e+00 1.154991e+00
4.168694e-02 2.151737e+00 2.488171e+00 3.289523e+00 1.156355e+00
4.265795e-02 2.121929e+00 2.456400e+00 3.245995e+00 1.157626e+00
4.365158e-02 2.092636e+00 2.424957e+00 3.203052e+00 1.158805e+00
4.466836e-02 2.063848e+00 2.393844e+00 3.160690e+00 1.159893e+00
4.570882e-02 2.035558e+00 2.363063e+00 3.118904e+00 1.160892e+00
4.677351e-02 2.007756e+00 2.332616e+00 3.077691e+00 1.161803e+00
4.786301e-02 1.980433e+00 2.302504e+00 3.037045e+00 1.162626e+00
4.897788e-02 1.953582e+00 2.272729e+00 2.996962e+00 1.163365e+00
5.011872e-02 1.927194e+00 2.243292e+00 2.957438e+00 1.164020e+00
5.128614e-02 1.901259e+00 2.214194e+00 2.918466e+00 1.164594e+00
5.248075e-02 1.875770e+00 2.185436e+00 2.880043e+00 1.165087e+00
5.370318e-02 1.850718e+00 2.157018e+00 2.842162e+00 1.165503e+00
5.495409e-02 1.826094e+00 2.128940e+00 2.804819e+00 1.165844e+00
5.623413e-02 1.801890e+00 2.101203e+00 2.768007e+00 1.166111e+00
5.754399e-02 1.778097e+00 2.073806e+00 2.731721e+00 1.166306e+00
5.888437e-02 1.754707e+00 2.046749e+00 2.695956e+00 1.166434e+00
6.025596e-02 1.731711e+00 2.020032e+00 2.660705e+00 1.166494e+00
6.165950e-02 1.709102e+00 1.993653e+00 2.625963e+00 1.166491e+00
6.309573e-02 1.686871e+00 1.967612e+00 2.591723e+00 1.166427e+00
6.456542e-02 1.665009e+00 1.941907e+00 2.557979e+00 1.166304e+00
6.606934e-02 1.643510e+00 1.916537e+00 2.524725e+00 1.166125e+00
6.760830e-02 1.622364e+00 1.891501e+00 2.491956e+00 1.165892e+00
6.918310e-02 1.601565e+00 1.866798e+00 2.459663e+00 1.165608e+00
7.079458e-02 1.581105e+00 1.842424e+00 2.427842e+00 1.165276e+00
7.244360e-02 1.560975e+00 1.818378e+00 2.396486e+00 1.164899e+00
7.413102e-02 1.541170e+00 1.794659e+00 2.365588e+00 1.164479e+00
7.585776e-02 1.521680e+00 1.771264e+00 2.335141e+00 1.164018e+00
7.762471e-02 1.502500e+00 1.748189e+00 2.305141e+00 1.163520e+00
7.943282e-02 1.483623e+00 1.725434e+00 2.275579e+00 1.162987e+00
8.128305e-02 1.465041e+00 1.702995e+00 2.246450e+00 1.162422e+00
8.317638e-02 1.446747e+00 1.680870e+00 2.217747e+00 1.161827e+00
8.511380e-02 1.428736e+00 1.659055e+00 2.189463e+00 1.161205e+00
8.709636e-02 1.411001e+00 1.637548e+00 2.161594e+00 1.160558e+00
8.912509e-02 1.393535e+00 1.616346e+00 2.134131e+00 1.159889e+00
9.120108e-02 1.376333e+00 1.595445e+00 2.107068e+00 1.159200e+00
9.332543e-02 1.359388e+00 1.574843e+00 2.080400e+00 1.158494e+00
9.549926e-02 1.342695e+00 1.554536e+00 2.054121e+00 1.157773e+00
9.772372e-02 1.326248e+00 1.534522e+00 2.028223e+00 1.157040e+00
1.000000e-01 1.310042e+00 1.514796e+00 2.002702e+00 1.156296e+00
1.023293e-01 1.294071e+00 1.495355e+00 1.977550e+00 1.155544e+00
1.047129e-01 1.278330e+00 1.476197e+00 1.952763e+00 1.154785e+00
1.071519e-01 1.262814e+00 1.457317e+00 1.928334e+00 1.154023e+00
1.096478e-01 1.247518e+00 1.438712e+00 1.904257e+00 1.153259e+00
1.122018e-01 1.232438e+00 1.420379e+00 1.880527e+00 1.152495e+00
1.148154e-01 1.217569e+00 1.402315e+00 1.857138e+00 1.151733e+00
1.174898e-01 1.202906e+00 1.384515e+00 1.834085e+00 1.150976e+00
1.202264e-01 1.188445e+00 1.366978e+00 1.811361e+00 1.150224e+00
1.230269e-01 1.174182e+00 1.349698e+00 1.788963e+00 1.149479e+00
1.258925e-01 1.160113e+00 1.332673e+00 1.766884e+00 1.148745e+00
1.288250e-01 1.146234e+00 1.315900e+00 1.745120e+00 1.148021e+00
1.318257e-01 1.132540e+00 1.299375e+00 1.723666e+00 1.147311e+00
1.348963e-01 1.119029e+00 1.283095e+00 1.702516e+00 1.146615e+00
1.380384e-01 1.105696e+00 1.267057e+00 1.681665e+00 1.145936e+00
1.412538e-01 1.092539e+00 1.251258e+00 1.661110e+00 1.145275e+00
1.445440e-01 1.079553e+00 1.235693e+00 1.640845e+00 1.144634e+00
1.479108e-01 1.066736e+00 1.220361e+00 1.620866e+00 1.144014e+00
1.513561e-01 1.054084e+00 1.205259e+00 1.601169e+00 1.143419e+00
1.548817e-01 1.041593e+00 1.190382e+00 1.581748e+00 1.142848e+00
1.584893e-01 1.029262e+00 1.175729e+00 1.562600e+00 1.142304e+00
1.621810e-01 1.017086e+00 1.161297e+00 1.543721e+00 1.141789e+00
1.659587e-01 1.005062e+00 1.147082e+00 1.525106e+00 1.141304e+00
1.698244e-01 9.931891e-01 1.133082e+00 1.506752e+00 1.140853e+00
1.737801e-01 9.814626e-01 1.119295e+00 1.488654e+00 1.140435e+00
1.778279e-01 9.698801e-01 1.105716e+00 1.470808e+00 1.140055e+00
1.819701e-01 9.584389e-01 1.092345e+00 1.453211e+00 1.139713e+00
1.862087e-01 9.471362e-01 1.079178e+00 1.435859e+00 1.139412e+00
1.905461e-01 9.359691e-01 1.066213e+00 1.418749e+00 1.139154e+00
1.949845e-01 9.249350e-01 1.053447e+00 1.401875e+00 1.138941e+00
1.995262e-01 9.140312e-01 1.040877e+00 1.385236e+00 1.138776e+00
2.041738e-01 9.032549e-01 1.028502e+00 1.368826e+00 1.138662e+00
2.089296e-01 8.926034e-01 1.016319e+00 1.352644e+00 1.138601e+00
2.137962e-01 8.820742e-01 1.004325e+00 1.336684e+00 1.138595e+00
2.187762e-01 8.716645e-01 9.925187e-01 1.320944e+00 1.138648e+00
2.238721e-01 8.613717e-01 9.808969e-01 1.305419e+00 1.138762e+00
2.290868e-01 8.511931e-01 9.694575e-01 1.290108e+00 1.138940e+00
2.344229e-01 8.411262e-01 9.581982e-01 1.275005e+00 1.139185e+00
2.398833e-01 8.311682e-01 9.471165e-01 1.260107e+00 1.139500e+00
2.454709e-01 8.213167e-01 9.362103e-01 1.245412e+00 1.139889e+00
2.511886e-01 8.115690e-01 9.254770e-01 1.230915e+00 1.140355e+00
2.570396e-01 8.019224e-01 9.149143e-01 1.216613e+00 1.140901e+00
2.630268e-01 7.923746e-01 9.045199e-01 1.202503e+00 1.141531e+00
2.691535e-01 7.829228e-01 8.942914e-01 1.188581e+00 1.142247e+00
2.754229e-01 7.735647e-01 8.842263e-01 1.174844e+00 1.143054e+00
2.818383e-01 7.642976e-01 8.743222e-01 1.161288e+00 1.143955e+00
2.884032e-01 7.551191e-01 8.645766e-01 1.147910e+00 1.144954e+00
2.951209e-01 7.460268e-01 8.549870e-01 1.134707e+00 1.146054e+00
3.019952e-01 7.370183e-01 8.455510e-01 1.121674e+00 1.147259e+00
3.090295e-01 7.280911e-01 8.362660e-01 1.108809e+00 1.148573e+00
3.162278e-01 7.192429e-01 8.271293e-01 1.096108e+00 1.150000e+00
3.235937e-01 7.104715e-01 8.181385e-01 1.083568e+00 1.151543e+00
3.311311e-01 7.017747e-01 8.092909e-01 1.071186e+00 1.153206e+00
3.388442e-01 6.931501e-01 8.005838e-01 1.058958e+00 1.154993e+00
3.467369e-01 6.845958e-01 7.920146e-01 1.046880e+00 1.156908e+00
3.548134e-01 6.761095e-01 7.835806e-01 1.034951e+00 1.158955e+00
3.630781e-01 6.676894e-01 7.752790e-01 1.023165e+00 1.161137e+00
3.715352e-01 6.593334e-01 7.671071e-01 1.011521e+00 1.163458e+00
3.801894e-01 6.510397e-01 7.590621e-01 1.000014e+00 1.165923e+00
3.890451e-01 6.428065e-01 7.511413e-01 9.886422e-01 1.168534e+00
3.981072e-01 6.346320e-01 7.433419e-01 9.774021e-01 1.171296e+00
4.073803e-01 6.265146e-01 7.356611e-01 9.662907e-01 1.174212e+00
4.168694e-01 6.184526e-01 7.280960e-01 9.553049e-01 1.177287e+00
4.265795e-01 6.104445e-01 7.206440e-01 9.444418e-01 1.180523e+00
4.365158e-01 6.024889e-01 7.133021e-01 9.336985e-01 1.183926e+00
4.466836e-01 5.945845e-01 7.060677e-01 9.230722e-01 1.187498e+00
4.570882e-01 5.867300e-01 6.989378e-01 9.125602e-01 1.191243e+00
4.677351e-01 5.789240e-01 6.919098e-01 9.021598e-01 1.195165e+00
4.786301e-01 5.711656e-01 6.849809e-01 8.918683e-01 1.199268e+00
4.897788e-01 5.634536e-01 6.781483e-01 8.816831e-01 1.203557e+00
5.011872e-01 5.557871e-01 6.714094e-01 8.716019e-01 1.208033e+00
5.128614e-01 5.481651e-01 6.647613e-01 8.616221e-01 1.212703e+00
5.248075e-01 5.405869e-01 6.582015e-01 8.517414e-01 1.217568e+00
5.370318e-01 5.330516e-01 6.517274e-01 8.419576e-01 1.222635e+00
5.495409e-01 5.255585e-01 6.453363e-01 8.322684e-01 1.227906e+00
5.623413e-01 5.181071e-01 6.390256e-01 8.226717e-01 1.233385e+00
5.754399e-01 5.106966e-01 6.327929e-01 8.131654e-01 1.239078e+00
5.888437e-01 5.033267e-01 6.266356e-01 8.037475e-01 1.244988e+00
6.025596e-01 4.959969e-01 6.205514e-01 7.944161e-01 1.251119e+00
6.165950e-01 4.887067e-01 6.145377e-01 7.851693e-01 1.257477e+00
6.309573e-01 4.814559e-01 6.085922e-01 7.760053e-01 1.264066e+00
6.456542e-01 4.742440e-01 6.027126e-01 7.669224e-01 1.270891e+00
6.606934e-01 4.670709e-01 5.968967e-01 7.579188e-01 1.277957e+00
6.760830e-01 4.599364e-01 5.911422e-01 7.489930e-01 1.285269e+00
6.918310e-01 4.528403e-01 5.854468e-01 7.401434e-01 1.292833e+00
7.079458e-01 4.457824e-01 5.798085e-01 7.313685e-01 1.300654e+00
7.244360e-01 4.387627e-01 5.742251e-01 7.226667e-01 1.308737e+00
7.413102e-01 4.317811e-01 5.686946e-01 7.140367e-01 1.317090e+00
7.585776e-01 4.248376e-01 5.632149e-01 7.054771e-01 1.325718e+00
7.762471e-01 4.179322e-01 5.577840e-01 6.969866e-01 1.334628e+00
7.943282e-01 4.110649e-01 5.524000e-01 6.885638e-01 1.343827e+00
8.128305e-01 4.042359e-01 5.470610e-01 6.802076e-01 1.353321e+00
8.317638e-01 3.974451e-01 5.417651e-01 6.719167e-01 1.363119e+00
8.511380e-01 3.906929e-01 5.365103e-01 6.636898e-01 1.373228e+00
8.709636e-01 3.839792e-01 5.312949e-01 6.555260e-01 1.383655e+00
8.912509e-01 3.773043e-01 5.261171e-01 6.474239e-01 1.394410e+00
9.120108e-01 3.706685e-01 5.209750e-01 6.393826e-01 1.405501e+00
9.332543e-01 3.640720e-01 5.158671e-01 6.314010e-01 1.416937e+00
9.549926e-01 3.575150e-01 5.107914e-01 6.234780e-01 1.428727e+00
9.772372e-01 3.509980e-01 5.057464e-01 6.156127e-01 1.440881e+00
1.000000e+00 3.445212e-01 5.007304e-01 6.078040e-01 1.453409e+00
1.023293e+00 3.380851e-01 4.957416e-01 6.000511e-01 1.466322e+00
1.047129e+00 3.316901e-01 4.907786e-01 5.923529e-01 1.479630e+00
1.071519e+00 3.253366e-01 4.858396e-01 5.847085e-01 1.493344e+00
1.096478e+00 3.190254e-01 4.809232e-01 5.771173e-01 1.507476e+00
1.122018e+00 3.127568e-01 4.760278e-01 5.695781e-01 1.522038e+00
1.148154e+00 3.065315e-01 4.711519e-01 5.620904e-01 1.537042e+00
1.174898e+00 3.003502e-01 4.662940e-01 5.546533e-01 1.552501e+00
1.202264e+00 2.942137e-01 4.614526e-01 5.472662e-01 1.568427e+00
1.230269e+00 2.881227e-01 4.566265e-01 5.399282e-01 1.584833e+00
1.258925e+00 2.820780e-01 4.518142e-01 5.326388e-01 1.601735e+00
1.288250e+00 2.760806e-01 4.470145e-01 5.253974e-01 1.619145e+00
1.318257e+00 2.701313e-01 4.422260e-01 5.182034e-01 1.637078e+00
1.348963e+00 2.642312e-01 4.374477e-01 5.110564e-01 1.655549e+00
1.380384e+00 2.583814e-01 4.326783e-01 5.039558e-01 1.674572e+00
1.412538e+00 2.525828e-01 4.279168e-01 4.969013e-01 1.694164e+00
1.445440e+00 2.468368e-01 4.231623e-01 4.898926e-01 1.714341e+00
1.479108e+00 2.411444e-01 4.184138e-01 4.829293e-01 1.735117e+00
1.513561e+00 2.355070e-01 4.136704e-01 4.760113e-01 1.756510e+00
1.548817e+00 2.299258e-01 4.089315e-01 4.691384e-01 1.778537e+00
1.584893e+00 2.244021e-01 4.041963e-01 4.623105e-01 1.801215e+00
1.621810e+00 2.189373e-01 3.994644e-01 4.555275e-01 1.824561e+00
1.659587e+00 2.135328e-01 3.947351e-01 4.487896e-01 1.848593e+00
1.698244e+00 2.081899e-01 3.900083e-01 4.420967e-01 1.873329e+00
1.737801e+00 2.029102e-01 3.852835e-01 4.354491e-01 1.898789e+00
1.778279e+00 1.976949e-01 3.805607e-01 4.288470e-01 1.924990e+00
1.819701e+00 1.925456e-01 3.758398e-01 4.222906e-01 1.951952e+00
1.862087e+00 1.874637e-01 3.711208e-01 4.157803e-01 1.979695e+00
1.905461e+00 1.824505e-01 3.664039e-01 4.093165e-01 2.008238e+00
1.949845e+00 1.775074e-01 3.616894e-01 4.028997e-01 2.037602e+00
1.995262e+00 1.726359e-01 3.569778e-01 3.965303e-01 2.067807e+00
2.041738e+00 1.678372e-01 3.522693e-01 3.902089e-01 2.098875e+00
2.089296e+00 1.631126e-01 3.475648e-01 3.839362e-01 2.130827e+00
2.137962e+00 1.584633e-01 3.428647e-01 3.777127e-01 2.163685e+00
2.187762e+00 1.538906e-01 3.381701e-01 3.715391e-01 2.197471e+00
2.238721e+00 1.493955e-01 3.334816e-01 3.654162e-01 2.232207e+00
2.290868e+00 1.449790e-01 3.288004e-01 3.593447e-01 2.267918e+00
2.344229e+00 1.406421e-01 3.241274e-01 3.533253e-01 2.304625e+00
2.398833e+00 1.363858e-01 3.194639e-01 3.473590e-01 2.342354e+00
2.454709e+00 1.322108e-01 3.148109e-01 3.414463e-01 2.381129e+00
2.511886e+00 1.281177e-01 3.101698e-01 3.355882e-01 2.420975e+00
2.570396e+00 1.241073e-01 3.055419e-01 3.297855e-01 2.461917e+00
2.630268e+00 1.201801e-01 3.009286e-01 3.240390e-01 2.503981e+00
2.691535e+00 1.163364e-01 2.963314e-01 3.183495e-01 2.547195e+00
2.754229e+00 1.125766e-01 2.917516e-01 3.127179e-01 2.591584e+00
2.818383e+00 1.089008e-01 2.871908e-01 3.071448e-01 2.637177e+00
2.884032e+00 1.053093e-01 2.826504e-01 3.016311e-01 2.684001e+00
2.951209e+00 1.018021e-01 2.781321e-01 2.961776e-01 2.732087e+00
3.019952e+00 9.837895e-02 2.736374e-01 2.907849e-01 2.781463e+00
3.090295e+00 9.503977e-02 2.691678e-01 2.854538e-01 2.832159e+00
3.162278e+00 9.178425e-02 2.647248e-01 2.801848e-01 2.884207e+00
3.235937e+00 8.861200e-02 2.603099e-01 2.749788e-01 2.937637e+00
3.311311e+00 8.552254e-02 2.559247e-01 2.698362e-01 2.992483e+00
3.388442e+00 8.251531e-02 2.515707e-01 2.647576e-01 3.048776e+00
3.467369e+00 7.958963e-02 2.472492e-01 2.597435e-01 3.106551e+00
3.548134e+00 7.674477e-02 2.429618e-01 2.547944e-01 3.165841e+00
3.630781e+00 7.397990e-02 2.387097e-01 2.499107e-01 3.226683e+00
3.715352e+00 7.129412e-02 2.344944e-01 2.450928e-01 3.289112e+00
3.801894e+00 6.868645e-02 2.303170e-01 2.403409e-01 3.353165e+00
3.890451e+00 6.615586e-02 2.261789e-01 2.356555e-01 3.418880e+00
3.981072e+00 6.370124e-02 2.220813e-01 2.310367e-01 3.486295e+00
4.073803e+00 6.132142e-02 2.180252e-01 2.264846e-01 3.555448e+00
4.168694e+00 5.901521e-02 2.140117e-01 2.219995e-01 3.626382e+00
4.265795e+00 5.678132e-02 2.100418e-01 2.175814e-01 3.699136e+00
4.365158e+00 5.461845e-02 2.061165e-01 2.132304e-01 3.773753e+00
4.466836e+00 5.252525e-02 2.022367e-01 2.089464e-01 3.850275e+00
4.570882e+00 5.050035e-02 1.984031e-01 2.047293e-01 3.928748e+00
4.677351e+00 4.854233e-02 1.946166e-01 2.005791e-01 4.009214e+00
4.786301e+00 4.664975e-02 1.908778e-01 1.964956e-01 4.091721e+00
4.897788e+00 4.482115e-02 1.871873e-01 1.924786e-01 4.176316e+00
5.011872e+00 4.305507e-02 1.835457e-01 1.885279e-01 4.263046e+00
5.128614e+00 4.135000e-02 1.799536e-01 1.846432e-01 4.351961e+00
5.248075e+00 3.970445e-02 1.764113e-01 1.808242e-01 4.443110e+00
5.370318e+00 3.811692e-02 1.729192e-01 1.770704e-01 4.536546e+00
5.495409e+00 3.658590e-02 1.694776e-01 1.733816e-01 4.632319e+00
5.623413e+00 3.510989e-02 1.660868e-01 1.697573e-01 4.730485e+00
5.754399e+00 3.368738e-02 1.627470e-01 1.661970e-01 4.831098e+00
5.888437e+00 3.231688e-02 1.594584e-01 1.627002e-01 4.934213e+00
6.025596e+00 3.099690e-02 1.562209e-01 1.592664e-01 5.039889e+00
6.165950e+00 2.972597e-02 1.530347e-01 1.558950e-01 5.148183e+00
6.309573e+00 2.850263e-02 1.498998e-01 1.525855e-01 5.259156e+00
6.456542e+00 2.732545e-02 1.468161e-01 1.493373e-01 5.372869e+00
6.606934e+00 2.619299e-02 1.437834e-01 1.461497e-01 5.489384e+00
6.760830e+00 2.510386e-02 1.408017e-01 1.430221e-01 5.608765e+00
6.918310e+00 2.405668e-02 1.378707e-01 1.399538e-01 5.731078e+00
7.079458e+00 2.305008e-02 1.349902e-01 1.369440e-01 5.856390e+00
7.244360e+00 2.208273e-02 1.321600e-01 1.339923e-01 5.984769e+00
7.413102e+00 2.115333e-02 1.293798e-01 1.310976e-01 6.116285e+00
7.585776e+00 2.026059e-02 1.266491e-01 1.282595e-01 6.251010e+00
7.762471e+00 1.940326e-02 1.239678e-01 1.254771e-01 6.389016e+00
7.943282e+00 1.858012e-02 1.213352e-01 1.227496e-01 6.530380e+00
8.128305e+00 1.778996e-02 1.187511e-01 1.200763e-01 6.675176e+00
8.317638e+00 1.703162e-02 1.162150e-01 1.174564e-01 6.823484e+00
8.511380e+00 1.630396e-02 1.137264e-01 1.148891e-01 6.975384e+00
8.709636e+00 1.560587e-02 1.112848e-01 1.123737e-01 7.130958e+00
8.912509e+00 1.493627e-02 1.088898e-01 1.099094e-01 7.290289e+00
9.120108e+00 1.429412e-02 1.065407e-01 1.074953e-01 7.453464e+00
9.332543e+00 1.367838e-02 1.042370e-01 1.051307e-01 7.620570e+00
9.549926e+00 1.308807e-02 1.019783e-01 1.028147e-01 7.791696e+00
9.772372e+00 1.252223e-02 9.976383e-02 1.005466e-01 7.966935e+00
1.000000e+01 1.197993e-02 9.759310e-02 9.832564e-02 8.146381e+00
