1.000000e-06 6.455072e+01 8.779618e-01 6.455669e+01 1.360112e-02
1.023293e-06 6.454999e+01 8.983991e-01 6.455624e+01 1.391788e-02
1.047129e-06 6.454924e+01 9.193116e-01 6.455578e+01 1.424202e-02
1.071519e-06 6.454844e+01 9.407102e-01 6.455530e+01 1.457371e-02
1.096478e-06 6.454761e+01 9.626062e-01 6.455479e+01 1.491312e-02
1.122018e-06 6.454674e+01 9.850110e-01 6.455426e+01 1.526043e-02
1.148154e-06 6.454583e+01 1.007937e+00 6.455370e+01 1.561583e-02
1.174898e-06 6.454488e+01 1.031395e+00 6.455312e+01 1.597950e-02
1.202264e-06 6.454388e+01 1.055398e+00 6.455251e+01 1.635163e-02
1.230269e-06 6.454284e+01 1.079959e+00 6.455187e+01 1.673243e-02
1.258925e-06 6.454174e+01 1.105090e+00 6.455120e+01 1.712210e-02
1.288250e-06 6.454060e+01 1.130805e+00 6.455050e+01 1.752083e-02
1.318257e-06 6.453940e+01 1.157117e+00 6.454977e+01 1.792885e-02
1.348963e-06 6.453814e+01 1.184040e+00 6.454900e+01 1.834636e-02
1.380384e-06 6.453682e+01 1.211588e+00 6.454820e+01 1.877359e-02
1.412538e-06 6.453545e+01 1.239775e+00 6.454735e+01 1.921076e-02
1.445440e-06 6.453400e+01 1.268617e+00 6.454647e+01 1.965811e-02
1.479108e-06 6.453249e+01 1.298127e+00 6.454555e+01 2.011587e-02
1.513561e-06 6.453091e+01 1.328323e+00 6.454458e+01 2.058428e-02
1.548817e-06 6.452926e+01 1.359218e+00 6.454357e+01 2.106359e-02
1.584893e-06 6.452752e+01 1.390830e+00 6.454251e+01 2.155406e-02
1.621810e-06 6.452571e+01 1.423175e+00 6.454140e+01 2.205594e-02
1.659587e-06 6.452381e+01 1.456270e+00 6.454024e+01 2.256949e-02
1.698244e-06 6.452182e+01 1.490131e+00 6.453902e+01 2.309500e-02
1.737801e-06 6.451974e+01 1.524777e+00 6.453775e+01 2.363273e-02
1.778279e-06 6.451755e+01 1.560226e+00 6.453642e+01 2.418296e-02
1.819701e-06 6.451527e+01 1.596495e+00 6.453502e+01 2.474600e-02
1.862087e-06 6.451288e+01 1.633604e+00 6.453356e+01 2.532214e-02
1.905461e-06 6.451037e+01 1.671572e+00 6.453203e+01 2.591167e-02
1.949845e-06 6.450775e+01 1.710418e+00 6.453042e+01 2.651492e-02
1.995262e-06 6.450501e+01 1.750162e+00 6.452875e+01 2.713219e-02
2.041738e-06 6.450213e+01 1.790826e+00 6.452699e+01 2.776382e-02
2.089296e-06 6.449912e+01 1.832429e+00 6.452515e+01 2.841014e-02
2.137962e-06 6.449597e+01 1.874994e+00 6.452322e+01 2.907148e-02
2.187762e-06 6.449268e+01 1.918541e+00 6.452121e+01 2.974820e-02
2.238721e-06 6.448922e+01 1.963094e+00 6.451909e+01 3.044065e-02
2.290868e-06 6.448561e+01 2.008675e+00 6.451688e+01 3.114919e-02
2.344229e-06 6.448182e+01 2.055307e+00 6.451457e+01 3.187421e-02
2.398833e-06 6.447786e+01 2.103014e+00 6.451214e+01 3.261607e-02
2.454709e-06 6.447371e+01 2.151821e+00 6.450961e+01 3.337517e-02
2.511886e-06 6.446936e+01 2.201751e+00 6.450695e+01 3.415190e-02
2.570396e-06 6.446482e+01 2.252832e+00 6.450417e+01 3.494668e-02
2.630268e-06 6.446005e+01 2.305087e+00 6.450126e+01 3.575993e-02
2.691535e-06 6.445507e+01 2.358543e+00 6.449821e+01 3.659206e-02
2.754229e-06 6.444985e+01 2.413229e+00 6.449501e+01 3.744351e-02
2.818383e-06 6.444439e+01 2.469169e+00 6.449167e+01 3.831473e-02
2.884032e-06 6.443867e+01 2.526394e+00 6.448817e+01 3.920618e-02
2.951209e-06 6.443268e+01 2.584931e+00 6.448451e+01 4.011832e-02
3.019952e-06 6.442641e+01 2.644809e+00 6.448067e+01 4.105163e-02
3.090295e-06 6.441985e+01 2.706059e+00 6.447666e+01 4.200660e-02
3.162278e-06 6.441298e+01 2.768709e+00 6.447245e+01 4.298372e-02
3.235937e-06 6.440579e+01 2.832792e+00 6.446805e+01 4.398350e-02
3.311311e-06 6.439826e+01 2.898338e+00 6.446345e+01 4.500647e-02
3.388442e-06 6.439038e+01 2.965380e+00 6.445862e+01 4.605316e-02
3.467369e-06 6.438213e+01 3.033951e+00 6.445357e+01 4.712411e-02
3.548134e-06 6.437349e+01 3.104082e+00 6.444829e+01 4.821989e-02
3.630781e-06 6.436445e+01 3.175809e+00 6.444275e+01 4.934105e-02
3.715352e-06 6.435499e+01 3.249166e+00 6.443696e+01 5.048818e-02
3.801894e-06 6.434509e+01 3.324188e+00 6.443090e+01 5.166187e-02
3.890451e-06 6.433472e+01 3.400910e+00 6.442455e+01 5.286274e-02
3.981072e-06 6.432387e+01 3.479368e+00 6.441790e+01 5.409140e-02
4.073803e-06 6.431251e+01 3.559601e+00 6.441095e+01 5.534849e-02
4.168694e-06 6.430063e+01 3.641644e+00 6.440367e+01 5.663466e-02
4.265795e-06 6.428819e+01 3.725537e+00 6.439605e+01 5.795057e-02
4.365158e-06 6.427517e+01 3.811318e+00 6.438807e+01 5.929690e-02
4.466836e-06 6.426154e+01 3.899026e+00 6.437972e+01 6.067433e-02
4.570882e-06 6.424728e+01 3.988701e+00 6.437098e+01 6.208358e-02
4.677351e-06 6.423236e+01 4.080384e+00 6.436183e+01 6.352537e-02
4.786301e-06 6.421674e+01 4.174116e+00 6.435226e+01 6.500043e-02
4.897788e-06 6.420040e+01 4.269938e+00 6.434224e+01 6.650952e-02
5.011872e-06 6.418330e+01 4.367892e+00 6.433175e+01 6.805341e-02
5.128614e-06 6.416541e+01 4.468022e+00 6.432078e+01 6.963288e-02
5.248075e-06 6.414668e+01 4.570370e+00 6.430929e+01 7.124873e-02
5.370318e-06 6.412709e+01 4.674980e+00 6.429727e+01 7.290179e-02
5.495409e-06 6.410660e+01 4.781896e+00 6.428470e+01 7.459288e-02
5.623413e-06 6.408515e+01 4.891162e+00 6.427153e+01 7.632287e-02
5.754399e-06 6.406272e+01 5.002825e+00 6.425776e+01 7.809261e-02
5.888437e-06 6.403924e+01 5.116928e+00 6.424335e+01 7.990301e-02
6.025596e-06 6.401469e+01 5.233519e+00 6.422827e+01 8.175496e-02
6.165950e-06 6.398901e+01 5.352642e+00 6.421249e+01 8.364939e-02
6.309573e-06 6.396214e+01 5.474344e+00 6.419598e+01 8.558725e-02
6.456542e-06 6.393404e+01 5.598671e+00 6.417871e+01 8.756949e-02
6.606934e-06 6.390465e+01 5.725671e+00 6.416064e+01 8.959709e-02
6.760830e-06 6.387391e+01 5.855389e+00 6.414173e+01 9.167106e-02
6.918310e-06 6.384176e+01 5.987873e+00 6.412196e+01 9.379240e-02
7.079458e-06 6.380815e+01 6.123169e+00 6.410127e+01 9.596217e-02
7.244360e-06 6.377300e+01 6.261323e+00 6.407963e+01 9.818142e-02
7.413102e-06 6.373625e+01 6.402383e+00 6.405700e+01 1.004512e-01
7.585776e-06 6.369782e+01 6.546395e+00 6.403333e+01 1.027727e-01
7.762471e-06 6.365765e+01 6.693403e+00 6.400857e+01 1.051469e-01
7.943282e-06 6.361565e+01 6.843454e+00 6.398268e+01 1.075750e-01
8.128305e-06 6.357175e+01 6.996592e+00 6.395561e+01 1.100582e-01
8.317638e-06 6.352587e+01 7.152862e+00 6.392730e+01 1.125976e-01
8.511380e-06 6.347792e+01 7.312306e+00 6.389770e+01 1.151945e-01
8.709636e-06 6.342781e+01 7.474966e+00 6.386675e+01 1.178500e-01
8.912509e-06 6.337545e+01 7.640885e+00 6.383440e+01 1.205654e-01
9.120108e-06 6.332074e+01 7.810101e+00 6.380058e+01 1.233419e-01
9.332543e-06 6.326359e+01 7.982654e+00 6.376523e+01 1.261809e-01
9.549926e-06 6.320388e+01 8.158580e+00 6.372828e+01 1.290835e-01
9.772372e-06 6.314152e+01 8.337915e+00 6.368966e+01 1.320512e-01
1.000000e-05 6.307639e+01 8.520692e+00 6.364930e+01 1.350853e-01
1.023293e-05 6.300838e+01 8.706943e+00 6.360713e+01 1.381870e-01
1.047129e-05 6.293737e+01 8.896695e+00 6.356307e+01 1.413579e-01
1.071519e-05 6.286324e+01 9.089975e+00 6.351704e+01 1.445992e-01
1.096478e-05 6.278586e+01 9.286807e+00 6.346896e+01 1.479124e-01
1.122018e-05 6.270510e+01 9.487210e+00 6.341874e+01 1.512989e-01
1.148154e-05 6.262082e+01 9.691201e+00 6.336629e+01 1.547601e-01
1.174898e-05 6.253289e+01 9.898795e+00 6.331152e+01 1.582974e-01
1.202264e-05 6.244116e+01 1.011000e+01 6.325433e+01 1.619124e-01
1.230269e-05 6.234548e+01 1.032482e+01 6.319463e+01 1.656065e-01
1.258925e-05 6.224571e+01 1.054325e+01 6.313231e+01 1.693812e-01
1.288250e-05 6.214168e+01 1.076530e+01 6.306726e+01 1.732381e-01
1.318257e-05 6.203323e+01 1.099095e+01 6.299939e+01 1.771785e-01
1.348963e-05 6.192021e+01 1.122019e+01 6.292857e+01 1.812040e-01
1.380384e-05 6.180243e+01 1.145299e+01 6.285469e+01 1.853161e-01
1.412538e-05 6.167974e+01 1.168933e+01 6.277763e+01 1.895165e-01
1.445440e-05 6.155195e+01 1.192917e+01 6.269726e+01 1.938065e-01
1.479108e-05 6.141888e+01 1.217246e+01 6.261347e+01 1.981877e-01
1.513561e-05 6.128034e+01 1.241917e+01 6.252612e+01 2.026616e-01
1.548817e-05 6.113616e+01 1.266924e+01 6.243508e+01 2.072298e-01
1.584893e-05 6.098614e+01 1.292258e+01 6.234021e+01 2.118938e-01
1.621810e-05 6.083008e+01 1.317914e+01 6.224137e+01 2.166550e-01
1.659587e-05 6.066780e+01 1.343882e+01 6.213842e+01 2.215149e-01
1.698244e-05 6.049909e+01 1.370154e+01 6.203121e+01 2.264751e-01
1.737801e-05 6.032375e+01 1.396717e+01 6.191960e+01 2.315369e-01
1.778279e-05 6.014158e+01 1.423562e+01 6.180342e+01 2.367018e-01
1.819701e-05 5.995239e+01 1.450675e+01 6.168253e+01 2.419712e-01
1.862087e-05 5.975596e+01 1.478042e+01 6.155677e+01 2.473464e-01
1.905461e-05 5.955210e+01 1.505648e+01 6.142597e+01 2.528287e-01
1.949845e-05 5.934060e+01 1.533477e+01 6.128999e+01 2.584195e-01
1.995262e-05 5.912127e+01 1.561510e+01 6.114864e+01 2.641199e-01
2.041738e-05 5.889390e+01 1.589730e+01 6.100177e+01 2.699312e-01
2.089296e-05 5.865830e+01 1.618115e+01 6.084921e+01 2.758544e-01
2.137962e-05 5.841428e+01 1.646644e+01 6.069079e+01 2.818906e-01
2.187762e-05 5.816166e+01 1.675293e+01 6.052635e+01 2.880408e-01
2.238721e-05 5.790024e+01 1.704038e+01 6.035571e+01 2.943058e-01
2.290868e-05 5.762986e+01 1.732852e+01 6.017872e+01 3.006865e-01
2.344229e-05 5.735035e+01 1.761708e+01 5.999520e+01 3.071835e-01
2.398833e-05 5.706154e+01 1.790577e+01 5.980499e+01 3.137975e-01
2.454709e-05 5.676330e+01 1.819428e+01 5.960792e+01 3.205290e-01
2.511886e-05 5.645548e+01 1.848229e+01 5.940384e+01 3.273782e-01
2.570396e-05 5.613795e+01 1.876947e+01 5.919258e+01 3.343455e-01
2.630268e-05 5.581060e+01 1.905546e+01 5.897400e+01 3.414308e-01
2.691535e-05 5.547333e+01 1.933990e+01 5.874795e+01 3.486342e-01
2.754229e-05 5.512606e+01 1.962242e+01 5.851428e+01 3.559554e-01
2.818383e-05 5.476872e+01 1.990262e+01 5.827286e+01 3.633939e-01
2.884032e-05 5.440126e+01 2.018010e+01 5.802356e+01 3.709492e-01
2.951209e-05 5.402365e+01 2.045445e+01 5.776625e+01 3.786204e-01
3.019952e-05 5.363588e+01 2.072525e+01 5.750081e+01 3.864065e-01
3.090295e-05 5.323797e+01 2.099206e+01 5.722716e+01 3.943062e-01
3.162278e-05 5.282994e+01 2.125444e+01 5.694519e+01 4.023181e-01
3.235937e-05 5.241187e+01 2.151195e+01 5.665481e+01 4.104404e-01
3.311311e-05 5.198382e+01 2.176412e+01 5.635597e+01 4.186710e-01
3.388442e-05 5.154592e+01 2.201051e+01 5.604859e+01 4.270077e-01
3.467369e-05 5.109829e+01 2.225064e+01 5.573263e+01 4.354478e-01
3.548134e-05 5.064110e+01 2.248406e+01 5.540807e+01 4.439884e-01
3.630781e-05 5.017454e+01 2.271031e+01 5.507488e+01 4.526262e-01
3.715352e-05 4.969883e+01 2.292894e+01 5.473308e+01 4.613577e-01
3.801894e-05 4.921421e+01 2.313948e+01 5.438266e+01 4.701788e-01
3.890451e-05 4.872096e+01 2.334150e+01 5.402368e+01 4.790853e-01
3.981072e-05 4.821939e+01 2.353455e+01 5.365617e+01 4.880724e-01
4.073803e-05 4.770982e+01 2.371822e+01 5.328021e+01 4.971351e-01
4.168694e-05 4.719262e+01 2.389210e+01 5.289589e+01 5.062677e-01
4.265795e-05 4.666817e+01 2.405577e+01 5.250331e+01 5.154643e-01
4.365158e-05 4.613688e+01 2.420888e+01 5.210261e+01 5.247186e-01
4.466836e-05 4.559921e+01 2.435106e+01 5.169393e+01 5.340238e-01
4.570882e-05 4.505561e+01 2.448197e+01 5.127743e+01 5.433724e-01
4.677351e-05 4.450656e+01 2.460131e+01 5.085330e+01 5.527569e-01
4.786301e-05 4.395258e+01 2.470878e+01 5.042175e+01 5.621691e-01
4.897788e-05 4.339419e+01 2.480412e+01 4.998300e+01 5.716001e-01
5.011872e-05 4.283193e+01 2.488711e+01 4.953729e+01 5.810410e-01
5.128614e-05 4.226638e+01 2.495754e+01 4.908488e+01 5.904821e-01
5.248075e-05 4.169810e+01 2.501525e+01 4.862606e+01 5.999133e-01
5.370318e-05 4.112768e+01 2.506009e+01 4.816113e+01 6.093242e-01
5.495409e-05 4.055572e+01 2.509197e+01 4.769039e+01 6.187036e-01
5.623413e-05 3.998281e+01 2.511082e+01 4.721417e+01 6.280404e-01
5.754399e-05 3.940956e+01 2.511660e+01 4.673283e+01 6.373225e-01
5.888437e-05 3.883658e+01 2.510932e+01 4.624671e+01 6.465378e-01
6.025596e-05 3.826448e+01 2.508901e+01 4.575618e+01 6.556736e-01
6.165950e-05 3.769385e+01 2.505574e+01 4.526164e+01 6.647169e-01
6.309573e-05 3.712529e+01 2.500962e+01 4.476347e+01 6.736546e-01
6.456542e-05 3.655939e+01 2.495079e+01 4.426207e+01 6.824729e-01
6.606934e-05 3.599672e+01 2.487942e+01 4.375785e+01 6.911580e-01
6.760830e-05 3.543784e+01 2.479571e+01 4.325122e+01 6.996959e-01
6.918310e-05 3.488331e+01 2.469990e+01 4.274261e+01 7.080722e-01
7.079458e-05 3.433364e+01 2.459225e+01 4.223243e+01 7.162727e-01
7.244360e-05 3.378936e+01 2.447306e+01 4.172111e+01 7.242829e-01
7.413102e-05 3.325094e+01 2.434263e+01 4.120908e+01 7.320884e-01
7.585776e-05 3.271885e+01 2.420131e+01 4.069676e+01 7.396748e-01
7.762471e-05 3.219353e+01 2.404946e+01 4.018457e+01 7.470276e-01
7.943282e-05 3.167540e+01 2.388746e+01 3.967294e+01 7.541329e-01
8.128305e-05 3.116484e+01 2.371572e+01 3.916226e+01 7.609766e-01
8.317638e-05 3.066222e+01 2.353464e+01 3.865296e+01 7.675453e-01
8.511380e-05 3.016787e+01 2.334467e+01 3.814543e+01 7.738255e-01
8.709636e-05 2.968210e+01 2.314623e+01 3.764007e+01 7.798045e-01
8.912509e-05 2.920517e+01 2.293979e+01 3.713726e+01 7.854701e-01
9.120108e-05 2.873734e+01 2.272579e+01 3.663736e+01 7.908104e-01
9.332543e-05 2.827884e+01 2.250470e+01 3.614076e+01 7.958143e-01
9.549926e-05 2.782984e+01 2.227699e+01 3.564778e+01 8.004714e-01
9.772372e-05 2.739051e+01 2.204312e+01 3.515877e+01 8.047721e-01
1.000000e-04 2.696100e+01 2.180356e+01 3.467406e+01 8.087075e-01
1.023293e-04 2.654140e+01 2.155878e+01 3.419396e+01 8.122697e-01
1.047129e-04 2.613181e+01 2.130923e+01 3.371875e+01 8.154517e-01
1.071519e-04 2.573227e+01 2.105537e+01 3.324873e+01 8.182474e-01
1.096478e-04 2.534284e+01 2.079764e+01 3.278416e+01 8.206517e-01
1.122018e-04 2.496351e+01 2.053650e+01 3.232529e+01 8.226607e-01
1.148154e-04 2.459428e+01 2.027236e+01 3.187236e+01 8.242714e-01
1.174898e-04 2.423512e+01 2.000565e+01 3.142558e+01 8.254820e-01
1.202264e-04 2.388598e+01 1.973679e+01 3.098517e+01 8.262918e-01
1.230269e-04 2.354678e+01 1.946615e+01 3.055130e+01 8.267012e-01
1.258925e-04 2.321746e+01 1.919414e+01 3.012417e+01 8.267116e-01
1.288250e-04 2.289790e+01 1.892112e+01 2.970392e+01 8.263257e-01
1.318257e-04 2.258799e+01 1.864745e+01 2.929069e+01 8.255473e-01
1.348963e-04 2.228760e+01 1.837348e+01 2.888463e+01 8.243811e-01
1.380384e-04 2.199659e+01 1.809952e+01 2.848583e+01 8.228329e-01
1.412538e-04 2.171482e+01 1.782590e+01 2.809441e+01 8.209096e-01
1.445440e-04 2.144211e+01 1.755291e+01 2.771044e+01 8.186190e-01
1.479108e-04 2.117829e+01 1.728085e+01 2.733401e+01 8.159699e-01
1.513561e-04 2.092320e+01 1.700998e+01 2.696516e+01 8.129719e-01
1.548817e-04 2.067665e+01 1.674055e+01 2.660394e+01 8.096354e-01
1.584893e-04 2.043844e+01 1.647280e+01 2.625039e+01 8.059717e-01
1.621810e-04 2.020838e+01 1.620697e+01 2.590453e+01 8.019927e-01
1.659587e-04 1.998627e+01 1.594327e+01 2.556637e+01 7.977110e-01
1.698244e-04 1.977192e+01 1.568189e+01 2.523590e+01 7.931396e-01
1.737801e-04 1.956511e+01 1.542303e+01 2.491311e+01 7.882923e-01
1.778279e-04 1.936564e+01 1.516684e+01 2.459799e+01 7.831830e-01
1.819701e-04 1.917331e+01 1.491350e+01 2.429050e+01 7.778263e-01
1.862087e-04 1.898790e+01 1.466316e+01 2.399059e+01 7.722369e-01
1.905461e-04 1.880921e+01 1.441594e+01 2.369822e+01 7.664298e-01
1.949845e-04 1.863703e+01 1.417197e+01 2.341332e+01 7.604201e-01
1.995262e-04 1.847116e+01 1.393138e+01 2.313584e+01 7.542231e-01
2.041738e-04 1.831140e+01 1.369425e+01 2.286569e+01 7.478541e-01
2.089296e-04 1.815753e+01 1.346069e+01 2.260279e+01 7.413284e-01
2.137962e-04 1.800937e+01 1.323079e+01 2.234706e+01 7.346613e-01
2.187762e-04 1.786672e+01 1.300461e+01 2.209840e+01 7.278679e-01
2.238721e-04 1.772937e+01 1.278222e+01 2.185671e+01 7.209632e-01
2.290868e-04 1.759715e+01 1.256369e+01 2.162188e+01 7.139618e-01
2.344229e-04 1.746986e+01 1.234906e+01 2.139381e+01 7.068784e-01
2.398833e-04 1.734731e+01 1.213838e+01 2.117238e+01 6.997271e-01
2.454709e-04 1.722934e+01 1.193169e+01 2.095746e+01 6.925219e-01
2.511886e-04 1.711575e+01 1.172902e+01 2.074895e+01 6.852763e-01
2.570396e-04 1.700638e+01 1.153039e+01 2.054670e+01 6.780036e-01
2.630268e-04 1.690106e+01 1.133582e+01 2.035059e+01 6.707164e-01
2.691535e-04 1.679961e+01 1.114532e+01 2.016048e+01 6.634273e-01
2.754229e-04 1.670189e+01 1.095891e+01 1.997626e+01 6.561481e-01
2.818383e-04 1.660772e+01 1.077659e+01 1.979776e+01 6.488904e-01
2.884032e-04 1.651696e+01 1.059836e+01 1.962487e+01 6.416654e-01
2.951209e-04 1.642946e+01 1.042422e+01 1.945743e+01 6.344835e-01
3.019952e-04 1.634506e+01 1.025416e+01 1.929531e+01 6.273550e-01
3.090295e-04 1.626363e+01 1.008816e+01 1.913836e+01 6.202896e-01
3.162278e-04 1.618503e+01 9.926222e+00 1.898644e+01 6.132965e-01
3.235937e-04 1.610912e+01 9.768319e+00 1.883942e+01 6.063846e-01
3.311311e-04 1.603576e+01 9.614434e+00 1.869714e+01 5.995622e-01
3.388442e-04 1.596483e+01 9.464546e+00 1.855946e+01 5.928372e-01
3.467369e-04 1.589621e+01 9.318629e+00 1.842624e+01 5.862172e-01
3.548134e-04 1.582976e+01 9.176657e+00 1.829733e+01 5.797091e-01
3.630781e-04 1.576538e+01 9.038602e+00 1.817260e+01 5.733197e-01
3.715352e-04 1.570294e+01 8.904434e+00 1.805191e+01 5.670551e-01
3.801894e-04 1.564234e+01 8.774120e+00 1.793510e+01 5.609212e-01
3.890451e-04 1.558346e+01 8.647628e+00 1.782206e+01 5.549236e-01
3.981072e-04 1.552619e+01 8.524923e+00 1.771262e+01 5.490672e-01
4.073803e-04 1.547044e+01 8.405970e+00 1.760667e+01 5.433569e-01
4.168694e-04 1.541609e+01 8.290730e+00 1.750406e+01 5.377972e-01
4.265795e-04 1.536305e+01 8.179165e+00 1.740466e+01 5.323920e-01
4.365158e-04 1.531122e+01 8.071237e+00 1.730833e+01 5.271451e-01
4.466836e-04 1.526051e+01 7.966905e+00 1.721496e+01 5.220602e-01
4.570882e-04 1.521082e+01 7.866128e+00 1.712440e+01 5.171403e-01
4.677351e-04 1.516206e+01 7.768865e+00 1.703653e+01 5.123884e-01
4.786301e-04 1.511415e+01 7.675072e+00 1.695123e+01 5.078072e-01
4.897788e-04 1.506698e+01 7.584705e+00 1.686837e+01 5.033990e-01
5.011872e-04 1.502049e+01 7.497722e+00 1.678782e+01 4.991662e-01
5.128614e-04 1.497459e+01 7.414076e+00 1.670948e+01 4.951105e-01
5.248075e-04 1.492919e+01 7.333722e+00 1.663322e+01 4.912339e-01
5.370318e-04 1.488421e+01 7.256614e+00 1.655893e+01 4.875378e-01
5.495409e-04 1.483957e+01 7.182704e+00 1.648648e+01 4.840237e-01
5.623413e-04 1.479520e+01 7.111944e+00 1.641578e+01 4.806926e-01
5.754399e-04 1.475102e+01 7.044286e+00 1.634670e+01 4.775456e-01
5.888437e-04 1.470696e+01 6.979679e+00 1.627914e+01 4.745835e-01
6.025596e-04 1.466293e+01 6.918074e+00 1.621300e+01 4.718070e-01
6.165950e-04 1.461887e+01 6.859419e+00 1.614816e+01 4.692166e-01
6.309573e-04 1.457471e+01 6.803662e+00 1.608453e+01 4.668127e-01
6.456542e-04 1.453038e+01 6.750750e+00 1.602200e+01 4.645956e-01
6.606934e-04 1.448580e+01 6.700628e+00 1.596048e+01 4.625652e-01
6.760830e-04 1.444091e+01 6.653241e+00 1.589986e+01 4.607217e-01
6.918310e-04 1.439564e+01 6.608534e+00 1.584005e+01 4.590649e-01
7.079458e-04 1.434993e+01 6.566448e+00 1.578096e+01 4.575944e-01
7.244360e-04 1.430371e+01 6.526924e+00 1.572249e+01 4.563099e-01
7.413102e-04 1.425691e+01 6.489903e+00 1.566456e+01 4.552109e-01
7.585776e-04 1.420948e+01 6.455323e+00 1.560707e+01 4.542967e-01
7.762471e-04 1.416136e+01 6.423121e+00 1.554994e+01 4.535667e-01
7.943282e-04 1.411248e+01 6.393233e+00 1.549308e+01 4.530198e-01
8.128305e-04 1.406278e+01 6.365593e+00 1.543641e+01 4.526552e-01
8.317638e-04 1.401222e+01 6.340134e+00 1.537984e+01 4.524718e-01
8.511380e-04 1.396073e+01 6.316787e+00 1.532331e+01 4.524684e-01
8.709636e-04 1.390825e+01 6.295482e+00 1.526672e+01 4.526435e-01
8.912509e-04 1.385475e+01 6.276145e+00 1.521000e+01 4.529959e-01
9.120108e-04 1.380016e+01 6.258704e+00 1.515308e+01 4.535239e-01
9.332543e-04 1.374445e+01 6.243083e+00 1.509589e+01 4.542259e-01
9.549926e-04 1.368755e+01 6.229204e+00 1.503835e+01 4.550999e-01
9.772372e-04 1.362943e+01 6.216987e+00 1.498040e+01 4.561442e-01
1.000000e-03 1.357006e+01 6.206353e+00 1.492197e+01 4.573565e-01
1.023293e-03 1.350937e+01 6.197219e+00 1.486300e+01 4.587347e-01
1.047129e-03 1.344735e+01 6.189500e+00 1.480342e+01 4.602764e-01
1.071519e-03 1.338396e+01 6.183112e+00 1.474318e+01 4.619791e-01
1.096478e-03 1.331917e+01 6.177965e+00 1.468222e+01 4.638402e-01
1.122018e-03 1.325294e+01 6.173972e+00 1.462048e+01 4.658568e-01
1.148154e-03 1.318526e+01 6.171043e+00 1.455791e+01 4.680260e-01
1.174898e-03 1.311610e+01 6.169086e+00 1.449447e+01 4.703446e-01
1.202264e-03 1.304544e+01 6.168008e+00 1.443011e+01 4.728094e-01
1.230269e-03 1.297328e+01 6.167717e+00 1.436478e+01 4.754168e-01
1.258925e-03 1.289960e+01 6.168117e+00 1.429844e+01 4.781633e-01
1.288250e-03 1.282440e+01 6.169113e+00 1.423106e+01 4.810450e-01
1.318257e-03 1.274767e+01 6.170611e+00 1.416261e+01 4.840579e-01
1.348963e-03 1.266942e+01 6.172514e+00 1.409305e+01 4.871978e-01
1.380384e-03 1.258965e+01 6.174727e+00 1.402236e+01 4.904604e-01
1.412538e-03 1.250838e+01 6.177155e+00 1.395052e+01 4.938411e-01
1.445440e-03 1.242563e+01 6.179701e+00 1.387750e+01 4.973353e-01
1.479108e-03 1.234140e+01 6.182274e+00 1.380328e+01 5.009378e-01
1.513561e-03 1.225573e+01 6.184778e+00 1.372787e+01 5.046437e-01
1.548817e-03 1.216865e+01 6.187123e+00 1.365125e+01 5.084477e-01
1.584893e-03 1.208019e+01 6.189218e+00 1.357341e+01 5.123443e-01
1.621810e-03 1.199040e+01 6.190976e+00 1.349436e+01 5.163278e-01
1.659587e-03 1.189931e+01 6.192310e+00 1.341411e+01 5.203924e-01
1.698244e-03 1.180697e+01 6.193138e+00 1.333265e+01 5.245323e-01
1.737801e-03 1.171344e+01 6.193379e+00 1.325001e+01 5.287411e-01
1.778279e-03 1.161878e+01 6.192956e+00 1.316620e+01 5.330128e-01
1.819701e-03 1.152304e+01 6.191797e+00 1.308123e+01 5.373407e-01
1.862087e-03 1.142628e+01 6.189830e+00 1.299515e+01 5.417186e-01
1.905461e-03 1.132859e+01 6.186990e+00 1.290797e+01 5.461396e-01
1.949845e-03 1.123002e+01 6.183217e+00 1.281973e+01 5.505972e-01
1.995262e-03 1.113066e+01 6.178454e+00 1.273047e+01 5.550844e-01
2.041738e-03 1.103058e+01 6.172649e+00 1.264022e+01 5.595945e-01
2.089296e-03 1.092986e+01 6.165756e+00 1.254904e+01 5.641205e-01
2.137962e-03 1.082858e+01 6.157732e+00 1.245696e+01 5.686556e-01
2.187762e-03 1.072683e+01 6.148542e+00 1.236404e+01 5.731929e-01
2.238721e-03 1.062469e+01 6.138156e+00 1.227033e+01 5.777256e-01
2.290868e-03 1.052225e+01 6.126547e+00 1.217589e+01 5.822468e-01
2.344229e-03 1.041960e+01 6.113698e+00 1.208078e+01 5.867499e-01
2.398833e-03 1.031681e+01 6.099593e+00 1.198506e+01 5.912283e-01
2.454709e-03 1.021399e+01 6.084225e+00 1.188879e+01 5.956756e-01
2.511886e-03 1.011121e+01 6.067592e+00 1.179204e+01 6.000854e-01
2.570396e-03 1.000857e+01 6.049696e+00 1.169488e+01 6.044517e-01
2.630268e-03 9.906135e+00 6.030545e+00 1.159737e+01 6.087687e-01
2.691535e-03 9.803999e+00 6.010154e+00 1.149958e+01 6.130309e-01
2.754229e-03 9.702240e+00 5.988541e+00 1.140158e+01 6.172328e-01
2.818383e-03 9.600936e+00 5.965729e+00 1.130345e+01 6.213696e-01
2.884032e-03 9.500160e+00 5.941747e+00 1.120524e+01 6.254365e-01
2.951209e-03 9.399987e+00 5.916628e+00 1.110704e+01 6.294294e-01
3.019952e-03 9.300482e+00 5.890408e+00 1.100890e+01 6.333443e-01
3.090295e-03 9.201713e+00 5.863128e+00 1.091090e+01 6.371779e-01
3.162278e-03 9.103740e+00 5.834832e+00 1.081311e+01 6.409269e-01
3.235937e-03 9.006620e+00 5.805568e+00 1.071559e+01 6.445890e-01
3.311311e-03 8.910406e+00 5.775386e+00 1.061840e+01 6.481619e-01
3.388442e-03 8.815148e+00 5.744338e+00 1.052161e+01 6.516440e-01
3.467369e-03 8.720889e+00 5.712481e+00 1.042527e+01 6.550343e-01
3.548134e-03 8.627669e+00 5.679871e+00 1.032945e+01 6.583320e-01
3.630781e-03 8.535525e+00 5.646566e+00 1.023420e+01 6.615370e-01
3.715352e-03 8.444486e+00 5.612626e+00 1.013957e+01 6.646498e-01
3.801894e-03 8.354580e+00 5.578112e+00 1.004561e+01 6.676711e-01
3.890451e-03 8.265828e+00 5.543085e+00 9.952372e+00 6.706025e-01
3.981072e-03 8.178248e+00 5.507606e+00 9.859892e+00 6.734457e-01
4.073803e-03 8.091852e+00 5.471736e+00 9.768212e+00 6.762032e-01
4.168694e-03 8.006650e+00 5.435537e+00 9.677371e+00 6.788778e-01
4.265795e-03 7.922647e+00 5.399068e+00 9.587401e+00 6.814728e-01
4.365158e-03 7.839842e+00 5.362388e+00 9.498333e+00 6.839919e-01
4.466836e-03 7.758232e+00 5.325557e+00 9.410192e+00 6.864395e-01
4.570882e-03 7.677811e+00 5.288629e+00 9.323003e+00 6.888199e-01
4.677351e-03 7.598568e+00 5.251661e+00 9.236784e+00 6.911383e-01
4.786301e-03 7.520489e+00 5.214706e+00 9.151552e+00 6.933998e-01
4.897788e-03 7.443557e+00 5.177814e+00 9.067320e+00 6.956102e-01
5.011872e-03 7.367752e+00 5.141035e+00 8.984098e+00 6.977753e-01
5.128614e-03 7.293051e+00 5.104417e+00 8.901891e+00 6.999014e-01
5.248075e-03 7.219428e+00 5.068002e+00 8.820702e+00 7.019949e-01
5.370318e-03 7.146856e+00 5.031833e+00 8.740532e+00 7.040624e-01
5.495409e-03 7.075305e+00 4.995949e+00 8.661377e+00 7.061108e-01
5.623413e-03 7.004743e+00 4.960387e+00 8.583232e+00 7.081469e-01
5.754399e-03 6.935136e+00 4.925180e+00 8.506087e+00 7.101779e-01
5.888437e-03 6.866449e+00 4.890360e+00 8.429931e+00 7.122109e-01
6.025596e-03 6.798646e+00 4.855954e+00 8.354751e+00 7.142531e-01
6.165950e-03 6.731688e+00 4.821987e+00 8.280530e+00 7.163117e-01
6.309573e-03 6.665537e+00 4.788482e+00 8.207250e+00 7.183939e-01
6.456542e-03 6.600155e+00 4.755457e+00 8.134889e+00 7.205070e-01
6.606934e-03 6.535500e+00 4.722931e+00 8.063426e+00 7.226579e-01
6.760830e-03 6.471533e+00 4.690915e+00 7.992836e+00 7.248537e-01
6.918310e-03 6.408214e+00 4.659420e+00 7.923093e+00 7.271013e-01
7.079458e-03 6.345501e+00 4.628455e+00 7.854170e+00 7.294074e-01
7.244360e-03 6.283355e+00 4.598025e+00 7.786038e+00 7.317787e-01
7.413102e-03 6.221735e+00 4.568132e+00 7.718667e+00 7.342215e-01
7.585776e-03 6.160603e+00 4.538775e+00 7.652026e+00 7.367420e-01
7.762471e-03 6.099918e+00 4.509952e+00 7.586084e+00 7.393463e-01
7.943282e-03 6.039644e+00 4.481657e+00 7.520808e+00 7.420399e-01
8.128305e-03 5.979743e+00 4.453883e+00 7.456165e+00 7.448284e-01
8.317638e-03 5.920180e+00 4.426619e+00 7.392123e+00 7.477169e-01
8.511380e-03 5.860918e+00 4.399852e+00 7.328646e+00 7.507104e-01
8.709636e-03 5.801925e+00 4.373569e+00 7.265703e+00 7.538134e-01
8.912509e-03 5.743169e+00 4.347752e+00 7.203259e+00 7.570302e-01
9.120108e-03 5.684618e+00 4.322383e+00 7.141280e+00 7.603647e-01
9.332543e-03 5.626245e+00 4.297441e+00 7.079734e+00 7.638205e-01
9.549926e-03 5.568023e+00 4.272905e+00 7.018589e+00 7.674007e-01
9.772372e-03 5.509925e+00 4.248750e+00 6.957812e+00 7.711084e-01
1.000000e-02 5.451929e+00 4.224951e+00 6.897372e+00 7.749460e-01
1.023293e-02 5.394014e+00 4.201481e+00 6.837239e+00 7.789155e-01
1.047129e-02 5.336161e+00 4.178314e+00 6.777383e+00 7.830189e-01
1.071519e-02 5.278352e+00 4.155421e+00 6.717776e+00 7.872573e-01
1.096478e-02 5.220572e+00 4.132771e+00 6.658391e+00 7.916317e-01
1.122018e-02 5.162811e+00 4.110335e+00 6.599202e+00 7.961428e-01
1.148154e-02 5.105056e+00 4.088082e+00 6.540185e+00 8.007907e-01
1.174898e-02 5.047302e+00 4.065981e+00 6.481316e+00 8.055751e-01
1.202264e-02 4.989541e+00 4.044000e+00 6.422574e+00 8.104954e-01
1.230269e-02 4.931771e+00 4.022108e+00 6.363939e+00 8.155505e-01
1.258925e-02 4.873991e+00 4.000274e+00 6.305393e+00 8.207391e-01
1.288250e-02 4.816202e+00 3.978467e+00 6.246919e+00 8.260591e-01
1.318257e-02 4.758408e+00 3.956657e+00 6.188504e+00 8.315085e-01
1.348963e-02 4.700615e+00 3.934813e+00 6.130133e+00 8.370846e-01
1.380384e-02 4.642832e+00 3.912906e+00 6.071797e+00 8.427843e-01
1.412538e-02 4.585067e+00 3.890908e+00 6.013485e+00 8.486043e-01
1.445440e-02 4.527333e+00 3.868791e+00 5.955191e+00 8.545409e-01
1.479108e-02 4.469645e+00 3.846531e+00 5.896909e+00 8.605898e-01
1.513561e-02 4.412018e+00 3.824102e+00 5.838635e+00 8.667467e-01
1.548817e-02 4.354470e+00 3.801481e+00 5.780369e+00 8.730067e-01
1.584893e-02 4.297019e+00 3.778647e+00 5.722110e+00 8.793647e-01
1.621810e-02 4.239686e+00 3.755579e+00 5.663860e+00 8.858154e-01
1.659587e-02 4.182492e+00 3.732259e+00 5.605622e+00 8.923529e-01
1.698244e-02 4.125461e+00 3.708672e+00 5.547403e+00 8.989715e-01
1.737801e-02 4.068617e+00 3.684803e+00 5.489209e+00 9.056648e-01
1.778279e-02 4.011983e+00 3.660639e+00 5.431048e+00 9.124265e-01
1.819701e-02 3.955585e+00 3.636171e+00 5.372931e+00 9.192499e-01
1.862087e-02 3.899449e+00 3.611390e+00 5.314869e+00 9.261282e-01
1.905461e-02 3.843600e+00 3.586289e+00 5.256875e+00 9.330546e-01
1.949845e-02 3.788065e+00 3.560865e+00 5.198961e+00 9.400220e-01
1.995262e-02 3.732871e+00 3.535115e+00 5.141144e+00 9.470232e-01
2.041738e-02 3.678041e+00 3.509039e+00 5.083438e+00 9.540511e-01
2.089296e-02 3.623604e+00 3.482640e+00 5.025861e+00 9.610984e-01
2.137962e-02 3.569582e+00 3.455920e+00 4.968430e+00 9.681581e-01
2.187762e-02 3.516002e+00 3.428885e+00 4.911163e+00 9.752228e-01
2.238721e-02 3.462886e+00 3.401543e+00 4.854078e+00 9.822856e-01
2.290868e-02 3.410257e+00 3.373902e+00 4.797193e+00 9.893394e-01
2.344229e-02 3.358138e+00 3.345973e+00 4.740530e+00 9.963774e-01
2.398833e-02 3.306548e+00 3.317767e+00 4.684105e+00 1.003393e+00
2.454709e-02 3.255508e+00 3.289299e+00 4.627939e+00 1.010379e+00
2.511886e-02 3.205036e+00 3.260582e+00 4.572051e+00 1.017331e+00
2.570396e-02 3.155149e+00 3.231632e+00 4.516460e+00 1.024241e+00
2.630268e-02 3.105862e+00 3.202466e+00 4.461185e+00 1.031104e+00
2.691535e-02 3.057189e+00 3.173101e+00 4.406243e+00 1.037915e+00
2.754229e-02 3.009144e+00 3.143555e+00 4.351653e+00 1.044668e+00
2.818383e-02 2.961736e+00 3.113847e+00 4.297432e+00 1.051359e+00
2.884032e-02 2.914977e+00 3.083996e+00 4.243598e+00 1.057983e+00
2.951209e-02 2.868873e+00 3.054022e+00 4.190165e+00 1.064537e+00
3.019952e-02 2.823433e+00 3.023944e+00 4.137150e+00 1.071017e+00
3.090295e-02 2.778660e+00 2.993782e+00 4.084566e+00 1.077419e+00
3.162278e-02 2.734559e+00 2.963556e+00 4.032428e+00 1.083742e+00
3.235937e-02 2.691133e+00 2.933286e+00 3.980749e+00 1.089982e+00
3.311311e-02 2.648381e+00 2.902991e+00 3.929540e+00 1.096138e+00
3.388442e-02 2.606305e+00 2.872691e+00 3.878812e+00 1.102208e+00
3.467369e-02 2.564903e+00 2.842404e+00 3.828575e+00 1.108192e+00
3.548134e-02 2.524171e+00 2.812149e+00 3.778838e+00 1.114088e+00
3.630781e-02 2.484107e+00 2.781943e+00 3.729610e+00 1.119897e+00
3.715352e-02 2.444705e+00 2.751804e+00 3.680898e+00 1.125618e+00
3.801894e-02 2.405959e+00 2.721749e+00 3.632707e+00 1.131253e+00
3.890451e-02 2.367864e+00 2.691794e+00 3.585043e+00 1.136803e+00
3.981072e-02 2.330411e+00 2.661953e+00 3.537910e+00 1.142268e+00
4.073803e-02 2.293592e+00 2.632242e+00 3.491312e+00 1.147651e+00
4.168694e-02 2.257398e+00 2.602673e+00 3.445251e+00 1.152953e+00
4.265795e-02 2.221820e+00 2.573261e+00 3.399729e+00 1.158177e+00
4.365158e-02 2.186847e+00 2.544016e+00 3.354746e+00 1.163326e+00
4.466836e-02 2.152470e+00 2.514950e+00 3.310302e+00 1.168402e+00
4.570882e-02 2.118676e+00 2.486074e+00 3.266397e+00 1.173409e+00
4.677351e-02 2.085455e+00 2.457396e+00 3.223029e+00 1.178350e+00
4.786301e-02 2.052795e+00 2.428926e+00 3.180196e+00 1.183229e+00
4.897788e-02 2.020685e+00 2.400671e+00 3.137896e+00 1.188048e+00
5.011872e-02 1.989112e+00 2.372639e+00 3.096124e+00 1.192813e+00
5.128614e-02 1.958065e+00 2.344835e+00 3.054876e+00 1.197527e+00
5.248075e-02 1.927531e+00 2.317266e+00 3.014149e+00 1.202194e+00
5.370318e-02 1.897499e+00 2.289935e+00 2.973937e+00 1.206818e+00
5.495409e-02 1.867956e+00 2.262847e+00 2.934235e+00 1.211403e+00
5.623413e-02 1.838891e+00 2.236005e+00 2.895037e+00 1.215953e+00
5.754399e-02 1.810292e+00 2.209412e+00 2.856337e+00 1.220472e+00
5.888437e-02 1.782148e+00 2.183069e+00 2.818127e+00 1.224965e+00
6.025596e-02 1.754446e+00 2.156978e+00 2.780402e+00 1.229435e+00
6.165950e-02 1.727177e+00 2.131140e+00 2.743155e+00 1.233886e+00
6.309573e-02 1.700329e+00 2.105554e+00 2.706378e+00 1.238321e+00
6.456542e-02 1.673892e+00 2.080221e+00 2.670063e+00 1.242745e+00
6.606934e-02 1.647856e+00 2.055139e+00 2.634204e+00 1.247160e+00
6.760830e-02 1.622211e+00 2.030308e+00 2.598792e+00 1.251569e+00
6.918310e-02 1.596947e+00 2.005725e+00 2.563820e+00 1.255975e+00
7.079458e-02 1.572055e+00 1.981389e+00 2.529281e+00 1.260381e+00
7.244360e-02 1.547528e+00 1.957297e+00 2.495166e+00 1.264790e+00
7.413102e-02 1.523355e+00 1.933446e+00 2.461468e+00 1.269202e+00
7.585776e-02 1.499531e+00 1.909833e+00 2.428179e+00 1.273620e+00
7.762471e-02 1.476046e+00 1.886455e+00 2.395292e+00 1.278046e+00
7.943282e-02 1.452896e+00 1.863309e+00 2.362800e+00 1.282480e+00
8.128305e-02 1.430071e+00 1.840391e+00 2.330696e+00 1.286922e+00
8.317638e-02 1.407568e+00 1.817697e+00 2.298971e+00 1.291374e+00
8.511380e-02 1.385379e+00 1.795223e+00 2.267620e+00 1.295835e+00
8.709636e-02 1.363501e+00 1.772966e+00 2.236636e+00 1.300304e+00
8.912509e-02 1.341927e+00 1.750921e+00 2.206013e+00 1.304781e+00
9.120108e-02 1.320654e+00 1.729085e+00 2.175743e+00 1.309264e+00
9.332543e-02 1.299677e+00 1.707453e+00 2.145823e+00 1.313752e+00
9.549926e-02 1.278993e+00 1.686022e+00 2.116245e+00 1.318242e+00
9.772372e-02 1.258598e+00 1.664788e+00 2.087005e+00 1.322732e+00
1.000000e-01 1.238490e+00 1.643748e+00 2.058097e+00 1.327219e+00
1.023293e-01 1.218666e+00 1.622897e+00 2.029517e+00 1.331700e+00
1.047129e-01 1.199123e+00 1.602233e+00 2.001261e+00 1.336170e+00
1.071519e-01 1.179860e+00 1.581752e+00 1.973324e+00 1.340626e+00
1.096478e-01 1.160875e+00 1.561451e+00 1.945703e+00 1.345064e+00
1.122018e-01 1.142166e+00 1.541328e+00 1.918394e+00 1.349478e+00
1.148154e-01 1.123732e+00 1.521380e+00 1.891394e+00 1.353863e+00
1.174898e-01 1.105573e+00 1.501605e+00 1.864700e+00 1.358215e+00
1.202264e-01 1.087686e+00 1.482000e+00 1.838310e+00 1.362526e+00
1.230269e-01 1.070071e+00 1.462565e+00 1.812221e+00 1.366793e+00
1.258925e-01 1.052727e+00 1.443297e+00 1.786432e+00 1.371007e+00
1.288250e-01 1.035654e+00 1.424195e+00 1.760940e+00 1.375164e+00
1.318257e-01 1.018852e+00 1.405258e+00 1.735745e+00 1.379257e+00
1.348963e-01 1.002319e+00 1.386486e+00 1.710844e+00 1.383279e+00
1.380384e-01 9.860545e-01 1.367878e+00 1.686237e+00 1.387224e+00
1.412538e-01 9.700588e-01 1.349434e+00 1.661922e+00 1.391085e+00
1.445440e-01 9.543307e-01 1.331154e+00 1.637900e+00 1.394856e+00
1.479108e-01 9.388696e-01 1.313038e+00 1.614170e+00 1.398530e+00
1.513561e-01 9.236747e-01 1.295086e+00 1.590730e+00 1.402102e+00
1.548817e-01 9.087451e-01 1.277300e+00 1.567582e+00 1.405564e+00
1.584893e-01 8.940797e-01 1.259679e+00 1.544724e+00 1.408912e+00
1.621810e-01 8.796773e-01 1.242226e+00 1.522156e+00 1.412139e+00
1.659587e-01 8.655366e-01 1.224942e+00 1.499879e+00 1.415240e+00
1.698244e-01 8.516562e-01 1.207827e+00 1.477892e+00 1.418209e+00
1.737801e-01 8.380342e-01 1.190883e+00 1.456195e+00 1.421043e+00
1.778279e-01 8.246689e-01 1.174111e+00 1.434788e+00 1.423736e+00
1.819701e-01 8.115582e-01 1.157514e+00 1.413671e+00 1.426285e+00
1.862087e-01 7.986999e-01 1.141092e+00 1.392843e+00 1.428687e+00
1.905461e-01 7.860916e-01 1.124848e+00 1.372306e+00 1.430938e+00
1.949845e-01 7.737305e-01 1.108783e+00 1.352057e+00 1.433036e+00
1.995262e-01 7.616139e-01 1.092899e+00 1.332098e+00 1.434978e+00
2.041738e-01 7.497389e-01 1.077198e+00 1.312427e+00 1.436764e+00
2.089296e-01 7.381021e-01 1.061681e+00 1.293043e+00 1.438393e+00
2.137962e-01 7.267002e-01 1.046349e+00 1.273947e+00 1.439864e+00
2.187762e-01 7.155298e-01 1.031205e+00 1.255136e+00 1.441177e+00
2.238721e-01 7.045871e-01 1.016250e+00 1.236611e+00 1.442334e+00
2.290868e-01 6.938682e-01 1.001484e+00 1.218369e+00 1.443335e+00
2.344229e-01 6.833691e-01 9.869103e-01 1.200410e+00 1.444183e+00
2.398833e-01 6.730858e-01 9.725287e-01 1.182733e+00 1.444881e+00
2.454709e-01 6.630140e-01 9.583405e-01 1.165334e+00 1.445430e+00
2.511886e-01 6.531493e-01 9.443465e-01 1.148214e+00 1.445836e+00
2.570396e-01 6.434873e-01 9.305474e-01 1.131368e+00 1.446101e+00
2.630268e-01 6.340235e-01 9.169438e-01 1.114797e+00 1.446230e+00
2.691535e-01 6.247532e-01 9.035361e-01 1.098496e+00 1.446229e+00
2.754229e-01 6.156719e-01 8.903245e-01 1.082465e+00 1.446102e+00
2.818383e-01 6.067749e-01 8.773091e-01 1.066699e+00 1.445856e+00
2.884032e-01 5.980574e-01 8.644897e-01 1.051197e+00 1.445496e+00
2.951209e-01 5.895148e-01 8.518662e-01 1.035955e+00 1.445029e+00
3.019952e-01 5.811422e-01 8.394380e-01 1.020971e+00 1.444462e+00
3.090295e-01 5.729350e-01 8.272048e-01 1.006242e+00 1.443802e+00
3.162278e-01 5.648885e-01 8.151656e-01 9.917630e-01 1.443056e+00
3.235937e-01 5.569979e-01 8.033197e-01 9.775322e-01 1.442231e+00
3.311311e-01 5.492588e-01 7.916659e-01 9.635456e-01 1.441335e+00
3.388442e-01 5.416664e-01 7.802032e-01 9.497997e-01 1.440376e+00
3.467369e-01 5.342162e-01 7.689302e-01 9.362909e-01 1.439361e+00
3.548134e-01 5.269039e-01 7.578455e-01 9.230155e-01 1.438299e+00
3.630781e-01 5.197250e-01 7.469475e-01 9.099696e-01 1.437198e+00
3.715352e-01 5.126753e-01 7.362346e-01 8.971496e-01 1.436064e+00
3.801894e-01 5.057505e-01 7.257049e-01 8.845514e-01 1.434907e+00
3.890451e-01 4.989465e-01 7.153565e-01 8.721712e-01 1.433734e+00
3.981072e-01 4.922593e-01 7.051875e-01 8.600050e-01 1.432553e+00
4.073803e-01 4.856849e-01 6.951958e-01 8.480490e-01 1.431372e+00
4.168694e-01 4.792197e-01 6.853792e-01 8.362991e-01 1.430198e+00
4.265795e-01 4.728598e-01 6.757355e-01 8.247514e-01 1.429040e+00
4.365158e-01 4.666016e-01 6.662624e-01 8.134019e-01 1.427904e+00
4.466836e-01 4.604417e-01 6.569576e-01 8.022468e-01 1.426799e+00
4.570882e-01 4.543767e-01 6.478187e-01 7.912820e-01 1.425730e+00
4.677351e-01 4.484033e-01 6.388432e-01 7.805038e-01 1.424707e+00
4.786301e-01 4.425183e-01 6.300287e-01 7.699081e-01 1.423735e+00
4.897788e-01 4.367187e-01 6.213726e-01 7.594913e-01 1.422821e+00
5.011872e-01 4.310015e-01 6.128725e-01 7.492496e-01 1.421973e+00
5.128614e-01 4.253638e-01 6.045257e-01 7.391791e-01 1.421197e+00
5.248075e-01 4.198030e-01 5.963298e-01 7.292762e-01 1.420499e+00
5.370318e-01 4.143163e-01 5.882822e-01 7.195373e-01 1.419887e+00
5.495409e-01 4.089013e-01 5.803803e-01 7.099588e-01 1.419365e+00
5.623413e-01 4.035553e-01 5.726215e-01 7.005372e-01 1.418942e+00
5.754399e-01 3.982761e-01 5.650034e-01 6.912689e-01 1.418622e+00
5.888437e-01 3.930614e-01 5.575232e-01 6.821506e-01 1.418413e+00
6.025596e-01 3.879089e-01 5.501786e-01 6.731788e-01 1.418319e+00
6.165950e-01 3.828165e-01 5.429669e-01 6.643504e-01 1.418348e+00
6.309573e-01 3.777821e-01 5.358856e-01 6.556621e-01 1.418504e+00
6.456542e-01 3.728039e-01 5.289323e-01 6.471106e-01 1.418795e+00
6.606934e-01 3.678798e-01 5.221045e-01 6.386929e-01 1.419226e+00
6.760830e-01 3.630081e-01 5.153997e-01 6.304060e-01 1.419802e+00
6.918310e-01 3.581869e-01 5.088154e-01 6.222467e-01 1.420530e+00
7.079458e-01 3.534145e-01 5.023493e-01 6.142122e-01 1.421417e+00
7.244360e-01 3.486893e-01 4.959989e-01 6.062995e-01 1.422466e+00
7.413102e-01 3.440097e-01 4.897618e-01 5.985059e-01 1.423686e+00
7.585776e-01 3.393740e-01 4.836358e-01 5.908285e-01 1.425082e+00
7.762471e-01 3.347809e-01 4.776184e-01 5.832646e-01 1.426660e+00
7.943282e-01 3.302288e-01 4.717074e-01 5.758115e-01 1.428426e+00
8.128305e-01 3.257163e-01 4.659004e-01 5.684666e-01 1.430387e+00
8.317638e-01 3.212422e-01 4.601951e-01 5.612273e-01 1.432549e+00
8.511380e-01 3.168049e-01 4.545894e-01 5.540910e-01 1.434919e+00
8.709636e-01 3.124034e-01 4.490809e-01 5.470553e-01 1.437503e+00
8.912509e-01 3.080363e-01 4.436673e-01 5.401176e-01 1.440309e+00
9.120108e-01 3.037024e-01 4.383466e-01 5.332756e-01 1.443342e+00
9.332543e-01 2.994007e-01 4.331164e-01 5.265269e-01 1.446611e+00
9.549926e-01 2.951299e-01 4.279747e-01 5.198692e-01 1.450123e+00
9.772372e-01 2.908890e-01 4.229191e-01 5.133000e-01 1.453885e+00
1.000000e+00 2.866769e-01 4.179475e-01 5.068173e-01 1.457904e+00
1.023293e+00 2.824927e-01 4.130578e-01 5.004187e-01 1.462189e+00
1.047129e+00 2.783354e-01 4.082478e-01 4.941021e-01 1.466747e+00
1.071519e+00 2.742041e-01 4.035153e-01 4.878652e-01 1.471587e+00
1.096478e+00 2.700979e-01 3.988582e-01 4.817060e-01 1.476717e+00
1.122018e+00 2.660159e-01 3.942743e-01 4.756224e-01 1.482146e+00
1.148154e+00 2.619573e-01 3.897616e-01 4.696123e-01 1.487882e+00
1.174898e+00 2.579215e-01 3.853178e-01 4.636737e-01 1.493935e+00
1.202264e+00 2.539076e-01 3.809409e-01 4.578046e-01 1.500313e+00
1.230269e+00 2.499151e-01 3.766287e-01 4.520030e-01 1.507027e+00
1.258925e+00 2.459432e-01 3.723790e-01 4.462670e-01 1.514085e+00
1.288250e+00 2.419916e-01 3.681899e-01 4.405947e-01 1.521499e+00
1.318257e+00 2.380595e-01 3.640591e-01 4.349843e-01 1.529277e+00
1.348963e+00 2.341467e-01 3.599845e-01 4.294340e-01 1.537432e+00
1.380384e+00 2.302526e-01 3.559641e-01 4.239419e-01 1.545972e+00
1.412538e+00 2.263770e-01 3.519957e-01 4.185063e-01 1.554909e+00
1.445440e+00 2.225195e-01 3.480773e-01 4.131256e-01 1.564255e+00
1.479108e+00 2.186800e-01 3.442068e-01 4.077981e-01 1.574020e+00
1.513561e+00 2.148582e-01 3.403821e-01 4.025221e-01 1.584217e+00
1.548817e+00 2.110542e-01 3.366012e-01 3.972961e-01 1.594857e+00
1.584893e+00 2.072677e-01 3.328621e-01 3.921187e-01 1.605952e+00
1.621810e+00 2.034990e-01 3.291627e-01 3.869883e-01 1.617515e+00
1.659587e+00 1.997480e-01 3.255011e-01 3.819034e-01 1.629559e+00
1.698244e+00 1.960150e-01 3.218754e-01 3.768629e-01 1.642096e+00
1.737801e+00 1.923001e-01 3.182836e-01 3.718653e-01 1.655140e+00
1.778279e+00 1.886038e-01 3.147239e-01 3.669094e-01 1.668704e+00
1.819701e+00 1.849263e-01 3.111944e-01 3.619941e-01 1.682802e+00
1.862087e+00 1.812681e-01 3.076933e-01 3.571181e-01 1.697449e+00
1.905461e+00 1.776298e-01 3.042190e-01 3.522805e-01 1.712657e+00
1.949845e+00 1.740118e-01 3.007696e-01 3.474801e-01 1.728443e+00
1.995262e+00 1.704149e-01 2.973435e-01 3.427162e-01 1.744822e+00
2.041738e+00 1.668396e-01 2.939393e-01 3.379878e-01 1.761807e+00
2.089296e+00 1.632869e-01 2.905553e-01 3.332942e-01 1.779416e+00
2.137962e+00 1.597574e-01 2.871901e-01 3.286345e-01 1.797664e+00
2.187762e+00 1.562521e-01 2.838424e-01 3.240081e-01 1.816567e+00
2.238721e+00 1.527718e-01 2.805108e-01 3.194144e-01 1.836143e+00
2.290868e+00 1.493176e-01 2.771941e-01 3.148529e-01 1.856407e+00
2.344229e+00 1.458903e-01 2.738912e-01 3.103231e-01 1.877378e+00
2.398833e+00 1.424912e-01 2.706010e-01 3.058246e-01 1.899072e+00
2.454709e+00 1.391212e-01 2.673226e-01 3.013570e-01 1.921509e+00
2.511886e+00 1.357814e-01 2.640549e-01 2.969202e-01 1.944707e+00
2.570396e+00 1.324730e-01 2.607974e-01 2.925138e-01 1.968683e+00
2.630268e+00 1.291971e-01 2.575491e-01 2.881379e-01 1.993459e+00
2.691535e+00 1.259549e-01 2.543096e-01 2.837922e-01 2.019053e+00
2.754229e+00 1.227475e-01 2.510783e-01 2.794767e-01 2.045486e+00
2.818383e+00 1.195762e-01 2.478547e-01 2.751916e-01 2.072777e+00
2.884032e+00 1.164420e-01 2.446386e-01 2.709369e-01 2.100948e+00
2.951209e+00 1.133462e-01 2.414297e-01 2.667126e-01 2.130021e+00
3.019952e+00 1.102898e-01 2.382278e-01 2.625192e-01 2.160016e+00
3.090295e+00 1.072741e-01 2.350329e-01 2.583567e-01 2.190957e+00
3.162278e+00 1.043001e-01 2.318450e-01 2.542255e-01 2.222865e+00
3.235937e+00 1.013688e-01 2.286642e-01 2.501258e-01 2.255765e+00
3.311311e+00 9.848136e-02 2.254907e-01 2.460582e-01 2.289679e+00
3.388442e+00 9.563872e-02 2.223248e-01 2.420229e-01 2.324632e+00
3.467369e+00 9.284183e-02 2.191669e-01 2.380204e-01 2.360648e+00
3.548134e+00 9.009158e-02 2.160173e-01 2.340512e-01 2.397752e+00
3.630781e+00 8.738883e-02 2.128766e-01 2.301157e-01 2.435970e+00
3.715352e+00 8.473435e-02 2.097453e-01 2.262145e-01 2.475328e+00
3.801894e+00 8.212886e-02 2.066241e-01 2.223481e-01 2.515853e+00
3.890451e+00 7.957304e-02 2.035137e-01 2.185170e-01 2.557571e+00
3.981072e+00 7.706747e-02 2.004147e-01 2.147218e-01 2.600510e+00
4.073803e+00 7.461267e-02 1.973279e-01 2.109630e-01 2.644697e+00
4.168694e+00 7.220910e-02 1.942543e-01 2.072411e-01 2.690163e+00
4.265795e+00 6.985713e-02 1.911945e-01 2.035568e-01 2.736936e+00
4.365158e+00 6.755707e-02 1.881495e-01 1.999105e-01 2.785046e+00
4.466836e+00 6.530915e-02 1.851203e-01 1.963028e-01 2.834523e+00
4.570882e+00 6.311352e-02 1.821076e-01 1.927343e-01 2.885398e+00
4.677351e+00 6.097027e-02 1.791125e-01 1.892054e-01 2.937703e+00
4.786301e+00 5.887941e-02 1.761359e-01 1.857166e-01 2.991470e+00
4.897788e+00 5.684086e-02 1.731788e-01 1.822685e-01 3.046731e+00
5.011872e+00 5.485450e-02 1.702421e-01 1.788614e-01 3.103521e+00
5.128614e+00 5.292012e-02 1.673267e-01 1.754958e-01 3.161874e+00
5.248075e+00 5.103744e-02 1.644336e-01 1.721721e-01 3.221824e+00
5.370318e+00 4.920612e-02 1.615637e-01 1.688907e-01 3.283407e+00
5.495409e+00 4.742576e-02 1.587179e-01 1.656520e-01 3.346660e+00
5.623413e+00 4.569591e-02 1.558970e-01 1.624562e-01 3.411619e+00
5.754399e+00 4.401603e-02 1.531020e-01 1.593035e-01 3.478322e+00
5.888437e+00 4.238557e-02 1.503335e-01 1.561944e-01 3.546809e+00
6.025596e+00 4.080389e-02 1.475924e-01 1.531290e-01 3.617117e+00
6.165950e+00 3.927032e-02 1.448795e-01 1.501074e-01 3.689288e+00
6.309573e+00 3.778415e-02 1.421955e-01 1.471299e-01 3.763364e+00
6.456542e+00 3.634462e-02 1.395410e-01 1.441965e-01 3.839384e+00
6.606934e+00 3.495095e-02 1.369167e-01 1.413073e-01 3.917394e+00
6.760830e+00 3.360231e-02 1.343231e-01 1.384623e-01 3.997437e+00
6.918310e+00 3.229784e-02 1.317608e-01 1.356616e-01 4.079557e+00
7.079458e+00 3.103666e-02 1.292304e-01 1.329052e-01 4.163800e+00
7.244360e+00 2.981787e-02 1.267323e-01 1.301929e-01 4.250213e+00
7.413102e+00 2.864055e-02 1.242669e-01 1.275247e-01 4.338845e+00
7.585776e+00 2.750375e-02 1.218346e-01 1.249005e-01 4.429744e+00
7.762471e+00 2.640653e-02 1.194357e-01 1.223200e-01 4.522960e+00
7.943282e+00 2.534793e-02 1.170705e-01 1.197833e-01 4.618545e+00
8.128305e+00 2.432696e-02 1.147393e-01 1.172899e-01 4.716550e+00
8.317638e+00 2.334267e-02 1.124423e-01 1.148397e-01 4.817030e+00
8.511380e+00 2.239406e-02 1.101796e-01 1.124324e-01 4.920038e+00
8.709636e+00 2.148017e-02 1.079514e-01 1.100678e-01 5.025633e+00
8.912509e+00 2.060002e-02 1.057578e-01 1.077454e-01 5.133869e+00
9.120108e+00 1.975264e-02 1.035988e-01 1.054650e-01 5.244807e+00
9.332543e+00 1.893707e-02 1.014744e-01 1.032263e-01 5.358507e+00
9.549926e+00 1.815235e-02 9.938462e-02 1.010288e-01 5.475029e+00
9.772372e+00 1.739753e-02 9.732942e-02 9.887209e-02 5.594437e+00
1.000000e+01 1.667170e-02 9.530869e-02 9.675584e-02 5.716795e+00
