1.000000e-06 4.538243e+01 4.225878e-01 4.538439e+01 9.311707e-03
1.023293e-06 4.538211e+01 4.324257e-01 4.538417e+01 9.528549e-03
1.047129e-06 4.538178e+01 4.424922e-01 4.538394e+01 9.750437e-03
1.071519e-06 4.538144e+01 4.527928e-01 4.538370e+01 9.977490e-03
1.096478e-06 4.538108e+01 4.633329e-01 4.538344e+01 1.020983e-02
1.122018e-06 4.538070e+01 4.741181e-01 4.538318e+01 1.044757e-02
1.148154e-06 4.538030e+01 4.851539e-01 4.538290e+01 1.069085e-02
1.174898e-06 4.537989e+01 4.964462e-01 4.538261e+01 1.093978e-02
1.202264e-06 4.537946e+01 5.080009e-01 4.538230e+01 1.119451e-02
1.230269e-06 4.537900e+01 5.198242e-01 4.538198e+01 1.145517e-02
1.258925e-06 4.537853e+01 5.319222e-01 4.538164e+01 1.172189e-02
1.288250e-06 4.537803e+01 5.443012e-01 4.538129e+01 1.199482e-02
1.318257e-06 4.537751e+01 5.569678e-01 4.538093e+01 1.227409e-02
1.348963e-06 4.537696e+01 5.699286e-01 4.538054e+01 1.255987e-02
1.380384e-06 4.537639e+01 5.831903e-01 4.538014e+01 1.285229e-02
1.412538e-06 4.537579e+01 5.967601e-01 4.537972e+01 1.315151e-02
1.445440e-06 4.537517e+01 6.106448e-01 4.537927e+01 1.345769e-02
1.479108e-06 4.537451e+01 6.248519e-01 4.537881e+01 1.377099e-02
1.513561e-06 4.537382e+01 6.393887e-01 4.537833e+01 1.409158e-02
1.548817e-06 4.537310e+01 6.542628e-01 4.537782e+01 1.441962e-02
1.584893e-06 4.537235e+01 6.694820e-01 4.537729e+01 1.475529e-02
1.621810e-06 4.537156e+01 6.850542e-01 4.537673e+01 1.509876e-02
1.659587e-06 4.537074e+01 7.009876e-01 4.537615e+01 1.545021e-02
1.698244e-06 4.536987e+01 7.172905e-01 4.537554e+01 1.580984e-02
1.737801e-06 4.536897e+01 7.339713e-01 4.537490e+01 1.617783e-02
1.778279e-06 4.536802e+01 7.510387e-01 4.537423e+01 1.655436e-02
1.819701e-06 4.536703e+01 7.685016e-01 4.537354e+01 1.693965e-02
1.862087e-06 4.536599e+01 7.863690e-01 4.537280e+01 1.733389e-02
1.905461e-06 4.536490e+01 8.046502e-01 4.537204e+01 1.773729e-02
1.949845e-06 4.536376e+01 8.233547e-01 4.537123e+01 1.815005e-02
1.995262e-06 4.536257e+01 8.424922e-01 4.537039e+01 1.857241e-02
2.041738e-06 4.536132e+01 8.620725e-01 4.536951e+01 1.900457e-02
2.089296e-06 4.536001e+01 8.821058e-01 4.536859e+01 1.944677e-02
2.137962e-06 4.535864e+01 9.026024e-01 4.536762e+01 1.989924e-02
2.187762e-06 4.535721e+01 9.235728e-01 4.536661e+01 2.036220e-02
2.238721e-06 4.535571e+01 9.450278e-01 4.536555e+01 2.083592e-02
2.290868e-06 4.535414e+01 9.669784e-01 4.536445e+01 2.132062e-02
2.344229e-06 4.535249e+01 9.894359e-01 4.536329e+01 2.181657e-02
2.398833e-06 4.535077e+01 1.012412e+00 4.536207e+01 2.232403e-02
2.454709e-06 4.534897e+01 1.035918e+00 4.536080e+01 2.284325e-02
2.511886e-06 4.534708e+01 1.059966e+00 4.535947e+01 2.337451e-02
2.570396e-06 4.534511e+01 1.084568e+00 4.535807e+01 2.391809e-02
2.630268e-06 4.534304e+01 1.109738e+00 4.535662e+01 2.447427e-02
2.691535e-06 4.534087e+01 1.135486e+00 4.535509e+01 2.504333e-02
2.754229e-06 4.533860e+01 1.161828e+00 4.535349e+01 2.562558e-02
2.818383e-06 4.533623e+01 1.188775e+00 4.535181e+01 2.622131e-02
2.884032e-06 4.533375e+01 1.216342e+00 4.535006e+01 2.683084e-02
2.951209e-06 4.533114e+01 1.244542e+00 4.534822e+01 2.745447e-02
3.019952e-06 4.532842e+01 1.273390e+00 4.534630e+01 2.809253e-02
3.090295e-06 4.532557e+01 1.302900e+00 4.534429e+01 2.874536e-02
3.162278e-06 4.532258e+01 1.333086e+00 4.534218e+01 2.941328e-02
3.235937e-06 4.531946e+01 1.363963e+00 4.533998e+01 3.009664e-02
3.311311e-06 4.531619e+01 1.395548e+00 4.533767e+01 3.079579e-02
3.388442e-06 4.531276e+01 1.427855e+00 4.533525e+01 3.151110e-02
3.467369e-06 4.530918e+01 1.460900e+00 4.533272e+01 3.224292e-02
3.548134e-06 4.530543e+01 1.494700e+00 4.533008e+01 3.299163e-02
3.630781e-06 4.530150e+01 1.529271e+00 4.532730e+01 3.375762e-02
3.715352e-06 4.529739e+01 1.564630e+00 4.532440e+01 3.454128e-02
3.801894e-06 4.529308e+01 1.600793e+00 4.532136e+01 3.534299e-02
3.890451e-06 4.528858e+01 1.637779e+00 4.531818e+01 3.616318e-02
3.981072e-06 4.528387e+01 1.675605e+00 4.531486e+01 3.700225e-02
4.073803e-06 4.527893e+01 1.714289e+00 4.531137e+01 3.786064e-02
4.168694e-06 4.527377e+01 1.753850e+00 4.530772e+01 3.873877e-02
4.265795e-06 4.526836e+01 1.794306e+00 4.530391e+01 3.963709e-02
4.365158e-06 4.526270e+01 1.835676e+00 4.529991e+01 4.055604e-02
4.466836e-06 4.525678e+01 1.877980e+00 4.529573e+01 4.149609e-02
4.570882e-06 4.525059e+01 1.921236e+00 4.529135e+01 4.245771e-02
4.677351e-06 4.524410e+01 1.965466e+00 4.528677e+01 4.344138e-02
4.786301e-06 4.523731e+01 2.010689e+00 4.528198e+01 4.444758e-02
4.897788e-06 4.523021e+01 2.056926e+00 4.527696e+01 4.547682e-02
5.011872e-06 4.522278e+01 2.104198e+00 4.527171e+01 4.652960e-02
5.128614e-06 4.521500e+01 2.152525e+00 4.526621e+01 4.760644e-02
5.248075e-06 4.520687e+01 2.201930e+00 4.526046e+01 4.870786e-02
5.370318e-06 4.519835e+01 2.252433e+00 4.525444e+01 4.983441e-02
5.495409e-06 4.518944e+01 2.304057e+00 4.524814e+01 5.098663e-02
5.623413e-06 4.518012e+01 2.356825e+00 4.524155e+01 5.216508e-02
5.754399e-06 4.517037e+01 2.410758e+00 4.523466e+01 5.337033e-02
5.888437e-06 4.516017e+01 2.465879e+00 4.522744e+01 5.460295e-02
6.025596e-06 4.514950e+01 2.522211e+00 4.521989e+01 5.586354e-02
6.165950e-06 4.513833e+01 2.579777e+00 4.521199e+01 5.715269e-02
6.309573e-06 4.512665e+01 2.638601e+00 4.520373e+01 5.847102e-02
6.456542e-06 4.511444e+01 2.698707e+00 4.519508e+01 5.981913e-02
6.606934e-06 4.510166e+01 2.760117e+00 4.518604e+01 6.119767e-02
6.760830e-06 4.508830e+01 2.822855e+00 4.517658e+01 6.260726e-02
6.918310e-06 4.507432e+01 2.886946e+00 4.516668e+01 6.404857e-02
7.079458e-06 4.505971e+01 2.952413e+00 4.515633e+01 6.552224e-02
7.244360e-06 4.504443e+01 3.019281e+00 4.514550e+01 6.702896e-02
7.413102e-06 4.502845e+01 3.087573e+00 4.513418e+01 6.856939e-02
7.585776e-06 4.501174e+01 3.157314e+00 4.512234e+01 7.014423e-02
7.762471e-06 4.499427e+01 3.228527e+00 4.510995e+01 7.175417e-02
7.943282e-06 4.497601e+01 3.301236e+00 4.509700e+01 7.339993e-02
8.128305e-06 4.495692e+01 3.375465e+00 4.508346e+01 7.508222e-02
8.317638e-06 4.493697e+01 3.451238e+00 4.506931e+01 7.680176e-02
8.511380e-06 4.491612e+01 3.528578e+00 4.505450e+01 7.855929e-02
8.709636e-06 4.489432e+01 3.607508e+00 4.503903e+01 8.035555e-02
8.912509e-06 4.487155e+01 3.688050e+00 4.502285e+01 8.219128e-02
9.120108e-06 4.484775e+01 3.770227e+00 4.500595e+01 8.406725e-02
9.332543e-06 4.482289e+01 3.854061e+00 4.498828e+01 8.598421e-02
9.549926e-06 4.479692e+01 3.939572e+00 4.496981e+01 8.794293e-02
9.772372e-06 4.476979e+01 4.026782e+00 4.495051e+01 8.994419e-02
1.000000e-05 4.474145e+01 4.115711e+00 4.493035e+01 9.198877e-02
1.023293e-05 4.471186e+01 4.206377e+00 4.490928e+01 9.407743e-02
1.047129e-05 4.468096e+01 4.298799e+00 4.488728e+01 9.621098e-02
1.071519e-05 4.464870e+01 4.392994e+00 4.486429e+01 9.839019e-02
1.096478e-05 4.461502e+01 4.488978e+00 4.484028e+01 1.006159e-01
1.122018e-05 4.457987e+01 4.586767e+00 4.481521e+01 1.028888e-01
1.148154e-05 4.454318e+01 4.686375e+00 4.478903e+01 1.052097e-01
1.174898e-05 4.450490e+01 4.787813e+00 4.476170e+01 1.075794e-01
1.202264e-05 4.446496e+01 4.891092e+00 4.473316e+01 1.099988e-01
1.230269e-05 4.442330e+01 4.996222e+00 4.470338e+01 1.124685e-01
1.258925e-05 4.437986e+01 5.103210e+00 4.467230e+01 1.149893e-01
1.288250e-05 4.433455e+01 5.212061e+00 4.463987e+01 1.175621e-01
1.318257e-05 4.428731e+01 5.322779e+00 4.460603e+01 1.201875e-01
1.348963e-05 4.423807e+01 5.435366e+00 4.457074e+01 1.228662e-01
1.380384e-05 4.418676e+01 5.549819e+00 4.453392e+01 1.255991e-01
1.412538e-05 4.413330e+01 5.666134e+00 4.449554e+01 1.283868e-01
1.445440e-05 4.407760e+01 5.784306e+00 4.445552e+01 1.312301e-01
1.479108e-05 4.401960e+01 5.904325e+00 4.441381e+01 1.341295e-01
1.513561e-05 4.395921e+01 6.026179e+00 4.437034e+01 1.370857e-01
1.548817e-05 4.389634e+01 6.149850e+00 4.432504e+01 1.400994e-01
1.584893e-05 4.383091e+01 6.275321e+00 4.427786e+01 1.431711e-01
1.621810e-05 4.376285e+01 6.402568e+00 4.422872e+01 1.463015e-01
1.659587e-05 4.369205e+01 6.531565e+00 4.417755e+01 1.494909e-01
1.698244e-05 4.361843e+01 6.662280e+00 4.412429e+01 1.527400e-01
1.737801e-05 4.354190e+01 6.794679e+00 4.406886e+01 1.560492e-01
1.778279e-05 4.346237e+01 6.928723e+00 4.401119e+01 1.594189e-01
1.819701e-05 4.337976e+01 7.064366e+00 4.395121e+01 1.628494e-01
1.862087e-05 4.329397e+01 7.201561e+00 4.388884e+01 1.663410e-01
1.905461e-05 4.320490e+01 7.340253e+00 4.382400e+01 1.698940e-01
1.949845e-05 4.311248e+01 7.480384e+00 4.375662e+01 1.735086e-01
1.995262e-05 4.301660e+01 7.621890e+00 4.368662e+01 1.771849e-01
2.041738e-05 4.291718e+01 7.764699e+00 4.361393e+01 1.809229e-01
2.089296e-05 4.281412e+01 7.908738e+00 4.353846e+01 1.847226e-01
2.137962e-05 4.270735e+01 8.053925e+00 4.346014e+01 1.885840e-01
2.187762e-05 4.259677e+01 8.200173e+00 4.337889e+01 1.925069e-01
2.238721e-05 4.248230e+01 8.347388e+00 4.329463e+01 1.964910e-01
2.290868e-05 4.236386e+01 8.495473e+00 4.320729e+01 2.005359e-01
2.344229e-05 4.224137e+01 8.644321e+00 4.311679e+01 2.046411e-01
2.398833e-05 4.211475e+01 8.793822e+00 4.302305e+01 2.088062e-01
2.454709e-05 4.198393e+01 8.943859e+00 4.292602e+01 2.130305e-01
2.511886e-05 4.184884e+01 9.094307e+00 4.282560e+01 2.173132e-01
2.570396e-05 4.170942e+01 9.245038e+00 4.272174e+01 2.216535e-01
2.630268e-05 4.156562e+01 9.395917e+00 4.261436e+01 2.260502e-01
2.691535e-05 4.141737e+01 9.546802e+00 4.250341e+01 2.305024e-01
2.754229e-05 4.126463e+01 9.697547e+00 4.238882e+01 2.350087e-01
2.818383e-05 4.110737e+01 9.848001e+00 4.227054e+01 2.395678e-01
2.884032e-05 4.094554e+01 9.998006e+00 4.214851e+01 2.441782e-01
2.951209e-05 4.077913e+01 1.014740e+01 4.202269e+01 2.488381e-01
3.019952e-05 4.060811e+01 1.029602e+01 4.189304e+01 2.535459e-01
3.090295e-05 4.043248e+01 1.044370e+01 4.175951e+01 2.582997e-01
3.162278e-05 4.025224e+01 1.059025e+01 4.162207e+01 2.630972e-01
3.235937e-05 4.006740e+01 1.073552e+01 4.148069e+01 2.679364e-01
3.311311e-05 3.987798e+01 1.087931e+01 4.133536e+01 2.728149e-01
3.388442e-05 3.968400e+01 1.102145e+01 4.118607e+01 2.777302e-01
3.467369e-05 3.948552e+01 1.116175e+01 4.103280e+01 2.826797e-01
3.548134e-05 3.928257e+01 1.130005e+01 4.087556e+01 2.876606e-01
3.630781e-05 3.907522e+01 1.143615e+01 4.071435e+01 2.926701e-01
3.715352e-05 3.886355e+01 1.156987e+01 4.054920e+01 2.977050e-01
3.801894e-05 3.864764e+01 1.170105e+01 4.038013e+01 3.027623e-01
3.890451e-05 3.842759e+01 1.182950e+01 4.020717e+01 3.078387e-01
3.981072e-05 3.820350e+01 1.195506e+01 4.003037e+01 3.129309e-01
4.073803e-05 3.797549e+01 1.207755e+01 3.984978e+01 3.180354e-01
4.168694e-05 3.774369e+01 1.219682e+01 3.966546e+01 3.231487e-01
4.265795e-05 3.750824e+01 1.231272e+01 3.947747e+01 3.282671e-01
4.365158e-05 3.726929e+01 1.242510e+01 3.928591e+01 3.333870e-01
4.466836e-05 3.702700e+01 1.253381e+01 3.909085e+01 3.385047e-01
4.570882e-05 3.678153e+01 1.263874e+01 3.889240e+01 3.436164e-01
4.677351e-05 3.653307e+01 1.273975e+01 3.869066e+01 3.487183e-01
4.786301e-05 3.628181e+01 1.283675e+01 3.848573e+01 3.538067e-01
4.897788e-05 3.602793e+01 1.292962e+01 3.827776e+01 3.588778e-01
5.011872e-05 3.577163e+01 1.301830e+01 3.806686e+01 3.639280e-01
5.128614e-05 3.551312e+01 1.310269e+01 3.785317e+01 3.689535e-01
5.248075e-05 3.525261e+01 1.318275e+01 3.763683e+01 3.739510e-01
5.370318e-05 3.499031e+01 1.325841e+01 3.741801e+01 3.789168e-01
5.495409e-05 3.472643e+01 1.332966e+01 3.719684e+01 3.838476e-01
5.623413e-05 3.446120e+01 1.339646e+01 3.697350e+01 3.887404e-01
5.754399e-05 3.419483e+01 1.345881e+01 3.674814e+01 3.935920e-01
5.888437e-05 3.392753e+01 1.351671e+01 3.652094e+01 3.983996e-01
6.025596e-05 3.365953e+01 1.357020e+01 3.629207e+01 4.031606e-01
6.165950e-05 3.339103e+01 1.361929e+01 3.606169e+01 4.078727e-01
6.309573e-05 3.312224e+01 1.366404e+01 3.583000e+01 4.125337e-01
6.456542e-05 3.285337e+01 1.370451e+01 3.559715e+01 4.171416e-01
6.606934e-05 3.258460e+01 1.374076e+01 3.536333e+01 4.216950e-01
6.760830e-05 3.231614e+01 1.377290e+01 3.512870e+01 4.261926e-01
6.918310e-05 3.204816e+01 1.380100e+01 3.489344e+01 4.306332e-01
7.079458e-05 3.178084e+01 1.382519e+01 3.465772e+01 4.350164e-01
7.244360e-05 3.151433e+01 1.384556e+01 3.442169e+01 4.393418e-01
7.413102e-05 3.124880e+01 1.386226e+01 3.418552e+01 4.436093e-01
7.585776e-05 3.098438e+01 1.387541e+01 3.394936e+01 4.478194e-01
7.762471e-05 3.072121e+01 1.388515e+01 3.371335e+01 4.519727e-01
7.943282e-05 3.045940e+01 1.389163e+01 3.347764e+01 4.560703e-01
8.128305e-05 3.019907e+01 1.389500e+01 3.324236e+01 4.601135e-01
8.317638e-05 2.994030e+01 1.389542e+01 3.300764e+01 4.641041e-01
8.511380e-05 2.968318e+01 1.389304e+01 3.277358e+01 4.680442e-01
8.709636e-05 2.942777e+01 1.388802e+01 3.254030e+01 4.719360e-01
8.912509e-05 2.917414e+01 1.388054e+01 3.230789e+01 4.757822e-01
9.120108e-05 2.892232e+01 1.387074e+01 3.207644e+01 4.795859e-01
9.332543e-05 2.867235e+01 1.385878e+01 3.184603e+01 4.833501e-01
9.549926e-05 2.842424e+01 1.384483e+01 3.161672e+01 4.870784e-01
9.772372e-05 2.817800e+01 1.382905e+01 3.138857e+01 4.907745e-01
1.000000e-04 2.793363e+01 1.381157e+01 3.116163e+01 4.944422e-01
1.023293e-04 2.769111e+01 1.379254e+01 3.093593e+01 4.980856e-01
1.047129e-04 2.745041e+01 1.377212e+01 3.071150e+01 5.017089e-01
1.071519e-04 2.721150e+01 1.375042e+01 3.048836e+01 5.053164e-01
1.096478e-04 2.697433e+01 1.372758e+01 3.026650e+01 5.089126e-01
1.122018e-04 2.673885e+01 1.370371e+01 3.004593e+01 5.125019e-01
1.148154e-04 2.650499e+01 1.367893e+01 2.982663e+01 5.160889e-01
1.174898e-04 2.627269e+01 1.365334e+01 2.960858e+01 5.196780e-01
1.202264e-04 2.604187e+01 1.362702e+01 2.939174e+01 5.232737e-01
1.230269e-04 2.581244e+01 1.360007e+01 2.917609e+01 5.268805e-01
1.258925e-04 2.558433e+01 1.357255e+01 2.896156e+01 5.305026e-01
1.288250e-04 2.535744e+01 1.354453e+01 2.874811e+01 5.341442e-01
1.318257e-04 2.513168e+01 1.351606e+01 2.853568e+01 5.378094e-01
1.348963e-04 2.490696e+01 1.348717e+01 2.832420e+01 5.415020e-01
1.380384e-04 2.468318e+01 1.345790e+01 2.811360e+01 5.452257e-01
1.412538e-04 2.446025e+01 1.342828e+01 2.790381e+01 5.489837e-01
1.445440e-04 2.423807e+01 1.339830e+01 2.769474e+01 5.527793e-01
1.479108e-04 2.401654e+01 1.336797e+01 2.748631e+01 5.566153e-01
1.513561e-04 2.379558e+01 1.333728e+01 2.727843e+01 5.604941e-01
1.548817e-04 2.357510e+01 1.330621e+01 2.707103e+01 5.644180e-01
1.584893e-04 2.335501e+01 1.327472e+01 2.686401e+01 5.683887e-01
1.621810e-04 2.313523e+01 1.324279e+01 2.665728e+01 5.724077e-01
1.659587e-04 2.291570e+01 1.321035e+01 2.645075e+01 5.764758e-01
1.698244e-04 2.269633e+01 1.317735e+01 2.624435e+01 5.805938e-01
1.737801e-04 2.247707e+01 1.314373e+01 2.603798e+01 5.847618e-01
1.778279e-04 2.225787e+01 1.310943e+01 2.583157e+01 5.889794e-01
1.819701e-04 2.203868e+01 1.307436e+01 2.562503e+01 5.932460e-01
1.862087e-04 2.181945e+01 1.303843e+01 2.541828e+01 5.975602e-01
1.905461e-04 2.160016e+01 1.300158e+01 2.521127e+01 6.019203e-01
1.949845e-04 2.138080e+01 1.296369e+01 2.500392e+01 6.063241e-01
1.995262e-04 2.116134e+01 1.292469e+01 2.479616e+01 6.107689e-01
2.041738e-04 2.094179e+01 1.288446e+01 2.458796e+01 6.152514e-01
2.089296e-04 2.072215e+01 1.284292e+01 2.437926e+01 6.197680e-01
2.137962e-04 2.050244e+01 1.279997e+01 2.417001e+01 6.243144e-01
2.187762e-04 2.028270e+01 1.275550e+01 2.396019e+01 6.288859e-01
2.238721e-04 2.006295e+01 1.270943e+01 2.374977e+01 6.334773e-01
2.290868e-04 1.984325e+01 1.266164e+01 2.353873e+01 6.380829e-01
2.344229e-04 1.962366e+01 1.261206e+01 2.332706e+01 6.426965e-01
2.398833e-04 1.940423e+01 1.256058e+01 2.311476e+01 6.473116e-01
2.454709e-04 1.918504e+01 1.250713e+01 2.290184e+01 6.519211e-01
2.511886e-04 1.896618e+01 1.245163e+01 2.268830e+01 6.565175e-01
2.570396e-04 1.874774e+01 1.239400e+01 2.247418e+01 6.610929e-01
2.630268e-04 1.852981e+01 1.233417e+01 2.225951e+01 6.656390e-01
2.691535e-04 1.831251e+01 1.227208e+01 2.204432e+01 6.701473e-01
2.754229e-04 1.809595e+01 1.220769e+01 2.182867e+01 6.746089e-01
2.818383e-04 1.788023e+01 1.214093e+01 2.161261e+01 6.790145e-01
2.884032e-04 1.766549e+01 1.207179e+01 2.139621e+01 6.833546e-01
2.951209e-04 1.745184e+01 1.200023e+01 2.117953e+01 6.876197e-01
3.019952e-04 1.723943e+01 1.192623e+01 2.096266e+01 6.917998e-01
3.090295e-04 1.702838e+01 1.184979e+01 2.074568e+01 6.958851e-01
3.162278e-04 1.681881e+01 1.177091e+01 2.052868e+01 6.998654e-01
3.235937e-04 1.661088e+01 1.168959e+01 2.031176e+01 7.037308e-01
3.311311e-04 1.640470e+01 1.160586e+01 2.009503e+01 7.074712e-01
3.388442e-04 1.620042e+01 1.151974e+01 1.987859e+01 7.110766e-01
3.467369e-04 1.599817e+01 1.143128e+01 1.966254e+01 7.145372e-01
3.548134e-04 1.579806e+01 1.134053e+01 1.944702e+01 7.178432e-01
3.630781e-04 1.560023e+01 1.124754e+01 1.923212e+01 7.209854e-01
3.715352e-04 1.540481e+01 1.115238e+01 1.901798e+01 7.239546e-01
3.801894e-04 1.521190e+01 1.105512e+01 1.880472e+01 7.267418e-01
3.890451e-04 1.502161e+01 1.095585e+01 1.859246e+01 7.293389e-01
3.981072e-04 1.483407e+01 1.085465e+01 1.838132e+01 7.317378e-01
4.073803e-04 1.464935e+01 1.075162e+01 1.817143e+01 7.339311e-01
4.168694e-04 1.446757e+01 1.064685e+01 1.796291e+01 7.359118e-01
4.265795e-04 1.428880e+01 1.054047e+01 1.775588e+01 7.376737e-01
4.365158e-04 1.411312e+01 1.043258e+01 1.755047e+01 7.392112e-01
4.466836e-04 1.394061e+01 1.032329e+01 1.734678e+01 7.405192e-01
4.570882e-04 1.377133e+01 1.021273e+01 1.714495e+01 7.415935e-01
4.677351e-04 1.360533e+01 1.010101e+01 1.694507e+01 7.424305e-01
4.786301e-04 1.344267e+01 9.988270e+00 1.674726e+01 7.430274e-01
4.897788e-04 1.328338e+01 9.874629e+00 1.655163e+01 7.433824e-01
5.011872e-04 1.312750e+01 9.760216e+00 1.635827e+01 7.434941e-01
5.128614e-04 1.297504e+01 9.645160e+00 1.616728e+01 7.433624e-01
5.248075e-04 1.282604e+01 9.529588e+00 1.597875e+01 7.429875e-01
5.370318e-04 1.268049e+01 9.413630e+00 1.579276e+01 7.423709e-01
5.495409e-04 1.253841e+01 9.297411e+00 1.560940e+01 7.415146e-01
5.623413e-04 1.239977e+01 9.181057e+00 1.542874e+01 7.404216e-01
5.754399e-04 1.226458e+01 9.064692e+00 1.525085e+01 7.390954e-01
5.888437e-04 1.213281e+01 8.948437e+00 1.507579e+01 7.375406e-01
6.025596e-04 1.200443e+01 8.832410e+00 1.490362e+01 7.357624e-01
6.165950e-04 1.187943e+01 8.716726e+00 1.473438e+01 7.337666e-01
6.309573e-04 1.175775e+01 8.601498e+00 1.456813e+01 7.315599e-01
6.456542e-04 1.163936e+01 8.486834e+00 1.440490e+01 7.291495e-01
6.606934e-04 1.152421e+01 8.372838e+00 1.424472e+01 7.265431e-01
6.760830e-04 1.141226e+01 8.259611e+00 1.408761e+01 7.237491e-01
6.918310e-04 1.130343e+01 8.147249e+00 1.393360e+01 7.207764e-01
7.079458e-04 1.119769e+01 8.035845e+00 1.378271e+01 7.176344e-01
7.244360e-04 1.109495e+01 7.925486e+00 1.363493e+01 7.143326e-01
7.413102e-04 1.099516e+01 7.816256e+00 1.349027e+01 7.108813e-01
7.585776e-04 1.089825e+01 7.708233e+00 1.334874e+01 7.072907e-01
7.762471e-04 1.080415e+01 7.601491e+00 1.321031e+01 7.035716e-01
7.943282e-04 1.071277e+01 7.496099e+00 1.307498e+01 6.997347e-01
8.128305e-04 1.062406e+01 7.392124e+00 1.294272e+01 6.957911e-01
8.317638e-04 1.053792e+01 7.289625e+00 1.281352e+01 6.917517e-01
8.511380e-04 1.045429e+01 7.188658e+00 1.268735e+01 6.876279e-01
8.709636e-04 1.037307e+01 7.089275e+00 1.256417e+01 6.834306e-01
8.912509e-04 1.029420e+01 6.991524e+00 1.244395e+01 6.791711e-01
9.120108e-04 1.021759e+01 6.895448e+00 1.232665e+01 6.748605e-01
9.332543e-04 1.014316e+01 6.801085e+00 1.221223e+01 6.705096e-01
9.549926e-04 1.007083e+01 6.708472e+00 1.210063e+01 6.661292e-01
9.772372e-04 1.000051e+01 6.617638e+00 1.199180e+01 6.617300e-01
1.000000e-03 9.932129e+00 6.528611e+00 1.188570e+01 6.573224e-01
1.023293e-03 9.865602e+00 6.441415e+00 1.178227e+01 6.529166e-01
1.047129e-03 9.800850e+00 6.356070e+00 1.168145e+01 6.485224e-01
1.071519e-03 9.737791e+00 6.272593e+00 1.158318e+01 6.441495e-01
1.096478e-03 9.676347e+00 6.190997e+00 1.148739e+01 6.398073e-01
1.122018e-03 9.616439e+00 6.111292e+00 1.139402e+01 6.355047e-01
1.148154e-03 9.557990e+00 6.033486e+00 1.130301e+01 6.312504e-01
1.174898e-03 9.500925e+00 5.957582e+00 1.121429e+01 6.270529e-01
1.202264e-03 9.445166e+00 5.883582e+00 1.112779e+01 6.229199e-01
1.230269e-03 9.390641e+00 5.811486e+00 1.104344e+01 6.188593e-01
1.258925e-03 9.337277e+00 5.741288e+00 1.096116e+01 6.148782e-01
1.288250e-03 9.285001e+00 5.672982e+00 1.088090e+01 6.109835e-01
1.318257e-03 9.233744e+00 5.606561e+00 1.080257e+01 6.071818e-01
1.348963e-03 9.183437e+00 5.542013e+00 1.072611e+01 6.034792e-01
1.380384e-03 9.134012e+00 5.479324e+00 1.065144e+01 5.998815e-01
1.412538e-03 9.085403e+00 5.418480e+00 1.057849e+01 5.963941e-01
1.445440e-03 9.037545e+00 5.359464e+00 1.050719e+01 5.930221e-01
1.479108e-03 8.990377e+00 5.302256e+00 1.043747e+01 5.897702e-01
1.513561e-03 8.943835e+00 5.246836e+00 1.036926e+01 5.866427e-01
1.548817e-03 8.897861e+00 5.193181e+00 1.030248e+01 5.836437e-01
1.584893e-03 8.852396e+00 5.141267e+00 1.023707e+01 5.807769e-01
1.621810e-03 8.807382e+00 5.091068e+00 1.017295e+01 5.780455e-01
1.659587e-03 8.762765e+00 5.042557e+00 1.011007e+01 5.754527e-01
1.698244e-03 8.718491e+00 4.995705e+00 1.004834e+01 5.730011e-01
1.737801e-03 8.674508e+00 4.950482e+00 9.987710e+00 5.706931e-01
1.778279e-03 8.630766e+00 4.906857e+00 9.928110e+00 5.685309e-01
1.819701e-03 8.587215e+00 4.864797e+00 9.869474e+00 5.665162e-01
1.862087e-03 8.543810e+00 4.824268e+00 9.811741e+00 5.646507e-01
1.905461e-03 8.500504e+00 4.785236e+00 9.754848e+00 5.629355e-01
1.949845e-03 8.457254e+00 4.747664e+00 9.698735e+00 5.613718e-01
1.995262e-03 8.414018e+00 4.711516e+00 9.643344e+00 5.599603e-01
2.041738e-03 8.370756e+00 4.676753e+00 9.588617e+00 5.587014e-01
2.089296e-03 8.327429e+00 4.643338e+00 9.534498e+00 5.575956e-01
2.137962e-03 8.284001e+00 4.611229e+00 9.480933e+00 5.566428e-01
2.187762e-03 8.240436e+00 4.580387e+00 9.427870e+00 5.558429e-01
2.238721e-03 8.196701e+00 4.550771e+00 9.375256e+00 5.551955e-01
2.290868e-03 8.152765e+00 4.522339e+00 9.323043e+00 5.547000e-01
2.344229e-03 8.108599e+00 4.495048e+00 9.271183e+00 5.543557e-01
2.398833e-03 8.064174e+00 4.468856e+00 9.219630e+00 5.541616e-01
2.454709e-03 8.019465e+00 4.443719e+00 9.168340e+00 5.541166e-01
2.511886e-03 7.974449e+00 4.419593e+00 9.117271e+00 5.542193e-01
2.570396e-03 7.929101e+00 4.396435e+00 9.066382e+00 5.544683e-01
2.630268e-03 7.883403e+00 4.374200e+00 9.015635e+00 5.548618e-01
2.691535e-03 7.837336e+00 4.352843e+00 8.964992e+00 5.553982e-01
2.754229e-03 7.790883e+00 4.332320e+00 8.914418e+00 5.560755e-01
2.818383e-03 7.744031e+00 4.312585e+00 8.863882e+00 5.568916e-01
2.884032e-03 7.696765e+00 4.293596e+00 8.813351e+00 5.578442e-01
2.951209e-03 7.649075e+00 4.275306e+00 8.762796e+00 5.589311e-01
3.019952e-03 7.600952e+00 4.257671e+00 8.712189e+00 5.601496e-01
3.090295e-03 7.552390e+00 4.240647e+00 8.661506e+00 5.614974e-01
3.162278e-03 7.503382e+00 4.224191e+00 8.610722e+00 5.629717e-01
3.235937e-03 7.453925e+00 4.208259e+00 8.559816e+00 5.645696e-01
3.311311e-03 7.404018e+00 4.192809e+00 8.508767e+00 5.662883e-01
3.388442e-03 7.353660e+00 4.177797e+00 8.457559e+00 5.681249e-01
3.467369e-03 7.302853e+00 4.163183e+00 8.406174e+00 5.700762e-01
3.548134e-03 7.251602e+00 4.148925e+00 8.354598e+00 5.721391e-01
3.630781e-03 7.199910e+00 4.134984e+00 8.302818e+00 5.743105e-01
3.715352e-03 7.147784e+00 4.121320e+00 8.250824e+00 5.765871e-01
3.801894e-03 7.095233e+00 4.107895e+00 8.198606e+00 5.789655e-01
3.890451e-03 7.042267e+00 4.094673e+00 8.146157e+00 5.814424e-01
3.981072e-03 6.988896e+00 4.081616e+00 8.093470e+00 5.840144e-01
4.073803e-03 6.935134e+00 4.068691e+00 8.040542e+00 5.866780e-01
4.168694e-03 6.880992e+00 4.055862e+00 7.987370e+00 5.894299e-01
4.265795e-03 6.826488e+00 4.043099e+00 7.933952e+00 5.922664e-01
4.365158e-03 6.771636e+00 4.030370e+00 7.880288e+00 5.951841e-01
4.466836e-03 6.716454e+00 4.017645e+00 7.826380e+00 5.981794e-01
4.570882e-03 6.660959e+00 4.004895e+00 7.772230e+00 6.012490e-01
4.677351e-03 6.605171e+00 3.992095e+00 7.717844e+00 6.043892e-01
4.786301e-03 6.549110e+00 3.979217e+00 7.663224e+00 6.075966e-01
4.897788e-03 6.492794e+00 3.966239e+00 7.608379e+00 6.108677e-01
5.011872e-03 6.436246e+00 3.953137e+00 7.553314e+00 6.141991e-01
5.128614e-03 6.379487e+00 3.939890e+00 7.498039e+00 6.175873e-01
5.248075e-03 6.322539e+00 3.926479e+00 7.442563e+00 6.210289e-01
5.370318e-03 6.265423e+00 3.912886e+00 7.386894e+00 6.245206e-01
5.495409e-03 6.208163e+00 3.899093e+00 7.331045e+00 6.280590e-01
5.623413e-03 6.150781e+00 3.885085e+00 7.275025e+00 6.316410e-01
5.754399e-03 6.093299e+00 3.870849e+00 7.218848e+00 6.352632e-01
5.888437e-03 6.035741e+00 3.856371e+00 7.162525e+00 6.389225e-01
6.025596e-03 5.978129e+00 3.841640e+00 7.106070e+00 6.426157e-01
6.165950e-03 5.920486e+00 3.826646e+00 7.049495e+00 6.463399e-01
6.309573e-03 5.862834e+00 3.811381e+00 6.992814e+00 6.500919e-01
6.456542e-03 5.805196e+00 3.795837e+00 6.936042e+00 6.538689e-01
6.606934e-03 5.747593e+00 3.780007e+00 6.879192e+00 6.576678e-01
6.760830e-03 5.690047e+00 3.763886e+00 6.822278e+00 6.614860e-01
6.918310e-03 5.632580e+00 3.747470e+00 6.765315e+00 6.653204e-01
7.079458e-03 5.575212e+00 3.730756e+00 6.708318e+00 6.691686e-01
7.244360e-03 5.517964e+00 3.713742e+00 6.651301e+00 6.730276e-01
7.413102e-03 5.460856e+00 3.696426e+00 6.594278e+00 6.768949e-01
7.585776e-03 5.403907e+00 3.678807e+00 6.537265e+00 6.807680e-01
7.762471e-03 5.347138e+00 3.660887e+00 6.480276e+00 6.846442e-01
7.943282e-03 5.290565e+00 3.642666e+00 6.423324e+00 6.885211e-01
8.128305e-03 5.234208e+00 3.624146e+00 6.366425e+00 6.923962e-01
8.317638e-03 5.178084e+00 3.605330e+00 6.309593e+00 6.962672e-01
8.511380e-03 5.122210e+00 3.586222e+00 6.252841e+00 7.001317e-01
8.709636e-03 5.066602e+00 3.566824e+00 6.196184e+00 7.039875e-01
8.912509e-03 5.011277e+00 3.547143e+00 6.139635e+00 7.078322e-01
9.120108e-03 4.956249e+00 3.527182e+00 6.083208e+00 7.116636e-01
9.332543e-03 4.901534e+00 3.506948e+00 6.026916e+00 7.154796e-01
9.549926e-03 4.847145e+00 3.486446e+00 5.970773e+00 7.192782e-01
9.772372e-03 4.793097e+00 3.465683e+00 5.914790e+00 7.230572e-01
1.000000e-02 4.739403e+00 3.444667e+00 5.858982e+00 7.268146e-01
1.023293e-02 4.686074e+00 3.423404e+00 5.803360e+00 7.305485e-01
1.047129e-02 4.633124e+00 3.401903e+00 5.747937e+00 7.342570e-01
1.071519e-02 4.580562e+00 3.380172e+00 5.692724e+00 7.379382e-01
1.096478e-02 4.528400e+00 3.358218e+00 5.637733e+00 7.415904e-01
1.122018e-02 4.476649e+00 3.336051e+00 5.582976e+00 7.452118e-01
1.148154e-02 4.425317e+00 3.313681e+00 5.528464e+00 7.488008e-01
1.174898e-02 4.374414e+00 3.291115e+00 5.474207e+00 7.523558e-01
1.202264e-02 4.323948e+00 3.268365e+00 5.420215e+00 7.558752e-01
1.230269e-02 4.273926e+00 3.245439e+00 5.366500e+00 7.593577e-01
1.258925e-02 4.224357e+00 3.222347e+00 5.313070e+00 7.628018e-01
1.288250e-02 4.175246e+00 3.199099e+00 5.259935e+00 7.662062e-01
1.318257e-02 4.126600e+00 3.175706e+00 5.207105e+00 7.695697e-01
1.348963e-02 4.078424e+00 3.152178e+00 5.154587e+00 7.728910e-01
1.380384e-02 4.030724e+00 3.128524e+00 5.102391e+00 7.761692e-01
1.412538e-02 3.983503e+00 3.104755e+00 5.050524e+00 7.794031e-01
1.445440e-02 3.936765e+00 3.080880e+00 4.998994e+00 7.825919e-01
1.479108e-02 3.890514e+00 3.056912e+00 4.947808e+00 7.857346e-01
1.513561e-02 3.844753e+00 3.032858e+00 4.896974e+00 7.888305e-01
1.548817e-02 3.799483e+00 3.008730e+00 4.846497e+00 7.918787e-01
1.584893e-02 3.754708e+00 2.984537e+00 4.796383e+00 7.948786e-01
1.621810e-02 3.710427e+00 2.960289e+00 4.746639e+00 7.978296e-01
1.659587e-02 3.666643e+00 2.935995e+00 4.697270e+00 8.007311e-01
1.698244e-02 3.623356e+00 2.911666e+00 4.648280e+00 8.035826e-01
1.737801e-02 3.580566e+00 2.887310e+00 4.599676e+00 8.063836e-01
1.778279e-02 3.538273e+00 2.862937e+00 4.551460e+00 8.091339e-01
1.819701e-02 3.496477e+00 2.838555e+00 4.503637e+00 8.118329e-01
1.862087e-02 3.455176e+00 2.814174e+00 4.456211e+00 8.144805e-01
1.905461e-02 3.414370e+00 2.789801e+00 4.409186e+00 8.170764e-01
1.949845e-02 3.374058e+00 2.765446e+00 4.362564e+00 8.196203e-01
1.995262e-02 3.334237e+00 2.741117e+00 4.316348e+00 8.221123e-01
2.041738e-02 3.294906e+00 2.716821e+00 4.270541e+00 8.245520e-01
2.089296e-02 3.256063e+00 2.692567e+00 4.225147e+00 8.269396e-01
2.137962e-02 3.217705e+00 2.668362e+00 4.180166e+00 8.292749e-01
2.187762e-02 3.179831e+00 2.644214e+00 4.135600e+00 8.315581e-01
2.238721e-02 3.142436e+00 2.620130e+00 4.091453e+00 8.337892e-01
2.290868e-02 3.105520e+00 2.596117e+00 4.047725e+00 8.359685e-01
2.344229e-02 3.069078e+00 2.572182e+00 4.004417e+00 8.380961e-01
2.398833e-02 3.033107e+00 2.548332e+00 3.961532e+00 8.401723e-01
2.454709e-02 2.997604e+00 2.524574e+00 3.919069e+00 8.421975e-01
2.511886e-02 2.962565e+00 2.500915e+00 3.877031e+00 8.441722e-01
2.570396e-02 2.927987e+00 2.477361e+00 3.835417e+00 8.460968e-01
2.630268e-02 2.893866e+00 2.453918e+00 3.794229e+00 8.479720e-01
2.691535e-02 2.860198e+00 2.430592e+00 3.753467e+00 8.497985e-01
2.754229e-02 2.826979e+00 2.407390e+00 3.713130e+00 8.515770e-01
2.818383e-02 2.794204e+00 2.384318e+00 3.673220e+00 8.533085e-01
2.884032e-02 2.761869e+00 2.361381e+00 3.633736e+00 8.549939e-01
2.951209e-02 2.729969e+00 2.338585e+00 3.594678e+00 8.566344e-01
3.019952e-02 2.698499e+00 2.315936e+00 3.556045e+00 8.582312e-01
3.090295e-02 2.667455e+00 2.293439e+00 3.517837e+00 8.597857e-01
3.162278e-02 2.636830e+00 2.271100e+00 3.480053e+00 8.612993e-01
3.235937e-02 2.606621e+00 2.248923e+00 3.442692e+00 8.627736e-01
3.311311e-02 2.576820e+00 2.226914e+00 3.405752e+00 8.642103e-01
3.388442e-02 2.547422e+00 2.205078e+00 3.369233e+00 8.656113e-01
3.467369e-02 2.518422e+00 2.183418e+00 3.333131e+00 8.669786e-01
3.548134e-02 2.489813e+00 2.161940e+00 3.297446e+00 8.683141e-01
3.630781e-02 2.461589e+00 2.140647e+00 3.262175e+00 8.696202e-01
3.715352e-02 2.433743e+00 2.119544e+00 3.227316e+00 8.708991e-01
3.801894e-02 2.406268e+00 2.098635e+00 3.192866e+00 8.721532e-01
3.890451e-02 2.379159e+00 2.077922e+00 3.158822e+00 8.733850e-01
3.981072e-02 2.352407e+00 2.057409e+00 3.125181e+00 8.745973e-01
4.073803e-02 2.326007e+00 2.037100e+00 3.091938e+00 8.757926e-01
4.168694e-02 2.299950e+00 2.016996e+00 3.059092e+00 8.769738e-01
4.265795e-02 2.274229e+00 1.997100e+00 3.026637e+00 8.781437e-01
4.365158e-02 2.248838e+00 1.977415e+00 2.994569e+00 8.793052e-01
4.466836e-02 2.223768e+00 1.957942e+00 2.962884e+00 8.804612e-01
4.570882e-02 2.199012e+00 1.938682e+00 2.931577e+00 8.816149e-01
4.677351e-02 2.174563e+00 1.919637e+00 2.900643e+00 8.827690e-01
4.786301e-02 2.150413e+00 1.900808e+00 2.870078e+00 8.839268e-01
4.897788e-02 2.126555e+00 1.882195e+00 2.839875e+00 8.850911e-01
5.011872e-02 2.102980e+00 1.863798e+00 2.810030e+00 8.862651e-01
5.128614e-02 2.079682e+00 1.845617e+00 2.780536e+00 8.874517e-01
5.248075e-02 2.056653e+00 1.827653e+00 2.751388e+00 8.886538e-01
5.370318e-02 2.033886e+00 1.809903e+00 2.722580e+00 8.898744e-01
5.495409e-02 2.011374e+00 1.792368e+00 2.694106e+00 8.911163e-01
5.623413e-02 1.989109e+00 1.775045e+00 2.665960e+00 8.923822e-01
5.754399e-02 1.967085e+00 1.757934e+00 2.638135e+00 8.936749e-01
5.888437e-02 1.945294e+00 1.741032e+00 2.610625e+00 8.949969e-01
6.025596e-02 1.923730e+00 1.724337e+00 2.583424e+00 8.963507e-01
6.165950e-02 1.902388e+00 1.707847e+00 2.556525e+00 8.977387e-01
6.309573e-02 1.881259e+00 1.691559e+00 2.529923e+00 8.991633e-01
6.456542e-02 1.860339e+00 1.675471e+00 2.503610e+00 9.006264e-01
6.606934e-02 1.839622e+00 1.659578e+00 2.477581e+00 9.021301e-01
6.760830e-02 1.819101e+00 1.643879e+00 2.451829e+00 9.036763e-01
6.918310e-02 1.798773e+00 1.628369e+00 2.426349e+00 9.052668e-01
7.079458e-02 1.778630e+00 1.613045e+00 2.401133e+00 9.069030e-01
7.244360e-02 1.758670e+00 1.597904e+00 2.376177e+00 9.085864e-01
7.413102e-02 1.738887e+00 1.582941e+00 2.351474e+00 9.103184e-01
7.585776e-02 1.719277e+00 1.568153e+00 2.327019e+00 9.121000e-01
7.762471e-02 1.699836e+00 1.553535e+00 2.302805e+00 9.139322e-01
7.943282e-02 1.680560e+00 1.539084e+00 2.278829e+00 9.158159e-01
8.128305e-02 1.661446e+00 1.524795e+00 2.255084e+00 9.177517e-01
8.317638e-02 1.642490e+00 1.510664e+00 2.231565e+00 9.197402e-01
8.511380e-02 1.623691e+00 1.496688e+00 2.208268e+00 9.217817e-01
8.709636e-02 1.605044e+00 1.482862e+00 2.185188e+00 9.238765e-01
8.912509e-02 1.586547e+00 1.469182e+00 2.162320e+00 9.260248e-01
9.120108e-02 1.568199e+00 1.455644e+00 2.139661e+00 9.282264e-01
9.332543e-02 1.549998e+00 1.442244e+00 2.117206e+00 9.304814e-01
9.549926e-02 1.531941e+00 1.428978e+00 2.094952e+00 9.327893e-01
9.772372e-02 1.514028e+00 1.415843e+00 2.072894e+00 9.351499e-01
1.000000e-01 1.496256e+00 1.402834e+00 2.051031e+00 9.375627e-01
1.023293e-01 1.478626e+00 1.389948e+00 2.029357e+00 9.400271e-01
1.047129e-01 1.461135e+00 1.377182e+00 2.007872e+00 9.425425e-01
1.071519e-01 1.443784e+00 1.364533e+00 1.986571e+00 9.451082e-01
1.096478e-01 1.426572e+00 1.351996e+00 1.965452e+00 9.477235e-01
1.122018e-01 1.409498e+00 1.339569e+00 1.944513e+00 9.503874e-01
1.148154e-01 1.392563e+00 1.327250e+00 1.923752e+00 9.530991e-01
1.174898e-01 1.375765e+00 1.315035e+00 1.903168e+00 9.558578e-01
1.202264e-01 1.359105e+00 1.302923e+00 1.882757e+00 9.586625e-01
1.230269e-01 1.342583e+00 1.290910e+00 1.862519e+00 9.615123e-01
1.258925e-01 1.326199e+00 1.278994e+00 1.842452e+00 9.644062e-01
1.288250e-01 1.309953e+00 1.267174e+00 1.822555e+00 9.673433e-01
1.318257e-01 1.293845e+00 1.255448e+00 1.802827e+00 9.703228e-01
1.348963e-01 1.277876e+00 1.243813e+00 1.783266e+00 9.733439e-01
1.380384e-01 1.262046e+00 1.232269e+00 1.763873e+00 9.764056e-01
1.412538e-01 1.246355e+00 1.220814e+00 1.744645e+00 9.795073e-01
1.445440e-01 1.230803e+00 1.209446e+00 1.725583e+00 9.826482e-01
1.479108e-01 1.215391e+00 1.198166e+00 1.706686e+00 9.858278e-01
1.513561e-01 1.200118e+00 1.186971e+00 1.687952e+00 9.890455e-01
1.548817e-01 1.184985e+00 1.175861e+00 1.669383e+00 9.923009e-01
1.584893e-01 1.169991e+00 1.164836e+00 1.650976e+00 9.955937e-01
1.621810e-01 1.155138e+00 1.153894e+00 1.632733e+00 9.989235e-01
1.659587e-01 1.140424e+00 1.143036e+00 1.614651e+00 1.002290e+00
1.698244e-01 1.125850e+00 1.132261e+00 1.596732e+00 1.005694e+00
1.737801e-01 1.111415e+00 1.121568e+00 1.578974e+00 1.009135e+00
1.778279e-01 1.097120e+00 1.110958e+00 1.561377e+00 1.012613e+00
1.819701e-01 1.082963e+00 1.100430e+00 1.543941e+00 1.016129e+00
1.862087e-01 1.068944e+00 1.089985e+00 1.526666e+00 1.019683e+00
1.905461e-01 1.055064e+00 1.079621e+00 1.509550e+00 1.023276e+00
1.949845e-01 1.041320e+00 1.069340e+00 1.492593e+00 1.026908e+00
1.995262e-01 1.027713e+00 1.059141e+00 1.475796e+00 1.030581e+00
2.041738e-01 1.014241e+00 1.049024e+00 1.459156e+00 1.034294e+00
2.089296e-01 1.000905e+00 1.038989e+00 1.442674e+00 1.038050e+00
2.137962e-01 9.877018e-01 1.029036e+00 1.426349e+00 1.041849e+00
2.187762e-01 9.746318e-01 1.019166e+00 1.410180e+00 1.045693e+00
2.238721e-01 9.616935e-01 1.009378e+00 1.394166e+00 1.049583e+00
2.290868e-01 9.488860e-01 9.996713e-01 1.378306e+00 1.053521e+00
2.344229e-01 9.362078e-01 9.900470e-01 1.362600e+00 1.057508e+00
2.398833e-01 9.236580e-01 9.805046e-01 1.347046e+00 1.061545e+00
2.454709e-01 9.112350e-01 9.710440e-01 1.331644e+00 1.065635e+00
2.511886e-01 8.989378e-01 9.616649e-01 1.316392e+00 1.069779e+00
2.570396e-01 8.867649e-01 9.523671e-01 1.301290e+00 1.073979e+00
2.630268e-01 8.747149e-01 9.431505e-01 1.286335e+00 1.078237e+00
2.691535e-01 8.627866e-01 9.340145e-01 1.271528e+00 1.082556e+00
2.754229e-01 8.509785e-01 9.249590e-01 1.256867e+00 1.086936e+00
2.818383e-01 8.392893e-01 9.159835e-01 1.242350e+00 1.091380e+00
2.884032e-01 8.277175e-01 9.070876e-01 1.227976e+00 1.095890e+00
2.951209e-01 8.162618e-01 8.982708e-01 1.213744e+00 1.100469e+00
3.019952e-01 8.049208e-01 8.895327e-01 1.199652e+00 1.105118e+00
3.090295e-01 7.936931e-01 8.808726e-01 1.185700e+00 1.109840e+00
3.162278e-01 7.825775e-01 8.722901e-01 1.171886e+00 1.114637e+00
3.235937e-01 7.715724e-01 8.637845e-01 1.158209e+00 1.119512e+00
3.311311e-01 7.606767e-01 8.553552e-01 1.144667e+00 1.124466e+00
3.388442e-01 7.498891e-01 8.470016e-01 1.131258e+00 1.129503e+00
3.467369e-01 7.392082e-01 8.387230e-01 1.117983e+00 1.134624e+00
3.548134e-01 7.286328e-01 8.305188e-01 1.104838e+00 1.139832e+00
3.630781e-01 7.181616e-01 8.223883e-01 1.091824e+00 1.145130e+00
3.715352e-01 7.077936e-01 8.143307e-01 1.078938e+00 1.150520e+00
3.801894e-01 6.975273e-01 8.063455e-01 1.066179e+00 1.156006e+00
3.890451e-01 6.873618e-01 7.984317e-01 1.053546e+00 1.161589e+00
3.981072e-01 6.772959e-01 7.905889e-01 1.041038e+00 1.167273e+00
4.073803e-01 6.673283e-01 7.828161e-01 1.028654e+00 1.173060e+00
4.168694e-01 6.574580e-01 7.751128e-01 1.016391e+00 1.178954e+00
4.265795e-01 6.476839e-01 7.674782e-01 1.004250e+00 1.184958e+00
4.365158e-01 6.380049e-01 7.599116e-01 9.922277e-01 1.191075e+00
4.466836e-01 6.284199e-01 7.524122e-01 9.803243e-01 1.197308e+00
4.570882e-01 6.189278e-01 7.449794e-01 9.685381e-01 1.203661e+00
4.677351e-01 6.095276e-01 7.376125e-01 9.568678e-01 1.210138e+00
4.786301e-01 6.002182e-01 7.303106e-01 9.453124e-01 1.216742e+00
4.897788e-01 5.909986e-01 7.230732e-01 9.338705e-01 1.223477e+00
5.011872e-01 5.818678e-01 7.158994e-01 9.225411e-01 1.230347e+00
5.128614e-01 5.728246e-01 7.087885e-01 9.113228e-01 1.237357e+00
5.248075e-01 5.638681e-01 7.017399e-01 9.002145e-01 1.244511e+00
5.370318e-01 5.549972e-01 6.947528e-01 8.892150e-01 1.251813e+00
5.495409e-01 5.462108e-01 6.878263e-01 8.783230e-01 1.259269e+00
5.623413e-01 5.375081e-01 6.809599e-01 8.675375e-01 1.266883e+00
5.754399e-01 5.288878e-01 6.741526e-01 8.568571e-01 1.274661e+00
5.888437e-01 5.203490e-01 6.674038e-01 8.462807e-01 1.282608e+00
6.025596e-01 5.118908e-01 6.607125e-01 8.358069e-01 1.290730e+00
6.165950e-01 5.035119e-01 6.540781e-01 8.254347e-01 1.299032e+00
6.309573e-01 4.952115e-01 6.474995e-01 8.151626e-01 1.307521e+00
6.456542e-01 4.869886e-01 6.409761e-01 8.049896e-01 1.316203e+00
6.606934e-01 4.788421e-01 6.345068e-01 7.949142e-01 1.325086e+00
6.760830e-01 4.707711e-01 6.280908e-01 7.849353e-01 1.334174e+00
6.918310e-01 4.627746e-01 6.217271e-01 7.750515e-01 1.343477e+00
7.079458e-01 4.548516e-01 6.154147e-01 7.652616e-01 1.353001e+00
7.244360e-01 4.470013e-01 6.091527e-01 7.555641e-01 1.362754e+00
7.413102e-01 4.392227e-01 6.029400e-01 7.459579e-01 1.372743e+00
7.585776e-01 4.315150e-01 5.967755e-01 7.364416e-01 1.382977e+00
7.762471e-01 4.238773e-01 5.906582e-01 7.270138e-01 1.393465e+00
7.943282e-01 4.163088e-01 5.845870e-01 7.176733e-01 1.404215e+00
8.128305e-01 4.088088e-01 5.785606e-01 7.084187e-01 1.415235e+00
8.317638e-01 4.013765e-01 5.725781e-01 6.992487e-01 1.426536e+00
8.511380e-01 3.940112e-01 5.666380e-01 6.901619e-01 1.438127e+00
8.709636e-01 3.867123e-01 5.607393e-01 6.811571e-01 1.450017e+00
8.912509e-01 3.794792e-01 5.548807e-01 6.722329e-01 1.462216e+00
9.120108e-01 3.723114e-01 5.490610e-01 6.633880e-01 1.474736e+00
9.332543e-01 3.652083e-01 5.432788e-01 6.546213e-01 1.487586e+00
9.549926e-01 3.581697e-01 5.375330e-01 6.459313e-01 1.500777e+00
9.772372e-01 3.511951e-01 5.318222e-01 6.373169e-01 1.514321e+00
1.000000e+00 3.442842e-01 5.261451e-01 6.287769e-01 1.528229e+00
1.023293e+00 3.374369e-01 5.205006e-01 6.203100e-01 1.542512e+00
1.047129e+00 3.306529e-01 5.148872e-01 6.119152e-01 1.557184e+00
1.071519e+00 3.239321e-01 5.093038e-01 6.035912e-01 1.572255e+00
1.096478e+00 3.172745e-01 5.037491e-01 5.953371e-01 1.587739e+00
1.122018e+00 3.106802e-01 4.982219e-01 5.871518e-01 1.603649e+00
1.148154e+00 3.041492e-01 4.927209e-01 5.790342e-01 1.619997e+00
1.174898e+00 2.976817e-01 4.872450e-01 5.709835e-01 1.636798e+00
1.202264e+00 2.912780e-01 4.817931e-01 5.629986e-01 1.654066e+00
1.230269e+00 2.849384e-01 4.763640e-01 5.550788e-01 1.671814e+00
1.258925e+00 2.786631e-01 4.709567e-01 5.472233e-01 1.690058e+00
1.288250e+00 2.724526e-01 4.655701e-01 5.394311e-01 1.708811e+00
1.318257e+00 2.663074e-01 4.602034e-01 5.317018e-01 1.728091e+00
1.348963e+00 2.602281e-01 4.548555e-01 5.240345e-01 1.747911e+00
1.380384e+00 2.542151e-01 4.495257e-01 5.164288e-01 1.768289e+00
1.412538e+00 2.482691e-01 4.442132e-01 5.088840e-01 1.789241e+00
1.445440e+00 2.423908e-01 4.389171e-01 5.013996e-01 1.810783e+00
1.479108e+00 2.365809e-01 4.336370e-01 4.939752e-01 1.832933e+00
1.513561e+00 2.308401e-01 4.283721e-01 4.866105e-01 1.855709e+00
1.548817e+00 2.251692e-01 4.231220e-01 4.793051e-01 1.879129e+00
1.584893e+00 2.195690e-01 4.178862e-01 4.720587e-01 1.903211e+00
1.621810e+00 2.140404e-01 4.126644e-01 4.648712e-01 1.927975e+00
1.659587e+00 2.085841e-01 4.074563e-01 4.577423e-01 1.953439e+00
1.698244e+00 2.032011e-01 4.022617e-01 4.506720e-01 1.979624e+00
1.737801e+00 1.978922e-01 3.970805e-01 4.436601e-01 2.006550e+00
1.778279e+00 1.926583e-01 3.919127e-01 4.367067e-01 2.034238e+00
1.819701e+00 1.875002e-01 3.867582e-01 4.298119e-01 2.062709e+00
1.862087e+00 1.824188e-01 3.816173e-01 4.229756e-01 2.091985e+00
1.905461e+00 1.774149e-01 3.764901e-01 4.161981e-01 2.122088e+00
1.949845e+00 1.724895e-01 3.713770e-01 4.094796e-01 2.153041e+00
1.995262e+00 1.676432e-01 3.662783e-01 4.028202e-01 2.184868e+00
2.041738e+00 1.628769e-01 3.611946e-01 3.962201e-01 2.217592e+00
2.089296e+00 1.581914e-01 3.561262e-01 3.896798e-01 2.251237e+00
2.137962e+00 1.535872e-01 3.510739e-01 3.831996e-01 2.285828e+00
2.187762e+00 1.490651e-01 3.460383e-01 3.767797e-01 2.321390e+00
2.238721e+00 1.446258e-01 3.410202e-01 3.704206e-01 2.357949e+00
2.290868e+00 1.402697e-01 3.360205e-01 3.641227e-01 2.395532e+00
2.344229e+00 1.359973e-01 3.310399e-01 3.578864e-01 2.434165e+00
2.398833e+00 1.318092e-01 3.260795e-01 3.517123e-01 2.473875e+00
2.454709e+00 1.277057e-01 3.211403e-01 3.456007e-01 2.514691e+00
2.511886e+00 1.236871e-01 3.162233e-01 3.395521e-01 2.556640e+00
2.570396e+00 1.197536e-01 3.113296e-01 3.335672e-01 2.599752e+00
2.630268e+00 1.159054e-01 3.064604e-01 3.276462e-01 2.644056e+00
2.691535e+00 1.121426e-01 3.016168e-01 3.217898e-01 2.689582e+00
2.754229e+00 1.084652e-01 2.968001e-01 3.159984e-01 2.736361e+00
2.818383e+00 1.048732e-01 2.920114e-01 3.102726e-01 2.784424e+00
2.884032e+00 1.013663e-01 2.872521e-01 3.046128e-01 2.833802e+00
2.951209e+00 9.794442e-02 2.825235e-01 2.990194e-01 2.884528e+00
3.019952e+00 9.460713e-02 2.778266e-01 2.934930e-01 2.936635e+00
3.090295e+00 9.135407e-02 2.731630e-01 2.880340e-01 2.990157e+00
3.162278e+00 8.818477e-02 2.685338e-01 2.826428e-01 3.045126e+00
3.235937e+00 8.509866e-02 2.639402e-01 2.773197e-01 3.101579e+00
3.311311e+00 8.209510e-02 2.593836e-01 2.720652e-01 3.159551e+00
3.388442e+00 7.917339e-02 2.548652e-01 2.668796e-01 3.219077e+00
3.467369e+00 7.633272e-02 2.503862e-01 2.617631e-01 3.280195e+00
3.548134e+00 7.357226e-02 2.459477e-01 2.567161e-01 3.342941e+00
3.630781e+00 7.089105e-02 2.415510e-01 2.517388e-01 3.407355e+00
3.715352e+00 6.828811e-02 2.371971e-01 2.468313e-01 3.473475e+00
3.801894e+00 6.576239e-02 2.328870e-01 2.419939e-01 3.541341e+00
3.890451e+00 6.331276e-02 2.286219e-01 2.372266e-01 3.610993e+00
3.981072e+00 6.093805e-02 2.244027e-01 2.325296e-01 3.682472e+00
4.073803e+00 5.863705e-02 2.202302e-01 2.279028e-01 3.755820e+00
4.168694e+00 5.640849e-02 2.161055e-01 2.233462e-01 3.831082e+00
4.265795e+00 5.425105e-02 2.120293e-01 2.188598e-01 3.908299e+00
4.365158e+00 5.216340e-02 2.080024e-01 2.144435e-01 3.987517e+00
4.466836e+00 5.014413e-02 2.040255e-01 2.100972e-01 4.068781e+00
4.570882e+00 4.819185e-02 2.000992e-01 2.058207e-01 4.152139e+00
4.677351e+00 4.630510e-02 1.962242e-01 2.016137e-01 4.237636e+00
4.786301e+00 4.448244e-02 1.924009e-01 1.974761e-01 4.325323e+00
4.897788e+00 4.272237e-02 1.886299e-01 1.934074e-01 4.415248e+00
5.011872e+00 4.102342e-02 1.849115e-01 1.894075e-01 4.507462e+00
5.128614e+00 3.938407e-02 1.812462e-01 1.854758e-01 4.602017e+00
5.248075e+00 3.780281e-02 1.776341e-01 1.816120e-01 4.698965e+00
5.370318e+00 3.627814e-02 1.740756e-01 1.778157e-01 4.798361e+00
5.495409e+00 3.480854e-02 1.705708e-01 1.740863e-01 4.900259e+00
5.623413e+00 3.339250e-02 1.671199e-01 1.704234e-01 5.004716e+00
5.754399e+00 3.202851e-02 1.637230e-01 1.668264e-01 5.111789e+00
5.888437e+00 3.071509e-02 1.603800e-01 1.632947e-01 5.221537e+00
6.025596e+00 2.945075e-02 1.570909e-01 1.598277e-01 5.334021e+00
6.165950e+00 2.823403e-02 1.538557e-01 1.564249e-01 5.449302e+00
6.309573e+00 2.706346e-02 1.506743e-01 1.530855e-01 5.567443e+00
6.456542e+00 2.593763e-02 1.475464e-01 1.498089e-01 5.688507e+00
6.606934e+00 2.485512e-02 1.444719e-01 1.465944e-01 5.812562e+00
6.760830e+00 2.381453e-02 1.414505e-01 1.434412e-01 5.939674e+00
6.918310e+00 2.281449e-02 1.384820e-01 1.403487e-01 6.069912e+00
7.079458e+00 2.185368e-02 1.355659e-01 1.373161e-01 6.203346e+00
7.244360e+00 2.093076e-02 1.327020e-01 1.343426e-01 6.340049e+00
7.413102e+00 2.004445e-02 1.298899e-01 1.314274e-01 6.480094e+00
7.585776e+00 1.919349e-02 1.271292e-01 1.285699e-01 6.623557e+00
7.762471e+00 1.837664e-02 1.244193e-01 1.257691e-01 6.770515e+00
7.943282e+00 1.759269e-02 1.217598e-01 1.230242e-01 6.921046e+00
8.128305e+00 1.684048e-02 1.191503e-01 1.203345e-01 7.075232e+00
8.317638e+00 1.611886e-02 1.165902e-01 1.176992e-01 7.233155e+00
8.511380e+00 1.542671e-02 1.140790e-01 1.151173e-01 7.394900e+00
8.709636e+00 1.476294e-02 1.116160e-01 1.125881e-01 7.560553e+00
8.912509e+00 1.412651e-02 1.092008e-01 1.101107e-01 7.730203e+00
9.120108e+00 1.351639e-02 1.068327e-01 1.076844e-01 7.903941e+00
9.332543e+00 1.293158e-02 1.045112e-01 1.053082e-01 8.081859e+00
9.549926e+00 1.237112e-02 1.022356e-01 1.029814e-01 8.264053e+00
9.772372e+00 1.183408e-02 1.000053e-01 1.007030e-01 8.450619e+00
1.000000e+01 1.131954e-02 9.781961e-02 9.847237e-02 8.641658e+00
