1.000000e-06 2.255777e+01 6.402887e-02 2.255786e+01 2.838439e-03
1.023293e-06 2.255773e+01 6.551952e-02 2.255782e+01 2.904527e-03
1.047129e-06 2.255768e+01 6.704485e-02 2.255778e+01 2.972151e-03
1.071519e-06 2.255764e+01 6.860564e-02 2.255774e+01 3.041349e-03
1.096478e-06 2.255759e+01 7.020273e-02 2.255769e+01 3.112156e-03
1.122018e-06 2.255753e+01 7.183695e-02 2.255765e+01 3.184610e-03
1.148154e-06 2.255748e+01 7.350917e-02 2.255760e+01 3.258749e-03
1.174898e-06 2.255742e+01 7.522026e-02 2.255755e+01 3.334613e-03
1.202264e-06 2.255736e+01 7.697112e-02 2.255749e+01 3.412240e-03
1.230269e-06 2.255730e+01 7.876268e-02 2.255743e+01 3.491672e-03
1.258925e-06 2.255723e+01 8.059587e-02 2.255738e+01 3.572950e-03
1.288250e-06 2.255716e+01 8.247166e-02 2.255731e+01 3.656119e-03
1.318257e-06 2.255709e+01 8.439103e-02 2.255725e+01 3.741220e-03
1.348963e-06 2.255701e+01 8.635500e-02 2.255718e+01 3.828299e-03
1.380384e-06 2.255693e+01 8.836459e-02 2.255711e+01 3.917402e-03
1.412538e-06 2.255685e+01 9.042085e-02 2.255703e+01 4.008576e-03
1.445440e-06 2.255676e+01 9.252486e-02 2.255695e+01 4.101868e-03
1.479108e-06 2.255667e+01 9.467773e-02 2.255687e+01 4.197327e-03
1.513561e-06 2.255658e+01 9.688058e-02 2.255679e+01 4.295003e-03
1.548817e-06 2.255648e+01 9.913456e-02 2.255670e+01 4.394949e-03
1.584893e-06 2.255637e+01 1.014409e-01 2.255660e+01 4.497215e-03
1.621810e-06 2.255626e+01 1.038007e-01 2.255650e+01 4.601856e-03
1.659587e-06 2.255615e+01 1.062152e-01 2.255640e+01 4.708926e-03
1.698244e-06 2.255603e+01 1.086858e-01 2.255629e+01 4.818481e-03
1.737801e-06 2.255590e+01 1.112137e-01 2.255618e+01 4.930580e-03
1.778279e-06 2.255577e+01 1.138002e-01 2.255606e+01 5.045279e-03
1.819701e-06 2.255563e+01 1.164466e-01 2.255593e+01 5.162639e-03
1.862087e-06 2.255549e+01 1.191544e-01 2.255580e+01 5.282722e-03
1.905461e-06 2.255534e+01 1.219249e-01 2.255567e+01 5.405590e-03
1.949845e-06 2.255518e+01 1.247596e-01 2.255552e+01 5.531306e-03
1.995262e-06 2.255501e+01 1.276600e-01 2.255538e+01 5.659937e-03
2.041738e-06 2.255484e+01 1.306275e-01 2.255522e+01 5.791549e-03
2.089296e-06 2.255466e+01 1.336637e-01 2.255505e+01 5.926211e-03
2.137962e-06 2.255447e+01 1.367701e-01 2.255488e+01 6.063992e-03
2.187762e-06 2.255427e+01 1.399484e-01 2.255470e+01 6.204964e-03
2.238721e-06 2.255406e+01 1.432002e-01 2.255452e+01 6.349200e-03
2.290868e-06 2.255384e+01 1.465272e-01 2.255432e+01 6.496774e-03
2.344229e-06 2.255361e+01 1.499311e-01 2.255411e+01 6.647764e-03
2.398833e-06 2.255337e+01 1.534136e-01 2.255390e+01 6.802246e-03
2.454709e-06 2.255312e+01 1.569765e-01 2.255367e+01 6.960300e-03
2.511886e-06 2.255286e+01 1.606217e-01 2.255343e+01 7.122008e-03
2.570396e-06 2.255259e+01 1.643509e-01 2.255319e+01 7.287453e-03
2.630268e-06 2.255230e+01 1.681662e-01 2.255293e+01 7.456719e-03
2.691535e-06 2.255200e+01 1.720694e-01 2.255266e+01 7.629895e-03
2.754229e-06 2.255168e+01 1.760625e-01 2.255237e+01 7.807067e-03
2.818383e-06 2.255135e+01 1.801476e-01 2.255207e+01 7.988327e-03
2.884032e-06 2.255101e+01 1.843267e-01 2.255176e+01 8.173766e-03
2.951209e-06 2.255065e+01 1.886019e-01 2.255144e+01 8.363481e-03
3.019952e-06 2.255027e+01 1.929754e-01 2.255109e+01 8.557565e-03
3.090295e-06 2.254987e+01 1.974494e-01 2.255074e+01 8.756119e-03
3.162278e-06 2.254946e+01 2.020261e-01 2.255036e+01 8.959243e-03
3.235937e-06 2.254902e+01 2.067078e-01 2.254997e+01 9.167038e-03
3.311311e-06 2.254857e+01 2.114968e-01 2.254956e+01 9.379610e-03
3.388442e-06 2.254809e+01 2.163955e-01 2.254913e+01 9.597066e-03
3.467369e-06 2.254760e+01 2.214064e-01 2.254868e+01 9.819514e-03
3.548134e-06 2.254707e+01 2.265319e-01 2.254821e+01 1.004706e-02
3.630781e-06 2.254653e+01 2.317745e-01 2.254772e+01 1.027983e-02
3.715352e-06 2.254596e+01 2.371369e-01 2.254720e+01 1.051793e-02
3.801894e-06 2.254536e+01 2.426215e-01 2.254666e+01 1.076148e-02
3.890451e-06 2.254473e+01 2.482311e-01 2.254610e+01 1.101060e-02
3.981072e-06 2.254408e+01 2.539684e-01 2.254551e+01 1.126542e-02
4.073803e-06 2.254339e+01 2.598362e-01 2.254489e+01 1.152605e-02
4.168694e-06 2.254267e+01 2.658373e-01 2.254424e+01 1.179262e-02
4.265795e-06 2.254192e+01 2.719745e-01 2.254356e+01 1.206527e-02
4.365158e-06 2.254114e+01 2.782507e-01 2.254285e+01 1.234413e-02
4.466836e-06 2.254031e+01 2.846690e-01 2.254211e+01 1.262933e-02
4.570882e-06 2.253945e+01 2.912323e-01 2.254133e+01 1.292100e-02
4.677351e-06 2.253855e+01 2.979437e-01 2.254052e+01 1.321929e-02
4.786301e-06 2.253761e+01 3.048063e-01 2.253967e+01 1.352434e-02
4.897788e-06 2.253662e+01 3.118233e-01 2.253878e+01 1.383629e-02
5.011872e-06 2.253559e+01 3.189978e-01 2.253785e+01 1.415529e-02
5.128614e-06 2.253451e+01 3.263332e-01 2.253687e+01 1.448149e-02
5.248075e-06 2.253338e+01 3.338328e-01 2.253585e+01 1.481503e-02
5.370318e-06 2.253219e+01 3.414998e-01 2.253478e+01 1.515608e-02
5.495409e-06 2.253096e+01 3.493377e-01 2.253366e+01 1.550479e-02
5.623413e-06 2.252966e+01 3.573499e-01 2.253250e+01 1.586131e-02
5.754399e-06 2.252831e+01 3.655400e-01 2.253127e+01 1.622581e-02
5.888437e-06 2.252689e+01 3.739114e-01 2.252999e+01 1.659845e-02
6.025596e-06 2.252541e+01 3.824677e-01 2.252865e+01 1.697939e-02
6.165950e-06 2.252385e+01 3.912126e-01 2.252725e+01 1.736881e-02
6.309573e-06 2.252223e+01 4.001495e-01 2.252579e+01 1.776687e-02
6.456542e-06 2.252053e+01 4.092823e-01 2.252425e+01 1.817374e-02
6.606934e-06 2.251876e+01 4.186147e-01 2.252265e+01 1.858960e-02
6.760830e-06 2.251690e+01 4.281503e-01 2.252097e+01 1.901462e-02
6.918310e-06 2.251496e+01 4.378929e-01 2.251922e+01 1.944897e-02
7.079458e-06 2.251293e+01 4.478463e-01 2.251738e+01 1.989285e-02
7.244360e-06 2.251081e+01 4.580143e-01 2.251546e+01 2.034642e-02
7.413102e-06 2.250858e+01 4.684006e-01 2.251346e+01 2.080987e-02
7.585776e-06 2.250626e+01 4.790092e-01 2.251136e+01 2.128338e-02
7.762471e-06 2.250384e+01 4.898439e-01 2.250917e+01 2.176713e-02
7.943282e-06 2.250130e+01 5.009084e-01 2.250687e+01 2.226131e-02
8.128305e-06 2.249864e+01 5.122065e-01 2.250447e+01 2.276610e-02
8.317638e-06 2.249587e+01 5.237421e-01 2.250197e+01 2.328170e-02
8.511380e-06 2.249297e+01 5.355190e-01 2.249935e+01 2.380828e-02
8.709636e-06 2.248995e+01 5.475408e-01 2.249661e+01 2.434603e-02
8.912509e-06 2.248678e+01 5.598114e-01 2.249375e+01 2.489513e-02
9.120108e-06 2.248347e+01 5.723344e-01 2.249076e+01 2.545578e-02
9.332543e-06 2.248002e+01 5.851133e-01 2.248763e+01 2.602815e-02
9.549926e-06 2.247641e+01 5.981519e-01 2.248437e+01 2.661243e-02
9.772372e-06 2.247264e+01 6.114535e-01 2.248096e+01 2.720880e-02
1.000000e-05 2.246870e+01 6.250215e-01 2.247739e+01 2.781743e-02
1.023293e-05 2.246459e+01 6.388594e-01 2.247367e+01 2.843851e-02
1.047129e-05 2.246029e+01 6.529702e-01 2.246978e+01 2.907220e-02
1.071519e-05 2.245581e+01 6.673571e-01 2.246572e+01 2.971868e-02
1.096478e-05 2.245113e+01 6.820230e-01 2.246149e+01 3.037812e-02
1.122018e-05 2.244624e+01 6.969708e-01 2.245706e+01 3.105067e-02
1.148154e-05 2.244115e+01 7.122031e-01 2.245244e+01 3.173649e-02
1.174898e-05 2.243582e+01 7.277223e-01 2.244762e+01 3.243573e-02
1.202264e-05 2.243027e+01 7.435308e-01 2.244259e+01 3.314854e-02
1.230269e-05 2.242448e+01 7.596306e-01 2.243735e+01 3.387505e-02
1.258925e-05 2.241845e+01 7.760235e-01 2.243187e+01 3.461540e-02
1.288250e-05 2.241215e+01 7.927112e-01 2.242616e+01 3.536971e-02
1.318257e-05 2.240558e+01 8.096949e-01 2.242021e+01 3.613809e-02
1.348963e-05 2.239874e+01 8.269757e-01 2.241400e+01 3.692063e-02
1.380384e-05 2.239161e+01 8.445542e-01 2.240753e+01 3.771745e-02
1.412538e-05 2.238417e+01 8.624309e-01 2.240078e+01 3.852860e-02
1.445440e-05 2.237643e+01 8.806058e-01 2.239375e+01 3.935416e-02
1.479108e-05 2.236837e+01 8.990785e-01 2.238643e+01 4.019419e-02
1.513561e-05 2.235998e+01 9.178483e-01 2.237881e+01 4.104872e-02
1.548817e-05 2.235124e+01 9.369140e-01 2.237086e+01 4.191777e-02
1.584893e-05 2.234214e+01 9.562739e-01 2.236260e+01 4.280135e-02
1.621810e-05 2.233268e+01 9.759258e-01 2.235399e+01 4.369945e-02
1.659587e-05 2.232284e+01 9.958672e-01 2.234504e+01 4.461204e-02
1.698244e-05 2.231260e+01 1.016095e+00 2.233573e+01 4.553906e-02
1.737801e-05 2.230196e+01 1.036605e+00 2.232604e+01 4.648044e-02
1.778279e-05 2.229091e+01 1.057394e+00 2.231597e+01 4.743610e-02
1.819701e-05 2.227942e+01 1.078455e+00 2.230551e+01 4.840590e-02
1.862087e-05 2.226749e+01 1.099785e+00 2.229464e+01 4.938970e-02
1.905461e-05 2.225511e+01 1.121376e+00 2.228334e+01 5.038734e-02
1.949845e-05 2.224226e+01 1.143221e+00 2.227162e+01 5.139862e-02
1.995262e-05 2.222893e+01 1.165314e+00 2.225945e+01 5.242330e-02
2.041738e-05 2.221510e+01 1.187645e+00 2.224683e+01 5.346115e-02
2.089296e-05 2.220077e+01 1.210205e+00 2.223373e+01 5.451186e-02
2.137962e-05 2.218592e+01 1.232986e+00 2.222016e+01 5.557513e-02
2.187762e-05 2.217055e+01 1.255975e+00 2.220609e+01 5.665060e-02
2.238721e-05 2.215463e+01 1.279161e+00 2.219152e+01 5.773789e-02
2.290868e-05 2.213815e+01 1.302533e+00 2.217644e+01 5.883659e-02
2.344229e-05 2.212112e+01 1.326078e+00 2.216083e+01 5.994623e-02
2.398833e-05 2.210351e+01 1.349780e+00 2.214468e+01 6.106634e-02
2.454709e-05 2.208531e+01 1.373626e+00 2.212798e+01 6.219639e-02
2.511886e-05 2.206652e+01 1.397601e+00 2.211073e+01 6.333581e-02
2.570396e-05 2.204712e+01 1.421687e+00 2.209291e+01 6.448403e-02
2.630268e-05 2.202712e+01 1.445868e+00 2.207452e+01 6.564039e-02
2.691535e-05 2.200649e+01 1.470127e+00 2.205554e+01 6.680424e-02
2.754229e-05 2.198524e+01 1.494444e+00 2.203597e+01 6.797488e-02
2.818383e-05 2.196335e+01 1.518800e+00 2.201580e+01 6.915156e-02
2.884032e-05 2.194083e+01 1.543176e+00 2.199504e+01 7.033351e-02
2.951209e-05 2.191767e+01 1.567551e+00 2.197366e+01 7.151994e-02
3.019952e-05 2.189387e+01 1.591904e+00 2.195167e+01 7.271000e-02
3.090295e-05 2.186943e+01 1.616213e+00 2.192907e+01 7.390285e-02
3.162278e-05 2.184433e+01 1.640457e+00 2.190585e+01 7.509758e-02
3.235937e-05 2.181860e+01 1.664613e+00 2.188201e+01 7.629328e-02
3.311311e-05 2.179223e+01 1.688658e+00 2.185755e+01 7.748903e-02
3.388442e-05 2.176522e+01 1.712571e+00 2.183249e+01 7.868386e-02
3.467369e-05 2.173757e+01 1.736328e+00 2.180681e+01 7.987682e-02
3.548134e-05 2.170931e+01 1.759906e+00 2.178052e+01 8.106691e-02
3.630781e-05 2.168042e+01 1.783283e+00 2.175364e+01 8.225315e-02
3.715352e-05 2.165093e+01 1.806436e+00 2.172616e+01 8.343456e-02
3.801894e-05 2.162085e+01 1.829343e+00 2.169810e+01 8.461014e-02
3.890451e-05 2.159018e+01 1.851983e+00 2.166947e+01 8.577892e-02
3.981072e-05 2.155895e+01 1.874333e+00 2.164027e+01 8.693992e-02
4.073803e-05 2.152716e+01 1.896375e+00 2.161053e+01 8.809219e-02
4.168694e-05 2.149484e+01 1.918088e+00 2.158025e+01 8.923479e-02
4.265795e-05 2.146201e+01 1.939453e+00 2.154946e+01 9.036683e-02
4.365158e-05 2.142868e+01 1.960454e+00 2.151817e+01 9.148742e-02
4.466836e-05 2.139487e+01 1.981074e+00 2.148640e+01 9.259574e-02
4.570882e-05 2.136062e+01 2.001298e+00 2.145417e+01 9.369100e-02
4.677351e-05 2.132594e+01 2.021111e+00 2.142150e+01 9.477245e-02
4.786301e-05 2.129086e+01 2.040503e+00 2.138841e+01 9.583941e-02
4.897788e-05 2.125540e+01 2.059463e+00 2.135494e+01 9.689126e-02
5.011872e-05 2.121960e+01 2.077981e+00 2.132110e+01 9.792744e-02
5.128614e-05 2.118347e+01 2.096051e+00 2.128692e+01 9.894745e-02
5.248075e-05 2.114706e+01 2.113667e+00 2.125243e+01 9.995089e-02
5.370318e-05 2.111038e+01 2.130827e+00 2.121765e+01 1.009374e-01
5.495409e-05 2.107347e+01 2.147529e+00 2.118261e+01 1.019068e-01
5.623413e-05 2.103635e+01 2.163774e+00 2.114734e+01 1.028588e-01
5.754399e-05 2.099906e+01 2.179563e+00 2.111187e+01 1.037934e-01
5.888437e-05 2.096162e+01 2.194903e+00 2.107623e+01 1.047105e-01
6.025596e-05 2.092407e+01 2.209799e+00 2.104044e+01 1.056104e-01
6.165950e-05 2.088643e+01 2.224260e+00 2.100453e+01 1.064931e-01
6.309573e-05 2.084873e+01 2.238297e+00 2.096853e+01 1.073590e-01
6.456542e-05 2.081099e+01 2.251922e+00 2.093247e+01 1.082083e-01
6.606934e-05 2.077325e+01 2.265150e+00 2.089638e+01 1.090417e-01
6.760830e-05 2.073552e+01 2.277996e+00 2.086027e+01 1.098596e-01
6.918310e-05 2.069784e+01 2.290477e+00 2.082419e+01 1.106626e-01
7.079458e-05 2.066022e+01 2.302614e+00 2.078814e+01 1.114516e-01
7.244360e-05 2.062269e+01 2.314427e+00 2.075215e+01 1.122272e-01
7.413102e-05 2.058526e+01 2.325937e+00 2.071625e+01 1.129904e-01
7.585776e-05 2.054796e+01 2.337168e+00 2.068045e+01 1.137421e-01
7.762471e-05 2.051080e+01 2.348145e+00 2.064478e+01 1.144833e-01
7.943282e-05 2.047380e+01 2.358892e+00 2.060924e+01 1.152151e-01
8.128305e-05 2.043697e+01 2.369435e+00 2.057387e+01 1.159387e-01
8.317638e-05 2.040032e+01 2.379801e+00 2.053866e+01 1.166551e-01
8.511380e-05 2.036386e+01 2.390018e+00 2.050363e+01 1.173657e-01
8.709636e-05 2.032760e+01 2.400113e+00 2.046880e+01 1.180716e-01
8.912509e-05 2.029154e+01 2.410113e+00 2.043417e+01 1.187743e-01
9.120108e-05 2.025570e+01 2.420047e+00 2.039975e+01 1.194749e-01
9.332543e-05 2.022006e+01 2.429943e+00 2.036554e+01 1.201749e-01
9.549926e-05 2.018463e+01 2.439827e+00 2.033156e+01 1.208755e-01
9.772372e-05 2.014942e+01 2.449729e+00 2.029779e+01 1.215781e-01
1.000000e-04 2.011441e+01 2.459674e+00 2.026424e+01 1.222841e-01
1.023293e-04 2.007961e+01 2.469688e+00 2.023092e+01 1.229948e-01
1.047129e-04 2.004500e+01 2.479799e+00 2.019781e+01 1.237116e-01
1.071519e-04 2.001058e+01 2.490030e+00 2.016491e+01 1.244357e-01
1.096478e-04 1.997634e+01 2.500406e+00 2.013222e+01 1.251683e-01
1.122018e-04 1.994227e+01 2.510949e+00 2.009973e+01 1.259109e-01
1.148154e-04 1.990836e+01 2.521683e+00 2.006743e+01 1.266645e-01
1.174898e-04 1.987460e+01 2.532628e+00 2.003531e+01 1.274304e-01
1.202264e-04 1.984096e+01 2.543803e+00 2.000336e+01 1.282097e-01
1.230269e-04 1.980744e+01 2.555228e+00 1.997158e+01 1.290035e-01
1.258925e-04 1.977402e+01 2.566920e+00 1.993994e+01 1.298128e-01
1.288250e-04 1.974069e+01 2.578895e+00 1.990843e+01 1.306386e-01
1.318257e-04 1.970743e+01 2.591168e+00 1.987704e+01 1.314818e-01
1.348963e-04 1.967421e+01 2.603753e+00 1.984576e+01 1.323434e-01
1.380384e-04 1.964103e+01 2.616660e+00 1.981457e+01 1.332242e-01
1.412538e-04 1.960787e+01 2.629902e+00 1.978345e+01 1.341248e-01
1.445440e-04 1.957470e+01 2.643488e+00 1.975239e+01 1.350461e-01
1.479108e-04 1.954152e+01 2.657426e+00 1.972138e+01 1.359887e-01
1.513561e-04 1.950830e+01 2.671722e+00 1.969040e+01 1.369531e-01
1.548817e-04 1.947502e+01 2.686384e+00 1.965943e+01 1.379400e-01
1.584893e-04 1.944167e+01 2.701414e+00 1.962845e+01 1.389497e-01
1.621810e-04 1.940823e+01 2.716817e+00 1.959746e+01 1.399827e-01
1.659587e-04 1.937469e+01 2.732595e+00 1.956644e+01 1.410395e-01
1.698244e-04 1.934102e+01 2.748749e+00 1.953537e+01 1.421202e-01
1.737801e-04 1.930722e+01 2.765281e+00 1.950424e+01 1.432252e-01
1.778279e-04 1.927326e+01 2.782188e+00 1.947304e+01 1.443548e-01
1.819701e-04 1.923915e+01 2.799470e+00 1.944175e+01 1.455091e-01
1.862087e-04 1.920485e+01 2.817126e+00 1.941037e+01 1.466883e-01
1.905461e-04 1.917037e+01 2.835154e+00 1.937888e+01 1.478925e-01
1.949845e-04 1.913568e+01 2.853549e+00 1.934728e+01 1.491219e-01
1.995262e-04 1.910079e+01 2.872310e+00 1.931554e+01 1.503765e-01
2.041738e-04 1.906567e+01 2.891432e+00 1.928368e+01 1.516564e-01
2.089296e-04 1.903033e+01 2.910913e+00 1.925167e+01 1.529618e-01
2.137962e-04 1.899475e+01 2.930748e+00 1.921952e+01 1.542925e-01
2.187762e-04 1.895893e+01 2.950935e+00 1.918721e+01 1.556488e-01
2.238721e-04 1.892287e+01 2.971470e+00 1.915475e+01 1.570306e-01
2.290868e-04 1.888655e+01 2.992350e+00 1.912213e+01 1.584382e-01
2.344229e-04 1.884998e+01 3.013573e+00 1.908935e+01 1.598714e-01
2.398833e-04 1.881315e+01 3.035137e+00 1.905641e+01 1.613306e-01
2.454709e-04 1.877606e+01 3.057041e+00 1.902330e+01 1.628159e-01
2.511886e-04 1.873871e+01 3.079283e+00 1.899003e+01 1.643274e-01
2.570396e-04 1.870111e+01 3.101865e+00 1.895661e+01 1.658653e-01
2.630268e-04 1.866323e+01 3.124787e+00 1.892302e+01 1.674301e-01
2.691535e-04 1.862510e+01 3.148051e+00 1.888927e+01 1.690220e-01
2.754229e-04 1.858671e+01 3.171660e+00 1.885537e+01 1.706413e-01
2.818383e-04 1.854805e+01 3.195619e+00 1.882132e+01 1.722886e-01
2.884032e-04 1.850914e+01 3.219932e+00 1.878713e+01 1.739644e-01
2.951209e-04 1.846997e+01 3.244606e+00 1.875279e+01 1.756693e-01
3.019952e-04 1.843053e+01 3.269648e+00 1.871831e+01 1.774039e-01
3.090295e-04 1.839084e+01 3.295066e+00 1.868370e+01 1.791689e-01
3.162278e-04 1.835089e+01 3.320871e+00 1.864895e+01 1.809651e-01
3.235937e-04 1.831068e+01 3.347073e+00 1.861407e+01 1.827935e-01
3.311311e-04 1.827020e+01 3.373683e+00 1.857907e+01 1.846550e-01
3.388442e-04 1.822946e+01 3.400716e+00 1.854395e+01 1.865505e-01
3.467369e-04 1.818845e+01 3.428184e+00 1.850871e+01 1.884813e-01
3.548134e-04 1.814717e+01 3.456103e+00 1.847335e+01 1.904486e-01
3.630781e-04 1.810561e+01 3.484487e+00 1.843786e+01 1.924534e-01
3.715352e-04 1.806376e+01 3.513354e+00 1.840226e+01 1.944973e-01
3.801894e-04 1.802162e+01 3.542719e+00 1.836654e+01 1.965816e-01
3.890451e-04 1.797917e+01 3.572601e+00 1.833069e+01 1.987078e-01
3.981072e-04 1.793640e+01 3.603018e+00 1.829471e+01 2.008774e-01
4.073803e-04 1.789331e+01 3.633987e+00 1.825860e+01 2.030919e-01
4.168694e-04 1.784987e+01 3.665526e+00 1.822234e+01 2.053532e-01
4.265795e-04 1.780606e+01 3.697655e+00 1.818594e+01 2.076627e-01
4.365158e-04 1.776188e+01 3.730390e+00 1.814938e+01 2.100223e-01
4.466836e-04 1.771729e+01 3.763750e+00 1.811265e+01 2.124338e-01
4.570882e-04 1.767227e+01 3.797753e+00 1.807574e+01 2.148989e-01
4.677351e-04 1.762681e+01 3.832414e+00 1.803862e+01 2.174196e-01
4.786301e-04 1.758088e+01 3.867751e+00 1.800130e+01 2.199976e-01
4.897788e-04 1.753444e+01 3.903777e+00 1.796374e+01 2.226349e-01
5.011872e-04 1.748746e+01 3.940508e+00 1.792593e+01 2.253333e-01
5.128614e-04 1.743993e+01 3.977956e+00 1.788785e+01 2.280948e-01
5.248075e-04 1.739179e+01 4.016132e+00 1.784947e+01 2.309211e-01
5.370318e-04 1.734302e+01 4.055048e+00 1.781078e+01 2.338144e-01
5.495409e-04 1.729358e+01 4.094710e+00 1.777174e+01 2.367763e-01
5.623413e-04 1.724344e+01 4.135126e+00 1.773233e+01 2.398087e-01
5.754399e-04 1.719254e+01 4.176301e+00 1.769251e+01 2.429136e-01
5.888437e-04 1.714086e+01 4.218237e+00 1.765227e+01 2.460926e-01
6.025596e-04 1.708834e+01 4.260935e+00 1.761156e+01 2.493475e-01
6.165950e-04 1.703495e+01 4.304392e+00 1.757035e+01 2.526800e-01
6.309573e-04 1.698064e+01 4.348605e+00 1.752862e+01 2.560919e-01
6.456542e-04 1.692537e+01 4.393567e+00 1.748632e+01 2.595848e-01
6.606934e-04 1.686908e+01 4.439268e+00 1.744342e+01 2.631601e-01
6.760830e-04 1.681174e+01 4.485697e+00 1.739988e+01 2.668194e-01
6.918310e-04 1.675329e+01 4.532838e+00 1.735567e+01 2.705641e-01
7.079458e-04 1.669369e+01 4.580674e+00 1.731074e+01 2.743955e-01
7.244360e-04 1.663289e+01 4.629184e+00 1.726506e+01 2.783151e-01
7.413102e-04 1.657084e+01 4.678345e+00 1.721859e+01 2.823239e-01
7.585776e-04 1.650751e+01 4.728129e+00 1.717128e+01 2.864230e-01
7.762471e-04 1.644283e+01 4.778508e+00 1.712310e+01 2.906135e-01
7.943282e-04 1.637676e+01 4.829448e+00 1.707401e+01 2.948964e-01
8.128305e-04 1.630927e+01 4.880914e+00 1.702397e+01 2.992724e-01
8.317638e-04 1.624030e+01 4.932866e+00 1.697293e+01 3.037424e-01
8.511380e-04 1.616981e+01 4.985262e+00 1.692086e+01 3.083068e-01
8.709636e-04 1.609776e+01 5.038058e+00 1.686772e+01 3.129664e-01
8.912509e-04 1.602411e+01 5.091204e+00 1.681346e+01 3.177214e-01
9.120108e-04 1.594883e+01 5.144650e+00 1.675806e+01 3.225723e-01
9.332543e-04 1.587187e+01 5.198343e+00 1.670147e+01 3.275192e-01
9.549926e-04 1.579321e+01 5.252224e+00 1.664366e+01 3.325621e-01
9.772372e-04 1.571282e+01 5.306235e+00 1.658459e+01 3.377011e-01
1.000000e-03 1.563065e+01 5.360313e+00 1.652423e+01 3.429360e-01
1.023293e-03 1.554670e+01 5.414395e+00 1.646255e+01 3.482664e-01
1.047129e-03 1.546094e+01 5.468412e+00 1.639952e+01 3.536921e-01
1.071519e-03 1.537334e+01 5.522295e+00 1.633510e+01 3.592124e-01
1.096478e-03 1.528390e+01 5.575975e+00 1.626927e+01 3.648266e-01
1.122018e-03 1.519260e+01 5.629377e+00 1.620201e+01 3.705341e-01
1.148154e-03 1.509944e+01 5.682428e+00 1.613329e+01 3.763338e-01
1.174898e-03 1.500440e+01 5.735051e+00 1.606309e+01 3.822247e-01
1.202264e-03 1.490749e+01 5.787169e+00 1.599139e+01 3.882056e-01
1.230269e-03 1.480871e+01 5.838705e+00 1.591817e+01 3.942751e-01
1.258925e-03 1.470807e+01 5.889579e+00 1.584344e+01 4.004318e-01
1.288250e-03 1.460558e+01 5.939713e+00 1.576716e+01 4.066741e-01
1.318257e-03 1.450127e+01 5.989027e+00 1.568933e+01 4.130003e-01
1.348963e-03 1.439514e+01 6.037443e+00 1.560996e+01 4.194085e-01
1.380384e-03 1.428723e+01 6.084881e+00 1.552903e+01 4.258966e-01
1.412538e-03 1.417756e+01 6.131264e+00 1.544654e+01 4.324625e-01
1.445440e-03 1.406617e+01 6.176514e+00 1.536251e+01 4.391040e-01
1.479108e-03 1.395311e+01 6.220556e+00 1.527693e+01 4.458187e-01
1.513561e-03 1.383840e+01 6.263316e+00 1.518981e+01 4.526040e-01
1.548817e-03 1.372210e+01 6.304721e+00 1.510118e+01 4.594573e-01
1.584893e-03 1.360427e+01 6.344700e+00 1.501104e+01 4.663758e-01
1.621810e-03 1.348494e+01 6.383187e+00 1.491941e+01 4.733566e-01
1.659587e-03 1.336420e+01 6.420116e+00 1.482632e+01 4.803967e-01
1.698244e-03 1.324209e+01 6.455425e+00 1.473178e+01 4.874929e-01
1.737801e-03 1.311869e+01 6.489054e+00 1.463584e+01 4.946421e-01
1.778279e-03 1.299406e+01 6.520949e+00 1.453851e+01 5.018409e-01
1.819701e-03 1.286827e+01 6.551056e+00 1.443983e+01 5.090858e-01
1.862087e-03 1.274142e+01 6.579328e+00 1.433985e+01 5.163733e-01
1.905461e-03 1.261356e+01 6.605720e+00 1.423859e+01 5.236999e-01
1.949845e-03 1.248478e+01 6.630192e+00 1.413610e+01 5.310619e-01
1.995262e-03 1.235517e+01 6.652710e+00 1.403242e+01 5.384554e-01
2.041738e-03 1.222481e+01 6.673241e+00 1.392761e+01 5.458766e-01
2.089296e-03 1.209379e+01 6.691758e+00 1.382170e+01 5.533218e-01
2.137962e-03 1.196219e+01 6.708240e+00 1.371475e+01 5.607870e-01
2.187762e-03 1.183010e+01 6.722669e+00 1.360682e+01 5.682682e-01
2.238721e-03 1.169761e+01 6.735033e+00 1.349795e+01 5.757616e-01
2.290868e-03 1.156480e+01 6.745323e+00 1.338821e+01 5.832630e-01
2.344229e-03 1.143178e+01 6.753536e+00 1.327764e+01 5.907687e-01
2.398833e-03 1.129862e+01 6.759674e+00 1.316632e+01 5.982745e-01
2.454709e-03 1.116541e+01 6.763743e+00 1.305429e+01 6.057766e-01
2.511886e-03 1.103224e+01 6.765752e+00 1.294162e+01 6.132711e-01
2.570396e-03 1.089919e+01 6.765718e+00 1.282838e+01 6.207542e-01
2.630268e-03 1.076635e+01 6.763658e+00 1.271461e+01 6.282220e-01
2.691535e-03 1.063380e+01 6.759597e+00 1.260039e+01 6.356709e-01
2.754229e-03 1.050162e+01 6.753562e+00 1.248577e+01 6.430974e-01
2.818383e-03 1.036988e+01 6.745583e+00 1.237082e+01 6.504977e-01
2.884032e-03 1.023866e+01 6.735694e+00 1.225560e+01 6.578687e-01
2.951209e-03 1.010803e+01 6.723935e+00 1.214017e+01 6.652071e-01
3.019952e-03 9.978065e+00 6.710345e+00 1.202458e+01 6.725096e-01
3.090295e-03 9.848823e+00 6.694968e+00 1.190890e+01 6.797734e-01
3.162278e-03 9.720368e+00 6.677850e+00 1.179319e+01 6.869956e-01
3.235937e-03 9.592760e+00 6.659040e+00 1.167749e+01 6.941736e-01
3.311311e-03 9.466053e+00 6.638589e+00 1.156188e+01 7.013049e-01
3.388442e-03 9.340300e+00 6.616549e+00 1.144639e+01 7.083872e-01
3.467369e-03 9.215548e+00 6.592973e+00 1.133109e+01 7.154185e-01
3.548134e-03 9.091842e+00 6.567917e+00 1.121602e+01 7.223968e-01
3.630781e-03 8.969223e+00 6.541437e+00 1.110123e+01 7.293204e-01
3.715352e-03 8.847728e+00 6.513590e+00 1.098677e+01 7.361879e-01
3.801894e-03 8.727391e+00 6.484432e+00 1.087268e+01 7.429978e-01
3.890451e-03 8.608241e+00 6.454021e+00 1.075901e+01 7.497491e-01
3.981072e-03 8.490307e+00 6.422415e+00 1.064578e+01 7.564409e-01
4.073803e-03 8.373610e+00 6.389671e+00 1.053305e+01 7.630725e-01
4.168694e-03 8.258170e+00 6.355845e+00 1.042085e+01 7.696432e-01
4.265795e-03 8.144005e+00 6.320993e+00 1.030921e+01 7.761528e-01
4.365158e-03 8.031129e+00 6.285170e+00 1.019816e+01 7.826011e-01
4.466836e-03 7.919552e+00 6.248431e+00 1.008772e+01 7.889880e-01
4.570882e-03 7.809282e+00 6.210828e+00 9.977939e+00 7.953136e-01
4.677351e-03 7.700325e+00 6.172413e+00 9.868824e+00 8.015782e-01
4.786301e-03 7.592685e+00 6.133235e+00 9.760402e+00 8.077822e-01
4.897788e-03 7.486362e+00 6.093345e+00 9.652692e+00 8.139260e-01
5.011872e-03 7.381355e+00 6.052787e+00 9.545713e+00 8.200104e-01
5.128614e-03 7.277661e+00 6.011609e+00 9.439480e+00 8.260358e-01
5.248075e-03 7.175276e+00 5.969852e+00 9.334009e+00 8.320031e-01
5.370318e-03 7.074193e+00 5.927559e+00 9.229310e+00 8.379131e-01
5.495409e-03 6.974406e+00 5.884770e+00 9.125396e+00 8.437666e-01
5.623413e-03 6.875904e+00 5.841523e+00 9.022275e+00 8.495643e-01
5.754399e-03 6.778679e+00 5.797853e+00 8.919954e+00 8.553073e-01
5.888437e-03 6.682719e+00 5.753796e+00 8.818441e+00 8.609962e-01
6.025596e-03 6.588014e+00 5.709383e+00 8.717739e+00 8.666318e-01
6.165950e-03 6.494551e+00 5.664645e+00 8.617854e+00 8.722150e-01
6.309573e-03 6.402319e+00 5.619612e+00 8.518787e+00 8.777464e-01
6.456542e-03 6.311304e+00 5.574311e+00 8.420540e+00 8.832266e-01
6.606934e-03 6.221493e+00 5.528768e+00 8.323115e+00 8.886561e-01
6.760830e-03 6.132873e+00 5.483006e+00 8.226511e+00 8.940354e-01
6.918310e-03 6.045432e+00 5.437049e+00 8.130729e+00 8.993648e-01
7.079458e-03 5.959157e+00 5.390919e+00 8.035768e+00 9.046446e-01
7.244360e-03 5.874035e+00 5.344635e+00 7.941625e+00 9.098747e-01
7.413102e-03 5.790052e+00 5.298217e+00 7.848300e+00 9.150551e-01
7.585776e-03 5.707198e+00 5.251682e+00 7.755790e+00 9.201858e-01
7.762471e-03 5.625460e+00 5.205048e+00 7.664093e+00 9.252662e-01
7.943282e-03 5.544827e+00 5.158330e+00 7.573208e+00 9.302960e-01
8.128305e-03 5.465287e+00 5.111544e+00 7.483131e+00 9.352746e-01
8.317638e-03 5.386830e+00 5.064704e+00 7.393860e+00 9.402012e-01
8.511380e-03 5.309446e+00 5.017824e+00 7.305393e+00 9.450749e-01
8.709636e-03 5.233124e+00 4.970917e+00 7.217728e+00 9.498947e-01
8.912509e-03 5.157856e+00 4.923995e+00 7.130863e+00 9.546593e-01
9.120108e-03 5.083632e+00 4.877072e+00 7.044796e+00 9.593677e-01
9.332543e-03 5.010444e+00 4.830159e+00 6.959525e+00 9.640182e-01
9.549926e-03 4.938283e+00 4.783268e+00 6.875049e+00 9.686094e-01
9.772372e-03 4.867143e+00 4.736410e+00 6.791366e+00 9.731397e-01
1.000000e-02 4.797014e+00 4.689596e+00 6.708476e+00 9.776073e-01
1.023293e-02 4.727890e+00 4.642838e+00 6.626378e+00 9.820106e-01
1.047129e-02 4.659764e+00 4.596147e+00 6.545072e+00 9.863476e-01
1.071519e-02 4.592629e+00 4.549534e+00 6.464557e+00 9.906164e-01
1.096478e-02 4.526479e+00 4.503009e+00 6.384834e+00 9.948151e-01
1.122018e-02 4.461306e+00 4.456585e+00 6.305902e+00 9.989418e-01
1.148154e-02 4.397105e+00 4.410272e+00 6.227763e+00 1.002994e+00
1.174898e-02 4.333868e+00 4.364081e+00 6.150416e+00 1.006971e+00
1.202264e-02 4.271591e+00 4.318024e+00 6.073863e+00 1.010870e+00
1.230269e-02 4.210265e+00 4.272112e+00 5.998105e+00 1.014690e+00
1.258925e-02 4.149884e+00 4.226356e+00 5.923143e+00 1.018427e+00
1.288250e-02 4.090442e+00 4.180768e+00 5.848977e+00 1.022082e+00
1.318257e-02 4.031932e+00 4.135359e+00 5.775610e+00 1.025652e+00
1.348963e-02 3.974346e+00 4.090141e+00 5.703041e+00 1.029136e+00
1.380384e-02 3.917677e+00 4.045126e+00 5.631273e+00 1.032532e+00
1.412538e-02 3.861918e+00 4.000324e+00 5.560306e+00 1.035839e+00
1.445440e-02 3.807060e+00 3.955748e+00 5.490141e+00 1.039056e+00
1.479108e-02 3.753094e+00 3.911409e+00 5.420778e+00 1.042183e+00
1.513561e-02 3.700013e+00 3.867319e+00 5.352219e+00 1.045218e+00
1.548817e-02 3.647807e+00 3.823488e+00 5.284464e+00 1.048161e+00
1.584893e-02 3.596466e+00 3.779928e+00 5.217512e+00 1.051012e+00
1.621810e-02 3.545982e+00 3.736650e+00 5.151363e+00 1.053770e+00
1.659587e-02 3.496343e+00 3.693664e+00 5.086017e+00 1.056437e+00
1.698244e-02 3.447539e+00 3.650982e+00 5.021473e+00 1.059011e+00
1.737801e-02 3.399559e+00 3.608612e+00 4.957730e+00 1.061494e+00
1.778279e-02 3.352392e+00 3.566566e+00 4.894786e+00 1.063887e+00
1.819701e-02 3.306026e+00 3.524852e+00 4.832638e+00 1.066190e+00
1.862087e-02 3.260449e+00 3.483480e+00 4.771285e+00 1.068405e+00
1.905461e-02 3.215648e+00 3.442459e+00 4.710724e+00 1.070533e+00
1.949845e-02 3.171612e+00 3.401796e+00 4.650950e+00 1.072576e+00
1.995262e-02 3.128326e+00 3.361501e+00 4.591962e+00 1.074536e+00
2.041738e-02 3.085779e+00 3.321579e+00 4.533753e+00 1.076415e+00
2.089296e-02 3.043956e+00 3.282038e+00 4.476320e+00 1.078215e+00
2.137962e-02 3.002843e+00 3.242885e+00 4.419657e+00 1.079938e+00
2.187762e-02 2.962428e+00 3.204125e+00 4.363760e+00 1.081588e+00
2.238721e-02 2.922695e+00 3.165764e+00 4.308621e+00 1.083166e+00
2.290868e-02 2.883632e+00 3.127807e+00 4.254234e+00 1.084676e+00
2.344229e-02 2.845224e+00 3.090257e+00 4.200594e+00 1.086121e+00
2.398833e-02 2.807457e+00 3.053120e+00 4.147692e+00 1.087504e+00
2.454709e-02 2.770316e+00 3.016397e+00 4.095522e+00 1.088828e+00
2.511886e-02 2.733788e+00 2.980091e+00 4.044075e+00 1.090096e+00
2.570396e-02 2.697859e+00 2.944206e+00 3.993343e+00 1.091312e+00
2.630268e-02 2.662514e+00 2.908742e+00 3.943318e+00 1.092479e+00
2.691535e-02 2.627740e+00 2.873700e+00 3.893992e+00 1.093601e+00
2.754229e-02 2.593524e+00 2.839082e+00 3.845355e+00 1.094681e+00
2.818383e-02 2.559850e+00 2.804888e+00 3.797398e+00 1.095723e+00
2.884032e-02 2.526707e+00 2.771117e+00 3.750112e+00 1.096730e+00
2.951209e-02 2.494081e+00 2.737768e+00 3.703487e+00 1.097706e+00
3.019952e-02 2.461959e+00 2.704841e+00 3.657514e+00 1.098654e+00
3.090295e-02 2.430328e+00 2.672335e+00 3.612183e+00 1.099578e+00
3.162278e-02 2.399176e+00 2.640247e+00 3.567485e+00 1.100481e+00
3.235937e-02 2.368491e+00 2.608575e+00 3.523409e+00 1.101366e+00
3.311311e-02 2.338260e+00 2.577317e+00 3.479946e+00 1.102237e+00
3.388442e-02 2.308473e+00 2.546469e+00 3.437085e+00 1.103097e+00
3.467369e-02 2.279117e+00 2.516030e+00 3.394817e+00 1.103949e+00
3.548134e-02 2.250182e+00 2.485995e+00 3.353132e+00 1.104797e+00
3.630781e-02 2.221657e+00 2.456361e+00 3.312019e+00 1.105644e+00
3.715352e-02 2.193532e+00 2.427124e+00 3.271470e+00 1.106491e+00
3.801894e-02 2.165796e+00 2.398281e+00 3.231474e+00 1.107344e+00
3.890451e-02 2.138440e+00 2.369826e+00 3.192021e+00 1.108203e+00
3.981072e-02 2.111453e+00 2.341756e+00 3.153103e+00 1.109073e+00
4.073803e-02 2.084828e+00 2.314066e+00 3.114708e+00 1.109955e+00
4.168694e-02 2.058554e+00 2.286752e+00 3.076829e+00 1.110853e+00
4.265795e-02 2.032624e+00 2.259808e+00 3.039456e+00 1.111769e+00
4.365158e-02 2.007029e+00 2.233231e+00 3.002580e+00 1.112705e+00
4.466836e-02 1.981760e+00 2.207015e+00 2.966191e+00 1.113664e+00
4.570882e-02 1.956811e+00 2.181155e+00 2.930281e+00 1.114648e+00
4.677351e-02 1.932173e+00 2.155647e+00 2.894841e+00 1.115659e+00
4.786301e-02 1.907840e+00 2.130485e+00 2.859863e+00 1.116700e+00
4.897788e-02 1.883803e+00 2.105664e+00 2.825338e+00 1.117773e+00
5.011872e-02 1.860058e+00 2.081179e+00 2.791258e+00 1.118879e+00
5.128614e-02 1.836596e+00 2.057025e+00 2.757615e+00 1.120021e+00
5.248075e-02 1.813412e+00 2.033198e+00 2.724400e+00 1.121200e+00
5.370318e-02 1.790499e+00 2.009691e+00 2.691607e+00 1.122419e+00
5.495409e-02 1.767853e+00 1.986501e+00 2.659227e+00 1.123680e+00
5.623413e-02 1.745466e+00 1.963621e+00 2.627253e+00 1.124984e+00
5.754399e-02 1.723334e+00 1.941047e+00 2.595678e+00 1.126333e+00
5.888437e-02 1.701451e+00 1.918774e+00 2.564494e+00 1.127728e+00
6.025596e-02 1.679812e+00 1.896797e+00 2.533694e+00 1.129172e+00
6.165950e-02 1.658412e+00 1.875110e+00 2.503272e+00 1.130666e+00
6.309573e-02 1.637247e+00 1.853710e+00 2.473220e+00 1.132212e+00
6.456542e-02 1.616311e+00 1.832592e+00 2.443533e+00 1.133811e+00
6.606934e-02 1.595600e+00 1.811749e+00 2.414203e+00 1.135465e+00
6.760830e-02 1.575111e+00 1.791178e+00 2.385224e+00 1.137176e+00
6.918310e-02 1.554838e+00 1.770875e+00 2.356590e+00 1.138945e+00
7.079458e-02 1.534777e+00 1.750833e+00 2.328295e+00 1.140773e+00
7.244360e-02 1.514925e+00 1.731049e+00 2.300332e+00 1.142663e+00
7.413102e-02 1.495278e+00 1.711518e+00 2.272696e+00 1.144615e+00
7.585776e-02 1.475831e+00 1.692235e+00 2.245381e+00 1.146632e+00
7.762471e-02 1.456582e+00 1.673196e+00 2.218381e+00 1.148714e+00
7.943282e-02 1.437526e+00 1.654396e+00 2.191690e+00 1.150863e+00
8.128305e-02 1.418661e+00 1.635830e+00 2.165303e+00 1.153080e+00
8.317638e-02 1.399983e+00 1.617495e+00 2.139215e+00 1.155368e+00
8.511380e-02 1.381488e+00 1.599385e+00 2.113419e+00 1.157726e+00
8.709636e-02 1.363174e+00 1.581496e+00 2.087911e+00 1.160157e+00
8.912509e-02 1.345037e+00 1.563824e+00 2.062685e+00 1.162662e+00
9.120108e-02 1.327076e+00 1.546363e+00 2.037736e+00 1.165241e+00
9.332543e-02 1.309286e+00 1.529111e+00 2.013060e+00 1.167897e+00
9.549926e-02 1.291665e+00 1.512062e+00 1.988650e+00 1.170630e+00
9.772372e-02 1.274211e+00 1.495211e+00 1.964503e+00 1.173440e+00
1.000000e-01 1.256922e+00 1.478555e+00 1.940612e+00 1.176330e+00
1.023293e-01 1.239794e+00 1.462089e+00 1.916975e+00 1.179299e+00
1.047129e-01 1.222826e+00 1.445808e+00 1.893585e+00 1.182349e+00
1.071519e-01 1.206016e+00 1.429708e+00 1.870438e+00 1.185480e+00
1.096478e-01 1.189362e+00 1.413785e+00 1.847531e+00 1.188693e+00
1.122018e-01 1.172861e+00 1.398035e+00 1.824857e+00 1.191987e+00
1.148154e-01 1.156513e+00 1.382452e+00 1.802414e+00 1.195363e+00
1.174898e-01 1.140315e+00 1.367034e+00 1.780197e+00 1.198821e+00
1.202264e-01 1.124268e+00 1.351775e+00 1.758201e+00 1.202360e+00
1.230269e-01 1.108368e+00 1.336671e+00 1.736424e+00 1.205981e+00
1.258925e-01 1.092615e+00 1.321718e+00 1.714861e+00 1.209683e+00
1.288250e-01 1.077009e+00 1.306913e+00 1.693508e+00 1.213465e+00
1.318257e-01 1.061548e+00 1.292251e+00 1.672362e+00 1.217326e+00
1.348963e-01 1.046232e+00 1.277727e+00 1.651420e+00 1.221265e+00
1.380384e-01 1.031061e+00 1.263340e+00 1.630679e+00 1.225281e+00
1.412538e-01 1.016033e+00 1.249083e+00 1.610134e+00 1.229372e+00
1.445440e-01 1.001150e+00 1.234955e+00 1.589784e+00 1.233536e+00
1.479108e-01 9.864103e-01 1.220951e+00 1.569626e+00 1.237772e+00
1.513561e-01 9.718147e-01 1.207067e+00 1.549657e+00 1.242076e+00
1.548817e-01 9.573634e-01 1.193302e+00 1.529874e+00 1.246446e+00
1.584893e-01 9.430566e-01 1.179651e+00 1.510275e+00 1.250880e+00
1.621810e-01 9.288950e-01 1.166111e+00 1.490859e+00 1.255374e+00
1.659587e-01 9.148790e-01 1.152680e+00 1.471623e+00 1.259926e+00
1.698244e-01 9.010094e-01 1.139354e+00 1.452565e+00 1.264531e+00
1.737801e-01 8.872870e-01 1.126132e+00 1.433685e+00 1.269186e+00
1.778279e-01 8.737126e-01 1.113011e+00 1.414980e+00 1.273887e+00
1.819701e-01 8.602872e-01 1.099989e+00 1.396449e+00 1.278630e+00
1.862087e-01 8.470118e-01 1.087064e+00 1.378092e+00 1.283410e+00
1.905461e-01 8.338874e-01 1.074233e+00 1.359906e+00 1.288224e+00
1.949845e-01 8.209152e-01 1.061497e+00 1.341893e+00 1.293065e+00
1.995262e-01 8.080961e-01 1.048852e+00 1.324050e+00 1.297929e+00
2.041738e-01 7.954315e-01 1.036298e+00 1.306378e+00 1.302812e+00
2.089296e-01 7.829223e-01 1.023834e+00 1.288876e+00 1.307708e+00
2.137962e-01 7.705697e-01 1.011458e+00 1.271545e+00 1.312611e+00
2.187762e-01 7.583748e-01 9.991714e-01 1.254383e+00 1.317517e+00
2.238721e-01 7.463386e-01 9.869724e-01 1.237391e+00 1.322419e+00
2.290868e-01 7.344620e-01 9.748609e-01 1.220569e+00 1.327313e+00
2.344229e-01 7.227460e-01 9.628370e-01 1.203917e+00 1.332193e+00
2.398833e-01 7.111915e-01 9.509007e-01 1.187436e+00 1.337053e+00
2.454709e-01 6.997991e-01 9.390522e-01 1.171127e+00 1.341888e+00
2.511886e-01 6.885695e-01 9.272918e-01 1.154988e+00 1.346693e+00
2.570396e-01 6.775033e-01 9.156203e-01 1.139022e+00 1.351462e+00
2.630268e-01 6.666008e-01 9.040381e-01 1.123228e+00 1.356191e+00
2.691535e-01 6.558624e-01 8.925461e-01 1.107607e+00 1.360874e+00
2.754229e-01 6.452882e-01 8.811451e-01 1.092160e+00 1.365506e+00
2.818383e-01 6.348782e-01 8.698363e-01 1.076887e+00 1.370084e+00
2.884032e-01 6.246324e-01 8.586206e-01 1.061789e+00 1.374601e+00
2.951209e-01 6.145504e-01 8.474992e-01 1.046865e+00 1.379056e+00
3.019952e-01 6.046317e-01 8.364734e-01 1.032118e+00 1.383443e+00
3.090295e-01 5.948760e-01 8.255444e-01 1.017547e+00 1.387759e+00
3.162278e-01 5.852823e-01 8.147134e-01 1.003152e+00 1.392001e+00
3.235937e-01 5.758498e-01 8.039819e-01 9.889337e-01 1.396166e+00
3.311311e-01 5.665775e-01 7.933511e-01 9.748928e-01 1.400252e+00
3.388442e-01 5.574641e-01 7.828224e-01 9.610292e-01 1.404256e+00
3.467369e-01 5.485085e-01 7.723971e-01 9.473431e-01 1.408177e+00
3.548134e-01 5.397090e-01 7.620765e-01 9.338343e-01 1.412014e+00
3.630781e-01 5.310642e-01 7.518618e-01 9.205028e-01 1.415765e+00
3.715352e-01 5.225722e-01 7.417543e-01 9.073484e-01 1.419429e+00
3.801894e-01 5.142311e-01 7.317551e-01 8.943708e-01 1.423008e+00
3.890451e-01 5.060392e-01 7.218653e-01 8.815697e-01 1.426501e+00
3.981072e-01 4.979942e-01 7.120859e-01 8.689445e-01 1.429908e+00
4.073803e-01 4.900940e-01 7.024179e-01 8.564946e-01 1.433231e+00
4.168694e-01 4.823363e-01 6.928621e-01 8.442193e-01 1.436471e+00
4.265795e-01 4.747187e-01 6.834193e-01 8.321177e-01 1.439630e+00
4.365158e-01 4.672390e-01 6.740902e-01 8.201889e-01 1.442710e+00
4.466836e-01 4.598945e-01 6.648754e-01 8.084320e-01 1.445713e+00
4.570882e-01 4.526828e-01 6.557753e-01 7.968456e-01 1.448642e+00
4.677351e-01 4.456013e-01 6.467904e-01 7.854287e-01 1.451500e+00
4.786301e-01 4.386473e-01 6.379209e-01 7.741799e-01 1.454291e+00
4.897788e-01 4.318182e-01 6.291671e-01 7.630978e-01 1.457018e+00
5.011872e-01 4.251115e-01 6.205290e-01 7.521808e-01 1.459685e+00
5.128614e-01 4.185243e-01 6.120066e-01 7.414274e-01 1.462296e+00
5.248075e-01 4.120541e-01 6.035998e-01 7.308360e-01 1.464856e+00
5.370318e-01 4.056981e-01 5.953084e-01 7.204048e-01 1.467368e+00
5.495409e-01 3.994538e-01 5.871322e-01 7.101321e-01 1.469838e+00
5.623413e-01 3.933184e-01 5.790708e-01 7.000160e-01 1.472270e+00
5.754399e-01 3.872894e-01 5.711237e-01 6.900546e-01 1.474669e+00
5.888437e-01 3.813642e-01 5.632904e-01 6.802461e-01 1.477041e+00
6.025596e-01 3.755402e-01 5.555703e-01 6.705884e-01 1.479390e+00
6.165950e-01 3.698149e-01 5.479627e-01 6.610795e-01 1.481722e+00
6.309573e-01 3.641858e-01 5.404669e-01 6.517176e-01 1.484041e+00
6.456542e-01 3.586506e-01 5.330821e-01 6.425004e-01 1.486355e+00
6.606934e-01 3.532067e-01 5.258074e-01 6.334259e-01 1.488668e+00
6.760830e-01 3.478519e-01 5.186420e-01 6.244921e-01 1.490985e+00
6.918310e-01 3.425838e-01 5.115848e-01 6.156969e-01 1.493313e+00
7.079458e-01 3.374002e-01 5.046350e-01 6.070382e-01 1.495657e+00
7.244360e-01 3.322990e-01 4.977915e-01 5.985140e-01 1.498023e+00
7.413102e-01 3.272778e-01 4.910532e-01 5.901220e-01 1.500417e+00
7.585776e-01 3.223347e-01 4.844191e-01 5.818604e-01 1.502845e+00
7.762471e-01 3.174676e-01 4.778880e-01 5.737270e-01 1.505313e+00
7.943282e-01 3.126744e-01 4.714589e-01 5.657197e-01 1.507827e+00
8.128305e-01 3.079532e-01 4.651305e-01 5.578365e-01 1.510394e+00
8.317638e-01 3.033020e-01 4.589018e-01 5.500754e-01 1.513019e+00
8.511380e-01 2.987189e-01 4.527715e-01 5.424343e-01 1.515711e+00
8.709636e-01 2.942022e-01 4.467384e-01 5.349113e-01 1.518474e+00
8.912509e-01 2.897499e-01 4.408014e-01 5.275044e-01 1.521317e+00
9.120108e-01 2.853603e-01 4.349592e-01 5.202115e-01 1.524246e+00
9.332543e-01 2.810316e-01 4.292107e-01 5.130308e-01 1.527268e+00
9.549926e-01 2.767622e-01 4.235545e-01 5.059602e-01 1.530392e+00
9.772372e-01 2.725503e-01 4.179895e-01 4.989979e-01 1.533624e+00
1.000000e+00 2.683942e-01 4.125144e-01 4.921418e-01 1.536972e+00
1.023293e+00 2.642923e-01 4.071279e-01 4.853902e-01 1.540445e+00
1.047129e+00 2.602431e-01 4.018289e-01 4.787410e-01 1.544052e+00
1.071519e+00 2.562449e-01 3.966159e-01 4.721924e-01 1.547800e+00
1.096478e+00 2.522961e-01 3.914878e-01 4.657424e-01 1.551700e+00
1.122018e+00 2.483952e-01 3.864431e-01 4.593893e-01 1.555759e+00
1.148154e+00 2.445407e-01 3.814807e-01 4.531310e-01 1.559989e+00
1.174898e+00 2.407311e-01 3.765991e-01 4.469657e-01 1.564398e+00
1.202264e+00 2.369649e-01 3.717971e-01 4.408916e-01 1.568997e+00
1.230269e+00 2.332406e-01 3.670732e-01 4.349068e-01 1.573797e+00
1.258925e+00 2.295568e-01 3.624260e-01 4.290092e-01 1.578808e+00
1.288250e+00 2.259121e-01 3.578542e-01 4.231972e-01 1.584042e+00
1.318257e+00 2.223051e-01 3.533563e-01 4.174688e-01 1.589510e+00
1.348963e+00 2.187345e-01 3.489308e-01 4.118221e-01 1.595225e+00
1.380384e+00 2.151989e-01 3.445762e-01 4.062553e-01 1.601199e+00
1.412538e+00 2.116971e-01 3.402911e-01 4.007664e-01 1.607443e+00
1.445440e+00 2.082277e-01 3.360738e-01 3.953535e-01 1.613973e+00
1.479108e+00 2.047896e-01 3.319229e-01 3.900149e-01 1.620799e+00
1.513561e+00 2.013816e-01 3.278367e-01 3.847486e-01 1.627937e+00
1.548817e+00 1.980026e-01 3.238136e-01 3.795527e-01 1.635401e+00
1.584893e+00 1.946513e-01 3.198519e-01 3.744254e-01 1.643204e+00
1.621810e+00 1.913269e-01 3.159499e-01 3.693648e-01 1.651361e+00
1.659587e+00 1.880284e-01 3.121060e-01 3.643691e-01 1.659888e+00
1.698244e+00 1.847547e-01 3.083184e-01 3.594364e-01 1.668799e+00
1.737801e+00 1.815050e-01 3.045853e-01 3.545649e-01 1.678110e+00
1.778279e+00 1.782784e-01 3.009051e-01 3.497529e-01 1.687838e+00
1.819701e+00 1.750744e-01 2.972758e-01 3.449985e-01 1.697997e+00
1.862087e+00 1.718921e-01 2.936957e-01 3.402999e-01 1.708605e+00
1.905461e+00 1.687309e-01 2.901629e-01 3.356555e-01 1.719679e+00
1.949845e+00 1.655903e-01 2.866757e-01 3.310636e-01 1.731235e+00
1.995262e+00 1.624699e-01 2.832322e-01 3.265225e-01 1.743291e+00
2.041738e+00 1.593692e-01 2.798305e-01 3.220305e-01 1.755863e+00
2.089296e+00 1.562879e-01 2.764689e-01 3.175861e-01 1.768971e+00
2.137962e+00 1.532259e-01 2.731454e-01 3.131878e-01 1.782632e+00
2.187762e+00 1.501830e-01 2.698584e-01 3.088341e-01 1.796864e+00
2.238721e+00 1.471590e-01 2.666060e-01 3.045234e-01 1.811687e+00
2.290868e+00 1.441541e-01 2.633864e-01 3.002546e-01 1.827117e+00
2.344229e+00 1.411683e-01 2.601979e-01 2.960261e-01 1.843176e+00
2.398833e+00 1.382018e-01 2.570389e-01 2.918368e-01 1.859881e+00
2.454709e+00 1.352549e-01 2.539076e-01 2.876855e-01 1.877253e+00
2.511886e+00 1.323279e-01 2.508024e-01 2.835710e-01 1.895310e+00
2.570396e+00 1.294212e-01 2.477218e-01 2.794923e-01 1.914074e+00
2.630268e+00 1.265354e-01 2.446642e-01 2.754483e-01 1.933564e+00
2.691535e+00 1.236709e-01 2.416283e-01 2.714383e-01 1.953800e+00
2.754229e+00 1.208285e-01 2.386126e-01 2.674612e-01 1.974804e+00
2.818383e+00 1.180088e-01 2.356159e-01 2.635164e-01 1.996595e+00
2.884032e+00 1.152126e-01 2.326368e-01 2.596032e-01 2.019196e+00
2.951209e+00 1.124406e-01 2.296743e-01 2.557209e-01 2.042627e+00
3.019952e+00 1.096938e-01 2.267273e-01 2.518691e-01 2.066910e+00
3.090295e+00 1.069731e-01 2.237949e-01 2.480471e-01 2.092068e+00
3.162278e+00 1.042792e-01 2.208760e-01 2.442548e-01 2.118121e+00
3.235937e+00 1.016133e-01 2.179700e-01 2.404916e-01 2.145093e+00
3.311311e+00 9.897637e-02 2.150762e-01 2.367574e-01 2.173005e+00
3.388442e+00 9.636932e-02 2.121939e-01 2.330521e-01 2.201882e+00
3.467369e+00 9.379319e-02 2.093226e-01 2.293755e-01 2.231746e+00
3.548134e+00 9.124901e-02 2.064619e-01 2.257275e-01 2.262621e+00
3.630781e+00 8.873779e-02 2.036116e-01 2.221082e-01 2.294530e+00
3.715352e+00 8.626053e-02 2.007713e-01 2.185177e-01 2.327499e+00
3.801894e+00 8.381821e-02 1.979409e-01 2.149561e-01 2.361551e+00
3.890451e+00 8.141181e-02 1.951205e-01 2.114235e-01 2.396710e+00
3.981072e+00 7.904224e-02 1.923101e-01 2.079203e-01 2.433004e+00
4.073803e+00 7.671041e-02 1.895097e-01 2.044466e-01 2.470456e+00
4.168694e+00 7.441717e-02 1.867197e-01 2.010029e-01 2.509094e+00
4.265795e+00 7.216333e-02 1.839402e-01 1.975893e-01 2.548943e+00
4.365158e+00 6.994964e-02 1.811717e-01 1.942064e-01 2.590031e+00
4.466836e+00 6.777682e-02 1.784146e-01 1.908546e-01 2.632384e+00
4.570882e+00 6.564550e-02 1.756693e-01 1.875341e-01 2.676030e+00
4.677351e+00 6.355626e-02 1.729365e-01 1.842456e-01 2.720998e+00
4.786301e+00 6.150963e-02 1.702167e-01 1.809893e-01 2.767317e+00
4.897788e+00 5.950605e-02 1.675104e-01 1.777659e-01 2.815015e+00
5.011872e+00 5.754591e-02 1.648186e-01 1.745757e-01 2.864123e+00
5.128614e+00 5.562951e-02 1.621417e-01 1.714193e-01 2.914670e+00
5.248075e+00 5.375710e-02 1.594806e-01 1.682970e-01 2.966689e+00
5.370318e+00 5.192885e-02 1.568360e-01 1.652094e-01 3.020209e+00
5.495409e+00 5.014486e-02 1.542087e-01 1.621568e-01 3.075264e+00
5.623413e+00 4.840516e-02 1.515994e-01 1.591397e-01 3.131886e+00
5.754399e+00 4.670970e-02 1.490090e-01 1.561585e-01 3.190108e+00
5.888437e+00 4.505839e-02 1.464382e-01 1.532136e-01 3.249965e+00
6.025596e+00 4.345106e-02 1.438879e-01 1.503054e-01 3.311492e+00
6.165950e+00 4.188747e-02 1.413587e-01 1.474342e-01 3.374724e+00
6.309573e+00 4.036733e-02 1.388514e-01 1.446003e-01 3.439698e+00
6.456542e+00 3.889029e-02 1.363669e-01 1.418040e-01 3.506450e+00
6.606934e+00 3.745594e-02 1.339057e-01 1.390456e-01 3.575019e+00
6.760830e+00 3.606382e-02 1.314686e-01 1.363254e-01 3.645444e+00
6.918310e+00 3.471344e-02 1.290563e-01 1.336434e-01 3.717763e+00
7.079458e+00 3.340422e-02 1.266694e-01 1.309999e-01 3.792018e+00
7.244360e+00 3.213559e-02 1.243085e-01 1.283951e-01 3.868250e+00
7.413102e+00 3.090692e-02 1.219742e-01 1.258290e-01 3.946502e+00
7.585776e+00 2.971752e-02 1.196670e-01 1.233017e-01 4.026816e+00
7.762471e+00 2.856672e-02 1.173874e-01 1.208133e-01 4.109237e+00
7.943282e+00 2.745377e-02 1.151359e-01 1.183638e-01 4.193811e+00
8.128305e+00 2.637793e-02 1.129129e-01 1.159531e-01 4.280583e+00
8.317638e+00 2.533843e-02 1.107188e-01 1.135812e-01 4.369602e+00
8.511380e+00 2.433447e-02 1.085540e-01 1.112481e-01 4.460916e+00
8.709636e+00 2.336525e-02 1.064187e-01 1.089536e-01 4.554574e+00
8.912509e+00 2.242994e-02 1.043133e-01 1.066976e-01 4.650628e+00
9.120108e+00 2.152772e-02 1.022380e-01 1.044799e-01 4.749130e+00
9.332543e+00 2.065776e-02 1.001929e-01 1.023003e-01 4.850133e+00
9.549926e+00 1.981921e-02 9.817823e-02 1.001587e-01 4.953691e+00
9.772372e+00 1.901122e-02 9.619414e-02 9.805477e-02 5.059861e+00
1.000000e+01 1.823296e-02 9.424070e-02 9.598828e-02 5.168699e+00
