1.000000e-06 6.800578e+01 1.000586e+00 6.801314e+01 1.471325e-02
1.023293e-06 6.800496e+01 1.023878e+00 6.801266e+01 1.505593e-02
1.047129e-06 6.800409e+01 1.047711e+00 6.801216e+01 1.540659e-02
1.071519e-06 6.800319e+01 1.072099e+00 6.801164e+01 1.576542e-02
1.096478e-06 6.800224e+01 1.097053e+00 6.801109e+01 1.613260e-02
1.122018e-06 6.800125e+01 1.122587e+00 6.801051e+01 1.650833e-02
1.148154e-06 6.800021e+01 1.148714e+00 6.800991e+01 1.689281e-02
1.174898e-06 6.799912e+01 1.175449e+00 6.800928e+01 1.728624e-02
1.202264e-06 6.799798e+01 1.202805e+00 6.800862e+01 1.768883e-02
1.230269e-06 6.799679e+01 1.230796e+00 6.800792e+01 1.810079e-02
1.258925e-06 6.799554e+01 1.259437e+00 6.800720e+01 1.852235e-02
1.288250e-06 6.799423e+01 1.288743e+00 6.800644e+01 1.895372e-02
1.318257e-06 6.799286e+01 1.318730e+00 6.800564e+01 1.939513e-02
1.348963e-06 6.799142e+01 1.349414e+00 6.800481e+01 1.984682e-02
1.380384e-06 6.798992e+01 1.380809e+00 6.800394e+01 2.030903e-02
1.412538e-06 6.798835e+01 1.412933e+00 6.800303e+01 2.078199e-02
1.445440e-06 6.798670e+01 1.445803e+00 6.800207e+01 2.126597e-02
1.479108e-06 6.798498e+01 1.479435e+00 6.800107e+01 2.176121e-02
1.513561e-06 6.798317e+01 1.513848e+00 6.800002e+01 2.226798e-02
1.548817e-06 6.798128e+01 1.549058e+00 6.799893e+01 2.278654e-02
1.584893e-06 6.797930e+01 1.585085e+00 6.799778e+01 2.331718e-02
1.621810e-06 6.797723e+01 1.621948e+00 6.799658e+01 2.386016e-02
1.659587e-06 6.797506e+01 1.659664e+00 6.799532e+01 2.441579e-02
1.698244e-06 6.797279e+01 1.698255e+00 6.799400e+01 2.498434e-02
1.737801e-06 6.797041e+01 1.737740e+00 6.799262e+01 2.556613e-02
1.778279e-06 6.796792e+01 1.778140e+00 6.799117e+01 2.616145e-02
1.819701e-06 6.796531e+01 1.819474e+00 6.798966e+01 2.677063e-02
1.862087e-06 6.796258e+01 1.861766e+00 6.798807e+01 2.739399e-02
1.905461e-06 6.795972e+01 1.905036e+00 6.798642e+01 2.803185e-02
1.949845e-06 6.795673e+01 1.949308e+00 6.798468e+01 2.868455e-02
1.995262e-06 6.795359e+01 1.994603e+00 6.798286e+01 2.935243e-02
2.041738e-06 6.795031e+01 2.040946e+00 6.798095e+01 3.003586e-02
2.089296e-06 6.794687e+01 2.088360e+00 6.797896e+01 3.073518e-02
2.137962e-06 6.794328e+01 2.136869e+00 6.797687e+01 3.145077e-02
2.187762e-06 6.793951e+01 2.186498e+00 6.797469e+01 3.218301e-02
2.238721e-06 6.793557e+01 2.237273e+00 6.797240e+01 3.293228e-02
2.290868e-06 6.793144e+01 2.289220e+00 6.797000e+01 3.369897e-02
2.344229e-06 6.792712e+01 2.342365e+00 6.796749e+01 3.448350e-02
2.398833e-06 6.792259e+01 2.396735e+00 6.796486e+01 3.528627e-02
2.454709e-06 6.791785e+01 2.452357e+00 6.796211e+01 3.610770e-02
2.511886e-06 6.791289e+01 2.509261e+00 6.795923e+01 3.694823e-02
2.570396e-06 6.790770e+01 2.567475e+00 6.795622e+01 3.780831e-02
2.630268e-06 6.790226e+01 2.627028e+00 6.795306e+01 3.868838e-02
2.691535e-06 6.789657e+01 2.687950e+00 6.794975e+01 3.958890e-02
2.754229e-06 6.789061e+01 2.750273e+00 6.794629e+01 4.051035e-02
2.818383e-06 6.788437e+01 2.814026e+00 6.794267e+01 4.145322e-02
2.884032e-06 6.787784e+01 2.879242e+00 6.793888e+01 4.241800e-02
2.951209e-06 6.787100e+01 2.945954e+00 6.793491e+01 4.340519e-02
3.019952e-06 6.786384e+01 3.014194e+00 6.793075e+01 4.441532e-02
3.090295e-06 6.785635e+01 3.083997e+00 6.792640e+01 4.544891e-02
3.162278e-06 6.784851e+01 3.155397e+00 6.792184e+01 4.650651e-02
3.235937e-06 6.784029e+01 3.228429e+00 6.791707e+01 4.758867e-02
3.311311e-06 6.783170e+01 3.303129e+00 6.791207e+01 4.869595e-02
3.388442e-06 6.782270e+01 3.379533e+00 6.790685e+01 4.982894e-02
3.467369e-06 6.781328e+01 3.457679e+00 6.790137e+01 5.098823e-02
3.548134e-06 6.780342e+01 3.537604e+00 6.789564e+01 5.217442e-02
3.630781e-06 6.779310e+01 3.619348e+00 6.788964e+01 5.338814e-02
3.715352e-06 6.778229e+01 3.702948e+00 6.788337e+01 5.463002e-02
3.801894e-06 6.777099e+01 3.788446e+00 6.787679e+01 5.590070e-02
3.890451e-06 6.775915e+01 3.875881e+00 6.786991e+01 5.720085e-02
3.981072e-06 6.774676e+01 3.965296e+00 6.786271e+01 5.853115e-02
4.073803e-06 6.773379e+01 4.056732e+00 6.785517e+01 5.989229e-02
4.168694e-06 6.772022e+01 4.150232e+00 6.784728e+01 6.128497e-02
4.265795e-06 6.770602e+01 4.245839e+00 6.783901e+01 6.270992e-02
4.365158e-06 6.769115e+01 4.343597e+00 6.783037e+01 6.416788e-02
4.466836e-06 6.767559e+01 4.443552e+00 6.782132e+01 6.565960e-02
4.570882e-06 6.765931e+01 4.545749e+00 6.781184e+01 6.718586e-02
4.677351e-06 6.764227e+01 4.650233e+00 6.780193e+01 6.874744e-02
4.786301e-06 6.762444e+01 4.757052e+00 6.779155e+01 7.034516e-02
4.897788e-06 6.760578e+01 4.866253e+00 6.778069e+01 7.197984e-02
5.011872e-06 6.758625e+01 4.977884e+00 6.776932e+01 7.365231e-02
5.128614e-06 6.756582e+01 5.091993e+00 6.775742e+01 7.536345e-02
5.248075e-06 6.754444e+01 5.208630e+00 6.774497e+01 7.711413e-02
5.370318e-06 6.752207e+01 5.327845e+00 6.773194e+01 7.890524e-02
5.495409e-06 6.749866e+01 5.449688e+00 6.771831e+01 8.073771e-02
5.623413e-06 6.747418e+01 5.574209e+00 6.770404e+01 8.261248e-02
5.754399e-06 6.744856e+01 5.701460e+00 6.768910e+01 8.453049e-02
5.888437e-06 6.742176e+01 5.831493e+00 6.767348e+01 8.649274e-02
6.025596e-06 6.739372e+01 5.964359e+00 6.765713e+01 8.850021e-02
6.165950e-06 6.736439e+01 6.100111e+00 6.764003e+01 9.055393e-02
6.309573e-06 6.733372e+01 6.238801e+00 6.762213e+01 9.265493e-02
6.456542e-06 6.730163e+01 6.380483e+00 6.760340e+01 9.480428e-02
6.606934e-06 6.726807e+01 6.525209e+00 6.758381e+01 9.700307e-02
6.760830e-06 6.723297e+01 6.673034e+00 6.756332e+01 9.925240e-02
6.918310e-06 6.719627e+01 6.824009e+00 6.754188e+01 1.015534e-01
7.079458e-06 6.715788e+01 6.978188e+00 6.751945e+01 1.039072e-01
7.244360e-06 6.711775e+01 7.135624e+00 6.749599e+01 1.063150e-01
7.413102e-06 6.707578e+01 7.296371e+00 6.747145e+01 1.087780e-01
7.585776e-06 6.703190e+01 7.460480e+00 6.744579e+01 1.112974e-01
7.762471e-06 6.698603e+01 7.628003e+00 6.741895e+01 1.138745e-01
7.943282e-06 6.693808e+01 7.798993e+00 6.739088e+01 1.165106e-01
8.128305e-06 6.688795e+01 7.973499e+00 6.736153e+01 1.192068e-01
8.317638e-06 6.683556e+01 8.151573e+00 6.733083e+01 1.219646e-01
8.511380e-06 6.678081e+01 8.333263e+00 6.729874e+01 1.247853e-01
8.709636e-06 6.672359e+01 8.518618e+00 6.726518e+01 1.276702e-01
8.912509e-06 6.666380e+01 8.707683e+00 6.723010e+01 1.306209e-01
9.120108e-06 6.660134e+01 8.900506e+00 6.719343e+01 1.336385e-01
9.332543e-06 6.653607e+01 9.097129e+00 6.715509e+01 1.367248e-01
9.549926e-06 6.646790e+01 9.297594e+00 6.711503e+01 1.398810e-01
9.772372e-06 6.639669e+01 9.501942e+00 6.707315e+01 1.431087e-01
1.000000e-05 6.632233e+01 9.710210e+00 6.702939e+01 1.464094e-01
1.023293e-05 6.624467e+01 9.922434e+00 6.698366e+01 1.497846e-01
1.047129e-05 6.616359e+01 1.013865e+01 6.693588e+01 1.532360e-01
1.071519e-05 6.607894e+01 1.035888e+01 6.688597e+01 1.567652e-01
1.096478e-05 6.599058e+01 1.058315e+01 6.683382e+01 1.603737e-01
1.122018e-05 6.589836e+01 1.081149e+01 6.677936e+01 1.640631e-01
1.148154e-05 6.580213e+01 1.104392e+01 6.672247e+01 1.678353e-01
1.174898e-05 6.570172e+01 1.128045e+01 6.666307e+01 1.716918e-01
1.202264e-05 6.559698e+01 1.152109e+01 6.660105e+01 1.756344e-01
1.230269e-05 6.548773e+01 1.176584e+01 6.653629e+01 1.796649e-01
1.258925e-05 6.537380e+01 1.201472e+01 6.646870e+01 1.837849e-01
1.288250e-05 6.525502e+01 1.226770e+01 6.639814e+01 1.879963e-01
1.318257e-05 6.513119e+01 1.252479e+01 6.632452e+01 1.923009e-01
1.348963e-05 6.500213e+01 1.278595e+01 6.624770e+01 1.967005e-01
1.380384e-05 6.486765e+01 1.305117e+01 6.616755e+01 2.011969e-01
1.412538e-05 6.472755e+01 1.332042e+01 6.608396e+01 2.057921e-01
1.445440e-05 6.458163e+01 1.359365e+01 6.599678e+01 2.104879e-01
1.479108e-05 6.442968e+01 1.387082e+01 6.590587e+01 2.152861e-01
1.513561e-05 6.427150e+01 1.415186e+01 6.581110e+01 2.201888e-01
1.548817e-05 6.410686e+01 1.443672e+01 6.571232e+01 2.251977e-01
1.584893e-05 6.393556e+01 1.472531e+01 6.560938e+01 2.303149e-01
1.621810e-05 6.375737e+01 1.501756e+01 6.550213e+01 2.355423e-01
1.659587e-05 6.357206e+01 1.531335e+01 6.539041e+01 2.408818e-01
1.698244e-05 6.337942e+01 1.561259e+01 6.527407e+01 2.463354e-01
1.737801e-05 6.317921e+01 1.591515e+01 6.515293e+01 2.519049e-01
1.778279e-05 6.297120e+01 1.622090e+01 6.502684e+01 2.575924e-01
1.819701e-05 6.275517e+01 1.652970e+01 6.489563e+01 2.633998e-01
1.862087e-05 6.253088e+01 1.684138e+01 6.475912e+01 2.693290e-01
1.905461e-05 6.229810e+01 1.715577e+01 6.461713e+01 2.753819e-01
1.949845e-05 6.205660e+01 1.747268e+01 6.446950e+01 2.815604e-01
1.995262e-05 6.180615e+01 1.779192e+01 6.431604e+01 2.878664e-01
2.041738e-05 6.154653e+01 1.811325e+01 6.415657e+01 2.943017e-01
2.089296e-05 6.127751e+01 1.843646e+01 6.399091e+01 3.008682e-01
2.137962e-05 6.099888e+01 1.876128e+01 6.381887e+01 3.075676e-01
2.187762e-05 6.071041e+01 1.908746e+01 6.364028e+01 3.144017e-01
2.238721e-05 6.041191e+01 1.941470e+01 6.345494e+01 3.213721e-01
2.290868e-05 6.010318e+01 1.974272e+01 6.326268e+01 3.284805e-01
2.344229e-05 5.978401e+01 2.007119e+01 6.306331e+01 3.357284e-01
2.398833e-05 5.945424e+01 2.039979e+01 6.285665e+01 3.431174e-01
2.454709e-05 5.911369e+01 2.072815e+01 6.264251e+01 3.506489e-01
2.511886e-05 5.876220e+01 2.105592e+01 6.242073e+01 3.583243e-01
2.570396e-05 5.839962e+01 2.138271e+01 6.219113e+01 3.661447e-01
2.630268e-05 5.802584e+01 2.170812e+01 6.195353e+01 3.741114e-01
2.691535e-05 5.764072e+01 2.203174e+01 6.170779e+01 3.822253e-01
2.754229e-05 5.724419e+01 2.235313e+01 6.145372e+01 3.904873e-01
2.818383e-05 5.683616e+01 2.267185e+01 6.119119e+01 3.988984e-01
2.884032e-05 5.641657e+01 2.298744e+01 6.092004e+01 4.074590e-01
2.951209e-05 5.598539e+01 2.329942e+01 6.064014e+01 4.161696e-01
3.019952e-05 5.554262e+01 2.360731e+01 6.035137e+01 4.250307e-01
3.090295e-05 5.508825e+01 2.391062e+01 6.005359e+01 4.340422e-01
3.162278e-05 5.462235e+01 2.420885e+01 5.974671e+01 4.432040e-01
3.235937e-05 5.414496e+01 2.450147e+01 5.943062e+01 4.525161e-01
3.311311e-05 5.365619e+01 2.478796e+01 5.910525e+01 4.619777e-01
3.388442e-05 5.315617e+01 2.506782e+01 5.877052e+01 4.715881e-01
3.467369e-05 5.264504e+01 2.534050e+01 5.842637e+01 4.813465e-01
3.548134e-05 5.212299e+01 2.560549e+01 5.807277e+01 4.912513e-01
3.630781e-05 5.159024e+01 2.586225e+01 5.770969e+01 5.013012e-01
3.715352e-05 5.104704e+01 2.611026e+01 5.733712e+01 5.114941e-01
3.801894e-05 5.049367e+01 2.634900e+01 5.695507e+01 5.218279e-01
3.890451e-05 4.993044e+01 2.657798e+01 5.656357e+01 5.323001e-01
3.981072e-05 4.935771e+01 2.679668e+01 5.616267e+01 5.429077e-01
4.073803e-05 4.877585e+01 2.700462e+01 5.575243e+01 5.536474e-01
4.168694e-05 4.818527e+01 2.720133e+01 5.533293e+01 5.645155e-01
4.265795e-05 4.758642e+01 2.738636e+01 5.490428e+01 5.755080e-01
4.365158e-05 4.697976e+01 2.755928e+01 5.446661e+01 5.866202e-01
4.466836e-05 4.636580e+01 2.771967e+01 5.402007e+01 5.978473e-01
4.570882e-05 4.574508e+01 2.786715e+01 5.356482e+01 6.091836e-01
4.677351e-05 4.511813e+01 2.800136e+01 5.310106e+01 6.206233e-01
4.786301e-05 4.448555e+01 2.812198e+01 5.262898e+01 6.321598e-01
4.897788e-05 4.384794e+01 2.822870e+01 5.214884e+01 6.437862e-01
5.011872e-05 4.320591e+01 2.832125e+01 5.166086e+01 6.554949e-01
5.128614e-05 4.256012e+01 2.839942e+01 5.116533e+01 6.672778e-01
5.248075e-05 4.191121e+01 2.846301e+01 5.066254e+01 6.791263e-01
5.370318e-05 4.125986e+01 2.851185e+01 5.015278e+01 6.910312e-01
5.495409e-05 4.060674e+01 2.854583e+01 4.963640e+01 7.029827e-01
5.623413e-05 3.995254e+01 2.856488e+01 4.911373e+01 7.149702e-01
5.754399e-05 3.929796e+01 2.856894e+01 4.858512e+01 7.269829e-01
5.888437e-05 3.864368e+01 2.855803e+01 4.805097e+01 7.390091e-01
6.025596e-05 3.799040e+01 2.853218e+01 4.751164e+01 7.510366e-01
6.165950e-05 3.733880e+01 2.849147e+01 4.696754e+01 7.630526e-01
6.309573e-05 3.668957e+01 2.843602e+01 4.641908e+01 7.750437e-01
6.456542e-05 3.604336e+01 2.836598e+01 4.586669e+01 7.869960e-01
6.606934e-05 3.540085e+01 2.828156e+01 4.531078e+01 7.988949e-01
6.760830e-05 3.476268e+01 2.818298e+01 4.475180e+01 8.107253e-01
6.918310e-05 3.412945e+01 2.807051e+01 4.419019e+01 8.224717e-01
7.079458e-05 3.350179e+01 2.794444e+01 4.362639e+01 8.341179e-01
7.244360e-05 3.288027e+01 2.780511e+01 4.306084e+01 8.456474e-01
7.413102e-05 3.226544e+01 2.765288e+01 4.249401e+01 8.570432e-01
7.585776e-05 3.165785e+01 2.748813e+01 4.192632e+01 8.682880e-01
7.762471e-05 3.105798e+01 2.731127e+01 4.135824e+01 8.793640e-01
7.943282e-05 3.046632e+01 2.712274e+01 4.079019e+01 8.902531e-01
8.128305e-05 2.988331e+01 2.692299e+01 4.022263e+01 9.009373e-01
8.317638e-05 2.930937e+01 2.671250e+01 3.965598e+01 9.113981e-01
8.511380e-05 2.874486e+01 2.649175e+01 3.909066e+01 9.216169e-01
8.709636e-05 2.819015e+01 2.626125e+01 3.852710e+01 9.315753e-01
8.912509e-05 2.764554e+01 2.602150e+01 3.796570e+01 9.412546e-01
9.120108e-05 2.711133e+01 2.577302e+01 3.740686e+01 9.506365e-01
9.332543e-05 2.658776e+01 2.551635e+01 3.685096e+01 9.597028e-01
9.549926e-05 2.607505e+01 2.525201e+01 3.629837e+01 9.684356e-01
9.772372e-05 2.557339e+01 2.498052e+01 3.574947e+01 9.768172e-01
1.000000e-04 2.508293e+01 2.470243e+01 3.520459e+01 9.848305e-01
1.023293e-04 2.460380e+01 2.441826e+01 3.466407e+01 9.924588e-01
1.047129e-04 2.413609e+01 2.412852e+01 3.412824e+01 9.996863e-01
1.071519e-04 2.367988e+01 2.383374e+01 3.359738e+01 1.006497e+00
1.096478e-04 2.323521e+01 2.353443e+01 3.307180e+01 1.012878e+00
1.122018e-04 2.280208e+01 2.323108e+01 3.255177e+01 1.018814e+00
1.148154e-04 2.238049e+01 2.292418e+01 3.203755e+01 1.024293e+00
1.174898e-04 2.197041e+01 2.261422e+01 3.152938e+01 1.029303e+00
1.202264e-04 2.157177e+01 2.230164e+01 3.102748e+01 1.033834e+00
1.230269e-04 2.118451e+01 2.198691e+01 3.053208e+01 1.037877e+00
1.258925e-04 2.080852e+01 2.167045e+01 3.004336e+01 1.041422e+00
1.288250e-04 2.044370e+01 2.135270e+01 2.956150e+01 1.044463e+00
1.318257e-04 2.008991e+01 2.103404e+01 2.908669e+01 1.046995e+00
1.348963e-04 1.974701e+01 2.071487e+01 2.861906e+01 1.049013e+00
1.380384e-04 1.941484e+01 2.039557e+01 2.815875e+01 1.050514e+00
1.412538e-04 1.909322e+01 2.007648e+01 2.770588e+01 1.051497e+00
1.445440e-04 1.878198e+01 1.975794e+01 2.726058e+01 1.051962e+00
1.479108e-04 1.848093e+01 1.944027e+01 2.682292e+01 1.051910e+00
1.513561e-04 1.818985e+01 1.912378e+01 2.639299e+01 1.051343e+00
1.548817e-04 1.790855e+01 1.880876e+01 2.597086e+01 1.050267e+00
1.584893e-04 1.763681e+01 1.849547e+01 2.555659e+01 1.048685e+00
1.621810e-04 1.737441e+01 1.818416e+01 2.515023e+01 1.046606e+00
1.659587e-04 1.712113e+01 1.787508e+01 2.475180e+01 1.044037e+00
1.698244e-04 1.687673e+01 1.756845e+01 2.436133e+01 1.040987e+00
1.737801e-04 1.664099e+01 1.726448e+01 2.397884e+01 1.037467e+00
1.778279e-04 1.641368e+01 1.696335e+01 2.360432e+01 1.033489e+00
1.819701e-04 1.619456e+01 1.666525e+01 2.323777e+01 1.029065e+00
1.862087e-04 1.598340e+01 1.637033e+01 2.287918e+01 1.024208e+00
1.905461e-04 1.577997e+01 1.607876e+01 2.252851e+01 1.018934e+00
1.949845e-04 1.558404e+01 1.579066e+01 2.218574e+01 1.013258e+00
1.995262e-04 1.539537e+01 1.550616e+01 2.185082e+01 1.007196e+00
2.041738e-04 1.521375e+01 1.522537e+01 2.152371e+01 1.000764e+00
2.089296e-04 1.503894e+01 1.494841e+01 2.120435e+01 9.939801e-01
2.137962e-04 1.487072e+01 1.467535e+01 2.089268e+01 9.868619e-01
2.187762e-04 1.470887e+01 1.440628e+01 2.058863e+01 9.794276e-01
2.238721e-04 1.455318e+01 1.414127e+01 2.029213e+01 9.716958e-01
2.290868e-04 1.440344e+01 1.388038e+01 2.000310e+01 9.636851e-01
2.344229e-04 1.425943e+01 1.362366e+01 1.972145e+01 9.554145e-01
2.398833e-04 1.412095e+01 1.337117e+01 1.944709e+01 9.469031e-01
2.454709e-04 1.398780e+01 1.312293e+01 1.917994e+01 9.381697e-01
2.511886e-04 1.385980e+01 1.287899e+01 1.891989e+01 9.292333e-01
2.570396e-04 1.373674e+01 1.263935e+01 1.866685e+01 9.201129e-01
2.630268e-04 1.361844e+01 1.240404e+01 1.842070e+01 9.108269e-01
2.691535e-04 1.350472e+01 1.217307e+01 1.818134e+01 9.013938e-01
2.754229e-04 1.339541e+01 1.194645e+01 1.794866e+01 8.918316e-01
2.818383e-04 1.329032e+01 1.172417e+01 1.772255e+01 8.821582e-01
2.884032e-04 1.318930e+01 1.150623e+01 1.750289e+01 8.723910e-01
2.951209e-04 1.309218e+01 1.129262e+01 1.728955e+01 8.625467e-01
3.019952e-04 1.299881e+01 1.108333e+01 1.708243e+01 8.526421e-01
3.090295e-04 1.290903e+01 1.087835e+01 1.688139e+01 8.426931e-01
3.162278e-04 1.282269e+01 1.067765e+01 1.668632e+01 8.327152e-01
3.235937e-04 1.273964e+01 1.048120e+01 1.649709e+01 8.227235e-01
3.311311e-04 1.265976e+01 1.028899e+01 1.631358e+01 8.127323e-01
3.388442e-04 1.258289e+01 1.010099e+01 1.613565e+01 8.027557e-01
3.467369e-04 1.250892e+01 9.917160e+00 1.596318e+01 7.928069e-01
3.548134e-04 1.243771e+01 9.737470e+00 1.579604e+01 7.828988e-01
3.630781e-04 1.236914e+01 9.561887e+00 1.563411e+01 7.730436e-01
3.715352e-04 1.230309e+01 9.390373e+00 1.547725e+01 7.632529e-01
3.801894e-04 1.223945e+01 9.222889e+00 1.532533e+01 7.535378e-01
3.890451e-04 1.217810e+01 9.059397e+00 1.517823e+01 7.439089e-01
3.981072e-04 1.211893e+01 8.899855e+00 1.503582e+01 7.343761e-01
4.073803e-04 1.206184e+01 8.744221e+00 1.489797e+01 7.249489e-01
4.168694e-04 1.200673e+01 8.592451e+00 1.476455e+01 7.156361e-01
4.265795e-04 1.195350e+01 8.444503e+00 1.463543e+01 7.064462e-01
4.365158e-04 1.190205e+01 8.300332e+00 1.451049e+01 6.973870e-01
4.466836e-04 1.185228e+01 8.159893e+00 1.438960e+01 6.884658e-01
4.570882e-04 1.180412e+01 8.023139e+00 1.427263e+01 6.796896e-01
4.677351e-04 1.175747e+01 7.890025e+00 1.415947e+01 6.710648e-01
4.786301e-04 1.171225e+01 7.760505e+00 1.404999e+01 6.625973e-01
4.897788e-04 1.166837e+01 7.634531e+00 1.394407e+01 6.542928e-01
5.011872e-04 1.162576e+01 7.512057e+00 1.384158e+01 6.461562e-01
5.128614e-04 1.158434e+01 7.393036e+00 1.374241e+01 6.381924e-01
5.248075e-04 1.154403e+01 7.277420e+00 1.364644e+01 6.304057e-01
5.370318e-04 1.150476e+01 7.165161e+00 1.355356e+01 6.228000e-01
5.495409e-04 1.146645e+01 7.056214e+00 1.346364e+01 6.153789e-01
5.623413e-04 1.142905e+01 6.950529e+00 1.337659e+01 6.081458e-01
5.754399e-04 1.139248e+01 6.848060e+00 1.329227e+01 6.011035e-01
5.888437e-04 1.135668e+01 6.748759e+00 1.321060e+01 5.942548e-01
6.025596e-04 1.132157e+01 6.652579e+00 1.313145e+01 5.876019e-01
6.165950e-04 1.128711e+01 6.559472e+00 1.305471e+01 5.811471e-01
6.309573e-04 1.125323e+01 6.469392e+00 1.298030e+01 5.748920e-01
6.456542e-04 1.121987e+01 6.382290e+00 1.290810e+01 5.688383e-01
6.606934e-04 1.118697e+01 6.298119e+00 1.283801e+01 5.629872e-01
6.760830e-04 1.115447e+01 6.216833e+00 1.276993e+01 5.573400e-01
6.918310e-04 1.112233e+01 6.138384e+00 1.270377e+01 5.518976e-01
7.079458e-04 1.109048e+01 6.062725e+00 1.263943e+01 5.466605e-01
7.244360e-04 1.105887e+01 5.989809e+00 1.257682e+01 5.416295e-01
7.413102e-04 1.102745e+01 5.919589e+00 1.251584e+01 5.368047e-01
7.585776e-04 1.099618e+01 5.852017e+00 1.245641e+01 5.321864e-01
7.762471e-04 1.096500e+01 5.787047e+00 1.239843e+01 5.277746e-01
7.943282e-04 1.093386e+01 5.724631e+00 1.234182e+01 5.235692e-01
8.128305e-04 1.090271e+01 5.664721e+00 1.228650e+01 5.195700e-01
8.317638e-04 1.087151e+01 5.607271e+00 1.223239e+01 5.157765e-01
8.511380e-04 1.084022e+01 5.552233e+00 1.217940e+01 5.121882e-01
8.709636e-04 1.080879e+01 5.499558e+00 1.212745e+01 5.088045e-01
8.912509e-04 1.077717e+01 5.449200e+00 1.207647e+01 5.056246e-01
9.120108e-04 1.074532e+01 5.401110e+00 1.202638e+01 5.026478e-01
9.332543e-04 1.071320e+01 5.355240e+00 1.197711e+01 4.998731e-01
9.549926e-04 1.068077e+01 5.311541e+00 1.192859e+01 4.972994e-01
9.772372e-04 1.064799e+01 5.269965e+00 1.188075e+01 4.949257e-01
1.000000e-03 1.061482e+01 5.230463e+00 1.183352e+01 4.927508e-01
1.023293e-03 1.058123e+01 5.192985e+00 1.178683e+01 4.907734e-01
1.047129e-03 1.054716e+01 5.157481e+00 1.174063e+01 4.889922e-01
1.071519e-03 1.051260e+01 5.123902e+00 1.169483e+01 4.874057e-01
1.096478e-03 1.047750e+01 5.092197e+00 1.164940e+01 4.860126e-01
1.122018e-03 1.044183e+01 5.062315e+00 1.160426e+01 4.848112e-01
1.148154e-03 1.040555e+01 5.034206e+00 1.155936e+01 4.838001e-01
1.174898e-03 1.036864e+01 5.007818e+00 1.151464e+01 4.829775e-01
1.202264e-03 1.033105e+01 4.983098e+00 1.147004e+01 4.823418e-01
1.230269e-03 1.029277e+01 4.959995e+00 1.142552e+01 4.818913e-01
1.258925e-03 1.025375e+01 4.938455e+00 1.138103e+01 4.816241e-01
1.288250e-03 1.021398e+01 4.918426e+00 1.133651e+01 4.815384e-01
1.318257e-03 1.017343e+01 4.899853e+00 1.129191e+01 4.816323e-01
1.348963e-03 1.013207e+01 4.882683e+00 1.124719e+01 4.819040e-01
1.380384e-03 1.008987e+01 4.866860e+00 1.120231e+01 4.823513e-01
1.412538e-03 1.004681e+01 4.852329e+00 1.115721e+01 4.829723e-01
1.445440e-03 1.000287e+01 4.839036e+00 1.111187e+01 4.837649e-01
1.479108e-03 9.958026e+00 4.826923e+00 1.106623e+01 4.847269e-01
1.513561e-03 9.912262e+00 4.815935e+00 1.102026e+01 4.858563e-01
1.548817e-03 9.865559e+00 4.806014e+00 1.097392e+01 4.871508e-01
1.584893e-03 9.817898e+00 4.797104e+00 1.092718e+01 4.886080e-01
1.621810e-03 9.769266e+00 4.789145e+00 1.088000e+01 4.902257e-01
1.659587e-03 9.719648e+00 4.782081e+00 1.083235e+01 4.920015e-01
1.698244e-03 9.669032e+00 4.775852e+00 1.078420e+01 4.939328e-01
1.737801e-03 9.617407e+00 4.770401e+00 1.073551e+01 4.960173e-01
1.778279e-03 9.564766e+00 4.765667e+00 1.068627e+01 4.982523e-01
1.819701e-03 9.511099e+00 4.761591e+00 1.063644e+01 5.006351e-01
1.862087e-03 9.456404e+00 4.758113e+00 1.058599e+01 5.031631e-01
1.905461e-03 9.400675e+00 4.755175e+00 1.053491e+01 5.058333e-01
1.949845e-03 9.343912e+00 4.752715e+00 1.048318e+01 5.086430e-01
1.995262e-03 9.286116e+00 4.750675e+00 1.043076e+01 5.115890e-01
2.041738e-03 9.227288e+00 4.748993e+00 1.037766e+01 5.146684e-01
2.089296e-03 9.167433e+00 4.747611e+00 1.032384e+01 5.178779e-01
2.137962e-03 9.106559e+00 4.746468e+00 1.026929e+01 5.212142e-01
2.187762e-03 9.044673e+00 4.745505e+00 1.021401e+01 5.246740e-01
2.238721e-03 8.981788e+00 4.744662e+00 1.015797e+01 5.282536e-01
2.290868e-03 8.917917e+00 4.743882e+00 1.010117e+01 5.319495e-01
2.344229e-03 8.853075e+00 4.743106e+00 1.004360e+01 5.357580e-01
2.398833e-03 8.787281e+00 4.742276e+00 9.985264e+00 5.396750e-01
2.454709e-03 8.720555e+00 4.741336e+00 9.926145e+00 5.436966e-01
2.511886e-03 8.652920e+00 4.740231e+00 9.866246e+00 5.478186e-01
2.570396e-03 8.584400e+00 4.738904e+00 9.805567e+00 5.520368e-01
2.630268e-03 8.515023e+00 4.737304e+00 9.744110e+00 5.563466e-01
2.691535e-03 8.444820e+00 4.735377e+00 9.681879e+00 5.607434e-01
2.754229e-03 8.373822e+00 4.733073e+00 9.618881e+00 5.652226e-01
2.818383e-03 8.302063e+00 4.730343e+00 9.555124e+00 5.697793e-01
2.884032e-03 8.229580e+00 4.727140e+00 9.490618e+00 5.744084e-01
2.951209e-03 8.156412e+00 4.723417e+00 9.425376e+00 5.791048e-01
3.019952e-03 8.082599e+00 4.719132e+00 9.359413e+00 5.838632e-01
3.090295e-03 8.008184e+00 4.714242e+00 9.292744e+00 5.886781e-01
3.162278e-03 7.933212e+00 4.708711e+00 9.225389e+00 5.935440e-01
3.235937e-03 7.857729e+00 4.702500e+00 9.157369e+00 5.984553e-01
3.311311e-03 7.781783e+00 4.695576e+00 9.088706e+00 6.034061e-01
3.388442e-03 7.705424e+00 4.687907e+00 9.019425e+00 6.083906e-01
3.467369e-03 7.628702e+00 4.679466e+00 8.949553e+00 6.134027e-01
3.548134e-03 7.551669e+00 4.670227e+00 8.879117e+00 6.184364e-01
3.630781e-03 7.474378e+00 4.660167e+00 8.808149e+00 6.234856e-01
3.715352e-03 7.396883e+00 4.649267e+00 8.736679e+00 6.285441e-01
3.801894e-03 7.319238e+00 4.637510e+00 8.664742e+00 6.336056e-01
3.890451e-03 7.241498e+00 4.624884e+00 8.592372e+00 6.386640e-01
3.981072e-03 7.163718e+00 4.611378e+00 8.519605e+00 6.437129e-01
4.073803e-03 7.085954e+00 4.596986e+00 8.446479e+00 6.487462e-01
4.168694e-03 7.008258e+00 4.581703e+00 8.373033e+00 6.537577e-01
4.265795e-03 6.930688e+00 4.565530e+00 8.299307e+00 6.587412e-01
4.365158e-03 6.853295e+00 4.548468e+00 8.225340e+00 6.636908e-01
4.466836e-03 6.776133e+00 4.530525e+00 8.151174e+00 6.686004e-01
4.570882e-03 6.699254e+00 4.511708e+00 8.076851e+00 6.734642e-01
4.677351e-03 6.622710e+00 4.492029e+00 8.002413e+00 6.782766e-01
4.786301e-03 6.546549e+00 4.471502e+00 7.927902e+00 6.830320e-01
4.897788e-03 6.470820e+00 4.450146e+00 7.853362e+00 6.877252e-01
5.011872e-03 6.395568e+00 4.427978e+00 7.778836e+00 6.923510e-01
5.128614e-03 6.320839e+00 4.405022e+00 7.704364e+00 6.969046e-01
5.248075e-03 6.246675e+00 4.381302e+00 7.629991e+00 7.013814e-01
5.370318e-03 6.173116e+00 4.356844e+00 7.555757e+00 7.057772e-01
5.495409e-03 6.100201e+00 4.331678e+00 7.481703e+00 7.100877e-01
5.623413e-03 6.027965e+00 4.305833e+00 7.407872e+00 7.143095e-01
5.754399e-03 5.956443e+00 4.279341e+00 7.334301e+00 7.184390e-01
5.888437e-03 5.885664e+00 4.252235e+00 7.261029e+00 7.224733e-01
6.025596e-03 5.815658e+00 4.224551e+00 7.188095e+00 7.264099e-01
6.165950e-03 5.746451e+00 4.196324e+00 7.115534e+00 7.302463e-01
6.309573e-03 5.678065e+00 4.167591e+00 7.043383e+00 7.339807e-01
6.456542e-03 5.610523e+00 4.138388e+00 6.971673e+00 7.376118e-01
6.606934e-03 5.543842e+00 4.108754e+00 6.900438e+00 7.411384e-01
6.760830e-03 5.478039e+00 4.078727e+00 6.829709e+00 7.445598e-01
6.918310e-03 5.413125e+00 4.048346e+00 6.759514e+00 7.478759e-01
7.079458e-03 5.349113e+00 4.017649e+00 6.689881e+00 7.510869e-01
7.244360e-03 5.286010e+00 3.986674e+00 6.620836e+00 7.541934e-01
7.413102e-03 5.223822e+00 3.955459e+00 6.552402e+00 7.571963e-01
7.585776e-03 5.162553e+00 3.924042e+00 6.484602e+00 7.600972e-01
7.762471e-03 5.102204e+00 3.892461e+00 6.417456e+00 7.628979e-01
7.943282e-03 5.042775e+00 3.860752e+00 6.350983e+00 7.656006e-01
8.128305e-03 4.984262e+00 3.828950e+00 6.285199e+00 7.682079e-01
8.317638e-03 4.926661e+00 3.797090e+00 6.220119e+00 7.707229e-01
8.511380e-03 4.869965e+00 3.765207e+00 6.155757e+00 7.731487e-01
8.709636e-03 4.814165e+00 3.733333e+00 6.092123e+00 7.754893e-01
8.912509e-03 4.759251e+00 3.701500e+00 6.029227e+00 7.777484e-01
9.120108e-03 4.705212e+00 3.669738e+00 5.967076e+00 7.799306e-01
9.332543e-03 4.652033e+00 3.638077e+00 5.905677e+00 7.820402e-01
9.549926e-03 4.599702e+00 3.606545e+00 5.845034e+00 7.840823e-01
9.772372e-03 4.548201e+00 3.575167e+00 5.785149e+00 7.860619e-01
1.000000e-02 4.497513e+00 3.543970e+00 5.726024e+00 7.879844e-01
1.023293e-02 4.447622e+00 3.512977e+00 5.667658e+00 7.898552e-01
1.047129e-02 4.398506e+00 3.482210e+00 5.610049e+00 7.916802e-01
1.071519e-02 4.350148e+00 3.451691e+00 5.553193e+00 7.934651e-01
1.096478e-02 4.302526e+00 3.421437e+00 5.497086e+00 7.952160e-01
1.122018e-02 4.255618e+00 3.391468e+00 5.441722e+00 7.969391e-01
1.148154e-02 4.209403e+00 3.361800e+00 5.387093e+00 7.986404e-01
1.174898e-02 4.163859e+00 3.332446e+00 5.333191e+00 8.003264e-01
1.202264e-02 4.118964e+00 3.303422e+00 5.280006e+00 8.020032e-01
1.230269e-02 4.074693e+00 3.274738e+00 5.227526e+00 8.036774e-01
1.258925e-02 4.031024e+00 3.246406e+00 5.175742e+00 8.053552e-01
1.288250e-02 3.987933e+00 3.218434e+00 5.124639e+00 8.070431e-01
1.318257e-02 3.945398e+00 3.190830e+00 5.074205e+00 8.087472e-01
1.348963e-02 3.903394e+00 3.163599e+00 5.024425e+00 8.104740e-01
1.380384e-02 3.861899e+00 3.136748e+00 4.975284e+00 8.122296e-01
1.412538e-02 3.820888e+00 3.110280e+00 4.926766e+00 8.140200e-01
1.445440e-02 3.780340e+00 3.084196e+00 4.878856e+00 8.158514e-01
1.479108e-02 3.740232e+00 3.058498e+00 4.831536e+00 8.177296e-01
1.513561e-02 3.700540e+00 3.033186e+00 4.784790e+00 8.196604e-01
1.548817e-02 3.661243e+00 3.008258e+00 4.738598e+00 8.216494e-01
1.584893e-02 3.622319e+00 2.983711e+00 4.692945e+00 8.237020e-01
1.621810e-02 3.583748e+00 2.959543e+00 4.647810e+00 8.258234e-01
1.659587e-02 3.545507e+00 2.935747e+00 4.603177e+00 8.280189e-01
1.698244e-02 3.507579e+00 2.912319e+00 4.559025e+00 8.302932e-01
1.737801e-02 3.469942e+00 2.889251e+00 4.515337e+00 8.326510e-01
1.778279e-02 3.432578e+00 2.866535e+00 4.472093e+00 8.350967e-01
1.819701e-02 3.395470e+00 2.844163e+00 4.429275e+00 8.376345e-01
1.862087e-02 3.358599e+00 2.822125e+00 4.386864e+00 8.402684e-01
1.905461e-02 3.321950e+00 2.800410e+00 4.344841e+00 8.430020e-01
1.949845e-02 3.285506e+00 2.779008e+00 4.303188e+00 8.458387e-01
1.995262e-02 3.249252e+00 2.757906e+00 4.261887e+00 8.487817e-01
2.041738e-02 3.213175e+00 2.737091e+00 4.220919e+00 8.518337e-01
2.089296e-02 3.177261e+00 2.716550e+00 4.180267e+00 8.549973e-01
2.137962e-02 3.141499e+00 2.696269e+00 4.139914e+00 8.582746e-01
2.187762e-02 3.105878e+00 2.676234e+00 4.099842e+00 8.616675e-01
2.238721e-02 3.070386e+00 2.656429e+00 4.060035e+00 8.651776e-01
2.290868e-02 3.035015e+00 2.636839e+00 4.020478e+00 8.688060e-01
2.344229e-02 2.999758e+00 2.617449e+00 3.981154e+00 8.725535e-01
2.398833e-02 2.964606e+00 2.598242e+00 3.942049e+00 8.764206e-01
2.454709e-02 2.929555e+00 2.579202e+00 3.903149e+00 8.804073e-01
2.511886e-02 2.894600e+00 2.560312e+00 3.864441e+00 8.845133e-01
2.570396e-02 2.859736e+00 2.541556e+00 3.825911e+00 8.887380e-01
2.630268e-02 2.824962e+00 2.522917e+00 3.787548e+00 8.930802e-01
2.691535e-02 2.790275e+00 2.504379e+00 3.749340e+00 8.975384e-01
2.754229e-02 2.755677e+00 2.485926e+00 3.711278e+00 9.021107e-01
2.818383e-02 2.721167e+00 2.467540e+00 3.673351e+00 9.067947e-01
2.884032e-02 2.686748e+00 2.449206e+00 3.635550e+00 9.115876e-01
2.951209e-02 2.652422e+00 2.430909e+00 3.597869e+00 9.164862e-01
3.019952e-02 2.618195e+00 2.412632e+00 3.560300e+00 9.214870e-01
3.090295e-02 2.584070e+00 2.394362e+00 3.522838e+00 9.265859e-01
3.162278e-02 2.550053e+00 2.376084e+00 3.485477e+00 9.317783e-01
3.235937e-02 2.516153e+00 2.357785e+00 3.448213e+00 9.370594e-01
3.311311e-02 2.482377e+00 2.339451e+00 3.411044e+00 9.424239e-01
3.388442e-02 2.448733e+00 2.321071e+00 3.373968e+00 9.478660e-01
3.467369e-02 2.415231e+00 2.302632e+00 3.336983e+00 9.533797e-01
3.548134e-02 2.381882e+00 2.284125e+00 3.300089e+00 9.589583e-01
3.630781e-02 2.348696e+00 2.265541e+00 3.263288e+00 9.645950e-01
3.715352e-02 2.315685e+00 2.246869e+00 3.226580e+00 9.702826e-01
3.801894e-02 2.282861e+00 2.228103e+00 3.189969e+00 9.760135e-01
3.890451e-02 2.250237e+00 2.209237e+00 3.153457e+00 9.817797e-01
3.981072e-02 2.217825e+00 2.190264e+00 3.117050e+00 9.875730e-01
4.073803e-02 2.185638e+00 2.171180e+00 3.080752e+00 9.933849e-01
4.168694e-02 2.153689e+00 2.151981e+00 3.044569e+00 9.992067e-01
4.265795e-02 2.121993e+00 2.132666e+00 3.008508e+00 1.005029e+00
4.365158e-02 2.090562e+00 2.113232e+00 2.972575e+00 1.010844e+00
4.466836e-02 2.059410e+00 2.093680e+00 2.936778e+00 1.016641e+00
4.570882e-02 2.028550e+00 2.074011e+00 2.901127e+00 1.022411e+00
4.677351e-02 1.997995e+00 2.054226e+00 2.865629e+00 1.028144e+00
4.786301e-02 1.967757e+00 2.034328e+00 2.830293e+00 1.033831e+00
4.897788e-02 1.937850e+00 2.014321e+00 2.795130e+00 1.039462e+00
5.011872e-02 1.908284e+00 1.994210e+00 2.760149e+00 1.045028e+00
5.128614e-02 1.879071e+00 1.974000e+00 2.725359e+00 1.050519e+00
5.248075e-02 1.850223e+00 1.953697e+00 2.690772e+00 1.055925e+00
5.370318e-02 1.821749e+00 1.933309e+00 2.656398e+00 1.061238e+00
5.495409e-02 1.793658e+00 1.912843e+00 2.622247e+00 1.066448e+00
5.623413e-02 1.765961e+00 1.892309e+00 2.588330e+00 1.071546e+00
5.754399e-02 1.738665e+00 1.871714e+00 2.554656e+00 1.076524e+00
5.888437e-02 1.711777e+00 1.851069e+00 2.521237e+00 1.081373e+00
6.025596e-02 1.685304e+00 1.830383e+00 2.488082e+00 1.086085e+00
6.165950e-02 1.659253e+00 1.809667e+00 2.455202e+00 1.090652e+00
6.309573e-02 1.633627e+00 1.788932e+00 2.422605e+00 1.095067e+00
6.456542e-02 1.608432e+00 1.768188e+00 2.390302e+00 1.099324e+00
6.606934e-02 1.583672e+00 1.747447e+00 2.358301e+00 1.103415e+00
6.760830e-02 1.559347e+00 1.726719e+00 2.326612e+00 1.107334e+00
6.918310e-02 1.535462e+00 1.706016e+00 2.295242e+00 1.111077e+00
7.079458e-02 1.512016e+00 1.685350e+00 2.264199e+00 1.114638e+00
7.244360e-02 1.489011e+00 1.664732e+00 2.233491e+00 1.118012e+00
7.413102e-02 1.466445e+00 1.644172e+00 2.203126e+00 1.121196e+00
7.585776e-02 1.444318e+00 1.623682e+00 2.173108e+00 1.124186e+00
7.762471e-02 1.422629e+00 1.603274e+00 2.143445e+00 1.126980e+00
7.943282e-02 1.401374e+00 1.582956e+00 2.114143e+00 1.129574e+00
8.128305e-02 1.380552e+00 1.562740e+00 2.085205e+00 1.131968e+00
8.317638e-02 1.360157e+00 1.542637e+00 2.056637e+00 1.134160e+00
8.511380e-02 1.340188e+00 1.522655e+00 2.028443e+00 1.136150e+00
8.709636e-02 1.320638e+00 1.502804e+00 2.000626e+00 1.137938e+00
8.912509e-02 1.301503e+00 1.483094e+00 1.973190e+00 1.139524e+00
9.120108e-02 1.282778e+00 1.463532e+00 1.946136e+00 1.140909e+00
9.332543e-02 1.264456e+00 1.444129e+00 1.919468e+00 1.142095e+00
9.549926e-02 1.246532e+00 1.424890e+00 1.893186e+00 1.143083e+00
9.772372e-02 1.228998e+00 1.405824e+00 1.867292e+00 1.143878e+00
1.000000e-01 1.211849e+00 1.386938e+00 1.841786e+00 1.144481e+00
1.023293e-01 1.195077e+00 1.368239e+00 1.816669e+00 1.144896e+00
1.047129e-01 1.178674e+00 1.349732e+00 1.791940e+00 1.145128e+00
1.071519e-01 1.162634e+00 1.331425e+00 1.767600e+00 1.145180e+00
1.096478e-01 1.146948e+00 1.313321e+00 1.743646e+00 1.145057e+00
1.122018e-01 1.131609e+00 1.295427e+00 1.720078e+00 1.144765e+00
1.148154e-01 1.116609e+00 1.277746e+00 1.696894e+00 1.144310e+00
1.174898e-01 1.101939e+00 1.260283e+00 1.674092e+00 1.143696e+00
1.202264e-01 1.087593e+00 1.243042e+00 1.651670e+00 1.142930e+00
1.230269e-01 1.073561e+00 1.226027e+00 1.629624e+00 1.142019e+00
1.258925e-01 1.059836e+00 1.209239e+00 1.607953e+00 1.140969e+00
1.288250e-01 1.046409e+00 1.192683e+00 1.586652e+00 1.139787e+00
1.318257e-01 1.033272e+00 1.176360e+00 1.565719e+00 1.138481e+00
1.348963e-01 1.020418e+00 1.160273e+00 1.545149e+00 1.137057e+00
1.380384e-01 1.007837e+00 1.144422e+00 1.524939e+00 1.135523e+00
1.412538e-01 9.955234e-01 1.128811e+00 1.505085e+00 1.133887e+00
1.445440e-01 9.834676e-01 1.113439e+00 1.485582e+00 1.132156e+00
1.479108e-01 9.716622e-01 1.098307e+00 1.466426e+00 1.130338e+00
1.513561e-01 9.600995e-01 1.083416e+00 1.447613e+00 1.128442e+00
1.548817e-01 9.487716e-01 1.068767e+00 1.429137e+00 1.126475e+00
1.584893e-01 9.376712e-01 1.054360e+00 1.410993e+00 1.124445e+00
1.621810e-01 9.267906e-01 1.040193e+00 1.393177e+00 1.122361e+00
1.659587e-01 9.161226e-01 1.026268e+00 1.375684e+00 1.120230e+00
1.698244e-01 9.056599e-01 1.012583e+00 1.358508e+00 1.118061e+00
1.737801e-01 8.953954e-01 9.991371e-01 1.341644e+00 1.115861e+00
1.778279e-01 8.853220e-01 9.859300e-01 1.325086e+00 1.113640e+00
1.819701e-01 8.754330e-01 9.729602e-01 1.308829e+00 1.111405e+00
1.862087e-01 8.657214e-01 9.602265e-01 1.292868e+00 1.109163e+00
1.905461e-01 8.561808e-01 9.477274e-01 1.277197e+00 1.106924e+00
1.949845e-01 8.468045e-01 9.354611e-01 1.261810e+00 1.104696e+00
1.995262e-01 8.375862e-01 9.234260e-01 1.246702e+00 1.102485e+00
2.041738e-01 8.285197e-01 9.116200e-01 1.231867e+00 1.100300e+00
2.089296e-01 8.195987e-01 9.000412e-01 1.217299e+00 1.098149e+00
2.137962e-01 8.108174e-01 8.886873e-01 1.202992e+00 1.096039e+00
2.187762e-01 8.021697e-01 8.775561e-01 1.188941e+00 1.093978e+00
2.238721e-01 7.936501e-01 8.666451e-01 1.175140e+00 1.091974e+00
2.290868e-01 7.852527e-01 8.559518e-01 1.161583e+00 1.090034e+00
2.344229e-01 7.769722e-01 8.454737e-01 1.148265e+00 1.088165e+00
2.398833e-01 7.688031e-01 8.352078e-01 1.135179e+00 1.086374e+00
2.454709e-01 7.607401e-01 8.251515e-01 1.122319e+00 1.084669e+00
2.511886e-01 7.527782e-01 8.153019e-01 1.109681e+00 1.083057e+00
2.570396e-01 7.449122e-01 8.056558e-01 1.097258e+00 1.081545e+00
2.630268e-01 7.371374e-01 7.962103e-01 1.085045e+00 1.080138e+00
2.691535e-01 7.294489e-01 7.869622e-01 1.073035e+00 1.078845e+00
2.754229e-01 7.218420e-01 7.779082e-01 1.061224e+00 1.077671e+00
2.818383e-01 7.143123e-01 7.690449e-01 1.049606e+00 1.076623e+00
2.884032e-01 7.068553e-01 7.603691e-01 1.038174e+00 1.075707e+00
2.951209e-01 6.994668e-01 7.518771e-01 1.026924e+00 1.074929e+00
3.019952e-01 6.921425e-01 7.435655e-01 1.015850e+00 1.074295e+00
3.090295e-01 6.848785e-01 7.354307e-01 1.004946e+00 1.073812e+00
3.162278e-01 6.776708e-01 7.274689e-01 9.942076e-01 1.073484e+00
3.235937e-01 6.705157e-01 7.196764e-01 9.836287e-01 1.073318e+00
3.311311e-01 6.634095e-01 7.120495e-01 9.732043e-01 1.073318e+00
3.388442e-01 6.563487e-01 7.045842e-01 9.629291e-01 1.073491e+00
3.467369e-01 6.493299e-01 6.972766e-01 9.527980e-01 1.073840e+00
3.548134e-01 6.423499e-01 6.901229e-01 9.428059e-01 1.074372e+00
3.630781e-01 6.354057e-01 6.831189e-01 9.329479e-01 1.075091e+00
3.715352e-01 6.284941e-01 6.762606e-01 9.232190e-01 1.076002e+00
3.801894e-01 6.216124e-01 6.695440e-01 9.136143e-01 1.077109e+00
3.890451e-01 6.147579e-01 6.629648e-01 9.041292e-01 1.078416e+00
3.981072e-01 6.079281e-01 6.565190e-01 8.947591e-01 1.079929e+00
4.073803e-01 6.011206e-01 6.502023e-01 8.854993e-01 1.081650e+00
4.168694e-01 5.943332e-01 6.440106e-01 8.763456e-01 1.083585e+00
4.265795e-01 5.875637e-01 6.379395e-01 8.672935e-01 1.085737e+00
4.365158e-01 5.808104e-01 6.319849e-01 8.583388e-01 1.088109e+00
4.466836e-01 5.740713e-01 6.261424e-01 8.494776e-01 1.090705e+00
4.570882e-01 5.673448e-01 6.204079e-01 8.407057e-01 1.093529e+00
4.677351e-01 5.606296e-01 6.147771e-01 8.320195e-01 1.096583e+00
4.786301e-01 5.539243e-01 6.092457e-01 8.234151e-01 1.099872e+00
4.897788e-01 5.472277e-01 6.038096e-01 8.148891e-01 1.103397e+00
5.011872e-01 5.405390e-01 5.984645e-01 8.064379e-01 1.107162e+00
5.128614e-01 5.338572e-01 5.932062e-01 7.980584e-01 1.111170e+00
5.248075e-01 5.271817e-01 5.880308e-01 7.897472e-01 1.115423e+00
5.370318e-01 5.205119e-01 5.829340e-01 7.815015e-01 1.119924e+00
5.495409e-01 5.138476e-01 5.779118e-01 7.733184e-01 1.124676e+00
5.623413e-01 5.071884e-01 5.729603e-01 7.651951e-01 1.129679e+00
5.754399e-01 5.005343e-01 5.680756e-01 7.571291e-01 1.134938e+00
5.888437e-01 4.938855e-01 5.632538e-01 7.491180e-01 1.140454e+00
6.025596e-01 4.872421e-01 5.584913e-01 7.411595e-01 1.146230e+00
6.165950e-01 4.806044e-01 5.537843e-01 7.332514e-01 1.152266e+00
6.309573e-01 4.739730e-01 5.491293e-01 7.253918e-01 1.158567e+00
6.456542e-01 4.673484e-01 5.445228e-01 7.175790e-01 1.165132e+00
6.606934e-01 4.607314e-01 5.399614e-01 7.098111e-01 1.171966e+00
6.760830e-01 4.541229e-01 5.354420e-01 7.020867e-01 1.179069e+00
6.918310e-01 4.475237e-01 5.309614e-01 6.944043e-01 1.186443e+00
7.079458e-01 4.409348e-01 5.265165e-01 6.867628e-01 1.194091e+00
7.244360e-01 4.343575e-01 5.221045e-01 6.791609e-01 1.202015e+00
7.413102e-01 4.277930e-01 5.177226e-01 6.715977e-01 1.210218e+00
7.585776e-01 4.212424e-01 5.133682e-01 6.640724e-01 1.218700e+00
7.762471e-01 4.147073e-01 5.090388e-01 6.565840e-01 1.227465e+00
7.943282e-01 4.081888e-01 5.047319e-01 6.491321e-01 1.236516e+00
8.128305e-01 4.016887e-01 5.004455e-01 6.417160e-01 1.245854e+00
8.317638e-01 3.952082e-01 4.961772e-01 6.343354e-01 1.255483e+00
8.511380e-01 3.887490e-01 4.919253e-01 6.269899e-01 1.265406e+00
8.709636e-01 3.823127e-01 4.876877e-01 6.196792e-01 1.275625e+00
8.912509e-01 3.759007e-01 4.834629e-01 6.124032e-01 1.286145e+00
9.120108e-01 3.695147e-01 4.792492e-01 6.051619e-01 1.296969e+00
9.332543e-01 3.631563e-01 4.750451e-01 5.979551e-01 1.308101e+00
9.549926e-01 3.568270e-01 4.708492e-01 5.907829e-01 1.319545e+00
9.772372e-01 3.505284e-01 4.666604e-01 5.836455e-01 1.331306e+00
1.000000e+00 3.442621e-01 4.624775e-01 5.765430e-01 1.343388e+00
1.023293e+00 3.380296e-01 4.582994e-01 5.694755e-01 1.355797e+00
1.047129e+00 3.318324e-01 4.541253e-01 5.624434e-01 1.368538e+00
1.071519e+00 3.256721e-01 4.499542e-01 5.554468e-01 1.381617e+00
1.096478e+00 3.195501e-01 4.457855e-01 5.484860e-01 1.395041e+00
1.122018e+00 3.134677e-01 4.416184e-01 5.415615e-01 1.408816e+00
1.148154e+00 3.074265e-01 4.374524e-01 5.346734e-01 1.422950e+00
1.174898e+00 3.014277e-01 4.332870e-01 5.278222e-01 1.437449e+00
1.202264e+00 2.954727e-01 4.291217e-01 5.210082e-01 1.452323e+00
1.230269e+00 2.895627e-01 4.249561e-01 5.142316e-01 1.467579e+00
1.258925e+00 2.836989e-01 4.207898e-01 5.074930e-01 1.483227e+00
1.288250e+00 2.778827e-01 4.166227e-01 5.007926e-01 1.499276e+00
1.318257e+00 2.721150e-01 4.124544e-01 4.941308e-01 1.515736e+00
1.348963e+00 2.663972e-01 4.082848e-01 4.875079e-01 1.532617e+00
1.380384e+00 2.607302e-01 4.041138e-01 4.809243e-01 1.549931e+00
1.412538e+00 2.551151e-01 3.999411e-01 4.743802e-01 1.567689e+00
1.445440e+00 2.495530e-01 3.957668e-01 4.678761e-01 1.585903e+00
1.479108e+00 2.440449e-01 3.915908e-01 4.614122e-01 1.604585e+00
1.513561e+00 2.385917e-01 3.874130e-01 4.549888e-01 1.623749e+00
1.548817e+00 2.331944e-01 3.832336e-01 4.486063e-01 1.643408e+00
1.584893e+00 2.278540e-01 3.790525e-01 4.422649e-01 1.663576e+00
1.621810e+00 2.225714e-01 3.748699e-01 4.359650e-01 1.684268e+00
1.659587e+00 2.173474e-01 3.706858e-01 4.297067e-01 1.705499e+00
1.698244e+00 2.121830e-01 3.665004e-01 4.234905e-01 1.727284e+00
1.737801e+00 2.070791e-01 3.623139e-01 4.173165e-01 1.749640e+00
1.778279e+00 2.020365e-01 3.581264e-01 4.111852e-01 1.772583e+00
1.819701e+00 1.970561e-01 3.539382e-01 4.050967e-01 1.796130e+00
1.862087e+00 1.921386e-01 3.497497e-01 3.990515e-01 1.820298e+00
1.905461e+00 1.872850e-01 3.455610e-01 3.930497e-01 1.845107e+00
1.949845e+00 1.824961e-01 3.413725e-01 3.870918e-01 1.870574e+00
1.995262e+00 1.777726e-01 3.371847e-01 3.811780e-01 1.896719e+00
2.041738e+00 1.731154e-01 3.329980e-01 3.753087e-01 1.923561e+00
2.089296e+00 1.685252e-01 3.288128e-01 3.694842e-01 1.951120e+00
2.137962e+00 1.640028e-01 3.246297e-01 3.637050e-01 1.979416e+00
2.187762e+00 1.595489e-01 3.204492e-01 3.579714e-01 2.008471e+00
2.238721e+00 1.551642e-01 3.162720e-01 3.522838e-01 2.038306e+00
2.290868e+00 1.508494e-01 3.120987e-01 3.466427e-01 2.068942e+00
2.344229e+00 1.466052e-01 3.079300e-01 3.410483e-01 2.100403e+00
2.398833e+00 1.424322e-01 3.037667e-01 3.355013e-01 2.132711e+00
2.454709e+00 1.383310e-01 2.996096e-01 3.300021e-01 2.165889e+00
2.511886e+00 1.343021e-01 2.954595e-01 3.245511e-01 2.199962e+00
2.570396e+00 1.303461e-01 2.913174e-01 3.191488e-01 2.234952e+00
2.630268e+00 1.264635e-01 2.871842e-01 3.137957e-01 2.270886e+00
2.691535e+00 1.226546e-01 2.830608e-01 3.084924e-01 2.307788e+00
2.754229e+00 1.189198e-01 2.789483e-01 3.032393e-01 2.345684e+00
2.818383e+00 1.152594e-01 2.748478e-01 2.980370e-01 2.384601e+00
2.884032e+00 1.116738e-01 2.707603e-01 2.928859e-01 2.424564e+00
2.951209e+00 1.081630e-01 2.666869e-01 2.877866e-01 2.465602e+00
3.019952e+00 1.047273e-01 2.626289e-01 2.827397e-01 2.507741e+00
3.090295e+00 1.013666e-01 2.585874e-01 2.777456e-01 2.551011e+00
3.162278e+00 9.808108e-02 2.545636e-01 2.728049e-01 2.595440e+00
3.235937e+00 9.487057e-02 2.505586e-01 2.679180e-01 2.641057e+00
3.311311e+00 9.173498e-02 2.465738e-01 2.630855e-01 2.687893e+00
3.388442e+00 8.867409e-02 2.426104e-01 2.583077e-01 2.735978e+00
3.467369e+00 8.568766e-02 2.386695e-01 2.535853e-01 2.785343e+00
3.548134e+00 8.277533e-02 2.347524e-01 2.489186e-01 2.836019e+00
3.630781e+00 7.993670e-02 2.308604e-01 2.443080e-01 2.888040e+00
3.715352e+00 7.717131e-02 2.269946e-01 2.397540e-01 2.941438e+00
3.801894e+00 7.447861e-02 2.231563e-01 2.352569e-01 2.996246e+00
3.890451e+00 7.185801e-02 2.193466e-01 2.308170e-01 3.052500e+00
3.981072e+00 6.930883e-02 2.155666e-01 2.264347e-01 3.110233e+00
4.073803e+00 6.683035e-02 2.118176e-01 2.221103e-01 3.169482e+00
4.168694e+00 6.442179e-02 2.081006e-01 2.178440e-01 3.230283e+00
4.265795e+00 6.208229e-02 2.044166e-01 2.136361e-01 3.292672e+00
4.365158e+00 5.981097e-02 2.007668e-01 2.094867e-01 3.356689e+00
4.466836e+00 5.760688e-02 1.971521e-01 2.053959e-01 3.422370e+00
4.570882e+00 5.546902e-02 1.935734e-01 2.013640e-01 3.489757e+00
4.677351e+00 5.339636e-02 1.900316e-01 1.973910e-01 3.558888e+00
4.786301e+00 5.138782e-02 1.865277e-01 1.934769e-01 3.629804e+00
4.897788e+00 4.944228e-02 1.830624e-01 1.896217e-01 3.702548e+00
5.011872e+00 4.755859e-02 1.796365e-01 1.858255e-01 3.777163e+00
5.128614e+00 4.573557e-02 1.762507e-01 1.820881e-01 3.853691e+00
5.248075e+00 4.397201e-02 1.729057e-01 1.784094e-01 3.932177e+00
5.370318e+00 4.226669e-02 1.696021e-01 1.747894e-01 4.012666e+00
5.495409e+00 4.061834e-02 1.663404e-01 1.712279e-01 4.095206e+00
5.623413e+00 3.902569e-02 1.631212e-01 1.677246e-01 4.179842e+00
5.754399e+00 3.748747e-02 1.599449e-01 1.642793e-01 4.266624e+00
5.888437e+00 3.600237e-02 1.568119e-01 1.608917e-01 4.355600e+00
6.025596e+00 3.456910e-02 1.537226e-01 1.575616e-01 4.446822e+00
6.165950e+00 3.318635e-02 1.506773e-01 1.542886e-01 4.540339e+00
6.309573e+00 3.185281e-02 1.476762e-01 1.510723e-01 4.636206e+00
6.456542e+00 3.056717e-02 1.447195e-01 1.479124e-01 4.734476e+00
6.606934e+00 2.932812e-02 1.418074e-01 1.448084e-01 4.835203e+00
6.760830e+00 2.813438e-02 1.389401e-01 1.417599e-01 4.938443e+00
6.918310e+00 2.698465e-02 1.361175e-01 1.387665e-01 5.044255e+00
7.079458e+00 2.587765e-02 1.333396e-01 1.358275e-01 5.152695e+00
7.244360e+00 2.481211e-02 1.306066e-01 1.329426e-01 5.263825e+00
7.413102e+00 2.378677e-02 1.279183e-01 1.301111e-01 5.377706e+00
7.585776e+00 2.280041e-02 1.252746e-01 1.273325e-01 5.494399e+00
7.762471e+00 2.185180e-02 1.226753e-01 1.246063e-01 5.613969e+00
7.943282e+00 2.093973e-02 1.201204e-01 1.219319e-01 5.736481e+00
8.128305e+00 2.006304e-02 1.176096e-01 1.193086e-01 5.862002e+00
8.317638e+00 1.922054e-02 1.151426e-01 1.167358e-01 5.990600e+00
8.511380e+00 1.841111e-02 1.127192e-01 1.142129e-01 6.122346e+00
8.709636e+00 1.763364e-02 1.103391e-01 1.117393e-01 6.257310e+00
8.912509e+00 1.688702e-02 1.080020e-01 1.093143e-01 6.395566e+00
9.120108e+00 1.617019e-02 1.057076e-01 1.069372e-01 6.537188e+00
9.332543e+00 1.548211e-02 1.034554e-01 1.046074e-01 6.682254e+00
9.549926e+00 1.482175e-02 1.012450e-01 1.023242e-01 6.830840e+00
9.772372e+00 1.418813e-02 9.907614e-02 1.000869e-01 6.983028e+00
1.000000e+01 1.358028e-02 9.694828e-02 9.789480e-02 7.138899e+00
