1.000000e-06 3.001815e+01 2.675423e-01 3.001935e+01 8.912684e-03
1.023293e-06 3.001794e+01 2.737704e-01 3.001919e+01 9.120225e-03
1.047129e-06 3.001772e+01 2.801432e-01 3.001903e+01 9.332596e-03
1.071519e-06 3.001748e+01 2.866642e-01 3.001885e+01 9.549908e-03
1.096478e-06 3.001724e+01 2.933368e-01 3.001867e+01 9.772278e-03
1.122018e-06 3.001698e+01 3.001645e-01 3.001848e+01 9.999821e-03
1.148154e-06 3.001671e+01 3.071508e-01 3.001829e+01 1.023266e-02
1.174898e-06 3.001643e+01 3.142995e-01 3.001808e+01 1.047091e-02
1.202264e-06 3.001614e+01 3.216143e-01 3.001786e+01 1.071471e-02
1.230269e-06 3.001583e+01 3.290990e-01 3.001764e+01 1.096418e-02
1.258925e-06 3.001551e+01 3.367576e-01 3.001740e+01 1.121945e-02
1.288250e-06 3.001517e+01 3.445941e-01 3.001715e+01 1.148066e-02
1.318257e-06 3.001482e+01 3.526126e-01 3.001689e+01 1.174795e-02
1.348963e-06 3.001445e+01 3.608173e-01 3.001662e+01 1.202145e-02
1.380384e-06 3.001406e+01 3.692124e-01 3.001633e+01 1.230132e-02
1.412538e-06 3.001365e+01 3.778025e-01 3.001603e+01 1.258769e-02
1.445440e-06 3.001323e+01 3.865919e-01 3.001572e+01 1.288072e-02
1.479108e-06 3.001278e+01 3.955852e-01 3.001539e+01 1.318056e-02
1.513561e-06 3.001232e+01 4.047873e-01 3.001505e+01 1.348737e-02
1.548817e-06 3.001183e+01 4.142028e-01 3.001469e+01 1.380132e-02
1.584893e-06 3.001132e+01 4.238366e-01 3.001431e+01 1.412256e-02
1.621810e-06 3.001078e+01 4.336939e-01 3.001392e+01 1.445127e-02
1.659587e-06 3.001022e+01 4.437797e-01 3.001350e+01 1.478762e-02
1.698244e-06 3.000964e+01 4.540992e-01 3.001307e+01 1.513178e-02
1.737801e-06 3.000902e+01 4.646579e-01 3.001262e+01 1.548394e-02
1.778279e-06 3.000838e+01 4.754612e-01 3.001215e+01 1.584428e-02
1.819701e-06 3.000771e+01 4.865147e-01 3.001165e+01 1.621299e-02
1.862087e-06 3.000700e+01 4.978241e-01 3.001113e+01 1.659027e-02
1.905461e-06 3.000626e+01 5.093953e-01 3.001059e+01 1.697630e-02
1.949845e-06 3.000549e+01 5.212343e-01 3.001002e+01 1.737130e-02
1.995262e-06 3.000468e+01 5.333472e-01 3.000942e+01 1.777547e-02
2.041738e-06 3.000383e+01 5.457403e-01 3.000880e+01 1.818902e-02
2.089296e-06 3.000295e+01 5.584198e-01 3.000814e+01 1.861216e-02
2.137962e-06 3.000202e+01 5.713923e-01 3.000746e+01 1.904513e-02
2.187762e-06 3.000105e+01 5.846646e-01 3.000674e+01 1.948814e-02
2.238721e-06 3.000003e+01 5.982434e-01 3.000599e+01 1.994143e-02
2.290868e-06 2.999896e+01 6.121356e-01 3.000521e+01 2.040522e-02
2.344229e-06 2.999785e+01 6.263483e-01 3.000438e+01 2.087978e-02
2.398833e-06 2.999668e+01 6.408888e-01 3.000352e+01 2.136533e-02
2.454709e-06 2.999545e+01 6.557646e-01 3.000262e+01 2.186213e-02
2.511886e-06 2.999417e+01 6.709831e-01 3.000168e+01 2.237045e-02
2.570396e-06 2.999283e+01 6.865520e-01 3.000069e+01 2.289054e-02
2.630268e-06 2.999143e+01 7.024794e-01 2.999965e+01 2.342267e-02
2.691535e-06 2.998996e+01 7.187731e-01 2.999857e+01 2.396712e-02
2.754229e-06 2.998842e+01 7.354414e-01 2.999744e+01 2.452418e-02
2.818383e-06 2.998681e+01 7.524927e-01 2.999625e+01 2.509412e-02
2.884032e-06 2.998512e+01 7.699355e-01 2.999501e+01 2.567725e-02
2.951209e-06 2.998336e+01 7.877785e-01 2.999371e+01 2.627386e-02
3.019952e-06 2.998151e+01 8.060307e-01 2.999234e+01 2.688426e-02
3.090295e-06 2.997958e+01 8.247011e-01 2.999092e+01 2.750876e-02
3.162278e-06 2.997755e+01 8.437989e-01 2.998942e+01 2.814769e-02
3.235937e-06 2.997543e+01 8.633336e-01 2.998786e+01 2.880137e-02
3.311311e-06 2.997321e+01 8.833148e-01 2.998622e+01 2.947014e-02
3.388442e-06 2.997089e+01 9.037522e-01 2.998451e+01 3.015433e-02
3.467369e-06 2.996846e+01 9.246559e-01 2.998272e+01 3.085431e-02
3.548134e-06 2.996591e+01 9.460361e-01 2.998084e+01 3.157041e-02
3.630781e-06 2.996325e+01 9.679030e-01 2.997888e+01 3.230301e-02
3.715352e-06 2.996046e+01 9.902672e-01 2.997682e+01 3.305247e-02
3.801894e-06 2.995754e+01 1.013139e+00 2.997466e+01 3.381918e-02
3.890451e-06 2.995448e+01 1.036531e+00 2.997241e+01 3.460353e-02
3.981072e-06 2.995128e+01 1.060452e+00 2.997005e+01 3.540590e-02
4.073803e-06 2.994794e+01 1.084915e+00 2.996758e+01 3.622670e-02
4.168694e-06 2.994443e+01 1.109930e+00 2.996500e+01 3.706634e-02
4.265795e-06 2.994076e+01 1.135511e+00 2.996229e+01 3.792524e-02
4.365158e-06 2.993693e+01 1.161667e+00 2.995946e+01 3.880382e-02
4.466836e-06 2.993291e+01 1.188412e+00 2.995649e+01 3.970253e-02
4.570882e-06 2.992871e+01 1.215758e+00 2.995339e+01 4.062181e-02
4.677351e-06 2.992431e+01 1.243717e+00 2.995014e+01 4.156210e-02
4.786301e-06 2.991970e+01 1.272302e+00 2.994674e+01 4.252388e-02
4.897788e-06 2.991489e+01 1.301525e+00 2.994319e+01 4.350761e-02
5.011872e-06 2.990984e+01 1.331400e+00 2.993946e+01 4.451377e-02
5.128614e-06 2.990457e+01 1.361939e+00 2.993557e+01 4.554286e-02
5.248075e-06 2.989905e+01 1.393157e+00 2.993149e+01 4.659536e-02
5.370318e-06 2.989327e+01 1.425066e+00 2.992722e+01 4.767178e-02
5.495409e-06 2.988723e+01 1.457679e+00 2.992276e+01 4.877264e-02
5.623413e-06 2.988091e+01 1.491012e+00 2.991809e+01 4.989847e-02
5.754399e-06 2.987429e+01 1.525076e+00 2.991320e+01 5.104979e-02
5.888437e-06 2.986737e+01 1.559888e+00 2.990808e+01 5.222715e-02
6.025596e-06 2.986014e+01 1.595460e+00 2.990273e+01 5.343110e-02
6.165950e-06 2.985256e+01 1.631807e+00 2.989713e+01 5.466221e-02
6.309573e-06 2.984464e+01 1.668943e+00 2.989127e+01 5.592103e-02
6.456542e-06 2.983636e+01 1.706883e+00 2.988514e+01 5.720816e-02
6.606934e-06 2.982769e+01 1.745641e+00 2.987873e+01 5.852417e-02
6.760830e-06 2.981863e+01 1.785231e+00 2.987202e+01 5.986966e-02
6.918310e-06 2.980915e+01 1.825669e+00 2.986501e+01 6.124524e-02
7.079458e-06 2.979924e+01 1.866968e+00 2.985767e+01 6.265152e-02
7.244360e-06 2.978888e+01 1.909143e+00 2.984999e+01 6.408912e-02
7.413102e-06 2.977804e+01 1.952209e+00 2.984197e+01 6.555867e-02
7.585776e-06 2.976671e+01 1.996180e+00 2.983357e+01 6.706080e-02
7.762471e-06 2.975487e+01 2.041070e+00 2.982479e+01 6.859617e-02
7.943282e-06 2.974249e+01 2.086894e+00 2.981561e+01 7.016541e-02
8.128305e-06 2.972955e+01 2.133665e+00 2.980601e+01 7.176919e-02
8.317638e-06 2.971602e+01 2.181398e+00 2.979598e+01 7.340817e-02
8.511380e-06 2.970188e+01 2.230107e+00 2.978548e+01 7.508302e-02
8.709636e-06 2.968710e+01 2.279804e+00 2.977451e+01 7.679441e-02
8.912509e-06 2.967166e+01 2.330503e+00 2.976305e+01 7.854303e-02
9.120108e-06 2.965553e+01 2.382216e+00 2.975106e+01 8.032956e-02
9.332543e-06 2.963868e+01 2.434956e+00 2.973853e+01 8.215469e-02
9.549926e-06 2.962107e+01 2.488736e+00 2.972544e+01 8.401910e-02
9.772372e-06 2.960269e+01 2.543566e+00 2.971176e+01 8.592348e-02
1.000000e-05 2.958348e+01 2.599457e+00 2.969747e+01 8.786854e-02
1.023293e-05 2.956343e+01 2.656420e+00 2.968253e+01 8.985496e-02
1.047129e-05 2.954249e+01 2.714465e+00 2.966693e+01 9.188343e-02
1.071519e-05 2.952063e+01 2.773600e+00 2.965064e+01 9.395465e-02
1.096478e-05 2.949781e+01 2.833833e+00 2.963362e+01 9.606929e-02
1.122018e-05 2.947399e+01 2.895173e+00 2.961584e+01 9.822805e-02
1.148154e-05 2.944913e+01 2.957624e+00 2.959728e+01 1.004316e-01
1.174898e-05 2.942320e+01 3.021192e+00 2.957790e+01 1.026806e-01
1.202264e-05 2.939615e+01 3.085882e+00 2.955768e+01 1.049757e-01
1.230269e-05 2.936793e+01 3.151696e+00 2.953656e+01 1.073176e-01
1.258925e-05 2.933850e+01 3.218636e+00 2.951453e+01 1.097069e-01
1.288250e-05 2.930782e+01 3.286702e+00 2.949154e+01 1.121442e-01
1.318257e-05 2.927583e+01 3.355892e+00 2.946755e+01 1.146301e-01
1.348963e-05 2.924249e+01 3.426204e+00 2.944253e+01 1.171653e-01
1.380384e-05 2.920776e+01 3.497634e+00 2.941643e+01 1.197502e-01
1.412538e-05 2.917156e+01 3.570173e+00 2.938922e+01 1.223854e-01
1.445440e-05 2.913386e+01 3.643815e+00 2.936085e+01 1.250714e-01
1.479108e-05 2.909461e+01 3.718547e+00 2.933128e+01 1.278088e-01
1.513561e-05 2.905374e+01 3.794358e+00 2.930046e+01 1.305979e-01
1.548817e-05 2.901120e+01 3.871233e+00 2.926835e+01 1.334392e-01
1.584893e-05 2.896694e+01 3.949153e+00 2.923490e+01 1.363331e-01
1.621810e-05 2.892090e+01 4.028098e+00 2.920007e+01 1.392798e-01
1.659587e-05 2.887301e+01 4.108045e+00 2.916379e+01 1.422798e-01
1.698244e-05 2.882323e+01 4.188969e+00 2.912604e+01 1.453331e-01
1.737801e-05 2.877149e+01 4.270840e+00 2.908674e+01 1.484400e-01
1.778279e-05 2.871773e+01 4.353627e+00 2.904586e+01 1.516007e-01
1.819701e-05 2.866190e+01 4.437294e+00 2.900334e+01 1.548151e-01
1.862087e-05 2.860392e+01 4.521802e+00 2.895913e+01 1.580833e-01
1.905461e-05 2.854375e+01 4.607110e+00 2.891317e+01 1.614052e-01
1.949845e-05 2.848132e+01 4.693170e+00 2.886541e+01 1.647806e-01
1.995262e-05 2.841658e+01 4.779935e+00 2.881579e+01 1.682094e-01
2.041738e-05 2.834946e+01 4.867349e+00 2.876426e+01 1.716911e-01
2.089296e-05 2.827990e+01 4.955355e+00 2.871077e+01 1.752254e-01
2.137962e-05 2.820785e+01 5.043893e+00 2.865525e+01 1.788117e-01
2.187762e-05 2.813325e+01 5.132895e+00 2.859767e+01 1.824494e-01
2.238721e-05 2.805605e+01 5.222293e+00 2.853795e+01 1.861378e-01
2.290868e-05 2.797620e+01 5.312011e+00 2.847605e+01 1.898761e-01
2.344229e-05 2.789364e+01 5.401972e+00 2.841191e+01 1.936632e-01
2.398833e-05 2.780833e+01 5.492092e+00 2.834548e+01 1.974981e-01
2.454709e-05 2.772022e+01 5.582284e+00 2.827672e+01 2.013795e-01
2.511886e-05 2.762927e+01 5.672458e+00 2.820556e+01 2.053061e-01
2.570396e-05 2.753545e+01 5.762517e+00 2.813196e+01 2.092763e-01
2.630268e-05 2.743870e+01 5.852361e+00 2.805588e+01 2.132885e-01
2.691535e-05 2.733902e+01 5.941888e+00 2.797728e+01 2.173409e-01
2.754229e-05 2.723636e+01 6.030988e+00 2.789610e+01 2.214315e-01
2.818383e-05 2.713071e+01 6.119551e+00 2.781231e+01 2.255581e-01
2.884032e-05 2.702206e+01 6.207463e+00 2.772588e+01 2.297184e-01
2.951209e-05 2.691038e+01 6.294604e+00 2.763676e+01 2.339099e-01
3.019952e-05 2.679568e+01 6.380853e+00 2.754494e+01 2.381299e-01
3.090295e-05 2.667796e+01 6.466087e+00 2.745039e+01 2.423756e-01
3.162278e-05 2.655723e+01 6.550179e+00 2.735308e+01 2.466440e-01
3.235937e-05 2.643349e+01 6.633001e+00 2.725300e+01 2.509317e-01
3.311311e-05 2.630678e+01 6.714423e+00 2.715014e+01 2.552355e-01
3.388442e-05 2.617712e+01 6.794315e+00 2.704449e+01 2.595517e-01
3.467369e-05 2.604455e+01 6.872543e+00 2.693604e+01 2.638765e-01
3.548134e-05 2.590911e+01 6.948977e+00 2.682481e+01 2.682059e-01
3.630781e-05 2.577086e+01 7.023484e+00 2.671080e+01 2.725359e-01
3.715352e-05 2.562986e+01 7.095935e+00 2.659402e+01 2.768620e-01
3.801894e-05 2.548618e+01 7.166199e+00 2.647451e+01 2.811798e-01
3.890451e-05 2.533989e+01 7.234150e+00 2.635228e+01 2.854847e-01
3.981072e-05 2.519108e+01 7.299664e+00 2.622738e+01 2.897718e-01
4.073803e-05 2.503985e+01 7.362619e+00 2.609985e+01 2.940361e-01
4.168694e-05 2.488629e+01 7.422897e+00 2.596973e+01 2.982725e-01
4.265795e-05 2.473052e+01 7.480388e+00 2.583708e+01 3.024759e-01
4.365158e-05 2.457266e+01 7.534982e+00 2.570197e+01 3.066409e-01
4.466836e-05 2.441282e+01 7.586579e+00 2.556446e+01 3.107621e-01
4.570882e-05 2.425114e+01 7.635083e+00 2.542464e+01 3.148340e-01
4.677351e-05 2.408776e+01 7.680406e+00 2.528258e+01 3.188510e-01
4.786301e-05 2.392282e+01 7.722467e+00 2.513838e+01 3.228075e-01
4.897788e-05 2.375648e+01 7.761193e+00 2.499213e+01 3.266979e-01
5.011872e-05 2.358888e+01 7.796521e+00 2.484394e+01 3.305167e-01
5.128614e-05 2.342019e+01 7.828393e+00 2.469391e+01 3.342582e-01
5.248075e-05 2.325057e+01 7.856765e+00 2.454217e+01 3.379170e-01
5.370318e-05 2.308019e+01 7.881598e+00 2.438883e+01 3.414876e-01
5.495409e-05 2.290921e+01 7.902867e+00 2.423401e+01 3.449646e-01
5.623413e-05 2.273781e+01 7.920555e+00 2.407786e+01 3.483429e-01
5.754399e-05 2.256615e+01 7.934653e+00 2.392049e+01 3.516175e-01
5.888437e-05 2.239441e+01 7.945166e+00 2.376206e+01 3.547834e-01
6.025596e-05 2.222276e+01 7.952107e+00 2.360270e+01 3.578361e-01
6.165950e-05 2.205137e+01 7.955499e+00 2.344255e+01 3.607711e-01
6.309573e-05 2.188041e+01 7.955375e+00 2.328176e+01 3.635844e-01
6.456542e-05 2.171004e+01 7.951780e+00 2.312048e+01 3.662721e-01
6.606934e-05 2.154041e+01 7.944764e+00 2.295885e+01 3.688306e-01
6.760830e-05 2.137170e+01 7.934390e+00 2.279702e+01 3.712568e-01
6.918310e-05 2.120405e+01 7.920728e+00 2.263515e+01 3.735478e-01
7.079458e-05 2.103761e+01 7.903856e+00 2.247337e+01 3.757012e-01
7.244360e-05 2.087252e+01 7.883862e+00 2.231182e+01 3.777149e-01
7.413102e-05 2.070892e+01 7.860839e+00 2.215067e+01 3.795872e-01
7.585776e-05 2.054692e+01 7.834888e+00 2.199003e+01 3.813169e-01
7.762471e-05 2.038666e+01 7.806115e+00 2.183006e+01 3.829031e-01
7.943282e-05 2.022824e+01 7.774632e+00 2.167087e+01 3.843454e-01
8.128305e-05 2.007177e+01 7.740558e+00 2.151261e+01 3.856439e-01
8.317638e-05 1.991735e+01 7.704012e+00 2.135539e+01 3.867990e-01
8.511380e-05 1.976507e+01 7.665122e+00 2.119934e+01 3.878116e-01
8.709636e-05 1.961499e+01 7.624013e+00 2.104456e+01 3.886830e-01
8.912509e-05 1.946720e+01 7.580818e+00 2.089117e+01 3.894148e-01
9.120108e-05 1.932176e+01 7.535667e+00 2.073926e+01 3.900093e-01
9.332543e-05 1.917872e+01 7.488695e+00 2.058893e+01 3.904689e-01
9.549926e-05 1.903813e+01 7.440035e+00 2.044027e+01 3.907965e-01
9.772372e-05 1.890003e+01 7.389821e+00 2.029336e+01 3.909952e-01
1.000000e-04 1.876444e+01 7.338186e+00 2.014828e+01 3.910687e-01
1.023293e-04 1.863139e+01 7.285261e+00 2.000509e+01 3.910208e-01
1.047129e-04 1.850089e+01 7.231176e+00 1.986386e+01 3.908556e-01
1.071519e-04 1.837295e+01 7.176060e+00 1.972463e+01 3.905775e-01
1.096478e-04 1.824756e+01 7.120038e+00 1.958746e+01 3.901912e-01
1.122018e-04 1.812473e+01 7.063233e+00 1.945238e+01 3.897014e-01
1.148154e-04 1.800444e+01 7.005763e+00 1.931943e+01 3.891131e-01
1.174898e-04 1.788667e+01 6.947744e+00 1.918864e+01 3.884315e-01
1.202264e-04 1.777139e+01 6.889289e+00 1.906003e+01 3.876618e-01
1.230269e-04 1.765858e+01 6.830504e+00 1.893360e+01 3.868093e-01
1.258925e-04 1.754821e+01 6.771493e+00 1.880938e+01 3.858794e-01
1.288250e-04 1.744023e+01 6.712354e+00 1.868736e+01 3.848776e-01
1.318257e-04 1.733460e+01 6.653182e+00 1.856753e+01 3.838093e-01
1.348963e-04 1.723129e+01 6.594065e+00 1.844990e+01 3.826798e-01
1.380384e-04 1.713023e+01 6.535089e+00 1.833445e+01 3.814946e-01
1.412538e-04 1.703138e+01 6.476333e+00 1.822116e+01 3.802590e-01
1.445440e-04 1.693468e+01 6.417872e+00 1.811001e+01 3.789780e-01
1.479108e-04 1.684008e+01 6.359775e+00 1.800098e+01 3.776570e-01
1.513561e-04 1.674753e+01 6.302108e+00 1.789403e+01 3.763008e-01
1.548817e-04 1.665696e+01 6.244932e+00 1.778914e+01 3.749142e-01
1.584893e-04 1.656832e+01 6.188301e+00 1.768627e+01 3.735021e-01
1.621810e-04 1.648154e+01 6.132267e+00 1.758539e+01 3.720688e-01
1.659587e-04 1.639657e+01 6.076877e+00 1.748645e+01 3.706188e-01
1.698244e-04 1.631334e+01 6.022173e+00 1.738942e+01 3.691562e-01
1.737801e-04 1.623181e+01 5.968193e+00 1.729424e+01 3.676851e-01
1.778279e-04 1.615190e+01 5.914973e+00 1.720089e+01 3.662091e-01
1.819701e-04 1.607356e+01 5.862542e+00 1.710932e+01 3.647320e-01
1.862087e-04 1.599674e+01 5.810928e+00 1.701947e+01 3.632571e-01
1.905461e-04 1.592137e+01 5.760155e+00 1.693132e+01 3.617876e-01
1.949845e-04 1.584741e+01 5.710243e+00 1.684480e+01 3.603266e-01
1.995262e-04 1.577480e+01 5.661210e+00 1.675988e+01 3.588769e-01
2.041738e-04 1.570348e+01 5.613070e+00 1.667651e+01 3.574412e-01
2.089296e-04 1.563341e+01 5.565838e+00 1.659464e+01 3.560219e-01
2.137962e-04 1.556455e+01 5.519522e+00 1.651425e+01 3.546214e-01
2.187762e-04 1.549684e+01 5.474131e+00 1.643527e+01 3.532418e-01
2.238721e-04 1.543024e+01 5.429672e+00 1.635768e+01 3.518852e-01
2.290868e-04 1.536470e+01 5.386150e+00 1.628142e+01 3.505535e-01
2.344229e-04 1.530020e+01 5.343569e+00 1.620647e+01 3.492483e-01
2.398833e-04 1.523668e+01 5.301931e+00 1.613279e+01 3.479715e-01
2.454709e-04 1.517412e+01 5.261237e+00 1.606034e+01 3.467244e-01
2.511886e-04 1.511247e+01 5.221489e+00 1.598908e+01 3.455086e-01
2.570396e-04 1.505171e+01 5.182686e+00 1.591899e+01 3.443255e-01
2.630268e-04 1.499180e+01 5.144830e+00 1.585002e+01 3.431764e-01
2.691535e-04 1.493271e+01 5.107920e+00 1.578216e+01 3.420625e-01
2.754229e-04 1.487442e+01 5.071956e+00 1.571538e+01 3.409852e-01
2.818383e-04 1.481689e+01 5.036937e+00 1.564963e+01 3.399455e-01
2.884032e-04 1.476011e+01 5.002864e+00 1.558492e+01 3.389448e-01
2.951209e-04 1.470405e+01 4.969737e+00 1.552119e+01 3.379842e-01
3.019952e-04 1.464868e+01 4.937558e+00 1.545844e+01 3.370649e-01
3.090295e-04 1.459399e+01 4.906327e+00 1.539664e+01 3.361882e-01
3.162278e-04 1.453995e+01 4.876048e+00 1.533577e+01 3.353552e-01
3.235937e-04 1.448654e+01 4.846722e+00 1.527581e+01 3.345673e-01
3.311311e-04 1.443374e+01 4.818354e+00 1.521674e+01 3.338258e-01
3.388442e-04 1.438153e+01 4.790947e+00 1.515854e+01 3.331320e-01
3.467369e-04 1.432988e+01 4.764506e+00 1.510119e+01 3.324874e-01
3.548134e-04 1.427879e+01 4.739036e+00 1.504468e+01 3.318934e-01
3.630781e-04 1.422823e+01 4.714545e+00 1.498898e+01 3.313515e-01
3.715352e-04 1.417818e+01 4.691039e+00 1.493408e+01 3.308633e-01
3.801894e-04 1.412862e+01 4.668525e+00 1.487995e+01 3.304305e-01
3.890451e-04 1.407952e+01 4.647012e+00 1.482659e+01 3.300547e-01
3.981072e-04 1.403087e+01 4.626508e+00 1.477396e+01 3.297376e-01
4.073803e-04 1.398265e+01 4.607021e+00 1.472206e+01 3.294812e-01
4.168694e-04 1.393483e+01 4.588562e+00 1.467087e+01 3.292873e-01
4.265795e-04 1.388739e+01 4.571140e+00 1.462036e+01 3.291577e-01
4.365158e-04 1.384030e+01 4.554765e+00 1.457051e+01 3.290945e-01
4.466836e-04 1.379353e+01 4.539445e+00 1.452130e+01 3.290995e-01
4.570882e-04 1.374707e+01 4.525192e+00 1.447271e+01 3.291750e-01
4.677351e-04 1.370088e+01 4.512013e+00 1.442472e+01 3.293228e-01
4.786301e-04 1.365494e+01 4.499919e+00 1.437729e+01 3.295452e-01
4.897788e-04 1.360921e+01 4.488919e+00 1.433042e+01 3.298442e-01
5.011872e-04 1.356366e+01 4.479020e+00 1.428407e+01 3.302220e-01
5.128614e-04 1.351827e+01 4.470230e+00 1.423821e+01 3.306806e-01
5.248075e-04 1.347299e+01 4.462556e+00 1.419281e+01 3.312223e-01
5.370318e-04 1.342780e+01 4.456004e+00 1.414786e+01 3.318490e-01
5.495409e-04 1.338267e+01 4.450580e+00 1.410331e+01 3.325630e-01
5.623413e-04 1.333754e+01 4.446287e+00 1.405914e+01 3.333663e-01
5.754399e-04 1.329239e+01 4.443128e+00 1.401532e+01 3.342610e-01
5.888437e-04 1.324718e+01 4.441106e+00 1.397180e+01 3.352491e-01
6.025596e-04 1.320188e+01 4.440221e+00 1.392857e+01 3.363326e-01
6.165950e-04 1.315643e+01 4.440471e+00 1.388558e+01 3.375134e-01
6.309573e-04 1.311081e+01 4.441855e+00 1.384281e+01 3.387935e-01
6.456542e-04 1.306496e+01 4.444369e+00 1.380020e+01 3.401746e-01
6.606934e-04 1.301886e+01 4.448006e+00 1.375774e+01 3.416587e-01
6.760830e-04 1.297245e+01 4.452761e+00 1.371538e+01 3.432474e-01
6.918310e-04 1.292571e+01 4.458623e+00 1.367308e+01 3.449423e-01
7.079458e-04 1.287857e+01 4.465582e+00 1.363081e+01 3.467451e-01
7.244360e-04 1.283101e+01 4.473626e+00 1.358853e+01 3.486573e-01
7.413102e-04 1.278298e+01 4.482741e+00 1.354620e+01 3.506803e-01
7.585776e-04 1.273444e+01 4.492910e+00 1.350379e+01 3.528156e-01
7.762471e-04 1.268535e+01 4.504114e+00 1.346124e+01 3.550643e-01
7.943282e-04 1.263566e+01 4.516335e+00 1.341854e+01 3.574278e-01
8.128305e-04 1.258533e+01 4.529551e+00 1.337563e+01 3.599071e-01
8.317638e-04 1.253433e+01 4.543736e+00 1.333248e+01 3.625033e-01
8.511380e-04 1.248261e+01 4.558866e+00 1.328905e+01 3.652174e-01
8.709636e-04 1.243014e+01 4.574914e+00 1.324531e+01 3.680502e-01
8.912509e-04 1.237687e+01 4.591849e+00 1.320121e+01 3.710025e-01
9.120108e-04 1.232277e+01 4.609641e+00 1.315672e+01 3.740751e-01
9.332543e-04 1.226780e+01 4.628256e+00 1.311181e+01 3.772687e-01
9.549926e-04 1.221192e+01 4.647659e+00 1.306644e+01 3.805837e-01
9.772372e-04 1.215511e+01 4.667814e+00 1.302057e+01 3.840206e-01
1.000000e-03 1.209733e+01 4.688683e+00 1.297417e+01 3.875799e-01
1.023293e-03 1.203855e+01 4.710225e+00 1.292722e+01 3.912619e-01
1.047129e-03 1.197874e+01 4.732400e+00 1.287966e+01 3.950668e-01
1.071519e-03 1.191786e+01 4.755165e+00 1.283149e+01 3.989948e-01
1.096478e-03 1.185590e+01 4.778475e+00 1.278265e+01 4.030461e-01
1.122018e-03 1.179283e+01 4.802285e+00 1.273314e+01 4.072207e-01
1.148154e-03 1.172863e+01 4.826548e+00 1.268291e+01 4.115185e-01
1.174898e-03 1.166327e+01 4.851216e+00 1.263195e+01 4.159395e-01
1.202264e-03 1.159674e+01 4.876240e+00 1.258023e+01 4.204836e-01
1.230269e-03 1.152902e+01 4.901571e+00 1.252772e+01 4.251506e-01
1.258925e-03 1.146010e+01 4.927158e+00 1.247440e+01 4.299403e-01
1.288250e-03 1.138996e+01 4.952949e+00 1.242026e+01 4.348523e-01
1.318257e-03 1.131859e+01 4.978892e+00 1.236527e+01 4.398863e-01
1.348963e-03 1.124598e+01 5.004935e+00 1.230941e+01 4.450420e-01
1.380384e-03 1.117214e+01 5.031024e+00 1.225267e+01 4.503189e-01
1.412538e-03 1.109704e+01 5.057106e+00 1.219503e+01 4.557166e-01
1.445440e-03 1.102070e+01 5.083128e+00 1.213648e+01 4.612346e-01
1.479108e-03 1.094311e+01 5.109036e+00 1.207700e+01 4.668723e-01
1.513561e-03 1.086428e+01 5.134776e+00 1.201659e+01 4.726292e-01
1.548817e-03 1.078421e+01 5.160293e+00 1.195524e+01 4.785046e-01
1.584893e-03 1.070290e+01 5.185536e+00 1.189294e+01 4.844980e-01
1.621810e-03 1.062038e+01 5.210449e+00 1.182967e+01 4.906087e-01
1.659587e-03 1.053664e+01 5.234981e+00 1.176545e+01 4.968360e-01
1.698244e-03 1.045170e+01 5.259078e+00 1.170025e+01 5.031792e-01
1.737801e-03 1.036558e+01 5.282689e+00 1.163409e+01 5.096375e-01
1.778279e-03 1.027830e+01 5.305761e+00 1.156696e+01 5.162101e-01
1.819701e-03 1.018987e+01 5.328245e+00 1.149886e+01 5.228961e-01
1.862087e-03 1.010033e+01 5.350090e+00 1.142979e+01 5.296949e-01
1.905461e-03 1.000968e+01 5.371247e+00 1.135975e+01 5.366053e-01
1.949845e-03 9.917963e+00 5.391668e+00 1.128876e+01 5.436265e-01
1.995262e-03 9.825202e+00 5.411304e+00 1.121681e+01 5.507576e-01
2.041738e-03 9.731429e+00 5.430111e+00 1.114391e+01 5.579973e-01
2.089296e-03 9.636673e+00 5.448042e+00 1.107008e+01 5.653447e-01
2.137962e-03 9.540970e+00 5.465054e+00 1.099531e+01 5.727986e-01
2.187762e-03 9.444355e+00 5.481105e+00 1.091963e+01 5.803578e-01
2.238721e-03 9.346864e+00 5.496152e+00 1.084304e+01 5.880209e-01
2.290868e-03 9.248538e+00 5.510156e+00 1.076556e+01 5.957867e-01
2.344229e-03 9.149416e+00 5.523078e+00 1.068720e+01 6.036536e-01
2.398833e-03 9.049541e+00 5.534882e+00 1.060797e+01 6.116202e-01
2.454709e-03 8.948957e+00 5.545533e+00 1.052790e+01 6.196848e-01
2.511886e-03 8.847709e+00 5.554996e+00 1.044701e+01 6.278457e-01
2.570396e-03 8.745844e+00 5.563241e+00 1.036530e+01 6.361011e-01
2.630268e-03 8.643410e+00 5.570237e+00 1.028281e+01 6.444490e-01
2.691535e-03 8.540457e+00 5.575957e+00 1.019954e+01 6.528874e-01
2.754229e-03 8.437036e+00 5.580375e+00 1.011554e+01 6.614142e-01
2.818383e-03 8.333197e+00 5.583467e+00 1.003082e+01 6.700270e-01
2.884032e-03 8.228996e+00 5.585212e+00 9.945399e+00 6.787234e-01
2.951209e-03 8.124484e+00 5.585590e+00 9.859313e+00 6.875009e-01
3.019952e-03 8.019717e+00 5.584584e+00 9.772586e+00 6.963568e-01
3.090295e-03 7.914751e+00 5.582180e+00 9.685248e+00 7.052882e-01
3.162278e-03 7.809641e+00 5.578366e+00 9.597326e+00 7.142922e-01
3.235937e-03 7.704445e+00 5.573130e+00 9.508852e+00 7.233656e-01
3.311311e-03 7.599220e+00 5.566468e+00 9.419857e+00 7.325052e-01
3.388442e-03 7.494022e+00 5.558372e+00 9.330373e+00 7.417075e-01
3.467369e-03 7.388909e+00 5.548842e+00 9.240435e+00 7.509691e-01
3.548134e-03 7.283939e+00 5.537878e+00 9.150075e+00 7.602862e-01
3.630781e-03 7.179169e+00 5.525483e+00 9.059329e+00 7.696550e-01
3.715352e-03 7.074656e+00 5.511662e+00 8.968232e+00 7.790714e-01
3.801894e-03 6.970456e+00 5.496424e+00 8.876820e+00 7.885314e-01
3.890451e-03 6.866626e+00 5.479779e+00 8.785131e+00 7.980308e-01
3.981072e-03 6.763220e+00 5.461741e+00 8.693202e+00 8.075651e-01
4.073803e-03 6.660293e+00 5.442324e+00 8.601069e+00 8.171299e-01
4.168694e-03 6.557897e+00 5.421548e+00 8.508772e+00 8.267206e-01
4.265795e-03 6.456085e+00 5.399433e+00 8.416348e+00 8.363325e-01
4.365158e-03 6.354907e+00 5.376002e+00 8.323836e+00 8.459607e-01
4.466836e-03 6.254413e+00 5.351279e+00 8.231274e+00 8.556005e-01
4.570882e-03 6.154650e+00 5.325291e+00 8.138700e+00 8.652468e-01
4.677351e-03 6.055664e+00 5.298068e+00 8.046154e+00 8.748946e-01
4.786301e-03 5.957498e+00 5.269639e+00 7.953671e+00 8.845389e-01
4.897788e-03 5.860196e+00 5.240038e+00 7.861291e+00 8.941746e-01
5.011872e-03 5.763797e+00 5.209299e+00 7.769051e+00 9.037964e-01
5.128614e-03 5.668339e+00 5.177456e+00 7.676987e+00 9.133992e-01
5.248075e-03 5.573859e+00 5.144548e+00 7.585135e+00 9.229778e-01
5.370318e-03 5.480389e+00 5.110610e+00 7.493531e+00 9.325269e-01
5.495409e-03 5.387962e+00 5.075684e+00 7.402209e+00 9.420415e-01
5.623413e-03 5.296607e+00 5.039807e+00 7.311204e+00 9.515162e-01
5.754399e-03 5.206350e+00 5.003022e+00 7.220548e+00 9.609460e-01
5.888437e-03 5.117218e+00 4.965368e+00 7.130273e+00 9.703256e-01
6.025596e-03 5.029232e+00 4.926887e+00 7.040411e+00 9.796501e-01
6.165950e-03 4.942412e+00 4.887621e+00 6.950991e+00 9.889142e-01
6.309573e-03 4.856777e+00 4.847613e+00 6.862043e+00 9.981130e-01
6.456542e-03 4.772343e+00 4.806902e+00 6.773593e+00 1.007242e+00
6.606934e-03 4.689123e+00 4.765532e+00 6.685669e+00 1.016295e+00
6.760830e-03 4.607129e+00 4.723545e+00 6.598296e+00 1.025269e+00
6.918310e-03 4.526371e+00 4.680980e+00 6.511498e+00 1.034157e+00
7.079458e-03 4.446857e+00 4.637878e+00 6.425298e+00 1.042956e+00
7.244360e-03 4.368592e+00 4.594281e+00 6.339718e+00 1.051662e+00
7.413102e-03 4.291582e+00 4.550227e+00 6.254777e+00 1.060268e+00
7.585776e-03 4.215827e+00 4.505756e+00 6.170497e+00 1.068772e+00
7.762471e-03 4.141329e+00 4.460905e+00 6.086894e+00 1.077167e+00
7.943282e-03 4.068088e+00 4.415711e+00 6.003986e+00 1.085451e+00
8.128305e-03 3.996101e+00 4.370211e+00 5.921788e+00 1.093619e+00
8.317638e-03 3.925365e+00 4.324440e+00 5.840315e+00 1.101666e+00
8.511380e-03 3.855875e+00 4.278433e+00 5.759580e+00 1.109588e+00
8.709636e-03 3.787625e+00 4.232222e+00 5.679596e+00 1.117381e+00
8.912509e-03 3.720609e+00 4.185841e+00 5.600375e+00 1.125042e+00
9.120108e-03 3.654817e+00 4.139321e+00 5.521926e+00 1.132566e+00
9.332543e-03 3.590242e+00 4.092691e+00 5.444259e+00 1.139948e+00
9.549926e-03 3.526874e+00 4.045981e+00 5.367383e+00 1.147186e+00
9.772372e-03 3.464701e+00 3.999218e+00 5.291304e+00 1.154275e+00
1.000000e-02 3.403714e+00 3.952431e+00 5.216031e+00 1.161211e+00
1.023293e-02 3.343900e+00 3.905645e+00 5.141569e+00 1.167991e+00
1.047129e-02 3.285246e+00 3.858885e+00 5.067922e+00 1.174610e+00
1.071519e-02 3.227741e+00 3.812174e+00 4.995096e+00 1.181066e+00
1.096478e-02 3.171371e+00 3.765537e+00 4.923095e+00 1.187353e+00
1.122018e-02 3.116122e+00 3.718994e+00 4.851921e+00 1.193469e+00
1.148154e-02 3.061981e+00 3.672567e+00 4.781577e+00 1.199409e+00
1.174898e-02 3.008933e+00 3.626276e+00 4.712065e+00 1.205170e+00
1.202264e-02 2.956964e+00 3.580140e+00 4.643386e+00 1.210749e+00
1.230269e-02 2.906059e+00 3.534178e+00 4.575543e+00 1.216141e+00
1.258925e-02 2.856205e+00 3.488406e+00 4.508534e+00 1.221343e+00
1.288250e-02 2.807385e+00 3.442843e+00 4.442361e+00 1.226352e+00
1.318257e-02 2.759584e+00 3.397503e+00 4.377024e+00 1.231165e+00
1.348963e-02 2.712789e+00 3.352403e+00 4.312520e+00 1.235777e+00
1.380384e-02 2.666984e+00 3.307556e+00 4.248851e+00 1.240186e+00
1.412538e-02 2.622153e+00 3.262977e+00 4.186013e+00 1.244389e+00
1.445440e-02 2.578282e+00 3.218679e+00 4.124007e+00 1.248381e+00
1.479108e-02 2.535355e+00 3.174674e+00 4.062829e+00 1.252161e+00
1.513561e-02 2.493358e+00 3.130975e+00 4.002479e+00 1.255726e+00
1.548817e-02 2.452275e+00 3.087592e+00 3.942953e+00 1.259073e+00
1.584893e-02 2.412091e+00 3.044537e+00 3.884249e+00 1.262198e+00
1.621810e-02 2.372791e+00 3.001820e+00 3.826364e+00 1.265101e+00
1.659587e-02 2.334360e+00 2.959452e+00 3.769296e+00 1.267779e+00
1.698244e-02 2.296783e+00 2.917440e+00 3.713040e+00 1.270229e+00
1.737801e-02 2.260045e+00 2.875795e+00 3.657594e+00 1.272450e+00
1.778279e-02 2.224131e+00 2.834524e+00 3.602955e+00 1.274441e+00
1.819701e-02 2.189027e+00 2.793635e+00 3.549118e+00 1.276200e+00
1.862087e-02 2.154716e+00 2.753137e+00 3.496079e+00 1.277726e+00
1.905461e-02 2.121186e+00 2.713035e+00 3.443834e+00 1.279018e+00
1.949845e-02 2.088420e+00 2.673338e+00 3.392379e+00 1.280076e+00
1.995262e-02 2.056405e+00 2.634050e+00 3.341709e+00 1.280900e+00
2.041738e-02 2.025125e+00 2.595178e+00 3.291820e+00 1.281490e+00
2.089296e-02 1.994566e+00 2.556727e+00 3.242707e+00 1.281846e+00
2.137962e-02 1.964714e+00 2.518702e+00 3.194364e+00 1.281968e+00
2.187762e-02 1.935554e+00 2.481108e+00 3.146787e+00 1.281859e+00
2.238721e-02 1.907072e+00 2.443949e+00 3.099970e+00 1.281519e+00
2.290868e-02 1.879254e+00 2.407229e+00 3.053907e+00 1.280949e+00
2.344229e-02 1.852085e+00 2.370952e+00 3.008593e+00 1.280153e+00
2.398833e-02 1.825552e+00 2.335120e+00 2.964022e+00 1.279131e+00
2.454709e-02 1.799640e+00 2.299737e+00 2.920187e+00 1.277888e+00
2.511886e-02 1.774335e+00 2.264806e+00 2.877084e+00 1.276425e+00
2.570396e-02 1.749625e+00 2.230327e+00 2.834704e+00 1.274746e+00
2.630268e-02 1.725495e+00 2.196304e+00 2.793042e+00 1.272855e+00
2.691535e-02 1.701931e+00 2.162737e+00 2.752090e+00 1.270755e+00
2.754229e-02 1.678921e+00 2.129628e+00 2.711843e+00 1.268450e+00
2.818383e-02 1.656452e+00 2.096978e+00 2.672293e+00 1.265946e+00
2.884032e-02 1.634509e+00 2.064788e+00 2.633433e+00 1.263246e+00
2.951209e-02 1.613081e+00 2.033057e+00 2.595255e+00 1.260357e+00
3.019952e-02 1.592154e+00 2.001786e+00 2.557753e+00 1.257282e+00
3.090295e-02 1.571716e+00 1.970975e+00 2.520919e+00 1.254027e+00
3.162278e-02 1.551754e+00 1.940623e+00 2.484745e+00 1.250599e+00
3.235937e-02 1.532257e+00 1.910729e+00 2.449224e+00 1.247003e+00
3.311311e-02 1.513211e+00 1.881293e+00 2.414347e+00 1.243246e+00
3.388442e-02 1.494605e+00 1.852314e+00 2.380108e+00 1.239333e+00
3.467369e-02 1.476428e+00 1.823790e+00 2.346497e+00 1.235272e+00
3.548134e-02 1.458667e+00 1.795720e+00 2.313508e+00 1.231069e+00
3.630781e-02 1.441311e+00 1.768101e+00 2.281131e+00 1.226731e+00
3.715352e-02 1.424348e+00 1.740932e+00 2.249358e+00 1.222266e+00
3.801894e-02 1.407769e+00 1.714211e+00 2.218182e+00 1.217680e+00
3.890451e-02 1.391560e+00 1.687936e+00 2.187594e+00 1.212980e+00
3.981072e-02 1.375713e+00 1.662103e+00 2.157585e+00 1.208176e+00
4.073803e-02 1.360216e+00 1.636711e+00 2.128147e+00 1.203273e+00
4.168694e-02 1.345058e+00 1.611756e+00 2.099271e+00 1.198280e+00
4.265795e-02 1.330230e+00 1.587236e+00 2.070949e+00 1.193204e+00
4.365158e-02 1.315721e+00 1.563147e+00 2.043171e+00 1.188053e+00
4.466836e-02 1.301521e+00 1.539486e+00 2.015930e+00 1.182836e+00
4.570882e-02 1.287621e+00 1.516250e+00 1.989217e+00 1.177560e+00
4.677351e-02 1.274010e+00 1.493436e+00 1.963022e+00 1.172232e+00
4.786301e-02 1.260680e+00 1.471040e+00 1.937336e+00 1.166862e+00
4.897788e-02 1.247620e+00 1.449057e+00 1.912151e+00 1.161457e+00
5.011872e-02 1.234822e+00 1.427485e+00 1.887458e+00 1.156024e+00
5.128614e-02 1.222277e+00 1.406318e+00 1.863248e+00 1.150572e+00
5.248075e-02 1.209976e+00 1.385554e+00 1.839511e+00 1.145109e+00
5.370318e-02 1.197909e+00 1.365188e+00 1.816239e+00 1.139643e+00
5.495409e-02 1.186069e+00 1.345215e+00 1.793422e+00 1.134180e+00
5.623413e-02 1.174446e+00 1.325632e+00 1.771052e+00 1.128729e+00
5.754399e-02 1.163034e+00 1.306433e+00 1.749118e+00 1.123297e+00
5.888437e-02 1.151823e+00 1.287614e+00 1.727613e+00 1.117892e+00
6.025596e-02 1.140805e+00 1.269170e+00 1.706526e+00 1.112521e+00
6.165950e-02 1.129974e+00 1.251097e+00 1.685848e+00 1.107192e+00
6.309573e-02 1.119320e+00 1.233390e+00 1.665571e+00 1.101910e+00
6.456542e-02 1.108837e+00 1.216043e+00 1.645685e+00 1.096684e+00
6.606934e-02 1.098517e+00 1.199052e+00 1.626181e+00 1.091519e+00
6.760830e-02 1.088353e+00 1.182411e+00 1.607049e+00 1.086423e+00
6.918310e-02 1.078337e+00 1.166115e+00 1.588281e+00 1.081401e+00
7.079458e-02 1.068464e+00 1.150159e+00 1.569867e+00 1.076460e+00
7.244360e-02 1.058727e+00 1.134538e+00 1.551798e+00 1.071606e+00
7.413102e-02 1.049118e+00 1.119245e+00 1.534066e+00 1.066844e+00
7.585776e-02 1.039631e+00 1.104276e+00 1.516660e+00 1.062181e+00
7.762471e-02 1.030260e+00 1.089624e+00 1.499572e+00 1.057620e+00
7.943282e-02 1.021000e+00 1.075285e+00 1.482794e+00 1.053168e+00
8.128305e-02 1.011843e+00 1.061251e+00 1.466315e+00 1.048829e+00
8.317638e-02 1.002785e+00 1.047518e+00 1.450129e+00 1.044608e+00
8.511380e-02 9.938205e-01 1.034079e+00 1.434224e+00 1.040509e+00
8.709636e-02 9.849430e-01 1.020929e+00 1.418594e+00 1.036536e+00
8.912509e-02 9.761478e-01 1.008062e+00 1.403229e+00 1.032694e+00
9.120108e-02 9.674300e-01 9.954703e-01 1.388122e+00 1.028984e+00
9.332543e-02 9.587847e-01 9.831493e-01 1.373263e+00 1.025412e+00
9.549926e-02 9.502074e-01 9.710926e-01 1.358644e+00 1.021980e+00
9.772372e-02 9.416935e-01 9.592938e-01 1.344259e+00 1.018690e+00
1.000000e-01 9.332388e-01 9.477467e-01 1.330097e+00 1.015546e+00
1.023293e-01 9.248393e-01 9.364452e-01 1.316152e+00 1.012549e+00
1.047129e-01 9.164911e-01 9.253830e-01 1.302417e+00 1.009702e+00
1.071519e-01 9.081906e-01 9.145537e-01 1.288883e+00 1.007006e+00
1.096478e-01 8.999344e-01 9.039511e-01 1.275543e+00 1.004463e+00
1.122018e-01 8.917191e-01 8.935690e-01 1.262390e+00 1.002074e+00
1.148154e-01 8.835418e-01 8.834009e-01 1.249417e+00 9.998406e-01
1.174898e-01 8.753995e-01 8.734408e-01 1.236618e+00 9.977624e-01
1.202264e-01 8.672898e-01 8.636822e-01 1.223985e+00 9.958404e-01
1.230269e-01 8.592100e-01 8.541190e-01 1.211512e+00 9.940747e-01
1.258925e-01 8.511581e-01 8.447449e-01 1.199193e+00 9.924654e-01
1.288250e-01 8.431320e-01 8.355540e-01 1.187022e+00 9.910120e-01
1.318257e-01 8.351298e-01 8.265399e-01 1.174994e+00 9.897142e-01
1.348963e-01 8.271501e-01 8.176967e-01 1.163102e+00 9.885711e-01
1.380384e-01 8.191913e-01 8.090184e-01 1.151341e+00 9.875818e-01
1.412538e-01 8.112523e-01 8.004991e-01 1.139706e+00 9.867449e-01
1.445440e-01 8.033320e-01 7.921329e-01 1.128192e+00 9.860592e-01
1.479108e-01 7.954296e-01 7.839142e-01 1.116794e+00 9.855230e-01
1.513561e-01 7.875445e-01 7.758372e-01 1.105509e+00 9.851344e-01
1.548817e-01 7.796763e-01 7.678965e-01 1.094331e+00 9.848914e-01
1.584893e-01 7.718246e-01 7.600866e-01 1.083257e+00 9.847918e-01
1.621810e-01 7.639894e-01 7.524022e-01 1.072282e+00 9.848332e-01
1.659587e-01 7.561708e-01 7.448381e-01 1.061404e+00 9.850130e-01
1.698244e-01 7.483690e-01 7.373893e-01 1.050618e+00 9.853285e-01
1.737801e-01 7.405843e-01 7.300509e-01 1.039923e+00 9.857769e-01
1.778279e-01 7.328174e-01 7.228181e-01 1.029314e+00 9.863551e-01
1.819701e-01 7.250688e-01 7.156864e-01 1.018789e+00 9.870599e-01
1.862087e-01 7.173395e-01 7.086512e-01 1.008346e+00 9.878882e-01
1.905461e-01 7.096302e-01 7.017083e-01 9.979828e-01 9.888365e-01
1.949845e-01 7.019422e-01 6.948536e-01 9.876965e-01 9.899015e-01
1.995262e-01 6.942765e-01 6.880831e-01 9.774856e-01 9.910794e-01
2.041738e-01 6.866343e-01 6.813930e-01 9.673485e-01 9.923667e-01
2.089296e-01 6.790171e-01 6.747798e-01 9.572836e-01 9.937597e-01
2.137962e-01 6.714261e-01 6.682399e-01 9.472896e-01 9.952546e-01
2.187762e-01 6.638630e-01 6.617702e-01 9.373654e-01 9.968476e-01
2.238721e-01 6.563291e-01 6.553676e-01 9.275099e-01 9.985350e-01
2.290868e-01 6.488262e-01 6.490291e-01 9.177223e-01 1.000313e+00
2.344229e-01 6.413558e-01 6.427521e-01 9.080020e-01 1.002177e+00
2.398833e-01 6.339196e-01 6.365340e-01 8.983483e-01 1.004124e+00
2.454709e-01 6.265193e-01 6.303723e-01 8.887608e-01 1.006150e+00
2.511886e-01 6.191566e-01 6.242651e-01 8.792393e-01 1.008251e+00
2.570396e-01 6.118330e-01 6.182101e-01 8.697835e-01 1.010423e+00
2.630268e-01 6.045505e-01 6.122055e-01 8.603934e-01 1.012662e+00
2.691535e-01 5.973106e-01 6.062496e-01 8.510690e-01 1.014965e+00
2.754229e-01 5.901149e-01 6.003409e-01 8.418104e-01 1.017329e+00
2.818383e-01 5.829652e-01 5.944779e-01 8.326178e-01 1.019749e+00
2.884032e-01 5.758630e-01 5.886594e-01 8.234914e-01 1.022221e+00
2.951209e-01 5.688099e-01 5.828844e-01 8.144317e-01 1.024744e+00
3.019952e-01 5.618075e-01 5.771518e-01 8.054389e-01 1.027312e+00
3.090295e-01 5.548571e-01 5.714608e-01 7.965135e-01 1.029924e+00
3.162278e-01 5.479602e-01 5.658107e-01 7.876561e-01 1.032576e+00
3.235937e-01 5.411181e-01 5.602010e-01 7.788671e-01 1.035266e+00
3.311311e-01 5.343322e-01 5.546310e-01 7.701471e-01 1.037989e+00
3.388442e-01 5.276037e-01 5.491006e-01 7.614966e-01 1.040744e+00
3.467369e-01 5.209336e-01 5.436094e-01 7.529163e-01 1.043529e+00
3.548134e-01 5.143231e-01 5.381572e-01 7.444067e-01 1.046341e+00
3.630781e-01 5.077731e-01 5.327440e-01 7.359686e-01 1.049177e+00
3.715352e-01 5.012846e-01 5.273699e-01 7.276024e-01 1.052037e+00
3.801894e-01 4.948583e-01 5.220348e-01 7.193087e-01 1.054918e+00
3.890451e-01 4.884950e-01 5.167389e-01 7.110883e-01 1.057818e+00
3.981072e-01 4.821954e-01 5.114825e-01 7.029415e-01 1.060737e+00
4.073803e-01 4.759600e-01 5.062659e-01 6.948691e-01 1.063673e+00
4.168694e-01 4.697892e-01 5.010893e-01 6.868714e-01 1.066626e+00
4.265795e-01 4.636835e-01 4.959531e-01 6.789490e-01 1.069594e+00
4.365158e-01 4.576430e-01 4.908577e-01 6.711024e-01 1.072578e+00
4.466836e-01 4.516681e-01 4.858036e-01 6.633320e-01 1.075576e+00
4.570882e-01 4.457589e-01 4.807913e-01 6.556380e-01 1.078590e+00
4.677351e-01 4.399153e-01 4.758211e-01 6.480210e-01 1.081620e+00
4.786301e-01 4.341372e-01 4.708936e-01 6.404810e-01 1.084665e+00
4.897788e-01 4.284246e-01 4.660094e-01 6.330185e-01 1.087728e+00
5.011872e-01 4.227772e-01 4.611688e-01 6.256334e-01 1.090808e+00
5.128614e-01 4.171946e-01 4.563724e-01 6.183261e-01 1.093908e+00
5.248075e-01 4.116766e-01 4.516206e-01 6.110964e-01 1.097028e+00
5.370318e-01 4.062226e-01 4.469140e-01 6.039445e-01 1.100170e+00
5.495409e-01 4.008321e-01 4.422530e-01 5.968702e-01 1.103337e+00
5.623413e-01 3.955044e-01 4.376380e-01 5.898735e-01 1.106531e+00
5.754399e-01 3.902390e-01 4.330694e-01 5.829542e-01 1.109754e+00
5.888437e-01 3.850352e-01 4.285476e-01 5.761120e-01 1.113009e+00
6.025596e-01 3.798920e-01 4.240728e-01 5.693467e-01 1.116298e+00
6.165950e-01 3.748087e-01 4.196455e-01 5.626579e-01 1.119626e+00
6.309573e-01 3.697844e-01 4.152659e-01 5.560452e-01 1.122995e+00
6.456542e-01 3.648182e-01 4.109341e-01 5.495081e-01 1.126408e+00
6.606934e-01 3.599091e-01 4.066504e-01 5.430461e-01 1.129870e+00
6.760830e-01 3.550562e-01 4.024148e-01 5.366587e-01 1.133384e+00
6.918310e-01 3.502583e-01 3.982275e-01 5.303452e-01 1.136954e+00
7.079458e-01 3.455145e-01 3.940885e-01 5.241049e-01 1.140585e+00
7.244360e-01 3.408236e-01 3.899977e-01 5.179372e-01 1.144280e+00
7.413102e-01 3.361846e-01 3.859551e-01 5.118412e-01 1.148045e+00
7.585776e-01 3.315964e-01 3.819606e-01 5.058162e-01 1.151884e+00
7.762471e-01 3.270578e-01 3.780140e-01 4.998614e-01 1.155802e+00
7.943282e-01 3.225678e-01 3.741150e-01 4.939757e-01 1.159803e+00
8.128305e-01 3.181251e-01 3.702635e-01 4.881585e-01 1.163893e+00
8.317638e-01 3.137288e-01 3.664591e-01 4.824086e-01 1.168076e+00
8.511380e-01 3.093776e-01 3.627015e-01 4.767251e-01 1.172358e+00
8.709636e-01 3.050705e-01 3.589902e-01 4.711071e-01 1.176745e+00
8.912509e-01 3.008063e-01 3.553248e-01 4.655536e-01 1.181241e+00
9.120108e-01 2.965840e-01 3.517048e-01 4.600634e-01 1.185852e+00
9.332543e-01 2.924025e-01 3.481297e-01 4.546356e-01 1.190584e+00
9.549926e-01 2.882608e-01 3.445990e-01 4.492691e-01 1.195442e+00
9.772372e-01 2.841577e-01 3.411119e-01 4.439628e-01 1.200432e+00
1.000000e+00 2.800924e-01 3.376680e-01 4.387156e-01 1.205560e+00
1.023293e+00 2.760637e-01 3.342665e-01 4.335265e-01 1.210831e+00
1.047129e+00 2.720708e-01 3.309066e-01 4.283944e-01 1.216252e+00
1.071519e+00 2.681128e-01 3.275878e-01 4.233181e-01 1.221828e+00
1.096478e+00 2.641886e-01 3.243091e-01 4.182966e-01 1.227567e+00
1.122018e+00 2.602975e-01 3.210699e-01 4.133287e-01 1.233473e+00
1.148154e+00 2.564385e-01 3.178693e-01 4.084135e-01 1.239554e+00
1.174898e+00 2.526110e-01 3.147064e-01 4.035498e-01 1.245815e+00
1.202264e+00 2.488140e-01 3.115805e-01 3.987365e-01 1.252263e+00
1.230269e+00 2.450469e-01 3.084906e-01 3.939726e-01 1.258904e+00
1.258925e+00 2.413089e-01 3.054358e-01 3.892570e-01 1.265746e+00
1.288250e+00 2.375994e-01 3.024152e-01 3.845887e-01 1.272795e+00
1.318257e+00 2.339177e-01 2.994280e-01 3.799666e-01 1.280057e+00
1.348963e+00 2.302632e-01 2.964731e-01 3.753897e-01 1.287540e+00
1.380384e+00 2.266354e-01 2.935496e-01 3.708571e-01 1.295250e+00
1.412538e+00 2.230337e-01 2.906566e-01 3.663677e-01 1.303196e+00
1.445440e+00 2.194577e-01 2.877931e-01 3.619206e-01 1.311383e+00
1.479108e+00 2.159068e-01 2.849580e-01 3.575148e-01 1.319820e+00
1.513561e+00 2.123807e-01 2.821506e-01 3.531494e-01 1.328513e+00
1.548817e+00 2.088790e-01 2.793697e-01 3.488236e-01 1.337471e+00
1.584893e+00 2.054014e-01 2.766144e-01 3.445363e-01 1.346702e+00
1.621810e+00 2.019475e-01 2.738837e-01 3.402868e-01 1.356213e+00
1.659587e+00 1.985171e-01 2.711767e-01 3.360742e-01 1.366012e+00
1.698244e+00 1.951100e-01 2.684924e-01 3.318977e-01 1.376108e+00
1.737801e+00 1.917260e-01 2.658298e-01 3.277565e-01 1.386509e+00
1.778279e+00 1.883649e-01 2.631880e-01 3.236499e-01 1.397224e+00
1.819701e+00 1.850266e-01 2.605660e-01 3.195770e-01 1.408262e+00
1.862087e+00 1.817112e-01 2.579629e-01 3.155373e-01 1.419631e+00
1.905461e+00 1.784184e-01 2.553777e-01 3.115300e-01 1.431342e+00
1.949845e+00 1.751484e-01 2.528097e-01 3.075544e-01 1.443403e+00
1.995262e+00 1.719012e-01 2.502578e-01 3.036099e-01 1.455824e+00
2.041738e+00 1.686768e-01 2.477213e-01 2.996960e-01 1.468615e+00
2.089296e+00 1.654753e-01 2.451992e-01 2.958119e-01 1.481787e+00
2.137962e+00 1.622970e-01 2.426907e-01 2.919573e-01 1.495350e+00
2.187762e+00 1.591418e-01 2.401950e-01 2.881315e-01 1.509314e+00
2.238721e+00 1.560102e-01 2.377114e-01 2.843341e-01 1.523691e+00
2.290868e+00 1.529022e-01 2.352390e-01 2.805646e-01 1.538493e+00
2.344229e+00 1.498182e-01 2.327771e-01 2.768225e-01 1.553731e+00
2.398833e+00 1.467585e-01 2.303251e-01 2.731075e-01 1.569416e+00
2.454709e+00 1.437233e-01 2.278822e-01 2.694191e-01 1.585562e+00
2.511886e+00 1.407130e-01 2.254477e-01 2.657571e-01 1.602181e+00
2.570396e+00 1.377281e-01 2.230211e-01 2.621210e-01 1.619285e+00
2.630268e+00 1.347688e-01 2.206017e-01 2.585106e-01 1.636890e+00
2.691535e+00 1.318357e-01 2.181890e-01 2.549257e-01 1.655007e+00
2.754229e+00 1.289291e-01 2.157825e-01 2.513659e-01 1.673652e+00
2.818383e+00 1.260496e-01 2.133817e-01 2.478310e-01 1.692839e+00
2.884032e+00 1.231975e-01 2.109860e-01 2.443210e-01 1.712584e+00
2.951209e+00 1.203735e-01 2.085952e-01 2.408355e-01 1.732900e+00
3.019952e+00 1.175780e-01 2.062089e-01 2.373746e-01 1.753805e+00
3.090295e+00 1.148116e-01 2.038266e-01 2.339380e-01 1.775314e+00
3.162278e+00 1.120748e-01 2.014481e-01 2.305257e-01 1.797444e+00
3.235937e+00 1.093681e-01 1.990731e-01 2.271376e-01 1.820212e+00
3.311311e+00 1.066922e-01 1.967015e-01 2.237738e-01 1.843636e+00
3.388442e+00 1.040475e-01 1.943330e-01 2.204342e-01 1.867733e+00
3.467369e+00 1.014347e-01 1.919676e-01 2.171188e-01 1.892523e+00
3.548134e+00 9.885440e-02 1.896051e-01 2.138277e-01 1.918024e+00
3.630781e+00 9.630706e-02 1.872455e-01 2.105610e-01 1.944255e+00
3.715352e+00 9.379330e-02 1.848888e-01 2.073187e-01 1.971237e+00
3.801894e+00 9.131368e-02 1.825351e-01 2.041011e-01 1.998989e+00
3.890451e+00 8.886877e-02 1.801844e-01 2.009081e-01 2.027533e+00
3.981072e+00 8.645910e-02 1.778368e-01 1.977400e-01 2.056890e+00
4.073803e+00 8.408523e-02 1.754927e-01 1.945970e-01 2.087081e+00
4.168694e+00 8.174765e-02 1.731521e-01 1.914793e-01 2.118129e+00
4.265795e+00 7.944688e-02 1.708153e-01 1.883870e-01 2.150057e+00
4.365158e+00 7.718339e-02 1.684826e-01 1.853205e-01 2.182887e+00
4.466836e+00 7.495765e-02 1.661545e-01 1.822799e-01 2.216644e+00
4.570882e+00 7.277009e-02 1.638312e-01 1.792655e-01 2.251353e+00
4.677351e+00 7.062112e-02 1.615131e-01 1.762777e-01 2.287037e+00
4.786301e+00 6.851110e-02 1.592008e-01 1.733166e-01 2.323722e+00
4.897788e+00 6.644039e-02 1.568947e-01 1.703827e-01 2.361435e+00
5.011872e+00 6.440931e-02 1.545952e-01 1.674761e-01 2.400200e+00
5.128614e+00 6.241811e-02 1.523031e-01 1.645972e-01 2.440046e+00
5.248075e+00 6.046705e-02 1.500187e-01 1.617464e-01 2.481000e+00
5.370318e+00 5.855633e-02 1.477428e-01 1.589238e-01 2.523089e+00
5.495409e+00 5.668610e-02 1.454759e-01 1.561299e-01 2.566342e+00
5.623413e+00 5.485649e-02 1.432186e-01 1.533650e-01 2.610788e+00
5.754399e+00 5.306757e-02 1.409717e-01 1.506293e-01 2.656457e+00
5.888437e+00 5.131938e-02 1.387357e-01 1.479232e-01 2.703378e+00
6.025596e+00 4.961192e-02 1.365113e-01 1.452470e-01 2.751583e+00
6.165950e+00 4.794513e-02 1.342993e-01 1.426010e-01 2.801104e+00
6.309573e+00 4.631893e-02 1.321002e-01 1.399854e-01 2.851970e+00
6.456542e+00 4.473316e-02 1.299148e-01 1.374005e-01 2.904216e+00
6.606934e+00 4.318767e-02 1.277437e-01 1.348467e-01 2.957875e+00
6.760830e+00 4.168222e-02 1.255877e-01 1.323241e-01 3.012979e+00
6.918310e+00 4.021655e-02 1.234473e-01 1.298330e-01 3.069564e+00
7.079458e+00 3.879036e-02 1.213233e-01 1.273736e-01 3.127665e+00
7.244360e+00 3.740332e-02 1.192162e-01 1.249461e-01 3.187317e+00
7.413102e+00 3.605504e-02 1.171268e-01 1.225506e-01 3.248556e+00
7.585776e+00 3.474510e-02 1.150556e-01 1.201875e-01 3.311420e+00
7.762471e+00 3.347307e-02 1.130033e-01 1.178567e-01 3.375947e+00
7.943282e+00 3.223845e-02 1.109704e-01 1.155584e-01 3.442175e+00
8.128305e+00 3.104074e-02 1.089574e-01 1.132927e-01 3.510143e+00
8.317638e+00 2.987939e-02 1.069650e-01 1.110598e-01 3.579891e+00
8.511380e+00 2.875383e-02 1.049935e-01 1.088596e-01 3.651461e+00
8.709636e+00 2.766347e-02 1.030435e-01 1.066922e-01 3.724894e+00
8.912509e+00 2.660770e-02 1.011155e-01 1.045577e-01 3.800233e+00
9.120108e+00 2.558588e-02 9.920978e-02 1.024559e-01 3.877521e+00
9.332543e+00 2.459735e-02 9.732685e-02 1.003870e-01 3.956802e+00
9.549926e+00 2.364144e-02 9.546703e-02 9.835076e-02 4.038122e+00
9.772372e+00 2.271747e-02 9.363067e-02 9.634721e-02 4.121526e+00
1.000000e+01 2.182474e-02 9.181807e-02 9.437625e-02 4.207063e+00
