1.000000e-06 2.496968e+01 1.387543e-01 2.497006e+01 5.556912e-03
1.023293e-06 2.496957e+01 1.419844e-01 2.496997e+01 5.686296e-03
1.047129e-06 2.496946e+01 1.452895e-01 2.496988e+01 5.818690e-03
1.071519e-06 2.496934e+01 1.486715e-01 2.496978e+01 5.954163e-03
1.096478e-06 2.496921e+01 1.521321e-01 2.496967e+01 6.092788e-03
1.122018e-06 2.496908e+01 1.556731e-01 2.496957e+01 6.234637e-03
1.148154e-06 2.496894e+01 1.592965e-01 2.496945e+01 6.379785e-03
1.174898e-06 2.496880e+01 1.630040e-01 2.496933e+01 6.528308e-03
1.202264e-06 2.496865e+01 1.667977e-01 2.496921e+01 6.680285e-03
1.230269e-06 2.496849e+01 1.706795e-01 2.496908e+01 6.835797e-03
1.258925e-06 2.496833e+01 1.746515e-01 2.496894e+01 6.994923e-03
1.288250e-06 2.496815e+01 1.787158e-01 2.496879e+01 7.157750e-03
1.318257e-06 2.496797e+01 1.828745e-01 2.496864e+01 7.324361e-03
1.348963e-06 2.496779e+01 1.871297e-01 2.496849e+01 7.494845e-03
1.380384e-06 2.496759e+01 1.914837e-01 2.496832e+01 7.669292e-03
1.412538e-06 2.496738e+01 1.959388e-01 2.496815e+01 7.847792e-03
1.445440e-06 2.496716e+01 2.004973e-01 2.496797e+01 8.030440e-03
1.479108e-06 2.496694e+01 2.051616e-01 2.496778e+01 8.217332e-03
1.513561e-06 2.496670e+01 2.099341e-01 2.496758e+01 8.408566e-03
1.548817e-06 2.496645e+01 2.148174e-01 2.496737e+01 8.604242e-03
1.584893e-06 2.496619e+01 2.198139e-01 2.496716e+01 8.804462e-03
1.621810e-06 2.496591e+01 2.249262e-01 2.496693e+01 9.009332e-03
1.659587e-06 2.496563e+01 2.301571e-01 2.496669e+01 9.218959e-03
1.698244e-06 2.496533e+01 2.355093e-01 2.496644e+01 9.433453e-03
1.737801e-06 2.496502e+01 2.409854e-01 2.496618e+01 9.652925e-03
1.778279e-06 2.496469e+01 2.465885e-01 2.496591e+01 9.877491e-03
1.819701e-06 2.496434e+01 2.523213e-01 2.496562e+01 1.010727e-02
1.862087e-06 2.496398e+01 2.581869e-01 2.496532e+01 1.034237e-02
1.905461e-06 2.496361e+01 2.641882e-01 2.496500e+01 1.058294e-02
1.949845e-06 2.496321e+01 2.703285e-01 2.496468e+01 1.082908e-02
1.995262e-06 2.496280e+01 2.766108e-01 2.496433e+01 1.108092e-02
2.041738e-06 2.496237e+01 2.830385e-01 2.496397e+01 1.133861e-02
2.089296e-06 2.496191e+01 2.896147e-01 2.496359e+01 1.160226e-02
2.137962e-06 2.496144e+01 2.963429e-01 2.496320e+01 1.187203e-02
2.187762e-06 2.496094e+01 3.032266e-01 2.496279e+01 1.214804e-02
2.238721e-06 2.496042e+01 3.102693e-01 2.496235e+01 1.243045e-02
2.290868e-06 2.495988e+01 3.174746e-01 2.496190e+01 1.271939e-02
2.344229e-06 2.495931e+01 3.248461e-01 2.496142e+01 1.301503e-02
2.398833e-06 2.495871e+01 3.323877e-01 2.496093e+01 1.331750e-02
2.454709e-06 2.495809e+01 3.401031e-01 2.496041e+01 1.362697e-02
2.511886e-06 2.495744e+01 3.479964e-01 2.495986e+01 1.394360e-02
2.570396e-06 2.495675e+01 3.560715e-01 2.495929e+01 1.426754e-02
2.630268e-06 2.495603e+01 3.643324e-01 2.495869e+01 1.459897e-02
2.691535e-06 2.495528e+01 3.727834e-01 2.495807e+01 1.493806e-02
2.754229e-06 2.495450e+01 3.814288e-01 2.495741e+01 1.528497e-02
2.818383e-06 2.495368e+01 3.902728e-01 2.495673e+01 1.563989e-02
2.884032e-06 2.495282e+01 3.993199e-01 2.495601e+01 1.600300e-02
2.951209e-06 2.495191e+01 4.085747e-01 2.495526e+01 1.637448e-02
3.019952e-06 2.495097e+01 4.180417e-01 2.495447e+01 1.675453e-02
3.090295e-06 2.494998e+01 4.277257e-01 2.495365e+01 1.714333e-02
3.162278e-06 2.494895e+01 4.376315e-01 2.495279e+01 1.754108e-02
3.235937e-06 2.494787e+01 4.477639e-01 2.495189e+01 1.794798e-02
3.311311e-06 2.494673e+01 4.581279e-01 2.495094e+01 1.836424e-02
3.388442e-06 2.494555e+01 4.687287e-01 2.494995e+01 1.879007e-02
3.467369e-06 2.494431e+01 4.795714e-01 2.494892e+01 1.922568e-02
3.548134e-06 2.494301e+01 4.906613e-01 2.494783e+01 1.967129e-02
3.630781e-06 2.494165e+01 5.020037e-01 2.494670e+01 2.012713e-02
3.715352e-06 2.494022e+01 5.136042e-01 2.494551e+01 2.059341e-02
3.801894e-06 2.493873e+01 5.254684e-01 2.494427e+01 2.107037e-02
3.890451e-06 2.493717e+01 5.376018e-01 2.494297e+01 2.155825e-02
3.981072e-06 2.493554e+01 5.500103e-01 2.494161e+01 2.205728e-02
4.073803e-06 2.493383e+01 5.626997e-01 2.494018e+01 2.256772e-02
4.168694e-06 2.493204e+01 5.756761e-01 2.493869e+01 2.308981e-02
4.265795e-06 2.493017e+01 5.889454e-01 2.493713e+01 2.362380e-02
4.365158e-06 2.492821e+01 6.025139e-01 2.493549e+01 2.416996e-02
4.466836e-06 2.492616e+01 6.163878e-01 2.493378e+01 2.472855e-02
4.570882e-06 2.492402e+01 6.305735e-01 2.493199e+01 2.529984e-02
4.677351e-06 2.492177e+01 6.450774e-01 2.493012e+01 2.588409e-02
4.786301e-06 2.491942e+01 6.599062e-01 2.492816e+01 2.648160e-02
4.897788e-06 2.491696e+01 6.750664e-01 2.492610e+01 2.709265e-02
5.011872e-06 2.491439e+01 6.905648e-01 2.492396e+01 2.771751e-02
5.128614e-06 2.491169e+01 7.064082e-01 2.492171e+01 2.835649e-02
5.248075e-06 2.490888e+01 7.226035e-01 2.491936e+01 2.900988e-02
5.370318e-06 2.490593e+01 7.391578e-01 2.491689e+01 2.967799e-02
5.495409e-06 2.490284e+01 7.560781e-01 2.491432e+01 3.036111e-02
5.623413e-06 2.489962e+01 7.733715e-01 2.491162e+01 3.105957e-02
5.754399e-06 2.489624e+01 7.910453e-01 2.490880e+01 3.177369e-02
5.888437e-06 2.489271e+01 8.091068e-01 2.490585e+01 3.250377e-02
6.025596e-06 2.488901e+01 8.275633e-01 2.490277e+01 3.325015e-02
6.165950e-06 2.488515e+01 8.464223e-01 2.489954e+01 3.401315e-02
6.309573e-06 2.488110e+01 8.656911e-01 2.489616e+01 3.479312e-02
6.456542e-06 2.487687e+01 8.853774e-01 2.489262e+01 3.559038e-02
6.606934e-06 2.487245e+01 9.054886e-01 2.488893e+01 3.640528e-02
6.760830e-06 2.486783e+01 9.260323e-01 2.488506e+01 3.723817e-02
6.918310e-06 2.486299e+01 9.470161e-01 2.488102e+01 3.808939e-02
7.079458e-06 2.485793e+01 9.684477e-01 2.487679e+01 3.895931e-02
7.244360e-06 2.485264e+01 9.903344e-01 2.487236e+01 3.984826e-02
7.413102e-06 2.484711e+01 1.012684e+00 2.486774e+01 4.075662e-02
7.585776e-06 2.484132e+01 1.035504e+00 2.486290e+01 4.168474e-02
7.762471e-06 2.483528e+01 1.058802e+00 2.485784e+01 4.263299e-02
7.943282e-06 2.482896e+01 1.082585e+00 2.485255e+01 4.360173e-02
8.128305e-06 2.482235e+01 1.106862e+00 2.484702e+01 4.459133e-02
8.317638e-06 2.481545e+01 1.131638e+00 2.484124e+01 4.560215e-02
8.511380e-06 2.480823e+01 1.156921e+00 2.483519e+01 4.663457e-02
8.709636e-06 2.480069e+01 1.182719e+00 2.482887e+01 4.768895e-02
8.912509e-06 2.479281e+01 1.209038e+00 2.482227e+01 4.876566e-02
9.120108e-06 2.478457e+01 1.235884e+00 2.481537e+01 4.986507e-02
9.332543e-06 2.477597e+01 1.263266e+00 2.480816e+01 5.098754e-02
9.549926e-06 2.476698e+01 1.291188e+00 2.480062e+01 5.213344e-02
9.772372e-06 2.475760e+01 1.319657e+00 2.479274e+01 5.330312e-02
1.000000e-05 2.474780e+01 1.348679e+00 2.478452e+01 5.449694e-02
1.023293e-05 2.473756e+01 1.378259e+00 2.477593e+01 5.571525e-02
1.047129e-05 2.472687e+01 1.408403e+00 2.476695e+01 5.695840e-02
1.071519e-05 2.471571e+01 1.439115e+00 2.475758e+01 5.822672e-02
1.096478e-05 2.470407e+01 1.470400e+00 2.474779e+01 5.952055e-02
1.122018e-05 2.469191e+01 1.502261e+00 2.473757e+01 6.084021e-02
1.148154e-05 2.467923e+01 1.534702e+00 2.472690e+01 6.218600e-02
1.174898e-05 2.466599e+01 1.567727e+00 2.471576e+01 6.355824e-02
1.202264e-05 2.465218e+01 1.601337e+00 2.470414e+01 6.495720e-02
1.230269e-05 2.463778e+01 1.635534e+00 2.469201e+01 6.638316e-02
1.258925e-05 2.462276e+01 1.670319e+00 2.467935e+01 6.783638e-02
1.288250e-05 2.460710e+01 1.705693e+00 2.466615e+01 6.931710e-02
1.318257e-05 2.459078e+01 1.741655e+00 2.465238e+01 7.082554e-02
1.348963e-05 2.457376e+01 1.778204e+00 2.463802e+01 7.236190e-02
1.380384e-05 2.455604e+01 1.815338e+00 2.462304e+01 7.392637e-02
1.412538e-05 2.453757e+01 1.853055e+00 2.460744e+01 7.551909e-02
1.445440e-05 2.451833e+01 1.891348e+00 2.459117e+01 7.714019e-02
1.479108e-05 2.449829e+01 1.930215e+00 2.457422e+01 7.878977e-02
1.513561e-05 2.447744e+01 1.969648e+00 2.455656e+01 8.046790e-02
1.548817e-05 2.445573e+01 2.009640e+00 2.453816e+01 8.217461e-02
1.584893e-05 2.443315e+01 2.050183e+00 2.451901e+01 8.390990e-02
1.621810e-05 2.440965e+01 2.091266e+00 2.449907e+01 8.567374e-02
1.659587e-05 2.438522e+01 2.132878e+00 2.447832e+01 8.746603e-02
1.698244e-05 2.435982e+01 2.175006e+00 2.445672e+01 8.928665e-02
1.737801e-05 2.433342e+01 2.217637e+00 2.443426e+01 9.113543e-02
1.778279e-05 2.430599e+01 2.260752e+00 2.441090e+01 9.301215e-02
1.819701e-05 2.427750e+01 2.304336e+00 2.438662e+01 9.491654e-02
1.862087e-05 2.424792e+01 2.348369e+00 2.436138e+01 9.684826e-02
1.905461e-05 2.421723e+01 2.392830e+00 2.433515e+01 9.880692e-02
1.949845e-05 2.418538e+01 2.437694e+00 2.430792e+01 1.007921e-01
1.995262e-05 2.415235e+01 2.482939e+00 2.427964e+01 1.028032e-01
2.041738e-05 2.411811e+01 2.528536e+00 2.425029e+01 1.048398e-01
2.089296e-05 2.408262e+01 2.574457e+00 2.421984e+01 1.069010e-01
2.137962e-05 2.404587e+01 2.620671e+00 2.418826e+01 1.089863e-01
2.187762e-05 2.400782e+01 2.667144e+00 2.415552e+01 1.110948e-01
2.238721e-05 2.396845e+01 2.713842e+00 2.412159e+01 1.132256e-01
2.290868e-05 2.392772e+01 2.760726e+00 2.408646e+01 1.153778e-01
2.344229e-05 2.388561e+01 2.807758e+00 2.405007e+01 1.175502e-01
2.398833e-05 2.384211e+01 2.854896e+00 2.401242e+01 1.197418e-01
2.454709e-05 2.379717e+01 2.902095e+00 2.397348e+01 1.219512e-01
2.511886e-05 2.375080e+01 2.949309e+00 2.393322e+01 1.241773e-01
2.570396e-05 2.370295e+01 2.996491e+00 2.389161e+01 1.264185e-01
2.630268e-05 2.365363e+01 3.043589e+00 2.384864e+01 1.286732e-01
2.691535e-05 2.360281e+01 3.090552e+00 2.380428e+01 1.309400e-01
2.754229e-05 2.355047e+01 3.137325e+00 2.375853e+01 1.332171e-01
2.818383e-05 2.349662e+01 3.183851e+00 2.371134e+01 1.355026e-01
2.884032e-05 2.344123e+01 3.230074e+00 2.366273e+01 1.377946e-01
2.951209e-05 2.338431e+01 3.275932e+00 2.361266e+01 1.400910e-01
3.019952e-05 2.332585e+01 3.321366e+00 2.356113e+01 1.423899e-01
3.090295e-05 2.326586e+01 3.366311e+00 2.350813e+01 1.446889e-01
3.162278e-05 2.320434e+01 3.410706e+00 2.345366e+01 1.469857e-01
3.235937e-05 2.314130e+01 3.454484e+00 2.339771e+01 1.492779e-01
3.311311e-05 2.307674e+01 3.497581e+00 2.334029e+01 1.515630e-01
3.388442e-05 2.301069e+01 3.539929e+00 2.328139e+01 1.538385e-01
3.467369e-05 2.294317e+01 3.581464e+00 2.322102e+01 1.561015e-01
3.548134e-05 2.287419e+01 3.622118e+00 2.315920e+01 1.583496e-01
3.630781e-05 2.280379e+01 3.661826e+00 2.309593e+01 1.605797e-01
3.715352e-05 2.273200e+01 3.700521e+00 2.303124e+01 1.627890e-01
3.801894e-05 2.265886e+01 3.738138e+00 2.296514e+01 1.649747e-01
3.890451e-05 2.258440e+01 3.774615e+00 2.289766e+01 1.671338e-01
3.981072e-05 2.250867e+01 3.809888e+00 2.282883e+01 1.692632e-01
4.073803e-05 2.243171e+01 3.843897e+00 2.275868e+01 1.713599e-01
4.168694e-05 2.235359e+01 3.876583e+00 2.268724e+01 1.734210e-01
4.265795e-05 2.227436e+01 3.907891e+00 2.261457e+01 1.754435e-01
4.365158e-05 2.219408e+01 3.937766e+00 2.254070e+01 1.774242e-01
4.466836e-05 2.211281e+01 3.966159e+00 2.246568e+01 1.793602e-01
4.570882e-05 2.203063e+01 3.993022e+00 2.238957e+01 1.812487e-01
4.677351e-05 2.194760e+01 4.018312e+00 2.231242e+01 1.830867e-01
4.786301e-05 2.186380e+01 4.041990e+00 2.223428e+01 1.848714e-01
4.897788e-05 2.177931e+01 4.064020e+00 2.215524e+01 1.866000e-01
5.011872e-05 2.169420e+01 4.084370e+00 2.207534e+01 1.882701e-01
5.128614e-05 2.160857e+01 4.103016e+00 2.199466e+01 1.898791e-01
5.248075e-05 2.152249e+01 4.119935e+00 2.191327e+01 1.914246e-01
5.370318e-05 2.143606e+01 4.135111e+00 2.183125e+01 1.929044e-01
5.495409e-05 2.134935e+01 4.148532e+00 2.174868e+01 1.943165e-01
5.623413e-05 2.126246e+01 4.160192e+00 2.166563e+01 1.956590e-01
5.754399e-05 2.117548e+01 4.170090e+00 2.158218e+01 1.969301e-01
5.888437e-05 2.108850e+01 4.178231e+00 2.149843e+01 1.981284e-01
6.025596e-05 2.100160e+01 4.184624e+00 2.141444e+01 1.992526e-01
6.165950e-05 2.091487e+01 4.189284e+00 2.133031e+01 2.003017e-01
6.309573e-05 2.082841e+01 4.192231e+00 2.124611e+01 2.012747e-01
6.456542e-05 2.074229e+01 4.193492e+00 2.116195e+01 2.021711e-01
6.606934e-05 2.065660e+01 4.193095e+00 2.107789e+01 2.029905e-01
6.760830e-05 2.057143e+01 4.191076e+00 2.099402e+01 2.037329e-01
6.918310e-05 2.048685e+01 4.187475e+00 2.091042e+01 2.043982e-01
7.079458e-05 2.040293e+01 4.182336e+00 2.082718e+01 2.049870e-01
7.244360e-05 2.031976e+01 4.175708e+00 2.074438e+01 2.054998e-01
7.413102e-05 2.023741e+01 4.167642e+00 2.066209e+01 2.059375e-01
7.585776e-05 2.015593e+01 4.158194e+00 2.058038e+01 2.063013e-01
7.762471e-05 2.007540e+01 4.147425e+00 2.049933e+01 2.065924e-01
7.943282e-05 1.999587e+01 4.135396e+00 2.041902e+01 2.068125e-01
8.128305e-05 1.991740e+01 4.122172e+00 2.033949e+01 2.069634e-01
8.317638e-05 1.984003e+01 4.107820e+00 2.026083e+01 2.070470e-01
8.511380e-05 1.976383e+01 4.092412e+00 2.018308e+01 2.070658e-01
8.709636e-05 1.968882e+01 4.076017e+00 2.010630e+01 2.070219e-01
8.912509e-05 1.961505e+01 4.058708e+00 2.003056e+01 2.069181e-01
9.120108e-05 1.954254e+01 4.040561e+00 1.995588e+01 2.067571e-01
9.332543e-05 1.947134e+01 4.021648e+00 1.988232e+01 2.065419e-01
9.549926e-05 1.940146e+01 4.002047e+00 1.980992e+01 2.062755e-01
9.772372e-05 1.933292e+01 3.981831e+00 1.973872e+01 2.059611e-01
1.000000e-04 1.926575e+01 3.961078e+00 1.966874e+01 2.056021e-01
1.023293e-04 1.919995e+01 3.939861e+00 1.960001e+01 2.052017e-01
1.047129e-04 1.913552e+01 3.918256e+00 1.953256e+01 2.047635e-01
1.071519e-04 1.907249e+01 3.896337e+00 1.946641e+01 2.042910e-01
1.096478e-04 1.901084e+01 3.874176e+00 1.940158e+01 2.037878e-01
1.122018e-04 1.895057e+01 3.851845e+00 1.933806e+01 2.032575e-01
1.148154e-04 1.889168e+01 3.829415e+00 1.927589e+01 2.027038e-01
1.174898e-04 1.883415e+01 3.806955e+00 1.921505e+01 2.021304e-01
1.202264e-04 1.877798e+01 3.784532e+00 1.915555e+01 2.015409e-01
1.230269e-04 1.872315e+01 3.762210e+00 1.909739e+01 2.009390e-01
1.258925e-04 1.866964e+01 3.740055e+00 1.904057e+01 2.003282e-01
1.288250e-04 1.861742e+01 3.718127e+00 1.898507e+01 1.997122e-01
1.318257e-04 1.856649e+01 3.696486e+00 1.893089e+01 1.990945e-01
1.348963e-04 1.851680e+01 3.675190e+00 1.887800e+01 1.984786e-01
1.380384e-04 1.846834e+01 3.654294e+00 1.882641e+01 1.978680e-01
1.412538e-04 1.842108e+01 3.633851e+00 1.877608e+01 1.972659e-01
1.445440e-04 1.837498e+01 3.613912e+00 1.872699e+01 1.966757e-01
1.479108e-04 1.833002e+01 3.594526e+00 1.867914e+01 1.961005e-01
1.513561e-04 1.828615e+01 3.575740e+00 1.863248e+01 1.955436e-01
1.548817e-04 1.824335e+01 3.557599e+00 1.858699e+01 1.950080e-01
1.584893e-04 1.820158e+01 3.540144e+00 1.854266e+01 1.944965e-01
1.621810e-04 1.816080e+01 3.523416e+00 1.849944e+01 1.940121e-01
1.659587e-04 1.812098e+01 3.507454e+00 1.845731e+01 1.935576e-01
1.698244e-04 1.808208e+01 3.492293e+00 1.841624e+01 1.931356e-01
1.737801e-04 1.804406e+01 3.477969e+00 1.837619e+01 1.927487e-01
1.778279e-04 1.800688e+01 3.464513e+00 1.833714e+01 1.923994e-01
1.819701e-04 1.797051e+01 3.451956e+00 1.829905e+01 1.920901e-01
1.862087e-04 1.793489e+01 3.440327e+00 1.826188e+01 1.918231e-01
1.905461e-04 1.790001e+01 3.429654e+00 1.822561e+01 1.916007e-01
1.949845e-04 1.786580e+01 3.419962e+00 1.819019e+01 1.914250e-01
1.995262e-04 1.783225e+01 3.411275e+00 1.815560e+01 1.912981e-01
2.041738e-04 1.779929e+01 3.403616e+00 1.812179e+01 1.912220e-01
2.089296e-04 1.776691e+01 3.397006e+00 1.808874e+01 1.911985e-01
2.137962e-04 1.773505e+01 3.391464e+00 1.805641e+01 1.912295e-01
2.187762e-04 1.770367e+01 3.387010e+00 1.802476e+01 1.913168e-01
2.238721e-04 1.767275e+01 3.383661e+00 1.799375e+01 1.914621e-01
2.290868e-04 1.764223e+01 3.381434e+00 1.796336e+01 1.916671e-01
2.344229e-04 1.761208e+01 3.380343e+00 1.793354e+01 1.919332e-01
2.398833e-04 1.758226e+01 3.380403e+00 1.790427e+01 1.922622e-01
2.454709e-04 1.755273e+01 3.381628e+00 1.787551e+01 1.926554e-01
2.511886e-04 1.752345e+01 3.384029e+00 1.784722e+01 1.931142e-01
2.570396e-04 1.749439e+01 3.387618e+00 1.781936e+01 1.936402e-01
2.630268e-04 1.746550e+01 3.392406e+00 1.779192e+01 1.942347e-01
2.691535e-04 1.743675e+01 3.398404e+00 1.776484e+01 1.948989e-01
2.754229e-04 1.740810e+01 3.405620e+00 1.773810e+01 1.956342e-01
2.818383e-04 1.737950e+01 3.414063e+00 1.771166e+01 1.964419e-01
2.884032e-04 1.735093e+01 3.423742e+00 1.768550e+01 1.973232e-01
2.951209e-04 1.732234e+01 3.434662e+00 1.765957e+01 1.982794e-01
3.019952e-04 1.729369e+01 3.446832e+00 1.763384e+01 1.993115e-01
3.090295e-04 1.726494e+01 3.460256e+00 1.760828e+01 2.004209e-01
3.162278e-04 1.723606e+01 3.474941e+00 1.758286e+01 2.016088e-01
3.235937e-04 1.720701e+01 3.490891e+00 1.755754e+01 2.028761e-01
3.311311e-04 1.717774e+01 3.508110e+00 1.753230e+01 2.042242e-01
3.388442e-04 1.714821e+01 3.526601e+00 1.750709e+01 2.056542e-01
3.467369e-04 1.711839e+01 3.546368e+00 1.748188e+01 2.071671e-01
3.548134e-04 1.708824e+01 3.567412e+00 1.745664e+01 2.087641e-01
3.630781e-04 1.705771e+01 3.589734e+00 1.743134e+01 2.104464e-01
3.715352e-04 1.702676e+01 3.613335e+00 1.740594e+01 2.122150e-01
3.801894e-04 1.699535e+01 3.638214e+00 1.738041e+01 2.140711e-01
3.890451e-04 1.696344e+01 3.664371e+00 1.735471e+01 2.160157e-01
3.981072e-04 1.693099e+01 3.691802e+00 1.732881e+01 2.180500e-01
4.073803e-04 1.689794e+01 3.720505e+00 1.730268e+01 2.201750e-01
4.168694e-04 1.686427e+01 3.750475e+00 1.727627e+01 2.223918e-01
4.265795e-04 1.682991e+01 3.781707e+00 1.724956e+01 2.247015e-01
4.365158e-04 1.679484e+01 3.814194e+00 1.722250e+01 2.271052e-01
4.466836e-04 1.675899e+01 3.847928e+00 1.719507e+01 2.296038e-01
4.570882e-04 1.672233e+01 3.882900e+00 1.716721e+01 2.321985e-01
4.677351e-04 1.668481e+01 3.919099e+00 1.713891e+01 2.348903e-01
4.786301e-04 1.664638e+01 3.956513e+00 1.711011e+01 2.376801e-01
4.897788e-04 1.660700e+01 3.995128e+00 1.708079e+01 2.405690e-01
5.011872e-04 1.656661e+01 4.034928e+00 1.705090e+01 2.435579e-01
5.128614e-04 1.652517e+01 4.075896e+00 1.702040e+01 2.466478e-01
5.248075e-04 1.648262e+01 4.118013e+00 1.698926e+01 2.498396e-01
5.370318e-04 1.643893e+01 4.161257e+00 1.695743e+01 2.531343e-01
5.495409e-04 1.639404e+01 4.205606e+00 1.692488e+01 2.565326e-01
5.623413e-04 1.634790e+01 4.251034e+00 1.689157e+01 2.600355e-01
5.754399e-04 1.630047e+01 4.297514e+00 1.685746e+01 2.636436e-01
5.888437e-04 1.625168e+01 4.345016e+00 1.682250e+01 2.673579e-01
6.025596e-04 1.620151e+01 4.393507e+00 1.678665e+01 2.711789e-01
6.165950e-04 1.614989e+01 4.442954e+00 1.674989e+01 2.751075e-01
6.309573e-04 1.609677e+01 4.493319e+00 1.671215e+01 2.791441e-01
6.456542e-04 1.604212e+01 4.544563e+00 1.667342e+01 2.832894e-01
6.606934e-04 1.598589e+01 4.596644e+00 1.663363e+01 2.875439e-01
6.760830e-04 1.592802e+01 4.649517e+00 1.659277e+01 2.919080e-01
6.918310e-04 1.586848e+01 4.703134e+00 1.655077e+01 2.963822e-01
7.079458e-04 1.580722e+01 4.757446e+00 1.650762e+01 3.009667e-01
7.244360e-04 1.574419e+01 4.812400e+00 1.646326e+01 3.056619e-01
7.413102e-04 1.567937e+01 4.867941e+00 1.641766e+01 3.104680e-01
7.585776e-04 1.561270e+01 4.924011e+00 1.637078e+01 3.153849e-01
7.762471e-04 1.554416e+01 4.980548e+00 1.632258e+01 3.204129e-01
7.943282e-04 1.547370e+01 5.037491e+00 1.627304e+01 3.255517e-01
8.128305e-04 1.540130e+01 5.094772e+00 1.622211e+01 3.308014e-01
8.317638e-04 1.532693e+01 5.152325e+00 1.616976e+01 3.361616e-01
8.511380e-04 1.525055e+01 5.210078e+00 1.611596e+01 3.416320e-01
8.709636e-04 1.517215e+01 5.267958e+00 1.606069e+01 3.472123e-01
8.912509e-04 1.509171e+01 5.325891e+00 1.600390e+01 3.529018e-01
9.120108e-04 1.500919e+01 5.383799e+00 1.594557e+01 3.587001e-01
9.332543e-04 1.492460e+01 5.441604e+00 1.588568e+01 3.646063e-01
9.549926e-04 1.483793e+01 5.499226e+00 1.582421e+01 3.706196e-01
9.772372e-04 1.474915e+01 5.556583e+00 1.576112e+01 3.767392e-01
1.000000e-03 1.465827e+01 5.613591e+00 1.569641e+01 3.829640e-01
1.023293e-03 1.456530e+01 5.670167e+00 1.563006e+01 3.892928e-01
1.047129e-03 1.447024e+01 5.726225e+00 1.556205e+01 3.957243e-01
1.071519e-03 1.437309e+01 5.781680e+00 1.549237e+01 4.022573e-01
1.096478e-03 1.427387e+01 5.836446e+00 1.542101e+01 4.088902e-01
1.122018e-03 1.417260e+01 5.890438e+00 1.534796e+01 4.156215e-01
1.148154e-03 1.406931e+01 5.943569e+00 1.527322e+01 4.224494e-01
1.174898e-03 1.396401e+01 5.995756e+00 1.519680e+01 4.293721e-01
1.202264e-03 1.385674e+01 6.046914e+00 1.511868e+01 4.363878e-01
1.230269e-03 1.374755e+01 6.096960e+00 1.503888e+01 4.434944e-01
1.258925e-03 1.363646e+01 6.145813e+00 1.495741e+01 4.506898e-01
1.288250e-03 1.352352e+01 6.193392e+00 1.487427e+01 4.579718e-01
1.318257e-03 1.340879e+01 6.239621e+00 1.478947e+01 4.653381e-01
1.348963e-03 1.329232e+01 6.284424e+00 1.470305e+01 4.727862e-01
1.380384e-03 1.317415e+01 6.327728e+00 1.461501e+01 4.803138e-01
1.412538e-03 1.305437e+01 6.369463e+00 1.452538e+01 4.879181e-01
1.445440e-03 1.293302e+01 6.409562e+00 1.443418e+01 4.955965e-01
1.479108e-03 1.281019e+01 6.447962e+00 1.434145e+01 5.033464e-01
1.513561e-03 1.268593e+01 6.484602e+00 1.424721e+01 5.111648e-01
1.548817e-03 1.256033e+01 6.519426e+00 1.415150e+01 5.190489e-01
1.584893e-03 1.243346e+01 6.552382e+00 1.405435e+01 5.269958e-01
1.621810e-03 1.230540e+01 6.583421e+00 1.395580e+01 5.350025e-01
1.659587e-03 1.217624e+01 6.612500e+00 1.385590e+01 5.430658e-01
1.698244e-03 1.204605e+01 6.639577e+00 1.375468e+01 5.511829e-01
1.737801e-03 1.191493e+01 6.664618e+00 1.365220e+01 5.593504e-01
1.778279e-03 1.178295e+01 6.687592e+00 1.354850e+01 5.675652e-01
1.819701e-03 1.165021e+01 6.708470e+00 1.344362e+01 5.758241e-01
1.862087e-03 1.151679e+01 6.727232e+00 1.333762e+01 5.841239e-01
1.905461e-03 1.138278e+01 6.743859e+00 1.323055e+01 5.924613e-01
1.949845e-03 1.124828e+01 6.758338e+00 1.312246e+01 6.008331e-01
1.995262e-03 1.111336e+01 6.770659e+00 1.301340e+01 6.092359e-01
2.041738e-03 1.097812e+01 6.780818e+00 1.290344e+01 6.176664e-01
2.089296e-03 1.084265e+01 6.788814e+00 1.279262e+01 6.261213e-01
2.137962e-03 1.070703e+01 6.794650e+00 1.268100e+01 6.345973e-01
2.187762e-03 1.057134e+01 6.798333e+00 1.256863e+01 6.430911e-01
2.238721e-03 1.043567e+01 6.799875e+00 1.245558e+01 6.515993e-01
2.290868e-03 1.030010e+01 6.799289e+00 1.234190e+01 6.601186e-01
2.344229e-03 1.016472e+01 6.796595e+00 1.222764e+01 6.686456e-01
2.398833e-03 1.002960e+01 6.791813e+00 1.211287e+01 6.771771e-01
2.454709e-03 9.894811e+00 6.784967e+00 1.199763e+01 6.857096e-01
2.511886e-03 9.760438e+00 6.776086e+00 1.188198e+01 6.942399e-01
2.570396e-03 9.626549e+00 6.765199e+00 1.176598e+01 7.027647e-01
2.630268e-03 9.493214e+00 6.752338e+00 1.164969e+01 7.112805e-01
2.691535e-03 9.360500e+00 6.737540e+00 1.153314e+01 7.197842e-01
2.754229e-03 9.228472e+00 6.720840e+00 1.141641e+01 7.282723e-01
2.818383e-03 9.097192e+00 6.702279e+00 1.129953e+01 7.367415e-01
2.884032e-03 8.966720e+00 6.681896e+00 1.118257e+01 7.451885e-01
2.951209e-03 8.837113e+00 6.659736e+00 1.106556e+01 7.536099e-01
3.019952e-03 8.708425e+00 6.635841e+00 1.094856e+01 7.620024e-01
3.090295e-03 8.580708e+00 6.610258e+00 1.083162e+01 7.703627e-01
3.162278e-03 8.454011e+00 6.583032e+00 1.071478e+01 7.786874e-01
3.235937e-03 8.328380e+00 6.554211e+00 1.059809e+01 7.869731e-01
3.311311e-03 8.203859e+00 6.523844e+00 1.048159e+01 7.952165e-01
3.388442e-03 8.080489e+00 6.491979e+00 1.036533e+01 8.034141e-01
3.467369e-03 7.958310e+00 6.458666e+00 1.024934e+01 8.115625e-01
3.548134e-03 7.837357e+00 6.423956e+00 1.013368e+01 8.196584e-01
3.630781e-03 7.717665e+00 6.387898e+00 1.001836e+01 8.276983e-01
3.715352e-03 7.599264e+00 6.350543e+00 9.903445e+00 8.356787e-01
3.801894e-03 7.482185e+00 6.311942e+00 9.788958e+00 8.435962e-01
3.890451e-03 7.366453e+00 6.272146e+00 9.674939e+00 8.514473e-01
3.981072e-03 7.252094e+00 6.231206e+00 9.561422e+00 8.592285e-01
4.073803e-03 7.139130e+00 6.189172e+00 9.448440e+00 8.669364e-01
4.168694e-03 7.027582e+00 6.146094e+00 9.336026e+00 8.745675e-01
4.265795e-03 6.917467e+00 6.102023e+00 9.224210e+00 8.821182e-01
4.365158e-03 6.808803e+00 6.057009e+00 9.113021e+00 8.895851e-01
4.466836e-03 6.701604e+00 6.011101e+00 9.002490e+00 8.969646e-01
4.570882e-03 6.595882e+00 5.964348e+00 8.892643e+00 9.042533e-01
4.677351e-03 6.491648e+00 5.916798e+00 8.783507e+00 9.114478e-01
4.786301e-03 6.388912e+00 5.868500e+00 8.675108e+00 9.185445e-01
4.897788e-03 6.287681e+00 5.819500e+00 8.567469e+00 9.255400e-01
5.011872e-03 6.187961e+00 5.769846e+00 8.460614e+00 9.324310e-01
5.128614e-03 6.089756e+00 5.719584e+00 8.354565e+00 9.392140e-01
5.248075e-03 5.993068e+00 5.668758e+00 8.249345e+00 9.458858e-01
5.370318e-03 5.897900e+00 5.617414e+00 8.144972e+00 9.524431e-01
5.495409e-03 5.804250e+00 5.565595e+00 8.041466e+00 9.588827e-01
5.623413e-03 5.712118e+00 5.513345e+00 7.938846e+00 9.652015e-01
5.754399e-03 5.621501e+00 5.460706e+00 7.837128e+00 9.713964e-01
5.888437e-03 5.532394e+00 5.407719e+00 7.736330e+00 9.774645e-01
6.025596e-03 5.444793e+00 5.354425e+00 7.636467e+00 9.834028e-01
6.165950e-03 5.358690e+00 5.300863e+00 7.537553e+00 9.892087e-01
6.309573e-03 5.274080e+00 5.247073e+00 7.439603e+00 9.948794e-01
6.456542e-03 5.190952e+00 5.193093e+00 7.342628e+00 1.000413e+00
6.606934e-03 5.109297e+00 5.138959e+00 7.246642e+00 1.005806e+00
6.760830e-03 5.029105e+00 5.084709e+00 7.151654e+00 1.011056e+00
6.918310e-03 4.950364e+00 5.030376e+00 7.057676e+00 1.016163e+00
7.079458e-03 4.873061e+00 4.975997e+00 6.964716e+00 1.021123e+00
7.244360e-03 4.797184e+00 4.921603e+00 6.872783e+00 1.025936e+00
7.413102e-03 4.722718e+00 4.867227e+00 6.781885e+00 1.030599e+00
7.585776e-03 4.649648e+00 4.812901e+00 6.692029e+00 1.035111e+00
7.762471e-03 4.577959e+00 4.758656e+00 6.603220e+00 1.039471e+00
7.943282e-03 4.507634e+00 4.704521e+00 6.515465e+00 1.043679e+00
8.128305e-03 4.438656e+00 4.650524e+00 6.428766e+00 1.047733e+00
8.317638e-03 4.371006e+00 4.596693e+00 6.343129e+00 1.051633e+00
8.511380e-03 4.304668e+00 4.543055e+00 6.258555e+00 1.055379e+00
8.709636e-03 4.239621e+00 4.489635e+00 6.175047e+00 1.058971e+00
8.912509e-03 4.175847e+00 4.436457e+00 6.092606e+00 1.062409e+00
9.120108e-03 4.113325e+00 4.383546e+00 6.011233e+00 1.065694e+00
9.332543e-03 4.052035e+00 4.330923e+00 5.930926e+00 1.068827e+00
9.549926e-03 3.991955e+00 4.278611e+00 5.851685e+00 1.071808e+00
9.772372e-03 3.933066e+00 4.226629e+00 5.773509e+00 1.074640e+00
1.000000e-02 3.875344e+00 4.174998e+00 5.696393e+00 1.077323e+00
1.023293e-02 3.818768e+00 4.123735e+00 5.620336e+00 1.079860e+00
1.047129e-02 3.763316e+00 4.072857e+00 5.545333e+00 1.082252e+00
1.071519e-02 3.708966e+00 4.022381e+00 5.471378e+00 1.084502e+00
1.096478e-02 3.655694e+00 3.972323e+00 5.398467e+00 1.086613e+00
1.122018e-02 3.603477e+00 3.922696e+00 5.326593e+00 1.088586e+00
1.148154e-02 3.552294e+00 3.873514e+00 5.255750e+00 1.090426e+00
1.174898e-02 3.502120e+00 3.824789e+00 5.185929e+00 1.092135e+00
1.202264e-02 3.452933e+00 3.776532e+00 5.117122e+00 1.093717e+00
1.230269e-02 3.404709e+00 3.728753e+00 5.049321e+00 1.095175e+00
1.258925e-02 3.357427e+00 3.681461e+00 4.982516e+00 1.096513e+00
1.288250e-02 3.311062e+00 3.634665e+00 4.916698e+00 1.097734e+00
1.318257e-02 3.265592e+00 3.588372e+00 4.851855e+00 1.098843e+00
1.348963e-02 3.220994e+00 3.542588e+00 4.787977e+00 1.099843e+00
1.380384e-02 3.177246e+00 3.497318e+00 4.725053e+00 1.100739e+00
1.412538e-02 3.134327e+00 3.452568e+00 4.663071e+00 1.101534e+00
1.445440e-02 3.092213e+00 3.408340e+00 4.602017e+00 1.102233e+00
1.479108e-02 3.050884e+00 3.364638e+00 4.541881e+00 1.102840e+00
1.513561e-02 3.010318e+00 3.321464e+00 4.482648e+00 1.103360e+00
1.548817e-02 2.970494e+00 3.278818e+00 4.424307e+00 1.103796e+00
1.584893e-02 2.931393e+00 3.236703e+00 4.366842e+00 1.104152e+00
1.621810e-02 2.892994e+00 3.195116e+00 4.310241e+00 1.104432e+00
1.659587e-02 2.855277e+00 3.154058e+00 4.254490e+00 1.104642e+00
1.698244e-02 2.818224e+00 3.113527e+00 4.199576e+00 1.104783e+00
1.737801e-02 2.781815e+00 3.073521e+00 4.145483e+00 1.104862e+00
1.778279e-02 2.746034e+00 3.034037e+00 4.092198e+00 1.104880e+00
1.819701e-02 2.710862e+00 2.995072e+00 4.039707e+00 1.104841e+00
1.862087e-02 2.676283e+00 2.956623e+00 3.987995e+00 1.104750e+00
1.905461e-02 2.642279e+00 2.918685e+00 3.937050e+00 1.104609e+00
1.949845e-02 2.608836e+00 2.881254e+00 3.886856e+00 1.104421e+00
1.995262e-02 2.575937e+00 2.844325e+00 3.837400e+00 1.104190e+00
2.041738e-02 2.543569e+00 2.807894e+00 3.788669e+00 1.103919e+00
2.089296e-02 2.511717e+00 2.771953e+00 3.740648e+00 1.103609e+00
2.137962e-02 2.480368e+00 2.736499e+00 3.693325e+00 1.103263e+00
2.187762e-02 2.449507e+00 2.701524e+00 3.646686e+00 1.102885e+00
2.238721e-02 2.419124e+00 2.667024e+00 3.600719e+00 1.102475e+00
2.290868e-02 2.389206e+00 2.632990e+00 3.555411e+00 1.102036e+00
2.344229e-02 2.359742e+00 2.599418e+00 3.510749e+00 1.101569e+00
2.398833e-02 2.330720e+00 2.566301e+00 3.466722e+00 1.101076e+00
2.454709e-02 2.302131e+00 2.533632e+00 3.423317e+00 1.100560e+00
2.511886e-02 2.273964e+00 2.501405e+00 3.380524e+00 1.100019e+00
2.570396e-02 2.246211e+00 2.469614e+00 3.338331e+00 1.099457e+00
2.630268e-02 2.218862e+00 2.438251e+00 3.296728e+00 1.098874e+00
2.691535e-02 2.191909e+00 2.407310e+00 3.255704e+00 1.098271e+00
2.754229e-02 2.165343e+00 2.376786e+00 3.215249e+00 1.097649e+00
2.818383e-02 2.139158e+00 2.346672e+00 3.175353e+00 1.097008e+00
2.884032e-02 2.113345e+00 2.316962e+00 3.136007e+00 1.096348e+00
2.951209e-02 2.087898e+00 2.287650e+00 3.097202e+00 1.095671e+00
3.019952e-02 2.062810e+00 2.258730e+00 3.058929e+00 1.094977e+00
3.090295e-02 2.038075e+00 2.230196e+00 3.021179e+00 1.094266e+00
3.162278e-02 2.013686e+00 2.202043e+00 2.983945e+00 1.093538e+00
3.235937e-02 1.989639e+00 2.174266e+00 2.947218e+00 1.092794e+00
3.311311e-02 1.965926e+00 2.146859e+00 2.910991e+00 1.092034e+00
3.388442e-02 1.942544e+00 2.119817e+00 2.875257e+00 1.091258e+00
3.467369e-02 1.919486e+00 2.093136e+00 2.840008e+00 1.090467e+00
3.548134e-02 1.896748e+00 2.066811e+00 2.805238e+00 1.089660e+00
3.630781e-02 1.874325e+00 2.040837e+00 2.770940e+00 1.088839e+00
3.715352e-02 1.852211e+00 2.015211e+00 2.737108e+00 1.088003e+00
3.801894e-02 1.830403e+00 1.989927e+00 2.703736e+00 1.087153e+00
3.890451e-02 1.808896e+00 1.964983e+00 2.670816e+00 1.086289e+00
3.981072e-02 1.787684e+00 1.940373e+00 2.638345e+00 1.085412e+00
4.073803e-02 1.766765e+00 1.916096e+00 2.606316e+00 1.084522e+00
4.168694e-02 1.746133e+00 1.892146e+00 2.574722e+00 1.083621e+00
4.265795e-02 1.725784e+00 1.868520e+00 2.543560e+00 1.082708e+00
4.365158e-02 1.705713e+00 1.845216e+00 2.512823e+00 1.081785e+00
4.466836e-02 1.685917e+00 1.822229e+00 2.482506e+00 1.080854e+00
4.570882e-02 1.666391e+00 1.799557e+00 2.452604e+00 1.079913e+00
4.677351e-02 1.647130e+00 1.777197e+00 2.423111e+00 1.078966e+00
4.786301e-02 1.628131e+00 1.755145e+00 2.394023e+00 1.078013e+00
4.897788e-02 1.609388e+00 1.733399e+00 2.365334e+00 1.077055e+00
5.011872e-02 1.590899e+00 1.711956e+00 2.337039e+00 1.076094e+00
5.128614e-02 1.572658e+00 1.690813e+00 2.309134e+00 1.075131e+00
5.248075e-02 1.554661e+00 1.669966e+00 2.281613e+00 1.074168e+00
5.370318e-02 1.536903e+00 1.649414e+00 2.254471e+00 1.073206e+00
5.495409e-02 1.519382e+00 1.629153e+00 2.227703e+00 1.072247e+00
5.623413e-02 1.502091e+00 1.609180e+00 2.201304e+00 1.071294e+00
5.754399e-02 1.485027e+00 1.589494e+00 2.175269e+00 1.070346e+00
5.888437e-02 1.468186e+00 1.570090e+00 2.149593e+00 1.069408e+00
6.025596e-02 1.451563e+00 1.550965e+00 2.124272e+00 1.068480e+00
6.165950e-02 1.435154e+00 1.532119e+00 2.099299e+00 1.067564e+00
6.309573e-02 1.418955e+00 1.513546e+00 2.074670e+00 1.066662e+00
6.456542e-02 1.402962e+00 1.495245e+00 2.050380e+00 1.065777e+00
6.606934e-02 1.387170e+00 1.477212e+00 2.026424e+00 1.064910e+00
6.760830e-02 1.371576e+00 1.459445e+00 2.002798e+00 1.064064e+00
6.918310e-02 1.356174e+00 1.441940e+00 1.979495e+00 1.063241e+00
7.079458e-02 1.340962e+00 1.424695e+00 1.956511e+00 1.062442e+00
7.244360e-02 1.325936e+00 1.407707e+00 1.933842e+00 1.061670e+00
7.413102e-02 1.311090e+00 1.390972e+00 1.911481e+00 1.060928e+00
7.585776e-02 1.296422e+00 1.374488e+00 1.889426e+00 1.060216e+00
7.762471e-02 1.281928e+00 1.358252e+00 1.867669e+00 1.059538e+00
7.943282e-02 1.267603e+00 1.342260e+00 1.846207e+00 1.058896e+00
8.128305e-02 1.253445e+00 1.326510e+00 1.825035e+00 1.058292e+00
8.317638e-02 1.239449e+00 1.310999e+00 1.804149e+00 1.057728e+00
8.511380e-02 1.225611e+00 1.295723e+00 1.783542e+00 1.057206e+00
8.709636e-02 1.211929e+00 1.280680e+00 1.763211e+00 1.056729e+00
8.912509e-02 1.198398e+00 1.265866e+00 1.743151e+00 1.056298e+00
9.120108e-02 1.185016e+00 1.251279e+00 1.723357e+00 1.055918e+00
9.332543e-02 1.171778e+00 1.236915e+00 1.703825e+00 1.055588e+00
9.549926e-02 1.158681e+00 1.222771e+00 1.684550e+00 1.055313e+00
9.772372e-02 1.145722e+00 1.208844e+00 1.665528e+00 1.055094e+00
1.000000e-01 1.132898e+00 1.195132e+00 1.646754e+00 1.054933e+00
1.023293e-01 1.120205e+00 1.181631e+00 1.628223e+00 1.054834e+00
1.047129e-01 1.107640e+00 1.168338e+00 1.609932e+00 1.054799e+00
1.071519e-01 1.095201e+00 1.155250e+00 1.591875e+00 1.054829e+00
1.096478e-01 1.082882e+00 1.142363e+00 1.574048e+00 1.054928e+00
1.122018e-01 1.070683e+00 1.129676e+00 1.556448e+00 1.055098e+00
1.148154e-01 1.058599e+00 1.117184e+00 1.539068e+00 1.055342e+00
1.174898e-01 1.046627e+00 1.104885e+00 1.521906e+00 1.055662e+00
1.202264e-01 1.034765e+00 1.092775e+00 1.504957e+00 1.056061e+00
1.230269e-01 1.023009e+00 1.080851e+00 1.488216e+00 1.056541e+00
1.258925e-01 1.011357e+00 1.069111e+00 1.471679e+00 1.057105e+00
1.288250e-01 9.998051e-01 1.057549e+00 1.455342e+00 1.057756e+00
1.318257e-01 9.883510e-01 1.046165e+00 1.439201e+00 1.058495e+00
1.348963e-01 9.769919e-01 1.034953e+00 1.423250e+00 1.059326e+00
1.380384e-01 9.657250e-01 1.023912e+00 1.407487e+00 1.060252e+00
1.412538e-01 9.545475e-01 1.013036e+00 1.391906e+00 1.061274e+00
1.445440e-01 9.434569e-01 1.002323e+00 1.376504e+00 1.062394e+00
1.479108e-01 9.324506e-01 9.917698e-01 1.361276e+00 1.063616e+00
1.513561e-01 9.215260e-01 9.813720e-01 1.346217e+00 1.064942e+00
1.548817e-01 9.106809e-01 9.711264e-01 1.331325e+00 1.066374e+00
1.584893e-01 8.999129e-01 9.610291e-01 1.316594e+00 1.067913e+00
1.621810e-01 8.892198e-01 9.510766e-01 1.302021e+00 1.069563e+00
1.659587e-01 8.785995e-01 9.412650e-01 1.287601e+00 1.071324e+00
1.698244e-01 8.680500e-01 9.315906e-01 1.273331e+00 1.073199e+00
1.737801e-01 8.575695e-01 9.220495e-01 1.259206e+00 1.075189e+00
1.778279e-01 8.471561e-01 9.126379e-01 1.245223e+00 1.077296e+00
1.819701e-01 8.368084e-01 9.033519e-01 1.231378e+00 1.079521e+00
1.862087e-01 8.265247e-01 8.941875e-01 1.217668e+00 1.081864e+00
1.905461e-01 8.163037e-01 8.851408e-01 1.204087e+00 1.084328e+00
1.949845e-01 8.061443e-01 8.762080e-01 1.190634e+00 1.086912e+00
1.995262e-01 7.960455e-01 8.673851e-01 1.177304e+00 1.089618e+00
2.041738e-01 7.860062e-01 8.586681e-01 1.164095e+00 1.092444e+00
2.089296e-01 7.760258e-01 8.500533e-01 1.151002e+00 1.095393e+00
2.137962e-01 7.661037e-01 8.415368e-01 1.138024e+00 1.098463e+00
2.187762e-01 7.562395e-01 8.331147e-01 1.125157e+00 1.101654e+00
2.238721e-01 7.464329e-01 8.247833e-01 1.112398e+00 1.104966e+00
2.290868e-01 7.366838e-01 8.165389e-01 1.099745e+00 1.108398e+00
2.344229e-01 7.269922e-01 8.083779e-01 1.087195e+00 1.111949e+00
2.398833e-01 7.173583e-01 8.002968e-01 1.074746e+00 1.115617e+00
2.454709e-01 7.077824e-01 7.922921e-01 1.062395e+00 1.119401e+00
2.511886e-01 6.982651e-01 7.843606e-01 1.050141e+00 1.123299e+00
2.570396e-01 6.888068e-01 7.764988e-01 1.037981e+00 1.127310e+00
2.630268e-01 6.794083e-01 7.687039e-01 1.025915e+00 1.131431e+00
2.691535e-01 6.700705e-01 7.609727e-01 1.013940e+00 1.135661e+00
2.754229e-01 6.607943e-01 7.533025e-01 1.002055e+00 1.139995e+00
2.818383e-01 6.515807e-01 7.456905e-01 9.902584e-01 1.144433e+00
2.884032e-01 6.424309e-01 7.381341e-01 9.785496e-01 1.148970e+00
2.951209e-01 6.333461e-01 7.306310e-01 9.669276e-01 1.153605e+00
3.019952e-01 6.243277e-01 7.231789e-01 9.553914e-01 1.158332e+00
3.090295e-01 6.153769e-01 7.157756e-01 9.439404e-01 1.163150e+00
3.162278e-01 6.064952e-01 7.084194e-01 9.325741e-01 1.168054e+00
3.235937e-01 5.976840e-01 7.011082e-01 9.212920e-01 1.173042e+00
3.311311e-01 5.889449e-01 6.938406e-01 9.100939e-01 1.178108e+00
3.388442e-01 5.802792e-01 6.866151e-01 8.989796e-01 1.183250e+00
3.467369e-01 5.716886e-01 6.794304e-01 8.879490e-01 1.188462e+00
3.548134e-01 5.631746e-01 6.722852e-01 8.770023e-01 1.193742e+00
3.630781e-01 5.547386e-01 6.651787e-01 8.661395e-01 1.199085e+00
3.715352e-01 5.463822e-01 6.581100e-01 8.553609e-01 1.204487e+00
3.801894e-01 5.381068e-01 6.510783e-01 8.446667e-01 1.209943e+00
3.890451e-01 5.299138e-01 6.440832e-01 8.340574e-01 1.215449e+00
3.981072e-01 5.218047e-01 6.371241e-01 8.235334e-01 1.221001e+00
4.073803e-01 5.137808e-01 6.302009e-01 8.130952e-01 1.226595e+00
4.168694e-01 5.058433e-01 6.233134e-01 8.027434e-01 1.232226e+00
4.265795e-01 4.979936e-01 6.164614e-01 7.924786e-01 1.237890e+00
4.365158e-01 4.902327e-01 6.096452e-01 7.823013e-01 1.243583e+00
4.466836e-01 4.825618e-01 6.028648e-01 7.722124e-01 1.249301e+00
4.570882e-01 4.749819e-01 5.961207e-01 7.622123e-01 1.255039e+00
4.677351e-01 4.674939e-01 5.894130e-01 7.523020e-01 1.260793e+00
4.786301e-01 4.600987e-01 5.827424e-01 7.424820e-01 1.266560e+00
4.897788e-01 4.527970e-01 5.761093e-01 7.327530e-01 1.272335e+00
5.011872e-01 4.455895e-01 5.695144e-01 7.231159e-01 1.278115e+00
5.128614e-01 4.384768e-01 5.629584e-01 7.135714e-01 1.283895e+00
5.248075e-01 4.314595e-01 5.564420e-01 7.041200e-01 1.289674e+00
5.370318e-01 4.245379e-01 5.499661e-01 6.947626e-01 1.295446e+00
5.495409e-01 4.177123e-01 5.435315e-01 6.854998e-01 1.301210e+00
5.623413e-01 4.109830e-01 5.371390e-01 6.763323e-01 1.306962e+00
5.754399e-01 4.043500e-01 5.307898e-01 6.672606e-01 1.312699e+00
5.888437e-01 3.978134e-01 5.244846e-01 6.582854e-01 1.318418e+00
6.025596e-01 3.913732e-01 5.182245e-01 6.494072e-01 1.324118e+00
6.165950e-01 3.850292e-01 5.120106e-01 6.406265e-01 1.329797e+00
6.309573e-01 3.787811e-01 5.058438e-01 6.319439e-01 1.335451e+00
6.456542e-01 3.726287e-01 4.997252e-01 6.233598e-01 1.341081e+00
6.606934e-01 3.665714e-01 4.936558e-01 6.148745e-01 1.346684e+00
6.760830e-01 3.606087e-01 4.876368e-01 6.064885e-01 1.352260e+00
6.918310e-01 3.547401e-01 4.816690e-01 5.982019e-01 1.357808e+00
7.079458e-01 3.489648e-01 4.757535e-01 5.900152e-01 1.363328e+00
7.244360e-01 3.432822e-01 4.698914e-01 5.819283e-01 1.368820e+00
7.413102e-01 3.376912e-01 4.640837e-01 5.739416e-01 1.374284e+00
7.585776e-01 3.321911e-01 4.583312e-01 5.660551e-01 1.379722e+00
7.762471e-01 3.267807e-01 4.526349e-01 5.582687e-01 1.385134e+00
7.943282e-01 3.214590e-01 4.469958e-01 5.505826e-01 1.390522e+00
8.128305e-01 3.162249e-01 4.414147e-01 5.429964e-01 1.395889e+00
8.317638e-01 3.110771e-01 4.358924e-01 5.355102e-01 1.401236e+00
8.511380e-01 3.060143e-01 4.304298e-01 5.281236e-01 1.406568e+00
8.709636e-01 3.010351e-01 4.250275e-01 5.208364e-01 1.411887e+00
8.912509e-01 2.961383e-01 4.196863e-01 5.136482e-01 1.417197e+00
9.120108e-01 2.913223e-01 4.144068e-01 5.065586e-01 1.422503e+00
9.332543e-01 2.865855e-01 4.091896e-01 4.995672e-01 1.427810e+00
9.549926e-01 2.819265e-01 4.040352e-01 4.926733e-01 1.433122e+00
9.772372e-01 2.773436e-01 3.989440e-01 4.858763e-01 1.438447e+00
1.000000e+00 2.728351e-01 3.939165e-01 4.791756e-01 1.443790e+00
1.023293e+00 2.683995e-01 3.889531e-01 4.725704e-01 1.449158e+00
1.047129e+00 2.640349e-01 3.840540e-01 4.660599e-01 1.454558e+00
1.071519e+00 2.597396e-01 3.792193e-01 4.596433e-01 1.459998e+00
1.096478e+00 2.555119e-01 3.744494e-01 4.533196e-01 1.465487e+00
1.122018e+00 2.513499e-01 3.697441e-01 4.470878e-01 1.471034e+00
1.148154e+00 2.472518e-01 3.651036e-01 4.409468e-01 1.476647e+00
1.174898e+00 2.432159e-01 3.605277e-01 4.348956e-01 1.482336e+00
1.202264e+00 2.392403e-01 3.560163e-01 4.289329e-01 1.488112e+00
1.230269e+00 2.353231e-01 3.515691e-01 4.230577e-01 1.493985e+00
1.258925e+00 2.314625e-01 3.471860e-01 4.172685e-01 1.499967e+00
1.288250e+00 2.276567e-01 3.428665e-01 4.115641e-01 1.506068e+00
1.318257e+00 2.239038e-01 3.386102e-01 4.059431e-01 1.512302e+00
1.348963e+00 2.202021e-01 3.344165e-01 4.004040e-01 1.518680e+00
1.380384e+00 2.165498e-01 3.302849e-01 3.949455e-01 1.525215e+00
1.412538e+00 2.129450e-01 3.262148e-01 3.895660e-01 1.531921e+00
1.445440e+00 2.093860e-01 3.222054e-01 3.842640e-01 1.538811e+00
1.479108e+00 2.058711e-01 3.182559e-01 3.790379e-01 1.545899e+00
1.513561e+00 2.023986e-01 3.143655e-01 3.738862e-01 1.553200e+00
1.548817e+00 1.989669e-01 3.105332e-01 3.688071e-01 1.560728e+00
1.584893e+00 1.955743e-01 3.067580e-01 3.637991e-01 1.568499e+00
1.621810e+00 1.922192e-01 3.030389e-01 3.588604e-01 1.576528e+00
1.659587e+00 1.889002e-01 2.993747e-01 3.539894e-01 1.584830e+00
1.698244e+00 1.856157e-01 2.957643e-01 3.491843e-01 1.593423e+00
1.737801e+00 1.823643e-01 2.922064e-01 3.444435e-01 1.602322e+00
1.778279e+00 1.791448e-01 2.886998e-01 3.397652e-01 1.611544e+00
1.819701e+00 1.759558e-01 2.852430e-01 3.351477e-01 1.621106e+00
1.862087e+00 1.727960e-01 2.818347e-01 3.305893e-01 1.631026e+00
1.905461e+00 1.696643e-01 2.784735e-01 3.260882e-01 1.641321e+00
1.949845e+00 1.665597e-01 2.751579e-01 3.216427e-01 1.652008e+00
1.995262e+00 1.634811e-01 2.718864e-01 3.172512e-01 1.663106e+00
2.041738e+00 1.604276e-01 2.686574e-01 3.129119e-01 1.674633e+00
2.089296e+00 1.573984e-01 2.654694e-01 3.086232e-01 1.686608e+00
2.137962e+00 1.543927e-01 2.623207e-01 3.043834e-01 1.699049e+00
2.187762e+00 1.514098e-01 2.592098e-01 3.001910e-01 1.711976e+00
2.238721e+00 1.484491e-01 2.561351e-01 2.960444e-01 1.725407e+00
2.290868e+00 1.455102e-01 2.530948e-01 2.919421e-01 1.739361e+00
2.344229e+00 1.425926e-01 2.500874e-01 2.878826e-01 1.753860e+00
2.398833e+00 1.396961e-01 2.471113e-01 2.838644e-01 1.768921e+00
2.454709e+00 1.368203e-01 2.441648e-01 2.798861e-01 1.784565e+00
2.511886e+00 1.339653e-01 2.412463e-01 2.759465e-01 1.800812e+00
2.570396e+00 1.311309e-01 2.383543e-01 2.720443e-01 1.817682e+00
2.630268e+00 1.283172e-01 2.354872e-01 2.681782e-01 1.835196e+00
2.691535e+00 1.255243e-01 2.326435e-01 2.643470e-01 1.853375e+00
2.754229e+00 1.227524e-01 2.298218e-01 2.605499e-01 1.872239e+00
2.818383e+00 1.200019e-01 2.270206e-01 2.567856e-01 1.891808e+00
2.884032e+00 1.172732e-01 2.242386e-01 2.530532e-01 1.912105e+00
2.951209e+00 1.145666e-01 2.214744e-01 2.493520e-01 1.933150e+00
3.019952e+00 1.118828e-01 2.187269e-01 2.456811e-01 1.954965e+00
3.090295e+00 1.092222e-01 2.159948e-01 2.420398e-01 1.977572e+00
3.162278e+00 1.065857e-01 2.132771e-01 2.384274e-01 2.000992e+00
3.235937e+00 1.039738e-01 2.105727e-01 2.348434e-01 2.025247e+00
3.311311e+00 1.013874e-01 2.078807e-01 2.312873e-01 2.050360e+00
3.388442e+00 9.882731e-02 2.052003e-01 2.277586e-01 2.076352e+00
3.467369e+00 9.629427e-02 2.025307e-01 2.242571e-01 2.103247e+00
3.548134e+00 9.378921e-02 1.998712e-01 2.207825e-01 2.131068e+00
3.630781e+00 9.131301e-02 1.972213e-01 2.173345e-01 2.159837e+00
3.715352e+00 8.886660e-02 1.945804e-01 2.139131e-01 2.189578e+00
3.801894e+00 8.645088e-02 1.919482e-01 2.105181e-01 2.220315e+00
3.890451e+00 8.406678e-02 1.893243e-01 2.071495e-01 2.252070e+00
3.981072e+00 8.171522e-02 1.867086e-01 2.038075e-01 2.284869e+00
4.073803e+00 7.939711e-02 1.841009e-01 2.004920e-01 2.318736e+00
4.168694e+00 7.711332e-02 1.815013e-01 1.972034e-01 2.353696e+00
4.265795e+00 7.486472e-02 1.789097e-01 1.939417e-01 2.389773e+00
4.365158e+00 7.265214e-02 1.763262e-01 1.907073e-01 2.426993e+00
4.466836e+00 7.047638e-02 1.737512e-01 1.875004e-01 2.465382e+00
4.570882e+00 6.833818e-02 1.711848e-01 1.843213e-01 2.504966e+00
4.677351e+00 6.623826e-02 1.686275e-01 1.811705e-01 2.545772e+00
4.786301e+00 6.417727e-02 1.660797e-01 1.780482e-01 2.587827e+00
4.897788e+00 6.215581e-02 1.635417e-01 1.749550e-01 2.631157e+00
5.011872e+00 6.017443e-02 1.610142e-01 1.718911e-01 2.675792e+00
5.128614e+00 5.823360e-02 1.584978e-01 1.688570e-01 2.721759e+00
5.248075e+00 5.633375e-02 1.559930e-01 1.658533e-01 2.769087e+00
5.370318e+00 5.447522e-02 1.535006e-01 1.628803e-01 2.817805e+00
5.495409e+00 5.265832e-02 1.510212e-01 1.599384e-01 2.867945e+00
5.623413e+00 5.088326e-02 1.485555e-01 1.570281e-01 2.919535e+00
5.754399e+00 4.915020e-02 1.461043e-01 1.541499e-01 2.972608e+00
5.888437e+00 4.745922e-02 1.436683e-01 1.513042e-01 3.027194e+00
6.025596e+00 4.581035e-02 1.412483e-01 1.484913e-01 3.083327e+00
6.165950e+00 4.420355e-02 1.388451e-01 1.457117e-01 3.141038e+00
6.309573e+00 4.263871e-02 1.364594e-01 1.429658e-01 3.200363e+00
6.456542e+00 4.111566e-02 1.340919e-01 1.402539e-01 3.261335e+00
6.606934e+00 3.963417e-02 1.317436e-01 1.375763e-01 3.323989e+00
6.760830e+00 3.819397e-02 1.294150e-01 1.349334e-01 3.388362e+00
6.918310e+00 3.679470e-02 1.271069e-01 1.323254e-01 3.454489e+00
7.079458e+00 3.543599e-02 1.248200e-01 1.297527e-01 3.522409e+00
7.244360e+00 3.411738e-02 1.225551e-01 1.272153e-01 3.592160e+00
7.413102e+00 3.283839e-02 1.203126e-01 1.247136e-01 3.663780e+00
7.585776e+00 3.159850e-02 1.180934e-01 1.222477e-01 3.737309e+00
7.762471e+00 3.039713e-02 1.158979e-01 1.198178e-01 3.812789e+00
7.943282e+00 2.923368e-02 1.137267e-01 1.174239e-01 3.890262e+00
8.128305e+00 2.810751e-02 1.115804e-01 1.150661e-01 3.969770e+00
8.317638e+00 2.701796e-02 1.094594e-01 1.127445e-01 4.051357e+00
8.511380e+00 2.596432e-02 1.073642e-01 1.104591e-01 4.135067e+00
8.709636e+00 2.494589e-02 1.052953e-01 1.082099e-01 4.220948e+00
8.912509e+00 2.396191e-02 1.032530e-01 1.059969e-01 4.309044e+00
9.120108e+00 2.301165e-02 1.012376e-01 1.038200e-01 4.399406e+00
9.332543e+00 2.209433e-02 9.924950e-02 1.016790e-01 4.492080e+00
9.549926e+00 2.120916e-02 9.728896e-02 9.957394e-02 4.587119e+00
9.772372e+00 2.035536e-02 9.535620e-02 9.750459e-02 4.684573e+00
1.000000e+01 1.953214e-02 9.345143e-02 9.547081e-02 4.784496e+00
