1.000000e-06 8.584575e+01 1.207482e+00 8.585424e+01 1.406571e-02
1.023293e-06 8.584477e+01 1.235590e+00 8.585366e+01 1.439330e-02
1.047129e-06 8.584374e+01 1.264352e+00 8.585305e+01 1.472852e-02
1.071519e-06 8.584266e+01 1.293782e+00 8.585241e+01 1.507155e-02
1.096478e-06 8.584153e+01 1.323896e+00 8.585174e+01 1.542256e-02
1.122018e-06 8.584035e+01 1.354710e+00 8.585104e+01 1.578174e-02
1.148154e-06 8.583911e+01 1.386241e+00 8.585030e+01 1.614929e-02
1.174898e-06 8.583781e+01 1.418504e+00 8.584953e+01 1.652540e-02
1.202264e-06 8.583646e+01 1.451516e+00 8.584873e+01 1.691026e-02
1.230269e-06 8.583504e+01 1.485296e+00 8.584788e+01 1.730408e-02
1.258925e-06 8.583355e+01 1.519860e+00 8.584700e+01 1.770706e-02
1.288250e-06 8.583199e+01 1.555227e+00 8.584608e+01 1.811943e-02
1.318257e-06 8.583036e+01 1.591415e+00 8.584511e+01 1.854140e-02
1.348963e-06 8.582865e+01 1.628444e+00 8.584410e+01 1.897320e-02
1.380384e-06 8.582686e+01 1.666332e+00 8.584303e+01 1.941504e-02
1.412538e-06 8.582499e+01 1.705099e+00 8.584192e+01 1.986717e-02
1.445440e-06 8.582302e+01 1.744766e+00 8.584076e+01 2.032982e-02
1.479108e-06 8.582097e+01 1.785354e+00 8.583954e+01 2.080324e-02
1.513561e-06 8.581882e+01 1.826883e+00 8.583826e+01 2.128768e-02
1.548817e-06 8.581657e+01 1.869376e+00 8.583693e+01 2.178339e-02
1.584893e-06 8.581421e+01 1.912854e+00 8.583553e+01 2.229064e-02
1.621810e-06 8.581174e+01 1.957340e+00 8.583406e+01 2.280969e-02
1.659587e-06 8.580916e+01 2.002857e+00 8.583253e+01 2.334083e-02
1.698244e-06 8.580645e+01 2.049429e+00 8.583092e+01 2.388432e-02
1.737801e-06 8.580362e+01 2.097080e+00 8.582924e+01 2.444046e-02
1.778279e-06 8.580065e+01 2.145835e+00 8.582748e+01 2.500954e-02
1.819701e-06 8.579755e+01 2.195719e+00 8.582564e+01 2.559186e-02
1.862087e-06 8.579429e+01 2.246757e+00 8.582371e+01 2.618772e-02
1.905461e-06 8.579089e+01 2.298977e+00 8.582169e+01 2.679745e-02
1.949845e-06 8.578732e+01 2.352406e+00 8.581957e+01 2.742137e-02
1.995262e-06 8.578359e+01 2.407070e+00 8.581735e+01 2.805979e-02
2.041738e-06 8.577968e+01 2.462998e+00 8.581503e+01 2.871307e-02
2.089296e-06 8.577559e+01 2.520219e+00 8.581261e+01 2.938154e-02
2.137962e-06 8.577130e+01 2.578762e+00 8.581006e+01 3.006555e-02
2.187762e-06 8.576682e+01 2.638657e+00 8.580740e+01 3.076547e-02
2.238721e-06 8.576212e+01 2.699935e+00 8.580461e+01 3.148167e-02
2.290868e-06 8.575720e+01 2.762627e+00 8.580169e+01 3.221452e-02
2.344229e-06 8.575206e+01 2.826765e+00 8.579864e+01 3.296440e-02
2.398833e-06 8.574667e+01 2.892383e+00 8.579543e+01 3.373172e-02
2.454709e-06 8.574102e+01 2.959512e+00 8.579208e+01 3.451688e-02
2.511886e-06 8.573511e+01 3.028188e+00 8.578858e+01 3.532028e-02
2.570396e-06 8.572893e+01 3.098445e+00 8.578490e+01 3.614235e-02
2.630268e-06 8.572245e+01 3.170319e+00 8.578106e+01 3.698353e-02
2.691535e-06 8.571567e+01 3.243845e+00 8.577703e+01 3.784425e-02
2.754229e-06 8.570858e+01 3.319062e+00 8.577282e+01 3.872497e-02
2.818383e-06 8.570115e+01 3.396006e+00 8.576840e+01 3.962614e-02
2.884032e-06 8.569337e+01 3.474716e+00 8.576378e+01 4.054825e-02
2.951209e-06 8.568522e+01 3.555231e+00 8.575895e+01 4.149177e-02
3.019952e-06 8.567670e+01 3.637592e+00 8.575388e+01 4.245719e-02
3.090295e-06 8.566777e+01 3.721839e+00 8.574858e+01 4.344504e-02
3.162278e-06 8.565843e+01 3.808015e+00 8.574303e+01 4.445581e-02
3.235937e-06 8.564865e+01 3.896160e+00 8.573722e+01 4.549004e-02
3.311311e-06 8.563841e+01 3.986319e+00 8.573114e+01 4.654827e-02
3.388442e-06 8.562769e+01 4.078537e+00 8.572477e+01 4.763105e-02
3.467369e-06 8.561647e+01 4.172856e+00 8.571810e+01 4.873894e-02
3.548134e-06 8.560473e+01 4.269325e+00 8.571112e+01 4.987253e-02
3.630781e-06 8.559243e+01 4.367988e+00 8.570382e+01 5.103241e-02
3.715352e-06 8.557957e+01 4.468894e+00 8.569617e+01 5.221917e-02
3.801894e-06 8.556610e+01 4.572091e+00 8.568816e+01 5.343344e-02
3.890451e-06 8.555200e+01 4.677628e+00 8.567978e+01 5.467584e-02
3.981072e-06 8.553724e+01 4.785555e+00 8.567101e+01 5.594703e-02
4.073803e-06 8.552180e+01 4.895922e+00 8.566182e+01 5.724765e-02
4.168694e-06 8.550563e+01 5.008782e+00 8.565221e+01 5.857839e-02
4.265795e-06 8.548872e+01 5.124188e+00 8.564215e+01 5.993993e-02
4.365158e-06 8.547101e+01 5.242191e+00 8.563162e+01 6.133297e-02
4.466836e-06 8.545248e+01 5.362847e+00 8.562059e+01 6.275824e-02
4.570882e-06 8.543308e+01 5.486211e+00 8.560905e+01 6.421647e-02
4.677351e-06 8.541279e+01 5.612339e+00 8.559698e+01 6.570841e-02
4.786301e-06 8.539155e+01 5.741286e+00 8.558434e+01 6.723482e-02
4.897788e-06 8.536932e+01 5.873111e+00 8.557111e+01 6.879650e-02
5.011872e-06 8.534606e+01 6.007871e+00 8.555726e+01 7.039423e-02
5.128614e-06 8.532173e+01 6.145626e+00 8.554277e+01 7.202885e-02
5.248075e-06 8.529626e+01 6.286434e+00 8.552761e+01 7.370117e-02
5.370318e-06 8.526962e+01 6.430358e+00 8.551174e+01 7.541206e-02
5.495409e-06 8.524174e+01 6.577456e+00 8.549513e+01 7.716239e-02
5.623413e-06 8.521258e+01 6.727792e+00 8.547775e+01 7.895304e-02
5.754399e-06 8.518206e+01 6.881426e+00 8.545957e+01 8.078492e-02
5.888437e-06 8.515014e+01 7.038422e+00 8.544054e+01 8.265896e-02
6.025596e-06 8.511675e+01 7.198843e+00 8.542063e+01 8.457611e-02
6.165950e-06 8.508181e+01 7.362753e+00 8.539979e+01 8.653733e-02
6.309573e-06 8.504527e+01 7.530214e+00 8.537800e+01 8.854360e-02
6.456542e-06 8.500705e+01 7.701293e+00 8.535519e+01 9.059593e-02
6.606934e-06 8.496708e+01 7.876052e+00 8.533134e+01 9.269534e-02
6.760830e-06 8.492527e+01 8.054558e+00 8.530638e+01 9.484288e-02
6.918310e-06 8.488155e+01 8.236874e+00 8.528027e+01 9.703963e-02
7.079458e-06 8.483583e+01 8.423065e+00 8.525295e+01 9.928665e-02
7.244360e-06 8.478802e+01 8.613197e+00 8.522439e+01 1.015851e-01
7.413102e-06 8.473803e+01 8.807332e+00 8.519450e+01 1.039360e-01
7.585776e-06 8.468577e+01 9.005536e+00 8.516325e+01 1.063406e-01
7.762471e-06 8.463113e+01 9.207873e+00 8.513056e+01 1.088001e-01
7.943282e-06 8.457401e+01 9.414404e+00 8.509638e+01 1.113156e-01
8.128305e-06 8.451430e+01 9.625192e+00 8.506064e+01 1.138883e-01
8.317638e-06 8.445190e+01 9.840299e+00 8.502326e+01 1.165196e-01
8.511380e-06 8.438668e+01 1.005979e+01 8.498418e+01 1.192106e-01
8.709636e-06 8.431852e+01 1.028371e+01 8.494332e+01 1.219626e-01
8.912509e-06 8.424730e+01 1.051213e+01 8.490060e+01 1.247770e-01
9.120108e-06 8.417289e+01 1.074510e+01 8.485595e+01 1.276551e-01
9.332543e-06 8.409515e+01 1.098268e+01 8.480927e+01 1.305982e-01
9.549926e-06 8.401394e+01 1.122491e+01 8.476049e+01 1.336077e-01
9.772372e-06 8.392911e+01 1.147185e+01 8.470950e+01 1.366850e-01
1.000000e-05 8.384052e+01 1.172355e+01 8.465622e+01 1.398315e-01
1.023293e-05 8.374801e+01 1.198004e+01 8.460054e+01 1.430487e-01
1.047129e-05 8.365142e+01 1.224138e+01 8.454237e+01 1.463380e-01
1.071519e-05 8.355058e+01 1.250759e+01 8.448160e+01 1.497008e-01
1.096478e-05 8.344532e+01 1.277872e+01 8.441811e+01 1.531388e-01
1.122018e-05 8.333546e+01 1.305478e+01 8.435180e+01 1.566533e-01
1.148154e-05 8.322082e+01 1.333581e+01 8.428255e+01 1.602461e-01
1.174898e-05 8.310120e+01 1.362182e+01 8.421024e+01 1.639185e-01
1.202264e-05 8.297642e+01 1.391284e+01 8.413473e+01 1.676722e-01
1.230269e-05 8.284627e+01 1.420887e+01 8.405591e+01 1.715088e-01
1.258925e-05 8.271054e+01 1.450991e+01 8.397363e+01 1.754300e-01
1.288250e-05 8.256901e+01 1.481595e+01 8.388775e+01 1.794372e-01
1.318257e-05 8.242149e+01 1.512700e+01 8.379813e+01 1.835322e-01
1.348963e-05 8.226772e+01 1.544303e+01 8.370463e+01 1.877167e-01
1.380384e-05 8.210750e+01 1.576400e+01 8.360709e+01 1.919923e-01
1.412538e-05 8.194058e+01 1.608990e+01 8.350535e+01 1.963606e-01
1.445440e-05 8.176671e+01 1.642067e+01 8.339925e+01 2.008234e-01
1.479108e-05 8.158567e+01 1.675626e+01 8.328862e+01 2.053824e-01
1.513561e-05 8.139719e+01 1.709660e+01 8.317329e+01 2.100392e-01
1.548817e-05 8.120102e+01 1.744163e+01 8.305309e+01 2.147957e-01
1.584893e-05 8.099690e+01 1.779124e+01 8.292783e+01 2.196534e-01
1.621810e-05 8.078456e+01 1.814535e+01 8.279734e+01 2.246141e-01
1.659587e-05 8.056375e+01 1.850383e+01 8.266141e+01 2.296794e-01
1.698244e-05 8.033418e+01 1.886658e+01 8.251987e+01 2.348512e-01
1.737801e-05 8.009559e+01 1.923343e+01 8.237250e+01 2.401310e-01
1.778279e-05 7.984771e+01 1.960425e+01 8.221911e+01 2.455205e-01
1.819701e-05 7.959025e+01 1.997886e+01 8.205950e+01 2.510214e-01
1.862087e-05 7.932294e+01 2.035707e+01 8.189346e+01 2.566354e-01
1.905461e-05 7.904550e+01 2.073869e+01 8.172077e+01 2.623640e-01
1.949845e-05 7.875767e+01 2.112349e+01 8.154123e+01 2.682087e-01
1.995262e-05 7.845916e+01 2.151125e+01 8.135461e+01 2.741713e-01
2.041738e-05 7.814970e+01 2.190169e+01 8.116070e+01 2.802530e-01
2.089296e-05 7.782903e+01 2.229456e+01 8.095928e+01 2.864555e-01
2.137962e-05 7.749688e+01 2.268955e+01 8.075012e+01 2.927802e-01
2.187762e-05 7.715300e+01 2.308636e+01 8.053301e+01 2.992283e-01
2.238721e-05 7.679714e+01 2.348465e+01 8.030772e+01 3.058011e-01
2.290868e-05 7.642906e+01 2.388408e+01 8.007403e+01 3.125000e-01
2.344229e-05 7.604853e+01 2.428428e+01 7.983173e+01 3.193260e-01
2.398833e-05 7.565533e+01 2.468484e+01 7.958059e+01 3.262803e-01
2.454709e-05 7.524926e+01 2.508537e+01 7.932040e+01 3.333637e-01
2.511886e-05 7.483011e+01 2.548543e+01 7.905095e+01 3.405771e-01
2.570396e-05 7.439773e+01 2.588456e+01 7.877203e+01 3.479214e-01
2.630268e-05 7.395194e+01 2.628231e+01 7.848343e+01 3.553972e-01
2.691535e-05 7.349262e+01 2.667818e+01 7.818497e+01 3.630049e-01
2.754229e-05 7.301963e+01 2.707166e+01 7.787645e+01 3.707450e-01
2.818383e-05 7.253290e+01 2.746223e+01 7.755769e+01 3.786176e-01
2.884032e-05 7.203234e+01 2.784935e+01 7.722852e+01 3.866229e-01
2.951209e-05 7.151791e+01 2.823247e+01 7.688878e+01 3.947608e-01
3.019952e-05 7.098960e+01 2.861101e+01 7.653831e+01 4.030310e-01
3.090295e-05 7.044741e+01 2.898439e+01 7.617698e+01 4.114330e-01
3.162278e-05 6.989139e+01 2.935201e+01 7.580466e+01 4.199660e-01
3.235937e-05 6.932161e+01 2.971328e+01 7.542125e+01 4.286294e-01
3.311311e-05 6.873818e+01 3.006758e+01 7.502664e+01 4.374218e-01
3.388442e-05 6.814124e+01 3.041429e+01 7.462076e+01 4.463419e-01
3.467369e-05 6.753097e+01 3.075280e+01 7.420355e+01 4.553881e-01
3.548134e-05 6.690758e+01 3.108249e+01 7.377496e+01 4.645585e-01
3.630781e-05 6.627132e+01 3.140273e+01 7.333498e+01 4.738509e-01
3.715352e-05 6.562248e+01 3.171290e+01 7.288360e+01 4.832628e-01
3.801894e-05 6.496140e+01 3.201241e+01 7.242084e+01 4.927913e-01
3.890451e-05 6.428843e+01 3.230066e+01 7.194675e+01 5.024335e-01
3.981072e-05 6.360398e+01 3.257705e+01 7.146139e+01 5.121857e-01
4.073803e-05 6.290849e+01 3.284101e+01 7.096485e+01 5.220441e-01
4.168694e-05 6.220244e+01 3.309199e+01 7.045725e+01 5.320047e-01
4.265795e-05 6.148635e+01 3.332946e+01 6.993872e+01 5.420627e-01
4.365158e-05 6.076077e+01 3.355291e+01 6.940943e+01 5.522134e-01
4.466836e-05 6.002628e+01 3.376186e+01 6.886957e+01 5.624513e-01
4.570882e-05 5.928350e+01 3.395585e+01 6.831935e+01 5.727706e-01
4.677351e-05 5.853309e+01 3.413447e+01 6.775902e+01 5.831653e-01
4.786301e-05 5.777572e+01 3.429732e+01 6.718884e+01 5.936286e-01
4.897788e-05 5.701209e+01 3.444407e+01 6.660910e+01 6.041537e-01
5.011872e-05 5.624293e+01 3.457439e+01 6.602011e+01 6.147331e-01
5.128614e-05 5.546899e+01 3.468802e+01 6.542222e+01 6.253589e-01
5.248075e-05 5.469103e+01 3.478474e+01 6.481580e+01 6.360228e-01
5.370318e-05 5.390985e+01 3.486436e+01 6.420121e+01 6.467160e-01
5.495409e-05 5.312622e+01 3.492675e+01 6.357887e+01 6.574295e-01
5.623413e-05 5.234096e+01 3.497181e+01 6.294921e+01 6.681537e-01
5.754399e-05 5.155487e+01 3.499949e+01 6.231267e+01 6.788786e-01
5.888437e-05 5.076875e+01 3.500981e+01 6.166971e+01 6.895938e-01
6.025596e-05 4.998341e+01 3.500282e+01 6.102080e+01 7.002887e-01
6.165950e-05 4.919965e+01 3.497860e+01 6.036645e+01 7.109521e-01
6.309573e-05 4.841827e+01 3.493729e+01 5.970715e+01 7.215726e-01
6.456542e-05 4.764004e+01 3.487910e+01 5.904341e+01 7.321385e-01
6.606934e-05 4.686571e+01 3.480425e+01 5.837577e+01 7.426378e-01
6.760830e-05 4.609605e+01 3.471301e+01 5.770476e+01 7.530582e-01
6.918310e-05 4.533176e+01 3.460570e+01 5.703090e+01 7.633874e-01
7.079458e-05 4.457356e+01 3.448267e+01 5.635474e+01 7.736126e-01
7.244360e-05 4.382210e+01 3.434431e+01 5.567681e+01 7.837212e-01
7.413102e-05 4.307803e+01 3.419104e+01 5.499767e+01 7.937002e-01
7.585776e-05 4.234195e+01 3.402332e+01 5.431784e+01 8.035369e-01
7.762471e-05 4.161446e+01 3.384164e+01 5.363785e+01 8.132183e-01
7.943282e-05 4.089608e+01 3.364650e+01 5.295825e+01 8.227317e-01
8.128305e-05 4.018732e+01 3.343844e+01 5.227953e+01 8.320643e-01
8.317638e-05 3.948866e+01 3.321801e+01 5.160223e+01 8.412038e-01
8.511380e-05 3.880051e+01 3.298578e+01 5.092682e+01 8.501377e-01
8.709636e-05 3.812328e+01 3.274234e+01 5.025381e+01 8.588542e-01
8.912509e-05 3.745731e+01 3.248828e+01 4.958365e+01 8.673416e-01
9.120108e-05 3.680292e+01 3.222422e+01 4.891682e+01 8.755887e-01
9.332543e-05 3.616038e+01 3.195076e+01 4.825375e+01 8.835847e-01
9.549926e-05 3.552993e+01 3.166852e+01 4.759486e+01 8.913193e-01
9.772372e-05 3.491177e+01 3.137810e+01 4.694057e+01 8.987828e-01
1.000000e-04 3.430606e+01 3.108013e+01 4.629126e+01 9.059661e-01
1.023293e-04 3.371293e+01 3.077521e+01 4.564729e+01 9.128608e-01
1.047129e-04 3.313246e+01 3.046394e+01 4.500901e+01 9.194592e-01
1.071519e-04 3.256471e+01 3.014691e+01 4.437676e+01 9.257541e-01
1.096478e-04 3.200971e+01 2.982471e+01 4.375083e+01 9.317395e-01
1.122018e-04 3.146746e+01 2.949790e+01 4.313151e+01 9.374098e-01
1.148154e-04 3.093791e+01 2.916704e+01 4.251906e+01 9.427603e-01
1.174898e-04 3.042101e+01 2.883265e+01 4.191372e+01 9.477874e-01
1.202264e-04 2.991668e+01 2.849528e+01 4.131572e+01 9.524880e-01
1.230269e-04 2.942480e+01 2.815541e+01 4.072525e+01 9.568600e-01
1.258925e-04 2.894523e+01 2.781353e+01 4.014248e+01 9.609021e-01
1.288250e-04 2.847783e+01 2.747011e+01 3.956759e+01 9.646140e-01
1.318257e-04 2.802243e+01 2.712559e+01 3.900069e+01 9.679958e-01
1.348963e-04 2.757883e+01 2.678039e+01 3.844192e+01 9.710490e-01
1.380384e-04 2.714684e+01 2.643492e+01 3.789136e+01 9.737753e-01
1.412538e-04 2.672623e+01 2.608954e+01 3.734910e+01 9.761774e-01
1.445440e-04 2.631679e+01 2.574463e+01 3.681520e+01 9.782588e-01
1.479108e-04 2.591827e+01 2.540051e+01 3.628970e+01 9.800234e-01
1.513561e-04 2.553043e+01 2.505750e+01 3.577264e+01 9.814759e-01
1.548817e-04 2.515302e+01 2.471590e+01 3.526401e+01 9.826216e-01
1.584893e-04 2.478579e+01 2.437598e+01 3.476383e+01 9.834661e-01
1.621810e-04 2.442846e+01 2.403799e+01 3.427206e+01 9.840157e-01
1.659587e-04 2.408078e+01 2.370215e+01 3.378870e+01 9.842768e-01
1.698244e-04 2.374249e+01 2.336870e+01 3.331368e+01 9.842566e-01
1.737801e-04 2.341331e+01 2.303781e+01 3.284697e+01 9.839621e-01
1.778279e-04 2.309299e+01 2.270966e+01 3.238850e+01 9.834008e-01
1.819701e-04 2.278126e+01 2.238442e+01 3.193819e+01 9.825804e-01
1.862087e-04 2.247786e+01 2.206222e+01 3.149596e+01 9.815086e-01
1.905461e-04 2.218255e+01 2.174319e+01 3.106174e+01 9.801933e-01
1.949845e-04 2.189506e+01 2.142743e+01 3.063541e+01 9.786423e-01
1.995262e-04 2.161516e+01 2.111506e+01 3.021689e+01 9.768635e-01
2.041738e-04 2.134259e+01 2.080614e+01 2.980607e+01 9.748647e-01
2.089296e-04 2.107714e+01 2.050076e+01 2.940284e+01 9.726536e-01
2.137962e-04 2.081856e+01 2.019896e+01 2.900708e+01 9.702378e-01
2.187762e-04 2.056665e+01 1.990080e+01 2.861868e+01 9.676246e-01
2.238721e-04 2.032119e+01 1.960631e+01 2.823753e+01 9.648214e-01
2.290868e-04 2.008196e+01 1.931554e+01 2.786351e+01 9.618351e-01
2.344229e-04 1.984878e+01 1.902848e+01 2.749650e+01 9.586726e-01
2.398833e-04 1.962146e+01 1.874517e+01 2.713638e+01 9.553405e-01
2.454709e-04 1.939981e+01 1.846561e+01 2.678304e+01 9.518452e-01
2.511886e-04 1.918365e+01 1.818980e+01 2.643636e+01 9.481929e-01
2.570396e-04 1.897283e+01 1.791774e+01 2.609624e+01 9.443895e-01
2.630268e-04 1.876718e+01 1.764942e+01 2.576255e+01 9.404407e-01
2.691535e-04 1.856655e+01 1.738482e+01 2.543519e+01 9.363521e-01
2.754229e-04 1.837079e+01 1.712395e+01 2.511405e+01 9.321290e-01
2.818383e-04 1.817978e+01 1.686677e+01 2.479904e+01 9.277767e-01
2.884032e-04 1.799337e+01 1.661328e+01 2.449004e+01 9.233000e-01
2.951209e-04 1.781144e+01 1.636345e+01 2.418698e+01 9.187041e-01
3.019952e-04 1.763388e+01 1.611726e+01 2.388974e+01 9.139936e-01
3.090295e-04 1.746058e+01 1.587469e+01 2.359825e+01 9.091733e-01
3.162278e-04 1.729141e+01 1.563572e+01 2.331242e+01 9.042479e-01
3.235937e-04 1.712629e+01 1.540034e+01 2.303216e+01 8.992220e-01
3.311311e-04 1.696512e+01 1.516852e+01 2.275740e+01 8.941004e-01
3.388442e-04 1.680779e+01 1.494024e+01 2.248805e+01 8.888877e-01
3.467369e-04 1.665422e+01 1.471548e+01 2.222405e+01 8.835886e-01
3.548134e-04 1.650433e+01 1.449424e+01 2.196533e+01 8.782080e-01
3.630781e-04 1.635803e+01 1.427648e+01 2.171181e+01 8.727508e-01
3.715352e-04 1.621523e+01 1.406220e+01 2.146344e+01 8.672221e-01
3.801894e-04 1.607586e+01 1.385139e+01 2.122014e+01 8.616268e-01
3.890451e-04 1.593984e+01 1.364404e+01 2.098186e+01 8.559705e-01
3.981072e-04 1.580710e+01 1.344012e+01 2.074853e+01 8.502584e-01
4.073803e-04 1.567756e+01 1.323964e+01 2.052009e+01 8.444963e-01
4.168694e-04 1.555115e+01 1.304259e+01 2.029649e+01 8.386899e-01
4.265795e-04 1.542779e+01 1.284896e+01 2.007766e+01 8.328451e-01
4.365158e-04 1.530741e+01 1.265874e+01 1.986355e+01 8.269681e-01
4.466836e-04 1.518995e+01 1.247194e+01 1.965410e+01 8.210651e-01
4.570882e-04 1.507532e+01 1.228854e+01 1.944925e+01 8.151426e-01
4.677351e-04 1.496346e+01 1.210854e+01 1.924894e+01 8.092073e-01
4.786301e-04 1.485429e+01 1.193194e+01 1.905311e+01 8.032657e-01
4.897788e-04 1.474774e+01 1.175874e+01 1.886170e+01 7.973248e-01
5.011872e-04 1.464374e+01 1.158893e+01 1.867465e+01 7.913916e-01
5.128614e-04 1.454221e+01 1.142252e+01 1.849188e+01 7.854732e-01
5.248075e-04 1.444308e+01 1.125949e+01 1.831335e+01 7.795768e-01
5.370318e-04 1.434627e+01 1.109985e+01 1.813897e+01 7.737094e-01
5.495409e-04 1.425172e+01 1.094359e+01 1.796868e+01 7.678785e-01
5.623413e-04 1.415933e+01 1.079070e+01 1.780241e+01 7.620914e-01
5.754399e-04 1.406904e+01 1.064119e+01 1.764009e+01 7.563552e-01
5.888437e-04 1.398077e+01 1.049504e+01 1.748164e+01 7.506774e-01
6.025596e-04 1.389443e+01 1.035225e+01 1.732698e+01 7.450650e-01
6.165950e-04 1.380995e+01 1.021281e+01 1.717604e+01 7.395254e-01
6.309573e-04 1.372726e+01 1.007671e+01 1.702873e+01 7.340656e-01
6.456542e-04 1.364627e+01 9.943935e+00 1.688498e+01 7.286926e-01
6.606934e-04 1.356690e+01 9.814474e+00 1.674469e+01 7.234133e-01
6.760830e-04 1.348907e+01 9.688312e+00 1.660778e+01 7.182344e-01
6.918310e-04 1.341270e+01 9.565434e+00 1.647416e+01 7.131626e-01
7.079458e-04 1.333771e+01 9.445821e+00 1.634374e+01 7.082042e-01
7.244360e-04 1.326402e+01 9.329453e+00 1.621644e+01 7.033655e-01
7.413102e-04 1.319155e+01 9.216310e+00 1.609215e+01 6.986526e-01
7.585776e-04 1.312022e+01 9.106366e+00 1.597079e+01 6.940713e-01
7.762471e-04 1.304995e+01 8.999598e+00 1.585225e+01 6.896273e-01
7.943282e-04 1.298065e+01 8.895978e+00 1.573645e+01 6.853259e-01
8.128305e-04 1.291226e+01 8.795476e+00 1.562328e+01 6.811724e-01
8.317638e-04 1.284469e+01 8.698062e+00 1.551265e+01 6.771717e-01
8.511380e-04 1.277787e+01 8.603702e+00 1.540446e+01 6.733285e-01
8.709636e-04 1.271171e+01 8.512360e+00 1.529862e+01 6.696473e-01
8.912509e-04 1.264614e+01 8.424001e+00 1.519502e+01 6.661324e-01
9.120108e-04 1.258108e+01 8.338585e+00 1.509356e+01 6.627876e-01
9.332543e-04 1.251647e+01 8.256072e+00 1.499416e+01 6.596167e-01
9.549926e-04 1.245222e+01 8.176417e+00 1.489670e+01 6.566231e-01
9.772372e-04 1.238827e+01 8.099578e+00 1.480109e+01 6.538102e-01
1.000000e-03 1.232454e+01 8.025506e+00 1.470724e+01 6.511810e-01
1.023293e-03 1.226096e+01 7.954155e+00 1.461506e+01 6.487381e-01
1.047129e-03 1.219747e+01 7.885473e+00 1.452443e+01 6.464840e-01
1.071519e-03 1.213400e+01 7.819409e+00 1.443528e+01 6.444212e-01
1.096478e-03 1.207048e+01 7.755909e+00 1.434750e+01 6.425516e-01
1.122018e-03 1.200686e+01 7.694919e+00 1.426101e+01 6.408771e-01
1.148154e-03 1.194305e+01 7.636380e+00 1.417571e+01 6.393994e-01
1.174898e-03 1.187902e+01 7.580236e+00 1.409152e+01 6.381197e-01
1.202264e-03 1.181469e+01 7.526424e+00 1.400835e+01 6.370395e-01
1.230269e-03 1.175001e+01 7.474885e+00 1.392612e+01 6.361597e-01
1.258925e-03 1.168494e+01 7.425555e+00 1.384473e+01 6.354811e-01
1.288250e-03 1.161940e+01 7.378370e+00 1.376411e+01 6.350044e-01
1.318257e-03 1.155336e+01 7.333264e+00 1.368418e+01 6.347301e-01
1.348963e-03 1.148676e+01 7.290171e+00 1.360486e+01 6.346584e-01
1.380384e-03 1.141956e+01 7.249021e+00 1.352608e+01 6.347897e-01
1.412538e-03 1.135172e+01 7.209746e+00 1.344775e+01 6.351237e-01
1.445440e-03 1.128319e+01 7.172275e+00 1.336981e+01 6.356605e-01
1.479108e-03 1.121393e+01 7.136538e+00 1.329219e+01 6.363996e-01
1.513561e-03 1.114390e+01 7.102461e+00 1.321482e+01 6.373407e-01
1.548817e-03 1.107308e+01 7.069971e+00 1.313764e+01 6.384831e-01
1.584893e-03 1.100142e+01 7.038995e+00 1.306058e+01 6.398261e-01
1.621810e-03 1.092890e+01 7.009457e+00 1.298358e+01 6.413689e-01
1.659587e-03 1.085549e+01 6.981282e+00 1.290659e+01 6.431105e-01
1.698244e-03 1.078117e+01 6.954395e+00 1.282955e+01 6.450499e-01
1.737801e-03 1.070592e+01 6.928719e+00 1.275241e+01 6.471858e-01
1.778279e-03 1.062971e+01 6.904177e+00 1.267511e+01 6.495169e-01
1.819701e-03 1.055253e+01 6.880691e+00 1.259761e+01 6.520417e-01
1.862087e-03 1.047437e+01 6.858186e+00 1.251987e+01 6.547588e-01
1.905461e-03 1.039521e+01 6.836582e+00 1.244184e+01 6.576665e-01
1.949845e-03 1.031505e+01 6.815804e+00 1.236347e+01 6.607630e-01
1.995262e-03 1.023388e+01 6.795774e+00 1.228474e+01 6.640464e-01
2.041738e-03 1.015171e+01 6.776415e+00 1.220561e+01 6.675147e-01
2.089296e-03 1.006852e+01 6.757650e+00 1.212605e+01 6.711659e-01
2.137962e-03 9.984334e+00 6.739404e+00 1.204602e+01 6.749978e-01
2.187762e-03 9.899148e+00 6.721601e+00 1.196549e+01 6.790081e-01
2.238721e-03 9.812973e+00 6.704167e+00 1.188446e+01 6.831943e-01
2.290868e-03 9.725823e+00 6.687028e+00 1.180288e+01 6.875539e-01
2.344229e-03 9.637714e+00 6.670112e+00 1.172075e+01 6.920844e-01
2.398833e-03 9.548664e+00 6.653346e+00 1.163804e+01 6.967829e-01
2.454709e-03 9.458695e+00 6.636662e+00 1.155475e+01 7.016467e-01
2.511886e-03 9.367830e+00 6.619990e+00 1.147085e+01 7.066728e-01
2.570396e-03 9.276096e+00 6.603264e+00 1.138635e+01 7.118581e-01
2.630268e-03 9.183524e+00 6.586418e+00 1.130124e+01 7.171994e-01
2.691535e-03 9.090145e+00 6.569389e+00 1.121551e+01 7.226936e-01
2.754229e-03 8.995994e+00 6.552117e+00 1.112916e+01 7.283371e-01
2.818383e-03 8.901109e+00 6.534541e+00 1.104219e+01 7.341266e-01
2.884032e-03 8.805528e+00 6.516605e+00 1.095461e+01 7.400584e-01
2.951209e-03 8.709294e+00 6.498255e+00 1.086642e+01 7.461288e-01
3.019952e-03 8.612450e+00 6.479440e+00 1.077764e+01 7.523340e-01
3.090295e-03 8.515043e+00 6.460109e+00 1.068826e+01 7.586702e-01
3.162278e-03 8.417118e+00 6.440218e+00 1.059832e+01 7.651333e-01
3.235937e-03 8.318727e+00 6.419722e+00 1.050781e+01 7.717193e-01
3.311311e-03 8.219918e+00 6.398581e+00 1.041676e+01 7.784239e-01
3.388442e-03 8.120745e+00 6.376757e+00 1.032519e+01 7.852429e-01
3.467369e-03 8.021259e+00 6.354217e+00 1.023312e+01 7.921720e-01
3.548134e-03 7.921516e+00 6.330928e+00 1.014057e+01 7.992066e-01
3.630781e-03 7.821570e+00 6.306863e+00 1.004756e+01 8.063424e-01
3.715352e-03 7.721476e+00 6.281997e+00 9.954128e+00 8.135747e-01
3.801894e-03 7.621289e+00 6.256308e+00 9.860296e+00 8.208988e-01
3.890451e-03 7.521067e+00 6.229776e+00 9.766092e+00 8.283102e-01
3.981072e-03 7.420865e+00 6.202388e+00 9.671548e+00 8.358039e-01
4.073803e-03 7.320738e+00 6.174129e+00 9.576694e+00 8.433753e-01
4.168694e-03 7.220742e+00 6.144992e+00 9.481563e+00 8.510195e-01
4.265795e-03 7.120933e+00 6.114970e+00 9.386189e+00 8.587316e-01
4.365158e-03 7.021364e+00 6.084059e+00 9.290604e+00 8.665067e-01
4.466836e-03 6.922089e+00 6.052259e+00 9.194844e+00 8.743399e-01
4.570882e-03 6.823161e+00 6.019572e+00 9.098943e+00 8.822263e-01
4.677351e-03 6.724631e+00 5.986003e+00 9.002938e+00 8.901608e-01
4.786301e-03 6.626549e+00 5.951560e+00 8.906863e+00 8.981387e-01
4.897788e-03 6.528964e+00 5.916252e+00 8.810755e+00 9.061549e-01
5.011872e-03 6.431923e+00 5.880093e+00 8.714650e+00 9.142045e-01
5.128614e-03 6.335472e+00 5.843096e+00 8.618583e+00 9.222826e-01
5.248075e-03 6.239654e+00 5.805277e+00 8.522589e+00 9.303844e-01
5.370318e-03 6.144513e+00 5.766656e+00 8.426705e+00 9.385050e-01
5.495409e-03 6.050087e+00 5.727252e+00 8.330965e+00 9.466395e-01
5.623413e-03 5.956417e+00 5.687087e+00 8.235403e+00 9.547833e-01
5.754399e-03 5.863537e+00 5.646184e+00 8.140053e+00 9.629315e-01
5.888437e-03 5.771483e+00 5.604568e+00 8.044949e+00 9.710795e-01
6.025596e-03 5.680286e+00 5.562265e+00 7.950122e+00 9.792226e-01
6.165950e-03 5.589978e+00 5.519301e+00 7.855605e+00 9.873564e-01
6.309573e-03 5.500587e+00 5.475703e+00 7.761429e+00 9.954762e-01
6.456542e-03 5.412139e+00 5.431501e+00 7.667624e+00 1.003578e+00
6.606934e-03 5.324658e+00 5.386723e+00 7.574218e+00 1.011656e+00
6.760830e-03 5.238167e+00 5.341399e+00 7.481239e+00 1.019708e+00
6.918310e-03 5.152686e+00 5.295559e+00 7.388716e+00 1.027728e+00
7.079458e-03 5.068234e+00 5.249232e+00 7.296673e+00 1.035712e+00
7.244360e-03 4.984828e+00 5.202449e+00 7.205136e+00 1.043657e+00
7.413102e-03 4.902481e+00 5.155241e+00 7.114129e+00 1.051558e+00
7.585776e-03 4.821208e+00 5.107637e+00 7.023674e+00 1.059410e+00
7.762471e-03 4.741019e+00 5.059668e+00 6.933794e+00 1.067211e+00
7.943282e-03 4.661925e+00 5.011364e+00 6.844510e+00 1.074956e+00
8.128305e-03 4.583933e+00 4.962755e+00 6.755840e+00 1.082641e+00
8.317638e-03 4.507049e+00 4.913869e+00 6.667803e+00 1.090263e+00
8.511380e-03 4.431281e+00 4.864736e+00 6.580418e+00 1.097817e+00
8.709636e-03 4.356630e+00 4.815384e+00 6.493700e+00 1.105300e+00
8.912509e-03 4.283099e+00 4.765841e+00 6.407665e+00 1.112709e+00
9.120108e-03 4.210690e+00 4.716134e+00 6.322328e+00 1.120038e+00
9.332543e-03 4.139403e+00 4.666291e+00 6.237702e+00 1.127286e+00
9.549926e-03 4.069236e+00 4.616336e+00 6.153799e+00 1.134448e+00
9.772372e-03 4.000189e+00 4.566297e+00 6.070632e+00 1.141520e+00
1.000000e-02 3.932256e+00 4.516197e+00 5.988211e+00 1.148500e+00
1.023293e-02 3.865436e+00 4.466060e+00 5.906546e+00 1.155383e+00
1.047129e-02 3.799722e+00 4.415911e+00 5.825646e+00 1.162167e+00
1.071519e-02 3.735109e+00 4.365771e+00 5.745520e+00 1.168847e+00
1.096478e-02 3.671592e+00 4.315663e+00 5.666174e+00 1.175420e+00
1.122018e-02 3.609162e+00 4.265607e+00 5.587616e+00 1.181883e+00
1.148154e-02 3.547813e+00 4.215625e+00 5.509852e+00 1.188232e+00
1.174898e-02 3.487537e+00 4.165736e+00 5.432888e+00 1.194464e+00
1.202264e-02 3.428324e+00 4.115959e+00 5.356727e+00 1.200575e+00
1.230269e-02 3.370166e+00 4.066312e+00 5.281374e+00 1.206561e+00
1.258925e-02 3.313053e+00 4.016814e+00 5.206833e+00 1.212421e+00
1.288250e-02 3.256975e+00 3.967480e+00 5.133107e+00 1.218149e+00
1.318257e-02 3.201922e+00 3.918328e+00 5.060198e+00 1.223743e+00
1.348963e-02 3.147884e+00 3.869373e+00 4.988108e+00 1.229198e+00
1.380384e-02 3.094849e+00 3.820630e+00 4.916839e+00 1.234513e+00
1.412538e-02 3.042807e+00 3.772114e+00 4.846392e+00 1.239682e+00
1.445440e-02 2.991746e+00 3.723837e+00 4.776767e+00 1.244704e+00
1.479108e-02 2.941655e+00 3.675814e+00 4.707966e+00 1.249574e+00
1.513561e-02 2.892522e+00 3.628057e+00 4.639987e+00 1.254288e+00
1.548817e-02 2.844336e+00 3.580577e+00 4.572831e+00 1.258845e+00
1.584893e-02 2.797084e+00 3.533388e+00 4.506496e+00 1.263240e+00
1.621810e-02 2.750755e+00 3.486499e+00 4.440983e+00 1.267470e+00
1.659587e-02 2.705337e+00 3.439921e+00 4.376289e+00 1.271531e+00
1.698244e-02 2.660817e+00 3.393664e+00 4.312413e+00 1.275422e+00
1.737801e-02 2.617184e+00 3.347738e+00 4.249353e+00 1.279137e+00
1.778279e-02 2.574425e+00 3.302151e+00 4.187107e+00 1.282675e+00
1.819701e-02 2.532528e+00 3.256914e+00 4.125674e+00 1.286033e+00
1.862087e-02 2.491480e+00 3.212033e+00 4.065050e+00 1.289207e+00
1.905461e-02 2.451270e+00 3.167518e+00 4.005233e+00 1.292194e+00
1.949845e-02 2.411885e+00 3.123374e+00 3.946221e+00 1.294993e+00
1.995262e-02 2.373313e+00 3.079610e+00 3.888009e+00 1.297600e+00
2.041738e-02 2.335541e+00 3.036233e+00 3.830596e+00 1.300012e+00
2.089296e-02 2.298558e+00 2.993248e+00 3.773977e+00 1.302229e+00
2.137962e-02 2.262350e+00 2.950662e+00 3.718149e+00 1.304246e+00
2.187762e-02 2.226906e+00 2.908481e+00 3.663109e+00 1.306063e+00
2.238721e-02 2.192214e+00 2.866709e+00 3.608853e+00 1.307678e+00
2.290868e-02 2.158261e+00 2.825353e+00 3.555377e+00 1.309088e+00
2.344229e-02 2.125034e+00 2.784417e+00 3.502678e+00 1.310293e+00
2.398833e-02 2.092523e+00 2.743906e+00 3.450750e+00 1.311291e+00
2.454709e-02 2.060715e+00 2.703823e+00 3.399589e+00 1.312080e+00
2.511886e-02 2.029597e+00 2.664174e+00 3.349192e+00 1.312662e+00
2.570396e-02 1.999158e+00 2.624961e+00 3.299554e+00 1.313033e+00
2.630268e-02 1.969386e+00 2.586189e+00 3.250670e+00 1.313196e+00
2.691535e-02 1.940269e+00 2.547860e+00 3.202535e+00 1.313148e+00
2.754229e-02 1.911794e+00 2.509977e+00 3.155145e+00 1.312891e+00
2.818383e-02 1.883951e+00 2.472544e+00 3.108496e+00 1.312425e+00
2.884032e-02 1.856726e+00 2.435563e+00 3.062580e+00 1.311751e+00
2.951209e-02 1.830110e+00 2.399036e+00 3.017395e+00 1.310870e+00
3.019952e-02 1.804089e+00 2.362965e+00 2.972934e+00 1.309783e+00
3.090295e-02 1.778652e+00 2.327352e+00 2.929193e+00 1.308492e+00
3.162278e-02 1.753787e+00 2.292199e+00 2.886165e+00 1.306999e+00
3.235937e-02 1.729484e+00 2.257508e+00 2.843845e+00 1.305307e+00
3.311311e-02 1.705730e+00 2.223279e+00 2.802228e+00 1.303418e+00
3.388442e-02 1.682514e+00 2.189514e+00 2.761308e+00 1.301335e+00
3.467369e-02 1.659824e+00 2.156214e+00 2.721080e+00 1.299061e+00
3.548134e-02 1.637650e+00 2.123379e+00 2.681536e+00 1.296601e+00
3.630781e-02 1.615979e+00 2.091010e+00 2.642671e+00 1.293959e+00
3.715352e-02 1.594801e+00 2.059108e+00 2.604480e+00 1.291138e+00
3.801894e-02 1.574104e+00 2.027672e+00 2.566955e+00 1.288144e+00
3.890451e-02 1.553877e+00 1.996703e+00 2.530090e+00 1.284981e+00
3.981072e-02 1.534109e+00 1.966200e+00 2.493879e+00 1.281656e+00
4.073803e-02 1.514788e+00 1.936163e+00 2.458314e+00 1.278174e+00
4.168694e-02 1.495904e+00 1.906591e+00 2.423390e+00 1.274541e+00
4.265795e-02 1.477446e+00 1.877485e+00 2.389099e+00 1.270764e+00
4.365158e-02 1.459402e+00 1.848842e+00 2.355434e+00 1.266849e+00
4.466836e-02 1.441761e+00 1.820662e+00 2.322388e+00 1.262804e+00
4.570882e-02 1.424514e+00 1.792943e+00 2.289953e+00 1.258635e+00
4.677351e-02 1.407648e+00 1.765684e+00 2.258122e+00 1.254351e+00
4.786301e-02 1.391153e+00 1.738884e+00 2.226887e+00 1.249959e+00
4.897788e-02 1.375019e+00 1.712540e+00 2.196240e+00 1.245467e+00
5.011872e-02 1.359234e+00 1.686651e+00 2.166174e+00 1.240883e+00
5.128614e-02 1.343788e+00 1.661214e+00 2.136680e+00 1.236217e+00
5.248075e-02 1.328671e+00 1.636227e+00 2.107749e+00 1.231476e+00
5.370318e-02 1.313872e+00 1.611687e+00 2.079374e+00 1.226670e+00
5.495409e-02 1.299380e+00 1.587592e+00 2.051545e+00 1.221808e+00
5.623413e-02 1.285185e+00 1.563939e+00 2.024254e+00 1.216898e+00
5.754399e-02 1.271277e+00 1.540724e+00 1.997492e+00 1.211949e+00
5.888437e-02 1.257646e+00 1.517944e+00 1.971250e+00 1.206972e+00
6.025596e-02 1.244282e+00 1.495595e+00 1.945518e+00 1.201974e+00
6.165950e-02 1.231174e+00 1.473674e+00 1.920288e+00 1.196966e+00
6.309573e-02 1.218313e+00 1.452177e+00 1.895549e+00 1.191957e+00
6.456542e-02 1.205690e+00 1.431099e+00 1.871291e+00 1.186955e+00
6.606934e-02 1.193293e+00 1.410437e+00 1.847506e+00 1.181970e+00
6.760830e-02 1.181115e+00 1.390185e+00 1.824184e+00 1.177011e+00
6.918310e-02 1.169145e+00 1.370339e+00 1.801313e+00 1.172087e+00
7.079458e-02 1.157374e+00 1.350894e+00 1.778884e+00 1.167206e+00
7.244360e-02 1.145793e+00 1.331845e+00 1.756887e+00 1.162378e+00
7.413102e-02 1.134394e+00 1.313186e+00 1.735312e+00 1.157610e+00
7.585776e-02 1.123167e+00 1.294912e+00 1.714148e+00 1.152911e+00
7.762471e-02 1.112105e+00 1.277018e+00 1.693384e+00 1.148289e+00
7.943282e-02 1.101197e+00 1.259496e+00 1.673011e+00 1.143752e+00
8.128305e-02 1.090437e+00 1.242342e+00 1.653018e+00 1.139307e+00
8.317638e-02 1.079816e+00 1.225549e+00 1.633393e+00 1.134960e+00
8.511380e-02 1.069327e+00 1.209110e+00 1.614127e+00 1.130720e+00
8.709636e-02 1.058962e+00 1.193019e+00 1.595210e+00 1.126593e+00
8.912509e-02 1.048713e+00 1.177269e+00 1.576629e+00 1.122584e+00
9.120108e-02 1.038574e+00 1.161853e+00 1.558376e+00 1.118700e+00
9.332543e-02 1.028537e+00 1.146764e+00 1.540440e+00 1.114947e+00
9.549926e-02 1.018597e+00 1.131995e+00 1.522810e+00 1.111328e+00
9.772372e-02 1.008746e+00 1.117538e+00 1.505477e+00 1.107849e+00
1.000000e-01 9.989790e-01 1.103387e+00 1.488429e+00 1.104514e+00
1.023293e-01 9.892901e-01 1.089533e+00 1.471658e+00 1.101328e+00
1.047129e-01 9.796738e-01 1.075968e+00 1.455152e+00 1.098292e+00
1.071519e-01 9.701249e-01 1.062686e+00 1.438904e+00 1.095412e+00
1.096478e-01 9.606387e-01 1.049678e+00 1.422902e+00 1.092688e+00
1.122018e-01 9.512105e-01 1.036937e+00 1.407139e+00 1.090123e+00
1.148154e-01 9.418362e-01 1.024454e+00 1.391604e+00 1.087720e+00
1.174898e-01 9.325120e-01 1.012221e+00 1.376289e+00 1.085478e+00
1.202264e-01 9.232342e-01 1.000232e+00 1.361185e+00 1.083400e+00
1.230269e-01 9.139996e-01 9.884770e-01 1.346285e+00 1.081485e+00
1.258925e-01 9.048054e-01 9.769492e-01 1.331579e+00 1.079734e+00
1.288250e-01 8.956490e-01 9.656405e-01 1.317061e+00 1.078146e+00
1.318257e-01 8.865280e-01 9.545432e-01 1.302722e+00 1.076721e+00
1.348963e-01 8.774407e-01 9.436495e-01 1.288556e+00 1.075457e+00
1.380384e-01 8.683853e-01 9.329519e-01 1.274556e+00 1.074352e+00
1.412538e-01 8.593607e-01 9.224430e-01 1.260715e+00 1.073406e+00
1.445440e-01 8.503657e-01 9.121153e-01 1.247027e+00 1.072615e+00
1.479108e-01 8.413996e-01 9.019618e-01 1.233486e+00 1.071978e+00
1.513561e-01 8.324622e-01 8.919753e-01 1.220087e+00 1.071490e+00
1.548817e-01 8.235531e-01 8.821491e-01 1.206825e+00 1.071150e+00
1.584893e-01 8.146726e-01 8.724764e-01 1.193695e+00 1.070953e+00
1.621810e-01 8.058210e-01 8.629509e-01 1.180691e+00 1.070896e+00
1.659587e-01 7.969989e-01 8.535663e-01 1.167811e+00 1.070975e+00
1.698244e-01 7.882071e-01 8.443165e-01 1.155050e+00 1.071186e+00
1.737801e-01 7.794467e-01 8.351960e-01 1.142405e+00 1.071524e+00
1.778279e-01 7.707189e-01 8.261991e-01 1.129873e+00 1.071985e+00
1.819701e-01 7.620249e-01 8.173206e-01 1.117450e+00 1.072564e+00
1.862087e-01 7.533665e-01 8.085556e-01 1.105135e+00 1.073257e+00
1.905461e-01 7.447452e-01 7.998992e-01 1.092925e+00 1.074058e+00
1.949845e-01 7.361628e-01 7.913471e-01 1.080817e+00 1.074962e+00
1.995262e-01 7.276212e-01 7.828951e-01 1.068811e+00 1.075965e+00
2.041738e-01 7.191224e-01 7.745394e-01 1.056905e+00 1.077062e+00
2.089296e-01 7.106683e-01 7.662762e-01 1.045097e+00 1.078247e+00
2.137962e-01 7.022611e-01 7.581022e-01 1.033387e+00 1.079516e+00
2.187762e-01 6.939028e-01 7.500143e-01 1.021774e+00 1.080864e+00
2.238721e-01 6.855954e-01 7.420098e-01 1.010257e+00 1.082285e+00
2.290868e-01 6.773412e-01 7.340861e-01 9.988361e-01 1.083776e+00
2.344229e-01 6.691421e-01 7.262408e-01 9.875104e-01 1.085331e+00
2.398833e-01 6.610001e-01 7.184718e-01 9.762801e-01 1.086947e+00
2.454709e-01 6.529172e-01 7.107774e-01 9.651453e-01 1.088618e+00
2.511886e-01 6.448954e-01 7.031558e-01 9.541059e-01 1.090341e+00
2.570396e-01 6.369363e-01 6.956058e-01 9.431624e-01 1.092112e+00
2.630268e-01 6.290418e-01 6.881259e-01 9.323148e-01 1.093927e+00
2.691535e-01 6.212135e-01 6.807153e-01 9.215636e-01 1.095783e+00
2.754229e-01 6.134528e-01 6.733730e-01 9.109092e-01 1.097677e+00
2.818383e-01 6.057613e-01 6.660984e-01 9.003520e-01 1.099605e+00
2.884032e-01 5.981401e-01 6.588908e-01 8.898925e-01 1.101566e+00
2.951209e-01 5.905905e-01 6.517499e-01 8.795312e-01 1.103556e+00
3.019952e-01 5.831135e-01 6.446753e-01 8.692684e-01 1.105574e+00
3.090295e-01 5.757099e-01 6.376669e-01 8.591047e-01 1.107618e+00
3.162278e-01 5.683807e-01 6.307244e-01 8.490405e-01 1.109687e+00
3.235937e-01 5.611263e-01 6.238479e-01 8.390762e-01 1.111778e+00
3.311311e-01 5.539473e-01 6.170374e-01 8.292121e-01 1.113892e+00
3.388442e-01 5.468441e-01 6.102929e-01 8.194485e-01 1.116027e+00
3.467369e-01 5.398169e-01 6.036147e-01 8.097858e-01 1.118184e+00
3.548134e-01 5.328659e-01 5.970028e-01 8.002239e-01 1.120362e+00
3.630781e-01 5.259910e-01 5.904574e-01 7.907632e-01 1.122562e+00
3.715352e-01 5.191922e-01 5.839787e-01 7.814037e-01 1.124783e+00
3.801894e-01 5.124693e-01 5.775669e-01 7.721452e-01 1.127027e+00
3.890451e-01 5.058218e-01 5.712221e-01 7.629878e-01 1.129295e+00
3.981072e-01 4.992495e-01 5.649447e-01 7.539314e-01 1.131588e+00
4.073803e-01 4.927517e-01 5.587346e-01 7.449755e-01 1.133907e+00
4.168694e-01 4.863279e-01 5.525920e-01 7.361200e-01 1.136254e+00
4.265795e-01 4.799774e-01 5.465170e-01 7.273645e-01 1.138631e+00
4.365158e-01 4.736994e-01 5.405098e-01 7.187085e-01 1.141040e+00
4.466836e-01 4.674932e-01 5.345702e-01 7.101515e-01 1.143482e+00
4.570882e-01 4.613579e-01 5.286983e-01 7.016930e-01 1.145961e+00
4.677351e-01 4.552925e-01 5.228940e-01 6.933321e-01 1.148479e+00
4.786301e-01 4.492962e-01 5.171573e-01 6.850684e-01 1.151039e+00
4.897788e-01 4.433678e-01 5.114879e-01 6.769009e-01 1.153642e+00
5.011872e-01 4.375063e-01 5.058857e-01 6.688289e-01 1.156293e+00
5.128614e-01 4.317108e-01 5.003504e-01 6.608515e-01 1.158995e+00
5.248075e-01 4.259800e-01 4.948818e-01 6.529678e-01 1.161749e+00
5.370318e-01 4.203129e-01 4.894795e-01 6.451768e-01 1.164560e+00
5.495409e-01 4.147085e-01 4.841431e-01 6.374776e-01 1.167430e+00
5.623413e-01 4.091654e-01 4.788723e-01 6.298690e-01 1.170363e+00
5.754399e-01 4.036828e-01 4.736665e-01 6.223501e-01 1.173363e+00
5.888437e-01 3.982593e-01 4.685252e-01 6.149198e-01 1.176433e+00
6.025596e-01 3.928939e-01 4.634480e-01 6.075769e-01 1.179575e+00
6.165950e-01 3.875855e-01 4.584343e-01 6.003204e-01 1.182795e+00
6.309573e-01 3.823330e-01 4.534834e-01 5.931490e-01 1.186095e+00
6.456542e-01 3.771353e-01 4.485947e-01 5.860616e-01 1.189480e+00
6.606934e-01 3.719913e-01 4.437676e-01 5.790571e-01 1.192952e+00
6.760830e-01 3.668999e-01 4.390013e-01 5.721343e-01 1.196515e+00
6.918310e-01 3.618601e-01 4.342952e-01 5.652920e-01 1.200174e+00
7.079458e-01 3.568708e-01 4.296485e-01 5.585290e-01 1.203933e+00
7.244360e-01 3.519311e-01 4.250604e-01 5.518440e-01 1.207794e+00
7.413102e-01 3.470399e-01 4.205302e-01 5.452360e-01 1.211763e+00
7.585776e-01 3.421963e-01 4.160570e-01 5.387038e-01 1.215843e+00
7.762471e-01 3.373993e-01 4.116401e-01 5.322461e-01 1.220039e+00
7.943282e-01 3.326480e-01 4.072786e-01 5.258617e-01 1.224353e+00
8.128305e-01 3.279414e-01 4.029717e-01 5.195496e-01 1.228792e+00
8.317638e-01 3.232788e-01 3.987185e-01 5.133085e-01 1.233358e+00
8.511380e-01 3.186591e-01 3.945181e-01 5.071372e-01 1.238057e+00
8.709636e-01 3.140816e-01 3.903697e-01 5.010347e-01 1.242893e+00
8.912509e-01 3.095454e-01 3.862723e-01 4.949997e-01 1.247870e+00
9.120108e-01 3.050498e-01 3.822252e-01 4.890312e-01 1.252993e+00
9.332543e-01 3.005939e-01 3.782273e-01 4.831279e-01 1.258267e+00
9.549926e-01 2.961770e-01 3.742778e-01 4.772889e-01 1.263696e+00
9.772372e-01 2.917984e-01 3.703757e-01 4.715130e-01 1.269286e+00
1.000000e+00 2.874573e-01 3.665201e-01 4.657990e-01 1.275042e+00
1.023293e+00 2.831531e-01 3.627102e-01 4.601460e-01 1.280968e+00
1.047129e+00 2.788850e-01 3.589449e-01 4.545528e-01 1.287071e+00
1.071519e+00 2.746525e-01 3.552233e-01 4.490185e-01 1.293355e+00
1.096478e+00 2.704549e-01 3.515445e-01 4.435418e-01 1.299827e+00
1.122018e+00 2.662915e-01 3.479075e-01 4.381219e-01 1.306491e+00
1.148154e+00 2.621619e-01 3.443114e-01 4.327577e-01 1.313354e+00
1.174898e+00 2.580655e-01 3.407553e-01 4.274482e-01 1.320422e+00
1.202264e+00 2.540016e-01 3.372381e-01 4.221923e-01 1.327701e+00
1.230269e+00 2.499699e-01 3.337590e-01 4.169892e-01 1.335197e+00
1.258925e+00 2.459698e-01 3.303169e-01 4.118379e-01 1.342916e+00
1.288250e+00 2.420009e-01 3.269110e-01 4.067373e-01 1.350867e+00
1.318257e+00 2.380627e-01 3.235403e-01 4.016866e-01 1.359055e+00
1.348963e+00 2.341548e-01 3.202037e-01 3.966849e-01 1.367487e+00
1.380384e+00 2.302768e-01 3.169004e-01 3.917311e-01 1.376172e+00
1.412538e+00 2.264283e-01 3.136294e-01 3.868245e-01 1.385116e+00
1.445440e+00 2.226091e-01 3.103898e-01 3.819641e-01 1.394327e+00
1.479108e+00 2.188187e-01 3.071805e-01 3.771492e-01 1.403813e+00
1.513561e+00 2.150569e-01 3.040007e-01 3.723787e-01 1.413583e+00
1.548817e+00 2.113234e-01 3.008493e-01 3.676519e-01 1.423644e+00
1.584893e+00 2.076181e-01 2.977256e-01 3.629680e-01 1.434006e+00
1.621810e+00 2.039406e-01 2.946284e-01 3.583261e-01 1.444678e+00
1.659587e+00 2.002907e-01 2.915568e-01 3.537255e-01 1.455668e+00
1.698244e+00 1.966685e-01 2.885100e-01 3.491655e-01 1.466987e+00
1.737801e+00 1.930736e-01 2.854870e-01 3.446451e-01 1.478643e+00
1.778279e+00 1.895061e-01 2.824869e-01 3.401638e-01 1.490648e+00
1.819701e+00 1.859658e-01 2.795087e-01 3.357207e-01 1.503011e+00
1.862087e+00 1.824527e-01 2.765516e-01 3.313153e-01 1.515744e+00
1.905461e+00 1.789669e-01 2.736147e-01 3.269467e-01 1.528857e+00
1.949845e+00 1.755083e-01 2.706971e-01 3.226144e-01 1.542361e+00
1.995262e+00 1.720770e-01 2.677979e-01 3.183177e-01 1.556268e+00
2.041738e+00 1.686731e-01 2.649162e-01 3.140561e-01 1.570590e+00
2.089296e+00 1.652967e-01 2.620513e-01 3.098288e-01 1.585339e+00
2.137962e+00 1.619480e-01 2.592023e-01 3.056354e-01 1.600528e+00
2.187762e+00 1.586271e-01 2.563684e-01 3.014752e-01 1.616170e+00
2.238721e+00 1.553343e-01 2.535489e-01 2.973479e-01 1.632278e+00
2.290868e+00 1.520699e-01 2.507429e-01 2.932528e-01 1.648866e+00
2.344229e+00 1.488340e-01 2.479497e-01 2.891896e-01 1.665948e+00
2.398833e+00 1.456271e-01 2.451687e-01 2.851578e-01 1.683537e+00
2.454709e+00 1.424495e-01 2.423992e-01 2.811569e-01 1.701650e+00
2.511886e+00 1.393015e-01 2.396405e-01 2.771867e-01 1.720301e+00
2.570396e+00 1.361835e-01 2.368919e-01 2.732467e-01 1.739506e+00
2.630268e+00 1.330960e-01 2.341530e-01 2.693366e-01 1.759280e+00
2.691535e+00 1.300394e-01 2.314232e-01 2.654561e-01 1.779640e+00
2.754229e+00 1.270141e-01 2.287020e-01 2.616051e-01 1.800603e+00
2.818383e+00 1.240208e-01 2.259889e-01 2.577831e-01 1.822186e+00
2.884032e+00 1.210598e-01 2.232835e-01 2.539902e-01 1.844406e+00
2.951209e+00 1.181318e-01 2.205854e-01 2.502260e-01 1.867282e+00
3.019952e+00 1.152373e-01 2.178943e-01 2.464905e-01 1.890832e+00
3.090295e+00 1.123768e-01 2.152099e-01 2.427835e-01 1.915074e+00
3.162278e+00 1.095509e-01 2.125319e-01 2.391050e-01 1.940029e+00
3.235937e+00 1.067601e-01 2.098602e-01 2.354549e-01 1.965716e+00
3.311311e+00 1.040052e-01 2.071945e-01 2.318332e-01 1.992156e+00
3.388442e+00 1.012866e-01 2.045349e-01 2.282400e-01 2.019368e+00
3.467369e+00 9.860498e-02 2.018813e-01 2.246753e-01 2.047374e+00
3.548134e+00 9.596088e-02 1.992336e-01 2.211392e-01 2.076196e+00
3.630781e+00 9.335490e-02 1.965920e-01 2.176317e-01 2.105856e+00
3.715352e+00 9.078759e-02 1.939564e-01 2.141529e-01 2.136376e+00
3.801894e+00 8.825953e-02 1.913272e-01 2.107032e-01 2.167779e+00
3.890451e+00 8.577123e-02 1.887044e-01 2.072825e-01 2.200089e+00
3.981072e+00 8.332324e-02 1.860883e-01 2.038912e-01 2.233330e+00
4.073803e+00 8.091604e-02 1.834793e-01 2.005294e-01 2.267527e+00
4.168694e+00 7.855010e-02 1.808776e-01 1.971974e-01 2.302703e+00
4.265795e+00 7.622589e-02 1.782836e-01 1.938954e-01 2.338885e+00
4.365158e+00 7.394380e-02 1.756978e-01 1.906237e-01 2.376099e+00
4.466836e+00 7.170423e-02 1.731206e-01 1.873826e-01 2.414371e+00
4.570882e+00 6.950752e-02 1.705525e-01 1.841724e-01 2.453728e+00
4.677351e+00 6.735398e-02 1.679941e-01 1.809933e-01 2.494197e+00
4.786301e+00 6.524388e-02 1.654459e-01 1.778457e-01 2.535807e+00
4.897788e+00 6.317745e-02 1.629085e-01 1.747300e-01 2.578586e+00
5.011872e+00 6.115488e-02 1.603825e-01 1.716463e-01 2.622562e+00
5.128614e+00 5.917630e-02 1.578686e-01 1.685951e-01 2.667767e+00
5.248075e+00 5.724180e-02 1.553674e-01 1.655767e-01 2.714229e+00
5.370318e+00 5.535145e-02 1.528796e-01 1.625914e-01 2.761980e+00
5.495409e+00 5.350524e-02 1.504059e-01 1.596394e-01 2.811050e+00
5.623413e+00 5.170311e-02 1.479470e-01 1.567212e-01 2.861472e+00
5.754399e+00 4.994498e-02 1.455036e-01 1.538369e-01 2.913278e+00
5.888437e+00 4.823071e-02 1.430764e-01 1.509870e-01 2.966501e+00
6.025596e+00 4.656010e-02 1.406662e-01 1.481716e-01 3.021174e+00
6.165950e+00 4.493292e-02 1.382735e-01 1.453910e-01 3.077333e+00
6.309573e+00 4.334888e-02 1.358992e-01 1.426454e-01 3.135011e+00
6.456542e+00 4.180767e-02 1.335439e-01 1.399352e-01 3.194245e+00
6.606934e+00 4.030891e-02 1.312083e-01 1.372604e-01 3.255070e+00
6.760830e+00 3.885219e-02 1.288930e-01 1.346214e-01 3.317524e+00
6.918310e+00 3.743706e-02 1.265988e-01 1.320181e-01 3.381644e+00
7.079458e+00 3.606303e-02 1.243261e-01 1.294509e-01 3.447468e+00
7.244360e+00 3.472957e-02 1.220757e-01 1.269198e-01 3.515037e+00
7.413102e+00 3.343613e-02 1.198481e-01 1.244248e-01 3.584389e+00
7.585776e+00 3.218212e-02 1.176438e-01 1.219662e-01 3.655565e+00
7.762471e+00 3.096692e-02 1.154635e-01 1.195440e-01 3.728607e+00
7.943282e+00 2.978987e-02 1.133075e-01 1.171581e-01 3.803558e+00
8.128305e+00 2.865030e-02 1.111764e-01 1.148086e-01 3.880460e+00
8.317638e+00 2.754753e-02 1.090705e-01 1.124955e-01 3.959358e+00
8.511380e+00 2.648082e-02 1.069904e-01 1.102188e-01 4.040297e+00
8.709636e+00 2.544946e-02 1.049363e-01 1.079783e-01 4.123322e+00
8.912509e+00 2.445268e-02 1.029087e-01 1.057739e-01 4.208481e+00
9.120108e+00 2.348974e-02 1.009077e-01 1.036057e-01 4.295822e+00
9.332543e+00 2.255985e-02 9.893382e-02 1.014734e-01 4.385394e+00
9.549926e+00 2.166223e-02 9.698714e-02 9.937685e-02 4.477246e+00
9.772372e+00 2.079610e-02 9.506793e-02 9.731593e-02 4.571430e+00
1.000000e+01 1.996067e-02 9.317636e-02 9.529041e-02 4.667998e+00
