1.000000e-06 5.596621e+01 6.802451e-01 5.597035e+01 1.215457e-02
1.023293e-06 5.596566e+01 6.960802e-01 5.596999e+01 1.243763e-02
1.047129e-06 5.596509e+01 7.122835e-01 5.596962e+01 1.272728e-02
1.071519e-06 5.596449e+01 7.288634e-01 5.596923e+01 1.302368e-02
1.096478e-06 5.596385e+01 7.458287e-01 5.596882e+01 1.332697e-02
1.122018e-06 5.596319e+01 7.631884e-01 5.596840e+01 1.363733e-02
1.148154e-06 5.596250e+01 7.809514e-01 5.596795e+01 1.395491e-02
1.174898e-06 5.596178e+01 7.991272e-01 5.596748e+01 1.427988e-02
1.202264e-06 5.596102e+01 8.177254e-01 5.596700e+01 1.461241e-02
1.230269e-06 5.596023e+01 8.367556e-01 5.596648e+01 1.495268e-02
1.258925e-06 5.595940e+01 8.562278e-01 5.596595e+01 1.530088e-02
1.288250e-06 5.595853e+01 8.761523e-01 5.596539e+01 1.565717e-02
1.318257e-06 5.595762e+01 8.965395e-01 5.596480e+01 1.602176e-02
1.348963e-06 5.595666e+01 9.174001e-01 5.596418e+01 1.639483e-02
1.380384e-06 5.595566e+01 9.387449e-01 5.596354e+01 1.677659e-02
1.412538e-06 5.595462e+01 9.605853e-01 5.596286e+01 1.716722e-02
1.445440e-06 5.595352e+01 9.829325e-01 5.596216e+01 1.756695e-02
1.479108e-06 5.595238e+01 1.005798e+00 5.596142e+01 1.797597e-02
1.513561e-06 5.595118e+01 1.029195e+00 5.596064e+01 1.839451e-02
1.548817e-06 5.594992e+01 1.053133e+00 5.595983e+01 1.882279e-02
1.584893e-06 5.594860e+01 1.077628e+00 5.595898e+01 1.926103e-02
1.621810e-06 5.594722e+01 1.102690e+00 5.595809e+01 1.970946e-02
1.659587e-06 5.594578e+01 1.128333e+00 5.595716e+01 2.016833e-02
1.698244e-06 5.594427e+01 1.154570e+00 5.595618e+01 2.063786e-02
1.737801e-06 5.594269e+01 1.181415e+00 5.595516e+01 2.111832e-02
1.778279e-06 5.594103e+01 1.208883e+00 5.595409e+01 2.160994e-02
1.819701e-06 5.593930e+01 1.236986e+00 5.595297e+01 2.211300e-02
1.862087e-06 5.593748e+01 1.265740e+00 5.595180e+01 2.262776e-02
1.905461e-06 5.593558e+01 1.295159e+00 5.595057e+01 2.315448e-02
1.949845e-06 5.593359e+01 1.325260e+00 5.594929e+01 2.369345e-02
1.995262e-06 5.593151e+01 1.356056e+00 5.594794e+01 2.424494e-02
2.041738e-06 5.592932e+01 1.387565e+00 5.594653e+01 2.480925e-02
2.089296e-06 5.592704e+01 1.419802e+00 5.594506e+01 2.538668e-02
2.137962e-06 5.592465e+01 1.452784e+00 5.594351e+01 2.597752e-02
2.187762e-06 5.592214e+01 1.486527e+00 5.594190e+01 2.658209e-02
2.238721e-06 5.591952e+01 1.521050e+00 5.594020e+01 2.720071e-02
2.290868e-06 5.591677e+01 1.556370e+00 5.593843e+01 2.783369e-02
2.344229e-06 5.591390e+01 1.592505e+00 5.593657e+01 2.848138e-02
2.398833e-06 5.591089e+01 1.629473e+00 5.593463e+01 2.914410e-02
2.454709e-06 5.590774e+01 1.667293e+00 5.593259e+01 2.982222e-02
2.511886e-06 5.590444e+01 1.705984e+00 5.593046e+01 3.051607e-02
2.570396e-06 5.590099e+01 1.745566e+00 5.592823e+01 3.122604e-02
2.630268e-06 5.589737e+01 1.786059e+00 5.592590e+01 3.195247e-02
2.691535e-06 5.589359e+01 1.827484e+00 5.592345e+01 3.269577e-02
2.754229e-06 5.588962e+01 1.869860e+00 5.592089e+01 3.345631e-02
2.818383e-06 5.588547e+01 1.913210e+00 5.591821e+01 3.423449e-02
2.884032e-06 5.588113e+01 1.957556e+00 5.591541e+01 3.503071e-02
2.951209e-06 5.587658e+01 2.002918e+00 5.591247e+01 3.584540e-02
3.019952e-06 5.587182e+01 2.049321e+00 5.590939e+01 3.667897e-02
3.090295e-06 5.586684e+01 2.096786e+00 5.590617e+01 3.753185e-02
3.162278e-06 5.586162e+01 2.145338e+00 5.590280e+01 3.840450e-02
3.235937e-06 5.585616e+01 2.195000e+00 5.589928e+01 3.929737e-02
3.311311e-06 5.585045e+01 2.245797e+00 5.589558e+01 4.021091e-02
3.388442e-06 5.584446e+01 2.297754e+00 5.589171e+01 4.114560e-02
3.467369e-06 5.583820e+01 2.350895e+00 5.588766e+01 4.210192e-02
3.548134e-06 5.583164e+01 2.405248e+00 5.588343e+01 4.308037e-02
3.630781e-06 5.582478e+01 2.460837e+00 5.587899e+01 4.408145e-02
3.715352e-06 5.581759e+01 2.517690e+00 5.587435e+01 4.510568e-02
3.801894e-06 5.581007e+01 2.575835e+00 5.586948e+01 4.615358e-02
3.890451e-06 5.580220e+01 2.635298e+00 5.586439e+01 4.722570e-02
3.981072e-06 5.579396e+01 2.696108e+00 5.585907e+01 4.832258e-02
4.073803e-06 5.578534e+01 2.758294e+00 5.585349e+01 4.944478e-02
4.168694e-06 5.577631e+01 2.821885e+00 5.584765e+01 5.059289e-02
4.265795e-06 5.576687e+01 2.886910e+00 5.584154e+01 5.176748e-02
4.365158e-06 5.575698e+01 2.953400e+00 5.583515e+01 5.296915e-02
4.466836e-06 5.574663e+01 3.021385e+00 5.582845e+01 5.419852e-02
4.570882e-06 5.573581e+01 3.090896e+00 5.582145e+01 5.545620e-02
4.677351e-06 5.572447e+01 3.161965e+00 5.581411e+01 5.674284e-02
4.786301e-06 5.571262e+01 3.234624e+00 5.580644e+01 5.805909e-02
4.897788e-06 5.570021e+01 3.308905e+00 5.579840e+01 5.940561e-02
5.011872e-06 5.568722e+01 3.384840e+00 5.579000e+01 6.078307e-02
5.128614e-06 5.567363e+01 3.462464e+00 5.578120e+01 6.219218e-02
5.248075e-06 5.565941e+01 3.541810e+00 5.577199e+01 6.363362e-02
5.370318e-06 5.564454e+01 3.622912e+00 5.576235e+01 6.510813e-02
5.495409e-06 5.562897e+01 3.705804e+00 5.575227e+01 6.661644e-02
5.623413e-06 5.561269e+01 3.790521e+00 5.574172e+01 6.815929e-02
5.754399e-06 5.559565e+01 3.877099e+00 5.573068e+01 6.973745e-02
5.888437e-06 5.557783e+01 3.965572e+00 5.571912e+01 7.135170e-02
6.025596e-06 5.555918e+01 4.055977e+00 5.570703e+01 7.300282e-02
6.165950e-06 5.553968e+01 4.148349e+00 5.569439e+01 7.469163e-02
6.309573e-06 5.551928e+01 4.242725e+00 5.568115e+01 7.641895e-02
6.456542e-06 5.549794e+01 4.339140e+00 5.566731e+01 7.818561e-02
6.606934e-06 5.547562e+01 4.437632e+00 5.565282e+01 7.999248e-02
6.760830e-06 5.545227e+01 4.538237e+00 5.563767e+01 8.184042e-02
6.918310e-06 5.542786e+01 4.640992e+00 5.562182e+01 8.373031e-02
7.079458e-06 5.540233e+01 4.745933e+00 5.560524e+01 8.566306e-02
7.244360e-06 5.537564e+01 4.853098e+00 5.558789e+01 8.763958e-02
7.413102e-06 5.534773e+01 4.962522e+00 5.556975e+01 8.966080e-02
7.585776e-06 5.531855e+01 5.074241e+00 5.555078e+01 9.172767e-02
7.762471e-06 5.528804e+01 5.188293e+00 5.553094e+01 9.384115e-02
7.943282e-06 5.525614e+01 5.304713e+00 5.551019e+01 9.600222e-02
8.128305e-06 5.522281e+01 5.423535e+00 5.548850e+01 9.821187e-02
8.317638e-06 5.518796e+01 5.544796e+00 5.546581e+01 1.004711e-01
8.511380e-06 5.515154e+01 5.668529e+00 5.544209e+01 1.027810e-01
8.709636e-06 5.511349e+01 5.794768e+00 5.541729e+01 1.051425e-01
8.912509e-06 5.507372e+01 5.923546e+00 5.539136e+01 1.075567e-01
9.120108e-06 5.503217e+01 6.054895e+00 5.536426e+01 1.100247e-01
9.332543e-06 5.498876e+01 6.188846e+00 5.533593e+01 1.125475e-01
9.549926e-06 5.494342e+01 6.325429e+00 5.530633e+01 1.151262e-01
9.772372e-06 5.489605e+01 6.464671e+00 5.527539e+01 1.177620e-01
1.000000e-05 5.484659e+01 6.606601e+00 5.524306e+01 1.204560e-01
1.023293e-05 5.479493e+01 6.751243e+00 5.520927e+01 1.232093e-01
1.047129e-05 5.474100e+01 6.898622e+00 5.517398e+01 1.260230e-01
1.071519e-05 5.468469e+01 7.048759e+00 5.513710e+01 1.288982e-01
1.096478e-05 5.462591e+01 7.201674e+00 5.509859e+01 1.318362e-01
1.122018e-05 5.456457e+01 7.357385e+00 5.505836e+01 1.348381e-01
1.148154e-05 5.450055e+01 7.515906e+00 5.501635e+01 1.379051e-01
1.174898e-05 5.443376e+01 7.677249e+00 5.497248e+01 1.410384e-01
1.202264e-05 5.436408e+01 7.841424e+00 5.492668e+01 1.442391e-01
1.230269e-05 5.429140e+01 8.008437e+00 5.487887e+01 1.475084e-01
1.258925e-05 5.421560e+01 8.178291e+00 5.482897e+01 1.508475e-01
1.288250e-05 5.413657e+01 8.350984e+00 5.477689e+01 1.542577e-01
1.318257e-05 5.405419e+01 8.526511e+00 5.472255e+01 1.577401e-01
1.348963e-05 5.396833e+01 8.704864e+00 5.466585e+01 1.612958e-01
1.380384e-05 5.387885e+01 8.886029e+00 5.460670e+01 1.649261e-01
1.412538e-05 5.378564e+01 9.069987e+00 5.454502e+01 1.686321e-01
1.445440e-05 5.368854e+01 9.256714e+00 5.448070e+01 1.724151e-01
1.479108e-05 5.358744e+01 9.446182e+00 5.441364e+01 1.762760e-01
1.513561e-05 5.348218e+01 9.638355e+00 5.434374e+01 1.802162e-01
1.548817e-05 5.337263e+01 9.833194e+00 5.427089e+01 1.842367e-01
1.584893e-05 5.325863e+01 1.003065e+01 5.419498e+01 1.883385e-01
1.621810e-05 5.314005e+01 1.023067e+01 5.411591e+01 1.925228e-01
1.659587e-05 5.301673e+01 1.043319e+01 5.403355e+01 1.967906e-01
1.698244e-05 5.288852e+01 1.063815e+01 5.394780e+01 2.011428e-01
1.737801e-05 5.275527e+01 1.084546e+01 5.385854e+01 2.055806e-01
1.778279e-05 5.261682e+01 1.105504e+01 5.376564e+01 2.101048e-01
1.819701e-05 5.247302e+01 1.126681e+01 5.366898e+01 2.147162e-01
1.862087e-05 5.232373e+01 1.148065e+01 5.356844e+01 2.194158e-01
1.905461e-05 5.216877e+01 1.169646e+01 5.346389e+01 2.242043e-01
1.949845e-05 5.200800e+01 1.191411e+01 5.335521e+01 2.290823e-01
1.995262e-05 5.184126e+01 1.213349e+01 5.324226e+01 2.340507e-01
2.041738e-05 5.166841e+01 1.235443e+01 5.312492e+01 2.391100e-01
2.089296e-05 5.148929e+01 1.257680e+01 5.300305e+01 2.442605e-01
2.137962e-05 5.130376e+01 1.280044e+01 5.287652e+01 2.495029e-01
2.187762e-05 5.111166e+01 1.302516e+01 5.274521e+01 2.548374e-01
2.238721e-05 5.091287e+01 1.325080e+01 5.260897e+01 2.602641e-01
2.290868e-05 5.070725e+01 1.347714e+01 5.246769e+01 2.657834e-01
2.344229e-05 5.049467e+01 1.370400e+01 5.232123e+01 2.713950e-01
2.398833e-05 5.027500e+01 1.393115e+01 5.216946e+01 2.770990e-01
2.454709e-05 5.004813e+01 1.415837e+01 5.201226e+01 2.828951e-01
2.511886e-05 4.981396e+01 1.438542e+01 5.184950e+01 2.887829e-01
2.570396e-05 4.957237e+01 1.461204e+01 5.168106e+01 2.947618e-01
2.630268e-05 4.932329e+01 1.483799e+01 5.150683e+01 3.008312e-01
2.691535e-05 4.906664e+01 1.506298e+01 5.132668e+01 3.069902e-01
2.754229e-05 4.880234e+01 1.528674e+01 5.114052e+01 3.132378e-01
2.818383e-05 4.853035e+01 1.550897e+01 5.094824e+01 3.195726e-01
2.884032e-05 4.825062e+01 1.572939e+01 5.074974e+01 3.259934e-01
2.951209e-05 4.796313e+01 1.594767e+01 5.054493e+01 3.324985e-01
3.019952e-05 4.766786e+01 1.616351e+01 5.033373e+01 3.390861e-01
3.090295e-05 4.736482e+01 1.637658e+01 5.011605e+01 3.457540e-01
3.162278e-05 4.705404e+01 1.658655e+01 4.989184e+01 3.525001e-01
3.235937e-05 4.673554e+01 1.679309e+01 4.966104e+01 3.593217e-01
3.311311e-05 4.640939e+01 1.699586e+01 4.942359e+01 3.662160e-01
3.388442e-05 4.607567e+01 1.719452e+01 4.917946e+01 3.731801e-01
3.467369e-05 4.573447e+01 1.738873e+01 4.892862e+01 3.802105e-01
3.548134e-05 4.538592e+01 1.757813e+01 4.867106e+01 3.873037e-01
3.630781e-05 4.503014e+01 1.776240e+01 4.840677e+01 3.944558e-01
3.715352e-05 4.466729e+01 1.794118e+01 4.813578e+01 4.016626e-01
3.801894e-05 4.429757e+01 1.811414e+01 4.785809e+01 4.089196e-01
3.890451e-05 4.392116e+01 1.828095e+01 4.757375e+01 4.162220e-01
3.981072e-05 4.353829e+01 1.844129e+01 4.728281e+01 4.235648e-01
4.073803e-05 4.314921e+01 1.859483e+01 4.698534e+01 4.309426e-01
4.168694e-05 4.275418e+01 1.874128e+01 4.668142e+01 4.383496e-01
4.265795e-05 4.235348e+01 1.888033e+01 4.637116e+01 4.457799e-01
4.365158e-05 4.194742e+01 1.901171e+01 4.605466e+01 4.532271e-01
4.466836e-05 4.153633e+01 1.913515e+01 4.573205e+01 4.606846e-01
4.570882e-05 4.112053e+01 1.925040e+01 4.540348e+01 4.681456e-01
4.677351e-05 4.070040e+01 1.935722e+01 4.506911e+01 4.756027e-01
4.786301e-05 4.027631e+01 1.945541e+01 4.472912e+01 4.830485e-01
4.897788e-05 3.984864e+01 1.954477e+01 4.438369e+01 4.904753e-01
5.011872e-05 3.941780e+01 1.962514e+01 4.403304e+01 4.978751e-01
5.128614e-05 3.898419e+01 1.969636e+01 4.367738e+01 5.052395e-01
5.248075e-05 3.854826e+01 1.975830e+01 4.331695e+01 5.125602e-01
5.370318e-05 3.811041e+01 1.981088e+01 4.295200e+01 5.198285e-01
5.495409e-05 3.767110e+01 1.985401e+01 4.258279e+01 5.270355e-01
5.623413e-05 3.723077e+01 1.988765e+01 4.220958e+01 5.341724e-01
5.754399e-05 3.678985e+01 1.991177e+01 4.183267e+01 5.412299e-01
5.888437e-05 3.634880e+01 1.992638e+01 4.145234e+01 5.481990e-01
6.025596e-05 3.590806e+01 1.993150e+01 4.106889e+01 5.550704e-01
6.165950e-05 3.546807e+01 1.992720e+01 4.068264e+01 5.618348e-01
6.309573e-05 3.502927e+01 1.991354e+01 4.029391e+01 5.684830e-01
6.456542e-05 3.459208e+01 1.989065e+01 3.990301e+01 5.750059e-01
6.606934e-05 3.415692e+01 1.985864e+01 3.951026e+01 5.813943e-01
6.760830e-05 3.372421e+01 1.981767e+01 3.911601e+01 5.876394e-01
6.918310e-05 3.329434e+01 1.976792e+01 3.872058e+01 5.937323e-01
7.079458e-05 3.286768e+01 1.970959e+01 3.832431e+01 5.996647e-01
7.244360e-05 3.244462e+01 1.964289e+01 3.792752e+01 6.054281e-01
7.413102e-05 3.202550e+01 1.956805e+01 3.753054e+01 6.110146e-01
7.585776e-05 3.161066e+01 1.948534e+01 3.713371e+01 6.164168e-01
7.762471e-05 3.120040e+01 1.939502e+01 3.673734e+01 6.216272e-01
7.943282e-05 3.079503e+01 1.929738e+01 3.634175e+01 6.266392e-01
8.128305e-05 3.039482e+01 1.919270e+01 3.594726e+01 6.314465e-01
8.317638e-05 3.000003e+01 1.908131e+01 3.555416e+01 6.360432e-01
8.511380e-05 2.961088e+01 1.896352e+01 3.516275e+01 6.404242e-01
8.709636e-05 2.922758e+01 1.883965e+01 3.477332e+01 6.445846e-01
8.912509e-05 2.885034e+01 1.871003e+01 3.438615e+01 6.485204e-01
9.120108e-05 2.847931e+01 1.857500e+01 3.400150e+01 6.522281e-01
9.332543e-05 2.811463e+01 1.843490e+01 3.361961e+01 6.557049e-01
9.549926e-05 2.775644e+01 1.829007e+01 3.324074e+01 6.589485e-01
9.772372e-05 2.740484e+01 1.814084e+01 3.286511e+01 6.619574e-01
1.000000e-04 2.705991e+01 1.798755e+01 3.249293e+01 6.647306e-01
1.023293e-04 2.672171e+01 1.783054e+01 3.212441e+01 6.672679e-01
1.047129e-04 2.639028e+01 1.767014e+01 3.175974e+01 6.695697e-01
1.071519e-04 2.606566e+01 1.750667e+01 3.139908e+01 6.716372e-01
1.096478e-04 2.574784e+01 1.734045e+01 3.104259e+01 6.734718e-01
1.122018e-04 2.543682e+01 1.717179e+01 3.069042e+01 6.750760e-01
1.148154e-04 2.513257e+01 1.700099e+01 3.034270e+01 6.764527e-01
1.174898e-04 2.483505e+01 1.682836e+01 2.999955e+01 6.776052e-01
1.202264e-04 2.454420e+01 1.665416e+01 2.966106e+01 6.785375e-01
1.230269e-04 2.425996e+01 1.647867e+01 2.932733e+01 6.792540e-01
1.258925e-04 2.398224e+01 1.630216e+01 2.899842e+01 6.797598e-01
1.288250e-04 2.371096e+01 1.612488e+01 2.867440e+01 6.800600e-01
1.318257e-04 2.344601e+01 1.594705e+01 2.835531e+01 6.801605e-01
1.348963e-04 2.318729e+01 1.576891e+01 2.804120e+01 6.800672e-01
1.380384e-04 2.293467e+01 1.559068e+01 2.773208e+01 6.797864e-01
1.412538e-04 2.268803e+01 1.541254e+01 2.742797e+01 6.793247e-01
1.445440e-04 2.244725e+01 1.523470e+01 2.712886e+01 6.786888e-01
1.479108e-04 2.221218e+01 1.505732e+01 2.683475e+01 6.778856e-01
1.513561e-04 2.198269e+01 1.488057e+01 2.654562e+01 6.769221e-01
1.548817e-04 2.175863e+01 1.470460e+01 2.626145e+01 6.758054e-01
1.584893e-04 2.153987e+01 1.452956e+01 2.598218e+01 6.745425e-01
1.621810e-04 2.132625e+01 1.435556e+01 2.570780e+01 6.731404e-01
1.659587e-04 2.111762e+01 1.418272e+01 2.543823e+01 6.716061e-01
1.698244e-04 2.091385e+01 1.401116e+01 2.517343e+01 6.699465e-01
1.737801e-04 2.071478e+01 1.384096e+01 2.491333e+01 6.681683e-01
1.778279e-04 2.052027e+01 1.367221e+01 2.465787e+01 6.662781e-01
1.819701e-04 2.033018e+01 1.350498e+01 2.440698e+01 6.642822e-01
1.862087e-04 2.014437e+01 1.333933e+01 2.416057e+01 6.621869e-01
1.905461e-04 1.996269e+01 1.317534e+01 2.391858e+01 6.599979e-01
1.949845e-04 1.978503e+01 1.301303e+01 2.368093e+01 6.577211e-01
1.995262e-04 1.961125e+01 1.285246e+01 2.344753e+01 6.553618e-01
2.041738e-04 1.944121e+01 1.269366e+01 2.321830e+01 6.529252e-01
2.089296e-04 1.927481e+01 1.253665e+01 2.299317e+01 6.504161e-01
2.137962e-04 1.911192e+01 1.238145e+01 2.277204e+01 6.478391e-01
2.187762e-04 1.895243e+01 1.222808e+01 2.255484e+01 6.451985e-01
2.238721e-04 1.879624e+01 1.207655e+01 2.234148e+01 6.424984e-01
2.290868e-04 1.864324e+01 1.192687e+01 2.213189e+01 6.397424e-01
2.344229e-04 1.849334e+01 1.177904e+01 2.192600e+01 6.369341e-01
2.398833e-04 1.834644e+01 1.163305e+01 2.172372e+01 6.340768e-01
2.454709e-04 1.820247e+01 1.148891e+01 2.152498e+01 6.311734e-01
2.511886e-04 1.806133e+01 1.134661e+01 2.132972e+01 6.282268e-01
2.570396e-04 1.792295e+01 1.120614e+01 2.113787e+01 6.252396e-01
2.630268e-04 1.778725e+01 1.106748e+01 2.094936e+01 6.222142e-01
2.691535e-04 1.765419e+01 1.093064e+01 2.076413e+01 6.191530e-01
2.754229e-04 1.752368e+01 1.079560e+01 2.058213e+01 6.160581e-01
2.818383e-04 1.739567e+01 1.066235e+01 2.040331e+01 6.129316e-01
2.884032e-04 1.727011e+01 1.053089e+01 2.022761e+01 6.097754e-01
2.951209e-04 1.714694e+01 1.040119e+01 2.005498e+01 6.065916e-01
3.019952e-04 1.702612e+01 1.027325e+01 1.988538e+01 6.033819e-01
3.090295e-04 1.690760e+01 1.014707e+01 1.971878e+01 6.001484e-01
3.162278e-04 1.679135e+01 1.002264e+01 1.955512e+01 5.968930e-01
3.235937e-04 1.667732e+01 9.899948e+00 1.939438e+01 5.936175e-01
3.311311e-04 1.656547e+01 9.778997e+00 1.923652e+01 5.903240e-01
3.388442e-04 1.645578e+01 9.659783e+00 1.908151e+01 5.870147e-01
3.467369e-04 1.634820e+01 9.542307e+00 1.892932e+01 5.836916e-01
3.548134e-04 1.624271e+01 9.426571e+00 1.877993e+01 5.803571e-01
3.630781e-04 1.613927e+01 9.312578e+00 1.863331e+01 5.770136e-01
3.715352e-04 1.603785e+01 9.200333e+00 1.848943e+01 5.736636e-01
3.801894e-04 1.593843e+01 9.089844e+00 1.834826e+01 5.703099e-01
3.890451e-04 1.584097e+01 8.981120e+00 1.820980e+01 5.669552e-01
3.981072e-04 1.574544e+01 8.874170e+00 1.807401e+01 5.636026e-01
4.073803e-04 1.565181e+01 8.769009e+00 1.794087e+01 5.602553e-01
4.168694e-04 1.556005e+01 8.665648e+00 1.781035e+01 5.569165e-01
4.265795e-04 1.547013e+01 8.564103e+00 1.768244e+01 5.535897e-01
4.365158e-04 1.538201e+01 8.464390e+00 1.755711e+01 5.502785e-01
4.466836e-04 1.529566e+01 8.366525e+00 1.743433e+01 5.469868e-01
4.570882e-04 1.521105e+01 8.270526e+00 1.731409e+01 5.437184e-01
4.677351e-04 1.512813e+01 8.176412e+00 1.719634e+01 5.404773e-01
4.786301e-04 1.504688e+01 8.084202e+00 1.708107e+01 5.372678e-01
4.897788e-04 1.496724e+01 7.993915e+00 1.696823e+01 5.340941e-01
5.011872e-04 1.488918e+01 7.905569e+00 1.685781e+01 5.309606e-01
5.128614e-04 1.481266e+01 7.819185e+00 1.674976e+01 5.278717e-01
5.248075e-04 1.473763e+01 7.734781e+00 1.664406e+01 5.248321e-01
5.370318e-04 1.466404e+01 7.652376e+00 1.654065e+01 5.218462e-01
5.495409e-04 1.459186e+01 7.571988e+00 1.643950e+01 5.189188e-01
5.623413e-04 1.452102e+01 7.493635e+00 1.634058e+01 5.160544e-01
5.754399e-04 1.445147e+01 7.417332e+00 1.624383e+01 5.132579e-01
5.888437e-04 1.438318e+01 7.343096e+00 1.614920e+01 5.105338e-01
6.025596e-04 1.431607e+01 7.270942e+00 1.605666e+01 5.078868e-01
6.165950e-04 1.425010e+01 7.200881e+00 1.596615e+01 5.053216e-01
6.309573e-04 1.418520e+01 7.132927e+00 1.587761e+01 5.028428e-01
6.456542e-04 1.412133e+01 7.067089e+00 1.579100e+01 5.004549e-01
6.606934e-04 1.405842e+01 7.003376e+00 1.570625e+01 4.981624e-01
6.760830e-04 1.399641e+01 6.941796e+00 1.562332e+01 4.959698e-01
6.918310e-04 1.393524e+01 6.882354e+00 1.554213e+01 4.938813e-01
7.079458e-04 1.387485e+01 6.825053e+00 1.546263e+01 4.919011e-01
7.244360e-04 1.381517e+01 6.769895e+00 1.538475e+01 4.900334e-01
7.413102e-04 1.375615e+01 6.716881e+00 1.530843e+01 4.882821e-01
7.585776e-04 1.369771e+01 6.666006e+00 1.523361e+01 4.866512e-01
7.762471e-04 1.363979e+01 6.617268e+00 1.516022e+01 4.851443e-01
7.943282e-04 1.358233e+01 6.570660e+00 1.508819e+01 4.837652e-01
8.128305e-04 1.352526e+01 6.526172e+00 1.501745e+01 4.825172e-01
8.317638e-04 1.346852e+01 6.483795e+00 1.494793e+01 4.814037e-01
8.511380e-04 1.341203e+01 6.443514e+00 1.487957e+01 4.804278e-01
8.709636e-04 1.335574e+01 6.405315e+00 1.481229e+01 4.795927e-01
8.912509e-04 1.329957e+01 6.369180e+00 1.474602e+01 4.789011e-01
9.120108e-04 1.324346e+01 6.335088e+00 1.468069e+01 4.783559e-01
9.332543e-04 1.318735e+01 6.303018e+00 1.461623e+01 4.779595e-01
9.549926e-04 1.313116e+01 6.272944e+00 1.455257e+01 4.777144e-01
9.772372e-04 1.307484e+01 6.244841e+00 1.448963e+01 4.776228e-01
1.000000e-03 1.301831e+01 6.218677e+00 1.442735e+01 4.776868e-01
1.023293e-03 1.296152e+01 6.194421e+00 1.436565e+01 4.779084e-01
1.047129e-03 1.290441e+01 6.172040e+00 1.430447e+01 4.782893e-01
1.071519e-03 1.284690e+01 6.151496e+00 1.424373e+01 4.788312e-01
1.096478e-03 1.278894e+01 6.132750e+00 1.418336e+01 4.795355e-01
1.122018e-03 1.273047e+01 6.115762e+00 1.412329e+01 4.804035e-01
1.148154e-03 1.267143e+01 6.100486e+00 1.406346e+01 4.814364e-01
1.174898e-03 1.261176e+01 6.086878e+00 1.400380e+01 4.826352e-01
1.202264e-03 1.255140e+01 6.074888e+00 1.394424e+01 4.840008e-01
1.230269e-03 1.249031e+01 6.064466e+00 1.388472e+01 4.855338e-01
1.258925e-03 1.242842e+01 6.055560e+00 1.382518e+01 4.872348e-01
1.288250e-03 1.236570e+01 6.048113e+00 1.376554e+01 4.891042e-01
1.318257e-03 1.230207e+01 6.042068e+00 1.370575e+01 4.911422e-01
1.348963e-03 1.223752e+01 6.037367e+00 1.364575e+01 4.933490e-01
1.380384e-03 1.217197e+01 6.033947e+00 1.358549e+01 4.957246e-01
1.412538e-03 1.210540e+01 6.031744e+00 1.352489e+01 4.982687e-01
1.445440e-03 1.203777e+01 6.030695e+00 1.346392e+01 5.009811e-01
1.479108e-03 1.196903e+01 6.030730e+00 1.340251e+01 5.038613e-01
1.513561e-03 1.189915e+01 6.031782e+00 1.334062e+01 5.069086e-01
1.548817e-03 1.182810e+01 6.033779e+00 1.327819e+01 5.101224e-01
1.584893e-03 1.175585e+01 6.036650e+00 1.321519e+01 5.135017e-01
1.621810e-03 1.168238e+01 6.040322e+00 1.315156e+01 5.170456e-01
1.659587e-03 1.160765e+01 6.044719e+00 1.308726e+01 5.207528e-01
1.698244e-03 1.153166e+01 6.049766e+00 1.302225e+01 5.246221e-01
1.737801e-03 1.145439e+01 6.055386e+00 1.295649e+01 5.286521e-01
1.778279e-03 1.137581e+01 6.061502e+00 1.288996e+01 5.328412e-01
1.819701e-03 1.129594e+01 6.068037e+00 1.282261e+01 5.371876e-01
1.862087e-03 1.121474e+01 6.074911e+00 1.275441e+01 5.416896e-01
1.905461e-03 1.113224e+01 6.082046e+00 1.268535e+01 5.463452e-01
1.949845e-03 1.104842e+01 6.089364e+00 1.261539e+01 5.511523e-01
1.995262e-03 1.096330e+01 6.096786e+00 1.254451e+01 5.561087e-01
2.041738e-03 1.087688e+01 6.104234e+00 1.247269e+01 5.612120e-01
2.089296e-03 1.078917e+01 6.111631e+00 1.239993e+01 5.664599e-01
2.137962e-03 1.070019e+01 6.118901e+00 1.232619e+01 5.718496e-01
2.187762e-03 1.060997e+01 6.125967e+00 1.225149e+01 5.773784e-01
2.238721e-03 1.051852e+01 6.132757e+00 1.217579e+01 5.830437e-01
2.290868e-03 1.042587e+01 6.139197e+00 1.209912e+01 5.888424e-01
2.344229e-03 1.033206e+01 6.145217e+00 1.202145e+01 5.947715e-01
2.398833e-03 1.023712e+01 6.150747e+00 1.194279e+01 6.008278e-01
2.454709e-03 1.014108e+01 6.155720e+00 1.186316e+01 6.070082e-01
2.511886e-03 1.004399e+01 6.160073e+00 1.178254e+01 6.133092e-01
2.570396e-03 9.945894e+00 6.163743e+00 1.170096e+01 6.197274e-01
2.630268e-03 9.846832e+00 6.166671e+00 1.161843e+01 6.262594e-01
2.691535e-03 9.746857e+00 6.168800e+00 1.153496e+01 6.329015e-01
2.754229e-03 9.646020e+00 6.170078e+00 1.145057e+01 6.396501e-01
2.818383e-03 9.544376e+00 6.170453e+00 1.136528e+01 6.465014e-01
2.884032e-03 9.441982e+00 6.169879e+00 1.127911e+01 6.534517e-01
2.951209e-03 9.338894e+00 6.168313e+00 1.119210e+01 6.604971e-01
3.019952e-03 9.235174e+00 6.165714e+00 1.110425e+01 6.676337e-01
3.090295e-03 9.130882e+00 6.162045e+00 1.101562e+01 6.748576e-01
3.162278e-03 9.026080e+00 6.157275e+00 1.092621e+01 6.821649e-01
3.235937e-03 8.920833e+00 6.151374e+00 1.083608e+01 6.895515e-01
3.311311e-03 8.815204e+00 6.144315e+00 1.074525e+01 6.970134e-01
3.388442e-03 8.709257e+00 6.136079e+00 1.065376e+01 7.045467e-01
3.467369e-03 8.603058e+00 6.126645e+00 1.056165e+01 7.121474e-01
3.548134e-03 8.496671e+00 6.116000e+00 1.046895e+01 7.198113e-01
3.630781e-03 8.390161e+00 6.104133e+00 1.037570e+01 7.275347e-01
3.715352e-03 8.283592e+00 6.091036e+00 1.028196e+01 7.353134e-01
3.801894e-03 8.177028e+00 6.076706e+00 1.018774e+01 7.431436e-01
3.890451e-03 8.070530e+00 6.061140e+00 1.009311e+01 7.510214e-01
3.981072e-03 7.964161e+00 6.044343e+00 9.998097e+00 7.589428e-01
4.073803e-03 7.857981e+00 6.026319e+00 9.902747e+00 7.669042e-01
4.168694e-03 7.752050e+00 6.007077e+00 9.807102e+00 7.749017e-01
4.265795e-03 7.646424e+00 5.986628e+00 9.711205e+00 7.829317e-01
4.365158e-03 7.541159e+00 5.964986e+00 9.615099e+00 7.909905e-01
4.466836e-03 7.436310e+00 5.942167e+00 9.518827e+00 7.990747e-01
4.570882e-03 7.331929e+00 5.918191e+00 9.422429e+00 8.071807e-01
4.677351e-03 7.228065e+00 5.893078e+00 9.325948e+00 8.153051e-01
4.786301e-03 7.124768e+00 5.866852e+00 9.229424e+00 8.234446e-01
4.897788e-03 7.022082e+00 5.839536e+00 9.132898e+00 8.315961e-01
5.011872e-03 6.920052e+00 5.811158e+00 9.036409e+00 8.397563e-01
5.128614e-03 6.818720e+00 5.781745e+00 8.939995e+00 8.479223e-01
5.248075e-03 6.718124e+00 5.751327e+00 8.843696e+00 8.560911e-01
5.370318e-03 6.618303e+00 5.719933e+00 8.747546e+00 8.642598e-01
5.495409e-03 6.519289e+00 5.687596e+00 8.651583e+00 8.724258e-01
5.623413e-03 6.421117e+00 5.654348e+00 8.555840e+00 8.805862e-01
5.754399e-03 6.323817e+00 5.620221e+00 8.460351e+00 8.887387e-01
5.888437e-03 6.227416e+00 5.585249e+00 8.365149e+00 8.968807e-01
6.025596e-03 6.131941e+00 5.549466e+00 8.270265e+00 9.050098e-01
6.165950e-03 6.037415e+00 5.512907e+00 8.175728e+00 9.131237e-01
6.309573e-03 5.943860e+00 5.475605e+00 8.081567e+00 9.212203e-01
6.456542e-03 5.851297e+00 5.437595e+00 7.987810e+00 9.292975e-01
6.606934e-03 5.759741e+00 5.398912e+00 7.894483e+00 9.373531e-01
6.760830e-03 5.669211e+00 5.359589e+00 7.801612e+00 9.453854e-01
6.918310e-03 5.579719e+00 5.319661e+00 7.709219e+00 9.533923e-01
7.079458e-03 5.491278e+00 5.279161e+00 7.617327e+00 9.613721e-01
7.244360e-03 5.403898e+00 5.238123e+00 7.525958e+00 9.693230e-01
7.413102e-03 5.317589e+00 5.196579e+00 7.435132e+00 9.772434e-01
7.585776e-03 5.232358e+00 5.154561e+00 7.344867e+00 9.851315e-01
7.762471e-03 5.148212e+00 5.112102e+00 7.255182e+00 9.929860e-01
7.943282e-03 5.065154e+00 5.069232e+00 7.166094e+00 1.000805e+00
8.128305e-03 4.983189e+00 5.025981e+00 7.077617e+00 1.008587e+00
8.317638e-03 4.902319e+00 4.982380e+00 6.989767e+00 1.016331e+00
8.511380e-03 4.822545e+00 4.938457e+00 6.902557e+00 1.024035e+00
8.709636e-03 4.743867e+00 4.894239e+00 6.816000e+00 1.031698e+00
8.912509e-03 4.666284e+00 4.849756e+00 6.730107e+00 1.039319e+00
9.120108e-03 4.589795e+00 4.805033e+00 6.644890e+00 1.046895e+00
9.332543e-03 4.514398e+00 4.760096e+00 6.560358e+00 1.054425e+00
9.549926e-03 4.440088e+00 4.714970e+00 6.476521e+00 1.061909e+00
9.772372e-03 4.366863e+00 4.669679e+00 6.393386e+00 1.069344e+00
1.000000e-02 4.294717e+00 4.624247e+00 6.310963e+00 1.076729e+00
1.023293e-02 4.223645e+00 4.578697e+00 6.229257e+00 1.084063e+00
1.047129e-02 4.153642e+00 4.533051e+00 6.148276e+00 1.091344e+00
1.071519e-02 4.084703e+00 4.487330e+00 6.068025e+00 1.098570e+00
1.096478e-02 4.016819e+00 4.441555e+00 5.988509e+00 1.105739e+00
1.122018e-02 3.949984e+00 4.395745e+00 5.909733e+00 1.112851e+00
1.148154e-02 3.884192e+00 4.349920e+00 5.831702e+00 1.119904e+00
1.174898e-02 3.819434e+00 4.304099e+00 5.754419e+00 1.126895e+00
1.202264e-02 3.755702e+00 4.258299e+00 5.677888e+00 1.133822e+00
1.230269e-02 3.692989e+00 4.212538e+00 5.602111e+00 1.140685e+00
1.258925e-02 3.631286e+00 4.166834e+00 5.527092e+00 1.147482e+00
1.288250e-02 3.570585e+00 4.121202e+00 5.452832e+00 1.154209e+00
1.318257e-02 3.510877e+00 4.075658e+00 5.379335e+00 1.160866e+00
1.348963e-02 3.452152e+00 4.030218e+00 5.306601e+00 1.167451e+00
1.380384e-02 3.394403e+00 3.984896e+00 5.234632e+00 1.173961e+00
1.412538e-02 3.337619e+00 3.939708e+00 5.163429e+00 1.180395e+00
1.445440e-02 3.281791e+00 3.894667e+00 5.092993e+00 1.186750e+00
1.479108e-02 3.226909e+00 3.849786e+00 5.023325e+00 1.193026e+00
1.513561e-02 3.172964e+00 3.805080e+00 4.954426e+00 1.199219e+00
1.548817e-02 3.119946e+00 3.760561e+00 4.886295e+00 1.205329e+00
1.584893e-02 3.067844e+00 3.716241e+00 4.818933e+00 1.211353e+00
1.621810e-02 3.016649e+00 3.672134e+00 4.752340e+00 1.217289e+00
1.659587e-02 2.966350e+00 3.628250e+00 4.686516e+00 1.223136e+00
1.698244e-02 2.916936e+00 3.584601e+00 4.621458e+00 1.228892e+00
1.737801e-02 2.868397e+00 3.541198e+00 4.557168e+00 1.234556e+00
1.778279e-02 2.820721e+00 3.498052e+00 4.493644e+00 1.240127e+00
1.819701e-02 2.773898e+00 3.455174e+00 4.430884e+00 1.245603e+00
1.862087e-02 2.727915e+00 3.412573e+00 4.368888e+00 1.250982e+00
1.905461e-02 2.682763e+00 3.370260e+00 4.307652e+00 1.256265e+00
1.949845e-02 2.638428e+00 3.328244e+00 4.247176e+00 1.261450e+00
1.995262e-02 2.594899e+00 3.286533e+00 4.187457e+00 1.266536e+00
2.041738e-02 2.552164e+00 3.245137e+00 4.128493e+00 1.271524e+00
2.089296e-02 2.510210e+00 3.204063e+00 4.070280e+00 1.276412e+00
2.137962e-02 2.469026e+00 3.163320e+00 4.012815e+00 1.281201e+00
2.187762e-02 2.428599e+00 3.122915e+00 3.956096e+00 1.285892e+00
2.238721e-02 2.388916e+00 3.082855e+00 3.900117e+00 1.290483e+00
2.290868e-02 2.349964e+00 3.043147e+00 3.844876e+00 1.294976e+00
2.344229e-02 2.311730e+00 3.003797e+00 3.790368e+00 1.299372e+00
2.398833e-02 2.274201e+00 2.964810e+00 3.736588e+00 1.303671e+00
2.454709e-02 2.237364e+00 2.926192e+00 3.683531e+00 1.307875e+00
2.511886e-02 2.201206e+00 2.887948e+00 3.631191e+00 1.311984e+00
2.570396e-02 2.165713e+00 2.850082e+00 3.579564e+00 1.316001e+00
2.630268e-02 2.130873e+00 2.812598e+00 3.528643e+00 1.319928e+00
2.691535e-02 2.096671e+00 2.775499e+00 3.478422e+00 1.323765e+00
2.754229e-02 2.063094e+00 2.738788e+00 3.428895e+00 1.327515e+00
2.818383e-02 2.030130e+00 2.702468e+00 3.380054e+00 1.331180e+00
2.884032e-02 1.997764e+00 2.666541e+00 3.331892e+00 1.334763e+00
2.951209e-02 1.965985e+00 2.631008e+00 3.284403e+00 1.338265e+00
3.019952e-02 1.934778e+00 2.595871e+00 3.237578e+00 1.341690e+00
3.090295e-02 1.904130e+00 2.561129e+00 3.191409e+00 1.345039e+00
3.162278e-02 1.874030e+00 2.526784e+00 3.145890e+00 1.348316e+00
3.235937e-02 1.844463e+00 2.492834e+00 3.101010e+00 1.351523e+00
3.311311e-02 1.815419e+00 2.459279e+00 3.056763e+00 1.354662e+00
3.388442e-02 1.786884e+00 2.426118e+00 3.013139e+00 1.357736e+00
3.467369e-02 1.758848e+00 2.393350e+00 2.970129e+00 1.360749e+00
3.548134e-02 1.731297e+00 2.360972e+00 2.927725e+00 1.363701e+00
3.630781e-02 1.704220e+00 2.328982e+00 2.885918e+00 1.366597e+00
3.715352e-02 1.677607e+00 2.297378e+00 2.844699e+00 1.369437e+00
3.801894e-02 1.651447e+00 2.266157e+00 2.804058e+00 1.372225e+00
3.890451e-02 1.625729e+00 2.235315e+00 2.763987e+00 1.374962e+00
3.981072e-02 1.600442e+00 2.204849e+00 2.724477e+00 1.377650e+00
4.073803e-02 1.575578e+00 2.174756e+00 2.685518e+00 1.380291e+00
4.168694e-02 1.551126e+00 2.145031e+00 2.647102e+00 1.382886e+00
4.265795e-02 1.527077e+00 2.115670e+00 2.609219e+00 1.385437e+00
4.365158e-02 1.503423e+00 2.086669e+00 2.571861e+00 1.387945e+00
4.466836e-02 1.480156e+00 2.058024e+00 2.535019e+00 1.390410e+00
4.570882e-02 1.457266e+00 2.029729e+00 2.498685e+00 1.392834e+00
4.677351e-02 1.434747e+00 2.001781e+00 2.462849e+00 1.395215e+00
4.786301e-02 1.412591e+00 1.974174e+00 2.427504e+00 1.397555e+00
4.897788e-02 1.390791e+00 1.946903e+00 2.392641e+00 1.399853e+00
5.011872e-02 1.369341e+00 1.919964e+00 2.358253e+00 1.402108e+00
5.128614e-02 1.348234e+00 1.893352e+00 2.324332e+00 1.404320e+00
5.248075e-02 1.327465e+00 1.867062e+00 2.290870e+00 1.406487e+00
5.370318e-02 1.307027e+00 1.841090e+00 2.257860e+00 1.408608e+00
5.495409e-02 1.286917e+00 1.815430e+00 2.225296e+00 1.410681e+00
5.623413e-02 1.267128e+00 1.790078e+00 2.193169e+00 1.412705e+00
5.754399e-02 1.247656e+00 1.765029e+00 2.161475e+00 1.414676e+00
5.888437e-02 1.228497e+00 1.740280e+00 2.130206e+00 1.416593e+00
6.025596e-02 1.209646e+00 1.715825e+00 2.099357e+00 1.418452e+00
6.165950e-02 1.191100e+00 1.691661e+00 2.068922e+00 1.420251e+00
6.309573e-02 1.172855e+00 1.667784e+00 2.038895e+00 1.421986e+00
6.456542e-02 1.154908e+00 1.644190e+00 2.009271e+00 1.423655e+00
6.606934e-02 1.137254e+00 1.620875e+00 1.980046e+00 1.425253e+00
6.760830e-02 1.119892e+00 1.597836e+00 1.951214e+00 1.426777e+00
6.918310e-02 1.102817e+00 1.575070e+00 1.922771e+00 1.428224e+00
7.079458e-02 1.086028e+00 1.552573e+00 1.894713e+00 1.429589e+00
7.244360e-02 1.069521e+00 1.530343e+00 1.867036e+00 1.430868e+00
7.413102e-02 1.053293e+00 1.508377e+00 1.839736e+00 1.432058e+00
7.585776e-02 1.037343e+00 1.486673e+00 1.812809e+00 1.433155e+00
7.762471e-02 1.021667e+00 1.465228e+00 1.786252e+00 1.434155e+00
7.943282e-02 1.006262e+00 1.444041e+00 1.760062e+00 1.435054e+00
8.128305e-02 9.911270e-01 1.423108e+00 1.734235e+00 1.435849e+00
8.317638e-02 9.762584e-01 1.402430e+00 1.708768e+00 1.436535e+00
8.511380e-02 9.616538e-01 1.382003e+00 1.683659e+00 1.437110e+00
8.709636e-02 9.473105e-01 1.361826e+00 1.658906e+00 1.437571e+00
8.912509e-02 9.332258e-01 1.341899e+00 1.634504e+00 1.437914e+00
9.120108e-02 9.193971e-01 1.322219e+00 1.610452e+00 1.438138e+00
9.332543e-02 9.058215e-01 1.302787e+00 1.586747e+00 1.438238e+00
9.549926e-02 8.924961e-01 1.283600e+00 1.563387e+00 1.438214e+00
9.772372e-02 8.794179e-01 1.264658e+00 1.540369e+00 1.438063e+00
1.000000e-01 8.665839e-01 1.245960e+00 1.517691e+00 1.437784e+00
1.023293e-01 8.539909e-01 1.227506e+00 1.495350e+00 1.437376e+00
1.047129e-01 8.416357e-01 1.209294e+00 1.473344e+00 1.436837e+00
1.071519e-01 8.295149e-01 1.191323e+00 1.451670e+00 1.436169e+00
1.096478e-01 8.176251e-01 1.173594e+00 1.430327e+00 1.435370e+00
1.122018e-01 8.059628e-01 1.156106e+00 1.409310e+00 1.434440e+00
1.148154e-01 7.945243e-01 1.138857e+00 1.388619e+00 1.433382e+00
1.174898e-01 7.833059e-01 1.121847e+00 1.368250e+00 1.432195e+00
1.202264e-01 7.723040e-01 1.105075e+00 1.348200e+00 1.430881e+00
1.230269e-01 7.615145e-01 1.088541e+00 1.328468e+00 1.429442e+00
1.258925e-01 7.509335e-01 1.072244e+00 1.309048e+00 1.427881e+00
1.288250e-01 7.405571e-01 1.056182e+00 1.289940e+00 1.426199e+00
1.318257e-01 7.303812e-01 1.040355e+00 1.271140e+00 1.424401e+00
1.348963e-01 7.204016e-01 1.024763e+00 1.252644e+00 1.422488e+00
1.380384e-01 7.106142e-01 1.009403e+00 1.234450e+00 1.420465e+00
1.412538e-01 7.010149e-01 9.942740e-01 1.216554e+00 1.418335e+00
1.445440e-01 6.915994e-01 9.793757e-01 1.198952e+00 1.416103e+00
1.479108e-01 6.823635e-01 9.647064e-01 1.181642e+00 1.413772e+00
1.513561e-01 6.733030e-01 9.502647e-01 1.164620e+00 1.411348e+00
1.548817e-01 6.644136e-01 9.360488e-01 1.147882e+00 1.408835e+00
1.584893e-01 6.556912e-01 9.220573e-01 1.131424e+00 1.406237e+00
1.621810e-01 6.471315e-01 9.082885e-01 1.115243e+00 1.403561e+00
1.659587e-01 6.387304e-01 8.947404e-01 1.099335e+00 1.400811e+00
1.698244e-01 6.304837e-01 8.814112e-01 1.083695e+00 1.397992e+00
1.737801e-01 6.223874e-01 8.682990e-01 1.068321e+00 1.395110e+00
1.778279e-01 6.144375e-01 8.554017e-01 1.053207e+00 1.392170e+00
1.819701e-01 6.066299e-01 8.427170e-01 1.038351e+00 1.389178e+00
1.862087e-01 5.989608e-01 8.302429e-01 1.023747e+00 1.386139e+00
1.905461e-01 5.914262e-01 8.179770e-01 1.009392e+00 1.383059e+00
1.949845e-01 5.840224e-01 8.059170e-01 9.952811e-01 1.379942e+00
1.995262e-01 5.767457e-01 7.940605e-01 9.814111e-01 1.376795e+00
2.041738e-01 5.695924e-01 7.824050e-01 9.677774e-01 1.373622e+00
2.089296e-01 5.625591e-01 7.709480e-01 9.543760e-01 1.370430e+00
2.137962e-01 5.556421e-01 7.596869e-01 9.412026e-01 1.367223e+00
2.187762e-01 5.488382e-01 7.486192e-01 9.282533e-01 1.364007e+00
2.238721e-01 5.421441e-01 7.377422e-01 9.155237e-01 1.360786e+00
2.290868e-01 5.355564e-01 7.270532e-01 9.030100e-01 1.357566e+00
2.344229e-01 5.290721e-01 7.165496e-01 8.907079e-01 1.354352e+00
2.398833e-01 5.226881e-01 7.062287e-01 8.786136e-01 1.351148e+00
2.454709e-01 5.164014e-01 6.960877e-01 8.667229e-01 1.347959e+00
2.511886e-01 5.102093e-01 6.861239e-01 8.550319e-01 1.344789e+00
2.570396e-01 5.041088e-01 6.763345e-01 8.435366e-01 1.341644e+00
2.630268e-01 4.980972e-01 6.667168e-01 8.322332e-01 1.338528e+00
2.691535e-01 4.921720e-01 6.572680e-01 8.211179e-01 1.335444e+00
2.754229e-01 4.863305e-01 6.479854e-01 8.101867e-01 1.332397e+00
2.818383e-01 4.805703e-01 6.388662e-01 7.994360e-01 1.329392e+00
2.884032e-01 4.748891e-01 6.299076e-01 7.888620e-01 1.326431e+00
2.951209e-01 4.692843e-01 6.211069e-01 7.784610e-01 1.323519e+00
3.019952e-01 4.637539e-01 6.124613e-01 7.682295e-01 1.320660e+00
3.090295e-01 4.582957e-01 6.039681e-01 7.581638e-01 1.317857e+00
3.162278e-01 4.529075e-01 5.956246e-01 7.482605e-01 1.315113e+00
3.235937e-01 4.475873e-01 5.874280e-01 7.385161e-01 1.312432e+00
3.311311e-01 4.423332e-01 5.793757e-01 7.289272e-01 1.309817e+00
3.388442e-01 4.371433e-01 5.714649e-01 7.194904e-01 1.307272e+00
3.467369e-01 4.320157e-01 5.636931e-01 7.102024e-01 1.304798e+00
3.548134e-01 4.269487e-01 5.560575e-01 7.010600e-01 1.302399e+00
3.630781e-01 4.219406e-01 5.485556e-01 6.920601e-01 1.300078e+00
3.715352e-01 4.169899e-01 5.411846e-01 6.831994e-01 1.297836e+00
3.801894e-01 4.120949e-01 5.339421e-01 6.744749e-01 1.295677e+00
3.890451e-01 4.072543e-01 5.268255e-01 6.658837e-01 1.293603e+00
3.981072e-01 4.024664e-01 5.198322e-01 6.574228e-01 1.291616e+00
4.073803e-01 3.977301e-01 5.129598e-01 6.490893e-01 1.289718e+00
4.168694e-01 3.930440e-01 5.062057e-01 6.408805e-01 1.287911e+00
4.265795e-01 3.884069e-01 4.995675e-01 6.327935e-01 1.286196e+00
4.365158e-01 3.838176e-01 4.930428e-01 6.248257e-01 1.284576e+00
4.466836e-01 3.792749e-01 4.866293e-01 6.169745e-01 1.283052e+00
4.570882e-01 3.747779e-01 4.803245e-01 6.092374e-01 1.281624e+00
4.677351e-01 3.703255e-01 4.741263e-01 6.016118e-01 1.280296e+00
4.786301e-01 3.659168e-01 4.680323e-01 5.940954e-01 1.279067e+00
4.897788e-01 3.615509e-01 4.620403e-01 5.866858e-01 1.277940e+00
5.011872e-01 3.572268e-01 4.561481e-01 5.793808e-01 1.276914e+00
5.128614e-01 3.529439e-01 4.503536e-01 5.721781e-01 1.275992e+00
5.248075e-01 3.487013e-01 4.446548e-01 5.650756e-01 1.275174e+00
5.370318e-01 3.444983e-01 4.390495e-01 5.580713e-01 1.274460e+00
5.495409e-01 3.403343e-01 4.335358e-01 5.511630e-01 1.273853e+00
5.623413e-01 3.362085e-01 4.281117e-01 5.443489e-01 1.273352e+00
5.754399e-01 3.321204e-01 4.227753e-01 5.376271e-01 1.272958e+00
5.888437e-01 3.280695e-01 4.175248e-01 5.309958e-01 1.272672e+00
6.025596e-01 3.240550e-01 4.123583e-01 5.244531e-01 1.272495e+00
6.165950e-01 3.200766e-01 4.072742e-01 5.179974e-01 1.272427e+00
6.309573e-01 3.161337e-01 4.022706e-01 5.116270e-01 1.272470e+00
6.456542e-01 3.122258e-01 3.973459e-01 5.053402e-01 1.272624e+00
6.606934e-01 3.083525e-01 3.924985e-01 4.991356e-01 1.272889e+00
6.760830e-01 3.045133e-01 3.877268e-01 4.930116e-01 1.273267e+00
6.918310e-01 3.007078e-01 3.830293e-01 4.869667e-01 1.273759e+00
7.079458e-01 2.969355e-01 3.784044e-01 4.809995e-01 1.274366e+00
7.244360e-01 2.931961e-01 3.738507e-01 4.751087e-01 1.275088e+00
7.413102e-01 2.894891e-01 3.693668e-01 4.692928e-01 1.275926e+00
7.585776e-01 2.858142e-01 3.649513e-01 4.635506e-01 1.276883e+00
7.762471e-01 2.821710e-01 3.606028e-01 4.578808e-01 1.277958e+00
7.943282e-01 2.785591e-01 3.563200e-01 4.522821e-01 1.279154e+00
8.128305e-01 2.749780e-01 3.521017e-01 4.467533e-01 1.280472e+00
8.317638e-01 2.714275e-01 3.479466e-01 4.412932e-01 1.281913e+00
8.511380e-01 2.679072e-01 3.438534e-01 4.359007e-01 1.283479e+00
8.709636e-01 2.644167e-01 3.398210e-01 4.305746e-01 1.285172e+00
8.912509e-01 2.609556e-01 3.358481e-01 4.253138e-01 1.286993e+00
9.120108e-01 2.575236e-01 3.319337e-01 4.201171e-01 1.288945e+00
9.332543e-01 2.541203e-01 3.280766e-01 4.149836e-01 1.291029e+00
9.549926e-01 2.507453e-01 3.242756e-01 4.099121e-01 1.293247e+00
9.772372e-01 2.473983e-01 3.205298e-01 4.049016e-01 1.295602e+00
1.000000e+00 2.440790e-01 3.168379e-01 3.999510e-01 1.298096e+00
1.023293e+00 2.407869e-01 3.131991e-01 3.950595e-01 1.300731e+00
1.047129e+00 2.375218e-01 3.096121e-01 3.902259e-01 1.303510e+00
1.071519e+00 2.342833e-01 3.060760e-01 3.854493e-01 1.306435e+00
1.096478e+00 2.310711e-01 3.025898e-01 3.807288e-01 1.309510e+00
1.122018e+00 2.278847e-01 2.991524e-01 3.760633e-01 1.312736e+00
1.148154e+00 2.247240e-01 2.957630e-01 3.714521e-01 1.316117e+00
1.174898e+00 2.215886e-01 2.924205e-01 3.668940e-01 1.319655e+00
1.202264e+00 2.184781e-01 2.891239e-01 3.623883e-01 1.323354e+00
1.230269e+00 2.153923e-01 2.858723e-01 3.579341e-01 1.327217e+00
1.258925e+00 2.123308e-01 2.826649e-01 3.535305e-01 1.331248e+00
1.288250e+00 2.092934e-01 2.795005e-01 3.491765e-01 1.335449e+00
1.318257e+00 2.062797e-01 2.763784e-01 3.448715e-01 1.339824e+00
1.348963e+00 2.032895e-01 2.732977e-01 3.406145e-01 1.344377e+00
1.380384e+00 2.003226e-01 2.702574e-01 3.364048e-01 1.349111e+00
1.412538e+00 1.973786e-01 2.672566e-01 3.322415e-01 1.354031e+00
1.445440e+00 1.944573e-01 2.642946e-01 3.281238e-01 1.359140e+00
1.479108e+00 1.915584e-01 2.613704e-01 3.240511e-01 1.364442e+00
1.513561e+00 1.886818e-01 2.584832e-01 3.200225e-01 1.369942e+00
1.548817e+00 1.858271e-01 2.556322e-01 3.160372e-01 1.375645e+00
1.584893e+00 1.829942e-01 2.528165e-01 3.120946e-01 1.381554e+00
1.621810e+00 1.801829e-01 2.500353e-01 3.081940e-01 1.387675e+00
1.659587e+00 1.773928e-01 2.472879e-01 3.043346e-01 1.394013e+00
1.698244e+00 1.746240e-01 2.445735e-01 3.005158e-01 1.400572e+00
1.737801e+00 1.718760e-01 2.418912e-01 2.967368e-01 1.407359e+00
1.778279e+00 1.691488e-01 2.392403e-01 2.929970e-01 1.414378e+00
1.819701e+00 1.664422e-01 2.366201e-01 2.892958e-01 1.421635e+00
1.862087e+00 1.637560e-01 2.340297e-01 2.856325e-01 1.429137e+00
1.905461e+00 1.610900e-01 2.314685e-01 2.820065e-01 1.436889e+00
1.949845e+00 1.584441e-01 2.289358e-01 2.784172e-01 1.444899e+00
1.995262e+00 1.558182e-01 2.264307e-01 2.748639e-01 1.453173e+00
2.041738e+00 1.532120e-01 2.239526e-01 2.713460e-01 1.461717e+00
2.089296e+00 1.506255e-01 2.215008e-01 2.678631e-01 1.470540e+00
2.137962e+00 1.480585e-01 2.190745e-01 2.644144e-01 1.479648e+00
2.187762e+00 1.455110e-01 2.166731e-01 2.609994e-01 1.489050e+00
2.238721e+00 1.429827e-01 2.142960e-01 2.576176e-01 1.498755e+00
2.290868e+00 1.404736e-01 2.119423e-01 2.542683e-01 1.508770e+00
2.344229e+00 1.379836e-01 2.096115e-01 2.509511e-01 1.519104e+00
2.398833e+00 1.355126e-01 2.073028e-01 2.476654e-01 1.529767e+00
2.454709e+00 1.330606e-01 2.050156e-01 2.444106e-01 1.540769e+00
2.511886e+00 1.306274e-01 2.027493e-01 2.411863e-01 1.552119e+00
2.570396e+00 1.282131e-01 2.005032e-01 2.379919e-01 1.563827e+00
2.630268e+00 1.258176e-01 1.982766e-01 2.348269e-01 1.575905e+00
2.691535e+00 1.234408e-01 1.960688e-01 2.316908e-01 1.588364e+00
2.754229e+00 1.210827e-01 1.938793e-01 2.285831e-01 1.601214e+00
2.818383e+00 1.187434e-01 1.917075e-01 2.255033e-01 1.614469e+00
2.884032e+00 1.164228e-01 1.895526e-01 2.224510e-01 1.628140e+00
2.951209e+00 1.141210e-01 1.874140e-01 2.194257e-01 1.642239e+00
3.019952e+00 1.118381e-01 1.852912e-01 2.164269e-01 1.656781e+00
3.090295e+00 1.095740e-01 1.831836e-01 2.134542e-01 1.671779e+00
3.162278e+00 1.073290e-01 1.810904e-01 2.105071e-01 1.687246e+00
3.235937e+00 1.051030e-01 1.790112e-01 2.075853e-01 1.703198e+00
3.311311e+00 1.028963e-01 1.769454e-01 2.046883e-01 1.719648e+00
3.388442e+00 1.007089e-01 1.748923e-01 2.018158e-01 1.736613e+00
3.467369e+00 9.854102e-02 1.728515e-01 1.989673e-01 1.754107e+00
3.548134e+00 9.639286e-02 1.708224e-01 1.961425e-01 1.772148e+00
3.630781e+00 9.426461e-02 1.688045e-01 1.933411e-01 1.790751e+00
3.715352e+00 9.215650e-02 1.667972e-01 1.905627e-01 1.809934e+00
3.801894e+00 9.006877e-02 1.648001e-01 1.878070e-01 1.829714e+00
3.890451e+00 8.800169e-02 1.628128e-01 1.850737e-01 1.850109e+00
3.981072e+00 8.595555e-02 1.608347e-01 1.823627e-01 1.871138e+00
4.073803e+00 8.393064e-02 1.588655e-01 1.796735e-01 1.892818e+00
4.168694e+00 8.192728e-02 1.569047e-01 1.770061e-01 1.915170e+00
4.265795e+00 7.994583e-02 1.549520e-01 1.743602e-01 1.938213e+00
4.365158e+00 7.798663e-02 1.530072e-01 1.717356e-01 1.961967e+00
4.466836e+00 7.605005e-02 1.510697e-01 1.691321e-01 1.986452e+00
4.570882e+00 7.413647e-02 1.491395e-01 1.665497e-01 2.011689e+00
4.677351e+00 7.224628e-02 1.472163e-01 1.639883e-01 2.037700e+00
4.786301e+00 7.037988e-02 1.452997e-01 1.614476e-01 2.064507e+00
4.897788e+00 6.853768e-02 1.433898e-01 1.589278e-01 2.092131e+00
5.011872e+00 6.672009e-02 1.414863e-01 1.564287e-01 2.120595e+00
5.128614e+00 6.492752e-02 1.395892e-01 1.539504e-01 2.149923e+00
5.248075e+00 6.316038e-02 1.376983e-01 1.514928e-01 2.180138e+00
5.370318e+00 6.141909e-02 1.358138e-01 1.490560e-01 2.211263e+00
5.495409e+00 5.970405e-02 1.339355e-01 1.466400e-01 2.243324e+00
5.623413e+00 5.801565e-02 1.320636e-01 1.442450e-01 2.276344e+00
5.754399e+00 5.635429e-02 1.301981e-01 1.418709e-01 2.310350e+00
5.888437e+00 5.472033e-02 1.283392e-01 1.395180e-01 2.345366e+00
6.025596e+00 5.311414e-02 1.264871e-01 1.371863e-01 2.381419e+00
6.165950e+00 5.153606e-02 1.246418e-01 1.348761e-01 2.418536e+00
6.309573e+00 4.998640e-02 1.228038e-01 1.325873e-01 2.456743e+00
6.456542e+00 4.846546e-02 1.209731e-01 1.303204e-01 2.496068e+00
6.606934e+00 4.697352e-02 1.191502e-01 1.280753e-01 2.536539e+00
6.760830e+00 4.551082e-02 1.173353e-01 1.258523e-01 2.578185e+00
6.918310e+00 4.407759e-02 1.155288e-01 1.236517e-01 2.621033e+00
7.079458e+00 4.267400e-02 1.137311e-01 1.214736e-01 2.665114e+00
7.244360e+00 4.130022e-02 1.119425e-01 1.193182e-01 2.710458e+00
7.413102e+00 3.995638e-02 1.101635e-01 1.171858e-01 2.757094e+00
7.585776e+00 3.864256e-02 1.083945e-01 1.150765e-01 2.805054e+00
7.762471e+00 3.735883e-02 1.066359e-01 1.129907e-01 2.854369e+00
7.943282e+00 3.610519e-02 1.048882e-01 1.109284e-01 2.905072e+00
8.128305e+00 3.488165e-02 1.031518e-01 1.088900e-01 2.957194e+00
8.317638e+00 3.368816e-02 1.014273e-01 1.068755e-01 3.010769e+00
8.511380e+00 3.252463e-02 9.971500e-02 1.048853e-01 3.065831e+00
8.709636e+00 3.139094e-02 9.801549e-02 1.029195e-01 3.122413e+00
8.912509e+00 3.028695e-02 9.632922e-02 1.009783e-01 3.180552e+00
9.120108e+00 2.921247e-02 9.465664e-02 9.906184e-02 3.240282e+00
9.332543e+00 2.816727e-02 9.299821e-02 9.717028e-02 3.301641e+00
9.549926e+00 2.715112e-02 9.135440e-02 9.530377e-02 3.364664e+00
9.772372e+00 2.616373e-02 8.972564e-02 9.346245e-02 3.429390e+00
1.000000e+01 2.520479e-02 8.811235e-02 9.164643e-02 3.495857e+00
