1.000000e-06 3.180521e+01 1.088641e-01 3.180540e+01 3.422838e-03
1.023293e-06 3.180515e+01 1.113989e-01 3.180535e+01 3.502543e-03
1.047129e-06 3.180509e+01 1.139928e-01 3.180530e+01 3.584104e-03
1.071519e-06 3.180503e+01 1.166469e-01 3.180524e+01 3.667562e-03
1.096478e-06 3.180496e+01 1.193628e-01 3.180519e+01 3.752962e-03
1.122018e-06 3.180490e+01 1.221419e-01 3.180513e+01 3.840350e-03
1.148154e-06 3.180482e+01 1.249857e-01 3.180507e+01 3.929771e-03
1.174898e-06 3.180475e+01 1.278956e-01 3.180500e+01 4.021273e-03
1.202264e-06 3.180467e+01 1.308731e-01 3.180494e+01 4.114903e-03
1.230269e-06 3.180459e+01 1.339200e-01 3.180487e+01 4.210712e-03
1.258925e-06 3.180450e+01 1.370376e-01 3.180479e+01 4.308750e-03
1.288250e-06 3.180441e+01 1.402278e-01 3.180472e+01 4.409068e-03
1.318257e-06 3.180431e+01 1.434921e-01 3.180464e+01 4.511719e-03
1.348963e-06 3.180421e+01 1.468324e-01 3.180455e+01 4.616759e-03
1.380384e-06 3.180411e+01 1.502503e-01 3.180446e+01 4.724241e-03
1.412538e-06 3.180400e+01 1.537476e-01 3.180437e+01 4.834223e-03
1.445440e-06 3.180389e+01 1.573263e-01 3.180428e+01 4.946762e-03
1.479108e-06 3.180377e+01 1.609881e-01 3.180417e+01 5.061918e-03
1.513561e-06 3.180364e+01 1.647350e-01 3.180407e+01 5.179751e-03
1.548817e-06 3.180351e+01 1.685689e-01 3.180396e+01 5.300324e-03
1.584893e-06 3.180337e+01 1.724920e-01 3.180384e+01 5.423700e-03
1.621810e-06 3.180323e+01 1.765061e-01 3.180372e+01 5.549943e-03
1.659587e-06 3.180308e+01 1.806135e-01 3.180359e+01 5.679121e-03
1.698244e-06 3.180292e+01 1.848163e-01 3.180346e+01 5.811300e-03
1.737801e-06 3.180276e+01 1.891167e-01 3.180332e+01 5.946551e-03
1.778279e-06 3.180258e+01 1.935170e-01 3.180317e+01 6.084945e-03
1.819701e-06 3.180240e+01 1.980194e-01 3.180302e+01 6.226553e-03
1.862087e-06 3.180221e+01 2.026262e-01 3.180286e+01 6.371451e-03
1.905461e-06 3.180201e+01 2.073400e-01 3.180269e+01 6.519714e-03
1.949845e-06 3.180181e+01 2.121632e-01 3.180251e+01 6.671420e-03
1.995262e-06 3.180159e+01 2.170983e-01 3.180233e+01 6.826649e-03
2.041738e-06 3.180136e+01 2.221478e-01 3.180214e+01 6.985481e-03
2.089296e-06 3.180112e+01 2.273144e-01 3.180194e+01 7.148000e-03
2.137962e-06 3.180087e+01 2.326008e-01 3.180172e+01 7.314291e-03
2.187762e-06 3.180061e+01 2.380098e-01 3.180150e+01 7.484440e-03
2.238721e-06 3.180034e+01 2.435441e-01 3.180127e+01 7.658536e-03
2.290868e-06 3.180005e+01 2.492066e-01 3.180103e+01 7.836671e-03
2.344229e-06 3.179975e+01 2.550002e-01 3.180077e+01 8.018937e-03
2.398833e-06 3.179944e+01 2.609280e-01 3.180051e+01 8.205429e-03
2.454709e-06 3.179911e+01 2.669931e-01 3.180023e+01 8.396244e-03
2.511886e-06 3.179877e+01 2.731985e-01 3.179994e+01 8.591481e-03
2.570396e-06 3.179841e+01 2.795475e-01 3.179963e+01 8.791242e-03
2.630268e-06 3.179803e+01 2.860433e-01 3.179931e+01 8.995630e-03
2.691535e-06 3.179763e+01 2.926893e-01 3.179898e+01 9.204752e-03
2.754229e-06 3.179722e+01 2.994889e-01 3.179863e+01 9.418715e-03
2.818383e-06 3.179679e+01 3.064457e-01 3.179826e+01 9.637630e-03
2.884032e-06 3.179633e+01 3.135630e-01 3.179788e+01 9.861610e-03
2.951209e-06 3.179586e+01 3.208448e-01 3.179748e+01 1.009077e-02
3.019952e-06 3.179536e+01 3.282945e-01 3.179706e+01 1.032523e-02
3.090295e-06 3.179484e+01 3.359161e-01 3.179662e+01 1.056511e-02
3.162278e-06 3.179430e+01 3.437134e-01 3.179615e+01 1.081054e-02
3.235937e-06 3.179373e+01 3.516904e-01 3.179567e+01 1.106163e-02
3.311311e-06 3.179313e+01 3.598511e-01 3.179517e+01 1.131852e-02
3.388442e-06 3.179251e+01 3.681997e-01 3.179464e+01 1.158134e-02
3.467369e-06 3.179185e+01 3.767403e-01 3.179408e+01 1.185022e-02
3.548134e-06 3.179117e+01 3.854774e-01 3.179350e+01 1.212530e-02
3.630781e-06 3.179045e+01 3.944153e-01 3.179290e+01 1.240672e-02
3.715352e-06 3.178970e+01 4.035584e-01 3.179226e+01 1.269463e-02
3.801894e-06 3.178892e+01 4.129113e-01 3.179160e+01 1.298916e-02
3.890451e-06 3.178809e+01 4.224788e-01 3.179090e+01 1.329047e-02
3.981072e-06 3.178723e+01 4.322655e-01 3.179017e+01 1.359871e-02
4.073803e-06 3.178633e+01 4.422764e-01 3.178941e+01 1.391404e-02
4.168694e-06 3.178539e+01 4.525163e-01 3.178861e+01 1.423661e-02
4.265795e-06 3.178440e+01 4.629903e-01 3.178778e+01 1.456659e-02
4.365158e-06 3.178337e+01 4.737036e-01 3.178690e+01 1.490413e-02
4.466836e-06 3.178229e+01 4.846614e-01 3.178599e+01 1.524942e-02
4.570882e-06 3.178116e+01 4.958690e-01 3.178503e+01 1.560261e-02
4.677351e-06 3.177998e+01 5.073319e-01 3.178402e+01 1.596389e-02
4.786301e-06 3.177874e+01 5.190556e-01 3.178298e+01 1.633343e-02
4.897788e-06 3.177744e+01 5.310458e-01 3.178188e+01 1.671141e-02
5.011872e-06 3.177608e+01 5.433082e-01 3.178073e+01 1.709802e-02
5.128614e-06 3.177466e+01 5.558486e-01 3.177953e+01 1.749345e-02
5.248075e-06 3.177318e+01 5.686729e-01 3.177827e+01 1.789789e-02
5.370318e-06 3.177162e+01 5.817873e-01 3.177695e+01 1.831154e-02
5.495409e-06 3.177000e+01 5.951979e-01 3.177557e+01 1.873459e-02
5.623413e-06 3.176829e+01 6.089108e-01 3.177413e+01 1.916725e-02
5.754399e-06 3.176651e+01 6.229325e-01 3.177262e+01 1.960972e-02
5.888437e-06 3.176465e+01 6.372695e-01 3.177104e+01 2.006222e-02
6.025596e-06 3.176270e+01 6.519282e-01 3.176939e+01 2.052496e-02
6.165950e-06 3.176066e+01 6.669152e-01 3.176766e+01 2.099815e-02
6.309573e-06 3.175853e+01 6.822374e-01 3.176585e+01 2.148202e-02
6.456542e-06 3.175629e+01 6.979016e-01 3.176396e+01 2.197680e-02
6.606934e-06 3.175396e+01 7.139147e-01 3.176198e+01 2.248270e-02
6.760830e-06 3.175152e+01 7.302836e-01 3.175991e+01 2.299996e-02
6.918310e-06 3.174896e+01 7.470156e-01 3.175775e+01 2.352882e-02
7.079458e-06 3.174629e+01 7.641179e-01 3.175548e+01 2.406952e-02
7.244360e-06 3.174349e+01 7.815975e-01 3.175312e+01 2.462229e-02
7.413102e-06 3.174057e+01 7.994621e-01 3.175064e+01 2.518739e-02
7.585776e-06 3.173752e+01 8.177189e-01 3.174805e+01 2.576506e-02
7.762471e-06 3.173432e+01 8.363754e-01 3.174534e+01 2.635555e-02
7.943282e-06 3.173098e+01 8.554393e-01 3.174251e+01 2.695912e-02
8.128305e-06 3.172749e+01 8.749181e-01 3.173955e+01 2.757603e-02
8.317638e-06 3.172383e+01 8.948195e-01 3.173645e+01 2.820654e-02
8.511380e-06 3.172002e+01 9.151513e-01 3.173322e+01 2.885091e-02
8.709636e-06 3.171603e+01 9.359211e-01 3.172983e+01 2.950941e-02
8.912509e-06 3.171186e+01 9.571368e-01 3.172630e+01 3.018230e-02
9.120108e-06 3.170750e+01 9.788063e-01 3.172260e+01 3.086987e-02
9.332543e-06 3.170294e+01 1.000937e+00 3.171874e+01 3.157238e-02
9.549926e-06 3.169818e+01 1.023538e+00 3.171470e+01 3.229011e-02
9.772372e-06 3.169321e+01 1.046615e+00 3.171048e+01 3.302333e-02
1.000000e-05 3.168801e+01 1.070178e+00 3.170608e+01 3.377232e-02
1.023293e-05 3.168258e+01 1.094233e+00 3.170148e+01 3.453737e-02
1.047129e-05 3.167692e+01 1.118789e+00 3.169667e+01 3.531875e-02
1.071519e-05 3.167100e+01 1.143853e+00 3.169165e+01 3.611675e-02
1.096478e-05 3.166481e+01 1.169433e+00 3.168640e+01 3.693164e-02
1.122018e-05 3.165836e+01 1.195537e+00 3.168092e+01 3.776371e-02
1.148154e-05 3.165162e+01 1.222171e+00 3.167521e+01 3.861323e-02
1.174898e-05 3.164458e+01 1.249344e+00 3.166924e+01 3.948049e-02
1.202264e-05 3.163724e+01 1.277062e+00 3.166301e+01 4.036577e-02
1.230269e-05 3.162958e+01 1.305332e+00 3.165650e+01 4.126934e-02
1.258925e-05 3.162159e+01 1.334161e+00 3.164972e+01 4.219148e-02
1.288250e-05 3.161325e+01 1.363557e+00 3.164264e+01 4.313245e-02
1.318257e-05 3.160455e+01 1.393524e+00 3.163526e+01 4.409253e-02
1.348963e-05 3.159548e+01 1.424071e+00 3.162755e+01 4.507198e-02
1.380384e-05 3.158602e+01 1.455201e+00 3.161952e+01 4.607105e-02
1.412538e-05 3.157616e+01 1.486922e+00 3.161115e+01 4.709002e-02
1.445440e-05 3.156588e+01 1.519238e+00 3.160242e+01 4.812911e-02
1.479108e-05 3.155517e+01 1.552154e+00 3.159332e+01 4.918858e-02
1.513561e-05 3.154401e+01 1.585675e+00 3.158384e+01 5.026866e-02
1.548817e-05 3.153239e+01 1.619806e+00 3.157397e+01 5.136958e-02
1.584893e-05 3.152029e+01 1.654549e+00 3.156368e+01 5.249156e-02
1.621810e-05 3.150769e+01 1.689909e+00 3.155297e+01 5.363480e-02
1.659587e-05 3.149457e+01 1.725887e+00 3.154182e+01 5.479951e-02
1.698244e-05 3.148092e+01 1.762487e+00 3.153022e+01 5.598587e-02
1.737801e-05 3.146672e+01 1.799710e+00 3.151815e+01 5.719406e-02
1.778279e-05 3.145195e+01 1.837557e+00 3.150558e+01 5.842425e-02
1.819701e-05 3.143660e+01 1.876028e+00 3.149252e+01 5.967658e-02
1.862087e-05 3.142063e+01 1.915125e+00 3.147894e+01 6.095119e-02
1.905461e-05 3.140405e+01 1.954845e+00 3.146483e+01 6.224820e-02
1.949845e-05 3.138681e+01 1.995188e+00 3.145016e+01 6.356772e-02
1.995262e-05 3.136892e+01 2.036152e+00 3.143493e+01 6.490984e-02
2.041738e-05 3.135034e+01 2.077732e+00 3.141912e+01 6.627463e-02
2.089296e-05 3.133106e+01 2.119927e+00 3.140270e+01 6.766214e-02
2.137962e-05 3.131106e+01 2.162731e+00 3.138567e+01 6.907241e-02
2.187762e-05 3.129032e+01 2.206138e+00 3.136800e+01 7.050545e-02
2.238721e-05 3.126882e+01 2.250144e+00 3.134968e+01 7.196126e-02
2.290868e-05 3.124655e+01 2.294741e+00 3.133070e+01 7.343982e-02
2.344229e-05 3.122347e+01 2.339920e+00 3.131103e+01 7.494107e-02
2.398833e-05 3.119958e+01 2.385675e+00 3.129066e+01 7.646496e-02
2.454709e-05 3.117485e+01 2.431994e+00 3.126957e+01 7.801139e-02
2.511886e-05 3.114928e+01 2.478868e+00 3.124775e+01 7.958026e-02
2.570396e-05 3.112283e+01 2.526285e+00 3.122519e+01 8.117144e-02
2.630268e-05 3.109550e+01 2.574234e+00 3.120187e+01 8.278478e-02
2.691535e-05 3.106726e+01 2.622701e+00 3.117777e+01 8.442009e-02
2.754229e-05 3.103811e+01 2.671673e+00 3.115288e+01 8.607721e-02
2.818383e-05 3.100802e+01 2.721137e+00 3.112719e+01 8.775590e-02
2.884032e-05 3.097699e+01 2.771076e+00 3.110068e+01 8.945595e-02
2.951209e-05 3.094499e+01 2.821475e+00 3.107335e+01 9.117710e-02
3.019952e-05 3.091203e+01 2.872318e+00 3.104519e+01 9.291910e-02
3.090295e-05 3.087808e+01 2.923588e+00 3.101617e+01 9.468167e-02
3.162278e-05 3.084313e+01 2.975268e+00 3.098630e+01 9.646451e-02
3.235937e-05 3.080719e+01 3.027340e+00 3.095557e+01 9.826733e-02
3.311311e-05 3.077023e+01 3.079786e+00 3.092397e+01 1.000898e-01
3.388442e-05 3.073225e+01 3.132589e+00 3.089150e+01 1.019317e-01
3.467369e-05 3.069325e+01 3.185731e+00 3.085814e+01 1.037925e-01
3.548134e-05 3.065323e+01 3.239192e+00 3.082390e+01 1.056721e-01
3.630781e-05 3.061217e+01 3.292955e+00 3.078878e+01 1.075701e-01
3.715352e-05 3.057009e+01 3.347002e+00 3.075276e+01 1.094862e-01
3.801894e-05 3.052696e+01 3.401315e+00 3.071587e+01 1.114200e-01
3.890451e-05 3.048281e+01 3.455879e+00 3.067809e+01 1.133714e-01
3.981072e-05 3.043763e+01 3.510675e+00 3.063942e+01 1.153400e-01
4.073803e-05 3.039142e+01 3.565689e+00 3.059988e+01 1.173255e-01
4.168694e-05 3.034419e+01 3.620906e+00 3.055947e+01 1.193278e-01
4.265795e-05 3.029595e+01 3.676312e+00 3.051818e+01 1.213467e-01
4.365158e-05 3.024669e+01 3.731894e+00 3.047604e+01 1.233819e-01
4.466836e-05 3.019643e+01 3.787640e+00 3.043305e+01 1.254334e-01
4.570882e-05 3.014517e+01 3.843540e+00 3.038921e+01 1.275010e-01
4.677351e-05 3.009293e+01 3.899586e+00 3.034455e+01 1.295848e-01
4.786301e-05 3.003972e+01 3.955770e+00 3.029905e+01 1.316847e-01
4.897788e-05 2.998553e+01 4.012085e+00 3.025275e+01 1.338007e-01
5.011872e-05 2.993039e+01 4.068529e+00 3.020565e+01 1.359330e-01
5.128614e-05 2.987430e+01 4.125097e+00 3.015776e+01 1.380818e-01
5.248075e-05 2.981728e+01 4.181790e+00 3.010909e+01 1.402472e-01
5.370318e-05 2.975933e+01 4.238609e+00 3.005966e+01 1.424296e-01
5.495409e-05 2.970046e+01 4.295556e+00 3.000948e+01 1.446293e-01
5.623413e-05 2.964068e+01 4.352635e+00 2.995856e+01 1.468467e-01
5.754399e-05 2.957999e+01 4.409853e+00 2.990690e+01 1.490823e-01
5.888437e-05 2.951842e+01 4.467217e+00 2.985453e+01 1.513366e-01
6.025596e-05 2.945595e+01 4.524737e+00 2.980144e+01 1.536103e-01
6.165950e-05 2.939259e+01 4.582424e+00 2.974766e+01 1.559040e-01
6.309573e-05 2.932835e+01 4.640289e+00 2.969318e+01 1.582185e-01
6.456542e-05 2.926323e+01 4.698347e+00 2.963800e+01 1.605546e-01
6.606934e-05 2.919723e+01 4.756611e+00 2.958215e+01 1.629131e-01
6.760830e-05 2.913033e+01 4.815098e+00 2.952560e+01 1.652950e-01
6.918310e-05 2.906254e+01 4.873823e+00 2.946838e+01 1.677012e-01
7.079458e-05 2.899385e+01 4.932804e+00 2.941047e+01 1.701328e-01
7.244360e-05 2.892425e+01 4.992057e+00 2.935188e+01 1.725907e-01
7.413102e-05 2.885372e+01 5.051600e+00 2.929259e+01 1.750762e-01
7.585776e-05 2.878224e+01 5.111450e+00 2.923259e+01 1.775904e-01
7.762471e-05 2.870981e+01 5.171623e+00 2.917188e+01 1.801344e-01
7.943282e-05 2.863639e+01 5.232137e+00 2.911045e+01 1.827094e-01
8.128305e-05 2.856197e+01 5.293006e+00 2.904827e+01 1.853166e-01
8.317638e-05 2.848652e+01 5.354245e+00 2.898533e+01 1.879572e-01
8.511380e-05 2.841000e+01 5.415866e+00 2.892161e+01 1.906324e-01
8.709636e-05 2.833239e+01 5.477880e+00 2.885708e+01 1.933434e-01
8.912509e-05 2.825364e+01 5.540297e+00 2.879172e+01 1.960914e-01
9.120108e-05 2.817373e+01 5.603124e+00 2.872549e+01 1.988776e-01
9.332543e-05 2.809261e+01 5.666364e+00 2.865837e+01 2.017030e-01
9.549926e-05 2.801024e+01 5.730020e+00 2.859032e+01 2.045688e-01
9.772372e-05 2.792657e+01 5.794090e+00 2.852131e+01 2.074759e-01
1.000000e-04 2.784156e+01 5.858570e+00 2.845128e+01 2.104253e-01
1.023293e-04 2.775516e+01 5.923452e+00 2.838021e+01 2.134180e-01
1.047129e-04 2.766733e+01 5.988723e+00 2.830805e+01 2.164547e-01
1.071519e-04 2.757800e+01 6.054369e+00 2.823476e+01 2.195362e-01
1.096478e-04 2.748713e+01 6.120368e+00 2.816028e+01 2.226631e-01
1.122018e-04 2.739467e+01 6.186698e+00 2.808457e+01 2.258359e-01
1.148154e-04 2.730055e+01 6.253330e+00 2.800758e+01 2.290551e-01
1.174898e-04 2.720474e+01 6.320231e+00 2.792925e+01 2.323210e-01
1.202264e-04 2.710717e+01 6.387363e+00 2.784955e+01 2.356337e-01
1.230269e-04 2.700780e+01 6.454683e+00 2.776840e+01 2.389933e-01
1.258925e-04 2.690657e+01 6.522145e+00 2.768577e+01 2.423997e-01
1.288250e-04 2.680343e+01 6.589695e+00 2.760160e+01 2.458527e-01
1.318257e-04 2.669834e+01 6.657277e+00 2.751583e+01 2.493517e-01
1.348963e-04 2.659125e+01 6.724830e+00 2.742841e+01 2.528963e-01
1.380384e-04 2.648211e+01 6.792285e+00 2.733930e+01 2.564858e-01
1.412538e-04 2.637089e+01 6.859572e+00 2.724844e+01 2.601191e-01
1.445440e-04 2.625755e+01 6.926614e+00 2.715579e+01 2.637952e-01
1.479108e-04 2.614205e+01 6.993331e+00 2.706129e+01 2.675128e-01
1.513561e-04 2.602437e+01 7.059638e+00 2.696491e+01 2.712703e-01
1.548817e-04 2.590447e+01 7.125446e+00 2.686659e+01 2.750662e-01
1.584893e-04 2.578235e+01 7.190662e+00 2.676631e+01 2.788986e-01
1.621810e-04 2.565799e+01 7.255190e+00 2.666403e+01 2.827653e-01
1.659587e-04 2.553138e+01 7.318930e+00 2.655971e+01 2.866641e-01
1.698244e-04 2.540251e+01 7.381779e+00 2.645332e+01 2.905925e-01
1.737801e-04 2.527139e+01 7.443633e+00 2.634485e+01 2.945478e-01
1.778279e-04 2.513804e+01 7.504385e+00 2.623427e+01 2.985271e-01
1.819701e-04 2.500246e+01 7.563926e+00 2.612156e+01 3.025273e-01
1.862087e-04 2.486468e+01 7.622147e+00 2.600672e+01 3.065451e-01
1.905461e-04 2.472474e+01 7.678936e+00 2.588975e+01 3.105770e-01
1.949845e-04 2.458268e+01 7.734185e+00 2.577064e+01 3.146193e-01
1.995262e-04 2.443853e+01 7.787784e+00 2.564940e+01 3.186682e-01
2.041738e-04 2.429237e+01 7.839623e+00 2.552604e+01 3.227196e-01
2.089296e-04 2.414424e+01 7.889596e+00 2.540059e+01 3.267693e-01
2.137962e-04 2.399422e+01 7.937598e+00 2.527307e+01 3.308129e-01
2.187762e-04 2.384239e+01 7.983527e+00 2.514351e+01 3.348460e-01
2.238721e-04 2.368883e+01 8.027287e+00 2.501195e+01 3.388638e-01
2.290868e-04 2.353363e+01 8.068781e+00 2.487845e+01 3.428617e-01
2.344229e-04 2.337691e+01 8.107922e+00 2.474304e+01 3.468347e-01
2.398833e-04 2.321875e+01 8.144625e+00 2.460580e+01 3.507779e-01
2.454709e-04 2.305928e+01 8.178813e+00 2.446678e+01 3.546864e-01
2.511886e-04 2.289861e+01 8.210413e+00 2.432606e+01 3.585551e-01
2.570396e-04 2.273687e+01 8.239361e+00 2.418372e+01 3.623789e-01
2.630268e-04 2.257419e+01 8.265601e+00 2.403984e+01 3.661528e-01
2.691535e-04 2.241070e+01 8.289082e+00 2.389452e+01 3.698717e-01
2.754229e-04 2.224653e+01 8.309763e+00 2.374785e+01 3.735307e-01
2.818383e-04 2.208184e+01 8.327612e+00 2.359993e+01 3.771249e-01
2.884032e-04 2.191677e+01 8.342605e+00 2.345088e+01 3.806495e-01
2.951209e-04 2.175145e+01 8.354728e+00 2.330079e+01 3.840998e-01
3.019952e-04 2.158604e+01 8.363973e+00 2.314980e+01 3.874714e-01
3.090295e-04 2.142068e+01 8.370346e+00 2.299801e+01 3.907600e-01
3.162278e-04 2.125553e+01 8.373859e+00 2.284555e+01 3.939615e-01
3.235937e-04 2.109072e+01 8.374534e+00 2.269254e+01 3.970719e-01
3.311311e-04 2.092641e+01 8.372403e+00 2.253912e+01 4.000879e-01
3.388442e-04 2.076273e+01 8.367506e+00 2.238540e+01 4.030060e-01
3.467369e-04 2.059983e+01 8.359892e+00 2.223153e+01 4.058233e-01
3.548134e-04 2.043784e+01 8.349620e+00 2.207763e+01 4.085372e-01
3.630781e-04 2.027690e+01 8.336754e+00 2.192382e+01 4.111455e-01
3.715352e-04 2.011712e+01 8.321370e+00 2.177025e+01 4.136461e-01
3.801894e-04 1.995864e+01 8.303548e+00 2.161704e+01 4.160377e-01
3.890451e-04 1.980157e+01 8.283376e+00 2.146431e+01 4.183192e-01
3.981072e-04 1.964601e+01 8.260950e+00 2.131218e+01 4.204899e-01
4.073803e-04 1.949208e+01 8.236369e+00 2.116079e+01 4.225495e-01
4.168694e-04 1.933987e+01 8.209740e+00 2.101024e+01 4.244983e-01
4.265795e-04 1.918946e+01 8.181174e+00 2.086065e+01 4.263369e-01
4.365158e-04 1.904093e+01 8.150785e+00 2.071213e+01 4.280665e-01
4.466836e-04 1.889437e+01 8.118693e+00 2.056479e+01 4.296884e-01
4.570882e-04 1.874983e+01 8.085019e+00 2.041871e+01 4.312048e-01
4.677351e-04 1.860738e+01 8.049886e+00 2.027401e+01 4.326179e-01
4.786301e-04 1.846706e+01 8.013422e+00 2.013075e+01 4.339306e-01
4.897788e-04 1.832891e+01 7.975754e+00 1.998904e+01 4.351461e-01
5.011872e-04 1.819297e+01 7.937008e+00 1.984893e+01 4.362679e-01
5.128614e-04 1.805926e+01 7.897314e+00 1.971051e+01 4.373000e-01
5.248075e-04 1.792779e+01 7.856798e+00 1.957384e+01 4.382468e-01
5.370318e-04 1.779859e+01 7.815589e+00 1.943896e+01 4.391128e-01
5.495409e-04 1.767165e+01 7.773810e+00 1.930594e+01 4.399030e-01
5.623413e-04 1.754696e+01 7.731587e+00 1.917481e+01 4.406226e-01
5.754399e-04 1.742452e+01 7.689039e+00 1.904561e+01 4.412770e-01
5.888437e-04 1.730430e+01 7.646286e+00 1.891836e+01 4.418720e-01
6.025596e-04 1.718628e+01 7.603443e+00 1.879310e+01 4.424134e-01
6.165950e-04 1.707044e+01 7.560624e+00 1.866984e+01 4.429074e-01
6.309573e-04 1.695673e+01 7.517936e+00 1.854858e+01 4.433601e-01
6.456542e-04 1.684511e+01 7.475484e+00 1.842934e+01 4.437778e-01
6.606934e-04 1.673553e+01 7.433370e+00 1.831210e+01 4.441670e-01
6.760830e-04 1.662795e+01 7.391690e+00 1.819686e+01 4.445341e-01
6.918310e-04 1.652230e+01 7.350536e+00 1.808361e+01 4.448857e-01
7.079458e-04 1.641853e+01 7.309995e+00 1.797232e+01 4.452283e-01
7.244360e-04 1.631658e+01 7.270150e+00 1.786297e+01 4.455683e-01
7.413102e-04 1.621637e+01 7.231079e+00 1.775554e+01 4.459123e-01
7.585776e-04 1.611784e+01 7.192855e+00 1.764998e+01 4.462667e-01
7.762471e-04 1.602091e+01 7.155545e+00 1.754627e+01 4.466378e-01
7.943282e-04 1.592552e+01 7.119213e+00 1.744435e+01 4.470319e-01
8.128305e-04 1.583157e+01 7.083916e+00 1.734418e+01 4.474550e-01
8.317638e-04 1.573900e+01 7.049708e+00 1.724571e+01 4.479132e-01
8.511380e-04 1.564773e+01 7.016636e+00 1.714890e+01 4.484123e-01
8.709636e-04 1.555767e+01 6.984743e+00 1.705367e+01 4.489581e-01
8.912509e-04 1.546875e+01 6.954068e+00 1.695999e+01 4.495560e-01
9.120108e-04 1.538087e+01 6.924644e+00 1.686778e+01 4.502114e-01
9.332543e-04 1.529396e+01 6.896499e+00 1.677698e+01 4.509295e-01
9.549926e-04 1.520794e+01 6.869658e+00 1.668753e+01 4.517152e-01
9.772372e-04 1.512272e+01 6.844140e+00 1.659936e+01 4.525734e-01
1.000000e-03 1.503822e+01 6.819959e+00 1.651242e+01 4.535084e-01
1.023293e-03 1.495436e+01 6.797127e+00 1.642662e+01 4.545248e-01
1.047129e-03 1.487105e+01 6.775650e+00 1.634190e+01 4.556267e-01
1.071519e-03 1.478823e+01 6.755529e+00 1.625819e+01 4.568180e-01
1.096478e-03 1.470580e+01 6.736764e+00 1.617543e+01 4.581025e-01
1.122018e-03 1.462370e+01 6.719348e+00 1.609354e+01 4.594836e-01
1.148154e-03 1.454184e+01 6.703273e+00 1.601246e+01 4.609647e-01
1.174898e-03 1.446015e+01 6.688524e+00 1.593211e+01 4.625489e-01
1.202264e-03 1.437855e+01 6.675086e+00 1.585243e+01 4.642391e-01
1.230269e-03 1.429699e+01 6.662939e+00 1.577335e+01 4.660380e-01
1.258925e-03 1.421538e+01 6.652059e+00 1.569480e+01 4.679482e-01
1.288250e-03 1.413366e+01 6.642421e+00 1.561672e+01 4.699719e-01
1.318257e-03 1.405176e+01 6.633996e+00 1.553904e+01 4.721114e-01
1.348963e-03 1.396963e+01 6.626751e+00 1.546170e+01 4.743685e-01
1.380384e-03 1.388719e+01 6.620652e+00 1.538464e+01 4.767452e-01
1.412538e-03 1.380440e+01 6.615662e+00 1.530779e+01 4.792430e-01
1.445440e-03 1.372120e+01 6.611741e+00 1.523110e+01 4.818633e-01
1.479108e-03 1.363752e+01 6.608849e+00 1.515450e+01 4.846076e-01
1.513561e-03 1.355334e+01 6.606940e+00 1.507795e+01 4.874770e-01
1.548817e-03 1.346858e+01 6.605969e+00 1.500138e+01 4.904725e-01
1.584893e-03 1.338322e+01 6.605889e+00 1.492475e+01 4.935950e-01
1.621810e-03 1.329720e+01 6.606650e+00 1.484801e+01 4.968453e-01
1.659587e-03 1.321049e+01 6.608202e+00 1.477110e+01 5.002239e-01
1.698244e-03 1.312304e+01 6.610491e+00 1.469397e+01 5.037315e-01
1.737801e-03 1.303484e+01 6.613465e+00 1.461660e+01 5.073684e-01
1.778279e-03 1.294584e+01 6.617070e+00 1.453892e+01 5.111350e-01
1.819701e-03 1.285601e+01 6.621248e+00 1.446091e+01 5.150314e-01
1.862087e-03 1.276533e+01 6.625944e+00 1.438252e+01 5.190578e-01
1.905461e-03 1.267378e+01 6.631100e+00 1.430371e+01 5.232141e-01
1.949845e-03 1.258134e+01 6.636659e+00 1.422446e+01 5.275003e-01
1.995262e-03 1.248798e+01 6.642561e+00 1.414473e+01 5.319163e-01
2.041738e-03 1.239371e+01 6.648749e+00 1.406449e+01 5.364618e-01
2.089296e-03 1.229849e+01 6.655164e+00 1.398371e+01 5.411365e-01
2.137962e-03 1.220234e+01 6.661746e+00 1.390237e+01 5.459402e-01
2.187762e-03 1.210523e+01 6.668437e+00 1.382044e+01 5.508723e-01
2.238721e-03 1.200717e+01 6.675178e+00 1.373791e+01 5.559325e-01
2.290868e-03 1.190816e+01 6.681910e+00 1.365475e+01 5.611201e-01
2.344229e-03 1.180821e+01 6.688576e+00 1.357095e+01 5.664346e-01
2.398833e-03 1.170730e+01 6.695118e+00 1.348649e+01 5.718754e-01
2.454709e-03 1.160546e+01 6.701478e+00 1.340136e+01 5.774418e-01
2.511886e-03 1.150269e+01 6.707602e+00 1.331555e+01 5.831332e-01
2.570396e-03 1.139901e+01 6.713434e+00 1.322905e+01 5.889487e-01
2.630268e-03 1.129443e+01 6.718919e+00 1.314185e+01 5.948876e-01
2.691535e-03 1.118897e+01 6.724004e+00 1.305394e+01 6.009492e-01
2.754229e-03 1.108265e+01 6.728638e+00 1.296533e+01 6.071325e-01
2.818383e-03 1.097549e+01 6.732768e+00 1.287601e+01 6.134367e-01
2.884032e-03 1.086751e+01 6.736347e+00 1.278598e+01 6.198609e-01
2.951209e-03 1.075875e+01 6.739325e+00 1.269524e+01 6.264042e-01
3.019952e-03 1.064922e+01 6.741656e+00 1.260380e+01 6.330656e-01
3.090295e-03 1.053896e+01 6.743294e+00 1.251166e+01 6.398442e-01
3.162278e-03 1.042800e+01 6.744195e+00 1.241883e+01 6.467390e-01
3.235937e-03 1.031638e+01 6.744319e+00 1.232532e+01 6.537489e-01
3.311311e-03 1.020412e+01 6.743623e+00 1.223113e+01 6.608729e-01
3.388442e-03 1.009126e+01 6.742071e+00 1.213627e+01 6.681098e-01
3.467369e-03 9.977847e+00 6.739623e+00 1.204076e+01 6.754586e-01
3.548134e-03 9.863914e+00 6.736246e+00 1.194461e+01 6.829182e-01
3.630781e-03 9.749501e+00 6.731906e+00 1.184784e+01 6.904872e-01
3.715352e-03 9.634649e+00 6.726571e+00 1.175046e+01 6.981646e-01
3.801894e-03 9.519402e+00 6.720211e+00 1.165248e+01 7.059489e-01
3.890451e-03 9.403801e+00 6.712799e+00 1.155392e+01 7.138389e-01
3.981072e-03 9.287892e+00 6.704309e+00 1.145481e+01 7.218332e-01
4.073803e-03 9.171719e+00 6.694717e+00 1.135516e+01 7.299304e-01
4.168694e-03 9.055329e+00 6.684000e+00 1.125499e+01 7.381289e-01
4.265795e-03 8.938766e+00 6.672138e+00 1.115432e+01 7.464271e-01
4.365158e-03 8.822079e+00 6.659112e+00 1.105318e+01 7.548235e-01
4.466836e-03 8.705314e+00 6.644907e+00 1.095159e+01 7.633162e-01
4.570882e-03 8.588520e+00 6.629508e+00 1.084956e+01 7.719034e-01
4.677351e-03 8.471745e+00 6.612902e+00 1.074714e+01 7.805832e-01
4.786301e-03 8.355036e+00 6.595078e+00 1.064433e+01 7.893536e-01
4.897788e-03 8.238444e+00 6.576028e+00 1.054116e+01 7.982124e-01
5.011872e-03 8.122016e+00 6.555746e+00 1.043767e+01 8.071574e-01
5.128614e-03 8.005802e+00 6.534225e+00 1.033387e+01 8.161861e-01
5.248075e-03 7.889851e+00 6.511463e+00 1.022980e+01 8.252960e-01
5.370318e-03 7.774211e+00 6.487459e+00 1.012549e+01 8.344845e-01
5.495409e-03 7.658932e+00 6.462214e+00 1.002095e+01 8.437487e-01
5.623413e-03 7.544061e+00 6.435731e+00 9.916224e+00 8.530857e-01
5.754399e-03 7.429648e+00 6.408014e+00 9.811336e+00 8.624922e-01
5.888437e-03 7.315740e+00 6.379070e+00 9.706317e+00 8.719650e-01
6.025596e-03 7.202385e+00 6.348906e+00 9.601196e+00 8.815006e-01
6.165950e-03 7.089629e+00 6.317535e+00 9.496004e+00 8.910953e-01
6.309573e-03 6.977519e+00 6.284967e+00 9.390771e+00 9.007452e-01
6.456542e-03 6.866102e+00 6.251216e+00 9.285529e+00 9.104462e-01
6.606934e-03 6.755422e+00 6.216299e+00 9.180310e+00 9.201940e-01
6.760830e-03 6.645523e+00 6.180232e+00 9.075144e+00 9.299843e-01
6.918310e-03 6.536449e+00 6.143035e+00 8.970063e+00 9.398123e-01
7.079458e-03 6.428242e+00 6.104728e+00 8.865100e+00 9.496730e-01
7.244360e-03 6.320944e+00 6.065335e+00 8.760287e+00 9.595615e-01
7.413102e-03 6.214596e+00 6.024879e+00 8.655655e+00 9.694724e-01
7.585776e-03 6.109236e+00 5.983386e+00 8.551238e+00 9.794001e-01
7.762471e-03 6.004902e+00 5.940884e+00 8.447068e+00 9.893389e-01
7.943282e-03 5.901632e+00 5.897400e+00 8.343176e+00 9.992829e-01
8.128305e-03 5.799459e+00 5.852965e+00 8.239595e+00 1.009226e+00
8.317638e-03 5.698419e+00 5.807611e+00 8.136358e+00 1.019162e+00
8.511380e-03 5.598543e+00 5.761369e+00 8.033496e+00 1.029084e+00
8.709636e-03 5.499862e+00 5.714274e+00 7.931042e+00 1.038985e+00
8.912509e-03 5.402406e+00 5.666361e+00 7.829026e+00 1.048859e+00
9.120108e-03 5.306201e+00 5.617666e+00 7.727480e+00 1.058698e+00
9.332543e-03 5.211274e+00 5.568225e+00 7.626434e+00 1.068496e+00
9.549926e-03 5.117648e+00 5.518076e+00 7.525921e+00 1.078245e+00
9.772372e-03 5.025345e+00 5.467258e+00 7.425968e+00 1.087937e+00
1.000000e-02 4.934387e+00 5.415809e+00 7.326606e+00 1.097565e+00
1.023293e-02 4.844791e+00 5.363770e+00 7.227865e+00 1.107121e+00
1.047129e-02 4.756574e+00 5.311181e+00 7.129771e+00 1.116598e+00
1.071519e-02 4.669751e+00 5.258082e+00 7.032354e+00 1.125988e+00
1.096478e-02 4.584335e+00 5.204515e+00 6.935640e+00 1.135282e+00
1.122018e-02 4.500337e+00 5.150519e+00 6.839655e+00 1.144474e+00
1.148154e-02 4.417765e+00 5.096138e+00 6.744425e+00 1.153556e+00
1.174898e-02 4.336628e+00 5.041411e+00 6.649975e+00 1.162519e+00
1.202264e-02 4.256931e+00 4.986380e+00 6.556329e+00 1.171356e+00
1.230269e-02 4.178676e+00 4.931086e+00 6.463509e+00 1.180059e+00
1.258925e-02 4.101866e+00 4.875570e+00 6.371537e+00 1.188622e+00
1.288250e-02 4.026501e+00 4.819871e+00 6.280436e+00 1.197037e+00
1.318257e-02 3.952579e+00 4.764031e+00 6.190224e+00 1.205297e+00
1.348963e-02 3.880096e+00 4.708088e+00 6.100921e+00 1.213395e+00
1.380384e-02 3.809047e+00 4.652081e+00 6.012544e+00 1.221324e+00
1.412538e-02 3.739425e+00 4.596048e+00 5.925112e+00 1.229079e+00
1.445440e-02 3.671221e+00 4.540026e+00 5.838639e+00 1.236653e+00
1.479108e-02 3.604426e+00 4.484053e+00 5.753140e+00 1.244041e+00
1.513561e-02 3.539029e+00 4.428163e+00 5.668629e+00 1.251237e+00
1.548817e-02 3.475016e+00 4.372392e+00 5.585118e+00 1.258237e+00
1.584893e-02 3.412373e+00 4.316773e+00 5.502619e+00 1.265036e+00
1.621810e-02 3.351084e+00 4.261339e+00 5.421142e+00 1.271630e+00
1.659587e-02 3.291134e+00 4.206122e+00 5.340695e+00 1.278016e+00
1.698244e-02 3.232504e+00 4.151151e+00 5.261287e+00 1.284190e+00
1.737801e-02 3.175176e+00 4.096456e+00 5.182923e+00 1.290151e+00
1.778279e-02 3.119129e+00 4.042065e+00 5.105610e+00 1.295896e+00
1.819701e-02 3.064343e+00 3.988005e+00 5.029352e+00 1.301422e+00
1.862087e-02 3.010796e+00 3.934300e+00 4.954151e+00 1.306731e+00
1.905461e-02 2.958467e+00 3.880976e+00 4.880011e+00 1.311820e+00
1.949845e-02 2.907331e+00 3.828056e+00 4.806931e+00 1.316691e+00
1.995262e-02 2.857367e+00 3.775560e+00 4.734912e+00 1.321342e+00
2.041738e-02 2.808548e+00 3.723508e+00 4.663953e+00 1.325777e+00
2.089296e-02 2.760852e+00 3.671921e+00 4.594051e+00 1.329996e+00
2.137962e-02 2.714252e+00 3.620815e+00 4.525203e+00 1.334001e+00
2.187762e-02 2.668725e+00 3.570206e+00 4.457405e+00 1.337795e+00
2.238721e-02 2.624243e+00 3.520110e+00 4.390652e+00 1.341381e+00
2.290868e-02 2.580783e+00 3.470539e+00 4.324937e+00 1.344762e+00
2.344229e-02 2.538317e+00 3.421507e+00 4.260254e+00 1.347943e+00
2.398833e-02 2.496821e+00 3.373025e+00 4.196595e+00 1.350928e+00
2.454709e-02 2.456268e+00 3.325102e+00 4.133952e+00 1.353721e+00
2.511886e-02 2.416633e+00 3.277747e+00 4.072314e+00 1.356328e+00
2.570396e-02 2.377891e+00 3.230967e+00 4.011672e+00 1.358753e+00
2.630268e-02 2.340016e+00 3.184770e+00 3.952016e+00 1.361003e+00
2.691535e-02 2.302983e+00 3.139159e+00 3.893334e+00 1.363084e+00
2.754229e-02 2.266767e+00 3.094140e+00 3.835614e+00 1.365001e+00
2.818383e-02 2.231344e+00 3.049715e+00 3.778844e+00 1.366761e+00
2.884032e-02 2.196691e+00 3.005887e+00 3.723011e+00 1.368371e+00
2.951209e-02 2.162782e+00 2.962657e+00 3.668101e+00 1.369836e+00
3.019952e-02 2.129596e+00 2.920025e+00 3.614101e+00 1.371164e+00
3.090295e-02 2.097109e+00 2.877992e+00 3.560998e+00 1.372361e+00
3.162278e-02 2.065300e+00 2.836554e+00 3.508775e+00 1.373435e+00
3.235937e-02 2.034147e+00 2.795712e+00 3.457420e+00 1.374390e+00
3.311311e-02 2.003628e+00 2.755461e+00 3.406918e+00 1.375236e+00
3.388442e-02 1.973723e+00 2.715798e+00 3.357252e+00 1.375977e+00
3.467369e-02 1.944413e+00 2.676719e+00 3.308409e+00 1.376621e+00
3.548134e-02 1.915677e+00 2.638220e+00 3.260372e+00 1.377174e+00
3.630781e-02 1.887499e+00 2.600296e+00 3.213127e+00 1.377641e+00
3.715352e-02 1.859858e+00 2.562940e+00 3.166659e+00 1.378030e+00
3.801894e-02 1.832738e+00 2.526146e+00 3.120953e+00 1.378345e+00
3.890451e-02 1.806123e+00 2.489909e+00 3.075992e+00 1.378593e+00
3.981072e-02 1.779996e+00 2.454221e+00 3.031763e+00 1.378779e+00
4.073803e-02 1.754341e+00 2.419075e+00 2.988249e+00 1.378908e+00
4.168694e-02 1.729143e+00 2.384463e+00 2.945437e+00 1.378985e+00
4.265795e-02 1.704390e+00 2.350378e+00 2.903312e+00 1.379015e+00
4.365158e-02 1.680065e+00 2.316812e+00 2.861859e+00 1.379001e+00
4.466836e-02 1.656158e+00 2.283756e+00 2.821064e+00 1.378948e+00
4.570882e-02 1.632655e+00 2.251203e+00 2.780913e+00 1.378860e+00
4.677351e-02 1.609544e+00 2.219144e+00 2.741392e+00 1.378740e+00
4.786301e-02 1.586815e+00 2.187570e+00 2.702488e+00 1.378592e+00
4.897788e-02 1.564456e+00 2.156473e+00 2.664188e+00 1.378418e+00
5.011872e-02 1.542457e+00 2.125845e+00 2.626478e+00 1.378220e+00
5.128614e-02 1.520808e+00 2.095677e+00 2.589347e+00 1.378002e+00
5.248075e-02 1.499501e+00 2.065959e+00 2.552781e+00 1.377765e+00
5.370318e-02 1.478527e+00 2.036685e+00 2.516769e+00 1.377510e+00
5.495409e-02 1.457877e+00 2.007846e+00 2.481300e+00 1.377239e+00
5.623413e-02 1.437544e+00 1.979432e+00 2.446361e+00 1.376954e+00
5.754399e-02 1.417520e+00 1.951436e+00 2.411942e+00 1.376655e+00
5.888437e-02 1.397799e+00 1.923850e+00 2.378033e+00 1.376343e+00
6.025596e-02 1.378373e+00 1.896666e+00 2.344623e+00 1.376018e+00
6.165950e-02 1.359238e+00 1.869876e+00 2.311701e+00 1.375679e+00
6.309573e-02 1.340387e+00 1.843472e+00 2.279259e+00 1.375328e+00
6.456542e-02 1.321814e+00 1.817446e+00 2.247288e+00 1.374963e+00
6.606934e-02 1.303515e+00 1.791792e+00 2.215777e+00 1.374584e+00
6.760830e-02 1.285485e+00 1.766501e+00 2.184719e+00 1.374191e+00
6.918310e-02 1.267719e+00 1.741568e+00 2.154105e+00 1.373781e+00
7.079458e-02 1.250213e+00 1.716985e+00 2.123928e+00 1.373354e+00
7.244360e-02 1.232962e+00 1.692745e+00 2.094178e+00 1.372909e+00
7.413102e-02 1.215965e+00 1.668843e+00 2.064850e+00 1.372443e+00
7.585776e-02 1.199215e+00 1.645271e+00 2.035936e+00 1.371956e+00
7.762471e-02 1.182712e+00 1.622024e+00 2.007429e+00 1.371445e+00
7.943282e-02 1.166450e+00 1.599097e+00 1.979322e+00 1.370909e+00
8.128305e-02 1.150427e+00 1.576482e+00 1.951609e+00 1.370345e+00
8.317638e-02 1.134641e+00 1.554176e+00 1.924285e+00 1.369751e+00
8.511380e-02 1.119089e+00 1.532172e+00 1.897344e+00 1.369125e+00
8.709636e-02 1.103768e+00 1.510467e+00 1.870779e+00 1.368464e+00
8.912509e-02 1.088675e+00 1.489054e+00 1.844586e+00 1.367767e+00
9.120108e-02 1.073809e+00 1.467930e+00 1.818759e+00 1.367031e+00
9.332543e-02 1.059167e+00 1.447090e+00 1.793294e+00 1.366253e+00
9.549926e-02 1.044747e+00 1.426529e+00 1.768186e+00 1.365430e+00
9.772372e-02 1.030547e+00 1.406245e+00 1.743431e+00 1.364562e+00
1.000000e-01 1.016564e+00 1.386232e+00 1.719024e+00 1.363644e+00
1.023293e-01 1.002798e+00 1.366488e+00 1.694961e+00 1.362676e+00
1.047129e-01 9.892447e-01 1.347009e+00 1.671238e+00 1.361654e+00
1.071519e-01 9.759036e-01 1.327791e+00 1.647852e+00 1.360576e+00
1.096478e-01 9.627725e-01 1.308832e+00 1.624799e+00 1.359441e+00
1.122018e-01 9.498494e-01 1.290129e+00 1.602075e+00 1.358246e+00
1.148154e-01 9.371323e-01 1.271678e+00 1.579678e+00 1.356989e+00
1.174898e-01 9.246193e-01 1.253477e+00 1.557603e+00 1.355669e+00
1.202264e-01 9.123084e-01 1.235524e+00 1.535847e+00 1.354284e+00
1.230269e-01 9.001976e-01 1.217816e+00 1.514408e+00 1.352832e+00
1.258925e-01 8.882849e-01 1.200352e+00 1.493283e+00 1.351314e+00
1.288250e-01 8.765683e-01 1.183127e+00 1.472468e+00 1.349727e+00
1.318257e-01 8.650455e-01 1.166142e+00 1.451961e+00 1.348070e+00
1.348963e-01 8.537146e-01 1.149394e+00 1.431759e+00 1.346344e+00
1.380384e-01 8.425732e-01 1.132880e+00 1.411860e+00 1.344548e+00
1.412538e-01 8.316190e-01 1.116600e+00 1.392259e+00 1.342682e+00
1.445440e-01 8.208499e-01 1.100552e+00 1.372956e+00 1.340747e+00
1.479108e-01 8.102633e-01 1.084733e+00 1.353947e+00 1.338742e+00
1.513561e-01 7.998569e-01 1.069143e+00 1.335230e+00 1.336668e+00
1.548817e-01 7.896281e-01 1.053780e+00 1.316801e+00 1.334527e+00
1.584893e-01 7.795744e-01 1.038643e+00 1.298659e+00 1.332320e+00
1.621810e-01 7.696931e-01 1.023730e+00 1.280800e+00 1.330049e+00
1.659587e-01 7.599815e-01 1.009039e+00 1.263223e+00 1.327716e+00
1.698244e-01 7.504368e-01 9.945703e-01 1.245923e+00 1.325322e+00
1.737801e-01 7.410562e-01 9.803215e-01 1.228900e+00 1.322871e+00
1.778279e-01 7.318368e-01 9.662915e-01 1.212149e+00 1.320365e+00
1.819701e-01 7.227757e-01 9.524790e-01 1.195668e+00 1.317807e+00
1.862087e-01 7.138697e-01 9.388828e-01 1.179454e+00 1.315202e+00
1.905461e-01 7.051159e-01 9.255013e-01 1.163504e+00 1.312552e+00
1.949845e-01 6.965111e-01 9.123334e-01 1.147815e+00 1.309862e+00
1.995262e-01 6.880520e-01 8.993777e-01 1.132385e+00 1.307136e+00
2.041738e-01 6.797356e-01 8.866326e-01 1.117210e+00 1.304379e+00
2.089296e-01 6.715584e-01 8.740968e-01 1.102287e+00 1.301595e+00
2.137962e-01 6.635173e-01 8.617688e-01 1.087612e+00 1.298789e+00
2.187762e-01 6.556088e-01 8.496471e-01 1.073184e+00 1.295967e+00
2.238721e-01 6.478295e-01 8.377300e-01 1.058997e+00 1.293134e+00
2.290868e-01 6.401761e-01 8.260160e-01 1.045049e+00 1.290295e+00
2.344229e-01 6.326451e-01 8.145034e-01 1.031337e+00 1.287457e+00
2.398833e-01 6.252331e-01 8.031904e-01 1.017856e+00 1.284626e+00
2.454709e-01 6.179366e-01 7.920752e-01 1.004604e+00 1.281807e+00
2.511886e-01 6.107523e-01 7.811559e-01 9.915760e-01 1.279006e+00
2.570396e-01 6.036765e-01 7.704306e-01 9.787690e-01 1.276231e+00
2.630268e-01 5.967060e-01 7.598973e-01 9.661790e-01 1.273487e+00
2.691535e-01 5.898372e-01 7.495538e-01 9.538023e-01 1.270781e+00
2.754229e-01 5.830668e-01 7.393980e-01 9.416349e-01 1.268119e+00
2.818383e-01 5.763913e-01 7.294277e-01 9.296729e-01 1.265508e+00
2.884032e-01 5.698075e-01 7.196406e-01 9.179124e-01 1.262954e+00
2.951209e-01 5.633119e-01 7.100343e-01 9.063493e-01 1.260464e+00
3.019952e-01 5.569014e-01 7.006064e-01 8.949796e-01 1.258044e+00
3.090295e-01 5.505726e-01 6.913543e-01 8.837992e-01 1.255701e+00
3.162278e-01 5.443224e-01 6.822755e-01 8.728040e-01 1.253440e+00
3.235937e-01 5.381478e-01 6.733673e-01 8.619899e-01 1.251268e+00
3.311311e-01 5.320455e-01 6.646270e-01 8.513527e-01 1.249192e+00
3.388442e-01 5.260127e-01 6.560518e-01 8.408884e-01 1.247217e+00
3.467369e-01 5.200464e-01 6.476389e-01 8.305928e-01 1.245348e+00
3.548134e-01 5.141438e-01 6.393854e-01 8.204618e-01 1.243592e+00
3.630781e-01 5.083022e-01 6.312883e-01 8.104912e-01 1.241955e+00
3.715352e-01 5.025188e-01 6.233447e-01 8.006770e-01 1.240441e+00
3.801894e-01 4.967910e-01 6.155514e-01 7.910151e-01 1.239055e+00
3.890451e-01 4.911165e-01 6.079055e-01 7.815015e-01 1.237803e+00
3.981072e-01 4.854928e-01 6.004038e-01 7.721321e-01 1.236689e+00
4.073803e-01 4.799175e-01 5.930431e-01 7.629030e-01 1.235719e+00
4.168694e-01 4.743886e-01 5.858203e-01 7.538103e-01 1.234895e+00
4.265795e-01 4.689039e-01 5.787321e-01 7.448502e-01 1.234223e+00
4.365158e-01 4.634615e-01 5.717754e-01 7.360188e-01 1.233706e+00
4.466836e-01 4.580595e-01 5.649469e-01 7.273125e-01 1.233348e+00
4.570882e-01 4.526961e-01 5.582433e-01 7.187276e-01 1.233153e+00
4.677351e-01 4.473697e-01 5.516614e-01 7.102605e-01 1.233122e+00
4.786301e-01 4.420787e-01 5.451980e-01 7.019078e-01 1.233260e+00
4.897788e-01 4.368218e-01 5.388499e-01 6.936660e-01 1.233569e+00
5.011872e-01 4.315976e-01 5.326138e-01 6.855319e-01 1.234052e+00
5.128614e-01 4.264049e-01 5.264865e-01 6.775022e-01 1.234710e+00
5.248075e-01 4.212426e-01 5.204650e-01 6.695738e-01 1.235547e+00
5.370318e-01 4.161098e-01 5.145459e-01 6.617438e-01 1.236563e+00
5.495409e-01 4.110055e-01 5.087263e-01 6.540092e-01 1.237760e+00
5.623413e-01 4.059291e-01 5.030032e-01 6.463672e-01 1.239140e+00
5.754399e-01 4.008798e-01 4.973734e-01 6.388152e-01 1.240705e+00
5.888437e-01 3.958570e-01 4.918341e-01 6.313506e-01 1.242454e+00
6.025596e-01 3.908603e-01 4.863824e-01 6.239708e-01 1.244389e+00
6.165950e-01 3.858893e-01 4.810154e-01 6.166736e-01 1.246511e+00
6.309573e-01 3.809437e-01 4.757304e-01 6.094568e-01 1.248821e+00
6.456542e-01 3.760233e-01 4.705247e-01 6.023181e-01 1.251318e+00
6.606934e-01 3.711279e-01 4.653958e-01 5.952556e-01 1.254004e+00
6.760830e-01 3.662575e-01 4.603410e-01 5.882673e-01 1.256878e+00
6.918310e-01 3.614121e-01 4.553580e-01 5.813515e-01 1.259941e+00
7.079458e-01 3.565917e-01 4.504443e-01 5.745065e-01 1.263193e+00
7.244360e-01 3.517965e-01 4.455976e-01 5.677306e-01 1.266635e+00
7.413102e-01 3.470266e-01 4.408159e-01 5.610224e-01 1.270266e+00
7.585776e-01 3.422822e-01 4.360970e-01 5.543804e-01 1.274086e+00
7.762471e-01 3.375636e-01 4.314388e-01 5.478034e-01 1.278096e+00
7.943282e-01 3.328711e-01 4.268394e-01 5.412901e-01 1.282296e+00
8.128305e-01 3.282049e-01 4.222970e-01 5.348394e-01 1.286687e+00
8.317638e-01 3.235655e-01 4.178098e-01 5.284503e-01 1.291268e+00
8.511380e-01 3.189531e-01 4.133762e-01 5.221216e-01 1.296040e+00
8.709636e-01 3.143682e-01 4.089945e-01 5.158526e-01 1.301005e+00
8.912509e-01 3.098110e-01 4.046633e-01 5.096423e-01 1.306162e+00
9.120108e-01 3.052820e-01 4.003810e-01 5.034899e-01 1.311512e+00
9.332543e-01 3.007815e-01 3.961465e-01 4.973948e-01 1.317057e+00
9.549926e-01 2.963099e-01 3.919582e-01 4.913561e-01 1.322798e+00
9.772372e-01 2.918675e-01 3.878152e-01 4.853733e-01 1.328737e+00
1.000000e+00 2.874547e-01 3.837161e-01 4.794457e-01 1.334875e+00
1.023293e+00 2.830717e-01 3.796599e-01 4.735728e-01 1.341215e+00
1.047129e+00 2.787188e-01 3.756455e-01 4.677539e-01 1.347758e+00
1.071519e+00 2.743964e-01 3.716720e-01 4.619886e-01 1.354507e+00
1.096478e+00 2.701047e-01 3.677384e-01 4.562763e-01 1.361466e+00
1.122018e+00 2.658439e-01 3.638439e-01 4.506166e-01 1.368637e+00
1.148154e+00 2.616142e-01 3.599875e-01 4.450089e-01 1.376024e+00
1.174898e+00 2.574158e-01 3.561684e-01 4.394529e-01 1.383631e+00
1.202264e+00 2.532488e-01 3.523859e-01 4.339479e-01 1.391461e+00
1.230269e+00 2.491134e-01 3.486392e-01 4.284936e-01 1.399520e+00
1.258925e+00 2.450096e-01 3.449275e-01 4.230894e-01 1.407812e+00
1.288250e+00 2.409376e-01 3.412501e-01 4.177350e-01 1.416342e+00
1.318257e+00 2.368974e-01 3.376063e-01 4.124299e-01 1.425116e+00
1.348963e+00 2.328891e-01 3.339954e-01 4.071735e-01 1.434140e+00
1.380384e+00 2.289126e-01 3.304168e-01 4.019655e-01 1.443419e+00
1.412538e+00 2.249679e-01 3.268697e-01 3.968052e-01 1.452962e+00
1.445440e+00 2.210551e-01 3.233536e-01 3.916923e-01 1.462774e+00
1.479108e+00 2.171741e-01 3.198676e-01 3.866263e-01 1.472863e+00
1.513561e+00 2.133248e-01 3.164112e-01 3.816065e-01 1.483237e+00
1.548817e+00 2.095073e-01 3.129837e-01 3.766326e-01 1.493903e+00
1.584893e+00 2.057215e-01 3.095844e-01 3.717040e-01 1.504872e+00
1.621810e+00 2.019673e-01 3.062127e-01 3.668201e-01 1.516150e+00
1.659587e+00 1.982446e-01 3.028679e-01 3.619805e-01 1.527749e+00
1.698244e+00 1.945534e-01 2.995493e-01 3.571846e-01 1.539677e+00
1.737801e+00 1.908937e-01 2.962563e-01 3.524318e-01 1.551944e+00
1.778279e+00 1.872654e-01 2.929881e-01 3.477217e-01 1.564561e+00
1.819701e+00 1.836684e-01 2.897442e-01 3.430536e-01 1.577540e+00
1.862087e+00 1.801027e-01 2.865237e-01 3.384270e-01 1.590890e+00
1.905461e+00 1.765684e-01 2.833261e-01 3.338414e-01 1.604625e+00
1.949845e+00 1.730654e-01 2.801506e-01 3.292962e-01 1.618756e+00
1.995262e+00 1.695937e-01 2.769966e-01 3.247909e-01 1.633295e+00
2.041738e+00 1.661534e-01 2.738634e-01 3.203250e-01 1.648256e+00
2.089296e+00 1.627445e-01 2.707502e-01 3.158979e-01 1.663652e+00
2.137962e+00 1.593671e-01 2.676565e-01 3.115090e-01 1.679497e+00
2.187762e+00 1.560213e-01 2.645816e-01 3.071580e-01 1.695804e+00
2.238721e+00 1.527071e-01 2.615247e-01 3.028442e-01 1.712590e+00
2.290868e+00 1.494249e-01 2.584853e-01 2.985673e-01 1.729868e+00
2.344229e+00 1.461746e-01 2.554627e-01 2.943267e-01 1.747654e+00
2.398833e+00 1.429565e-01 2.524562e-01 2.901219e-01 1.765965e+00
2.454709e+00 1.397709e-01 2.494654e-01 2.859526e-01 1.784816e+00
2.511886e+00 1.366179e-01 2.464895e-01 2.818182e-01 1.804225e+00
2.570396e+00 1.334979e-01 2.435280e-01 2.777185e-01 1.824208e+00
2.630268e+00 1.304111e-01 2.405804e-01 2.736531e-01 1.844784e+00
2.691535e+00 1.273579e-01 2.376462e-01 2.696215e-01 1.865971e+00
2.754229e+00 1.243386e-01 2.347248e-01 2.656235e-01 1.887786e+00
2.818383e+00 1.213536e-01 2.318158e-01 2.616587e-01 1.910250e+00
2.884032e+00 1.184033e-01 2.289188e-01 2.577269e-01 1.933381e+00
2.951209e+00 1.154881e-01 2.260334e-01 2.538279e-01 1.957200e+00
3.019952e+00 1.126084e-01 2.231592e-01 2.499614e-01 1.981727e+00
3.090295e+00 1.097648e-01 2.202959e-01 2.461272e-01 2.006982e+00
3.162278e+00 1.069575e-01 2.174433e-01 2.423252e-01 2.032987e+00
3.235937e+00 1.041872e-01 2.146011e-01 2.385552e-01 2.059764e+00
3.311311e+00 1.014543e-01 2.117691e-01 2.348172e-01 2.087335e+00
3.388442e+00 9.875929e-02 2.089472e-01 2.311110e-01 2.115722e+00
3.467369e+00 9.610270e-02 2.061353e-01 2.274368e-01 2.144948e+00
3.548134e+00 9.348502e-02 2.033333e-01 2.237943e-01 2.175036e+00
3.630781e+00 9.090674e-02 2.005413e-01 2.201837e-01 2.206012e+00
3.715352e+00 8.836836e-02 1.977594e-01 2.166050e-01 2.237898e+00
3.801894e+00 8.587034e-02 1.949875e-01 2.130583e-01 2.270720e+00
3.890451e+00 8.341318e-02 1.922259e-01 2.095437e-01 2.304503e+00
3.981072e+00 8.099730e-02 1.894747e-01 2.060612e-01 2.339272e+00
4.073803e+00 7.862316e-02 1.867343e-01 2.026112e-01 2.375054e+00
4.168694e+00 7.629116e-02 1.840048e-01 1.991936e-01 2.411876e+00
4.265795e+00 7.400169e-02 1.812866e-01 1.958088e-01 2.449764e+00
4.365158e+00 7.175510e-02 1.785802e-01 1.924569e-01 2.488746e+00
4.466836e+00 6.955172e-02 1.758858e-01 1.891382e-01 2.528849e+00
4.570882e+00 6.739184e-02 1.732040e-01 1.858529e-01 2.570104e+00
4.677351e+00 6.527572e-02 1.705353e-01 1.826012e-01 2.612538e+00
4.786301e+00 6.320356e-02 1.678801e-01 1.793834e-01 2.656180e+00
4.897788e+00 6.117555e-02 1.652390e-01 1.761998e-01 2.701062e+00
5.011872e+00 5.919182e-02 1.626125e-01 1.730506e-01 2.747213e+00
5.128614e+00 5.725244e-02 1.600014e-01 1.699361e-01 2.794665e+00
5.248075e+00 5.535747e-02 1.574061e-01 1.668566e-01 2.843449e+00
5.370318e+00 5.350689e-02 1.548274e-01 1.638124e-01 2.893597e+00
5.495409e+00 5.170066e-02 1.522658e-01 1.608037e-01 2.945141e+00
5.623413e+00 4.993868e-02 1.497220e-01 1.578307e-01 2.998116e+00
5.754399e+00 4.822079e-02 1.471966e-01 1.548938e-01 3.052555e+00
5.888437e+00 4.654681e-02 1.446904e-01 1.519932e-01 3.108493e+00
6.025596e+00 4.491649e-02 1.422040e-01 1.491290e-01 3.165964e+00
6.165950e+00 4.332956e-02 1.397380e-01 1.463016e-01 3.225004e+00
6.309573e+00 4.178566e-02 1.372931e-01 1.435111e-01 3.285650e+00
6.456542e+00 4.028444e-02 1.348699e-01 1.407576e-01 3.347939e+00
6.606934e+00 3.882548e-02 1.324690e-01 1.380415e-01 3.411908e+00
6.760830e+00 3.740831e-02 1.300910e-01 1.353627e-01 3.477597e+00
6.918310e+00 3.603245e-02 1.277366e-01 1.327214e-01 3.545044e+00
7.079458e+00 3.469736e-02 1.254063e-01 1.301178e-01 3.614289e+00
7.244360e+00 3.340247e-02 1.231006e-01 1.275518e-01 3.685373e+00
7.413102e+00 3.214719e-02 1.208200e-01 1.250236e-01 3.758338e+00
7.585776e+00 3.093088e-02 1.185651e-01 1.225332e-01 3.833226e+00
7.762471e+00 2.975290e-02 1.163363e-01 1.200806e-01 3.910081e+00
7.943282e+00 2.861256e-02 1.141340e-01 1.176658e-01 3.988947e+00
8.128305e+00 2.750916e-02 1.119586e-01 1.152887e-01 4.069868e+00
8.317638e+00 2.644196e-02 1.098106e-01 1.129493e-01 4.152891e+00
8.511380e+00 2.541025e-02 1.076902e-01 1.106475e-01 4.238064e+00
8.709636e+00 2.441324e-02 1.055978e-01 1.083832e-01 4.325433e+00
8.912509e+00 2.345018e-02 1.035337e-01 1.061562e-01 4.415048e+00
9.120108e+00 2.252028e-02 1.014980e-01 1.039664e-01 4.506960e+00
9.332543e+00 2.162276e-02 9.949104e-02 1.018136e-01 4.601219e+00
9.549926e+00 2.075681e-02 9.751296e-02 9.969766e-02 4.697878e+00
9.772372e+00 1.992164e-02 9.556392e-02 9.761831e-02 4.796990e+00
1.000000e+01 1.911645e-02 9.364403e-02 9.557533e-02 4.898610e+00
