1.000000e-06 3.700661e+01 4.162942e-01 3.700895e+01 1.124919e-02
1.023293e-06 3.700627e+01 4.259848e-01 3.700872e+01 1.151115e-02
1.047129e-06 3.700591e+01 4.359007e-01 3.700848e+01 1.177922e-02
1.071519e-06 3.700554e+01 4.460471e-01 3.700822e+01 1.205352e-02
1.096478e-06 3.700515e+01 4.564294e-01 3.700796e+01 1.233421e-02
1.122018e-06 3.700474e+01 4.670530e-01 3.700768e+01 1.262144e-02
1.148154e-06 3.700431e+01 4.779234e-01 3.700739e+01 1.291534e-02
1.174898e-06 3.700386e+01 4.890464e-01 3.700709e+01 1.321609e-02
1.202264e-06 3.700339e+01 5.004279e-01 3.700677e+01 1.352384e-02
1.230269e-06 3.700290e+01 5.120737e-01 3.700644e+01 1.383875e-02
1.258925e-06 3.700238e+01 5.239901e-01 3.700609e+01 1.416098e-02
1.288250e-06 3.700185e+01 5.361832e-01 3.700573e+01 1.449071e-02
1.318257e-06 3.700128e+01 5.486594e-01 3.700535e+01 1.482812e-02
1.348963e-06 3.700069e+01 5.614254e-01 3.700495e+01 1.517338e-02
1.380384e-06 3.700007e+01 5.744877e-01 3.700453e+01 1.552666e-02
1.412538e-06 3.699942e+01 5.878531e-01 3.700409e+01 1.588817e-02
1.445440e-06 3.699875e+01 6.015288e-01 3.700364e+01 1.625809e-02
1.479108e-06 3.699804e+01 6.155218e-01 3.700316e+01 1.663661e-02
1.513561e-06 3.699729e+01 6.298394e-01 3.700265e+01 1.702393e-02
1.548817e-06 3.699651e+01 6.444890e-01 3.700213e+01 1.742026e-02
1.584893e-06 3.699570e+01 6.594784e-01 3.700158e+01 1.782581e-02
1.621810e-06 3.699484e+01 6.748154e-01 3.700100e+01 1.824079e-02
1.659587e-06 3.699395e+01 6.905078e-01 3.700039e+01 1.866542e-02
1.698244e-06 3.699301e+01 7.065639e-01 3.699976e+01 1.909993e-02
1.737801e-06 3.699204e+01 7.229920e-01 3.699910e+01 1.954453e-02
1.778279e-06 3.699101e+01 7.398006e-01 3.699841e+01 1.999947e-02
1.819701e-06 3.698993e+01 7.569985e-01 3.699768e+01 2.046499e-02
1.862087e-06 3.698881e+01 7.745945e-01 3.699692e+01 2.094132e-02
1.905461e-06 3.698763e+01 7.925978e-01 3.699612e+01 2.142872e-02
1.949845e-06 3.698640e+01 8.110175e-01 3.699529e+01 2.192745e-02
1.995262e-06 3.698511e+01 8.298634e-01 3.699442e+01 2.243777e-02
2.041738e-06 3.698376e+01 8.491449e-01 3.699350e+01 2.295994e-02
2.089296e-06 3.698234e+01 8.688722e-01 3.699255e+01 2.349424e-02
2.137962e-06 3.698086e+01 8.890552e-01 3.699155e+01 2.404096e-02
2.187762e-06 3.697931e+01 9.097044e-01 3.699050e+01 2.460036e-02
2.238721e-06 3.697768e+01 9.308303e-01 3.698940e+01 2.517276e-02
2.290868e-06 3.697598e+01 9.524438e-01 3.698825e+01 2.575844e-02
2.344229e-06 3.697420e+01 9.745558e-01 3.698705e+01 2.635772e-02
2.398833e-06 3.697234e+01 9.971777e-01 3.698578e+01 2.697091e-02
2.454709e-06 3.697039e+01 1.020321e+00 3.698447e+01 2.759833e-02
2.511886e-06 3.696835e+01 1.043997e+00 3.698308e+01 2.824030e-02
2.570396e-06 3.696621e+01 1.068218e+00 3.698164e+01 2.889716e-02
2.630268e-06 3.696397e+01 1.092997e+00 3.698012e+01 2.956926e-02
2.691535e-06 3.696162e+01 1.118346e+00 3.697854e+01 3.025694e-02
2.754229e-06 3.695917e+01 1.144276e+00 3.697688e+01 3.096056e-02
2.818383e-06 3.695660e+01 1.170803e+00 3.697514e+01 3.168049e-02
2.884032e-06 3.695391e+01 1.197938e+00 3.697332e+01 3.241710e-02
2.951209e-06 3.695109e+01 1.225696e+00 3.697141e+01 3.317077e-02
3.019952e-06 3.694814e+01 1.254090e+00 3.696942e+01 3.394189e-02
3.090295e-06 3.694506e+01 1.283134e+00 3.696733e+01 3.473087e-02
3.162278e-06 3.694183e+01 1.312843e+00 3.696515e+01 3.553811e-02
3.235937e-06 3.693844e+01 1.343231e+00 3.696286e+01 3.636403e-02
3.311311e-06 3.693490e+01 1.374313e+00 3.696046e+01 3.720906e-02
3.388442e-06 3.693120e+01 1.406104e+00 3.695795e+01 3.807362e-02
3.467369e-06 3.692732e+01 1.438621e+00 3.695533e+01 3.895817e-02
3.548134e-06 3.692326e+01 1.471878e+00 3.695258e+01 3.986316e-02
3.630781e-06 3.691900e+01 1.505891e+00 3.694970e+01 4.078905e-02
3.715352e-06 3.691455e+01 1.540678e+00 3.694669e+01 4.173632e-02
3.801894e-06 3.690990e+01 1.576254e+00 3.694354e+01 4.270545e-02
3.890451e-06 3.690502e+01 1.612637e+00 3.694024e+01 4.369694e-02
3.981072e-06 3.689992e+01 1.649843e+00 3.693678e+01 4.471130e-02
4.073803e-06 3.689458e+01 1.687891e+00 3.693317e+01 4.574903e-02
4.168694e-06 3.688899e+01 1.726798e+00 3.692938e+01 4.681067e-02
4.265795e-06 3.688314e+01 1.766583e+00 3.692542e+01 4.789676e-02
4.365158e-06 3.687701e+01 1.807263e+00 3.692127e+01 4.900783e-02
4.466836e-06 3.687061e+01 1.848857e+00 3.691693e+01 5.014446e-02
4.570882e-06 3.686390e+01 1.891384e+00 3.691239e+01 5.130722e-02
4.677351e-06 3.685688e+01 1.934864e+00 3.690763e+01 5.249669e-02
4.786301e-06 3.684954e+01 1.979316e+00 3.690266e+01 5.371346e-02
4.897788e-06 3.684185e+01 2.024760e+00 3.689745e+01 5.495814e-02
5.011872e-06 3.683381e+01 2.071215e+00 3.689200e+01 5.623135e-02
5.128614e-06 3.682539e+01 2.118702e+00 3.688629e+01 5.753373e-02
5.248075e-06 3.681659e+01 2.167242e+00 3.688032e+01 5.886592e-02
5.370318e-06 3.680737e+01 2.216855e+00 3.687407e+01 6.022857e-02
5.495409e-06 3.679773e+01 2.267563e+00 3.686753e+01 6.162235e-02
5.623413e-06 3.678765e+01 2.319386e+00 3.686069e+01 6.304795e-02
5.754399e-06 3.677710e+01 2.372346e+00 3.685353e+01 6.450607e-02
5.888437e-06 3.676606e+01 2.426464e+00 3.684604e+01 6.599740e-02
6.025596e-06 3.675451e+01 2.481763e+00 3.683820e+01 6.752267e-02
6.165950e-06 3.674243e+01 2.538263e+00 3.683000e+01 6.908262e-02
6.309573e-06 3.672979e+01 2.595988e+00 3.682142e+01 7.067799e-02
6.456542e-06 3.671658e+01 2.654959e+00 3.681244e+01 7.230954e-02
6.606934e-06 3.670275e+01 2.715198e+00 3.680305e+01 7.397804e-02
6.760830e-06 3.668830e+01 2.776728e+00 3.679323e+01 7.568429e-02
6.918310e-06 3.667318e+01 2.839571e+00 3.678295e+01 7.742908e-02
7.079458e-06 3.665737e+01 2.903748e+00 3.677220e+01 7.921322e-02
7.244360e-06 3.664084e+01 2.969284e+00 3.676095e+01 8.103755e-02
7.413102e-06 3.662355e+01 3.036198e+00 3.674919e+01 8.290289e-02
7.585776e-06 3.660548e+01 3.104515e+00 3.673689e+01 8.481011e-02
7.762471e-06 3.658659e+01 3.174254e+00 3.672403e+01 8.676006e-02
7.943282e-06 3.656683e+01 3.245439e+00 3.671057e+01 8.875362e-02
8.128305e-06 3.654619e+01 3.318090e+00 3.669651e+01 9.079169e-02
8.317638e-06 3.652461e+01 3.392229e+00 3.668180e+01 9.287515e-02
8.511380e-06 3.650206e+01 3.467875e+00 3.666642e+01 9.500493e-02
8.709636e-06 3.647849e+01 3.545050e+00 3.665034e+01 9.718194e-02
8.912509e-06 3.645386e+01 3.623773e+00 3.663353e+01 9.940712e-02
9.120108e-06 3.642813e+01 3.704064e+00 3.661597e+01 1.016814e-01
9.332543e-06 3.640125e+01 3.785940e+00 3.659760e+01 1.040058e-01
9.549926e-06 3.637317e+01 3.869420e+00 3.657841e+01 1.063812e-01
9.772372e-06 3.634384e+01 3.954521e+00 3.655835e+01 1.088085e-01
1.000000e-05 3.631321e+01 4.041258e+00 3.653739e+01 1.112889e-01
1.023293e-05 3.628122e+01 4.129647e+00 3.651549e+01 1.138233e-01
1.047129e-05 3.624782e+01 4.219702e+00 3.649261e+01 1.164125e-01
1.071519e-05 3.621296e+01 4.311435e+00 3.646871e+01 1.190578e-01
1.096478e-05 3.617656e+01 4.404858e+00 3.644374e+01 1.217600e-01
1.122018e-05 3.613858e+01 4.499982e+00 3.641767e+01 1.245202e-01
1.148154e-05 3.609894e+01 4.596813e+00 3.639044e+01 1.273393e-01
1.174898e-05 3.605758e+01 4.695360e+00 3.636201e+01 1.302184e-01
1.202264e-05 3.601444e+01 4.795626e+00 3.633232e+01 1.331584e-01
1.230269e-05 3.596944e+01 4.897616e+00 3.630134e+01 1.361605e-01
1.258925e-05 3.592251e+01 5.001329e+00 3.626899e+01 1.392255e-01
1.288250e-05 3.587358e+01 5.106763e+00 3.623524e+01 1.423544e-01
1.318257e-05 3.582257e+01 5.213916e+00 3.620002e+01 1.455483e-01
1.348963e-05 3.576941e+01 5.322780e+00 3.616328e+01 1.488082e-01
1.380384e-05 3.571402e+01 5.433345e+00 3.612495e+01 1.521348e-01
1.412538e-05 3.565631e+01 5.545600e+00 3.608498e+01 1.555293e-01
1.445440e-05 3.559620e+01 5.659528e+00 3.604330e+01 1.589925e-01
1.479108e-05 3.553361e+01 5.775110e+00 3.599985e+01 1.625253e-01
1.513561e-05 3.546845e+01 5.892324e+00 3.595456e+01 1.661286e-01
1.548817e-05 3.540063e+01 6.011142e+00 3.590736e+01 1.698033e-01
1.584893e-05 3.533006e+01 6.131535e+00 3.585818e+01 1.735501e-01
1.621810e-05 3.525666e+01 6.253468e+00 3.580695e+01 1.773698e-01
1.659587e-05 3.518033e+01 6.376901e+00 3.575360e+01 1.812633e-01
1.698244e-05 3.510097e+01 6.501790e+00 3.569806e+01 1.852311e-01
1.737801e-05 3.501849e+01 6.628088e+00 3.564024e+01 1.892739e-01
1.778279e-05 3.493281e+01 6.755739e+00 3.558006e+01 1.933924e-01
1.819701e-05 3.484381e+01 6.884685e+00 3.551746e+01 1.975870e-01
1.862087e-05 3.475141e+01 7.014862e+00 3.545235e+01 2.018583e-01
1.905461e-05 3.465552e+01 7.146198e+00 3.538464e+01 2.062066e-01
1.949845e-05 3.455603e+01 7.278617e+00 3.531427e+01 2.106323e-01
1.995262e-05 3.445285e+01 7.412038e+00 3.524113e+01 2.151357e-01
2.041738e-05 3.434590e+01 7.546371e+00 3.516516e+01 2.197168e-01
2.089296e-05 3.423507e+01 7.681521e+00 3.508626e+01 2.243758e-01
2.137962e-05 3.412028e+01 7.817388e+00 3.500435e+01 2.291127e-01
2.187762e-05 3.400143e+01 7.953861e+00 3.491936e+01 2.339272e-01
2.238721e-05 3.387846e+01 8.090827e+00 3.483118e+01 2.388192e-01
2.290868e-05 3.375126e+01 8.228163e+00 3.473975e+01 2.437883e-01
2.344229e-05 3.361976e+01 8.365741e+00 3.464497e+01 2.488340e-01
2.398833e-05 3.348389e+01 8.503423e+00 3.454677e+01 2.539556e-01
2.454709e-05 3.334358e+01 8.641069e+00 3.444506e+01 2.591524e-01
2.511886e-05 3.319876e+01 8.778526e+00 3.433977e+01 2.644233e-01
2.570396e-05 3.304937e+01 8.915640e+00 3.423082e+01 2.697673e-01
2.630268e-05 3.289535e+01 9.052247e+00 3.411814e+01 2.751831e-01
2.691535e-05 3.273667e+01 9.188177e+00 3.400165e+01 2.806693e-01
2.754229e-05 3.257328e+01 9.323254e+00 3.388129e+01 2.862240e-01
2.818383e-05 3.240514e+01 9.457296e+00 3.375698e+01 2.918455e-01
2.884032e-05 3.223224e+01 9.590115e+00 3.362867e+01 2.975317e-01
2.951209e-05 3.205456e+01 9.721519e+00 3.349631e+01 3.032803e-01
3.019952e-05 3.187210e+01 9.851309e+00 3.335984e+01 3.090888e-01
3.090295e-05 3.168485e+01 9.979282e+00 3.321921e+01 3.149543e-01
3.162278e-05 3.149285e+01 1.010523e+01 3.307439e+01 3.208739e-01
3.235937e-05 3.129610e+01 1.022895e+01 3.292533e+01 3.268443e-01
3.311311e-05 3.109466e+01 1.035023e+01 3.277202e+01 3.328619e-01
3.388442e-05 3.088857e+01 1.046885e+01 3.261442e+01 3.389230e-01
3.467369e-05 3.067790e+01 1.058459e+01 3.245254e+01 3.450234e-01
3.548134e-05 3.046272e+01 1.069725e+01 3.228635e+01 3.511588e-01
3.630781e-05 3.024312e+01 1.080661e+01 3.211587e+01 3.573245e-01
3.715352e-05 3.001920e+01 1.091244e+01 3.194110e+01 3.635155e-01
3.801894e-05 2.979108e+01 1.101455e+01 3.176206e+01 3.697266e-01
3.890451e-05 2.955888e+01 1.111273e+01 3.157880e+01 3.759523e-01
3.981072e-05 2.932276e+01 1.120677e+01 3.139133e+01 3.821867e-01
4.073803e-05 2.908285e+01 1.129647e+01 3.119972e+01 3.884236e-01
4.168694e-05 2.883934e+01 1.138164e+01 3.100402e+01 3.946567e-01
4.265795e-05 2.859240e+01 1.146210e+01 3.080431e+01 4.008792e-01
4.365158e-05 2.834223e+01 1.153767e+01 3.060065e+01 4.070840e-01
4.466836e-05 2.808903e+01 1.160818e+01 3.039315e+01 4.132639e-01
4.570882e-05 2.783302e+01 1.167349e+01 3.018190e+01 4.194114e-01
4.677351e-05 2.757443e+01 1.173343e+01 2.996702e+01 4.255186e-01
4.786301e-05 2.731349e+01 1.178788e+01 2.974862e+01 4.315774e-01
4.897788e-05 2.705044e+01 1.183673e+01 2.952685e+01 4.375797e-01
5.011872e-05 2.678556e+01 1.187985e+01 2.930183e+01 4.435169e-01
5.128614e-05 2.651909e+01 1.191716e+01 2.907371e+01 4.493804e-01
5.248075e-05 2.625131e+01 1.194858e+01 2.884268e+01 4.551614e-01
5.370318e-05 2.598249e+01 1.197406e+01 2.860888e+01 4.608510e-01
5.495409e-05 2.571291e+01 1.199353e+01 2.837249e+01 4.664401e-01
5.623413e-05 2.544285e+01 1.200698e+01 2.813372e+01 4.719196e-01
5.754399e-05 2.517259e+01 1.201438e+01 2.789273e+01 4.772804e-01
5.888437e-05 2.490242e+01 1.201575e+01 2.764975e+01 4.825133e-01
6.025596e-05 2.463261e+01 1.201109e+01 2.740496e+01 4.876092e-01
6.165950e-05 2.436346e+01 1.200045e+01 2.715859e+01 4.925592e-01
6.309573e-05 2.409523e+01 1.198387e+01 2.691084e+01 4.973543e-01
6.456542e-05 2.382821e+01 1.196142e+01 2.666194e+01 5.019857e-01
6.606934e-05 2.356266e+01 1.193319e+01 2.641212e+01 5.064449e-01
6.760830e-05 2.329884e+01 1.189927e+01 2.616159e+01 5.107237e-01
6.918310e-05 2.303701e+01 1.185977e+01 2.591058e+01 5.148139e-01
7.079458e-05 2.277741e+01 1.181482e+01 2.565932e+01 5.187080e-01
7.244360e-05 2.252028e+01 1.176456e+01 2.540803e+01 5.223985e-01
7.413102e-05 2.226585e+01 1.170914e+01 2.515695e+01 5.258787e-01
7.585776e-05 2.201434e+01 1.164871e+01 2.490630e+01 5.291420e-01
7.762471e-05 2.176594e+01 1.158346e+01 2.465629e+01 5.321826e-01
7.943282e-05 2.152086e+01 1.151355e+01 2.440715e+01 5.349949e-01
8.128305e-05 2.127926e+01 1.143918e+01 2.415910e+01 5.375742e-01
8.317638e-05 2.104133e+01 1.136056e+01 2.391233e+01 5.399162e-01
8.511380e-05 2.080721e+01 1.127787e+01 2.366707e+01 5.420173e-01
8.709636e-05 2.057704e+01 1.119133e+01 2.342350e+01 5.438745e-01
8.912509e-05 2.035095e+01 1.110115e+01 2.318182e+01 5.454854e-01
9.120108e-05 2.012906e+01 1.100755e+01 2.294222e+01 5.468484e-01
9.332543e-05 1.991147e+01 1.091074e+01 2.270486e+01 5.479626e-01
9.549926e-05 1.969825e+01 1.081095e+01 2.246993e+01 5.488278e-01
9.772372e-05 1.948950e+01 1.070840e+01 2.223759e+01 5.494444e-01
1.000000e-04 1.928526e+01 1.060330e+01 2.200798e+01 5.498135e-01
1.023293e-04 1.908559e+01 1.049587e+01 2.178126e+01 5.499371e-01
1.047129e-04 1.889052e+01 1.038634e+01 2.155755e+01 5.498177e-01
1.071519e-04 1.870008e+01 1.027492e+01 2.133699e+01 5.494584e-01
1.096478e-04 1.851428e+01 1.016181e+01 2.111968e+01 5.488632e-01
1.122018e-04 1.833313e+01 1.004723e+01 2.090575e+01 5.480366e-01
1.148154e-04 1.815661e+01 9.931371e+00 2.069528e+01 5.469836e-01
1.174898e-04 1.798472e+01 9.814440e+00 2.048837e+01 5.457100e-01
1.202264e-04 1.781741e+01 9.696627e+00 2.028509e+01 5.442219e-01
1.230269e-04 1.765467e+01 9.578118e+00 2.008551e+01 5.425261e-01
1.258925e-04 1.749644e+01 9.459095e+00 1.988970e+01 5.406296e-01
1.288250e-04 1.734268e+01 9.339730e+00 1.969769e+01 5.385401e-01
1.318257e-04 1.719333e+01 9.220193e+00 1.950955e+01 5.362657e-01
1.348963e-04 1.704833e+01 9.100643e+00 1.932530e+01 5.338145e-01
1.380384e-04 1.690760e+01 8.981235e+00 1.914496e+01 5.311952e-01
1.412538e-04 1.677108e+01 8.862116e+00 1.896856e+01 5.284166e-01
1.445440e-04 1.663868e+01 8.743427e+00 1.879610e+01 5.254879e-01
1.479108e-04 1.651033e+01 8.625299e+00 1.862758e+01 5.224183e-01
1.513561e-04 1.638594e+01 8.507860e+00 1.846301e+01 5.192172e-01
1.548817e-04 1.626541e+01 8.391229e+00 1.830236e+01 5.158940e-01
1.584893e-04 1.614867e+01 8.275518e+00 1.814563e+01 5.124582e-01
1.621810e-04 1.603561e+01 8.160833e+00 1.799278e+01 5.089194e-01
1.659587e-04 1.592614e+01 8.047272e+00 1.784378e+01 5.052870e-01
1.698244e-04 1.582017e+01 7.934929e+00 1.769861e+01 5.015705e-01
1.737801e-04 1.571759e+01 7.823889e+00 1.755722e+01 4.977792e-01
1.778279e-04 1.561831e+01 7.714233e+00 1.741956e+01 4.939224e-01
1.819701e-04 1.552223e+01 7.606036e+00 1.728559e+01 4.900091e-01
1.862087e-04 1.542926e+01 7.499367e+00 1.715525e+01 4.860484e-01
1.905461e-04 1.533929e+01 7.394288e+00 1.702848e+01 4.820489e-01
1.949845e-04 1.525223e+01 7.290858e+00 1.690524e+01 4.780192e-01
1.995262e-04 1.516797e+01 7.189130e+00 1.678544e+01 4.739677e-01
2.041738e-04 1.508644e+01 7.089152e+00 1.666903e+01 4.699023e-01
2.089296e-04 1.500752e+01 6.990969e+00 1.655595e+01 4.658310e-01
2.137962e-04 1.493113e+01 6.894619e+00 1.644611e+01 4.617613e-01
2.187762e-04 1.485718e+01 6.800140e+00 1.633945e+01 4.577006e-01
2.238721e-04 1.478557e+01 6.707562e+00 1.623590e+01 4.536560e-01
2.290868e-04 1.471621e+01 6.616914e+00 1.613538e+01 4.496343e-01
2.344229e-04 1.464902e+01 6.528221e+00 1.603782e+01 4.456420e-01
2.398833e-04 1.458392e+01 6.441505e+00 1.594314e+01 4.416854e-01
2.454709e-04 1.452081e+01 6.356784e+00 1.585127e+01 4.377706e-01
2.511886e-04 1.445962e+01 6.274075e+00 1.576212e+01 4.339032e-01
2.570396e-04 1.440026e+01 6.193391e+00 1.567564e+01 4.300888e-01
2.630268e-04 1.434266e+01 6.114744e+00 1.559173e+01 4.263326e-01
2.691535e-04 1.428674e+01 6.038143e+00 1.551032e+01 4.226397e-01
2.754229e-04 1.423242e+01 5.963596e+00 1.543134e+01 4.190149e-01
2.818383e-04 1.417964e+01 5.891108e+00 1.535471e+01 4.154626e-01
2.884032e-04 1.412831e+01 5.820682e+00 1.528036e+01 4.119872e-01
2.951209e-04 1.407837e+01 5.752322e+00 1.520821e+01 4.085928e-01
3.019952e-04 1.402975e+01 5.686027e+00 1.513819e+01 4.052835e-01
3.090295e-04 1.398239e+01 5.621798e+00 1.507023e+01 4.020627e-01
3.162278e-04 1.393622e+01 5.559634e+00 1.500425e+01 3.989343e-01
3.235937e-04 1.389116e+01 5.499532e+00 1.494019e+01 3.959014e-01
3.311311e-04 1.384718e+01 5.441488e+00 1.487797e+01 3.929674e-01
3.388442e-04 1.380419e+01 5.385498e+00 1.481753e+01 3.901352e-01
3.467369e-04 1.376214e+01 5.331558e+00 1.475879e+01 3.874078e-01
3.548134e-04 1.372097e+01 5.279662e+00 1.470169e+01 3.847879e-01
3.630781e-04 1.368062e+01 5.229803e+00 1.464617e+01 3.822783e-01
3.715352e-04 1.364104e+01 5.181975e+00 1.459215e+01 3.798813e-01
3.801894e-04 1.360217e+01 5.136170e+00 1.453957e+01 3.775994e-01
3.890451e-04 1.356395e+01 5.092380e+00 1.448837e+01 3.754349e-01
3.981072e-04 1.352633e+01 5.050596e+00 1.443849e+01 3.733900e-01
4.073803e-04 1.348925e+01 5.010810e+00 1.438986e+01 3.714668e-01
4.168694e-04 1.345267e+01 4.973012e+00 1.434243e+01 3.696673e-01
4.265795e-04 1.341653e+01 4.937192e+00 1.429612e+01 3.679933e-01
4.365158e-04 1.338077e+01 4.903340e+00 1.425088e+01 3.664468e-01
4.466836e-04 1.334535e+01 4.871445e+00 1.420666e+01 3.650295e-01
4.570882e-04 1.331020e+01 4.841496e+00 1.416339e+01 3.637431e-01
4.677351e-04 1.327530e+01 4.813480e+00 1.412102e+01 3.625893e-01
4.786301e-04 1.324057e+01 4.787386e+00 1.407948e+01 3.615695e-01
4.897788e-04 1.320597e+01 4.763200e+00 1.403872e+01 3.606854e-01
5.011872e-04 1.317145e+01 4.740909e+00 1.399869e+01 3.599383e-01
5.128614e-04 1.313695e+01 4.720498e+00 1.395932e+01 3.593297e-01
5.248075e-04 1.310244e+01 4.701953e+00 1.392057e+01 3.588609e-01
5.370318e-04 1.306785e+01 4.685258e+00 1.388238e+01 3.585332e-01
5.495409e-04 1.303314e+01 4.670397e+00 1.384469e+01 3.583478e-01
5.623413e-04 1.299826e+01 4.657352e+00 1.380745e+01 3.583059e-01
5.754399e-04 1.296315e+01 4.646105e+00 1.377060e+01 3.584088e-01
5.888437e-04 1.292776e+01 4.636638e+00 1.373410e+01 3.586575e-01
6.025596e-04 1.289205e+01 4.628930e+00 1.369788e+01 3.590530e-01
6.165950e-04 1.285597e+01 4.622961e+00 1.366191e+01 3.595964e-01
6.309573e-04 1.281946e+01 4.618707e+00 1.362611e+01 3.602888e-01
6.456542e-04 1.278247e+01 4.616146e+00 1.359045e+01 3.611309e-01
6.606934e-04 1.274496e+01 4.615253e+00 1.355487e+01 3.621238e-01
6.760830e-04 1.270687e+01 4.616003e+00 1.351932e+01 3.632683e-01
6.918310e-04 1.266815e+01 4.618367e+00 1.348374e+01 3.645652e-01
7.079458e-04 1.262876e+01 4.622317e+00 1.344810e+01 3.660153e-01
7.244360e-04 1.258863e+01 4.627823e+00 1.341232e+01 3.676192e-01
7.413102e-04 1.254773e+01 4.634854e+00 1.337638e+01 3.693778e-01
7.585776e-04 1.250600e+01 4.643375e+00 1.334021e+01 3.712916e-01
7.762471e-04 1.246340e+01 4.653352e+00 1.330376e+01 3.733613e-01
7.943282e-04 1.241987e+01 4.664747e+00 1.326699e+01 3.755873e-01
8.128305e-04 1.237537e+01 4.677523e+00 1.322986e+01 3.779703e-01
8.317638e-04 1.232985e+01 4.691638e+00 1.319230e+01 3.805105e-01
8.511380e-04 1.228326e+01 4.707050e+00 1.315427e+01 3.832085e-01
8.709636e-04 1.223556e+01 4.723714e+00 1.311573e+01 3.860645e-01
8.912509e-04 1.218669e+01 4.741585e+00 1.307663e+01 3.890788e-01
9.120108e-04 1.213663e+01 4.760613e+00 1.303691e+01 3.922517e-01
9.332543e-04 1.208531e+01 4.780748e+00 1.299655e+01 3.955833e-01
9.549926e-04 1.203271e+01 4.801937e+00 1.295549e+01 3.990737e-01
9.772372e-04 1.197877e+01 4.824126e+00 1.291368e+01 4.027228e-01
1.000000e-03 1.192347e+01 4.847258e+00 1.287110e+01 4.065307e-01
1.023293e-03 1.186676e+01 4.871273e+00 1.282768e+01 4.104972e-01
1.047129e-03 1.180861e+01 4.896110e+00 1.278339e+01 4.146221e-01
1.071519e-03 1.174898e+01 4.921707e+00 1.273820e+01 4.189050e-01
1.096478e-03 1.168784e+01 4.947998e+00 1.269206e+01 4.233457e-01
1.122018e-03 1.162517e+01 4.974916e+00 1.264493e+01 4.279435e-01
1.148154e-03 1.156093e+01 5.002392e+00 1.259679e+01 4.326980e-01
1.174898e-03 1.149510e+01 5.030354e+00 1.254758e+01 4.376084e-01
1.202264e-03 1.142767e+01 5.058731e+00 1.249729e+01 4.426740e-01
1.230269e-03 1.135860e+01 5.087447e+00 1.244588e+01 4.478938e-01
1.258925e-03 1.128789e+01 5.116427e+00 1.239332e+01 4.532669e-01
1.288250e-03 1.121552e+01 5.145593e+00 1.233957e+01 4.587921e-01
1.318257e-03 1.114149e+01 5.174868e+00 1.228463e+01 4.644682e-01
1.348963e-03 1.106579e+01 5.204170e+00 1.222845e+01 4.702938e-01
1.380384e-03 1.098841e+01 5.233421e+00 1.217102e+01 4.762674e-01
1.412538e-03 1.090936e+01 5.262538e+00 1.211233e+01 4.823873e-01
1.445440e-03 1.082865e+01 5.291441e+00 1.205235e+01 4.886519e-01
1.479108e-03 1.074629e+01 5.320046e+00 1.199106e+01 4.950591e-01
1.513561e-03 1.066228e+01 5.348273e+00 1.192846e+01 5.016069e-01
1.548817e-03 1.057665e+01 5.376039e+00 1.186454e+01 5.082931e-01
1.584893e-03 1.048942e+01 5.403263e+00 1.179929e+01 5.151153e-01
1.621810e-03 1.040062e+01 5.429865e+00 1.173271e+01 5.220711e-01
1.659587e-03 1.031028e+01 5.455765e+00 1.166479e+01 5.291577e-01
1.698244e-03 1.021843e+01 5.480885e+00 1.159554e+01 5.363724e-01
1.737801e-03 1.012512e+01 5.505149e+00 1.152496e+01 5.437122e-01
1.778279e-03 1.003037e+01 5.528482e+00 1.145306e+01 5.511741e-01
1.819701e-03 9.934256e+00 5.550811e+00 1.137985e+01 5.587546e-01
1.862087e-03 9.836812e+00 5.572067e+00 1.130534e+01 5.664505e-01
1.905461e-03 9.738097e+00 5.592182e+00 1.122956e+01 5.742581e-01
1.949845e-03 9.638171e+00 5.611091e+00 1.115252e+01 5.821739e-01
1.995262e-03 9.537094e+00 5.628734e+00 1.107424e+01 5.901938e-01
2.041738e-03 9.434934e+00 5.645053e+00 1.099475e+01 5.983140e-01
2.089296e-03 9.331756e+00 5.659994e+00 1.091408e+01 6.065304e-01
2.137962e-03 9.227634e+00 5.673507e+00 1.083226e+01 6.148388e-01
2.187762e-03 9.122640e+00 5.685547e+00 1.074933e+01 6.232348e-01
2.238721e-03 9.016850e+00 5.696070e+00 1.066531e+01 6.317140e-01
2.290868e-03 8.910341e+00 5.705041e+00 1.058025e+01 6.402720e-01
2.344229e-03 8.803192e+00 5.712427e+00 1.049419e+01 6.489040e-01
2.398833e-03 8.695485e+00 5.718198e+00 1.040717e+01 6.576055e-01
2.454709e-03 8.587299e+00 5.722333e+00 1.031924e+01 6.663717e-01
2.511886e-03 8.478718e+00 5.724811e+00 1.023045e+01 6.751978e-01
2.570396e-03 8.369823e+00 5.725620e+00 1.014084e+01 6.840790e-01
2.630268e-03 8.260696e+00 5.724749e+00 1.005047e+01 6.930105e-01
2.691535e-03 8.151419e+00 5.722194e+00 9.959374e+00 7.019874e-01
2.754229e-03 8.042073e+00 5.717954e+00 9.867620e+00 7.110050e-01
2.818383e-03 7.932737e+00 5.712034e+00 9.775257e+00 7.200584e-01
2.884032e-03 7.823491e+00 5.704443e+00 9.682339e+00 7.291429e-01
2.951209e-03 7.714412e+00 5.695192e+00 9.588919e+00 7.382536e-01
3.019952e-03 7.605574e+00 5.684299e+00 9.495052e+00 7.473860e-01
3.090295e-03 7.497050e+00 5.671784e+00 9.400792e+00 7.565355e-01
3.162278e-03 7.388912e+00 5.657672e+00 9.306195e+00 7.656976e-01
3.235937e-03 7.281227e+00 5.641988e+00 9.211314e+00 7.748678e-01
3.311311e-03 7.174061e+00 5.624765e+00 9.116201e+00 7.840420e-01
3.388442e-03 7.067476e+00 5.606035e+00 9.020912e+00 7.932159e-01
3.467369e-03 6.961533e+00 5.585833e+00 8.925496e+00 8.023856e-01
3.548134e-03 6.856287e+00 5.564199e+00 8.830005e+00 8.115471e-01
3.630781e-03 6.751791e+00 5.541173e+00 8.734488e+00 8.206968e-01
3.715352e-03 6.648096e+00 5.516797e+00 8.638995e+00 8.298310e-01
3.801894e-03 6.545249e+00 5.491114e+00 8.543571e+00 8.389465e-01
3.890451e-03 6.443292e+00 5.464169e+00 8.448263e+00 8.480399e-01
3.981072e-03 6.342266e+00 5.436008e+00 8.353115e+00 8.571081e-01
4.073803e-03 6.242208e+00 5.406678e+00 8.258167e+00 8.661483e-01
4.168694e-03 6.143151e+00 5.376226e+00 8.163462e+00 8.751578e-01
4.265795e-03 6.045125e+00 5.344700e+00 8.069037e+00 8.841339e-01
4.365158e-03 5.948159e+00 5.312147e+00 7.974930e+00 8.930742e-01
4.466836e-03 5.852276e+00 5.278615e+00 7.881174e+00 9.019764e-01
4.570882e-03 5.757498e+00 5.244151e+00 7.787805e+00 9.108386e-01
4.677351e-03 5.663843e+00 5.208802e+00 7.694851e+00 9.196586e-01
4.786301e-03 5.571328e+00 5.172614e+00 7.602343e+00 9.284346e-01
4.897788e-03 5.479966e+00 5.135632e+00 7.510309e+00 9.371649e-01
5.011872e-03 5.389769e+00 5.097901e+00 7.418773e+00 9.458478e-01
5.128614e-03 5.300745e+00 5.059464e+00 7.327761e+00 9.544818e-01
5.248075e-03 5.212901e+00 5.020365e+00 7.237293e+00 9.630654e-01
5.370318e-03 5.126243e+00 4.980644e+00 7.147390e+00 9.715972e-01
5.495409e-03 5.040774e+00 4.940341e+00 7.058071e+00 9.800758e-01
5.623413e-03 4.956495e+00 4.899495e+00 6.969354e+00 9.884999e-01
5.754399e-03 4.873407e+00 4.858143e+00 6.881253e+00 9.968680e-01
5.888437e-03 4.791508e+00 4.816322e+00 6.793785e+00 1.005179e+00
6.025596e-03 4.710796e+00 4.774067e+00 6.706960e+00 1.013431e+00
6.165950e-03 4.631268e+00 4.731411e+00 6.620793e+00 1.021623e+00
6.309573e-03 4.552920e+00 4.688386e+00 6.535292e+00 1.029754e+00
6.456542e-03 4.475746e+00 4.645022e+00 6.450468e+00 1.037821e+00
6.606934e-03 4.399740e+00 4.601351e+00 6.366329e+00 1.045823e+00
6.760830e-03 4.324897e+00 4.557399e+00 6.282883e+00 1.053759e+00
6.918310e-03 4.251210e+00 4.513193e+00 6.200137e+00 1.061626e+00
7.079458e-03 4.178671e+00 4.468761e+00 6.118097e+00 1.069422e+00
7.244360e-03 4.107272e+00 4.424126e+00 6.036769e+00 1.077145e+00
7.413102e-03 4.037006e+00 4.379313e+00 5.956156e+00 1.084792e+00
7.585776e-03 3.967865e+00 4.334344e+00 5.876265e+00 1.092362e+00
7.762471e-03 3.899840e+00 4.289242e+00 5.797098e+00 1.099851e+00
7.943282e-03 3.832924e+00 4.244026e+00 5.718660e+00 1.107256e+00
8.128305e-03 3.767108e+00 4.198719e+00 5.640953e+00 1.114573e+00
8.317638e-03 3.702384e+00 4.153339e+00 5.563980e+00 1.121801e+00
8.511380e-03 3.638744e+00 4.107905e+00 5.487744e+00 1.128935e+00
8.709636e-03 3.576179e+00 4.062435e+00 5.412249e+00 1.135971e+00
8.912509e-03 3.514681e+00 4.016948e+00 5.337495e+00 1.142905e+00
9.120108e-03 3.454242e+00 3.971461e+00 5.263486e+00 1.149734e+00
9.332543e-03 3.394853e+00 3.925990e+00 5.190224e+00 1.156453e+00
9.549926e-03 3.336507e+00 3.880552e+00 5.117711e+00 1.163058e+00
9.772372e-03 3.279195e+00 3.835164e+00 5.045949e+00 1.169544e+00
1.000000e-02 3.222909e+00 3.789840e+00 4.974940e+00 1.175907e+00
1.023293e-02 3.167640e+00 3.744597e+00 4.904686e+00 1.182141e+00
1.047129e-02 3.113380e+00 3.699450e+00 4.835190e+00 1.188242e+00
1.071519e-02 3.060122e+00 3.654414e+00 4.766454e+00 1.194205e+00
1.096478e-02 3.007855e+00 3.609503e+00 4.698479e+00 1.200026e+00
1.122018e-02 2.956571e+00 3.564733e+00 4.631267e+00 1.205698e+00
1.148154e-02 2.906263e+00 3.520118e+00 4.564821e+00 1.211218e+00
1.174898e-02 2.856919e+00 3.475671e+00 4.499142e+00 1.216580e+00
1.202264e-02 2.808531e+00 3.431408e+00 4.434232e+00 1.221780e+00
1.230269e-02 2.761090e+00 3.387342e+00 4.370092e+00 1.226813e+00
1.258925e-02 2.714586e+00 3.343486e+00 4.306724e+00 1.231675e+00
1.288250e-02 2.669008e+00 3.299854e+00 4.244130e+00 1.236360e+00
1.318257e-02 2.624346e+00 3.256459e+00 4.182310e+00 1.240865e+00
1.348963e-02 2.580589e+00 3.213314e+00 4.121265e+00 1.245186e+00
1.380384e-02 2.537728e+00 3.170431e+00 4.060996e+00 1.249319e+00
1.412538e-02 2.495749e+00 3.127822e+00 4.001504e+00 1.253260e+00
1.445440e-02 2.454642e+00 3.085500e+00 3.942788e+00 1.257006e+00
1.479108e-02 2.414395e+00 3.043476e+00 3.884849e+00 1.260554e+00
1.513561e-02 2.374995e+00 3.001761e+00 3.827685e+00 1.263902e+00
1.548817e-02 2.336431e+00 2.960366e+00 3.771296e+00 1.267046e+00
1.584893e-02 2.298689e+00 2.919301e+00 3.715681e+00 1.269985e+00
1.621810e-02 2.261756e+00 2.878576e+00 3.660839e+00 1.272717e+00
1.659587e-02 2.225620e+00 2.838201e+00 3.606767e+00 1.275240e+00
1.698244e-02 2.190267e+00 2.798184e+00 3.553464e+00 1.277554e+00
1.737801e-02 2.155683e+00 2.758535e+00 3.500926e+00 1.279657e+00
1.778279e-02 2.121854e+00 2.719260e+00 3.449151e+00 1.281549e+00
1.819701e-02 2.088767e+00 2.680368e+00 3.398135e+00 1.283230e+00
1.862087e-02 2.056408e+00 2.641866e+00 3.347875e+00 1.284700e+00
1.905461e-02 2.024761e+00 2.603760e+00 3.298367e+00 1.285959e+00
1.949845e-02 1.993814e+00 2.566057e+00 3.249606e+00 1.287009e+00
1.995262e-02 1.963552e+00 2.528760e+00 3.201588e+00 1.287850e+00
2.041738e-02 1.933961e+00 2.491877e+00 3.154308e+00 1.288484e+00
2.089296e-02 1.905026e+00 2.455411e+00 3.107759e+00 1.288912e+00
2.137962e-02 1.876733e+00 2.419366e+00 3.061937e+00 1.289137e+00
2.187762e-02 1.849069e+00 2.383745e+00 3.016835e+00 1.289160e+00
2.238721e-02 1.822018e+00 2.348553e+00 2.972448e+00 1.288984e+00
2.290868e-02 1.795567e+00 2.313790e+00 2.928769e+00 1.288613e+00
2.344229e-02 1.769702e+00 2.279461e+00 2.885791e+00 1.288047e+00
2.398833e-02 1.744410e+00 2.245565e+00 2.843507e+00 1.287292e+00
2.454709e-02 1.719677e+00 2.212105e+00 2.801910e+00 1.286349e+00
2.511886e-02 1.695489e+00 2.179082e+00 2.760992e+00 1.285223e+00
2.570396e-02 1.671833e+00 2.146495e+00 2.720747e+00 1.283917e+00
2.630268e-02 1.648696e+00 2.114346e+00 2.681167e+00 1.282435e+00
2.691535e-02 1.626065e+00 2.082634e+00 2.642244e+00 1.280781e+00
2.754229e-02 1.603928e+00 2.051358e+00 2.603969e+00 1.278959e+00
2.818383e-02 1.582272e+00 2.020519e+00 2.566336e+00 1.276973e+00
2.884032e-02 1.561085e+00 1.990114e+00 2.529336e+00 1.274827e+00
2.951209e-02 1.540355e+00 1.960142e+00 2.492960e+00 1.272526e+00
3.019952e-02 1.520070e+00 1.930602e+00 2.457201e+00 1.270075e+00
3.090295e-02 1.500218e+00 1.901492e+00 2.422050e+00 1.267477e+00
3.162278e-02 1.480789e+00 1.872809e+00 2.387499e+00 1.264737e+00
3.235937e-02 1.461771e+00 1.844552e+00 2.353539e+00 1.261861e+00
3.311311e-02 1.443153e+00 1.816717e+00 2.320162e+00 1.258853e+00
3.388442e-02 1.424925e+00 1.789303e+00 2.287360e+00 1.255718e+00
3.467369e-02 1.407076e+00 1.762306e+00 2.255124e+00 1.252460e+00
3.548134e-02 1.389596e+00 1.735723e+00 2.223446e+00 1.249084e+00
3.630781e-02 1.372476e+00 1.709550e+00 2.192317e+00 1.245596e+00
3.715352e-02 1.355706e+00 1.683785e+00 2.161729e+00 1.241999e+00
3.801894e-02 1.339276e+00 1.658424e+00 2.131673e+00 1.238300e+00
3.890451e-02 1.323176e+00 1.633464e+00 2.102142e+00 1.234502e+00
3.981072e-02 1.307399e+00 1.608900e+00 2.073126e+00 1.230611e+00
4.073803e-02 1.291935e+00 1.584728e+00 2.044617e+00 1.226631e+00
4.168694e-02 1.276776e+00 1.560945e+00 2.016608e+00 1.222568e+00
4.265795e-02 1.261914e+00 1.537547e+00 1.989090e+00 1.218425e+00
4.365158e-02 1.247340e+00 1.514530e+00 1.962054e+00 1.214208e+00
4.466836e-02 1.233046e+00 1.491888e+00 1.935493e+00 1.209921e+00
4.570882e-02 1.219026e+00 1.469620e+00 1.909399e+00 1.205569e+00
4.677351e-02 1.205271e+00 1.447718e+00 1.883764e+00 1.201156e+00
4.786301e-02 1.191774e+00 1.426181e+00 1.858579e+00 1.196688e+00
4.897788e-02 1.178528e+00 1.405003e+00 1.833838e+00 1.192167e+00
5.011872e-02 1.165527e+00 1.384179e+00 1.809532e+00 1.187599e+00
5.128614e-02 1.152764e+00 1.363706e+00 1.785654e+00 1.182988e+00
5.248075e-02 1.140232e+00 1.343579e+00 1.762196e+00 1.178339e+00
5.370318e-02 1.127925e+00 1.323794e+00 1.739151e+00 1.173654e+00
5.495409e-02 1.115837e+00 1.304346e+00 1.716511e+00 1.168939e+00
5.623413e-02 1.103962e+00 1.285231e+00 1.694270e+00 1.164198e+00
5.754399e-02 1.092295e+00 1.266444e+00 1.672420e+00 1.159434e+00
5.888437e-02 1.080830e+00 1.247981e+00 1.650954e+00 1.154651e+00
6.025596e-02 1.069560e+00 1.229838e+00 1.629866e+00 1.149854e+00
6.165950e-02 1.058482e+00 1.212011e+00 1.609147e+00 1.145046e+00
6.309573e-02 1.047590e+00 1.194495e+00 1.588793e+00 1.140231e+00
6.456542e-02 1.036879e+00 1.177285e+00 1.568795e+00 1.135412e+00
6.606934e-02 1.026344e+00 1.160379e+00 1.549149e+00 1.130594e+00
6.760830e-02 1.015981e+00 1.143771e+00 1.529846e+00 1.125780e+00
6.918310e-02 1.005784e+00 1.127457e+00 1.510881e+00 1.120973e+00
7.079458e-02 9.957499e-01 1.111434e+00 1.492247e+00 1.116177e+00
7.244360e-02 9.858736e-01 1.095696e+00 1.473939e+00 1.111397e+00
7.413102e-02 9.761509e-01 1.080242e+00 1.455951e+00 1.106634e+00
7.585776e-02 9.665776e-01 1.065065e+00 1.438276e+00 1.101893e+00
7.762471e-02 9.571498e-01 1.050164e+00 1.420908e+00 1.097178e+00
7.943282e-02 9.478632e-01 1.035533e+00 1.403842e+00 1.092491e+00
8.128305e-02 9.387141e-01 1.021168e+00 1.387072e+00 1.087837e+00
8.317638e-02 9.296985e-01 1.007067e+00 1.370592e+00 1.083219e+00
8.511380e-02 9.208127e-01 9.932251e-01 1.354397e+00 1.078640e+00
8.709636e-02 9.120528e-01 9.796389e-01 1.338481e+00 1.074103e+00
8.912509e-02 9.034153e-01 9.663047e-01 1.322839e+00 1.069613e+00
9.120108e-02 8.948964e-01 9.532189e-01 1.307465e+00 1.065172e+00
9.332543e-02 8.864928e-01 9.403779e-01 1.292354e+00 1.060785e+00
9.549926e-02 8.782007e-01 9.277783e-01 1.277501e+00 1.056454e+00
9.772372e-02 8.700169e-01 9.154163e-01 1.262900e+00 1.052182e+00
1.000000e-01 8.619378e-01 9.032886e-01 1.248546e+00 1.047974e+00
1.023293e-01 8.539601e-01 8.913917e-01 1.234434e+00 1.043833e+00
1.047129e-01 8.460805e-01 8.797220e-01 1.220558e+00 1.039762e+00
1.071519e-01 8.382956e-01 8.682762e-01 1.206915e+00 1.035764e+00
1.096478e-01 8.306023e-01 8.570507e-01 1.193497e+00 1.031843e+00
1.122018e-01 8.229972e-01 8.460422e-01 1.180302e+00 1.028001e+00
1.148154e-01 8.154774e-01 8.352471e-01 1.167322e+00 1.024243e+00
1.174898e-01 8.080396e-01 8.246621e-01 1.154554e+00 1.020571e+00
1.202264e-01 8.006808e-01 8.142836e-01 1.141993e+00 1.016989e+00
1.230269e-01 7.933980e-01 8.041082e-01 1.129633e+00 1.013499e+00
1.258925e-01 7.861881e-01 7.941325e-01 1.117470e+00 1.010105e+00
1.288250e-01 7.790482e-01 7.843530e-01 1.105498e+00 1.006809e+00
1.318257e-01 7.719755e-01 7.747661e-01 1.093713e+00 1.003615e+00
1.348963e-01 7.649671e-01 7.653684e-01 1.082111e+00 1.000525e+00
1.380384e-01 7.580202e-01 7.561564e-01 1.070685e+00 9.975412e-01
1.412538e-01 7.511322e-01 7.471264e-01 1.059433e+00 9.946669e-01
1.445440e-01 7.443004e-01 7.382749e-01 1.048348e+00 9.919045e-01
1.479108e-01 7.375221e-01 7.295983e-01 1.037426e+00 9.892561e-01
1.513561e-01 7.307950e-01 7.210929e-01 1.026663e+00 9.867239e-01
1.548817e-01 7.241166e-01 7.127553e-01 1.016054e+00 9.843101e-01
1.584893e-01 7.174844e-01 7.045816e-01 1.005594e+00 9.820166e-01
1.621810e-01 7.108963e-01 6.965683e-01 9.952793e-01 9.798451e-01
1.659587e-01 7.043501e-01 6.887116e-01 9.851054e-01 9.777973e-01
1.698244e-01 6.978436e-01 6.810078e-01 9.750678e-01 9.758745e-01
1.737801e-01 6.913749e-01 6.734532e-01 9.651624e-01 9.740782e-01
1.778279e-01 6.849420e-01 6.660441e-01 9.553848e-01 9.724095e-01
1.819701e-01 6.785431e-01 6.587767e-01 9.457312e-01 9.708693e-01
1.862087e-01 6.721766e-01 6.516473e-01 9.361974e-01 9.694584e-01
1.905461e-01 6.658409e-01 6.446521e-01 9.267796e-01 9.681774e-01
1.949845e-01 6.595344e-01 6.377875e-01 9.174739e-01 9.670269e-01
1.995262e-01 6.532558e-01 6.310496e-01 9.082768e-01 9.660069e-01
2.041738e-01 6.470038e-01 6.244349e-01 8.991845e-01 9.651178e-01
2.089296e-01 6.407773e-01 6.179395e-01 8.901937e-01 9.643592e-01
2.137962e-01 6.345753e-01 6.115599e-01 8.813009e-01 9.637311e-01
2.187762e-01 6.283968e-01 6.052924e-01 8.725029e-01 9.632329e-01
2.238721e-01 6.222409e-01 5.991334e-01 8.637967e-01 9.628641e-01
2.290868e-01 6.161072e-01 5.930795e-01 8.551791e-01 9.626239e-01
2.344229e-01 6.099948e-01 5.871270e-01 8.466474e-01 9.625114e-01
2.398833e-01 6.039035e-01 5.812725e-01 8.381988e-01 9.625255e-01
2.454709e-01 5.978328e-01 5.755128e-01 8.298307e-01 9.626651e-01
2.511886e-01 5.917824e-01 5.698444e-01 8.215406e-01 9.629289e-01
2.570396e-01 5.857522e-01 5.642641e-01 8.133263e-01 9.633153e-01
2.630268e-01 5.797422e-01 5.587688e-01 8.051855e-01 9.638228e-01
2.691535e-01 5.737524e-01 5.533553e-01 7.971160e-01 9.644496e-01
2.754229e-01 5.677830e-01 5.480208e-01 7.891161e-01 9.651942e-01
2.818383e-01 5.618340e-01 5.427622e-01 7.811839e-01 9.660544e-01
2.884032e-01 5.559059e-01 5.375769e-01 7.733177e-01 9.670285e-01
2.951209e-01 5.499990e-01 5.324620e-01 7.655159e-01 9.681144e-01
3.019952e-01 5.441137e-01 5.274149e-01 7.577772e-01 9.693101e-01
3.090295e-01 5.382506e-01 5.224333e-01 7.501002e-01 9.706134e-01
3.162278e-01 5.324102e-01 5.175145e-01 7.424836e-01 9.720223e-01
3.235937e-01 5.265930e-01 5.126565e-01 7.349264e-01 9.735345e-01
3.311311e-01 5.207998e-01 5.078569e-01 7.274277e-01 9.751480e-01
3.388442e-01 5.150312e-01 5.031137e-01 7.199865e-01 9.768606e-01
3.467369e-01 5.092879e-01 4.984249e-01 7.126020e-01 9.786702e-01
3.548134e-01 5.035707e-01 4.937887e-01 7.052736e-01 9.805747e-01
3.630781e-01 4.978804e-01 4.892033e-01 6.980005e-01 9.825720e-01
3.715352e-01 4.922176e-01 4.846671e-01 6.907824e-01 9.846602e-01
3.801894e-01 4.865832e-01 4.801784e-01 6.836186e-01 9.868372e-01
3.890451e-01 4.809779e-01 4.757358e-01 6.765089e-01 9.891012e-01
3.981072e-01 4.754026e-01 4.713380e-01 6.694529e-01 9.914504e-01
4.073803e-01 4.698579e-01 4.669838e-01 6.624502e-01 9.938831e-01
4.168694e-01 4.643446e-01 4.626719e-01 6.555007e-01 9.963976e-01
4.265795e-01 4.588635e-01 4.584012e-01 6.486042e-01 9.989925e-01
4.365158e-01 4.534153e-01 4.541708e-01 6.417606e-01 1.001666e+00
4.466836e-01 4.480006e-01 4.499798e-01 6.349696e-01 1.004418e+00
4.570882e-01 4.426202e-01 4.458273e-01 6.282313e-01 1.007246e+00
4.677351e-01 4.372746e-01 4.417125e-01 6.215456e-01 1.010149e+00
4.786301e-01 4.319643e-01 4.376347e-01 6.149124e-01 1.013127e+00
4.897788e-01 4.266901e-01 4.335933e-01 6.083318e-01 1.016178e+00
5.011872e-01 4.214524e-01 4.295877e-01 6.018037e-01 1.019303e+00
5.128614e-01 4.162516e-01 4.256174e-01 5.953281e-01 1.022500e+00
5.248075e-01 4.110883e-01 4.216819e-01 5.889051e-01 1.025770e+00
5.370318e-01 4.059628e-01 4.177808e-01 5.825346e-01 1.029111e+00
5.495409e-01 4.008754e-01 4.139137e-01 5.762167e-01 1.032524e+00
5.623413e-01 3.958265e-01 4.100802e-01 5.699513e-01 1.036010e+00
5.754399e-01 3.908164e-01 4.062801e-01 5.637384e-01 1.039568e+00
5.888437e-01 3.858453e-01 4.025131e-01 5.575781e-01 1.043198e+00
6.025596e-01 3.809133e-01 3.987789e-01 5.514703e-01 1.046902e+00
6.165950e-01 3.760206e-01 3.950772e-01 5.454150e-01 1.050680e+00
6.309573e-01 3.711674e-01 3.914080e-01 5.394122e-01 1.054532e+00
6.456542e-01 3.663536e-01 3.877710e-01 5.334617e-01 1.058461e+00
6.606934e-01 3.615793e-01 3.841661e-01 5.275634e-01 1.062467e+00
6.760830e-01 3.568445e-01 3.805930e-01 5.217174e-01 1.066551e+00
6.918310e-01 3.521491e-01 3.770517e-01 5.159234e-01 1.070716e+00
7.079458e-01 3.474931e-01 3.735420e-01 5.101814e-01 1.074962e+00
7.244360e-01 3.428763e-01 3.700637e-01 5.044911e-01 1.079292e+00
7.413102e-01 3.382985e-01 3.666168e-01 4.988524e-01 1.083708e+00
7.585776e-01 3.337596e-01 3.632011e-01 4.932651e-01 1.088212e+00
7.762471e-01 3.292592e-01 3.598165e-01 4.877290e-01 1.092806e+00
7.943282e-01 3.247973e-01 3.564628e-01 4.822437e-01 1.097493e+00
8.128305e-01 3.203734e-01 3.531400e-01 4.768091e-01 1.102276e+00
8.317638e-01 3.159873e-01 3.498477e-01 4.714249e-01 1.107157e+00
8.511380e-01 3.116387e-01 3.465860e-01 4.660907e-01 1.112141e+00
8.709636e-01 3.073271e-01 3.433546e-01 4.608061e-01 1.117228e+00
8.912509e-01 3.030522e-01 3.401533e-01 4.555709e-01 1.122425e+00
9.120108e-01 2.988135e-01 3.369819e-01 4.503846e-01 1.127733e+00
9.332543e-01 2.946107e-01 3.338403e-01 4.452469e-01 1.133157e+00
9.549926e-01 2.904434e-01 3.307281e-01 4.401573e-01 1.138701e+00
9.772372e-01 2.863109e-01 3.276452e-01 4.351153e-01 1.144368e+00
1.000000e+00 2.822130e-01 3.245912e-01 4.301205e-01 1.150164e+00
1.023293e+00 2.781491e-01 3.215659e-01 4.251724e-01 1.156092e+00
1.047129e+00 2.741186e-01 3.185690e-01 4.202704e-01 1.162157e+00
1.071519e+00 2.701213e-01 3.156001e-01 4.154141e-01 1.168364e+00
1.096478e+00 2.661564e-01 3.126588e-01 4.106029e-01 1.174718e+00
1.122018e+00 2.622236e-01 3.097449e-01 4.058363e-01 1.181225e+00
1.148154e+00 2.583222e-01 3.068579e-01 4.011136e-01 1.187888e+00
1.174898e+00 2.544519e-01 3.039973e-01 3.964343e-01 1.194714e+00
1.202264e+00 2.506122e-01 3.011628e-01 3.917978e-01 1.201709e+00
1.230269e+00 2.468025e-01 2.983539e-01 3.872034e-01 1.208877e+00
1.258925e+00 2.430223e-01 2.955700e-01 3.826506e-01 1.216226e+00
1.288250e+00 2.392712e-01 2.928107e-01 3.781386e-01 1.223761e+00
1.318257e+00 2.355487e-01 2.900754e-01 3.736669e-01 1.231488e+00
1.348963e+00 2.318545e-01 2.873636e-01 3.692348e-01 1.239414e+00
1.380384e+00 2.281880e-01 2.846747e-01 3.648417e-01 1.247545e+00
1.412538e+00 2.245488e-01 2.820081e-01 3.604868e-01 1.255888e+00
1.445440e+00 2.209366e-01 2.793633e-01 3.561697e-01 1.264450e+00
1.479108e+00 2.173510e-01 2.767395e-01 3.518895e-01 1.273238e+00
1.513561e+00 2.137917e-01 2.741362e-01 3.476457e-01 1.282259e+00
1.548817e+00 2.102583e-01 2.715527e-01 3.434376e-01 1.291520e+00
1.584893e+00 2.067505e-01 2.689883e-01 3.392646e-01 1.301029e+00
1.621810e+00 2.032681e-01 2.664424e-01 3.351261e-01 1.310793e+00
1.659587e+00 1.998107e-01 2.639143e-01 3.310213e-01 1.320822e+00
1.698244e+00 1.963783e-01 2.614033e-01 3.269498e-01 1.331121e+00
1.737801e+00 1.929707e-01 2.589088e-01 3.229109e-01 1.341700e+00
1.778279e+00 1.895876e-01 2.564299e-01 3.189040e-01 1.352567e+00
1.819701e+00 1.862289e-01 2.539661e-01 3.149285e-01 1.363731e+00
1.862087e+00 1.828946e-01 2.515165e-01 3.109839e-01 1.375200e+00
1.905461e+00 1.795845e-01 2.490807e-01 3.070697e-01 1.386983e+00
1.949845e+00 1.762987e-01 2.466578e-01 3.031852e-01 1.399090e+00
1.995262e+00 1.730372e-01 2.442471e-01 2.993301e-01 1.411530e+00
2.041738e+00 1.697999e-01 2.418481e-01 2.955038e-01 1.424312e+00
2.089296e+00 1.665869e-01 2.394599e-01 2.917058e-01 1.437447e+00
2.137962e+00 1.633984e-01 2.370821e-01 2.879357e-01 1.450945e+00
2.187762e+00 1.602344e-01 2.347139e-01 2.841930e-01 1.464816e+00
2.238721e+00 1.570951e-01 2.323547e-01 2.804774e-01 1.479070e+00
2.290868e+00 1.539806e-01 2.300038e-01 2.767884e-01 1.493719e+00
2.344229e+00 1.508913e-01 2.276608e-01 2.731257e-01 1.508774e+00
2.398833e+00 1.478272e-01 2.253250e-01 2.694889e-01 1.524246e+00
2.454709e+00 1.447887e-01 2.229959e-01 2.658777e-01 1.540148e+00
2.511886e+00 1.417760e-01 2.206730e-01 2.622918e-01 1.556490e+00
2.570396e+00 1.387895e-01 2.183556e-01 2.587310e-01 1.573286e+00
2.630268e+00 1.358295e-01 2.160435e-01 2.551949e-01 1.590549e+00
2.691535e+00 1.328963e-01 2.137360e-01 2.516834e-01 1.608291e+00
2.754229e+00 1.299904e-01 2.114329e-01 2.481962e-01 1.626527e+00
2.818383e+00 1.271121e-01 2.091336e-01 2.447332e-01 1.645269e+00
2.884032e+00 1.242618e-01 2.068378e-01 2.412942e-01 1.664532e+00
2.951209e+00 1.214401e-01 2.045452e-01 2.378790e-01 1.684330e+00
3.019952e+00 1.186472e-01 2.022555e-01 2.344877e-01 1.704680e+00
3.090295e+00 1.158838e-01 1.999684e-01 2.311200e-01 1.725595e+00
3.162278e+00 1.131502e-01 1.976838e-01 2.277759e-01 1.747091e+00
3.235937e+00 1.104470e-01 1.954013e-01 2.244553e-01 1.769185e+00
3.311311e+00 1.077747e-01 1.931208e-01 2.211584e-01 1.791894e+00
3.388442e+00 1.051337e-01 1.908423e-01 2.178850e-01 1.815234e+00
3.467369e+00 1.025246e-01 1.885656e-01 2.146352e-01 1.839223e+00
3.548134e+00 9.994788e-02 1.862906e-01 2.114090e-01 1.863878e+00
3.630781e+00 9.740405e-02 1.840175e-01 2.082066e-01 1.889218e+00
3.715352e+00 9.489363e-02 1.817462e-01 2.050280e-01 1.915262e+00
3.801894e+00 9.241712e-02 1.794767e-01 2.018733e-01 1.942029e+00
3.890451e+00 8.997502e-02 1.772093e-01 1.987426e-01 1.969539e+00
3.981072e+00 8.756782e-02 1.749440e-01 1.956362e-01 1.997812e+00
4.073803e+00 8.519601e-02 1.726811e-01 1.925542e-01 2.026868e+00
4.168694e+00 8.286006e-02 1.704207e-01 1.894967e-01 2.056729e+00
4.265795e+00 8.056041e-02 1.681631e-01 1.864640e-01 2.087416e+00
4.365158e+00 7.829751e-02 1.659087e-01 1.834562e-01 2.118952e+00
4.466836e+00 7.607176e-02 1.636577e-01 1.804737e-01 2.151359e+00
4.570882e+00 7.388357e-02 1.614105e-01 1.775166e-01 2.184661e+00
4.677351e+00 7.173331e-02 1.591676e-01 1.745852e-01 2.218880e+00
4.786301e+00 6.962132e-02 1.569294e-01 1.716798e-01 2.254042e+00
4.897788e+00 6.754792e-02 1.546963e-01 1.688007e-01 2.290171e+00
5.011872e+00 6.551340e-02 1.524688e-01 1.659480e-01 2.327292e+00
5.128614e+00 6.351801e-02 1.502475e-01 1.631222e-01 2.365432e+00
5.248075e+00 6.156198e-02 1.480329e-01 1.603235e-01 2.404615e+00
5.370318e+00 5.964549e-02 1.458255e-01 1.575521e-01 2.444870e+00
5.495409e+00 5.776871e-02 1.436260e-01 1.548084e-01 2.486224e+00
5.623413e+00 5.593175e-02 1.414349e-01 1.520927e-01 2.528705e+00
5.754399e+00 5.413470e-02 1.392529e-01 1.494052e-01 2.572340e+00
5.888437e+00 5.237758e-02 1.370805e-01 1.467463e-01 2.617161e+00
6.025596e+00 5.066041e-02 1.349186e-01 1.441162e-01 2.663195e+00
6.165950e+00 4.898315e-02 1.327675e-01 1.415153e-01 2.710474e+00
6.309573e+00 4.734573e-02 1.306282e-01 1.389437e-01 2.759028e+00
6.456542e+00 4.574803e-02 1.285011e-01 1.364017e-01 2.808888e+00
6.606934e+00 4.418990e-02 1.263870e-01 1.338896e-01 2.860088e+00
6.760830e+00 4.267115e-02 1.242865e-01 1.314076e-01 2.912659e+00
6.918310e+00 4.119154e-02 1.222003e-01 1.289560e-01 2.966636e+00
7.079458e+00 3.975081e-02 1.201290e-01 1.265349e-01 3.022051e+00
7.244360e+00 3.834865e-02 1.180732e-01 1.241446e-01 3.078940e+00
7.413102e+00 3.698472e-02 1.160335e-01 1.217853e-01 3.137338e+00
7.585776e+00 3.565864e-02 1.140107e-01 1.194570e-01 3.197281e+00
7.762471e+00 3.437002e-02 1.120052e-01 1.171600e-01 3.258805e+00
7.943282e+00 3.311841e-02 1.100177e-01 1.148944e-01 3.321949e+00
8.128305e+00 3.190333e-02 1.080486e-01 1.126602e-01 3.386750e+00
8.317638e+00 3.072429e-02 1.060986e-01 1.104577e-01 3.453248e+00
8.511380e+00 2.958077e-02 1.041681e-01 1.082868e-01 3.521481e+00
8.709636e+00 2.847221e-02 1.022577e-01 1.061476e-01 3.591491e+00
8.912509e+00 2.739804e-02 1.003678e-01 1.040401e-01 3.663319e+00
9.120108e+00 2.635767e-02 9.849878e-02 1.019644e-01 3.737006e+00
9.332543e+00 2.535048e-02 9.665115e-02 9.992043e-02 3.812596e+00
9.549926e+00 2.437584e-02 9.482526e-02 9.790818e-02 3.890133e+00
9.772372e+00 2.343310e-02 9.302148e-02 9.592761e-02 3.969662e+00
1.000000e+01 2.252160e-02 9.124013e-02 9.397863e-02 4.051227e+00
