1.000000e-06 8.401374e+01 1.173355e+00 8.402193e+01 1.396623e-02
1.023293e-06 8.401279e+01 1.200669e+00 8.402137e+01 1.429150e-02
1.047129e-06 8.401180e+01 1.228618e+00 8.402078e+01 1.462435e-02
1.071519e-06 8.401076e+01 1.257217e+00 8.402017e+01 1.496495e-02
1.096478e-06 8.400967e+01 1.286480e+00 8.401952e+01 1.531348e-02
1.122018e-06 8.400854e+01 1.316424e+00 8.401885e+01 1.567012e-02
1.148154e-06 8.400734e+01 1.347063e+00 8.401814e+01 1.603507e-02
1.174898e-06 8.400609e+01 1.378415e+00 8.401740e+01 1.640851e-02
1.202264e-06 8.400479e+01 1.410495e+00 8.401663e+01 1.679065e-02
1.230269e-06 8.400342e+01 1.443320e+00 8.401582e+01 1.718168e-02
1.258925e-06 8.400199e+01 1.476908e+00 8.401497e+01 1.758182e-02
1.288250e-06 8.400048e+01 1.511275e+00 8.401408e+01 1.799127e-02
1.318257e-06 8.399891e+01 1.546441e+00 8.401315e+01 1.841025e-02
1.348963e-06 8.399727e+01 1.582424e+00 8.401217e+01 1.883899e-02
1.380384e-06 8.399555e+01 1.619241e+00 8.401115e+01 1.927771e-02
1.412538e-06 8.399374e+01 1.656914e+00 8.401008e+01 1.972663e-02
1.445440e-06 8.399185e+01 1.695461e+00 8.400896e+01 2.018601e-02
1.479108e-06 8.398987e+01 1.734902e+00 8.400779e+01 2.065608e-02
1.513561e-06 8.398780e+01 1.775258e+00 8.400656e+01 2.113709e-02
1.548817e-06 8.398564e+01 1.816550e+00 8.400528e+01 2.162930e-02
1.584893e-06 8.398337e+01 1.858800e+00 8.400393e+01 2.213296e-02
1.621810e-06 8.398099e+01 1.902030e+00 8.400252e+01 2.264834e-02
1.659587e-06 8.397850e+01 1.946262e+00 8.400105e+01 2.317571e-02
1.698244e-06 8.397589e+01 1.991519e+00 8.399950e+01 2.371536e-02
1.737801e-06 8.397316e+01 2.037824e+00 8.399789e+01 2.426756e-02
1.778279e-06 8.397031e+01 2.085202e+00 8.399619e+01 2.483261e-02
1.819701e-06 8.396732e+01 2.133678e+00 8.399442e+01 2.541081e-02
1.862087e-06 8.396418e+01 2.183275e+00 8.399256e+01 2.600246e-02
1.905461e-06 8.396090e+01 2.234021e+00 8.399062e+01 2.660787e-02
1.949845e-06 8.395747e+01 2.285941e+00 8.398858e+01 2.722737e-02
1.995262e-06 8.395388e+01 2.339062e+00 8.398645e+01 2.786128e-02
2.041738e-06 8.395011e+01 2.393411e+00 8.398422e+01 2.850993e-02
2.089296e-06 8.394617e+01 2.449017e+00 8.398189e+01 2.917366e-02
2.137962e-06 8.394204e+01 2.505908e+00 8.397944e+01 2.985283e-02
2.187762e-06 8.393772e+01 2.564113e+00 8.397688e+01 3.054780e-02
2.238721e-06 8.393320e+01 2.623661e+00 8.397420e+01 3.125892e-02
2.290868e-06 8.392847e+01 2.684585e+00 8.397139e+01 3.198658e-02
2.344229e-06 8.392351e+01 2.746913e+00 8.396845e+01 3.273116e-02
2.398833e-06 8.391832e+01 2.810680e+00 8.396537e+01 3.349304e-02
2.454709e-06 8.391288e+01 2.875915e+00 8.396215e+01 3.427263e-02
2.511886e-06 8.390719e+01 2.942654e+00 8.395878e+01 3.507034e-02
2.570396e-06 8.390123e+01 3.010930e+00 8.395524e+01 3.588659e-02
2.630268e-06 8.389500e+01 3.080776e+00 8.395155e+01 3.672181e-02
2.691535e-06 8.388847e+01 3.152230e+00 8.394767e+01 3.757643e-02
2.754229e-06 8.388163e+01 3.225325e+00 8.394362e+01 3.845091e-02
2.818383e-06 8.387448e+01 3.300100e+00 8.393937e+01 3.934570e-02
2.884032e-06 8.386699e+01 3.376591e+00 8.393493e+01 4.026127e-02
2.951209e-06 8.385914e+01 3.454838e+00 8.393028e+01 4.119810e-02
3.019952e-06 8.385093e+01 3.534877e+00 8.392541e+01 4.215669e-02
3.090295e-06 8.384234e+01 3.616751e+00 8.392031e+01 4.313752e-02
3.162278e-06 8.383334e+01 3.700498e+00 8.391497e+01 4.414113e-02
3.235937e-06 8.382392e+01 3.786161e+00 8.390938e+01 4.516802e-02
3.311311e-06 8.381406e+01 3.873781e+00 8.390353e+01 4.621875e-02
3.388442e-06 8.380374e+01 3.963401e+00 8.389741e+01 4.729385e-02
3.467369e-06 8.379293e+01 4.055066e+00 8.389100e+01 4.839389e-02
3.548134e-06 8.378162e+01 4.148819e+00 8.388428e+01 4.951943e-02
3.630781e-06 8.376978e+01 4.244705e+00 8.387726e+01 5.067108e-02
3.715352e-06 8.375739e+01 4.342772e+00 8.386990e+01 5.184942e-02
3.801894e-06 8.374442e+01 4.443066e+00 8.386220e+01 5.305507e-02
3.890451e-06 8.373084e+01 4.545635e+00 8.385414e+01 5.428865e-02
3.981072e-06 8.371663e+01 4.650527e+00 8.384570e+01 5.555081e-02
4.073803e-06 8.370176e+01 4.757792e+00 8.383687e+01 5.684220e-02
4.168694e-06 8.368619e+01 4.867480e+00 8.382763e+01 5.816348e-02
4.265795e-06 8.366990e+01 4.979643e+00 8.381795e+01 5.951535e-02
4.365158e-06 8.365284e+01 5.094332e+00 8.380782e+01 6.089849e-02
4.466836e-06 8.363500e+01 5.211601e+00 8.379722e+01 6.231363e-02
4.570882e-06 8.361632e+01 5.331502e+00 8.378612e+01 6.376149e-02
4.677351e-06 8.359677e+01 5.454089e+00 8.377451e+01 6.524282e-02
4.786301e-06 8.357632e+01 5.579420e+00 8.376235e+01 6.675838e-02
4.897788e-06 8.355491e+01 5.707548e+00 8.374963e+01 6.830894e-02
5.011872e-06 8.353252e+01 5.838531e+00 8.373631e+01 6.989531e-02
5.128614e-06 8.350908e+01 5.972426e+00 8.372237e+01 7.151828e-02
5.248075e-06 8.348455e+01 6.109291e+00 8.370779e+01 7.317870e-02
5.370318e-06 8.345889e+01 6.249185e+00 8.369253e+01 7.487740e-02
5.495409e-06 8.343205e+01 6.392167e+00 8.367656e+01 7.661525e-02
5.623413e-06 8.340396e+01 6.538298e+00 8.365984e+01 7.839314e-02
5.754399e-06 8.337457e+01 6.687638e+00 8.364235e+01 8.021196e-02
5.888437e-06 8.334383e+01 6.840248e+00 8.362405e+01 8.207264e-02
6.025596e-06 8.331166e+01 6.996189e+00 8.360490e+01 8.397610e-02
6.165950e-06 8.327802e+01 7.155524e+00 8.358487e+01 8.592332e-02
6.309573e-06 8.324283e+01 7.318315e+00 8.356391e+01 8.791526e-02
6.456542e-06 8.320602e+01 7.484625e+00 8.354198e+01 8.995292e-02
6.606934e-06 8.316752e+01 7.654517e+00 8.351903e+01 9.203733e-02
6.760830e-06 8.312726e+01 7.828054e+00 8.349503e+01 9.416952e-02
6.918310e-06 8.308515e+01 8.005299e+00 8.346992e+01 9.635054e-02
7.079458e-06 8.304112e+01 8.186316e+00 8.344365e+01 9.858147e-02
7.244360e-06 8.299507e+01 8.371168e+00 8.341618e+01 1.008634e-01
7.413102e-06 8.294693e+01 8.559917e+00 8.338744e+01 1.031975e-01
7.585776e-06 8.289659e+01 8.752627e+00 8.335739e+01 1.055849e-01
7.762471e-06 8.284397e+01 8.949360e+00 8.332595e+01 1.080267e-01
7.943282e-06 8.278896e+01 9.150177e+00 8.329308e+01 1.105241e-01
8.128305e-06 8.273145e+01 9.355140e+00 8.325871e+01 1.130784e-01
8.317638e-06 8.267135e+01 9.564308e+00 8.322276e+01 1.156907e-01
8.511380e-06 8.260853e+01 9.777742e+00 8.318518e+01 1.183624e-01
8.709636e-06 8.254289e+01 9.995499e+00 8.314589e+01 1.210946e-01
8.912509e-06 8.247429e+01 1.021764e+01 8.310481e+01 1.238887e-01
9.120108e-06 8.240262e+01 1.044421e+01 8.306187e+01 1.267460e-01
9.332543e-06 8.232775e+01 1.067527e+01 8.301698e+01 1.296679e-01
9.549926e-06 8.224953e+01 1.091087e+01 8.297007e+01 1.326557e-01
9.772372e-06 8.216783e+01 1.115106e+01 8.292104e+01 1.357107e-01
1.000000e-05 8.208251e+01 1.139588e+01 8.286980e+01 1.388345e-01
1.023293e-05 8.199341e+01 1.164538e+01 8.281626e+01 1.420283e-01
1.047129e-05 8.190037e+01 1.189961e+01 8.276033e+01 1.452937e-01
1.071519e-05 8.180325e+01 1.215859e+01 8.270189e+01 1.486322e-01
1.096478e-05 8.170186e+01 1.242237e+01 8.264085e+01 1.520451e-01
1.122018e-05 8.159604e+01 1.269097e+01 8.257709e+01 1.555341e-01
1.148154e-05 8.148562e+01 1.296442e+01 8.251050e+01 1.591007e-01
1.174898e-05 8.137041e+01 1.324273e+01 8.244097e+01 1.627463e-01
1.202264e-05 8.125021e+01 1.352594e+01 8.236837e+01 1.664726e-01
1.230269e-05 8.112484e+01 1.381404e+01 8.229257e+01 1.702812e-01
1.258925e-05 8.099410e+01 1.410704e+01 8.221346e+01 1.741736e-01
1.288250e-05 8.085778e+01 1.440493e+01 8.213089e+01 1.781515e-01
1.318257e-05 8.071567e+01 1.470772e+01 8.204473e+01 1.822165e-01
1.348963e-05 8.056756e+01 1.501539e+01 8.195483e+01 1.863702e-01
1.380384e-05 8.041322e+01 1.532791e+01 8.186104e+01 1.906142e-01
1.412538e-05 8.025242e+01 1.564524e+01 8.176323e+01 1.949504e-01
1.445440e-05 8.008494e+01 1.596736e+01 8.166122e+01 1.993802e-01
1.479108e-05 7.991054e+01 1.629420e+01 8.155486e+01 2.039055e-01
1.513561e-05 7.972897e+01 1.662571e+01 8.144399e+01 2.085279e-01
1.548817e-05 7.953999e+01 1.696182e+01 8.132843e+01 2.132490e-01
1.584893e-05 7.934335e+01 1.730245e+01 8.120801e+01 2.180706e-01
1.621810e-05 7.913879e+01 1.764750e+01 8.108256e+01 2.229944e-01
1.659587e-05 7.892606e+01 1.799688e+01 8.095190e+01 2.280220e-01
1.698244e-05 7.870489e+01 1.835045e+01 8.081583e+01 2.331551e-01
1.737801e-05 7.847503e+01 1.870809e+01 8.067418e+01 2.383954e-01
1.778279e-05 7.823620e+01 1.906965e+01 8.052674e+01 2.437446e-01
1.819701e-05 7.798815e+01 1.943498e+01 8.037332e+01 2.492042e-01
1.862087e-05 7.773060e+01 1.980389e+01 8.021372e+01 2.547760e-01
1.905461e-05 7.746329e+01 2.017620e+01 8.004774e+01 2.604614e-01
1.949845e-05 7.718595e+01 2.055170e+01 7.987517e+01 2.662622e-01
1.995262e-05 7.689832e+01 2.093016e+01 7.969581e+01 2.721797e-01
2.041738e-05 7.660013e+01 2.131134e+01 7.950945e+01 2.782154e-01
2.089296e-05 7.629112e+01 2.169498e+01 7.931587e+01 2.843710e-01
2.137962e-05 7.597105e+01 2.208081e+01 7.911487e+01 2.906476e-01
2.187762e-05 7.563967e+01 2.246852e+01 7.890623e+01 2.970468e-01
2.238721e-05 7.529672e+01 2.285781e+01 7.868974e+01 3.035698e-01
2.290868e-05 7.494199e+01 2.324833e+01 7.846520e+01 3.102177e-01
2.344229e-05 7.457524e+01 2.363974e+01 7.823238e+01 3.169918e-01
2.398833e-05 7.419627e+01 2.403166e+01 7.799108e+01 3.238931e-01
2.454709e-05 7.380488e+01 2.442370e+01 7.774109e+01 3.309226e-01
2.511886e-05 7.340087e+01 2.481545e+01 7.748222e+01 3.380812e-01
2.570396e-05 7.298408e+01 2.520648e+01 7.721426e+01 3.453696e-01
2.630268e-05 7.255435e+01 2.559634e+01 7.693703e+01 3.527886e-01
2.691535e-05 7.211155e+01 2.598457e+01 7.665033e+01 3.603386e-01
2.754229e-05 7.165555e+01 2.637068e+01 7.635398e+01 3.680200e-01
2.818383e-05 7.118627e+01 2.675417e+01 7.604782e+01 3.758332e-01
2.884032e-05 7.070364e+01 2.713452e+01 7.573168e+01 3.837783e-01
2.951209e-05 7.020760e+01 2.751121e+01 7.540540e+01 3.918551e-01
3.019952e-05 6.969814e+01 2.788368e+01 7.506884e+01 4.000635e-01
3.090295e-05 6.917526e+01 2.825139e+01 7.472187e+01 4.084031e-01
3.162278e-05 6.863901e+01 2.861377e+01 7.436438e+01 4.168733e-01
3.235937e-05 6.808944e+01 2.897023e+01 7.399626e+01 4.254732e-01
3.311311e-05 6.752666e+01 2.932021e+01 7.361742e+01 4.342019e-01
3.388442e-05 6.695080e+01 2.966309e+01 7.322778e+01 4.430581e-01
3.467369e-05 6.636202e+01 2.999831e+01 7.282730e+01 4.520403e-01
3.548134e-05 6.576053e+01 3.032525e+01 7.241594e+01 4.611468e-01
3.630781e-05 6.514656e+01 3.064334e+01 7.199367e+01 4.703755e-01
3.715352e-05 6.452038e+01 3.095198e+01 7.156050e+01 4.797241e-01
3.801894e-05 6.388231e+01 3.125060e+01 7.111645e+01 4.891901e-01
3.890451e-05 6.323269e+01 3.153861e+01 7.066157e+01 4.987706e-01
3.981072e-05 6.257191e+01 3.181546e+01 7.019592e+01 5.084624e-01
4.073803e-05 6.190037e+01 3.208061e+01 6.971959e+01 5.182620e-01
4.168694e-05 6.121854e+01 3.233352e+01 6.923270e+01 5.281655e-01
4.265795e-05 6.052690e+01 3.257369e+01 6.873537e+01 5.381688e-01
4.365158e-05 5.982599e+01 3.280063e+01 6.822778e+01 5.482673e-01
4.466836e-05 5.911635e+01 3.301389e+01 6.771011e+01 5.584561e-01
4.570882e-05 5.839857e+01 3.321302e+01 6.718257e+01 5.687301e-01
4.677351e-05 5.767326e+01 3.339764e+01 6.664539e+01 5.790835e-01
4.786301e-05 5.694108e+01 3.356736e+01 6.609883e+01 5.895105e-01
4.897788e-05 5.620269e+01 3.372187e+01 6.554317e+01 6.000046e-01
5.011872e-05 5.545878e+01 3.386086e+01 6.497872e+01 6.105591e-01
5.128614e-05 5.471006e+01 3.398408e+01 6.440581e+01 6.211670e-01
5.248075e-05 5.395725e+01 3.409132e+01 6.382478e+01 6.318208e-01
5.370318e-05 5.320111e+01 3.418239e+01 6.323602e+01 6.425127e-01
5.495409e-05 5.244238e+01 3.425717e+01 6.263990e+01 6.532346e-01
5.623413e-05 5.168182e+01 3.431558e+01 6.203684e+01 6.639779e-01
5.754399e-05 5.092019e+01 3.435758e+01 6.142727e+01 6.747338e-01
5.888437e-05 5.015827e+01 3.438316e+01 6.081163e+01 6.854933e-01
6.025596e-05 4.939682e+01 3.439238e+01 6.019037e+01 6.962469e-01
6.165950e-05 4.863658e+01 3.438533e+01 5.956398e+01 7.069849e-01
6.309573e-05 4.787831e+01 3.436215e+01 5.893293e+01 7.176975e-01
6.456542e-05 4.712275e+01 3.432301e+01 5.829771e+01 7.283745e-01
6.606934e-05 4.637062e+01 3.426815e+01 5.765883e+01 7.390056e-01
6.760830e-05 4.562261e+01 3.419781e+01 5.701678e+01 7.495803e-01
6.918310e-05 4.487942e+01 3.411231e+01 5.637209e+01 7.600882e-01
7.079458e-05 4.414168e+01 3.401199e+01 5.572525e+01 7.705185e-01
7.244360e-05 4.341005e+01 3.389720e+01 5.507679e+01 7.808607e-01
7.413102e-05 4.268511e+01 3.376836e+01 5.442721e+01 7.911039e-01
7.585776e-05 4.196745e+01 3.362591e+01 5.377703e+01 8.012378e-01
7.762471e-05 4.125759e+01 3.347029e+01 5.312673e+01 8.112517e-01
7.943282e-05 4.055605e+01 3.330201e+01 5.247683e+01 8.211354e-01
8.128305e-05 3.986330e+01 3.312157e+01 5.182780e+01 8.308787e-01
8.317638e-05 3.917976e+01 3.292948e+01 5.118012e+01 8.404718e-01
8.511380e-05 3.850585e+01 3.272631e+01 5.053426e+01 8.499049e-01
8.709636e-05 3.784190e+01 3.251259e+01 4.989066e+01 8.591690e-01
8.912509e-05 3.718826e+01 3.228890e+01 4.924977e+01 8.682552e-01
9.120108e-05 3.654520e+01 3.205581e+01 4.861201e+01 8.771551e-01
9.332543e-05 3.591298e+01 3.181390e+01 4.797777e+01 8.858608e-01
9.549926e-05 3.529179e+01 3.156374e+01 4.734744e+01 8.943649e-01
9.772372e-05 3.468183e+01 3.130592e+01 4.672140e+01 9.026606e-01
1.000000e-04 3.408321e+01 3.104100e+01 4.609999e+01 9.107418e-01
1.023293e-04 3.349606e+01 3.076957e+01 4.548354e+01 9.186028e-01
1.047129e-04 3.292043e+01 3.049218e+01 4.487235e+01 9.262387e-01
1.071519e-04 3.235638e+01 3.020938e+01 4.426671e+01 9.336453e-01
1.096478e-04 3.180390e+01 2.992172e+01 4.366689e+01 9.408192e-01
1.122018e-04 3.126298e+01 2.962972e+01 4.307312e+01 9.477574e-01
1.148154e-04 3.073356e+01 2.933389e+01 4.248563e+01 9.544579e-01
1.174898e-04 3.021558e+01 2.903474e+01 4.190462e+01 9.609194e-01
1.202264e-04 2.970894e+01 2.873273e+01 4.133027e+01 9.671411e-01
1.230269e-04 2.921351e+01 2.842834e+01 4.076272e+01 9.731231e-01
1.258925e-04 2.872916e+01 2.812200e+01 4.020213e+01 9.788660e-01
1.288250e-04 2.825572e+01 2.781412e+01 3.964860e+01 9.843714e-01
1.318257e-04 2.779302e+01 2.750512e+01 3.910222e+01 9.896411e-01
1.348963e-04 2.734088e+01 2.719536e+01 3.856308e+01 9.946777e-01
1.380384e-04 2.689907e+01 2.688521e+01 3.803123e+01 9.994845e-01
1.412538e-04 2.646740e+01 2.657499e+01 3.750671e+01 1.004065e+00
1.445440e-04 2.604563e+01 2.626502e+01 3.698955e+01 1.008423e+00
1.479108e-04 2.563353e+01 2.595560e+01 3.647973e+01 1.012564e+00
1.513561e-04 2.523087e+01 2.564698e+01 3.597727e+01 1.016492e+00
1.548817e-04 2.483738e+01 2.533941e+01 3.548213e+01 1.020213e+00
1.584893e-04 2.445284e+01 2.503313e+01 3.499427e+01 1.023731e+00
1.621810e-04 2.407698e+01 2.472833e+01 3.451365e+01 1.027053e+00
1.659587e-04 2.370957e+01 2.442521e+01 3.404019e+01 1.030184e+00
1.698244e-04 2.335034e+01 2.412393e+01 3.357383e+01 1.033130e+00
1.737801e-04 2.299905e+01 2.382463e+01 3.311449e+01 1.035896e+00
1.778279e-04 2.265546e+01 2.352745e+01 3.266206e+01 1.038489e+00
1.819701e-04 2.231932e+01 2.323249e+01 3.221647e+01 1.040914e+00
1.862087e-04 2.199040e+01 2.293987e+01 3.177759e+01 1.043177e+00
1.905461e-04 2.166846e+01 2.264965e+01 3.134532e+01 1.045282e+00
1.949845e-04 2.135330e+01 2.236190e+01 3.091954e+01 1.047234e+00
1.995262e-04 2.104468e+01 2.207668e+01 3.050014e+01 1.049039e+00
2.041738e-04 2.074240e+01 2.179403e+01 3.008699e+01 1.050700e+00
2.089296e-04 2.044626e+01 2.151398e+01 2.967998e+01 1.052221e+00
2.137962e-04 2.015607e+01 2.123655e+01 2.927897e+01 1.053606e+00
2.187762e-04 1.987164e+01 2.096175e+01 2.888386e+01 1.054858e+00
2.238721e-04 1.959281e+01 2.068959e+01 2.849451e+01 1.055978e+00
2.290868e-04 1.931941e+01 2.042005e+01 2.811082e+01 1.056971e+00
2.344229e-04 1.905128e+01 2.015312e+01 2.773265e+01 1.057836e+00
2.398833e-04 1.878829e+01 1.988880e+01 2.735990e+01 1.058575e+00
2.454709e-04 1.853028e+01 1.962706e+01 2.699246e+01 1.059188e+00
2.511886e-04 1.827715e+01 1.936787e+01 2.663022e+01 1.059677e+00
2.570396e-04 1.802877e+01 1.911121e+01 2.627308e+01 1.060039e+00
2.630268e-04 1.778504e+01 1.885705e+01 2.592095e+01 1.060276e+00
2.691535e-04 1.754585e+01 1.860535e+01 2.557374e+01 1.060385e+00
2.754229e-04 1.731112e+01 1.835610e+01 2.523135e+01 1.060365e+00
2.818383e-04 1.708075e+01 1.810926e+01 2.489372e+01 1.060214e+00
2.884032e-04 1.685468e+01 1.786480e+01 2.456077e+01 1.059931e+00
2.951209e-04 1.663284e+01 1.762269e+01 2.423243e+01 1.059512e+00
3.019952e-04 1.641516e+01 1.738291e+01 2.390864e+01 1.058955e+00
3.090295e-04 1.620158e+01 1.714544e+01 2.358935e+01 1.058258e+00
3.162278e-04 1.599205e+01 1.691025e+01 2.327450e+01 1.057416e+00
3.235937e-04 1.578652e+01 1.667734e+01 2.296406e+01 1.056429e+00
3.311311e-04 1.558496e+01 1.644668e+01 2.265798e+01 1.055292e+00
3.388442e-04 1.538731e+01 1.621826e+01 2.235624e+01 1.054002e+00
3.467369e-04 1.519354e+01 1.599208e+01 2.205880e+01 1.052558e+00
3.548134e-04 1.500362e+01 1.576814e+01 2.176563e+01 1.050956e+00
3.630781e-04 1.481750e+01 1.554644e+01 2.147673e+01 1.049195e+00
3.715352e-04 1.463516e+01 1.532698e+01 2.119208e+01 1.047271e+00
3.801894e-04 1.445656e+01 1.510977e+01 2.091165e+01 1.045184e+00
3.890451e-04 1.428168e+01 1.489481e+01 2.063545e+01 1.042932e+00
3.981072e-04 1.411047e+01 1.468214e+01 2.036346e+01 1.040514e+00
4.073803e-04 1.394291e+01 1.447175e+01 2.009568e+01 1.037929e+00
4.168694e-04 1.377896e+01 1.426368e+01 1.983211e+01 1.035178e+00
4.265795e-04 1.361859e+01 1.405795e+01 1.957273e+01 1.032262e+00
4.365158e-04 1.346175e+01 1.385458e+01 1.931756e+01 1.029181e+00
4.466836e-04 1.330840e+01 1.365359e+01 1.906658e+01 1.025938e+00
4.570882e-04 1.315852e+01 1.345503e+01 1.881979e+01 1.022534e+00
4.677351e-04 1.301204e+01 1.325891e+01 1.857719e+01 1.018972e+00
4.786301e-04 1.286894e+01 1.306527e+01 1.833878e+01 1.015256e+00
4.897788e-04 1.272914e+01 1.287414e+01 1.810454e+01 1.011391e+00
5.011872e-04 1.259261e+01 1.268555e+01 1.787448e+01 1.007380e+00
5.128614e-04 1.245929e+01 1.249953e+01 1.764858e+01 1.003230e+00
5.248075e-04 1.232912e+01 1.231612e+01 1.742682e+01 9.989452e-01
5.370318e-04 1.220205e+01 1.213534e+01 1.720920e+01 9.945333e-01
5.495409e-04 1.207800e+01 1.195723e+01 1.699569e+01 9.900010e-01
5.623413e-04 1.195692e+01 1.178182e+01 1.678628e+01 9.853557e-01
5.754399e-04 1.183874e+01 1.160913e+01 1.658094e+01 9.806053e-01
5.888437e-04 1.172338e+01 1.143919e+01 1.637964e+01 9.757582e-01
6.025596e-04 1.161078e+01 1.127202e+01 1.618235e+01 9.708232e-01
6.165950e-04 1.150086e+01 1.110764e+01 1.598904e+01 9.658093e-01
6.309573e-04 1.139355e+01 1.094608e+01 1.579967e+01 9.607259e-01
6.456542e-04 1.128876e+01 1.078735e+01 1.561419e+01 9.555827e-01
6.606934e-04 1.118643e+01 1.063146e+01 1.543257e+01 9.503895e-01
6.760830e-04 1.108646e+01 1.047844e+01 1.525475e+01 9.451563e-01
6.918310e-04 1.098878e+01 1.032828e+01 1.508067e+01 9.398933e-01
7.079458e-04 1.089330e+01 1.018100e+01 1.491029e+01 9.346105e-01
7.244360e-04 1.079995e+01 1.003659e+01 1.474354e+01 9.293182e-01
7.413102e-04 1.070863e+01 9.895062e+00 1.458037e+01 9.240267e-01
7.585776e-04 1.061927e+01 9.756410e+00 1.442069e+01 9.187459e-01
7.762471e-04 1.053177e+01 9.620628e+00 1.426446e+01 9.134859e-01
7.943282e-04 1.044607e+01 9.487709e+00 1.411159e+01 9.082567e-01
8.128305e-04 1.036206e+01 9.357640e+00 1.396201e+01 9.030677e-01
8.317638e-04 1.027967e+01 9.230408e+00 1.381564e+01 8.979286e-01
8.511380e-04 1.019881e+01 9.105994e+00 1.367241e+01 8.928486e-01
8.709636e-04 1.011941e+01 8.984379e+00 1.353224e+01 8.878365e-01
8.912509e-04 1.004137e+01 8.865540e+00 1.339504e+01 8.829011e-01
9.120108e-04 9.964631e+00 8.749450e+00 1.326072e+01 8.780505e-01
9.332543e-04 9.889100e+00 8.636081e+00 1.312921e+01 8.732929e-01
9.549926e-04 9.814702e+00 8.525401e+00 1.300042e+01 8.686357e-01
9.772372e-04 9.741361e+00 8.417377e+00 1.287425e+01 8.640863e-01
1.000000e-03 9.669003e+00 8.311971e+00 1.275063e+01 8.596514e-01
1.023293e-03 9.597554e+00 8.209146e+00 1.262945e+01 8.553374e-01
1.047129e-03 9.526943e+00 8.108861e+00 1.251065e+01 8.511503e-01
1.071519e-03 9.457102e+00 8.011071e+00 1.239411e+01 8.470958e-01
1.096478e-03 9.387963e+00 7.915732e+00 1.227977e+01 8.431789e-01
1.122018e-03 9.319461e+00 7.822797e+00 1.216752e+01 8.394044e-01
1.148154e-03 9.251533e+00 7.732216e+00 1.205728e+01 8.357767e-01
1.174898e-03 9.184119e+00 7.643938e+00 1.194897e+01 8.322995e-01
1.202264e-03 9.117161e+00 7.557912e+00 1.184249e+01 8.289765e-01
1.230269e-03 9.050603e+00 7.474083e+00 1.173777e+01 8.258105e-01
1.258925e-03 8.984391e+00 7.392396e+00 1.163472e+01 8.228044e-01
1.288250e-03 8.918474e+00 7.312794e+00 1.153326e+01 8.199602e-01
1.318257e-03 8.852806e+00 7.235221e+00 1.143331e+01 8.172799e-01
1.348963e-03 8.787339e+00 7.159616e+00 1.133479e+01 8.147650e-01
1.380384e-03 8.722031e+00 7.085922e+00 1.123762e+01 8.124165e-01
1.412538e-03 8.656842e+00 7.014077e+00 1.114173e+01 8.102351e-01
1.445440e-03 8.591734e+00 6.944021e+00 1.104705e+01 8.082212e-01
1.479108e-03 8.526671e+00 6.875694e+00 1.095351e+01 8.063749e-01
1.513561e-03 8.461621e+00 6.809032e+00 1.086103e+01 8.046959e-01
1.548817e-03 8.396556e+00 6.743974e+00 1.076956e+01 8.031834e-01
1.584893e-03 8.331446e+00 6.680459e+00 1.067902e+01 8.018367e-01
1.621810e-03 8.266268e+00 6.618424e+00 1.058937e+01 8.006544e-01
1.659587e-03 8.201001e+00 6.557807e+00 1.050054e+01 7.996350e-01
1.698244e-03 8.135624e+00 6.498548e+00 1.041247e+01 7.987768e-01
1.737801e-03 8.070121e+00 6.440583e+00 1.032511e+01 7.980776e-01
1.778279e-03 8.004478e+00 6.383853e+00 1.023842e+01 7.975352e-01
1.819701e-03 7.938683e+00 6.328298e+00 1.015234e+01 7.971470e-01
1.862087e-03 7.872728e+00 6.273857e+00 1.006683e+01 7.969102e-01
1.905461e-03 7.806604e+00 6.220472e+00 9.981850e+00 7.968217e-01
1.949845e-03 7.740308e+00 6.168084e+00 9.897355e+00 7.968784e-01
1.995262e-03 7.673838e+00 6.116638e+00 9.813310e+00 7.970768e-01
2.041738e-03 7.607193e+00 6.066076e+00 9.729680e+00 7.974132e-01
2.089296e-03 7.540376e+00 6.016345e+00 9.646434e+00 7.978839e-01
2.137962e-03 7.473391e+00 5.967390e+00 9.563541e+00 7.984849e-01
2.187762e-03 7.406245e+00 5.919160e+00 9.480977e+00 7.992119e-01
2.238721e-03 7.338946e+00 5.871603e+00 9.398715e+00 8.000608e-01
2.290868e-03 7.271503e+00 5.824671e+00 9.316735e+00 8.010271e-01
2.344229e-03 7.203930e+00 5.778316e+00 9.235017e+00 8.021061e-01
2.398833e-03 7.136239e+00 5.732492e+00 9.153544e+00 8.032931e-01
2.454709e-03 7.068446e+00 5.687155e+00 9.072301e+00 8.045835e-01
2.511886e-03 7.000567e+00 5.642262e+00 8.991277e+00 8.059721e-01
2.570396e-03 6.932621e+00 5.597773e+00 8.910460e+00 8.074541e-01
2.630268e-03 6.864627e+00 5.553650e+00 8.829843e+00 8.090243e-01
2.691535e-03 6.796604e+00 5.509855e+00 8.749419e+00 8.106776e-01
2.754229e-03 6.728576e+00 5.466354e+00 8.669185e+00 8.124088e-01
2.818383e-03 6.660564e+00 5.423115e+00 8.589138e+00 8.142126e-01
2.884032e-03 6.592591e+00 5.380106e+00 8.509278e+00 8.160837e-01
2.951209e-03 6.524682e+00 5.337300e+00 8.429605e+00 8.180169e-01
3.019952e-03 6.456860e+00 5.294669e+00 8.350123e+00 8.200068e-01
3.090295e-03 6.389150e+00 5.252190e+00 8.270837e+00 8.220482e-01
3.162278e-03 6.321578e+00 5.209839e+00 8.191750e+00 8.241358e-01
3.235937e-03 6.254169e+00 5.167597e+00 8.112872e+00 8.262643e-01
3.311311e-03 6.186948e+00 5.125445e+00 8.034209e+00 8.284285e-01
3.388442e-03 6.119941e+00 5.083366e+00 7.955771e+00 8.306234e-01
3.467369e-03 6.053172e+00 5.041347e+00 7.877567e+00 8.328439e-01
3.548134e-03 5.986666e+00 4.999374e+00 7.799609e+00 8.350848e-01
3.630781e-03 5.920448e+00 4.957437e+00 7.721909e+00 8.373415e-01
3.715352e-03 5.854541e+00 4.915526e+00 7.644478e+00 8.396091e-01
3.801894e-03 5.788970e+00 4.873634e+00 7.567330e+00 8.418828e-01
3.890451e-03 5.723756e+00 4.831755e+00 7.490477e+00 8.441582e-01
3.981072e-03 5.658922e+00 4.789885e+00 7.413932e+00 8.464307e-01
4.073803e-03 5.594488e+00 4.748020e+00 7.337711e+00 8.486960e-01
4.168694e-03 5.530476e+00 4.706159e+00 7.261825e+00 8.509500e-01
4.265795e-03 5.466904e+00 4.664300e+00 7.186288e+00 8.531885e-01
4.365158e-03 5.403792e+00 4.622445e+00 7.111116e+00 8.554077e-01
4.466836e-03 5.341156e+00 4.580595e+00 7.036320e+00 8.576037e-01
4.570882e-03 5.279012e+00 4.538752e+00 6.961914e+00 8.597729e-01
4.677351e-03 5.217378e+00 4.496919e+00 6.887911e+00 8.619117e-01
4.786301e-03 5.156266e+00 4.455101e+00 6.814324e+00 8.640168e-01
4.897788e-03 5.095692e+00 4.413301e+00 6.741164e+00 8.660847e-01
5.011872e-03 5.035666e+00 4.371524e+00 6.668445e+00 8.681124e-01
5.128614e-03 4.976201e+00 4.329777e+00 6.596176e+00 8.700967e-01
5.248075e-03 4.917308e+00 4.288064e+00 6.524370e+00 8.720348e-01
5.370318e-03 4.858996e+00 4.246391e+00 6.453036e+00 8.739236e-01
5.495409e-03 4.801274e+00 4.204766e+00 6.382185e+00 8.757604e-01
5.623413e-03 4.744150e+00 4.163194e+00 6.311826e+00 8.775425e-01
5.754399e-03 4.687632e+00 4.121681e+00 6.241967e+00 8.792672e-01
5.888437e-03 4.631726e+00 4.080235e+00 6.172617e+00 8.809319e-01
6.025596e-03 4.576437e+00 4.038862e+00 6.103784e+00 8.825340e-01
6.165950e-03 4.521772e+00 3.997567e+00 6.035476e+00 8.840709e-01
6.309573e-03 4.467735e+00 3.956359e+00 5.967699e+00 8.855402e-01
6.456542e-03 4.414330e+00 3.915243e+00 5.900461e+00 8.869393e-01
6.606934e-03 4.361561e+00 3.874226e+00 5.833767e+00 8.882658e-01
6.760830e-03 4.309431e+00 3.833313e+00 5.767623e+00 8.895172e-01
6.918310e-03 4.257942e+00 3.792511e+00 5.702036e+00 8.906909e-01
7.079458e-03 4.207099e+00 3.751826e+00 5.637009e+00 8.917846e-01
7.244360e-03 4.156901e+00 3.711263e+00 5.572549e+00 8.927956e-01
7.413102e-03 4.107353e+00 3.670830e+00 5.508661e+00 8.937216e-01
7.585776e-03 4.058455e+00 3.630531e+00 5.445348e+00 8.945599e-01
7.762471e-03 4.010209e+00 3.590373e+00 5.382616e+00 8.953082e-01
7.943282e-03 3.962616e+00 3.550361e+00 5.320469e+00 8.959638e-01
8.128305e-03 3.915678e+00 3.510501e+00 5.258911e+00 8.965243e-01
8.317638e-03 3.869395e+00 3.470798e+00 5.197948e+00 8.969873e-01
8.511380e-03 3.823769e+00 3.431260e+00 5.137582e+00 8.973502e-01
8.709636e-03 3.778800e+00 3.391891e+00 5.077820e+00 8.976107e-01
8.912509e-03 3.734488e+00 3.352698e+00 5.018663e+00 8.977664e-01
9.120108e-03 3.690834e+00 3.313686e+00 4.960119e+00 8.978150e-01
9.332543e-03 3.647839e+00 3.274863e+00 4.902189e+00 8.977543e-01
9.549926e-03 3.605502e+00 3.236234e+00 4.844880e+00 8.975822e-01
9.772372e-03 3.563823e+00 3.197807e+00 4.788194e+00 8.972966e-01
1.000000e-02 3.522803e+00 3.159587e+00 4.732138e+00 8.968958e-01
1.023293e-02 3.482439e+00 3.121582e+00 4.676714e+00 8.963779e-01
1.047129e-02 3.442733e+00 3.083799e+00 4.621929e+00 8.957415e-01
1.071519e-02 3.403682e+00 3.046245e+00 4.567785e+00 8.949851e-01
1.096478e-02 3.365285e+00 3.008927e+00 4.514287e+00 8.941076e-01
1.122018e-02 3.327541e+00 2.971854e+00 4.461440e+00 8.931081e-01
1.148154e-02 3.290448e+00 2.935033e+00 4.409248e+00 8.919858e-01
1.174898e-02 3.254004e+00 2.898472e+00 4.357715e+00 8.907403e-01
1.202264e-02 3.218205e+00 2.862180e+00 4.306845e+00 8.893714e-01
1.230269e-02 3.183049e+00 2.826163e+00 4.256642e+00 8.878794e-01
1.258925e-02 3.148532e+00 2.790432e+00 4.207109e+00 8.862644e-01
1.288250e-02 3.114650e+00 2.754994e+00 4.158249e+00 8.845274e-01
1.318257e-02 3.081400e+00 2.719857e+00 4.110067e+00 8.826693e-01
1.348963e-02 3.048776e+00 2.685031e+00 4.062564e+00 8.806916e-01
1.380384e-02 3.016772e+00 2.650524e+00 4.015743e+00 8.785959e-01
1.412538e-02 2.985384e+00 2.616344e+00 3.969606e+00 8.763843e-01
1.445440e-02 2.954605e+00 2.582500e+00 3.924155e+00 8.740591e-01
1.479108e-02 2.924428e+00 2.549000e+00 3.879392e+00 8.716231e-01
1.513561e-02 2.894847e+00 2.515852e+00 3.835316e+00 8.690795e-01
1.548817e-02 2.865853e+00 2.483065e+00 3.791929e+00 8.664314e-01
1.584893e-02 2.837439e+00 2.450647e+00 3.749230e+00 8.636827e-01
1.621810e-02 2.809595e+00 2.418605e+00 3.707219e+00 8.608374e-01
1.659587e-02 2.782314e+00 2.386947e+00 3.665895e+00 8.578999e-01
1.698244e-02 2.755585e+00 2.355680e+00 3.625255e+00 8.548746e-01
1.737801e-02 2.729399e+00 2.324811e+00 3.585298e+00 8.517666e-01
1.778279e-02 2.703745e+00 2.294346e+00 3.546021e+00 8.485810e-01
1.819701e-02 2.678613e+00 2.264293e+00 3.507419e+00 8.453231e-01
1.862087e-02 2.653992e+00 2.234657e+00 3.469491e+00 8.419985e-01
1.905461e-02 2.629870e+00 2.205444e+00 3.432229e+00 8.386131e-01
1.949845e-02 2.606237e+00 2.176658e+00 3.395631e+00 8.351727e-01
1.995262e-02 2.583079e+00 2.148304e+00 3.359689e+00 8.316836e-01
2.041738e-02 2.560385e+00 2.120388e+00 3.324397e+00 8.281519e-01
2.089296e-02 2.538143e+00 2.092912e+00 3.289749e+00 8.245840e-01
2.137962e-02 2.516339e+00 2.065880e+00 3.255737e+00 8.209863e-01
2.187762e-02 2.494961e+00 2.039295e+00 3.222352e+00 8.173653e-01
2.238721e-02 2.473997e+00 2.013159e+00 3.189587e+00 8.137275e-01
2.290868e-02 2.453432e+00 1.987475e+00 3.157433e+00 8.100794e-01
2.344229e-02 2.433254e+00 1.962243e+00 3.125880e+00 8.064275e-01
2.398833e-02 2.413450e+00 1.937465e+00 3.094917e+00 8.027783e-01
2.454709e-02 2.394006e+00 1.913141e+00 3.064535e+00 7.991380e-01
2.511886e-02 2.374910e+00 1.889272e+00 3.034723e+00 7.955131e-01
2.570396e-02 2.356147e+00 1.865856e+00 3.005470e+00 7.919096e-01
2.630268e-02 2.337706e+00 1.842892e+00 2.976763e+00 7.883338e-01
2.691535e-02 2.319572e+00 1.820380e+00 2.948592e+00 7.847914e-01
2.754229e-02 2.301733e+00 1.798317e+00 2.920945e+00 7.812883e-01
2.818383e-02 2.284176e+00 1.776701e+00 2.893808e+00 7.778301e-01
2.884032e-02 2.266888e+00 1.755528e+00 2.867170e+00 7.744221e-01
2.951209e-02 2.249857e+00 1.734796e+00 2.841017e+00 7.710695e-01
3.019952e-02 2.233071e+00 1.714502e+00 2.815337e+00 7.677775e-01
3.090295e-02 2.216518e+00 1.694640e+00 2.790117e+00 7.645506e-01
3.162278e-02 2.200185e+00 1.675206e+00 2.765344e+00 7.613935e-01
3.235937e-02 2.184061e+00 1.656196e+00 2.741005e+00 7.583105e-01
3.311311e-02 2.168135e+00 1.637605e+00 2.717087e+00 7.553056e-01
3.388442e-02 2.152397e+00 1.619426e+00 2.693576e+00 7.523828e-01
3.467369e-02 2.136834e+00 1.601654e+00 2.670460e+00 7.495454e-01
3.548134e-02 2.121438e+00 1.584283e+00 2.647726e+00 7.467970e-01
3.630781e-02 2.106197e+00 1.567307e+00 2.625361e+00 7.441405e-01
3.715352e-02 2.091104e+00 1.550718e+00 2.603352e+00 7.415789e-01
3.801894e-02 2.076147e+00 1.534511e+00 2.581687e+00 7.391148e-01
3.890451e-02 2.061318e+00 1.518677e+00 2.560354e+00 7.367505e-01
3.981072e-02 2.046609e+00 1.503210e+00 2.539341e+00 7.344882e-01
4.073803e-02 2.032012e+00 1.488103e+00 2.518635e+00 7.323298e-01
4.168694e-02 2.017518e+00 1.473347e+00 2.498226e+00 7.302771e-01
4.265795e-02 2.003120e+00 1.458936e+00 2.478101e+00 7.283316e-01
4.365158e-02 1.988812e+00 1.444861e+00 2.458251e+00 7.264945e-01
4.466836e-02 1.974586e+00 1.431115e+00 2.438663e+00 7.247671e-01
4.570882e-02 1.960436e+00 1.417690e+00 2.419329e+00 7.231502e-01
4.677351e-02 1.946356e+00 1.404577e+00 2.400237e+00 7.216446e-01
4.786301e-02 1.932341e+00 1.391771e+00 2.381379e+00 7.202510e-01
4.897788e-02 1.918385e+00 1.379261e+00 2.362744e+00 7.189699e-01
5.011872e-02 1.904483e+00 1.367041e+00 2.344325e+00 7.178016e-01
5.128614e-02 1.890631e+00 1.355103e+00 2.326111e+00 7.167464e-01
5.248075e-02 1.876825e+00 1.343439e+00 2.308094e+00 7.158043e-01
5.370318e-02 1.863060e+00 1.332042e+00 2.290268e+00 7.149755e-01
5.495409e-02 1.849332e+00 1.320904e+00 2.272623e+00 7.142597e-01
5.623413e-02 1.835640e+00 1.310017e+00 2.255154e+00 7.136570e-01
5.754399e-02 1.821978e+00 1.299375e+00 2.237851e+00 7.131671e-01
5.888437e-02 1.808345e+00 1.288970e+00 2.220710e+00 7.127899e-01
6.025596e-02 1.794737e+00 1.278795e+00 2.203723e+00 7.125249e-01
6.165950e-02 1.781152e+00 1.268843e+00 2.186885e+00 7.123718e-01
6.309573e-02 1.767589e+00 1.259108e+00 2.170190e+00 7.123305e-01
6.456542e-02 1.754045e+00 1.249582e+00 2.153631e+00 7.124005e-01
6.606934e-02 1.740517e+00 1.240260e+00 2.137205e+00 7.125814e-01
6.760830e-02 1.727005e+00 1.231135e+00 2.120906e+00 7.128729e-01
6.918310e-02 1.713507e+00 1.222201e+00 2.104728e+00 7.132748e-01
7.079458e-02 1.700021e+00 1.213452e+00 2.088669e+00 7.137867e-01
7.244360e-02 1.686546e+00 1.204883e+00 2.072723e+00 7.144082e-01
7.413102e-02 1.673081e+00 1.196486e+00 2.056886e+00 7.151392e-01
7.585776e-02 1.659625e+00 1.188258e+00 2.041155e+00 7.159795e-01
7.762471e-02 1.646177e+00 1.180192e+00 2.025525e+00 7.169288e-01
7.943282e-02 1.632735e+00 1.172283e+00 2.009993e+00 7.179871e-01
8.128305e-02 1.619299e+00 1.164526e+00 1.994555e+00 7.191541e-01
8.317638e-02 1.605869e+00 1.156916e+00 1.979209e+00 7.204299e-01
8.511380e-02 1.592442e+00 1.149448e+00 1.963951e+00 7.218144e-01
8.709636e-02 1.579019e+00 1.142117e+00 1.948777e+00 7.233077e-01
8.912509e-02 1.565599e+00 1.134918e+00 1.933686e+00 7.249098e-01
9.120108e-02 1.552181e+00 1.127847e+00 1.918673e+00 7.266208e-01
9.332543e-02 1.538765e+00 1.120899e+00 1.903737e+00 7.284409e-01
9.549926e-02 1.525350e+00 1.114070e+00 1.888874e+00 7.303702e-01
9.772372e-02 1.511935e+00 1.107354e+00 1.874081e+00 7.324090e-01
1.000000e-01 1.498520e+00 1.100749e+00 1.859357e+00 7.345574e-01
1.023293e-01 1.485104e+00 1.094248e+00 1.844698e+00 7.368157e-01
1.047129e-01 1.471687e+00 1.087848e+00 1.830103e+00 7.391841e-01
1.071519e-01 1.458269e+00 1.081544e+00 1.815568e+00 7.416630e-01
1.096478e-01 1.444850e+00 1.075333e+00 1.801092e+00 7.442525e-01
1.122018e-01 1.431428e+00 1.069209e+00 1.786671e+00 7.469531e-01
1.148154e-01 1.418004e+00 1.063169e+00 1.772305e+00 7.497648e-01
1.174898e-01 1.404578e+00 1.057209e+00 1.757990e+00 7.526881e-01
1.202264e-01 1.391149e+00 1.051323e+00 1.743725e+00 7.557231e-01
1.230269e-01 1.377718e+00 1.045509e+00 1.729507e+00 7.588700e-01
1.258925e-01 1.364284e+00 1.039761e+00 1.715335e+00 7.621292e-01
1.288250e-01 1.350848e+00 1.034075e+00 1.701206e+00 7.655006e-01
1.318257e-01 1.337410e+00 1.028448e+00 1.687119e+00 7.689845e-01
1.348963e-01 1.323971e+00 1.022875e+00 1.673073e+00 7.725809e-01
1.380384e-01 1.310530e+00 1.017352e+00 1.659064e+00 7.762899e-01
1.412538e-01 1.297089e+00 1.011874e+00 1.645093e+00 7.801115e-01
1.445440e-01 1.283649e+00 1.006439e+00 1.631157e+00 7.840457e-01
1.479108e-01 1.270209e+00 1.001042e+00 1.617255e+00 7.880923e-01
1.513561e-01 1.256770e+00 9.956780e-01 1.603386e+00 7.922513e-01
1.548817e-01 1.243335e+00 9.903444e-01 1.589549e+00 7.965224e-01
1.584893e-01 1.229904e+00 9.850369e-01 1.575742e+00 8.009054e-01
1.621810e-01 1.216478e+00 9.797517e-01 1.561964e+00 8.054000e-01
1.659587e-01 1.203059e+00 9.744851e-01 1.548216e+00 8.100058e-01
1.698244e-01 1.189649e+00 9.692335e-01 1.534496e+00 8.147224e-01
1.737801e-01 1.176248e+00 9.639933e-01 1.520803e+00 8.195493e-01
1.778279e-01 1.162859e+00 9.587612e-01 1.507138e+00 8.244861e-01
1.819701e-01 1.149484e+00 9.535336e-01 1.493499e+00 8.295321e-01
1.862087e-01 1.136124e+00 9.483075e-01 1.479887e+00 8.346867e-01
1.905461e-01 1.122782e+00 9.430797e-01 1.466301e+00 8.399492e-01
1.949845e-01 1.109460e+00 9.378471e-01 1.452741e+00 8.453189e-01
1.995262e-01 1.096160e+00 9.326070e-01 1.439209e+00 8.507950e-01
2.041738e-01 1.082884e+00 9.273566e-01 1.425703e+00 8.563766e-01
2.089296e-01 1.069636e+00 9.220931e-01 1.412224e+00 8.620629e-01
2.137962e-01 1.056417e+00 9.168143e-01 1.398773e+00 8.678530e-01
2.187762e-01 1.043230e+00 9.115177e-01 1.385350e+00 8.737458e-01
2.238721e-01 1.030078e+00 9.062013e-01 1.371955e+00 8.797403e-01
2.290868e-01 1.016964e+00 9.008628e-01 1.358591e+00 8.858355e-01
2.344229e-01 1.003890e+00 8.955005e-01 1.345257e+00 8.920302e-01
2.398833e-01 9.908599e-01 8.901127e-01 1.331955e+00 8.983234e-01
2.454709e-01 9.778757e-01 8.846977e-01 1.318685e+00 9.047139e-01
2.511886e-01 9.649406e-01 8.792542e-01 1.305450e+00 9.112003e-01
2.570396e-01 9.520577e-01 8.737809e-01 1.292249e+00 9.177815e-01
2.630268e-01 9.392298e-01 8.682768e-01 1.279085e+00 9.244562e-01
2.691535e-01 9.264599e-01 8.627409e-01 1.265958e+00 9.312231e-01
2.754229e-01 9.137512e-01 8.571725e-01 1.252871e+00 9.380808e-01
2.818383e-01 9.011064e-01 8.515709e-01 1.239825e+00 9.450281e-01
2.884032e-01 8.885287e-01 8.459358e-01 1.226821e+00 9.520635e-01
2.951209e-01 8.760210e-01 8.402668e-01 1.213862e+00 9.591857e-01
3.019952e-01 8.635863e-01 8.345640e-01 1.200949e+00 9.663933e-01
3.090295e-01 8.512274e-01 8.288273e-01 1.188084e+00 9.736850e-01
3.162278e-01 8.389472e-01 8.230570e-01 1.175268e+00 9.810594e-01
3.235937e-01 8.267486e-01 8.172535e-01 1.162504e+00 9.885152e-01
3.311311e-01 8.146342e-01 8.114173e-01 1.149794e+00 9.960511e-01
3.388442e-01 8.026069e-01 8.055491e-01 1.137140e+00 1.003666e+00
3.467369e-01 7.906692e-01 7.996498e-01 1.124543e+00 1.011358e+00
3.548134e-01 7.788237e-01 7.937203e-01 1.112006e+00 1.019127e+00
3.630781e-01 7.670728e-01 7.877619e-01 1.099531e+00 1.026972e+00
3.715352e-01 7.554188e-01 7.817758e-01 1.087120e+00 1.034891e+00
3.801894e-01 7.438640e-01 7.757634e-01 1.074776e+00 1.042883e+00
3.890451e-01 7.324106e-01 7.697263e-01 1.062499e+00 1.050949e+00
3.981072e-01 7.210604e-01 7.636661e-01 1.050292e+00 1.059088e+00
4.073803e-01 7.098155e-01 7.575847e-01 1.038158e+00 1.067298e+00
4.168694e-01 6.986774e-01 7.514839e-01 1.026099e+00 1.075581e+00
4.265795e-01 6.876479e-01 7.453656e-01 1.014115e+00 1.083935e+00
4.365158e-01 6.767283e-01 7.392321e-01 1.002210e+00 1.092362e+00
4.466836e-01 6.659199e-01 7.330853e-01 9.903855e-01 1.100861e+00
4.570882e-01 6.552239e-01 7.269276e-01 9.786430e-01 1.109434e+00
4.677351e-01 6.446411e-01 7.207612e-01 9.669844e-01 1.118081e+00
4.786301e-01 6.341724e-01 7.145884e-01 9.554115e-01 1.126805e+00
4.897788e-01 6.238184e-01 7.084115e-01 9.439260e-01 1.135605e+00
5.011872e-01 6.135795e-01 7.022330e-01 9.325293e-01 1.144486e+00
5.128614e-01 6.034560e-01 6.960551e-01 9.212230e-01 1.153448e+00
5.248075e-01 5.934480e-01 6.898803e-01 9.100085e-01 1.162495e+00
5.370318e-01 5.835554e-01 6.837110e-01 8.988869e-01 1.171630e+00
5.495409e-01 5.737780e-01 6.775493e-01 8.878594e-01 1.180856e+00
5.623413e-01 5.641153e-01 6.713978e-01 8.769271e-01 1.190178e+00
5.754399e-01 5.545669e-01 6.652584e-01 8.660908e-01 1.199600e+00
5.888437e-01 5.451319e-01 6.591336e-01 8.553513e-01 1.209127e+00
6.025596e-01 5.358095e-01 6.530252e-01 8.447093e-01 1.218764e+00
6.165950e-01 5.265987e-01 6.469354e-01 8.341652e-01 1.228517e+00
6.309573e-01 5.174983e-01 6.408661e-01 8.237195e-01 1.238393e+00
6.456542e-01 5.085069e-01 6.348190e-01 8.133723e-01 1.248398e+00
6.606934e-01 4.996233e-01 6.287959e-01 8.031238e-01 1.258540e+00
6.760830e-01 4.908459e-01 6.227984e-01 7.929739e-01 1.268827e+00
6.918310e-01 4.821731e-01 6.168278e-01 7.829224e-01 1.279266e+00
7.079458e-01 4.736031e-01 6.108855e-01 7.729690e-01 1.289868e+00
7.244360e-01 4.651343e-01 6.049727e-01 7.631133e-01 1.300641e+00
7.413102e-01 4.567646e-01 5.990903e-01 7.533546e-01 1.311595e+00
7.585776e-01 4.484923e-01 5.932393e-01 7.436923e-01 1.322741e+00
7.762471e-01 4.403155e-01 5.874203e-01 7.341255e-01 1.334090e+00
7.943282e-01 4.322320e-01 5.816339e-01 7.246534e-01 1.345652e+00
8.128305e-01 4.242401e-01 5.758805e-01 7.152747e-01 1.357440e+00
8.317638e-01 4.163376e-01 5.701603e-01 7.059885e-01 1.369466e+00
8.511380e-01 4.085227e-01 5.644734e-01 6.967934e-01 1.381743e+00
8.709636e-01 4.007934e-01 5.588197e-01 6.876880e-01 1.394284e+00
8.912509e-01 3.931477e-01 5.531991e-01 6.786710e-01 1.407102e+00
9.120108e-01 3.855840e-01 5.476111e-01 6.697409e-01 1.420212e+00
9.332543e-01 3.781002e-01 5.420553e-01 6.608961e-01 1.433628e+00
9.549926e-01 3.706949e-01 5.365309e-01 6.521351e-01 1.447365e+00
9.772372e-01 3.633662e-01 5.310374e-01 6.434561e-01 1.461438e+00
1.000000e+00 3.561128e-01 5.255736e-01 6.348575e-01 1.475863e+00
1.023293e+00 3.489332e-01 5.201388e-01 6.263375e-01 1.490654e+00
1.047129e+00 3.418260e-01 5.147317e-01 6.178946e-01 1.505830e+00
1.071519e+00 3.347901e-01 5.093513e-01 6.095270e-01 1.521405e+00
1.096478e+00 3.278244e-01 5.039962e-01 6.012329e-01 1.537397e+00
1.122018e+00 3.209281e-01 4.986651e-01 5.930107e-01 1.553822e+00
1.148154e+00 3.141002e-01 4.933568e-01 5.848588e-01 1.570698e+00
1.174898e+00 3.073403e-01 4.880697e-01 5.767756e-01 1.588043e+00
1.202264e+00 3.006477e-01 4.828025e-01 5.687594e-01 1.605874e+00
1.230269e+00 2.940222e-01 4.775536e-01 5.608088e-01 1.624209e+00
1.258925e+00 2.874636e-01 4.723218e-01 5.529224e-01 1.643067e+00
1.288250e+00 2.809717e-01 4.671055e-01 5.450988e-01 1.662464e+00
1.318257e+00 2.745468e-01 4.619034e-01 5.373366e-01 1.682422e+00
1.348963e+00 2.681889e-01 4.567141e-01 5.296348e-01 1.702957e+00
1.380384e+00 2.618985e-01 4.515363e-01 5.219922e-01 1.724088e+00
1.412538e+00 2.556762e-01 4.463688e-01 5.144078e-01 1.745836e+00
1.445440e+00 2.495224e-01 4.412104e-01 5.068807e-01 1.768220e+00
1.479108e+00 2.434380e-01 4.360601e-01 4.994101e-01 1.791257e+00
1.513561e+00 2.374237e-01 4.309169e-01 4.919953e-01 1.814970e+00
1.548817e+00 2.314806e-01 4.257799e-01 4.846357e-01 1.839376e+00
1.584893e+00 2.256096e-01 4.206484e-01 4.773309e-01 1.864497e+00
1.621810e+00 2.198118e-01 4.155218e-01 4.700805e-01 1.890352e+00
1.659587e+00 2.140885e-01 4.103996e-01 4.628841e-01 1.916963e+00
1.698244e+00 2.084407e-01 4.052814e-01 4.557418e-01 1.944348e+00
1.737801e+00 2.028699e-01 4.001670e-01 4.486533e-01 1.972531e+00
1.778279e+00 1.973771e-01 3.950563e-01 4.416188e-01 2.001530e+00
1.819701e+00 1.919638e-01 3.899493e-01 4.346385e-01 2.031369e+00
1.862087e+00 1.866313e-01 3.848463e-01 4.277124e-01 2.062067e+00
1.905461e+00 1.813808e-01 3.797476e-01 4.208410e-01 2.093648e+00
1.949845e+00 1.762135e-01 3.746535e-01 4.140247e-01 2.126134e+00
1.995262e+00 1.711308e-01 3.695648e-01 4.072640e-01 2.159546e+00
2.041738e+00 1.661338e-01 3.644822e-01 4.005593e-01 2.193907e+00
2.089296e+00 1.612236e-01 3.594065e-01 3.939112e-01 2.229242e+00
2.137962e+00 1.564014e-01 3.543386e-01 3.873206e-01 2.265572e+00
2.187762e+00 1.516681e-01 3.492797e-01 3.807880e-01 2.302922e+00
2.238721e+00 1.470245e-01 3.442309e-01 3.743142e-01 2.341316e+00
2.290868e+00 1.424717e-01 3.391934e-01 3.678999e-01 2.380778e+00
2.344229e+00 1.380102e-01 3.341688e-01 3.615461e-01 2.421335e+00
2.398833e+00 1.336407e-01 3.291583e-01 3.552534e-01 2.463010e+00
2.454709e+00 1.293637e-01 3.241635e-01 3.490228e-01 2.505830e+00
2.511886e+00 1.251797e-01 3.191860e-01 3.428551e-01 2.549823e+00
2.570396e+00 1.210889e-01 3.142273e-01 3.367511e-01 2.595013e+00
2.630268e+00 1.170916e-01 3.092892e-01 3.307117e-01 2.641430e+00
2.691535e+00 1.131877e-01 3.043733e-01 3.247377e-01 2.689101e+00
2.754229e+00 1.093774e-01 2.994812e-01 3.188298e-01 2.738055e+00
2.818383e+00 1.056603e-01 2.946149e-01 3.129888e-01 2.788321e+00
2.884032e+00 1.020363e-01 2.897758e-01 3.072156e-01 2.839928e+00
2.951209e+00 9.850494e-02 2.849658e-01 3.015108e-01 2.892909e+00
3.019952e+00 9.506574e-02 2.801866e-01 2.958750e-01 2.947293e+00
3.090295e+00 9.171809e-02 2.754398e-01 2.903090e-01 3.003114e+00
3.162278e+00 8.846131e-02 2.707272e-01 2.848133e-01 3.060402e+00
3.235937e+00 8.529458e-02 2.660502e-01 2.793884e-01 3.119193e+00
3.311311e+00 8.221702e-02 2.614106e-01 2.740349e-01 3.179519e+00
3.388442e+00 7.922764e-02 2.568098e-01 2.687532e-01 3.241416e+00
3.467369e+00 7.632537e-02 2.522493e-01 2.635436e-01 3.304920e+00
3.548134e+00 7.350907e-02 2.477305e-01 2.584066e-01 3.370067e+00
3.630781e+00 7.077751e-02 2.432548e-01 2.533424e-01 3.436895e+00
3.715352e+00 6.812940e-02 2.388236e-01 2.483512e-01 3.505441e+00
3.801894e+00 6.556339e-02 2.344380e-01 2.434332e-01 3.575746e+00
3.890451e+00 6.307807e-02 2.300992e-01 2.385886e-01 3.647849e+00
3.981072e+00 6.067199e-02 2.258084e-01 2.338173e-01 3.721790e+00
4.073803e+00 5.834362e-02 2.215665e-01 2.291194e-01 3.797613e+00
4.168694e+00 5.609144e-02 2.173745e-01 2.244949e-01 3.875360e+00
4.265795e+00 5.391386e-02 2.132334e-01 2.199436e-01 3.955075e+00
4.365158e+00 5.180926e-02 2.091438e-01 2.154654e-01 4.036803e+00
4.466836e+00 4.977601e-02 2.051065e-01 2.110600e-01 4.120590e+00
4.570882e+00 4.781246e-02 2.011223e-01 2.067274e-01 4.206483e+00
4.677351e+00 4.591694e-02 1.971916e-01 2.024671e-01 4.294529e+00
4.786301e+00 4.408776e-02 1.933151e-01 1.982788e-01 4.384780e+00
4.897788e+00 4.232324e-02 1.894932e-01 1.941621e-01 4.477284e+00
5.011872e+00 4.062168e-02 1.857261e-01 1.901166e-01 4.572093e+00
5.128614e+00 3.898141e-02 1.820144e-01 1.861418e-01 4.669261e+00
5.248075e+00 3.740073e-02 1.783581e-01 1.822373e-01 4.768841e+00
5.370318e+00 3.587797e-02 1.747576e-01 1.784024e-01 4.870888e+00
5.495409e+00 3.441147e-02 1.712128e-01 1.746367e-01 4.975458e+00
5.623413e+00 3.299958e-02 1.677240e-01 1.709395e-01 5.082610e+00
5.754399e+00 3.164066e-02 1.642910e-01 1.673101e-01 5.192403e+00
5.888437e+00 3.033310e-02 1.609140e-01 1.637480e-01 5.304897e+00
6.025596e+00 2.907531e-02 1.575926e-01 1.602523e-01 5.420153e+00
6.165950e+00 2.786572e-02 1.543269e-01 1.568225e-01 5.538235e+00
6.309573e+00 2.670278e-02 1.511166e-01 1.534577e-01 5.659208e+00
6.456542e+00 2.558499e-02 1.479615e-01 1.501573e-01 5.783138e+00
6.606934e+00 2.451084e-02 1.448613e-01 1.469203e-01 5.910092e+00
6.760830e+00 2.347888e-02 1.418157e-01 1.437461e-01 6.040140e+00
6.918310e+00 2.248767e-02 1.388243e-01 1.406339e-01 6.173352e+00
7.079458e+00 2.153583e-02 1.358868e-01 1.375828e-01 6.309801e+00
7.244360e+00 2.062198e-02 1.330027e-01 1.345919e-01 6.449561e+00
7.413102e+00 1.974478e-02 1.301715e-01 1.316605e-01 6.592707e+00
7.585776e+00 1.890293e-02 1.273929e-01 1.287877e-01 6.739318e+00
7.762471e+00 1.809518e-02 1.246662e-01 1.259726e-01 6.889472e+00
7.943282e+00 1.732027e-02 1.219910e-01 1.232144e-01 7.043250e+00
8.128305e+00 1.657700e-02 1.193666e-01 1.205122e-01 7.200736e+00
8.317638e+00 1.586422e-02 1.167926e-01 1.178651e-01 7.362014e+00
8.511380e+00 1.518078e-02 1.142683e-01 1.152723e-01 7.527171e+00
8.709636e+00 1.452557e-02 1.117931e-01 1.127329e-01 7.696297e+00
8.912509e+00 1.389754e-02 1.093664e-01 1.102459e-01 7.869481e+00
9.120108e+00 1.329565e-02 1.069876e-01 1.078106e-01 8.046816e+00
9.332543e+00 1.271888e-02 1.046560e-01 1.054261e-01 8.228399e+00
9.549926e+00 1.216627e-02 1.023710e-01 1.030914e-01 8.414326e+00
9.772372e+00 1.163688e-02 1.001318e-01 1.008057e-01 8.604697e+00
1.000000e+01 1.112979e-02 9.793787e-02 9.856824e-02 8.799614e+00
