1.000000e-06 8.922229e+01 1.326265e+00 8.923215e+01 1.486473e-02
1.023293e-06 8.922120e+01 1.357138e+00 8.923152e+01 1.521094e-02
1.047129e-06 8.922005e+01 1.388729e+00 8.923086e+01 1.556521e-02
1.071519e-06 8.921885e+01 1.421054e+00 8.923017e+01 1.592773e-02
1.096478e-06 8.921760e+01 1.454130e+00 8.922945e+01 1.629869e-02
1.122018e-06 8.921629e+01 1.487975e+00 8.922869e+01 1.667829e-02
1.148154e-06 8.921491e+01 1.522607e+00 8.922790e+01 1.706673e-02
1.174898e-06 8.921347e+01 1.558043e+00 8.922707e+01 1.746422e-02
1.202264e-06 8.921196e+01 1.594303e+00 8.922620e+01 1.787096e-02
1.230269e-06 8.921038e+01 1.631405e+00 8.922529e+01 1.828717e-02
1.258925e-06 8.920872e+01 1.669369e+00 8.922434e+01 1.871307e-02
1.288250e-06 8.920699e+01 1.708214e+00 8.922335e+01 1.914888e-02
1.318257e-06 8.920518e+01 1.747962e+00 8.922230e+01 1.959484e-02
1.348963e-06 8.920328e+01 1.788632e+00 8.922121e+01 2.005119e-02
1.380384e-06 8.920129e+01 1.830246e+00 8.922007e+01 2.051816e-02
1.412538e-06 8.919921e+01 1.872826e+00 8.921887e+01 2.099600e-02
1.445440e-06 8.919703e+01 1.916395e+00 8.921761e+01 2.148496e-02
1.479108e-06 8.919475e+01 1.960974e+00 8.921630e+01 2.198531e-02
1.513561e-06 8.919236e+01 2.006588e+00 8.921492e+01 2.249730e-02
1.548817e-06 8.918985e+01 2.053259e+00 8.921348e+01 2.302122e-02
1.584893e-06 8.918723e+01 2.101013e+00 8.921198e+01 2.355732e-02
1.621810e-06 8.918449e+01 2.149873e+00 8.921040e+01 2.410591e-02
1.659587e-06 8.918161e+01 2.199867e+00 8.920874e+01 2.466727e-02
1.698244e-06 8.917861e+01 2.251018e+00 8.920701e+01 2.524169e-02
1.737801e-06 8.917546e+01 2.303355e+00 8.920520e+01 2.582947e-02
1.778279e-06 8.917216e+01 2.356904e+00 8.920330e+01 2.643094e-02
1.819701e-06 8.916871e+01 2.411693e+00 8.920131e+01 2.704641e-02
1.862087e-06 8.916509e+01 2.467751e+00 8.919923e+01 2.767620e-02
1.905461e-06 8.916131e+01 2.525105e+00 8.919706e+01 2.832064e-02
1.949845e-06 8.915734e+01 2.583787e+00 8.919477e+01 2.898008e-02
1.995262e-06 8.915319e+01 2.643826e+00 8.919239e+01 2.965486e-02
2.041738e-06 8.914885e+01 2.705252e+00 8.918988e+01 3.034534e-02
2.089296e-06 8.914430e+01 2.768099e+00 8.918727e+01 3.105189e-02
2.137962e-06 8.913954e+01 2.832397e+00 8.918453e+01 3.177487e-02
2.187762e-06 8.913455e+01 2.898181e+00 8.918165e+01 3.251467e-02
2.238721e-06 8.912933e+01 2.965483e+00 8.917865e+01 3.327169e-02
2.290868e-06 8.912386e+01 3.034338e+00 8.917550e+01 3.404630e-02
2.344229e-06 8.911814e+01 3.104781e+00 8.917221e+01 3.483894e-02
2.398833e-06 8.911215e+01 3.176849e+00 8.916876e+01 3.565001e-02
2.454709e-06 8.910588e+01 3.250577e+00 8.916515e+01 3.647993e-02
2.511886e-06 8.909931e+01 3.326003e+00 8.916137e+01 3.732916e-02
2.570396e-06 8.909243e+01 3.403165e+00 8.915741e+01 3.819813e-02
2.630268e-06 8.908523e+01 3.482102e+00 8.915326e+01 3.908731e-02
2.691535e-06 8.907770e+01 3.562855e+00 8.914892e+01 3.999716e-02
2.754229e-06 8.906981e+01 3.645463e+00 8.914438e+01 4.092815e-02
2.818383e-06 8.906155e+01 3.729968e+00 8.913962e+01 4.188078e-02
2.884032e-06 8.905290e+01 3.816412e+00 8.913464e+01 4.285556e-02
2.951209e-06 8.904385e+01 3.904838e+00 8.912943e+01 4.385298e-02
3.019952e-06 8.903437e+01 3.995291e+00 8.912397e+01 4.487358e-02
3.090295e-06 8.902445e+01 4.087815e+00 8.911825e+01 4.591789e-02
3.162278e-06 8.901407e+01 4.182456e+00 8.911227e+01 4.698646e-02
3.235937e-06 8.900319e+01 4.279260e+00 8.910601e+01 4.807985e-02
3.311311e-06 8.899181e+01 4.378275e+00 8.909945e+01 4.919863e-02
3.388442e-06 8.897990e+01 4.479549e+00 8.909259e+01 5.034338e-02
3.467369e-06 8.896743e+01 4.583132e+00 8.908540e+01 5.151472e-02
3.548134e-06 8.895437e+01 4.689074e+00 8.907788e+01 5.271324e-02
3.630781e-06 8.894071e+01 4.797425e+00 8.907000e+01 5.393959e-02
3.715352e-06 8.892641e+01 4.908238e+00 8.906176e+01 5.519438e-02
3.801894e-06 8.891143e+01 5.021566e+00 8.905313e+01 5.647830e-02
3.890451e-06 8.889576e+01 5.137463e+00 8.904409e+01 5.779199e-02
3.981072e-06 8.887936e+01 5.255983e+00 8.903463e+01 5.913615e-02
4.073803e-06 8.886219e+01 5.377183e+00 8.902473e+01 6.051148e-02
4.168694e-06 8.884422e+01 5.501118e+00 8.901437e+01 6.191869e-02
4.265795e-06 8.882542e+01 5.627847e+00 8.900353e+01 6.335852e-02
4.365158e-06 8.880574e+01 5.757428e+00 8.899217e+01 6.483171e-02
4.466836e-06 8.878514e+01 5.889920e+00 8.898029e+01 6.633903e-02
4.570882e-06 8.876358e+01 6.025384e+00 8.896785e+01 6.788126e-02
4.677351e-06 8.874102e+01 6.163880e+00 8.895483e+01 6.945920e-02
4.786301e-06 8.871741e+01 6.305471e+00 8.894121e+01 7.107366e-02
4.897788e-06 8.869271e+01 6.450220e+00 8.892694e+01 7.272548e-02
5.011872e-06 8.866685e+01 6.598190e+00 8.891202e+01 7.441551e-02
5.128614e-06 8.863980e+01 6.749445e+00 8.889640e+01 7.614463e-02
5.248075e-06 8.861150e+01 6.904051e+00 8.888005e+01 7.791372e-02
5.370318e-06 8.858188e+01 7.062075e+00 8.886294e+01 7.972369e-02
5.495409e-06 8.855089e+01 7.223581e+00 8.884504e+01 8.157548e-02
5.623413e-06 8.851847e+01 7.388639e+00 8.882630e+01 8.347002e-02
5.754399e-06 8.848456e+01 7.557316e+00 8.880670e+01 8.540830e-02
5.888437e-06 8.844908e+01 7.729679e+00 8.878619e+01 8.739130e-02
6.025596e-06 8.841196e+01 7.905799e+00 8.876472e+01 8.942002e-02
6.165950e-06 8.837313e+01 8.085745e+00 8.874226e+01 9.149552e-02
6.309573e-06 8.833251e+01 8.269587e+00 8.871876e+01 9.361883e-02
6.456542e-06 8.829003e+01 8.457394e+00 8.869418e+01 9.579104e-02
6.606934e-06 8.824560e+01 8.649237e+00 8.866846e+01 9.801324e-02
6.760830e-06 8.819913e+01 8.845187e+00 8.864155e+01 1.002866e-01
6.918310e-06 8.815053e+01 9.045315e+00 8.861340e+01 1.026121e-01
7.079458e-06 8.809972e+01 9.249690e+00 8.858395e+01 1.049911e-01
7.244360e-06 8.804658e+01 9.458383e+00 8.855315e+01 1.074248e-01
7.413102e-06 8.799102e+01 9.671465e+00 8.852094e+01 1.099142e-01
7.585776e-06 8.793292e+01 9.889005e+00 8.848724e+01 1.124608e-01
7.762471e-06 8.787219e+01 1.011107e+01 8.845200e+01 1.150657e-01
7.943282e-06 8.780871e+01 1.033773e+01 8.841514e+01 1.177302e-01
8.128305e-06 8.774234e+01 1.056906e+01 8.837660e+01 1.204556e-01
8.317638e-06 8.767298e+01 1.080511e+01 8.833630e+01 1.232434e-01
8.511380e-06 8.760049e+01 1.104596e+01 8.829416e+01 1.260948e-01
8.709636e-06 8.752474e+01 1.129167e+01 8.825011e+01 1.290112e-01
8.912509e-06 8.744558e+01 1.154230e+01 8.820405e+01 1.319941e-01
9.120108e-06 8.736287e+01 1.179791e+01 8.815590e+01 1.350449e-01
9.332543e-06 8.727647e+01 1.205856e+01 8.810557e+01 1.381651e-01
9.549926e-06 8.718621e+01 1.232431e+01 8.805296e+01 1.413561e-01
9.772372e-06 8.709194e+01 1.259520e+01 8.799798e+01 1.446196e-01
1.000000e-05 8.699348e+01 1.287129e+01 8.794052e+01 1.479570e-01
1.023293e-05 8.689066e+01 1.315263e+01 8.788048e+01 1.513699e-01
1.047129e-05 8.678331e+01 1.343925e+01 8.781775e+01 1.548599e-01
1.071519e-05 8.667124e+01 1.373121e+01 8.775221e+01 1.584287e-01
1.096478e-05 8.655426e+01 1.402853e+01 8.768375e+01 1.620778e-01
1.122018e-05 8.643216e+01 1.433124e+01 8.761223e+01 1.658091e-01
1.148154e-05 8.630476e+01 1.463937e+01 8.753755e+01 1.696241e-01
1.174898e-05 8.617182e+01 1.495294e+01 8.745955e+01 1.735247e-01
1.202264e-05 8.603315e+01 1.527196e+01 8.737812e+01 1.775126e-01
1.230269e-05 8.588850e+01 1.559645e+01 8.729309e+01 1.815895e-01
1.258925e-05 8.573767e+01 1.592639e+01 8.720434e+01 1.857573e-01
1.288250e-05 8.558040e+01 1.626179e+01 8.711171e+01 1.900177e-01
1.318257e-05 8.541645e+01 1.660263e+01 8.701504e+01 1.943727e-01
1.348963e-05 8.524558e+01 1.694888e+01 8.691418e+01 1.988242e-01
1.380384e-05 8.506754e+01 1.730052e+01 8.680895e+01 2.033739e-01
1.412538e-05 8.488205e+01 1.765749e+01 8.669919e+01 2.080239e-01
1.445440e-05 8.468885e+01 1.801976e+01 8.658472e+01 2.127760e-01
1.479108e-05 8.448768e+01 1.838724e+01 8.646536e+01 2.176323e-01
1.513561e-05 8.427824e+01 1.875988e+01 8.634093e+01 2.225946e-01
1.548817e-05 8.406027e+01 1.913758e+01 8.621123e+01 2.276649e-01
1.584893e-05 8.383347e+01 1.952023e+01 8.607607e+01 2.328453e-01
1.621810e-05 8.359754e+01 1.990773e+01 8.593525e+01 2.381378e-01
1.659587e-05 8.335220e+01 2.029995e+01 8.578856e+01 2.435443e-01
1.698244e-05 8.309714e+01 2.069675e+01 8.563580e+01 2.490669e-01
1.737801e-05 8.283207e+01 2.109795e+01 8.547675e+01 2.547075e-01
1.778279e-05 8.255667e+01 2.150340e+01 8.531119e+01 2.604683e-01
1.819701e-05 8.227064e+01 2.191289e+01 8.513890e+01 2.663513e-01
1.862087e-05 8.197368e+01 2.232621e+01 8.495966e+01 2.723583e-01
1.905461e-05 8.166548e+01 2.274315e+01 8.477323e+01 2.784916e-01
1.949845e-05 8.134573e+01 2.316343e+01 8.457938e+01 2.847529e-01
1.995262e-05 8.101413e+01 2.358681e+01 8.437789e+01 2.911444e-01
2.041738e-05 8.067039e+01 2.401299e+01 8.416850e+01 2.976680e-01
2.089296e-05 8.031420e+01 2.444167e+01 8.395098e+01 3.043256e-01
2.137962e-05 7.994529e+01 2.487250e+01 8.372509e+01 3.111191e-01
2.187762e-05 7.956335e+01 2.530515e+01 8.349058e+01 3.180503e-01
2.238721e-05 7.916813e+01 2.573923e+01 8.324723e+01 3.251211e-01
2.290868e-05 7.875935e+01 2.617436e+01 8.299478e+01 3.323333e-01
2.344229e-05 7.833677e+01 2.661011e+01 8.273299e+01 3.396886e-01
2.398833e-05 7.790013e+01 2.704604e+01 8.246162e+01 3.471886e-01
2.454709e-05 7.744923e+01 2.748169e+01 8.218045e+01 3.548349e-01
2.511886e-05 7.698383e+01 2.791658e+01 8.188923e+01 3.626291e-01
2.570396e-05 7.650376e+01 2.835019e+01 8.158774e+01 3.705725e-01
2.630268e-05 7.600885e+01 2.878200e+01 8.127575e+01 3.786664e-01
2.691535e-05 7.549893e+01 2.921146e+01 8.095306e+01 3.869122e-01
2.754229e-05 7.497389e+01 2.963799e+01 8.061944e+01 3.953109e-01
2.818383e-05 7.443361e+01 3.006102e+01 8.027470e+01 4.038635e-01
2.884032e-05 7.387804e+01 3.047993e+01 7.991865e+01 4.125709e-01
2.951209e-05 7.330712e+01 3.089409e+01 7.955111e+01 4.214337e-01
3.019952e-05 7.272084e+01 3.130287e+01 7.917190e+01 4.304525e-01
3.090295e-05 7.211921e+01 3.170560e+01 7.878087e+01 4.396277e-01
3.162278e-05 7.150229e+01 3.210163e+01 7.837788e+01 4.489595e-01
3.235937e-05 7.087017e+01 3.249027e+01 7.796280e+01 4.584478e-01
3.311311e-05 7.022296e+01 3.287084e+01 7.753552e+01 4.680925e-01
3.388442e-05 6.956085e+01 3.324264e+01 7.709595e+01 4.778930e-01
3.467369e-05 6.888403e+01 3.360499e+01 7.664401e+01 4.878487e-01
3.548134e-05 6.819274e+01 3.395717e+01 7.617965e+01 4.979587e-01
3.630781e-05 6.748727e+01 3.429849e+01 7.570283e+01 5.082216e-01
3.715352e-05 6.676796e+01 3.462827e+01 7.521355e+01 5.186360e-01
3.801894e-05 6.603518e+01 3.494582e+01 7.471181e+01 5.292001e-01
3.890451e-05 6.528933e+01 3.525046e+01 7.419766e+01 5.399115e-01
3.981072e-05 6.453089e+01 3.554154e+01 7.367114e+01 5.507679e-01
4.073803e-05 6.376035e+01 3.581842e+01 7.313235e+01 5.617663e-01
4.168694e-05 6.297825e+01 3.608046e+01 7.258140e+01 5.729035e-01
4.265795e-05 6.218518e+01 3.632708e+01 7.201842e+01 5.841758e-01
4.365158e-05 6.138177e+01 3.655770e+01 7.144359e+01 5.955790e-01
4.466836e-05 6.056867e+01 3.677177e+01 7.085709e+01 6.071087e-01
4.570882e-05 5.974660e+01 3.696879e+01 7.025915e+01 6.187598e-01
4.677351e-05 5.891627e+01 3.714829e+01 6.965000e+01 6.305269e-01
4.786301e-05 5.807847e+01 3.730983e+01 6.902993e+01 6.424039e-01
4.897788e-05 5.723397e+01 3.745302e+01 6.839924e+01 6.543843e-01
5.011872e-05 5.638362e+01 3.757750e+01 6.775826e+01 6.664612e-01
5.128614e-05 5.552826e+01 3.768297e+01 6.710733e+01 6.786269e-01
5.248075e-05 5.466875e+01 3.776918e+01 6.644684e+01 6.908734e-01
5.370318e-05 5.380597e+01 3.783592e+01 6.577719e+01 7.031918e-01
5.495409e-05 5.294083e+01 3.788303e+01 6.509882e+01 7.155730e-01
5.623413e-05 5.207424e+01 3.791041e+01 6.441216e+01 7.280070e-01
5.754399e-05 5.120711e+01 3.791801e+01 6.371768e+01 7.404833e-01
5.888437e-05 5.034035e+01 3.790582e+01 6.301588e+01 7.529908e-01
6.025596e-05 4.947487e+01 3.787390e+01 6.230727e+01 7.655179e-01
6.165950e-05 4.861160e+01 3.782236e+01 6.159236e+01 7.780522e-01
6.309573e-05 4.775142e+01 3.775135e+01 6.087169e+01 7.905809e-01
6.456542e-05 4.689521e+01 3.766109e+01 6.014581e+01 8.030903e-01
6.606934e-05 4.604386e+01 3.755183e+01 5.941529e+01 8.155664e-01
6.760830e-05 4.519820e+01 3.742387e+01 5.868069e+01 8.279946e-01
6.918310e-05 4.435906e+01 3.727757e+01 5.794259e+01 8.403597e-01
7.079458e-05 4.352724e+01 3.711332e+01 5.720157e+01 8.526458e-01
7.244360e-05 4.270351e+01 3.693156e+01 5.645821e+01 8.648368e-01
7.413102e-05 4.188859e+01 3.673277e+01 5.571311e+01 8.769159e-01
7.585776e-05 4.108320e+01 3.651746e+01 5.496685e+01 8.888661e-01
7.762471e-05 4.028799e+01 3.628617e+01 5.422000e+01 9.006697e-01
7.943282e-05 3.950360e+01 3.603948e+01 5.347316e+01 9.123088e-01
8.128305e-05 3.873060e+01 3.577799e+01 5.272688e+01 9.237654e-01
8.317638e-05 3.796954e+01 3.550232e+01 5.198174e+01 9.350210e-01
8.511380e-05 3.722093e+01 3.521312e+01 5.123829e+01 9.460570e-01
8.709636e-05 3.648523e+01 3.491106e+01 5.049707e+01 9.568547e-01
8.912509e-05 3.576284e+01 3.459681e+01 4.975861e+01 9.673955e-01
9.120108e-05 3.505414e+01 3.427105e+01 4.902344e+01 9.776606e-01
9.332543e-05 3.435947e+01 3.393449e+01 4.829206e+01 9.876314e-01
9.549926e-05 3.367911e+01 3.358782e+01 4.756495e+01 9.972895e-01
9.772372e-05 3.301331e+01 3.323175e+01 4.684259e+01 1.006617e+00
1.000000e-04 3.236226e+01 3.286698e+01 4.612542e+01 1.015596e+00
1.023293e-04 3.172615e+01 3.249419e+01 4.541388e+01 1.024209e+00
1.047129e-04 3.110508e+01 3.211409e+01 4.470840e+01 1.032439e+00
1.071519e-04 3.049915e+01 3.172735e+01 4.400935e+01 1.040270e+00
1.096478e-04 2.990841e+01 3.133466e+01 4.331713e+01 1.047687e+00
1.122018e-04 2.933287e+01 3.093666e+01 4.263208e+01 1.054675e+00
1.148154e-04 2.877253e+01 3.053400e+01 4.195454e+01 1.061221e+00
1.174898e-04 2.822733e+01 3.012732e+01 4.128483e+01 1.067310e+00
1.202264e-04 2.769719e+01 2.971722e+01 4.062324e+01 1.072932e+00
1.230269e-04 2.718203e+01 2.930429e+01 3.997004e+01 1.078076e+00
1.258925e-04 2.668169e+01 2.888913e+01 3.932549e+01 1.082732e+00
1.288250e-04 2.619605e+01 2.847226e+01 3.868983e+01 1.086892e+00
1.318257e-04 2.572491e+01 2.805424e+01 3.806325e+01 1.090548e+00
1.348963e-04 2.526808e+01 2.763557e+01 3.744597e+01 1.093695e+00
1.380384e-04 2.482536e+01 2.721673e+01 3.683815e+01 1.096328e+00
1.412538e-04 2.439652e+01 2.679821e+01 3.623995e+01 1.098444e+00
1.445440e-04 2.398130e+01 2.638043e+01 3.565151e+01 1.100042e+00
1.479108e-04 2.357946e+01 2.596383e+01 3.507295e+01 1.101121e+00
1.513561e-04 2.319073e+01 2.554880e+01 3.450436e+01 1.101682e+00
1.548817e-04 2.281482e+01 2.513572e+01 3.394585e+01 1.101728e+00
1.584893e-04 2.245147e+01 2.472495e+01 3.339748e+01 1.101262e+00
1.621810e-04 2.210036e+01 2.431681e+01 3.285930e+01 1.100290e+00
1.659587e-04 2.176121e+01 2.391162e+01 3.233135e+01 1.098818e+00
1.698244e-04 2.143372e+01 2.350967e+01 3.181366e+01 1.096855e+00
1.737801e-04 2.111757e+01 2.311124e+01 3.130625e+01 1.094408e+00
1.778279e-04 2.081246e+01 2.271657e+01 3.080911e+01 1.091489e+00
1.819701e-04 2.051809e+01 2.232589e+01 3.032222e+01 1.088108e+00
1.862087e-04 2.023414e+01 2.193942e+01 2.984557e+01 1.084277e+00
1.905461e-04 1.996030e+01 2.155735e+01 2.937913e+01 1.080012e+00
1.949845e-04 1.969627e+01 2.117987e+01 2.892283e+01 1.075324e+00
1.995262e-04 1.944175e+01 2.080713e+01 2.847663e+01 1.070230e+00
2.041738e-04 1.919643e+01 2.043929e+01 2.804046e+01 1.064744e+00
2.089296e-04 1.896001e+01 2.007647e+01 2.761425e+01 1.058885e+00
2.137962e-04 1.873221e+01 1.971879e+01 2.719791e+01 1.052668e+00
2.187762e-04 1.851273e+01 1.936636e+01 2.679136e+01 1.046111e+00
2.238721e-04 1.830128e+01 1.901926e+01 2.639449e+01 1.039231e+00
2.290868e-04 1.809759e+01 1.867758e+01 2.600721e+01 1.032048e+00
2.344229e-04 1.790138e+01 1.834139e+01 2.562939e+01 1.024580e+00
2.398833e-04 1.771238e+01 1.801073e+01 2.526094e+01 1.016844e+00
2.454709e-04 1.753034e+01 1.768566e+01 2.490171e+01 1.008860e+00
2.511886e-04 1.735498e+01 1.736622e+01 2.455160e+01 1.000647e+00
2.570396e-04 1.718607e+01 1.705243e+01 2.421046e+01 9.922239e-01
2.630268e-04 1.702335e+01 1.674431e+01 2.387816e+01 9.836084e-01
2.691535e-04 1.686660e+01 1.644188e+01 2.355457e+01 9.748194e-01
2.754229e-04 1.671556e+01 1.614515e+01 2.323953e+01 9.658752e-01
2.818383e-04 1.657003e+01 1.585410e+01 2.293291e+01 9.567938e-01
2.884032e-04 1.642977e+01 1.556874e+01 2.263455e+01 9.475928e-01
2.951209e-04 1.629458e+01 1.528904e+01 2.234431e+01 9.382898e-01
3.019952e-04 1.616425e+01 1.501500e+01 2.206203e+01 9.289016e-01
3.090295e-04 1.603858e+01 1.474659e+01 2.178756e+01 9.194449e-01
3.162278e-04 1.591736e+01 1.448378e+01 2.152074e+01 9.099359e-01
3.235937e-04 1.580041e+01 1.422653e+01 2.126140e+01 9.003901e-01
3.311311e-04 1.568755e+01 1.397483e+01 2.100940e+01 8.908228e-01
3.388442e-04 1.557859e+01 1.372861e+01 2.076457e+01 8.812488e-01
3.467369e-04 1.547336e+01 1.348786e+01 2.052674e+01 8.716821e-01
3.548134e-04 1.537170e+01 1.325251e+01 2.029577e+01 8.621366e-01
3.630781e-04 1.527344e+01 1.302252e+01 2.007147e+01 8.526254e-01
3.715352e-04 1.517842e+01 1.279785e+01 1.985369e+01 8.431610e-01
3.801894e-04 1.508648e+01 1.257844e+01 1.964227e+01 8.337556e-01
3.890451e-04 1.499748e+01 1.236423e+01 1.943704e+01 8.244207e-01
3.981072e-04 1.491127e+01 1.215518e+01 1.923784e+01 8.151673e-01
4.073803e-04 1.482772e+01 1.195123e+01 1.904450e+01 8.060060e-01
4.168694e-04 1.474668e+01 1.175232e+01 1.885687e+01 7.969466e-01
4.265795e-04 1.466802e+01 1.155838e+01 1.867477e+01 7.879987e-01
4.365158e-04 1.459161e+01 1.136936e+01 1.849804e+01 7.791711e-01
4.466836e-04 1.451733e+01 1.118520e+01 1.832653e+01 7.704723e-01
4.570882e-04 1.444506e+01 1.100584e+01 1.816007e+01 7.619103e-01
4.677351e-04 1.437467e+01 1.083121e+01 1.799851e+01 7.534925e-01
4.786301e-04 1.430605e+01 1.066124e+01 1.784167e+01 7.452259e-01
4.897788e-04 1.423909e+01 1.049588e+01 1.768941e+01 7.371169e-01
5.011872e-04 1.417368e+01 1.033505e+01 1.754157e+01 7.291717e-01
5.128614e-04 1.410972e+01 1.017869e+01 1.739798e+01 7.213960e-01
5.248075e-04 1.404709e+01 1.002674e+01 1.725851e+01 7.137948e-01
5.370318e-04 1.398569e+01 9.879118e+00 1.712298e+01 7.063731e-01
5.495409e-04 1.392544e+01 9.735765e+00 1.699126e+01 6.991352e-01
5.623413e-04 1.386623e+01 9.596610e+00 1.686319e+01 6.920850e-01
5.754399e-04 1.380797e+01 9.461583e+00 1.673862e+01 6.852263e-01
5.888437e-04 1.375056e+01 9.330613e+00 1.661741e+01 6.785623e-01
6.025596e-04 1.369393e+01 9.203631e+00 1.649941e+01 6.720958e-01
6.165950e-04 1.363797e+01 9.080564e+00 1.638447e+01 6.658294e-01
6.309573e-04 1.358262e+01 8.961341e+00 1.627247e+01 6.597653e-01
6.456542e-04 1.352778e+01 8.845888e+00 1.616324e+01 6.539055e-01
6.606934e-04 1.347337e+01 8.734132e+00 1.605667e+01 6.482515e-01
6.760830e-04 1.341932e+01 8.625999e+00 1.595262e+01 6.428045e-01
6.918310e-04 1.336555e+01 8.521413e+00 1.585094e+01 6.375655e-01
7.079458e-04 1.331199e+01 8.420300e+00 1.575152e+01 6.325352e-01
7.244360e-04 1.325856e+01 8.322583e+00 1.565422e+01 6.277141e-01
7.413102e-04 1.320519e+01 8.228185e+00 1.555893e+01 6.231022e-01
7.585776e-04 1.315183e+01 8.137027e+00 1.546550e+01 6.186994e-01
7.762471e-04 1.309839e+01 8.049032e+00 1.537384e+01 6.145054e-01
7.943282e-04 1.304483e+01 7.964120e+00 1.528381e+01 6.105194e-01
8.128305e-04 1.299107e+01 7.882211e+00 1.519530e+01 6.067408e-01
8.317638e-04 1.293706e+01 7.803223e+00 1.510820e+01 6.031682e-01
8.511380e-04 1.288274e+01 7.727076e+00 1.502241e+01 5.998005e-01
8.709636e-04 1.282806e+01 7.653686e+00 1.493781e+01 5.966361e-01
8.912509e-04 1.277297e+01 7.582970e+00 1.485430e+01 5.936731e-01
9.120108e-04 1.271742e+01 7.514845e+00 1.477178e+01 5.909097e-01
9.332543e-04 1.266135e+01 7.449226e+00 1.469016e+01 5.883436e-01
9.549926e-04 1.260474e+01 7.386028e+00 1.460934e+01 5.859724e-01
9.772372e-04 1.254753e+01 7.325165e+00 1.452923e+01 5.837936e-01
1.000000e-03 1.248968e+01 7.266551e+00 1.444974e+01 5.818044e-01
1.023293e-03 1.243117e+01 7.210099e+00 1.437078e+01 5.800018e-01
1.047129e-03 1.237195e+01 7.155722e+00 1.429229e+01 5.783827e-01
1.071519e-03 1.231200e+01 7.103333e+00 1.421417e+01 5.769438e-01
1.096478e-03 1.225129e+01 7.052845e+00 1.413637e+01 5.756816e-01
1.122018e-03 1.218980e+01 7.004169e+00 1.405879e+01 5.745925e-01
1.148154e-03 1.212751e+01 6.957219e+00 1.398139e+01 5.736726e-01
1.174898e-03 1.206439e+01 6.911906e+00 1.390410e+01 5.729181e-01
1.202264e-03 1.200043e+01 6.868143e+00 1.382685e+01 5.723247e-01
1.230269e-03 1.193563e+01 6.825845e+00 1.374959e+01 5.718882e-01
1.258925e-03 1.186997e+01 6.784924e+00 1.367228e+01 5.716043e-01
1.288250e-03 1.180344e+01 6.745295e+00 1.359486e+01 5.714683e-01
1.318257e-03 1.173606e+01 6.706873e+00 1.351729e+01 5.714758e-01
1.348963e-03 1.166781e+01 6.669574e+00 1.343953e+01 5.716218e-01
1.380384e-03 1.159870e+01 6.633317e+00 1.336154e+01 5.719016e-01
1.412538e-03 1.152875e+01 6.598020e+00 1.328330e+01 5.723101e-01
1.445440e-03 1.145796e+01 6.563602e+00 1.320476e+01 5.728423e-01
1.479108e-03 1.138634e+01 6.529987e+00 1.312591e+01 5.734930e-01
1.513561e-03 1.131392e+01 6.497097e+00 1.304672e+01 5.742570e-01
1.548817e-03 1.124071e+01 6.464859e+00 1.296719e+01 5.751291e-01
1.584893e-03 1.116674e+01 6.433200e+00 1.288728e+01 5.761038e-01
1.621810e-03 1.109203e+01 6.402050e+00 1.280700e+01 5.771758e-01
1.659587e-03 1.101661e+01 6.371343e+00 1.272634e+01 5.783396e-01
1.698244e-03 1.094052e+01 6.341012e+00 1.264529e+01 5.795898e-01
1.737801e-03 1.086378e+01 6.310998e+00 1.256385e+01 5.809210e-01
1.778279e-03 1.078643e+01 6.281239e+00 1.248203e+01 5.823277e-01
1.819701e-03 1.070852e+01 6.251680e+00 1.239983e+01 5.838044e-01
1.862087e-03 1.063007e+01 6.222268e+00 1.231727e+01 5.853458e-01
1.905461e-03 1.055114e+01 6.192953e+00 1.223434e+01 5.869466e-01
1.949845e-03 1.047175e+01 6.163689e+00 1.215108e+01 5.886013e-01
1.995262e-03 1.039197e+01 6.134431e+00 1.206749e+01 5.903048e-01
2.041738e-03 1.031183e+01 6.105141e+00 1.198360e+01 5.920520e-01
2.089296e-03 1.023138e+01 6.075781e+00 1.189942e+01 5.938378e-01
2.137962e-03 1.015067e+01 6.046319e+00 1.181499e+01 5.956572e-01
2.187762e-03 1.006974e+01 6.016725e+00 1.173033e+01 5.975056e-01
2.238721e-03 9.988640e+00 5.986972e+00 1.164546e+01 5.993781e-01
2.290868e-03 9.907421e+00 5.957039e+00 1.156042e+01 6.012703e-01
2.344229e-03 9.826129e+00 5.926905e+00 1.147523e+01 6.031780e-01
2.398833e-03 9.744811e+00 5.896554e+00 1.138994e+01 6.050968e-01
2.454709e-03 9.663514e+00 5.865974e+00 1.130456e+01 6.070229e-01
2.511886e-03 9.582282e+00 5.835156e+00 1.121914e+01 6.089526e-01
2.570396e-03 9.501162e+00 5.804091e+00 1.113371e+01 6.108822e-01
2.630268e-03 9.420197e+00 5.772776e+00 1.104831e+01 6.128085e-01
2.691535e-03 9.339429e+00 5.741211e+00 1.096296e+01 6.147283e-01
2.754229e-03 9.258900e+00 5.709397e+00 1.087770e+01 6.166389e-01
2.818383e-03 9.178648e+00 5.677339e+00 1.079258e+01 6.185375e-01
2.884032e-03 9.098713e+00 5.645042e+00 1.070762e+01 6.204220e-01
2.951209e-03 9.019129e+00 5.612515e+00 1.062285e+01 6.222901e-01
3.019952e-03 8.939932e+00 5.579769e+00 1.053832e+01 6.241400e-01
3.090295e-03 8.861153e+00 5.546817e+00 1.045405e+01 6.259702e-01
3.162278e-03 8.782822e+00 5.513674e+00 1.037008e+01 6.277792e-01
3.235937e-03 8.704968e+00 5.480353e+00 1.028644e+01 6.295661e-01
3.311311e-03 8.627617e+00 5.446874e+00 1.020315e+01 6.313300e-01
3.388442e-03 8.550792e+00 5.413253e+00 1.012025e+01 6.330704e-01
3.467369e-03 8.474515e+00 5.379511e+00 1.003776e+01 6.347869e-01
3.548134e-03 8.398807e+00 5.345667e+00 9.955707e+00 6.364794e-01
3.630781e-03 8.323683e+00 5.311742e+00 9.874123e+00 6.381481e-01
3.715352e-03 8.249160e+00 5.277757e+00 9.793026e+00 6.397933e-01
3.801894e-03 8.175250e+00 5.243733e+00 9.712438e+00 6.414156e-01
3.890451e-03 8.101966e+00 5.209693e+00 9.632381e+00 6.430159e-01
3.981072e-03 8.029317e+00 5.175658e+00 9.552872e+00 6.445951e-01
4.073803e-03 7.957310e+00 5.141650e+00 9.473930e+00 6.461544e-01
4.168694e-03 7.885950e+00 5.107691e+00 9.395569e+00 6.476951e-01
4.265795e-03 7.815243e+00 5.073802e+00 9.317805e+00 6.492187e-01
4.365158e-03 7.745189e+00 5.040004e+00 9.240649e+00 6.507271e-01
4.466836e-03 7.675791e+00 5.006318e+00 9.164114e+00 6.522218e-01
4.570882e-03 7.607046e+00 4.972764e+00 9.088208e+00 6.537049e-01
4.677351e-03 7.538953e+00 4.939361e+00 9.012941e+00 6.551786e-01
4.786301e-03 7.471509e+00 4.906128e+00 8.938319e+00 6.566449e-01
4.897788e-03 7.404709e+00 4.873084e+00 8.864348e+00 6.581061e-01
5.011872e-03 7.338547e+00 4.840247e+00 8.791033e+00 6.595647e-01
5.128614e-03 7.273016e+00 4.807632e+00 8.718376e+00 6.610231e-01
5.248075e-03 7.208109e+00 4.775257e+00 8.646381e+00 6.624840e-01
5.370318e-03 7.143816e+00 4.743136e+00 8.575048e+00 6.639498e-01
5.495409e-03 7.080129e+00 4.711283e+00 8.504377e+00 6.654234e-01
5.623413e-03 7.017037e+00 4.679714e+00 8.434366e+00 6.669074e-01
5.754399e-03 6.954529e+00 4.648440e+00 8.365015e+00 6.684047e-01
5.888437e-03 6.892594e+00 4.617474e+00 8.296320e+00 6.699182e-01
6.025596e-03 6.831219e+00 4.586828e+00 8.228277e+00 6.714508e-01
6.165950e-03 6.770392e+00 4.556511e+00 8.160882e+00 6.730054e-01
6.309573e-03 6.710100e+00 4.526533e+00 8.094130e+00 6.745850e-01
6.456542e-03 6.650329e+00 4.496904e+00 8.028015e+00 6.761928e-01
6.606934e-03 6.591065e+00 4.467633e+00 7.962530e+00 6.778317e-01
6.760830e-03 6.532294e+00 4.438725e+00 7.897667e+00 6.795049e-01
6.918310e-03 6.474001e+00 4.410190e+00 7.833419e+00 6.812155e-01
7.079458e-03 6.416171e+00 4.382032e+00 7.769778e+00 6.829668e-01
7.244360e-03 6.358789e+00 4.354257e+00 7.706734e+00 6.847619e-01
7.413102e-03 6.301840e+00 4.326870e+00 7.644278e+00 6.866042e-01
7.585776e-03 6.245306e+00 4.299874e+00 7.582399e+00 6.884969e-01
7.762471e-03 6.189174e+00 4.273274e+00 7.521086e+00 6.904433e-01
7.943282e-03 6.133425e+00 4.247071e+00 7.460330e+00 6.924469e-01
8.128305e-03 6.078045e+00 4.221268e+00 7.400117e+00 6.945109e-01
8.317638e-03 6.023015e+00 4.195865e+00 7.340435e+00 6.966387e-01
8.511380e-03 5.968319e+00 4.170864e+00 7.281273e+00 6.988339e-01
8.709636e-03 5.913941e+00 4.146262e+00 7.222616e+00 7.010997e-01
8.912509e-03 5.859863e+00 4.122060e+00 7.164452e+00 7.034397e-01
9.120108e-03 5.806067e+00 4.098255e+00 7.106765e+00 7.058572e-01
9.332543e-03 5.752538e+00 4.074844e+00 7.049542e+00 7.083558e-01
9.549926e-03 5.699257e+00 4.051823e+00 6.992768e+00 7.109389e-01
9.772372e-03 5.646207e+00 4.029189e+00 6.936427e+00 7.136098e-01
1.000000e-02 5.593371e+00 4.006934e+00 6.880503e+00 7.163720e-01
1.023293e-02 5.540733e+00 3.985054e+00 6.824982e+00 7.192287e-01
1.047129e-02 5.488274e+00 3.963540e+00 6.769845e+00 7.221834e-01
1.071519e-02 5.435979e+00 3.942385e+00 6.715078e+00 7.252393e-01
1.096478e-02 5.383830e+00 3.921579e+00 6.660662e+00 7.283995e-01
1.122018e-02 5.331813e+00 3.901113e+00 6.606581e+00 7.316672e-01
1.148154e-02 5.279911e+00 3.880974e+00 6.552817e+00 7.350454e-01
1.174898e-02 5.228108e+00 3.861152e+00 6.499354e+00 7.385370e-01
1.202264e-02 5.176391e+00 3.841632e+00 6.446174e+00 7.421450e-01
1.230269e-02 5.124744e+00 3.822403e+00 6.393260e+00 7.458719e-01
1.258925e-02 5.073155e+00 3.803448e+00 6.340593e+00 7.497203e-01
1.288250e-02 5.021611e+00 3.784752e+00 6.288158e+00 7.536928e-01
1.318257e-02 4.970100e+00 3.766299e+00 6.235936e+00 7.577915e-01
1.348963e-02 4.918610e+00 3.748073e+00 6.183912e+00 7.620187e-01
1.380384e-02 4.867131e+00 3.730054e+00 6.132069e+00 7.663763e-01
1.412538e-02 4.815655e+00 3.712225e+00 6.080390e+00 7.708660e-01
1.445440e-02 4.764172e+00 3.694566e+00 6.028860e+00 7.754895e-01
1.479108e-02 4.712677e+00 3.677058e+00 5.977464e+00 7.802482e-01
1.513561e-02 4.661163e+00 3.659680e+00 5.926187e+00 7.851432e-01
1.548817e-02 4.609625e+00 3.642413e+00 5.875016e+00 7.901756e-01
1.584893e-02 4.558059e+00 3.625235e+00 5.823936e+00 7.953462e-01
1.621810e-02 4.506465e+00 3.608126e+00 5.772936e+00 8.006555e-01
1.659587e-02 4.454840e+00 3.591063e+00 5.722004e+00 8.061038e-01
1.698244e-02 4.403184e+00 3.574027e+00 5.671129e+00 8.116914e-01
1.737801e-02 4.351500e+00 3.556995e+00 5.620300e+00 8.174181e-01
1.778279e-02 4.299791e+00 3.539947e+00 5.569509e+00 8.232835e-01
1.819701e-02 4.248060e+00 3.522862e+00 5.518747e+00 8.292872e-01
1.862087e-02 4.196313e+00 3.505719e+00 5.468008e+00 8.354283e-01
1.905461e-02 4.144557e+00 3.488498e+00 5.417285e+00 8.417059e-01
1.949845e-02 4.092800e+00 3.471180e+00 5.366573e+00 8.481188e-01
1.995262e-02 4.041050e+00 3.453746e+00 5.315868e+00 8.546655e-01
2.041738e-02 3.989319e+00 3.436177e+00 5.265167e+00 8.613444e-01
2.089296e-02 3.937617e+00 3.418456e+00 5.214467e+00 8.681536e-01
2.137962e-02 3.885957e+00 3.400566e+00 5.163770e+00 8.750910e-01
2.187762e-02 3.834353e+00 3.382492e+00 5.113073e+00 8.821545e-01
2.238721e-02 3.782818e+00 3.364218e+00 5.062378e+00 8.893416e-01
2.290868e-02 3.731368e+00 3.345730e+00 5.011688e+00 8.966496e-01
2.344229e-02 3.680019e+00 3.327016e+00 4.961006e+00 9.040758e-01
2.398833e-02 3.628787e+00 3.308065e+00 4.910335e+00 9.116172e-01
2.454709e-02 3.577689e+00 3.288865e+00 4.859680e+00 9.192707e-01
2.511886e-02 3.526743e+00 3.269407e+00 4.809048e+00 9.270330e-01
2.570396e-02 3.475967e+00 3.249684e+00 4.758445e+00 9.349007e-01
2.630268e-02 3.425380e+00 3.229689e+00 4.707878e+00 9.428703e-01
2.691535e-02 3.374999e+00 3.209415e+00 4.657356e+00 9.509382e-01
2.754229e-02 3.324843e+00 3.188859e+00 4.606886e+00 9.591006e-01
2.818383e-02 3.274932e+00 3.168017e+00 4.556480e+00 9.673537e-01
2.884032e-02 3.225283e+00 3.146888e+00 4.506146e+00 9.756936e-01
2.951209e-02 3.175916e+00 3.125471e+00 4.455896e+00 9.841164e-01
3.019952e-02 3.126848e+00 3.103766e+00 4.405740e+00 9.926179e-01
3.090295e-02 3.078099e+00 3.081774e+00 4.355689e+00 1.001194e+00
3.162278e-02 3.029684e+00 3.059500e+00 4.305755e+00 1.009841e+00
3.235937e-02 2.981622e+00 3.036945e+00 4.255950e+00 1.018555e+00
3.311311e-02 2.933930e+00 3.014116e+00 4.206286e+00 1.027331e+00
3.388442e-02 2.886623e+00 2.991017e+00 4.156775e+00 1.036165e+00
3.467369e-02 2.839717e+00 2.967656e+00 4.107429e+00 1.045054e+00
3.548134e-02 2.793227e+00 2.944040e+00 4.058262e+00 1.053992e+00
3.630781e-02 2.747167e+00 2.920177e+00 4.009284e+00 1.062977e+00
3.715352e-02 2.701551e+00 2.896075e+00 3.960509e+00 1.072005e+00
3.801894e-02 2.656391e+00 2.871745e+00 3.911948e+00 1.081070e+00
3.890451e-02 2.611699e+00 2.847197e+00 3.863612e+00 1.090170e+00
3.981072e-02 2.567486e+00 2.822441e+00 3.815515e+00 1.099301e+00
4.073803e-02 2.523763e+00 2.797488e+00 3.767667e+00 1.108459e+00
4.168694e-02 2.480538e+00 2.772349e+00 3.720079e+00 1.117641e+00
4.265795e-02 2.437820e+00 2.747037e+00 3.672762e+00 1.126842e+00
4.365158e-02 2.395617e+00 2.721564e+00 3.625726e+00 1.136060e+00
4.466836e-02 2.353936e+00 2.695940e+00 3.578981e+00 1.145290e+00
4.570882e-02 2.312782e+00 2.670179e+00 3.532537e+00 1.154531e+00
4.677351e-02 2.272162e+00 2.644294e+00 3.486404e+00 1.163779e+00
4.786301e-02 2.232080e+00 2.618295e+00 3.440588e+00 1.173029e+00
4.897788e-02 2.192538e+00 2.592196e+00 3.395100e+00 1.182281e+00
5.011872e-02 2.153541e+00 2.566008e+00 3.349946e+00 1.191530e+00
5.128614e-02 2.115091e+00 2.539744e+00 3.305134e+00 1.200773e+00
5.248075e-02 2.077190e+00 2.513416e+00 3.260671e+00 1.210008e+00
5.370318e-02 2.039838e+00 2.487034e+00 3.216563e+00 1.219232e+00
5.495409e-02 2.003036e+00 2.460612e+00 3.172816e+00 1.228441e+00
5.623413e-02 1.966784e+00 2.434159e+00 3.129436e+00 1.237634e+00
5.754399e-02 1.931082e+00 2.407686e+00 3.086427e+00 1.246807e+00
5.888437e-02 1.895928e+00 2.381206e+00 3.043795e+00 1.255958e+00
6.025596e-02 1.861322e+00 2.354727e+00 3.001543e+00 1.265083e+00
6.165950e-02 1.827262e+00 2.328259e+00 2.959675e+00 1.274179e+00
6.309573e-02 1.793745e+00 2.301814e+00 2.918196e+00 1.283245e+00
6.456542e-02 1.760768e+00 2.275399e+00 2.877107e+00 1.292276e+00
6.606934e-02 1.728330e+00 2.249024e+00 2.836412e+00 1.301270e+00
6.760830e-02 1.696428e+00 2.222698e+00 2.796114e+00 1.310223e+00
6.918310e-02 1.665057e+00 2.196430e+00 2.756214e+00 1.319132e+00
7.079458e-02 1.634214e+00 2.170227e+00 2.716715e+00 1.327994e+00
7.244360e-02 1.603897e+00 2.144098e+00 2.677618e+00 1.336805e+00
7.413102e-02 1.574100e+00 2.118050e+00 2.638925e+00 1.345562e+00
7.585776e-02 1.544821e+00 2.092091e+00 2.600638e+00 1.354261e+00
7.762471e-02 1.516054e+00 2.066228e+00 2.562756e+00 1.362898e+00
7.943282e-02 1.487796e+00 2.040467e+00 2.525281e+00 1.371470e+00
8.128305e-02 1.460043e+00 2.014816e+00 2.488214e+00 1.379971e+00
8.317638e-02 1.432789e+00 1.989281e+00 2.451556e+00 1.388398e+00
8.511380e-02 1.406031e+00 1.963869e+00 2.415306e+00 1.396746e+00
8.709636e-02 1.379764e+00 1.938584e+00 2.379466e+00 1.405012e+00
8.912509e-02 1.353982e+00 1.913434e+00 2.344034e+00 1.413190e+00
9.120108e-02 1.328682e+00 1.888424e+00 2.309013e+00 1.421276e+00
9.332543e-02 1.303858e+00 1.863559e+00 2.274401e+00 1.429265e+00
9.549926e-02 1.279506e+00 1.838845e+00 2.240198e+00 1.437152e+00
9.772372e-02 1.255620e+00 1.814287e+00 2.206404e+00 1.444934e+00
1.000000e-01 1.232195e+00 1.789891e+00 2.173020e+00 1.452603e+00
1.023293e-01 1.209227e+00 1.765661e+00 2.140043e+00 1.460157e+00
1.047129e-01 1.186709e+00 1.741601e+00 2.107475e+00 1.467589e+00
1.071519e-01 1.164636e+00 1.717717e+00 2.075314e+00 1.474896e+00
1.096478e-01 1.143003e+00 1.694013e+00 2.043560e+00 1.482072e+00
1.122018e-01 1.121805e+00 1.670493e+00 2.012211e+00 1.489112e+00
1.148154e-01 1.101035e+00 1.647162e+00 1.981268e+00 1.496012e+00
1.174898e-01 1.080689e+00 1.624023e+00 1.950728e+00 1.502767e+00
1.202264e-01 1.060760e+00 1.601081e+00 1.920592e+00 1.509372e+00
1.230269e-01 1.041243e+00 1.578339e+00 1.890857e+00 1.515823e+00
1.258925e-01 1.022131e+00 1.555801e+00 1.861523e+00 1.522116e+00
1.288250e-01 1.003418e+00 1.533470e+00 1.832588e+00 1.528246e+00
1.318257e-01 9.850994e-01 1.511349e+00 1.804050e+00 1.534210e+00
1.348963e-01 9.671681e-01 1.489442e+00 1.775908e+00 1.540003e+00
1.380384e-01 9.496180e-01 1.467751e+00 1.748161e+00 1.545622e+00
1.412538e-01 9.324429e-01 1.446279e+00 1.720806e+00 1.551064e+00
1.445440e-01 9.156366e-01 1.425029e+00 1.693841e+00 1.556326e+00
1.479108e-01 8.991927e-01 1.404003e+00 1.667265e+00 1.561404e+00
1.513561e-01 8.831050e-01 1.383204e+00 1.641075e+00 1.566296e+00
1.548817e-01 8.673669e-01 1.362632e+00 1.615269e+00 1.570999e+00
1.584893e-01 8.519723e-01 1.342292e+00 1.589844e+00 1.575511e+00
1.621810e-01 8.369145e-01 1.322183e+00 1.564798e+00 1.579830e+00
1.659587e-01 8.221873e-01 1.302307e+00 1.540129e+00 1.583955e+00
1.698244e-01 8.077842e-01 1.282667e+00 1.515833e+00 1.587884e+00
1.737801e-01 7.936987e-01 1.263263e+00 1.491908e+00 1.591615e+00
1.778279e-01 7.799245e-01 1.244096e+00 1.468352e+00 1.595149e+00
1.819701e-01 7.664553e-01 1.225167e+00 1.445160e+00 1.598484e+00
1.862087e-01 7.532846e-01 1.206476e+00 1.422330e+00 1.601621e+00
1.905461e-01 7.404061e-01 1.188025e+00 1.399859e+00 1.604559e+00
1.949845e-01 7.278135e-01 1.169813e+00 1.377743e+00 1.607298e+00
1.995262e-01 7.155006e-01 1.151841e+00 1.355979e+00 1.609840e+00
2.041738e-01 7.034613e-01 1.134109e+00 1.334564e+00 1.612184e+00
2.089296e-01 6.916892e-01 1.116617e+00 1.313494e+00 1.614333e+00
2.137962e-01 6.801785e-01 1.099364e+00 1.292766e+00 1.616288e+00
2.187762e-01 6.689230e-01 1.082351e+00 1.272376e+00 1.618050e+00
2.238721e-01 6.579167e-01 1.065576e+00 1.252321e+00 1.619622e+00
2.290868e-01 6.471539e-01 1.049040e+00 1.232596e+00 1.621005e+00
2.344229e-01 6.366286e-01 1.032740e+00 1.213198e+00 1.622202e+00
2.398833e-01 6.263351e-01 1.016678e+00 1.194123e+00 1.623217e+00
2.454709e-01 6.162678e-01 1.000851e+00 1.175367e+00 1.624051e+00
2.511886e-01 6.064211e-01 9.852582e-01 1.156927e+00 1.624710e+00
2.570396e-01 5.967895e-01 9.698990e-01 1.138798e+00 1.625195e+00
2.630268e-01 5.873675e-01 9.547718e-01 1.120977e+00 1.625510e+00
2.691535e-01 5.781498e-01 9.398754e-01 1.103460e+00 1.625661e+00
2.754229e-01 5.691312e-01 9.252082e-01 1.086241e+00 1.625650e+00
2.818383e-01 5.603065e-01 9.107688e-01 1.069319e+00 1.625483e+00
2.884032e-01 5.516706e-01 8.965554e-01 1.052688e+00 1.625164e+00
2.951209e-01 5.432186e-01 8.825664e-01 1.036345e+00 1.624698e+00
3.019952e-01 5.349456e-01 8.688000e-01 1.020284e+00 1.624090e+00
3.090295e-01 5.268467e-01 8.552545e-01 1.004504e+00 1.623346e+00
3.162278e-01 5.189173e-01 8.419279e-01 9.889983e-01 1.622470e+00
3.235937e-01 5.111527e-01 8.288182e-01 9.737641e-01 1.621469e+00
3.311311e-01 5.035483e-01 8.159234e-01 9.587971e-01 1.620348e+00
3.388442e-01 4.960999e-01 8.032415e-01 9.440932e-01 1.619112e+00
3.467369e-01 4.888029e-01 7.907703e-01 9.296483e-01 1.617769e+00
3.548134e-01 4.816531e-01 7.785077e-01 9.154583e-01 1.616325e+00
3.630781e-01 4.746464e-01 7.664515e-01 9.015193e-01 1.614784e+00
3.715352e-01 4.677786e-01 7.545994e-01 8.878272e-01 1.613155e+00
3.801894e-01 4.610458e-01 7.429491e-01 8.743778e-01 1.611443e+00
3.890451e-01 4.544440e-01 7.314984e-01 8.611674e-01 1.609656e+00
3.981072e-01 4.479695e-01 7.202447e-01 8.481917e-01 1.607799e+00
4.073803e-01 4.416184e-01 7.091859e-01 8.354469e-01 1.605879e+00
4.168694e-01 4.353872e-01 6.983194e-01 8.229289e-01 1.603904e+00
4.265795e-01 4.292723e-01 6.876428e-01 8.106339e-01 1.601880e+00
4.365158e-01 4.232701e-01 6.771536e-01 7.985578e-01 1.599814e+00
4.466836e-01 4.173773e-01 6.668494e-01 7.866969e-01 1.597714e+00
4.570882e-01 4.115906e-01 6.567277e-01 7.750472e-01 1.595585e+00
4.677351e-01 4.059068e-01 6.467859e-01 7.636048e-01 1.593435e+00
4.786301e-01 4.003227e-01 6.370216e-01 7.523661e-01 1.591270e+00
4.897788e-01 3.948352e-01 6.274321e-01 7.413271e-01 1.589099e+00
5.011872e-01 3.894414e-01 6.180150e-01 7.304842e-01 1.586927e+00
5.128614e-01 3.841384e-01 6.087676e-01 7.198336e-01 1.584761e+00
5.248075e-01 3.789234e-01 5.996875e-01 7.093716e-01 1.582609e+00
5.370318e-01 3.737935e-01 5.907721e-01 6.990946e-01 1.580477e+00
5.495409e-01 3.687463e-01 5.820188e-01 6.889990e-01 1.578372e+00
5.623413e-01 3.637789e-01 5.734251e-01 6.790813e-01 1.576301e+00
5.754399e-01 3.588891e-01 5.649884e-01 6.693379e-01 1.574270e+00
5.888437e-01 3.540742e-01 5.567062e-01 6.597654e-01 1.572287e+00
6.025596e-01 3.493320e-01 5.485759e-01 6.503602e-01 1.570357e+00
6.165950e-01 3.446602e-01 5.405951e-01 6.411191e-01 1.568487e+00
6.309573e-01 3.400565e-01 5.327613e-01 6.320388e-01 1.566685e+00
6.456542e-01 3.355187e-01 5.250719e-01 6.231158e-01 1.564956e+00
6.606934e-01 3.310448e-01 5.175245e-01 6.143471e-01 1.563306e+00
6.760830e-01 3.266328e-01 5.101167e-01 6.057293e-01 1.561744e+00
6.918310e-01 3.222806e-01 5.028459e-01 5.972594e-01 1.560274e+00
7.079458e-01 3.179863e-01 4.957098e-01 5.889342e-01 1.558903e+00
7.244360e-01 3.137481e-01 4.887061e-01 5.807508e-01 1.557638e+00
7.413102e-01 3.095642e-01 4.818322e-01 5.727061e-01 1.556485e+00
7.585776e-01 3.054329e-01 4.750859e-01 5.647972e-01 1.555451e+00
7.762471e-01 3.013523e-01 4.684649e-01 5.570212e-01 1.554542e+00
7.943282e-01 2.973209e-01 4.619668e-01 5.493752e-01 1.553765e+00
8.128305e-01 2.933371e-01 4.555894e-01 5.418564e-01 1.553126e+00
8.317638e-01 2.893993e-01 4.493305e-01 5.344621e-01 1.552632e+00
8.511380e-01 2.855059e-01 4.431876e-01 5.271896e-01 1.552289e+00
8.709636e-01 2.816555e-01 4.371588e-01 5.200362e-01 1.552105e+00
8.912509e-01 2.778466e-01 4.312417e-01 5.129992e-01 1.552086e+00
9.120108e-01 2.740778e-01 4.254343e-01 5.060760e-01 1.552239e+00
9.332543e-01 2.703477e-01 4.197343e-01 4.992642e-01 1.552572e+00
9.549926e-01 2.666551e-01 4.141396e-01 4.925612e-01 1.553091e+00
9.772372e-01 2.629985e-01 4.086482e-01 4.859645e-01 1.553804e+00
1.000000e+00 2.593766e-01 4.032578e-01 4.794717e-01 1.554719e+00
1.023293e+00 2.557883e-01 3.979665e-01 4.730804e-01 1.555843e+00
1.047129e+00 2.522323e-01 3.927722e-01 4.667881e-01 1.557184e+00
1.071519e+00 2.487074e-01 3.876727e-01 4.605926e-01 1.558750e+00
1.096478e+00 2.452124e-01 3.826661e-01 4.544915e-01 1.560549e+00
1.122018e+00 2.417462e-01 3.777503e-01 4.484825e-01 1.562590e+00
1.148154e+00 2.383077e-01 3.729233e-01 4.425634e-01 1.564881e+00
1.174898e+00 2.348958e-01 3.681830e-01 4.367319e-01 1.567431e+00
1.202264e+00 2.315094e-01 3.635274e-01 4.309858e-01 1.570249e+00
1.230269e+00 2.281476e-01 3.589545e-01 4.253230e-01 1.573344e+00
1.258925e+00 2.248092e-01 3.544623e-01 4.197412e-01 1.576725e+00
1.288250e+00 2.214935e-01 3.500487e-01 4.142384e-01 1.580402e+00
1.318257e+00 2.181993e-01 3.457118e-01 4.088124e-01 1.584385e+00
1.348963e+00 2.149260e-01 3.414495e-01 4.034612e-01 1.588684e+00
1.380384e+00 2.116725e-01 3.372598e-01 3.981826e-01 1.593309e+00
1.412538e+00 2.084382e-01 3.331406e-01 3.929747e-01 1.598271e+00
1.445440e+00 2.052221e-01 3.290900e-01 3.878355e-01 1.603580e+00
1.479108e+00 2.020237e-01 3.251059e-01 3.827629e-01 1.609247e+00
1.513561e+00 1.988422e-01 3.211864e-01 3.777551e-01 1.615283e+00
1.548817e+00 1.956769e-01 3.173293e-01 3.728100e-01 1.621700e+00
1.584893e+00 1.925274e-01 3.135326e-01 3.679259e-01 1.628509e+00
1.621810e+00 1.893930e-01 3.097943e-01 3.631009e-01 1.635722e+00
1.659587e+00 1.862732e-01 3.061125e-01 3.583331e-01 1.643352e+00
1.698244e+00 1.831677e-01 3.024851e-01 3.536207e-01 1.651410e+00
1.737801e+00 1.800760e-01 2.989100e-01 3.489621e-01 1.659910e+00
1.778279e+00 1.769979e-01 2.953853e-01 3.443555e-01 1.668864e+00
1.819701e+00 1.739330e-01 2.919090e-01 3.397993e-01 1.678284e+00
1.862087e+00 1.708812e-01 2.884791e-01 3.352918e-01 1.688185e+00
1.905461e+00 1.678423e-01 2.850936e-01 3.308314e-01 1.698581e+00
1.949845e+00 1.648162e-01 2.817507e-01 3.264167e-01 1.709484e+00
1.995262e+00 1.618030e-01 2.784483e-01 3.220461e-01 1.720910e+00
2.041738e+00 1.588026e-01 2.751846e-01 3.177182e-01 1.732872e+00
2.089296e+00 1.558152e-01 2.719577e-01 3.134316e-01 1.745386e+00
2.137962e+00 1.528410e-01 2.687657e-01 3.091850e-01 1.758466e+00
2.187762e+00 1.498802e-01 2.656069e-01 3.049772e-01 1.772128e+00
2.238721e+00 1.469331e-01 2.624795e-01 3.008069e-01 1.786387e+00
2.290868e+00 1.440001e-01 2.593816e-01 2.966730e-01 1.801260e+00
2.344229e+00 1.410816e-01 2.563117e-01 2.925743e-01 1.816763e+00
2.398833e+00 1.381780e-01 2.532682e-01 2.885098e-01 1.832912e+00
2.454709e+00 1.352901e-01 2.502493e-01 2.844787e-01 1.849724e+00
2.511886e+00 1.324183e-01 2.472536e-01 2.804798e-01 1.867217e+00
2.570396e+00 1.295633e-01 2.442796e-01 2.765125e-01 1.885407e+00
2.630268e+00 1.267259e-01 2.413259e-01 2.725759e-01 1.904314e+00
2.691535e+00 1.239068e-01 2.383911e-01 2.686694e-01 1.923955e+00
2.754229e+00 1.211069e-01 2.354740e-01 2.647922e-01 1.944348e+00
2.818383e+00 1.183270e-01 2.325734e-01 2.609438e-01 1.965514e+00
2.884032e+00 1.155681e-01 2.296880e-01 2.571236e-01 1.987470e+00
2.951209e+00 1.128310e-01 2.268170e-01 2.533314e-01 2.010237e+00
3.019952e+00 1.101168e-01 2.239592e-01 2.495665e-01 2.033834e+00
3.090295e+00 1.074264e-01 2.211139e-01 2.458288e-01 2.058282e+00
3.162278e+00 1.047610e-01 2.182802e-01 2.421180e-01 2.083602e+00
3.235937e+00 1.021215e-01 2.154575e-01 2.384339e-01 2.109815e+00
3.311311e+00 9.950903e-02 2.126450e-01 2.347764e-01 2.136942e+00
3.388442e+00 9.692464e-02 2.098423e-01 2.311453e-01 2.165004e+00
3.467369e+00 9.436940e-02 2.070489e-01 2.275408e-01 2.194025e+00
3.548134e+00 9.184439e-02 2.042644e-01 2.239628e-01 2.224027e+00
3.630781e+00 8.935066e-02 2.014886e-01 2.204114e-01 2.255032e+00
3.715352e+00 8.688925e-02 1.987214e-01 2.168869e-01 2.287065e+00
3.801894e+00 8.446120e-02 1.959625e-01 2.133893e-01 2.320148e+00
3.890451e+00 8.206751e-02 1.932120e-01 2.099190e-01 2.354306e+00
3.981072e+00 7.970913e-02 1.904700e-01 2.064761e-01 2.389564e+00
4.073803e+00 7.738700e-02 1.877367e-01 2.030611e-01 2.425946e+00
4.168694e+00 7.510201e-02 1.850121e-01 1.996742e-01 2.463478e+00
4.265795e+00 7.285500e-02 1.822968e-01 1.963160e-01 2.502186e+00
4.365158e+00 7.064677e-02 1.795909e-01 1.929867e-01 2.542096e+00
4.466836e+00 6.847806e-02 1.768949e-01 1.896867e-01 2.583235e+00
4.570882e+00 6.634956e-02 1.742094e-01 1.864167e-01 2.625630e+00
4.677351e+00 6.426188e-02 1.715348e-01 1.831769e-01 2.669309e+00
4.786301e+00 6.221558e-02 1.688718e-01 1.799680e-01 2.714301e+00
4.897788e+00 6.021117e-02 1.662210e-01 1.767903e-01 2.760633e+00
5.011872e+00 5.824907e-02 1.635830e-01 1.736443e-01 2.808336e+00
5.128614e+00 5.632964e-02 1.609585e-01 1.705306e-01 2.857439e+00
5.248075e+00 5.445318e-02 1.583484e-01 1.674496e-01 2.907973e+00
5.370318e+00 5.261990e-02 1.557533e-01 1.644017e-01 2.959969e+00
5.495409e+00 5.082996e-02 1.531739e-01 1.613876e-01 3.013458e+00
5.623413e+00 4.908345e-02 1.506112e-01 1.584075e-01 3.068472e+00
5.754399e+00 4.738039e-02 1.480659e-01 1.554619e-01 3.125046e+00
5.888437e+00 4.572071e-02 1.455387e-01 1.525513e-01 3.183211e+00
6.025596e+00 4.410432e-02 1.430304e-01 1.496760e-01 3.243003e+00
6.165950e+00 4.253104e-02 1.405419e-01 1.468364e-01 3.304456e+00
6.309573e+00 4.100061e-02 1.380739e-01 1.440329e-01 3.367607e+00
6.456542e+00 3.951276e-02 1.356272e-01 1.412657e-01 3.432491e+00
6.606934e+00 3.806713e-02 1.332025e-01 1.385352e-01 3.499146e+00
6.760830e+00 3.666331e-02 1.308004e-01 1.358416e-01 3.567610e+00
6.918310e+00 3.530085e-02 1.284218e-01 1.331852e-01 3.637922e+00
7.079458e+00 3.397925e-02 1.260672e-01 1.305661e-01 3.710122e+00
7.244360e+00 3.269796e-02 1.237372e-01 1.279846e-01 3.784250e+00
7.413102e+00 3.145640e-02 1.214326e-01 1.254408e-01 3.860348e+00
7.585776e+00 3.025394e-02 1.191539e-01 1.229347e-01 3.938458e+00
7.762471e+00 2.908993e-02 1.169015e-01 1.204665e-01 4.018623e+00
7.943282e+00 2.796369e-02 1.146760e-01 1.180362e-01 4.100889e+00
8.128305e+00 2.687449e-02 1.124778e-01 1.156438e-01 4.185300e+00
8.317638e+00 2.582161e-02 1.103074e-01 1.132894e-01 4.271903e+00
8.511380e+00 2.480429e-02 1.081652e-01 1.109728e-01 4.360746e+00
8.709636e+00 2.382174e-02 1.060514e-01 1.086940e-01 4.451876e+00
8.912509e+00 2.287318e-02 1.039665e-01 1.064529e-01 4.545345e+00
9.120108e+00 2.195781e-02 1.019106e-01 1.042493e-01 4.641202e+00
9.332543e+00 2.107481e-02 9.988407e-02 1.020832e-01 4.739500e+00
9.549926e+00 2.022337e-02 9.788702e-02 9.995425e-02 4.840292e+00
9.772372e+00 1.940266e-02 9.591963e-02 9.786235e-02 4.943634e+00
1.000000e+01 1.861186e-02 9.398204e-02 9.580723e-02 5.049579e+00
