1.000000e-06 5.758674e+01 5.938670e-01 5.758981e+01 1.031256e-02
1.023293e-06 5.758628e+01 6.076916e-01 5.758948e+01 1.055272e-02
1.047129e-06 5.758579e+01 6.218377e-01 5.758914e+01 1.079846e-02
1.071519e-06 5.758527e+01 6.363125e-01 5.758879e+01 1.104992e-02
1.096478e-06 5.758474e+01 6.511239e-01 5.758842e+01 1.130723e-02
1.122018e-06 5.758417e+01 6.662796e-01 5.758803e+01 1.157053e-02
1.148154e-06 5.758359e+01 6.817874e-01 5.758762e+01 1.183996e-02
1.174898e-06 5.758297e+01 6.976557e-01 5.758720e+01 1.211566e-02
1.202264e-06 5.758232e+01 7.138927e-01 5.758675e+01 1.239777e-02
1.230269e-06 5.758165e+01 7.305069e-01 5.758628e+01 1.268645e-02
1.258925e-06 5.758094e+01 7.475071e-01 5.758579e+01 1.298185e-02
1.288250e-06 5.758020e+01 7.649021e-01 5.758528e+01 1.328412e-02
1.318257e-06 5.757943e+01 7.827012e-01 5.758474e+01 1.359342e-02
1.348963e-06 5.757861e+01 8.009135e-01 5.758418e+01 1.390991e-02
1.380384e-06 5.757776e+01 8.195488e-01 5.758360e+01 1.423377e-02
1.412538e-06 5.757687e+01 8.386166e-01 5.758298e+01 1.456516e-02
1.445440e-06 5.757594e+01 8.581270e-01 5.758233e+01 1.490426e-02
1.479108e-06 5.757496e+01 8.780902e-01 5.758166e+01 1.525125e-02
1.513561e-06 5.757394e+01 8.985166e-01 5.758095e+01 1.560631e-02
1.548817e-06 5.757287e+01 9.194169e-01 5.758021e+01 1.596962e-02
1.584893e-06 5.757175e+01 9.408019e-01 5.757944e+01 1.634138e-02
1.621810e-06 5.757058e+01 9.626829e-01 5.757863e+01 1.672179e-02
1.659587e-06 5.756935e+01 9.850711e-01 5.757778e+01 1.711103e-02
1.698244e-06 5.756806e+01 1.007978e+00 5.757689e+01 1.750933e-02
1.737801e-06 5.756672e+01 1.031416e+00 5.757596e+01 1.791689e-02
1.778279e-06 5.756531e+01 1.055397e+00 5.757498e+01 1.833392e-02
1.819701e-06 5.756383e+01 1.079934e+00 5.757396e+01 1.876064e-02
1.862087e-06 5.756228e+01 1.105039e+00 5.757289e+01 1.919727e-02
1.905461e-06 5.756066e+01 1.130725e+00 5.757177e+01 1.964405e-02
1.949845e-06 5.755897e+01 1.157005e+00 5.757060e+01 2.010121e-02
1.995262e-06 5.755720e+01 1.183894e+00 5.756937e+01 2.056899e-02
2.041738e-06 5.755534e+01 1.211404e+00 5.756808e+01 2.104764e-02
2.089296e-06 5.755339e+01 1.239550e+00 5.756674e+01 2.153740e-02
2.137962e-06 5.755136e+01 1.268347e+00 5.756533e+01 2.203853e-02
2.187762e-06 5.754922e+01 1.297810e+00 5.756386e+01 2.255130e-02
2.238721e-06 5.754699e+01 1.327953e+00 5.756231e+01 2.307597e-02
2.290868e-06 5.754465e+01 1.358791e+00 5.756069e+01 2.361282e-02
2.344229e-06 5.754221e+01 1.390342e+00 5.755900e+01 2.416212e-02
2.398833e-06 5.753964e+01 1.422620e+00 5.755723e+01 2.472417e-02
2.454709e-06 5.753696e+01 1.455642e+00 5.755537e+01 2.529925e-02
2.511886e-06 5.753415e+01 1.489426e+00 5.755343e+01 2.588768e-02
2.570396e-06 5.753121e+01 1.523987e+00 5.755139e+01 2.648974e-02
2.630268e-06 5.752814e+01 1.559344e+00 5.754926e+01 2.710577e-02
2.691535e-06 5.752491e+01 1.595515e+00 5.754703e+01 2.773607e-02
2.754229e-06 5.752154e+01 1.632518e+00 5.754470e+01 2.838098e-02
2.818383e-06 5.751801e+01 1.670370e+00 5.754226e+01 2.904083e-02
2.884032e-06 5.751431e+01 1.709093e+00 5.753970e+01 2.971595e-02
2.951209e-06 5.751044e+01 1.748703e+00 5.753702e+01 3.040671e-02
3.019952e-06 5.750638e+01 1.789223e+00 5.753421e+01 3.111346e-02
3.090295e-06 5.750214e+01 1.830671e+00 5.753128e+01 3.183657e-02
3.162278e-06 5.749770e+01 1.873068e+00 5.752820e+01 3.257640e-02
3.235937e-06 5.749305e+01 1.916435e+00 5.752498e+01 3.333334e-02
3.311311e-06 5.748818e+01 1.960794e+00 5.752161e+01 3.410778e-02
3.388442e-06 5.748309e+01 2.006166e+00 5.751809e+01 3.490011e-02
3.467369e-06 5.747776e+01 2.052574e+00 5.751439e+01 3.571075e-02
3.548134e-06 5.747217e+01 2.100039e+00 5.751053e+01 3.654011e-02
3.630781e-06 5.746633e+01 2.148586e+00 5.750648e+01 3.738861e-02
3.715352e-06 5.746021e+01 2.198237e+00 5.750225e+01 3.825668e-02
3.801894e-06 5.745381e+01 2.249017e+00 5.749781e+01 3.914478e-02
3.890451e-06 5.744711e+01 2.300949e+00 5.749317e+01 4.005335e-02
3.981072e-06 5.744010e+01 2.354059e+00 5.748831e+01 4.098285e-02
4.073803e-06 5.743275e+01 2.408371e+00 5.748323e+01 4.193375e-02
4.168694e-06 5.742507e+01 2.463911e+00 5.747790e+01 4.290654e-02
4.265795e-06 5.741703e+01 2.520705e+00 5.747233e+01 4.390170e-02
4.365158e-06 5.740861e+01 2.578780e+00 5.746650e+01 4.491975e-02
4.466836e-06 5.739980e+01 2.638162e+00 5.746040e+01 4.596118e-02
4.570882e-06 5.739058e+01 2.698879e+00 5.745401e+01 4.702652e-02
4.677351e-06 5.738093e+01 2.760958e+00 5.744732e+01 4.811630e-02
4.786301e-06 5.737084e+01 2.824427e+00 5.744032e+01 4.923107e-02
4.897788e-06 5.736027e+01 2.889316e+00 5.743299e+01 5.037137e-02
5.011872e-06 5.734921e+01 2.955651e+00 5.742533e+01 5.153778e-02
5.128614e-06 5.733765e+01 3.023464e+00 5.741731e+01 5.273087e-02
5.248075e-06 5.732554e+01 3.092783e+00 5.740891e+01 5.395122e-02
5.370318e-06 5.731287e+01 3.163638e+00 5.740012e+01 5.519944e-02
5.495409e-06 5.729962e+01 3.236061e+00 5.739093e+01 5.647613e-02
5.623413e-06 5.728576e+01 3.310080e+00 5.738131e+01 5.778191e-02
5.754399e-06 5.727125e+01 3.385728e+00 5.737124e+01 5.911741e-02
5.888437e-06 5.725607e+01 3.463036e+00 5.736071e+01 6.048329e-02
6.025596e-06 5.724020e+01 3.542034e+00 5.734968e+01 6.188019e-02
6.165950e-06 5.722359e+01 3.622756e+00 5.733815e+01 6.330878e-02
6.309573e-06 5.720622e+01 3.705232e+00 5.732609e+01 6.476973e-02
6.456542e-06 5.718805e+01 3.789495e+00 5.731347e+01 6.626375e-02
6.606934e-06 5.716905e+01 3.875577e+00 5.730026e+01 6.779152e-02
6.760830e-06 5.714917e+01 3.963510e+00 5.728645e+01 6.935377e-02
6.918310e-06 5.712838e+01 4.053328e+00 5.727200e+01 7.095121e-02
7.079458e-06 5.710665e+01 4.145063e+00 5.725688e+01 7.258459e-02
7.244360e-06 5.708392e+01 4.238746e+00 5.724108e+01 7.425464e-02
7.413102e-06 5.706015e+01 4.334411e+00 5.722454e+01 7.596214e-02
7.585776e-06 5.703530e+01 4.432090e+00 5.720725e+01 7.770784e-02
7.762471e-06 5.700933e+01 4.531815e+00 5.718916e+01 7.949253e-02
7.943282e-06 5.698217e+01 4.633619e+00 5.717025e+01 8.131700e-02
8.128305e-06 5.695378e+01 4.737532e+00 5.715048e+01 8.318204e-02
8.317638e-06 5.692411e+01 4.843586e+00 5.712980e+01 8.508848e-02
8.511380e-06 5.689310e+01 4.951811e+00 5.710819e+01 8.703712e-02
8.709636e-06 5.686069e+01 5.062239e+00 5.708559e+01 8.902880e-02
8.912509e-06 5.682683e+01 5.174899e+00 5.706196e+01 9.106437e-02
9.120108e-06 5.679144e+01 5.289819e+00 5.703727e+01 9.314465e-02
9.332543e-06 5.675448e+01 5.407028e+00 5.701146e+01 9.527052e-02
9.549926e-06 5.671586e+01 5.526554e+00 5.698449e+01 9.744282e-02
9.772372e-06 5.667553e+01 5.648421e+00 5.695630e+01 9.966244e-02
1.000000e-05 5.663340e+01 5.772656e+00 5.692684e+01 1.019302e-01
1.023293e-05 5.658941e+01 5.899281e+00 5.689607e+01 1.042471e-01
1.047129e-05 5.654348e+01 6.028320e+00 5.686392e+01 1.066139e-01
1.071519e-05 5.649552e+01 6.159792e+00 5.683033e+01 1.090315e-01
1.096478e-05 5.644546e+01 6.293717e+00 5.679526e+01 1.115009e-01
1.122018e-05 5.639322e+01 6.430112e+00 5.675862e+01 1.140228e-01
1.148154e-05 5.633869e+01 6.568992e+00 5.672037e+01 1.165982e-01
1.174898e-05 5.628180e+01 6.710369e+00 5.668042e+01 1.192280e-01
1.202264e-05 5.622245e+01 6.854254e+00 5.663872e+01 1.219131e-01
1.230269e-05 5.616055e+01 7.000654e+00 5.659520e+01 1.246543e-01
1.258925e-05 5.609599e+01 7.149574e+00 5.654977e+01 1.274525e-01
1.288250e-05 5.602867e+01 7.301017e+00 5.650236e+01 1.303086e-01
1.318257e-05 5.595850e+01 7.454980e+00 5.645290e+01 1.332234e-01
1.348963e-05 5.588535e+01 7.611458e+00 5.640130e+01 1.361977e-01
1.380384e-05 5.580913e+01 7.770442e+00 5.634749e+01 1.392324e-01
1.412538e-05 5.572972e+01 7.931921e+00 5.629136e+01 1.423284e-01
1.445440e-05 5.564701e+01 8.095875e+00 5.623285e+01 1.454863e-01
1.479108e-05 5.556088e+01 8.262285e+00 5.617185e+01 1.487069e-01
1.513561e-05 5.547120e+01 8.431123e+00 5.610827e+01 1.519910e-01
1.548817e-05 5.537786e+01 8.602358e+00 5.604202e+01 1.553393e-01
1.584893e-05 5.528073e+01 8.775953e+00 5.597300e+01 1.587525e-01
1.621810e-05 5.517969e+01 8.951866e+00 5.590111e+01 1.622312e-01
1.659587e-05 5.507461e+01 9.130047e+00 5.582625e+01 1.657760e-01
1.698244e-05 5.496535e+01 9.310443e+00 5.574831e+01 1.693875e-01
1.737801e-05 5.485180e+01 9.492991e+00 5.566720e+01 1.730662e-01
1.778279e-05 5.473381e+01 9.677623e+00 5.558279e+01 1.768125e-01
1.819701e-05 5.461126e+01 9.864265e+00 5.549499e+01 1.806269e-01
1.862087e-05 5.448402e+01 1.005283e+01 5.540368e+01 1.845098e-01
1.905461e-05 5.435194e+01 1.024324e+01 5.530874e+01 1.884613e-01
1.949845e-05 5.421490e+01 1.043538e+01 5.521007e+01 1.924818e-01
1.995262e-05 5.407276e+01 1.062915e+01 5.510755e+01 1.965713e-01
2.041738e-05 5.392540e+01 1.082444e+01 5.500107e+01 2.007300e-01
2.089296e-05 5.377269e+01 1.102113e+01 5.489050e+01 2.049577e-01
2.137962e-05 5.361450e+01 1.121907e+01 5.477574e+01 2.092544e-01
2.187762e-05 5.345070e+01 1.141813e+01 5.465667e+01 2.136198e-01
2.238721e-05 5.328118e+01 1.161816e+01 5.453316e+01 2.180537e-01
2.290868e-05 5.310582e+01 1.181900e+01 5.440512e+01 2.225556e-01
2.344229e-05 5.292451e+01 1.202047e+01 5.427242e+01 2.271249e-01
2.398833e-05 5.273714e+01 1.222241e+01 5.413495e+01 2.317609e-01
2.454709e-05 5.254360e+01 1.242461e+01 5.399260e+01 2.364629e-01
2.511886e-05 5.234381e+01 1.262690e+01 5.384527e+01 2.412300e-01
2.570396e-05 5.213769e+01 1.282905e+01 5.369286e+01 2.460609e-01
2.630268e-05 5.192514e+01 1.303085e+01 5.353525e+01 2.509545e-01
2.691535e-05 5.170610e+01 1.323208e+01 5.337236e+01 2.559094e-01
2.754229e-05 5.148051e+01 1.343250e+01 5.320409e+01 2.609241e-01
2.818383e-05 5.124832e+01 1.363188e+01 5.303035e+01 2.659967e-01
2.884032e-05 5.100949e+01 1.382997e+01 5.285107e+01 2.711254e-01
2.951209e-05 5.076400e+01 1.402650e+01 5.266618e+01 2.763081e-01
3.019952e-05 5.051182e+01 1.422123e+01 5.247559e+01 2.815425e-01
3.090295e-05 5.025297e+01 1.441387e+01 5.227926e+01 2.868262e-01
3.162278e-05 4.998746e+01 1.460416e+01 5.207713e+01 2.921564e-01
3.235937e-05 4.971531e+01 1.479181e+01 5.186916e+01 2.975303e-01
3.311311e-05 4.943656e+01 1.497655e+01 5.165531e+01 3.029449e-01
3.388442e-05 4.915129e+01 1.515810e+01 5.143556e+01 3.083967e-01
3.467369e-05 4.885956e+01 1.533616e+01 5.120990e+01 3.138825e-01
3.548134e-05 4.856147e+01 1.551045e+01 5.097833e+01 3.193983e-01
3.630781e-05 4.825713e+01 1.568069e+01 5.074086e+01 3.249404e-01
3.715352e-05 4.794666e+01 1.584659e+01 5.049750e+01 3.305046e-01
3.801894e-05 4.763023e+01 1.600788e+01 5.024829e+01 3.360866e-01
3.890451e-05 4.730798e+01 1.616427e+01 4.999328e+01 3.416818e-01
3.981072e-05 4.698010e+01 1.631550e+01 4.973254e+01 3.472854e-01
4.073803e-05 4.664679e+01 1.646131e+01 4.946613e+01 3.528927e-01
4.168694e-05 4.630827e+01 1.660144e+01 4.919414e+01 3.584984e-01
4.265795e-05 4.596477e+01 1.673564e+01 4.891668e+01 3.640972e-01
4.365158e-05 4.561654e+01 1.686369e+01 4.863386e+01 3.696838e-01
4.466836e-05 4.526384e+01 1.698537e+01 4.834582e+01 3.752524e-01
4.570882e-05 4.490696e+01 1.710046e+01 4.805269e+01 3.807975e-01
4.677351e-05 4.454619e+01 1.720877e+01 4.775464e+01 3.863130e-01
4.786301e-05 4.418185e+01 1.731014e+01 4.745183e+01 3.917931e-01
4.897788e-05 4.381424e+01 1.740440e+01 4.714446e+01 3.972317e-01
5.011872e-05 4.344369e+01 1.749142e+01 4.683272e+01 4.026227e-01
5.128614e-05 4.307056e+01 1.757106e+01 4.651683e+01 4.079599e-01
5.248075e-05 4.269518e+01 1.764324e+01 4.619700e+01 4.132372e-01
5.370318e-05 4.231792e+01 1.770787e+01 4.587346e+01 4.184485e-01
5.495409e-05 4.193912e+01 1.776489e+01 4.554647e+01 4.235875e-01
5.623413e-05 4.155916e+01 1.781427e+01 4.521628e+01 4.286484e-01
5.754399e-05 4.117839e+01 1.785598e+01 4.488314e+01 4.336250e-01
5.888437e-05 4.079718e+01 1.789004e+01 4.454732e+01 4.385117e-01
6.025596e-05 4.041590e+01 1.791648e+01 4.420911e+01 4.433026e-01
6.165950e-05 4.003491e+01 1.793533e+01 4.386878e+01 4.479923e-01
6.309573e-05 3.965455e+01 1.794668e+01 4.352662e+01 4.525756e-01
6.456542e-05 3.927518e+01 1.795062e+01 4.318292e+01 4.570474e-01
6.606934e-05 3.889714e+01 1.794725e+01 4.283796e+01 4.614028e-01
6.760830e-05 3.852076e+01 1.793671e+01 4.249205e+01 4.656376e-01
6.918310e-05 3.814635e+01 1.791915e+01 4.214546e+01 4.697474e-01
7.079458e-05 3.777424e+01 1.789474e+01 4.179850e+01 4.737286e-01
7.244360e-05 3.740471e+01 1.786365e+01 4.145144e+01 4.775776e-01
7.413102e-05 3.703804e+01 1.782609e+01 4.110457e+01 4.812915e-01
7.585776e-05 3.667450e+01 1.778228e+01 4.075817e+01 4.848677e-01
7.762471e-05 3.631434e+01 1.773244e+01 4.041251e+01 4.883040e-01
7.943282e-05 3.595779e+01 1.767680e+01 4.006784e+01 4.915987e-01
8.128305e-05 3.560507e+01 1.761562e+01 3.972444e+01 4.947504e-01
8.317638e-05 3.525636e+01 1.754915e+01 3.938253e+01 4.977585e-01
8.511380e-05 3.491185e+01 1.747766e+01 3.904236e+01 5.006224e-01
8.709636e-05 3.457171e+01 1.740141e+01 3.870416e+01 5.033424e-01
8.912509e-05 3.423606e+01 1.732068e+01 3.836813e+01 5.059191e-01
9.120108e-05 3.390503e+01 1.723574e+01 3.803448e+01 5.083534e-01
9.332543e-05 3.357873e+01 1.714687e+01 3.770340e+01 5.106468e-01
9.549926e-05 3.325724e+01 1.705435e+01 3.737505e+01 5.128013e-01
9.772372e-05 3.294062e+01 1.695846e+01 3.704961e+01 5.148191e-01
1.000000e-04 3.262893e+01 1.685947e+01 3.672722e+01 5.167031e-01
1.023293e-04 3.232220e+01 1.675765e+01 3.640802e+01 5.184563e-01
1.047129e-04 3.202045e+01 1.665326e+01 3.609211e+01 5.200822e-01
1.071519e-04 3.172367e+01 1.654658e+01 3.577961e+01 5.215845e-01
1.096478e-04 3.143186e+01 1.643784e+01 3.547061e+01 5.229673e-01
1.122018e-04 3.114498e+01 1.632729e+01 3.516519e+01 5.242349e-01
1.148154e-04 3.086300e+01 1.621517e+01 3.486340e+01 5.253919e-01
1.174898e-04 3.058586e+01 1.610172e+01 3.456530e+01 5.264431e-01
1.202264e-04 3.031350e+01 1.598714e+01 3.427093e+01 5.273933e-01
1.230269e-04 3.004583e+01 1.587164e+01 3.398030e+01 5.282477e-01
1.258925e-04 2.978278e+01 1.575542e+01 3.369343e+01 5.290112e-01
1.288250e-04 2.952426e+01 1.563868e+01 3.341033e+01 5.296891e-01
1.318257e-04 2.927015e+01 1.552157e+01 3.313097e+01 5.302865e-01
1.348963e-04 2.902037e+01 1.540426e+01 3.285533e+01 5.308087e-01
1.380384e-04 2.877478e+01 1.528691e+01 3.258340e+01 5.312608e-01
1.412538e-04 2.853329e+01 1.516966e+01 3.231512e+01 5.316477e-01
1.445440e-04 2.829575e+01 1.505262e+01 3.205045e+01 5.319745e-01
1.479108e-04 2.806206e+01 1.493592e+01 3.178932e+01 5.322460e-01
1.513561e-04 2.783209e+01 1.481966e+01 3.153169e+01 5.324666e-01
1.548817e-04 2.760571e+01 1.470393e+01 3.127748e+01 5.326409e-01
1.584893e-04 2.738280e+01 1.458881e+01 3.102662e+01 5.327730e-01
1.621810e-04 2.716322e+01 1.447438e+01 3.077902e+01 5.328669e-01
1.659587e-04 2.694686e+01 1.436069e+01 3.053462e+01 5.329264e-01
1.698244e-04 2.673360e+01 1.424780e+01 3.029332e+01 5.329548e-01
1.737801e-04 2.652331e+01 1.413574e+01 3.005504e+01 5.329553e-01
1.778279e-04 2.631589e+01 1.402455e+01 2.981969e+01 5.329308e-01
1.819701e-04 2.611121e+01 1.391424e+01 2.958718e+01 5.328838e-01
1.862087e-04 2.590917e+01 1.380484e+01 2.935743e+01 5.328166e-01
1.905461e-04 2.570968e+01 1.369635e+01 2.913036e+01 5.327312e-01
1.949845e-04 2.551263e+01 1.358877e+01 2.890587e+01 5.326291e-01
1.995262e-04 2.531794e+01 1.348210e+01 2.868388e+01 5.325118e-01
2.041738e-04 2.512551e+01 1.337633e+01 2.846432e+01 5.323802e-01
2.089296e-04 2.493528e+01 1.327143e+01 2.824711e+01 5.322351e-01
2.137962e-04 2.474717e+01 1.316740e+01 2.803218e+01 5.320771e-01
2.187762e-04 2.456111e+01 1.306421e+01 2.781945e+01 5.319064e-01
2.238721e-04 2.437705e+01 1.296184e+01 2.760887e+01 5.317229e-01
2.290868e-04 2.419494e+01 1.286025e+01 2.740038e+01 5.315265e-01
2.344229e-04 2.401472e+01 1.275942e+01 2.719392e+01 5.313166e-01
2.398833e-04 2.383636e+01 1.265932e+01 2.698945e+01 5.310926e-01
2.454709e-04 2.365984e+01 1.255992e+01 2.678692e+01 5.308539e-01
2.511886e-04 2.348511e+01 1.246118e+01 2.658630e+01 5.305993e-01
2.570396e-04 2.331217e+01 1.236309e+01 2.638756e+01 5.303280e-01
2.630268e-04 2.314099e+01 1.226562e+01 2.619067e+01 5.300387e-01
2.691535e-04 2.297157e+01 1.216874e+01 2.599561e+01 5.297304e-01
2.754229e-04 2.280391e+01 1.207243e+01 2.580236e+01 5.294018e-01
2.818383e-04 2.263800e+01 1.197667e+01 2.561093e+01 5.290517e-01
2.884032e-04 2.247384e+01 1.188145e+01 2.542130e+01 5.286790e-01
2.951209e-04 2.231145e+01 1.178675e+01 2.523348e+01 5.282826e-01
3.019952e-04 2.215084e+01 1.169257e+01 2.504747e+01 5.278613e-01
3.090295e-04 2.199201e+01 1.159890e+01 2.486329e+01 5.274144e-01
3.162278e-04 2.183499e+01 1.150575e+01 2.468094e+01 5.269410e-01
3.235937e-04 2.167978e+01 1.141311e+01 2.450045e+01 5.264405e-01
3.311311e-04 2.152641e+01 1.132101e+01 2.432184e+01 5.259125e-01
3.388442e-04 2.137490e+01 1.122945e+01 2.414512e+01 5.253567e-01
3.467369e-04 2.122526e+01 1.113845e+01 2.397033e+01 5.247731e-01
3.548134e-04 2.107751e+01 1.104803e+01 2.379749e+01 5.241620e-01
3.630781e-04 2.093167e+01 1.095823e+01 2.362663e+01 5.235239e-01
3.715352e-04 2.078776e+01 1.086907e+01 2.345778e+01 5.228594e-01
3.801894e-04 2.064578e+01 1.078060e+01 2.329097e+01 5.221697e-01
3.890451e-04 2.050574e+01 1.069284e+01 2.312623e+01 5.214560e-01
3.981072e-04 2.036766e+01 1.060585e+01 2.296358e+01 5.207200e-01
4.073803e-04 2.023155e+01 1.051967e+01 2.280305e+01 5.199636e-01
4.168694e-04 2.009739e+01 1.043434e+01 2.264466e+01 5.191888e-01
4.265795e-04 1.996520e+01 1.034993e+01 2.248845e+01 5.183984e-01
4.365158e-04 1.983497e+01 1.026648e+01 2.233443e+01 5.175949e-01
4.466836e-04 1.970669e+01 1.018405e+01 2.218262e+01 5.167814e-01
4.570882e-04 1.958034e+01 1.010270e+01 2.203303e+01 5.159613e-01
4.677351e-04 1.945591e+01 1.002248e+01 2.188567e+01 5.151381e-01
4.786301e-04 1.933338e+01 9.943460e+00 2.174056e+01 5.143156e-01
4.897788e-04 1.921272e+01 9.865692e+00 2.159770e+01 5.134980e-01
5.011872e-04 1.909390e+01 9.789238e+00 2.145708e+01 5.126893e-01
5.128614e-04 1.897689e+01 9.714157e+00 2.131870e+01 5.118942e-01
5.248075e-04 1.886164e+01 9.640508e+00 2.118256e+01 5.111172e-01
5.370318e-04 1.874812e+01 9.568346e+00 2.104864e+01 5.103630e-01
5.495409e-04 1.863627e+01 9.497729e+00 2.091692e+01 5.096367e-01
5.623413e-04 1.852605e+01 9.428710e+00 2.078738e+01 5.089433e-01
5.754399e-04 1.841740e+01 9.361342e+00 2.065999e+01 5.082879e-01
5.888437e-04 1.831026e+01 9.295674e+00 2.053473e+01 5.076757e-01
6.025596e-04 1.820457e+01 9.231754e+00 2.041155e+01 5.071120e-01
6.165950e-04 1.810026e+01 9.169626e+00 2.029042e+01 5.066020e-01
6.309573e-04 1.799726e+01 9.109331e+00 2.017129e+01 5.061511e-01
6.456542e-04 1.789549e+01 9.050909e+00 2.005412e+01 5.057647e-01
6.606934e-04 1.779490e+01 8.994392e+00 1.993884e+01 5.054479e-01
6.760830e-04 1.769538e+01 8.939813e+00 1.982541e+01 5.052060e-01
6.918310e-04 1.759687e+01 8.887199e+00 1.971376e+01 5.050442e-01
7.079458e-04 1.749929e+01 8.836572e+00 1.960383e+01 5.049675e-01
7.244360e-04 1.740254e+01 8.787953e+00 1.949555e+01 5.049810e-01
7.413102e-04 1.730655e+01 8.741356e+00 1.938886e+01 5.050896e-01
7.585776e-04 1.721122e+01 8.696791e+00 1.928367e+01 5.052979e-01
7.762471e-04 1.711646e+01 8.654267e+00 1.917993e+01 5.056108e-01
7.943282e-04 1.702219e+01 8.613783e+00 1.907753e+01 5.060326e-01
8.128305e-04 1.692832e+01 8.575338e+00 1.897642e+01 5.065676e-01
8.317638e-04 1.683475e+01 8.538925e+00 1.887650e+01 5.072201e-01
8.511380e-04 1.674140e+01 8.504532e+00 1.877769e+01 5.079940e-01
8.709636e-04 1.664818e+01 8.472142e+00 1.867991e+01 5.088931e-01
8.912509e-04 1.655498e+01 8.441735e+00 1.858307e+01 5.099211e-01
9.120108e-04 1.646174e+01 8.413286e+00 1.848708e+01 5.110812e-01
9.332543e-04 1.636835e+01 8.386764e+00 1.839186e+01 5.123769e-01
9.549926e-04 1.627473e+01 8.362134e+00 1.829732e+01 5.138109e-01
9.772372e-04 1.618079e+01 8.339357e+00 1.820338e+01 5.153862e-01
1.000000e-03 1.608645e+01 8.318391e+00 1.810993e+01 5.171053e-01
1.023293e-03 1.599163e+01 8.299187e+00 1.801690e+01 5.189706e-01
1.047129e-03 1.589625e+01 8.281692e+00 1.792420e+01 5.209841e-01
1.071519e-03 1.580022e+01 8.265850e+00 1.783175e+01 5.231478e-01
1.096478e-03 1.570347e+01 8.251600e+00 1.773945e+01 5.254634e-01
1.122018e-03 1.560594e+01 8.238878e+00 1.764722e+01 5.279323e-01
1.148154e-03 1.550754e+01 8.227615e+00 1.755499e+01 5.305557e-01
1.174898e-03 1.540822e+01 8.217739e+00 1.746266e+01 5.333346e-01
1.202264e-03 1.530792e+01 8.209174e+00 1.737017e+01 5.362698e-01
1.230269e-03 1.520657e+01 8.201841e+00 1.727744e+01 5.393618e-01
1.258925e-03 1.510411e+01 8.195658e+00 1.718438e+01 5.426109e-01
1.288250e-03 1.500051e+01 8.190538e+00 1.709094e+01 5.460172e-01
1.318257e-03 1.489572e+01 8.186394e+00 1.699704e+01 5.495805e-01
1.348963e-03 1.478968e+01 8.183136e+00 1.690261e+01 5.533004e-01
1.380384e-03 1.468237e+01 8.180670e+00 1.680760e+01 5.571762e-01
1.412538e-03 1.457376e+01 8.178902e+00 1.671194e+01 5.612072e-01
1.445440e-03 1.446382e+01 8.177734e+00 1.661558e+01 5.653923e-01
1.479108e-03 1.435253e+01 8.177070e+00 1.651847e+01 5.697300e-01
1.513561e-03 1.423988e+01 8.176810e+00 1.642055e+01 5.742191e-01
1.548817e-03 1.412585e+01 8.176854e+00 1.632178e+01 5.788576e-01
1.584893e-03 1.401044e+01 8.177103e+00 1.622213e+01 5.836436e-01
1.621810e-03 1.389365e+01 8.177456e+00 1.612155e+01 5.885750e-01
1.659587e-03 1.377549e+01 8.177814e+00 1.602002e+01 5.936494e-01
1.698244e-03 1.365598e+01 8.178078e+00 1.591750e+01 5.988642e-01
1.737801e-03 1.353513e+01 8.178150e+00 1.581398e+01 6.042166e-01
1.778279e-03 1.341296e+01 8.177933e+00 1.570943e+01 6.097037e-01
1.819701e-03 1.328951e+01 8.177332e+00 1.560384e+01 6.153223e-01
1.862087e-03 1.316481e+01 8.176257e+00 1.549721e+01 6.210691e-01
1.905461e-03 1.303890e+01 8.174615e+00 1.538952e+01 6.269405e-01
1.949845e-03 1.291183e+01 8.172322e+00 1.528078e+01 6.329330e-01
1.995262e-03 1.278364e+01 8.169292e+00 1.517098e+01 6.390428e-01
2.041738e-03 1.265439e+01 8.165447e+00 1.506015e+01 6.452658e-01
2.089296e-03 1.252415e+01 8.160710e+00 1.494829e+01 6.515980e-01
2.137962e-03 1.239297e+01 8.155009e+00 1.483542e+01 6.580353e-01
2.187762e-03 1.226091e+01 8.148276e+00 1.472156e+01 6.645733e-01
2.238721e-03 1.212806e+01 8.140449e+00 1.460674e+01 6.712078e-01
2.290868e-03 1.199448e+01 8.131471e+00 1.449098e+01 6.779342e-01
2.344229e-03 1.186026e+01 8.121288e+00 1.437432e+01 6.847481e-01
2.398833e-03 1.172546e+01 8.109852e+00 1.425679e+01 6.916449e-01
2.454709e-03 1.159017e+01 8.097123e+00 1.413844e+01 6.986201e-01
2.511886e-03 1.145447e+01 8.083063e+00 1.401930e+01 7.056692e-01
2.570396e-03 1.131844e+01 8.067640e+00 1.389942e+01 7.127875e-01
2.630268e-03 1.118216e+01 8.050830e+00 1.377885e+01 7.199707e-01
2.691535e-03 1.104573e+01 8.032612e+00 1.365764e+01 7.272142e-01
2.754229e-03 1.090922e+01 8.012971e+00 1.353583e+01 7.345136e-01
2.818383e-03 1.077272e+01 7.991897e+00 1.341349e+01 7.418646e-01
2.884032e-03 1.063630e+01 7.969386e+00 1.329067e+01 7.492631e-01
2.951209e-03 1.050005e+01 7.945440e+00 1.316742e+01 7.567050e-01
3.019952e-03 1.036405e+01 7.920063e+00 1.304381e+01 7.641863e-01
3.090295e-03 1.022837e+01 7.893265e+00 1.291987e+01 7.717032e-01
3.162278e-03 1.009309e+01 7.865061e+00 1.279569e+01 7.792521e-01
3.235937e-03 9.958279e+00 7.835469e+00 1.267130e+01 7.868296e-01
3.311311e-03 9.824010e+00 7.804512e+00 1.254678e+01 7.944325e-01
3.388442e-03 9.690347e+00 7.772217e+00 1.242216e+01 8.020577e-01
3.467369e-03 9.557353e+00 7.738611e+00 1.229752e+01 8.097024e-01
3.548134e-03 9.425088e+00 7.703727e+00 1.217291e+01 8.173640e-01
3.630781e-03 9.293608e+00 7.667600e+00 1.204837e+01 8.250402e-01
3.715352e-03 9.162967e+00 7.630267e+00 1.192396e+01 8.327289e-01
3.801894e-03 9.033212e+00 7.591766e+00 1.179974e+01 8.404282e-01
3.890451e-03 8.904390e+00 7.552138e+00 1.167574e+01 8.481365e-01
3.981072e-03 8.776542e+00 7.511425e+00 1.155202e+01 8.558524e-01
4.073803e-03 8.649707e+00 7.469669e+00 1.142862e+01 8.635748e-01
4.168694e-03 8.523919e+00 7.426914e+00 1.130558e+01 8.713028e-01
4.265795e-03 8.399208e+00 7.383204e+00 1.118295e+01 8.790358e-01
4.365158e-03 8.275602e+00 7.338583e+00 1.106076e+01 8.867733e-01
4.466836e-03 8.153126e+00 7.293094e+00 1.093904e+01 8.945150e-01
4.570882e-03 8.031801e+00 7.246781e+00 1.081784e+01 9.022610e-01
4.677351e-03 7.911644e+00 7.199686e+00 1.069718e+01 9.100114e-01
4.786301e-03 7.792671e+00 7.151853e+00 1.057708e+01 9.177666e-01
4.897788e-03 7.674894e+00 7.103321e+00 1.045759e+01 9.255270e-01
5.011872e-03 7.558323e+00 7.054132e+00 1.033871e+01 9.332933e-01
5.128614e-03 7.442965e+00 7.004323e+00 1.022048e+01 9.410661e-01
5.248075e-03 7.328827e+00 6.953932e+00 1.010291e+01 9.488465e-01
5.370318e-03 7.215911e+00 6.902995e+00 9.986026e+00 9.566353e-01
5.495409e-03 7.104220e+00 6.851547e+00 9.869834e+00 9.644334e-01
5.623413e-03 6.993753e+00 6.799620e+00 9.754353e+00 9.722419e-01
5.754399e-03 6.884510e+00 6.747245e+00 9.639595e+00 9.800618e-01
5.888437e-03 6.776489e+00 6.694453e+00 9.525571e+00 9.878941e-01
6.025596e-03 6.669685e+00 6.641271e+00 9.412289e+00 9.957398e-01
6.165950e-03 6.564097e+00 6.587726e+00 9.299758e+00 1.003600e+00
6.309573e-03 6.459717e+00 6.533843e+00 9.187984e+00 1.011475e+00
6.456542e-03 6.356543e+00 6.479644e+00 9.076972e+00 1.019366e+00
6.606934e-03 6.254568e+00 6.425152e+00 8.966727e+00 1.027274e+00
6.760830e-03 6.153787e+00 6.370388e+00 8.857253e+00 1.035198e+00
6.918310e-03 6.054194e+00 6.315370e+00 8.748552e+00 1.043140e+00
7.079458e-03 5.955783e+00 6.260117e+00 8.640626e+00 1.051099e+00
7.244360e-03 5.858549e+00 6.204646e+00 8.533477e+00 1.059075e+00
7.413102e-03 5.762488e+00 6.148972e+00 8.427106e+00 1.067069e+00
7.585776e-03 5.667593e+00 6.093111e+00 8.321515e+00 1.075079e+00
7.762471e-03 5.573860e+00 6.037076e+00 8.216703e+00 1.083105e+00
7.943282e-03 5.481286e+00 5.980882e+00 8.112672e+00 1.091146e+00
8.128305e-03 5.389865e+00 5.924542e+00 8.009422e+00 1.099200e+00
8.317638e-03 5.299596e+00 5.868067e+00 7.906954e+00 1.107267e+00
8.511380e-03 5.210474e+00 5.811470e+00 7.805269e+00 1.115344e+00
8.709636e-03 5.122497e+00 5.754763e+00 7.704367e+00 1.123429e+00
8.912509e-03 5.035663e+00 5.697957e+00 7.604250e+00 1.131521e+00
9.120108e-03 4.949970e+00 5.641064e+00 7.504919e+00 1.139616e+00
9.332543e-03 4.865417e+00 5.584095e+00 7.406376e+00 1.147712e+00
9.549926e-03 4.782002e+00 5.527062e+00 7.308622e+00 1.155805e+00
9.772372e-03 4.699725e+00 5.469976e+00 7.211661e+00 1.163893e+00
1.000000e-02 4.618585e+00 5.412850e+00 7.115495e+00 1.171971e+00
1.023293e-02 4.538582e+00 5.355694e+00 7.020127e+00 1.180037e+00
1.047129e-02 4.459714e+00 5.298521e+00 6.925560e+00 1.188085e+00
1.071519e-02 4.381982e+00 5.241344e+00 6.831797e+00 1.196113e+00
1.096478e-02 4.305385e+00 5.184175e+00 6.738844e+00 1.204114e+00
1.122018e-02 4.229923e+00 5.127028e+00 6.646704e+00 1.212085e+00
1.148154e-02 4.155596e+00 5.069916e+00 6.555381e+00 1.220021e+00
1.174898e-02 4.082401e+00 5.012852e+00 6.464880e+00 1.227918e+00
1.202264e-02 4.010338e+00 4.955850e+00 6.375207e+00 1.235769e+00
1.230269e-02 3.939406e+00 4.898925e+00 6.286365e+00 1.243569e+00
1.258925e-02 3.869603e+00 4.842091e+00 6.198360e+00 1.251315e+00
1.288250e-02 3.800926e+00 4.785363e+00 6.111198e+00 1.258999e+00
1.318257e-02 3.733374e+00 4.728755e+00 6.024882e+00 1.266617e+00
1.348963e-02 3.666942e+00 4.672284e+00 5.939419e+00 1.274164e+00
1.380384e-02 3.601627e+00 4.615964e+00 5.854813e+00 1.281633e+00
1.412538e-02 3.537425e+00 4.559810e+00 5.771069e+00 1.289020e+00
1.445440e-02 3.474331e+00 4.503838e+00 5.688192e+00 1.296318e+00
1.479108e-02 3.412339e+00 4.448063e+00 5.606187e+00 1.303523e+00
1.513561e-02 3.351445e+00 4.392501e+00 5.525056e+00 1.310629e+00
1.548817e-02 3.291640e+00 4.337167e+00 5.444805e+00 1.317631e+00
1.584893e-02 3.232918e+00 4.282075e+00 5.365438e+00 1.324523e+00
1.621810e-02 3.175271e+00 4.227241e+00 5.286957e+00 1.331301e+00
1.659587e-02 3.118691e+00 4.172679e+00 5.209365e+00 1.337959e+00
1.698244e-02 3.063168e+00 4.118404e+00 5.132665e+00 1.344492e+00
1.737801e-02 3.008694e+00 4.064430e+00 5.056860e+00 1.350895e+00
1.778279e-02 2.955258e+00 4.010771e+00 4.981951e+00 1.357164e+00
1.819701e-02 2.902850e+00 3.957439e+00 4.907939e+00 1.363294e+00
1.862087e-02 2.851459e+00 3.904449e+00 4.834826e+00 1.369281e+00
1.905461e-02 2.801073e+00 3.851813e+00 4.762612e+00 1.375121e+00
1.949845e-02 2.751680e+00 3.799542e+00 4.691297e+00 1.380808e+00
1.995262e-02 2.703269e+00 3.747649e+00 4.620880e+00 1.386340e+00
2.041738e-02 2.655826e+00 3.696144e+00 4.551362e+00 1.391712e+00
2.089296e-02 2.609339e+00 3.645039e+00 4.482740e+00 1.396921e+00
2.137962e-02 2.563794e+00 3.594344e+00 4.415014e+00 1.401963e+00
2.187762e-02 2.519178e+00 3.544067e+00 4.348180e+00 1.406835e+00
2.238721e-02 2.475477e+00 3.494220e+00 4.282238e+00 1.411534e+00
2.290868e-02 2.432678e+00 3.444809e+00 4.217183e+00 1.416057e+00
2.344229e-02 2.390765e+00 3.395844e+00 4.153012e+00 1.420401e+00
2.398833e-02 2.349725e+00 3.347331e+00 4.089723e+00 1.424563e+00
2.454709e-02 2.309544e+00 3.299279e+00 4.027311e+00 1.428542e+00
2.511886e-02 2.270206e+00 3.251693e+00 3.965771e+00 1.432334e+00
2.570396e-02 2.231698e+00 3.204580e+00 3.905100e+00 1.435938e+00
2.630268e-02 2.194004e+00 3.157946e+00 3.845293e+00 1.439353e+00
2.691535e-02 2.157111e+00 3.111795e+00 3.786344e+00 1.442575e+00
2.754229e-02 2.121003e+00 3.066133e+00 3.728247e+00 1.445605e+00
2.818383e-02 2.085667e+00 3.020963e+00 3.670998e+00 1.448440e+00
2.884032e-02 2.051086e+00 2.976290e+00 3.614589e+00 1.451080e+00
2.951209e-02 2.017247e+00 2.932117e+00 3.559016e+00 1.453524e+00
3.019952e-02 1.984136e+00 2.888446e+00 3.504271e+00 1.455771e+00
3.090295e-02 1.951737e+00 2.845281e+00 3.450348e+00 1.457820e+00
3.162278e-02 1.920037e+00 2.802624e+00 3.397240e+00 1.459672e+00
3.235937e-02 1.889020e+00 2.760476e+00 3.344940e+00 1.461327e+00
3.311311e-02 1.858674e+00 2.718839e+00 3.293441e+00 1.462784e+00
3.388442e-02 1.828984e+00 2.677714e+00 3.242736e+00 1.464044e+00
3.467369e-02 1.799936e+00 2.637101e+00 3.192816e+00 1.465108e+00
3.548134e-02 1.771516e+00 2.597001e+00 3.143674e+00 1.465976e+00
3.630781e-02 1.743711e+00 2.557414e+00 3.095302e+00 1.466650e+00
3.715352e-02 1.716507e+00 2.518340e+00 3.047693e+00 1.467131e+00
3.801894e-02 1.689890e+00 2.479777e+00 3.000837e+00 1.467419e+00
3.890451e-02 1.663848e+00 2.441726e+00 2.954728e+00 1.467517e+00
3.981072e-02 1.638368e+00 2.404184e+00 2.909356e+00 1.467427e+00
4.073803e-02 1.613435e+00 2.367151e+00 2.864713e+00 1.467150e+00
4.168694e-02 1.589039e+00 2.330624e+00 2.820790e+00 1.466688e+00
4.265795e-02 1.565166e+00 2.294602e+00 2.777579e+00 1.466043e+00
4.365158e-02 1.541805e+00 2.259081e+00 2.735070e+00 1.465219e+00
4.466836e-02 1.518942e+00 2.224061e+00 2.693256e+00 1.464217e+00
4.570882e-02 1.496566e+00 2.189536e+00 2.652127e+00 1.463040e+00
4.677351e-02 1.474666e+00 2.155506e+00 2.611675e+00 1.461691e+00
4.786301e-02 1.453230e+00 2.121966e+00 2.571890e+00 1.460172e+00
4.897788e-02 1.432247e+00 2.088912e+00 2.532763e+00 1.458486e+00
5.011872e-02 1.411706e+00 2.056342e+00 2.494285e+00 1.456637e+00
5.128614e-02 1.391596e+00 2.024252e+00 2.456447e+00 1.454626e+00
5.248075e-02 1.371906e+00 1.992636e+00 2.419241e+00 1.452458e+00
5.370318e-02 1.352627e+00 1.961492e+00 2.382657e+00 1.450135e+00
5.495409e-02 1.333749e+00 1.930815e+00 2.346686e+00 1.447660e+00
5.623413e-02 1.315262e+00 1.900601e+00 2.311319e+00 1.445036e+00
5.754399e-02 1.297155e+00 1.870844e+00 2.276548e+00 1.442267e+00
5.888437e-02 1.279422e+00 1.841541e+00 2.242363e+00 1.439354e+00
6.025596e-02 1.262051e+00 1.812686e+00 2.208756e+00 1.436302e+00
6.165950e-02 1.245035e+00 1.784276e+00 2.175719e+00 1.433113e+00
6.309573e-02 1.228365e+00 1.756304e+00 2.143241e+00 1.429790e+00
6.456542e-02 1.212033e+00 1.728766e+00 2.111316e+00 1.426336e+00
6.606934e-02 1.196031e+00 1.701658e+00 2.079935e+00 1.422754e+00
6.760830e-02 1.180352e+00 1.674974e+00 2.049089e+00 1.419046e+00
6.918310e-02 1.164987e+00 1.648709e+00 2.018771e+00 1.415216e+00
7.079458e-02 1.149931e+00 1.622858e+00 1.988972e+00 1.411266e+00
7.244360e-02 1.135175e+00 1.597417e+00 1.959685e+00 1.407200e+00
7.413102e-02 1.120713e+00 1.572381e+00 1.930901e+00 1.403019e+00
7.585776e-02 1.106538e+00 1.547745e+00 1.902614e+00 1.398727e+00
7.762471e-02 1.092644e+00 1.523503e+00 1.874816e+00 1.394326e+00
7.943282e-02 1.079026e+00 1.499652e+00 1.847499e+00 1.389820e+00
8.128305e-02 1.065676e+00 1.476186e+00 1.820656e+00 1.385211e+00
8.317638e-02 1.052589e+00 1.453101e+00 1.794282e+00 1.380502e+00
8.511380e-02 1.039759e+00 1.430393e+00 1.768367e+00 1.375696e+00
8.709636e-02 1.027182e+00 1.408057e+00 1.742907e+00 1.370796e+00
8.912509e-02 1.014850e+00 1.386088e+00 1.717894e+00 1.365805e+00
9.120108e-02 1.002760e+00 1.364483e+00 1.693322e+00 1.360727e+00
9.332543e-02 9.909058e-01 1.343236e+00 1.669185e+00 1.355564e+00
9.549926e-02 9.792825e-01 1.322345e+00 1.645476e+00 1.350321e+00
9.772372e-02 9.678850e-01 1.301805e+00 1.622189e+00 1.345000e+00
1.000000e-01 9.567086e-01 1.281612e+00 1.599319e+00 1.339606e+00
1.023293e-01 9.457484e-01 1.261763e+00 1.576859e+00 1.334142e+00
1.047129e-01 9.349998e-01 1.242253e+00 1.554804e+00 1.328613e+00
1.071519e-01 9.244579e-01 1.223078e+00 1.533148e+00 1.323022e+00
1.096478e-01 9.141182e-01 1.204236e+00 1.511885e+00 1.317375e+00
1.122018e-01 9.039761e-01 1.185723e+00 1.491010e+00 1.311675e+00
1.148154e-01 8.940270e-01 1.167534e+00 1.470517e+00 1.305927e+00
1.174898e-01 8.842664e-01 1.149668e+00 1.450401e+00 1.300137e+00
1.202264e-01 8.746898e-01 1.132119e+00 1.430656e+00 1.294310e+00
1.230269e-01 8.652927e-01 1.114886e+00 1.411277e+00 1.288450e+00
1.258925e-01 8.560706e-01 1.097965e+00 1.392258e+00 1.282563e+00
1.288250e-01 8.470191e-01 1.081352e+00 1.373595e+00 1.276656e+00
1.318257e-01 8.381337e-01 1.065044e+00 1.355281e+00 1.270733e+00
1.348963e-01 8.294100e-01 1.049038e+00 1.337312e+00 1.264801e+00
1.380384e-01 8.208435e-01 1.033332e+00 1.319681e+00 1.258866e+00
1.412538e-01 8.124299e-01 1.017921e+00 1.302384e+00 1.252934e+00
1.445440e-01 8.041647e-01 1.002802e+00 1.285416e+00 1.247011e+00
1.479108e-01 7.960435e-01 9.879734e-01 1.268770e+00 1.241105e+00
1.513561e-01 7.880619e-01 9.734308e-01 1.252441e+00 1.235221e+00
1.548817e-01 7.802155e-01 9.591714e-01 1.236425e+00 1.229367e+00
1.584893e-01 7.725000e-01 9.451919e-01 1.220715e+00 1.223549e+00
1.621810e-01 7.649108e-01 9.314891e-01 1.205305e+00 1.217775e+00
1.659587e-01 7.574437e-01 9.180599e-01 1.190191e+00 1.212050e+00
1.698244e-01 7.500943e-01 9.049010e-01 1.175367e+00 1.206383e+00
1.737801e-01 7.428583e-01 8.920091e-01 1.160827e+00 1.200780e+00
1.778279e-01 7.357313e-01 8.793808e-01 1.146565e+00 1.195247e+00
1.819701e-01 7.287091e-01 8.670129e-01 1.132576e+00 1.189793e+00
1.862087e-01 7.217874e-01 8.549019e-01 1.118854e+00 1.184423e+00
1.905461e-01 7.149620e-01 8.430443e-01 1.105393e+00 1.179146e+00
1.949845e-01 7.082287e-01 8.314368e-01 1.092188e+00 1.173967e+00
1.995262e-01 7.015832e-01 8.200757e-01 1.079233e+00 1.168893e+00
2.041738e-01 6.950215e-01 8.089575e-01 1.066521e+00 1.163932e+00
2.089296e-01 6.885396e-01 7.980785e-01 1.054047e+00 1.159089e+00
2.137962e-01 6.821333e-01 7.874351e-01 1.041806e+00 1.154371e+00
2.187762e-01 6.757987e-01 7.770234e-01 1.029791e+00 1.149785e+00
2.238721e-01 6.695320e-01 7.668396e-01 1.017996e+00 1.145337e+00
2.290868e-01 6.633292e-01 7.568800e-01 1.006416e+00 1.141032e+00
2.344229e-01 6.571866e-01 7.471405e-01 9.950443e-01 1.136877e+00
2.398833e-01 6.511005e-01 7.376172e-01 9.838755e-01 1.132878e+00
2.454709e-01 6.450672e-01 7.283061e-01 9.729036e-01 1.129039e+00
2.511886e-01 6.390833e-01 7.192030e-01 9.621229e-01 1.125367e+00
2.570396e-01 6.331452e-01 7.103038e-01 9.515274e-01 1.121866e+00
2.630268e-01 6.272496e-01 7.016043e-01 9.411114e-01 1.118541e+00
2.691535e-01 6.213932e-01 6.931003e-01 9.308692e-01 1.115397e+00
2.754229e-01 6.155728e-01 6.847875e-01 9.207952e-01 1.112439e+00
2.818383e-01 6.097855e-01 6.766614e-01 9.108836e-01 1.109671e+00
2.884032e-01 6.040282e-01 6.687177e-01 9.011290e-01 1.107097e+00
2.951209e-01 5.982981e-01 6.609520e-01 8.915258e-01 1.104720e+00
3.019952e-01 5.925926e-01 6.533598e-01 8.820686e-01 1.102545e+00
3.090295e-01 5.869089e-01 6.459366e-01 8.727520e-01 1.100574e+00
3.162278e-01 5.812447e-01 6.386778e-01 8.635709e-01 1.098811e+00
3.235937e-01 5.755976e-01 6.315790e-01 8.545201e-01 1.097258e+00
3.311311e-01 5.699655e-01 6.246354e-01 8.455945e-01 1.095918e+00
3.388442e-01 5.643462e-01 6.178426e-01 8.367892e-01 1.094794e+00
3.467369e-01 5.587378e-01 6.111959e-01 8.280993e-01 1.093887e+00
3.548134e-01 5.531386e-01 6.046908e-01 8.195202e-01 1.093199e+00
3.630781e-01 5.475470e-01 5.983226e-01 8.110473e-01 1.092733e+00
3.715352e-01 5.419614e-01 5.920867e-01 8.026761e-01 1.092489e+00
3.801894e-01 5.363805e-01 5.859786e-01 7.944023e-01 1.092468e+00
3.890451e-01 5.308032e-01 5.799938e-01 7.862219e-01 1.092672e+00
3.981072e-01 5.252283e-01 5.741276e-01 7.781306e-01 1.093101e+00
4.073803e-01 5.196550e-01 5.683757e-01 7.701248e-01 1.093756e+00
4.168694e-01 5.140826e-01 5.627335e-01 7.622007e-01 1.094636e+00
4.265795e-01 5.085104e-01 5.571968e-01 7.543547e-01 1.095743e+00
4.365158e-01 5.029379e-01 5.517611e-01 7.465835e-01 1.097076e+00
4.466836e-01 4.973649e-01 5.464223e-01 7.388838e-01 1.098635e+00
4.570882e-01 4.917912e-01 5.411760e-01 7.312524e-01 1.100418e+00
4.677351e-01 4.862168e-01 5.360183e-01 7.236867e-01 1.102427e+00
4.786301e-01 4.806417e-01 5.309450e-01 7.161837e-01 1.104659e+00
4.897788e-01 4.750661e-01 5.259523e-01 7.087409e-01 1.107114e+00
5.011872e-01 4.694904e-01 5.210363e-01 7.013558e-01 1.109791e+00
5.128614e-01 4.639150e-01 5.161932e-01 6.940263e-01 1.112689e+00
5.248075e-01 4.583406e-01 5.114194e-01 6.867502e-01 1.115806e+00
5.370318e-01 4.527678e-01 5.067114e-01 6.795256e-01 1.119142e+00
5.495409e-01 4.471973e-01 5.020658e-01 6.723507e-01 1.122694e+00
5.623413e-01 4.416301e-01 4.974792e-01 6.652238e-01 1.126461e+00
5.754399e-01 4.360671e-01 4.929487e-01 6.581435e-01 1.130442e+00
5.888437e-01 4.305094e-01 4.884710e-01 6.511085e-01 1.134635e+00
6.025596e-01 4.249580e-01 4.840433e-01 6.441174e-01 1.139038e+00
6.165950e-01 4.194141e-01 4.796629e-01 6.371693e-01 1.143650e+00
6.309573e-01 4.138790e-01 4.753271e-01 6.302632e-01 1.148469e+00
6.456542e-01 4.083539e-01 4.710333e-01 6.233982e-01 1.153493e+00
6.606934e-01 4.028403e-01 4.667793e-01 6.165737e-01 1.158720e+00
6.760830e-01 3.973393e-01 4.625627e-01 6.097891e-01 1.164150e+00
6.918310e-01 3.918525e-01 4.583815e-01 6.030439e-01 1.169781e+00
7.079458e-01 3.863812e-01 4.542338e-01 5.963378e-01 1.175611e+00
7.244360e-01 3.809268e-01 4.501176e-01 5.896703e-01 1.181638e+00
7.413102e-01 3.754908e-01 4.460313e-01 5.830414e-01 1.187862e+00
7.585776e-01 3.700746e-01 4.419732e-01 5.764508e-01 1.194281e+00
7.762471e-01 3.646797e-01 4.379420e-01 5.698986e-01 1.200895e+00
7.943282e-01 3.593073e-01 4.339363e-01 5.633848e-01 1.207702e+00
8.128305e-01 3.539589e-01 4.299548e-01 5.569093e-01 1.214703e+00
8.317638e-01 3.486359e-01 4.259964e-01 5.504724e-01 1.221895e+00
8.511380e-01 3.433395e-01 4.220602e-01 5.440743e-01 1.229280e+00
8.709636e-01 3.380711e-01 4.181452e-01 5.377150e-01 1.236856e+00
8.912509e-01 3.328319e-01 4.142506e-01 5.313950e-01 1.244624e+00
9.120108e-01 3.276231e-01 4.103758e-01 5.251144e-01 1.252585e+00
9.332543e-01 3.224459e-01 4.065199e-01 5.188736e-01 1.260739e+00
9.549926e-01 3.173014e-01 4.026827e-01 5.126729e-01 1.269086e+00
9.772372e-01 3.121906e-01 3.988634e-01 5.065125e-01 1.277628e+00
1.000000e+00 3.071145e-01 3.950618e-01 5.003930e-01 1.286367e+00
1.023293e+00 3.020741e-01 3.912775e-01 4.943145e-01 1.295303e+00
1.047129e+00 2.970703e-01 3.875102e-01 4.882775e-01 1.304439e+00
1.071519e+00 2.921039e-01 3.837596e-01 4.822822e-01 1.313778e+00
1.096478e+00 2.871756e-01 3.800257e-01 4.763290e-01 1.323322e+00
1.122018e+00 2.822862e-01 3.763082e-01 4.704183e-01 1.333073e+00
1.148154e+00 2.774363e-01 3.726070e-01 4.645502e-01 1.343036e+00
1.174898e+00 2.726265e-01 3.689221e-01 4.587252e-01 1.353214e+00
1.202264e+00 2.678574e-01 3.652534e-01 4.529433e-01 1.363612e+00
1.230269e+00 2.631294e-01 3.616009e-01 4.472050e-01 1.374232e+00
1.258925e+00 2.584429e-01 3.579646e-01 4.415103e-01 1.385082e+00
1.288250e+00 2.537983e-01 3.543443e-01 4.358595e-01 1.396165e+00
1.318257e+00 2.491960e-01 3.507403e-01 4.302527e-01 1.407488e+00
1.348963e+00 2.446362e-01 3.471524e-01 4.246900e-01 1.419056e+00
1.380384e+00 2.401191e-01 3.435807e-01 4.191716e-01 1.430876e+00
1.412538e+00 2.356449e-01 3.400251e-01 4.136975e-01 1.442955e+00
1.445440e+00 2.312139e-01 3.364857e-01 4.082677e-01 1.455301e+00
1.479108e+00 2.268260e-01 3.329625e-01 4.028822e-01 1.467921e+00
1.513561e+00 2.224813e-01 3.294555e-01 3.975410e-01 1.480823e+00
1.548817e+00 2.181800e-01 3.259645e-01 3.922440e-01 1.494016e+00
1.584893e+00 2.139221e-01 3.224896e-01 3.869912e-01 1.507510e+00
1.621810e+00 2.097074e-01 3.190308e-01 3.817824e-01 1.521314e+00
1.659587e+00 2.055361e-01 3.155878e-01 3.766175e-01 1.535437e+00
1.698244e+00 2.014082e-01 3.121607e-01 3.714964e-01 1.549891e+00
1.737801e+00 1.973234e-01 3.087493e-01 3.664187e-01 1.564686e+00
1.778279e+00 1.932819e-01 3.053535e-01 3.613843e-01 1.579835e+00
1.819701e+00 1.892835e-01 3.019731e-01 3.563930e-01 1.595348e+00
1.862087e+00 1.853282e-01 2.986079e-01 3.514445e-01 1.611238e+00
1.905461e+00 1.814160e-01 2.952579e-01 3.465386e-01 1.627519e+00
1.949845e+00 1.775467e-01 2.919227e-01 3.416749e-01 1.644202e+00
1.995262e+00 1.737204e-01 2.886022e-01 3.368531e-01 1.661303e+00
2.041738e+00 1.699370e-01 2.852962e-01 3.320730e-01 1.678835e+00
2.089296e+00 1.661965e-01 2.820044e-01 3.273343e-01 1.696813e+00
2.137962e+00 1.624988e-01 2.787265e-01 3.226365e-01 1.715253e+00
2.187762e+00 1.588440e-01 2.754624e-01 3.179795e-01 1.734169e+00
2.238721e+00 1.552322e-01 2.722118e-01 3.133629e-01 1.753578e+00
2.290868e+00 1.516633e-01 2.689744e-01 3.087863e-01 1.773497e+00
2.344229e+00 1.481375e-01 2.657500e-01 3.042495e-01 1.793942e+00
2.398833e+00 1.446547e-01 2.625383e-01 2.997521e-01 1.814930e+00
2.454709e+00 1.412152e-01 2.593391e-01 2.952939e-01 1.836481e+00
2.511886e+00 1.378190e-01 2.561521e-01 2.908746e-01 1.858612e+00
2.570396e+00 1.344664e-01 2.529773e-01 2.864938e-01 1.881342e+00
2.630268e+00 1.311574e-01 2.498143e-01 2.821514e-01 1.904690e+00
2.691535e+00 1.278923e-01 2.466629e-01 2.778472e-01 1.928677e+00
2.754229e+00 1.246713e-01 2.435232e-01 2.735808e-01 1.953321e+00
2.818383e+00 1.214947e-01 2.403948e-01 2.693522e-01 1.978644e+00
2.884032e+00 1.183626e-01 2.372776e-01 2.651611e-01 2.004668e+00
2.951209e+00 1.152753e-01 2.341718e-01 2.610073e-01 2.031412e+00
3.019952e+00 1.122332e-01 2.310770e-01 2.568908e-01 2.058900e+00
3.090295e+00 1.092365e-01 2.279935e-01 2.528115e-01 2.087154e+00
3.162278e+00 1.062855e-01 2.249211e-01 2.487692e-01 2.116197e+00
3.235937e+00 1.033805e-01 2.218599e-01 2.447639e-01 2.146052e+00
3.311311e+00 1.005218e-01 2.188101e-01 2.407956e-01 2.176742e+00
3.388442e+00 9.770978e-02 2.157718e-01 2.368642e-01 2.208292e+00
3.467369e+00 9.494464e-02 2.127451e-01 2.329699e-01 2.240728e+00
3.548134e+00 9.222672e-02 2.097303e-01 2.291125e-01 2.274073e+00
3.630781e+00 8.955629e-02 2.067275e-01 2.252923e-01 2.308353e+00
3.715352e+00 8.693364e-02 2.037372e-01 2.215092e-01 2.343595e+00
3.801894e+00 8.435901e-02 2.007596e-01 2.177634e-01 2.379825e+00
3.890451e+00 8.183264e-02 1.977952e-01 2.140549e-01 2.417070e+00
3.981072e+00 7.935474e-02 1.948442e-01 2.103840e-01 2.455357e+00
4.073803e+00 7.692551e-02 1.919072e-01 2.067508e-01 2.494715e+00
4.168694e+00 7.454510e-02 1.889846e-01 2.031555e-01 2.535171e+00
4.265795e+00 7.221364e-02 1.860769e-01 1.995982e-01 2.576756e+00
4.365158e+00 6.993123e-02 1.831847e-01 1.960791e-01 2.619497e+00
4.466836e+00 6.769794e-02 1.803085e-01 1.925984e-01 2.663426e+00
4.570882e+00 6.551378e-02 1.774488e-01 1.891564e-01 2.708572e+00
4.677351e+00 6.337875e-02 1.746064e-01 1.857532e-01 2.754967e+00
4.786301e+00 6.129278e-02 1.717818e-01 1.823891e-01 2.802642e+00
4.897788e+00 5.925579e-02 1.689756e-01 1.790642e-01 2.851630e+00
5.011872e+00 5.726764e-02 1.661885e-01 1.757788e-01 2.901962e+00
5.128614e+00 5.532814e-02 1.634212e-01 1.725331e-01 2.953672e+00
5.248075e+00 5.343707e-02 1.606743e-01 1.693273e-01 3.006794e+00
5.370318e+00 5.159416e-02 1.579484e-01 1.661616e-01 3.061363e+00
5.495409e+00 4.979911e-02 1.552443e-01 1.630361e-01 3.117412e+00
5.623413e+00 4.805155e-02 1.525626e-01 1.599510e-01 3.174979e+00
5.754399e+00 4.635110e-02 1.499040e-01 1.569065e-01 3.234098e+00
5.888437e+00 4.469731e-02 1.472691e-01 1.539027e-01 3.294808e+00
6.025596e+00 4.308972e-02 1.446584e-01 1.509397e-01 3.357146e+00
6.165950e+00 4.152779e-02 1.420728e-01 1.480177e-01 3.421149e+00
6.309573e+00 4.001099e-02 1.395126e-01 1.451367e-01 3.486858e+00
6.456542e+00 3.853872e-02 1.369786e-01 1.422968e-01 3.554312e+00
6.606934e+00 3.711036e-02 1.344713e-01 1.394981e-01 3.623551e+00
6.760830e+00 3.572526e-02 1.319912e-01 1.367405e-01 3.694617e+00
6.918310e+00 3.438274e-02 1.295387e-01 1.340241e-01 3.767552e+00
7.079458e+00 3.308207e-02 1.271145e-01 1.313489e-01 3.842399e+00
7.244360e+00 3.182254e-02 1.247189e-01 1.287148e-01 3.919202e+00
7.413102e+00 3.060337e-02 1.223524e-01 1.261217e-01 3.998005e+00
7.585776e+00 2.942379e-02 1.200154e-01 1.235696e-01 4.078855e+00
7.762471e+00 2.828301e-02 1.177081e-01 1.210584e-01 4.161797e+00
7.943282e+00 2.718020e-02 1.154311e-01 1.185879e-01 4.246880e+00
8.128305e+00 2.611455e-02 1.131844e-01 1.161580e-01 4.334151e+00
8.317638e+00 2.508521e-02 1.109685e-01 1.137685e-01 4.423661e+00
8.511380e+00 2.409133e-02 1.087834e-01 1.114192e-01 4.515459e+00
8.709636e+00 2.313207e-02 1.066295e-01 1.091098e-01 4.609599e+00
8.912509e+00 2.220655e-02 1.045069e-01 1.068402e-01 4.706131e+00
9.120108e+00 2.131392e-02 1.024158e-01 1.046101e-01 4.805111e+00
9.332543e+00 2.045332e-02 1.003561e-01 1.024192e-01 4.906593e+00
9.549926e+00 1.962388e-02 9.832807e-02 1.002672e-01 5.010634e+00
9.772372e+00 1.882474e-02 9.633165e-02 9.815375e-02 5.117290e+00
1.000000e+01 1.805504e-02 9.436689e-02 9.607858e-02 5.226622e+00
