1.000000e-06 3.748118e+01 3.754760e-01 3.748306e+01 1.001772e-02
1.023293e-06 3.748088e+01 3.842166e-01 3.748285e+01 1.025100e-02
1.047129e-06 3.748056e+01 3.931604e-01 3.748262e+01 1.048971e-02
1.071519e-06 3.748023e+01 4.023121e-01 3.748239e+01 1.073398e-02
1.096478e-06 3.747989e+01 4.116766e-01 3.748215e+01 1.098393e-02
1.122018e-06 3.747953e+01 4.212587e-01 3.748190e+01 1.123970e-02
1.148154e-06 3.747915e+01 4.310635e-01 3.748163e+01 1.150142e-02
1.174898e-06 3.747876e+01 4.410962e-01 3.748135e+01 1.176923e-02
1.202264e-06 3.747834e+01 4.513619e-01 3.748106e+01 1.204327e-02
1.230269e-06 3.747791e+01 4.618662e-01 3.748075e+01 1.232369e-02
1.258925e-06 3.747745e+01 4.726144e-01 3.748043e+01 1.261063e-02
1.288250e-06 3.747698e+01 4.836123e-01 3.748010e+01 1.290425e-02
1.318257e-06 3.747648e+01 4.948657e-01 3.747975e+01 1.320470e-02
1.348963e-06 3.747596e+01 5.063803e-01 3.747938e+01 1.351214e-02
1.380384e-06 3.747542e+01 5.181623e-01 3.747900e+01 1.382672e-02
1.412538e-06 3.747484e+01 5.302177e-01 3.747859e+01 1.414863e-02
1.445440e-06 3.747425e+01 5.425530e-01 3.747817e+01 1.447802e-02
1.479108e-06 3.747362e+01 5.551745e-01 3.747773e+01 1.481507e-02
1.513561e-06 3.747296e+01 5.680888e-01 3.747727e+01 1.515996e-02
1.548817e-06 3.747228e+01 5.813027e-01 3.747679e+01 1.551287e-02
1.584893e-06 3.747156e+01 5.948231e-01 3.747628e+01 1.587399e-02
1.621810e-06 3.747081e+01 6.086570e-01 3.747575e+01 1.624350e-02
1.659587e-06 3.747002e+01 6.228116e-01 3.747519e+01 1.662160e-02
1.698244e-06 3.746919e+01 6.372942e-01 3.747461e+01 1.700849e-02
1.737801e-06 3.746833e+01 6.521125e-01 3.747400e+01 1.740437e-02
1.778279e-06 3.746742e+01 6.672741e-01 3.747337e+01 1.780945e-02
1.819701e-06 3.746648e+01 6.827868e-01 3.747270e+01 1.822394e-02
1.862087e-06 3.746549e+01 6.986586e-01 3.747200e+01 1.864806e-02
1.905461e-06 3.746445e+01 7.148979e-01 3.747127e+01 1.908204e-02
1.949845e-06 3.746336e+01 7.315130e-01 3.747050e+01 1.952609e-02
1.995262e-06 3.746222e+01 7.485125e-01 3.746970e+01 1.998046e-02
2.041738e-06 3.746103e+01 7.659050e-01 3.746886e+01 2.044538e-02
2.089296e-06 3.745978e+01 7.836997e-01 3.746798e+01 2.092110e-02
2.137962e-06 3.745848e+01 8.019056e-01 3.746706e+01 2.140786e-02
2.187762e-06 3.745711e+01 8.205321e-01 3.746609e+01 2.190591e-02
2.238721e-06 3.745568e+01 8.395888e-01 3.746508e+01 2.241553e-02
2.290868e-06 3.745418e+01 8.590853e-01 3.746403e+01 2.293697e-02
2.344229e-06 3.745261e+01 8.790317e-01 3.746292e+01 2.347051e-02
2.398833e-06 3.745096e+01 8.994381e-01 3.746176e+01 2.401642e-02
2.454709e-06 3.744924e+01 9.203149e-01 3.746055e+01 2.457500e-02
2.511886e-06 3.744744e+01 9.416728e-01 3.745928e+01 2.514652e-02
2.570396e-06 3.744555e+01 9.635224e-01 3.745795e+01 2.573129e-02
2.630268e-06 3.744358e+01 9.858750e-01 3.745656e+01 2.632962e-02
2.691535e-06 3.744151e+01 1.008742e+00 3.745510e+01 2.694180e-02
2.754229e-06 3.743935e+01 1.032134e+00 3.745357e+01 2.756817e-02
2.818383e-06 3.743708e+01 1.056064e+00 3.745197e+01 2.820904e-02
2.884032e-06 3.743471e+01 1.080544e+00 3.745030e+01 2.886475e-02
2.951209e-06 3.743223e+01 1.105585e+00 3.744855e+01 2.953564e-02
3.019952e-06 3.742963e+01 1.131200e+00 3.744672e+01 3.022205e-02
3.090295e-06 3.742690e+01 1.157402e+00 3.744480e+01 3.092433e-02
3.162278e-06 3.742406e+01 1.184204e+00 3.744279e+01 3.164286e-02
3.235937e-06 3.742107e+01 1.211619e+00 3.744068e+01 3.237799e-02
3.311311e-06 3.741795e+01 1.239661e+00 3.743848e+01 3.313011e-02
3.388442e-06 3.741468e+01 1.268343e+00 3.743617e+01 3.389960e-02
3.467369e-06 3.741126e+01 1.297679e+00 3.743376e+01 3.468686e-02
3.548134e-06 3.740768e+01 1.327684e+00 3.743123e+01 3.549228e-02
3.630781e-06 3.740393e+01 1.358372e+00 3.742859e+01 3.631629e-02
3.715352e-06 3.740001e+01 1.389758e+00 3.742582e+01 3.715929e-02
3.801894e-06 3.739590e+01 1.421857e+00 3.742292e+01 3.802172e-02
3.890451e-06 3.739160e+01 1.454684e+00 3.741989e+01 3.890402e-02
3.981072e-06 3.738710e+01 1.488255e+00 3.741671e+01 3.980664e-02
4.073803e-06 3.738239e+01 1.522586e+00 3.741339e+01 4.073002e-02
4.168694e-06 3.737746e+01 1.557692e+00 3.740991e+01 4.167464e-02
4.265795e-06 3.737230e+01 1.593591e+00 3.740626e+01 4.264096e-02
4.365158e-06 3.736690e+01 1.630299e+00 3.740245e+01 4.362949e-02
4.466836e-06 3.736125e+01 1.667832e+00 3.739846e+01 4.464070e-02
4.570882e-06 3.735534e+01 1.706209e+00 3.739428e+01 4.567511e-02
4.677351e-06 3.734915e+01 1.745446e+00 3.738991e+01 4.673322e-02
4.786301e-06 3.734267e+01 1.785561e+00 3.738534e+01 4.781557e-02
4.897788e-06 3.733589e+01 1.826573e+00 3.738055e+01 4.892269e-02
5.011872e-06 3.732880e+01 1.868498e+00 3.737554e+01 5.005513e-02
5.128614e-06 3.732138e+01 1.911356e+00 3.737029e+01 5.121343e-02
5.248075e-06 3.731362e+01 1.955165e+00 3.736480e+01 5.239818e-02
5.370318e-06 3.730549e+01 1.999945e+00 3.735906e+01 5.360994e-02
5.495409e-06 3.729699e+01 2.045714e+00 3.735305e+01 5.484930e-02
5.623413e-06 3.728810e+01 2.092491e+00 3.734676e+01 5.611686e-02
5.754399e-06 3.727879e+01 2.140296e+00 3.734018e+01 5.741324e-02
5.888437e-06 3.726906e+01 2.189149e+00 3.733329e+01 5.873904e-02
6.025596e-06 3.725887e+01 2.239069e+00 3.732609e+01 6.009491e-02
6.165950e-06 3.724822e+01 2.290076e+00 3.731855e+01 6.148149e-02
6.309573e-06 3.723708e+01 2.342191e+00 3.731066e+01 6.289943e-02
6.456542e-06 3.722542e+01 2.395433e+00 3.730241e+01 6.434939e-02
6.606934e-06 3.721323e+01 2.449823e+00 3.729378e+01 6.583204e-02
6.760830e-06 3.720048e+01 2.505381e+00 3.728475e+01 6.734809e-02
6.918310e-06 3.718715e+01 2.562128e+00 3.727531e+01 6.889821e-02
7.079458e-06 3.717320e+01 2.620083e+00 3.726543e+01 7.048312e-02
7.244360e-06 3.715862e+01 2.679268e+00 3.725509e+01 7.210354e-02
7.413102e-06 3.714338e+01 2.739703e+00 3.724428e+01 7.376019e-02
7.585776e-06 3.712744e+01 2.801407e+00 3.723298e+01 7.545381e-02
7.762471e-06 3.711078e+01 2.864401e+00 3.722116e+01 7.718515e-02
7.943282e-06 3.709336e+01 2.928705e+00 3.720880e+01 7.895497e-02
8.128305e-06 3.707515e+01 2.994338e+00 3.719587e+01 8.076402e-02
8.317638e-06 3.705612e+01 3.061321e+00 3.718235e+01 8.261310e-02
8.511380e-06 3.703623e+01 3.129671e+00 3.716822e+01 8.450297e-02
8.709636e-06 3.701544e+01 3.199409e+00 3.715345e+01 8.643444e-02
8.912509e-06 3.699372e+01 3.270552e+00 3.713801e+01 8.840830e-02
9.120108e-06 3.697102e+01 3.343118e+00 3.712187e+01 9.042536e-02
9.332543e-06 3.694731e+01 3.417125e+00 3.710500e+01 9.248643e-02
9.549926e-06 3.692255e+01 3.492589e+00 3.708736e+01 9.459232e-02
9.772372e-06 3.689668e+01 3.569527e+00 3.706894e+01 9.674387e-02
1.000000e-05 3.686966e+01 3.647954e+00 3.704969e+01 9.894190e-02
1.023293e-05 3.684144e+01 3.727884e+00 3.702957e+01 1.011872e-01
1.047129e-05 3.681198e+01 3.809331e+00 3.700855e+01 1.034807e-01
1.071519e-05 3.678123e+01 3.892307e+00 3.698660e+01 1.058232e-01
1.096478e-05 3.674912e+01 3.976823e+00 3.696367e+01 1.082155e-01
1.122018e-05 3.671561e+01 4.062890e+00 3.693972e+01 1.106584e-01
1.148154e-05 3.668064e+01 4.150517e+00 3.691472e+01 1.131528e-01
1.174898e-05 3.664416e+01 4.239710e+00 3.688861e+01 1.156995e-01
1.202264e-05 3.660610e+01 4.330475e+00 3.686135e+01 1.182993e-01
1.230269e-05 3.656640e+01 4.422817e+00 3.683290e+01 1.209531e-01
1.258925e-05 3.652499e+01 4.516738e+00 3.680321e+01 1.236616e-01
1.288250e-05 3.648183e+01 4.612237e+00 3.677222e+01 1.264256e-01
1.318257e-05 3.643682e+01 4.709312e+00 3.673989e+01 1.292460e-01
1.348963e-05 3.638992e+01 4.807960e+00 3.670617e+01 1.321234e-01
1.380384e-05 3.634104e+01 4.908173e+00 3.667099e+01 1.350587e-01
1.412538e-05 3.629012e+01 5.009942e+00 3.663431e+01 1.380525e-01
1.445440e-05 3.623708e+01 5.113256e+00 3.659606e+01 1.411056e-01
1.479108e-05 3.618185e+01 5.218098e+00 3.655619e+01 1.442187e-01
1.513561e-05 3.612435e+01 5.324452e+00 3.651463e+01 1.473923e-01
1.548817e-05 3.606450e+01 5.432294e+00 3.647133e+01 1.506272e-01
1.584893e-05 3.600222e+01 5.541602e+00 3.642622e+01 1.539239e-01
1.621810e-05 3.593744e+01 5.652344e+00 3.637923e+01 1.572829e-01
1.659587e-05 3.587007e+01 5.764490e+00 3.633031e+01 1.607048e-01
1.698244e-05 3.580002e+01 5.878003e+00 3.627937e+01 1.641899e-01
1.737801e-05 3.572722e+01 5.992842e+00 3.622635e+01 1.677388e-01
1.778279e-05 3.565159e+01 6.108961e+00 3.617119e+01 1.713517e-01
1.819701e-05 3.557302e+01 6.226311e+00 3.611381e+01 1.750290e-01
1.862087e-05 3.549145e+01 6.344838e+00 3.605413e+01 1.787709e-01
1.905461e-05 3.540679e+01 6.464481e+00 3.599208e+01 1.825775e-01
1.949845e-05 3.531895e+01 6.585177e+00 3.592760e+01 1.864488e-01
1.995262e-05 3.522784e+01 6.706854e+00 3.586060e+01 1.903850e-01
2.041738e-05 3.513339e+01 6.829438e+00 3.579101e+01 1.943859e-01
2.089296e-05 3.503552e+01 6.952847e+00 3.571876e+01 1.984514e-01
2.137962e-05 3.493414e+01 7.076994e+00 3.564376e+01 2.025810e-01
2.187762e-05 3.482917e+01 7.201788e+00 3.556595e+01 2.067746e-01
2.238721e-05 3.472054e+01 7.327128e+00 3.548525e+01 2.110315e-01
2.290868e-05 3.460817e+01 7.452912e+00 3.540157e+01 2.153512e-01
2.344229e-05 3.449200e+01 7.579027e+00 3.531486e+01 2.197329e-01
2.398833e-05 3.437195e+01 7.705358e+00 3.522504e+01 2.241758e-01
2.454709e-05 3.424796e+01 7.831782e+00 3.513203e+01 2.286788e-01
2.511886e-05 3.411997e+01 7.958169e+00 3.503576e+01 2.332408e-01
2.570396e-05 3.398793e+01 8.084386e+00 3.493618e+01 2.378605e-01
2.630268e-05 3.385178e+01 8.210291e+00 3.483320e+01 2.425364e-01
2.691535e-05 3.371149e+01 8.335739e+00 3.472678e+01 2.472670e-01
2.754229e-05 3.356702e+01 8.460578e+00 3.461685e+01 2.520503e-01
2.818383e-05 3.341833e+01 8.584651e+00 3.450335e+01 2.568845e-01
2.884032e-05 3.326541e+01 8.707796e+00 3.438624e+01 2.617673e-01
2.951209e-05 3.310824e+01 8.829846e+00 3.426546e+01 2.666964e-01
3.019952e-05 3.294680e+01 8.950631e+00 3.414096e+01 2.716692e-01
3.090295e-05 3.278111e+01 9.069977e+00 3.401273e+01 2.766830e-01
3.162278e-05 3.261117e+01 9.187705e+00 3.388071e+01 2.817349e-01
3.235937e-05 3.243700e+01 9.303634e+00 3.374488e+01 2.868216e-01
3.311311e-05 3.225864e+01 9.417582e+00 3.360522e+01 2.919398e-01
3.388442e-05 3.207612e+01 9.529363e+00 3.346172e+01 2.970859e-01
3.467369e-05 3.188951e+01 9.638792e+00 3.331436e+01 3.022559e-01
3.548134e-05 3.169885e+01 9.745684e+00 3.316316e+01 3.074460e-01
3.630781e-05 3.150422e+01 9.849852e+00 3.300811e+01 3.126518e-01
3.715352e-05 3.130571e+01 9.951113e+00 3.284924e+01 3.178689e-01
3.801894e-05 3.110342e+01 1.004928e+01 3.268655e+01 3.230925e-01
3.890451e-05 3.089745e+01 1.014418e+01 3.252010e+01 3.283178e-01
3.981072e-05 3.068793e+01 1.023564e+01 3.234992e+01 3.335397e-01
4.073803e-05 3.047498e+01 1.032348e+01 3.217606e+01 3.387527e-01
4.168694e-05 3.025875e+01 1.040754e+01 3.199858e+01 3.439515e-01
4.265795e-05 3.003939e+01 1.048766e+01 3.181754e+01 3.491304e-01
4.365158e-05 2.981707e+01 1.056369e+01 3.163304e+01 3.542834e-01
4.466836e-05 2.959196e+01 1.063549e+01 3.144515e+01 3.594046e-01
4.570882e-05 2.936424e+01 1.070291e+01 3.125397e+01 3.644879e-01
4.677351e-05 2.913411e+01 1.076584e+01 3.105961e+01 3.695269e-01
4.786301e-05 2.890177e+01 1.082416e+01 3.086218e+01 3.745154e-01
4.897788e-05 2.866743e+01 1.087776e+01 3.066182e+01 3.794467e-01
5.011872e-05 2.843130e+01 1.092656e+01 3.045864e+01 3.843145e-01
5.128614e-05 2.819362e+01 1.097048e+01 3.025279e+01 3.891121e-01
5.248075e-05 2.795460e+01 1.100945e+01 3.004443e+01 3.938330e-01
5.370318e-05 2.771449e+01 1.104341e+01 2.983370e+01 3.984706e-01
5.495409e-05 2.747351e+01 1.107233e+01 2.962078e+01 4.030184e-01
5.623413e-05 2.723191e+01 1.109619e+01 2.940582e+01 4.074700e-01
5.754399e-05 2.698993e+01 1.111496e+01 2.918902e+01 4.118189e-01
5.888437e-05 2.674780e+01 1.112866e+01 2.897054e+01 4.160591e-01
6.025596e-05 2.650576e+01 1.113731e+01 2.875057e+01 4.201843e-01
6.165950e-05 2.626406e+01 1.114092e+01 2.852930e+01 4.241889e-01
6.309573e-05 2.602293e+01 1.113956e+01 2.830693e+01 4.280670e-01
6.456542e-05 2.578259e+01 1.113327e+01 2.808365e+01 4.318134e-01
6.606934e-05 2.554327e+01 1.112213e+01 2.785965e+01 4.354229e-01
6.760830e-05 2.530520e+01 1.110622e+01 2.763514e+01 4.388909e-01
6.918310e-05 2.506858e+01 1.108564e+01 2.741031e+01 4.422127e-01
7.079458e-05 2.483362e+01 1.106050e+01 2.718535e+01 4.453843e-01
7.244360e-05 2.460051e+01 1.103092e+01 2.696046e+01 4.484021e-01
7.413102e-05 2.436946e+01 1.099703e+01 2.673584e+01 4.512629e-01
7.585776e-05 2.414062e+01 1.095896e+01 2.651167e+01 4.539636e-01
7.762471e-05 2.391418e+01 1.091687e+01 2.628813e+01 4.565020e-01
7.943282e-05 2.369028e+01 1.087091e+01 2.606542e+01 4.588762e-01
8.128305e-05 2.346908e+01 1.082123e+01 2.584370e+01 4.610847e-01
8.317638e-05 2.325070e+01 1.076802e+01 2.562314e+01 4.631265e-01
8.511380e-05 2.303528e+01 1.071143e+01 2.540391e+01 4.650012e-01
8.709636e-05 2.282291e+01 1.065165e+01 2.518617e+01 4.667088e-01
8.912509e-05 2.261371e+01 1.058886e+01 2.497006e+01 4.682498e-01
9.120108e-05 2.240775e+01 1.052324e+01 2.475573e+01 4.696251e-01
9.332543e-05 2.220511e+01 1.045497e+01 2.454330e+01 4.708363e-01
9.549926e-05 2.200586e+01 1.038424e+01 2.433291e+01 4.718853e-01
9.772372e-05 2.181005e+01 1.031123e+01 2.412467e+01 4.727744e-01
1.000000e-04 2.161771e+01 1.023612e+01 2.391869e+01 4.735064e-01
1.023293e-04 2.142888e+01 1.015910e+01 2.371506e+01 4.740844e-01
1.047129e-04 2.124357e+01 1.008033e+01 2.351388e+01 4.745121e-01
1.071519e-04 2.106180e+01 1.000000e+01 2.331522e+01 4.747934e-01
1.096478e-04 2.088356e+01 9.918282e+00 2.311916e+01 4.749325e-01
1.122018e-04 2.070884e+01 9.835334e+00 2.292575e+01 4.749340e-01
1.148154e-04 2.053764e+01 9.751323e+00 2.273506e+01 4.748026e-01
1.174898e-04 2.036990e+01 9.666403e+00 2.254711e+01 4.745434e-01
1.202264e-04 2.020562e+01 9.580727e+00 2.236196e+01 4.741616e-01
1.230269e-04 2.004473e+01 9.494438e+00 2.217962e+01 4.736625e-01
1.258925e-04 1.988720e+01 9.407676e+00 2.200012e+01 4.730517e-01
1.288250e-04 1.973297e+01 9.320571e+00 2.182346e+01 4.723349e-01
1.318257e-04 1.958199e+01 9.233251e+00 2.164965e+01 4.715175e-01
1.348963e-04 1.943418e+01 9.145832e+00 2.147868e+01 4.706054e-01
1.380384e-04 1.928949e+01 9.058425e+00 2.131055e+01 4.696042e-01
1.412538e-04 1.914784e+01 8.971136e+00 2.114524e+01 4.685195e-01
1.445440e-04 1.900915e+01 8.884061e+00 2.098272e+01 4.673570e-01
1.479108e-04 1.887336e+01 8.797290e+00 2.082297e+01 4.661221e-01
1.513561e-04 1.874038e+01 8.710907e+00 2.066596e+01 4.648202e-01
1.548817e-04 1.861013e+01 8.624988e+00 2.051164e+01 4.634565e-01
1.584893e-04 1.848254e+01 8.539602e+00 2.035999e+01 4.620361e-01
1.621810e-04 1.835752e+01 8.454812e+00 2.021095e+01 4.605638e-01
1.659587e-04 1.823500e+01 8.370675e+00 2.006448e+01 4.590445e-01
1.698244e-04 1.811488e+01 8.287242e+00 1.992053e+01 4.574825e-01
1.737801e-04 1.799710e+01 8.204557e+00 1.977904e+01 4.558821e-01
1.778279e-04 1.788158e+01 8.122660e+00 1.963997e+01 4.542473e-01
1.819701e-04 1.776823e+01 8.041583e+00 1.950326e+01 4.525820e-01
1.862087e-04 1.765699e+01 7.961355e+00 1.936886e+01 4.508897e-01
1.905461e-04 1.754778e+01 7.882001e+00 1.923670e+01 4.491737e-01
1.949845e-04 1.744053e+01 7.803540e+00 1.910674e+01 4.474370e-01
1.995262e-04 1.733518e+01 7.725987e+00 1.897892e+01 4.456826e-01
2.041738e-04 1.723165e+01 7.649353e+00 1.885318e+01 4.439130e-01
2.089296e-04 1.712989e+01 7.573648e+00 1.872948e+01 4.421305e-01
2.137962e-04 1.702984e+01 7.498875e+00 1.860775e+01 4.403374e-01
2.187762e-04 1.693144e+01 7.425039e+00 1.848796e+01 4.385356e-01
2.238721e-04 1.683464e+01 7.352138e+00 1.837005e+01 4.367269e-01
2.290868e-04 1.673939e+01 7.280171e+00 1.825398e+01 4.349127e-01
2.344229e-04 1.664564e+01 7.209135e+00 1.813970e+01 4.330946e-01
2.398833e-04 1.655335e+01 7.139025e+00 1.802718e+01 4.312738e-01
2.454709e-04 1.646248e+01 7.069835e+00 1.791636e+01 4.294513e-01
2.511886e-04 1.637300e+01 7.001559e+00 1.780722e+01 4.276284e-01
2.570396e-04 1.628487e+01 6.934190e+00 1.769971e+01 4.258057e-01
2.630268e-04 1.619805e+01 6.867720e+00 1.759382e+01 4.239843e-01
2.691535e-04 1.611253e+01 6.802143e+00 1.748950e+01 4.221648e-01
2.754229e-04 1.602827e+01 6.737452e+00 1.738674e+01 4.203480e-01
2.818383e-04 1.594526e+01 6.673642e+00 1.728551e+01 4.185347e-01
2.884032e-04 1.586346e+01 6.610708e+00 1.718578e+01 4.167254e-01
2.951209e-04 1.578287e+01 6.548644e+00 1.708753e+01 4.149210e-01
3.019952e-04 1.570346e+01 6.487449e+00 1.699075e+01 4.131223e-01
3.090295e-04 1.562522e+01 6.427121e+00 1.689543e+01 4.113299e-01
3.162278e-04 1.554814e+01 6.367659e+00 1.680154e+01 4.095447e-01
3.235937e-04 1.547220e+01 6.309064e+00 1.670908e+01 4.077677e-01
3.311311e-04 1.539739e+01 6.251340e+00 1.661803e+01 4.060000e-01
3.388442e-04 1.532370e+01 6.194490e+00 1.652838e+01 4.042425e-01
3.467369e-04 1.525112e+01 6.138521e+00 1.644013e+01 4.024964e-01
3.548134e-04 1.517963e+01 6.083439e+00 1.635327e+01 4.007632e-01
3.630781e-04 1.510923e+01 6.029253e+00 1.626779e+01 3.990443e-01
3.715352e-04 1.503991e+01 5.975976e+00 1.618367e+01 3.973411e-01
3.801894e-04 1.497165e+01 5.923617e+00 1.610092e+01 3.956555e-01
3.890451e-04 1.490445e+01 5.872191e+00 1.601953e+01 3.939891e-01
3.981072e-04 1.483829e+01 5.821712e+00 1.593949e+01 3.923439e-01
4.073803e-04 1.477316e+01 5.772197e+00 1.586078e+01 3.907220e-01
4.168694e-04 1.470904e+01 5.723662e+00 1.578341e+01 3.891255e-01
4.265795e-04 1.464592e+01 5.676125e+00 1.570736e+01 3.875568e-01
4.365158e-04 1.458378e+01 5.629605e+00 1.563263e+01 3.860182e-01
4.466836e-04 1.452261e+01 5.584121e+00 1.555919e+01 3.845123e-01
4.570882e-04 1.446238e+01 5.539694e+00 1.548705e+01 3.830417e-01
4.677351e-04 1.440308e+01 5.496344e+00 1.541618e+01 3.816090e-01
4.786301e-04 1.434468e+01 5.454091e+00 1.534656e+01 3.802170e-01
4.897788e-04 1.428716e+01 5.412957e+00 1.527819e+01 3.788686e-01
5.011872e-04 1.423050e+01 5.372962e+00 1.521104e+01 3.775667e-01
5.128614e-04 1.417466e+01 5.334127e+00 1.514509e+01 3.763143e-01
5.248075e-04 1.411962e+01 5.296471e+00 1.508033e+01 3.751143e-01
5.370318e-04 1.406535e+01 5.260016e+00 1.501672e+01 3.739698e-01
5.495409e-04 1.401182e+01 5.224779e+00 1.495424e+01 3.728838e-01
5.623413e-04 1.395899e+01 5.190780e+00 1.489287e+01 3.718594e-01
5.754399e-04 1.390683e+01 5.158036e+00 1.483257e+01 3.708995e-01
5.888437e-04 1.385530e+01 5.126565e+00 1.477332e+01 3.700074e-01
6.025596e-04 1.380438e+01 5.096380e+00 1.471509e+01 3.691858e-01
6.165950e-04 1.375401e+01 5.067498e+00 1.465784e+01 3.684380e-01
6.309573e-04 1.370416e+01 5.039931e+00 1.460153e+01 3.677666e-01
6.456542e-04 1.365478e+01 5.013692e+00 1.454614e+01 3.671748e-01
6.606934e-04 1.360584e+01 4.988790e+00 1.449162e+01 3.666652e-01
6.760830e-04 1.355730e+01 4.965234e+00 1.443793e+01 3.662407e-01
6.918310e-04 1.350910e+01 4.943033e+00 1.438504e+01 3.659039e-01
7.079458e-04 1.346121e+01 4.922192e+00 1.433291e+01 3.656574e-01
7.244360e-04 1.341358e+01 4.902715e+00 1.428148e+01 3.655038e-01
7.413102e-04 1.336616e+01 4.884604e+00 1.423073e+01 3.654456e-01
7.585776e-04 1.331891e+01 4.867861e+00 1.418060e+01 3.654849e-01
7.762471e-04 1.327178e+01 4.852484e+00 1.413105e+01 3.656243e-01
7.943282e-04 1.322472e+01 4.838470e+00 1.408205e+01 3.658656e-01
8.128305e-04 1.317769e+01 4.825815e+00 1.403353e+01 3.662111e-01
8.317638e-04 1.313063e+01 4.814512e+00 1.398546e+01 3.666626e-01
8.511380e-04 1.308351e+01 4.804553e+00 1.393779e+01 3.672220e-01
8.709636e-04 1.303627e+01 4.795927e+00 1.389047e+01 3.678911e-01
8.912509e-04 1.298886e+01 4.788622e+00 1.384346e+01 3.686714e-01
9.120108e-04 1.294125e+01 4.782624e+00 1.379672e+01 3.695644e-01
9.332543e-04 1.289337e+01 4.777918e+00 1.375018e+01 3.705717e-01
9.549926e-04 1.284519e+01 4.774485e+00 1.370382e+01 3.716944e-01
9.772372e-04 1.279666e+01 4.772306e+00 1.365758e+01 3.729337e-01
1.000000e-03 1.274773e+01 4.771360e+00 1.361141e+01 3.742909e-01
1.023293e-03 1.269836e+01 4.771623e+00 1.356528e+01 3.757668e-01
1.047129e-03 1.264851e+01 4.773070e+00 1.351913e+01 3.773623e-01
1.071519e-03 1.259812e+01 4.775674e+00 1.347293e+01 3.790782e-01
1.096478e-03 1.254717e+01 4.779407e+00 1.342662e+01 3.809153e-01
1.122018e-03 1.249560e+01 4.784239e+00 1.338017e+01 3.828740e-01
1.148154e-03 1.244338e+01 4.790138e+00 1.333353e+01 3.849549e-01
1.174898e-03 1.239046e+01 4.797070e+00 1.328666e+01 3.871583e-01
1.202264e-03 1.233681e+01 4.804999e+00 1.323952e+01 3.894846e-01
1.230269e-03 1.228240e+01 4.813890e+00 1.319208e+01 3.919340e-01
1.258925e-03 1.222718e+01 4.823704e+00 1.314428e+01 3.945066e-01
1.288250e-03 1.217113e+01 4.834400e+00 1.309610e+01 3.972024e-01
1.318257e-03 1.211420e+01 4.845938e+00 1.304749e+01 4.000214e-01
1.348963e-03 1.205637e+01 4.858276e+00 1.299842e+01 4.029634e-01
1.380384e-03 1.199761e+01 4.871368e+00 1.294885e+01 4.060282e-01
1.412538e-03 1.193789e+01 4.885170e+00 1.289876e+01 4.092156e-01
1.445440e-03 1.187718e+01 4.899636e+00 1.284811e+01 4.125251e-01
1.479108e-03 1.181546e+01 4.914717e+00 1.279686e+01 4.159563e-01
1.513561e-03 1.175271e+01 4.930365e+00 1.274499e+01 4.195087e-01
1.548817e-03 1.168891e+01 4.946531e+00 1.269247e+01 4.231816e-01
1.584893e-03 1.162403e+01 4.963163e+00 1.263927e+01 4.269742e-01
1.621810e-03 1.155807e+01 4.980209e+00 1.258536e+01 4.308860e-01
1.659587e-03 1.149100e+01 4.997618e+00 1.253073e+01 4.349160e-01
1.698244e-03 1.142281e+01 5.015336e+00 1.247534e+01 4.390632e-01
1.737801e-03 1.135350e+01 5.033310e+00 1.241918e+01 4.433267e-01
1.778279e-03 1.128305e+01 5.051484e+00 1.236223e+01 4.477055e-01
1.819701e-03 1.121147e+01 5.069805e+00 1.230447e+01 4.521982e-01
1.862087e-03 1.113874e+01 5.088218e+00 1.224587e+01 4.568038e-01
1.905461e-03 1.106486e+01 5.106666e+00 1.218644e+01 4.615209e-01
1.949845e-03 1.098985e+01 5.125095e+00 1.212614e+01 4.663481e-01
1.995262e-03 1.091369e+01 5.143449e+00 1.206498e+01 4.712839e-01
2.041738e-03 1.083641e+01 5.161672e+00 1.200294e+01 4.763268e-01
2.089296e-03 1.075800e+01 5.179711e+00 1.194002e+01 4.814753e-01
2.137962e-03 1.067848e+01 5.197509e+00 1.187620e+01 4.867275e-01
2.187762e-03 1.059786e+01 5.215014e+00 1.181148e+01 4.920817e-01
2.238721e-03 1.051616e+01 5.232171e+00 1.174586e+01 4.975362e-01
2.290868e-03 1.043340e+01 5.248927e+00 1.167934e+01 5.030889e-01
2.344229e-03 1.034960e+01 5.265232e+00 1.161192e+01 5.087379e-01
2.398833e-03 1.026477e+01 5.281033e+00 1.154361e+01 5.144812e-01
2.454709e-03 1.017896e+01 5.296282e+00 1.147440e+01 5.203165e-01
2.511886e-03 1.009219e+01 5.310930e+00 1.140431e+01 5.262418e-01
2.570396e-03 1.000448e+01 5.324931e+00 1.133333e+01 5.322547e-01
2.630268e-03 9.915870e+00 5.338239e+00 1.126150e+01 5.383530e-01
2.691535e-03 9.826397e+00 5.350810e+00 1.118880e+01 5.445343e-01
2.754229e-03 9.736095e+00 5.362603e+00 1.111526e+01 5.507962e-01
2.818383e-03 9.645002e+00 5.373579e+00 1.104090e+01 5.571361e-01
2.884032e-03 9.553160e+00 5.383699e+00 1.096572e+01 5.635517e-01
2.951209e-03 9.460610e+00 5.392928e+00 1.088976e+01 5.700402e-01
3.019952e-03 9.367396e+00 5.401233e+00 1.081302e+01 5.765992e-01
3.090295e-03 9.273561e+00 5.408582e+00 1.073553e+01 5.832260e-01
3.162278e-03 9.179152e+00 5.414948e+00 1.065732e+01 5.899180e-01
3.235937e-03 9.084216e+00 5.420302e+00 1.057841e+01 5.966726e-01
3.311311e-03 8.988801e+00 5.424623e+00 1.049881e+01 6.034869e-01
3.388442e-03 8.892954e+00 5.427889e+00 1.041857e+01 6.103584e-01
3.467369e-03 8.796725e+00 5.430081e+00 1.033771e+01 6.172843e-01
3.548134e-03 8.700164e+00 5.431182e+00 1.025625e+01 6.242620e-01
3.630781e-03 8.603320e+00 5.431179e+00 1.017422e+01 6.312887e-01
3.715352e-03 8.506244e+00 5.430062e+00 1.009167e+01 6.383619e-01
3.801894e-03 8.408984e+00 5.427821e+00 1.000861e+01 6.454788e-01
3.890451e-03 8.311590e+00 5.424450e+00 9.925079e+00 6.526369e-01
3.981072e-03 8.214112e+00 5.419946e+00 9.841110e+00 6.598334e-01
4.073803e-03 8.116598e+00 5.414306e+00 9.756735e+00 6.670659e-01
4.168694e-03 8.019096e+00 5.407532e+00 9.671986e+00 6.743319e-01
4.265795e-03 7.921655e+00 5.399627e+00 9.586897e+00 6.816287e-01
4.365158e-03 7.824319e+00 5.390596e+00 9.501500e+00 6.889540e-01
4.466836e-03 7.727135e+00 5.380446e+00 9.415828e+00 6.963054e-01
4.570882e-03 7.630148e+00 5.369186e+00 9.329915e+00 7.036805e-01
4.677351e-03 7.533400e+00 5.356828e+00 9.243793e+00 7.110771e-01
4.786301e-03 7.436933e+00 5.343383e+00 9.157495e+00 7.184928e-01
4.897788e-03 7.340789e+00 5.328865e+00 9.071052e+00 7.259254e-01
5.011872e-03 7.245007e+00 5.313292e+00 8.984497e+00 7.333729e-01
5.128614e-03 7.149624e+00 5.296679e+00 8.897861e+00 7.408332e-01
5.248075e-03 7.054678e+00 5.279045e+00 8.811174e+00 7.483041e-01
5.370318e-03 6.960203e+00 5.260409e+00 8.724467e+00 7.557838e-01
5.495409e-03 6.866233e+00 5.240792e+00 8.637769e+00 7.632704e-01
5.623413e-03 6.772800e+00 5.220216e+00 8.551110e+00 7.707619e-01
5.754399e-03 6.679935e+00 5.198702e+00 8.464516e+00 7.782565e-01
5.888437e-03 6.587665e+00 5.176275e+00 8.378016e+00 7.857525e-01
6.025596e-03 6.496020e+00 5.152956e+00 8.291637e+00 7.932481e-01
6.165950e-03 6.405025e+00 5.128771e+00 8.205403e+00 8.007417e-01
6.309573e-03 6.314705e+00 5.103744e+00 8.119341e+00 8.082316e-01
6.456542e-03 6.225082e+00 5.077900e+00 8.033474e+00 8.157162e-01
6.606934e-03 6.136177e+00 5.051264e+00 7.947826e+00 8.231939e-01
6.760830e-03 6.048013e+00 5.023862e+00 7.862420e+00 8.306632e-01
6.918310e-03 5.960606e+00 4.995718e+00 7.777276e+00 8.381225e-01
7.079458e-03 5.873976e+00 4.966860e+00 7.692417e+00 8.455704e-01
7.244360e-03 5.788137e+00 4.937311e+00 7.607863e+00 8.530053e-01
7.413102e-03 5.703106e+00 4.907099e+00 7.523632e+00 8.604257e-01
7.585776e-03 5.618895e+00 4.876248e+00 7.439743e+00 8.678303e-01
7.762471e-03 5.535519e+00 4.844783e+00 7.356215e+00 8.752176e-01
7.943282e-03 5.452988e+00 4.812731e+00 7.273063e+00 8.825860e-01
8.128305e-03 5.371313e+00 4.780115e+00 7.190306e+00 8.899342e-01
8.317638e-03 5.290503e+00 4.746960e+00 7.107957e+00 8.972606e-01
8.511380e-03 5.210567e+00 4.713291e+00 7.026032e+00 9.045639e-01
8.709636e-03 5.131513e+00 4.679132e+00 6.944545e+00 9.118426e-01
8.912509e-03 5.053348e+00 4.644507e+00 6.863510e+00 9.190952e-01
9.120108e-03 4.976076e+00 4.609440e+00 6.782939e+00 9.263201e-01
9.332543e-03 4.899704e+00 4.573952e+00 6.702845e+00 9.335160e-01
9.549926e-03 4.824235e+00 4.538067e+00 6.623239e+00 9.406812e-01
9.772372e-03 4.749673e+00 4.501808e+00 6.544133e+00 9.478143e-01
1.000000e-02 4.676021e+00 4.465196e+00 6.465535e+00 9.549137e-01
1.023293e-02 4.603280e+00 4.428253e+00 6.387457e+00 9.619777e-01
1.047129e-02 4.531452e+00 4.390999e+00 6.309907e+00 9.690049e-01
1.071519e-02 4.460538e+00 4.353455e+00 6.232894e+00 9.759934e-01
1.096478e-02 4.390537e+00 4.315642e+00 6.156426e+00 9.829417e-01
1.122018e-02 4.321450e+00 4.277579e+00 6.080511e+00 9.898480e-01
1.148154e-02 4.253276e+00 4.239285e+00 6.005155e+00 9.967106e-01
1.174898e-02 4.186012e+00 4.200778e+00 5.930365e+00 1.003527e+00
1.202264e-02 4.119657e+00 4.162077e+00 5.856148e+00 1.010297e+00
1.230269e-02 4.054210e+00 4.123200e+00 5.782508e+00 1.017017e+00
1.258925e-02 3.989666e+00 4.084163e+00 5.709450e+00 1.023685e+00
1.288250e-02 3.926024e+00 4.044983e+00 5.636981e+00 1.030300e+00
1.318257e-02 3.863279e+00 4.005676e+00 5.565103e+00 1.036859e+00
1.348963e-02 3.801428e+00 3.966259e+00 5.493820e+00 1.043360e+00
1.380384e-02 3.740467e+00 3.926745e+00 5.423138e+00 1.049801e+00
1.412538e-02 3.680393e+00 3.887149e+00 5.353057e+00 1.056178e+00
1.445440e-02 3.621200e+00 3.847487e+00 5.283583e+00 1.062489e+00
1.479108e-02 3.562885e+00 3.807770e+00 5.214716e+00 1.068732e+00
1.513561e-02 3.505443e+00 3.768014e+00 5.146461e+00 1.074904e+00
1.548817e-02 3.448869e+00 3.728230e+00 5.078818e+00 1.081001e+00
1.584893e-02 3.393158e+00 3.688431e+00 5.011791e+00 1.087020e+00
1.621810e-02 3.338306e+00 3.648630e+00 4.945380e+00 1.092958e+00
1.659587e-02 3.284309e+00 3.608837e+00 4.879589e+00 1.098812e+00
1.698244e-02 3.231161e+00 3.569065e+00 4.814418e+00 1.104577e+00
1.737801e-02 3.178857e+00 3.529324e+00 4.749870e+00 1.110249e+00
1.778279e-02 3.127394e+00 3.489627e+00 4.685946e+00 1.115826e+00
1.819701e-02 3.076765e+00 3.449983e+00 4.622647e+00 1.121302e+00
1.862087e-02 3.026967e+00 3.410402e+00 4.559975e+00 1.126673e+00
1.905461e-02 2.977995e+00 3.370897e+00 4.497933e+00 1.131935e+00
1.949845e-02 2.929844e+00 3.331476e+00 4.436520e+00 1.137083e+00
1.995262e-02 2.882509e+00 3.292150e+00 4.375741e+00 1.142113e+00
2.041738e-02 2.835986e+00 3.252929e+00 4.315595e+00 1.147019e+00
2.089296e-02 2.790269e+00 3.213823e+00 4.256085e+00 1.151797e+00
2.137962e-02 2.745355e+00 3.174842e+00 4.197213e+00 1.156441e+00
2.187762e-02 2.701239e+00 3.135996e+00 4.138981e+00 1.160948e+00
2.238721e-02 2.657914e+00 3.097296e+00 4.081391e+00 1.165311e+00
2.290868e-02 2.615378e+00 3.058751e+00 4.024445e+00 1.169525e+00
2.344229e-02 2.573623e+00 3.020370e+00 3.968145e+00 1.173587e+00
2.398833e-02 2.532645e+00 2.982165e+00 3.912493e+00 1.177490e+00
2.454709e-02 2.492439e+00 2.944145e+00 3.857492e+00 1.181231e+00
2.511886e-02 2.452998e+00 2.906321e+00 3.803143e+00 1.184804e+00
2.570396e-02 2.414317e+00 2.868701e+00 3.749450e+00 1.188204e+00
2.630268e-02 2.376389e+00 2.831297e+00 3.696413e+00 1.191428e+00
2.691535e-02 2.339209e+00 2.794118e+00 3.644035e+00 1.194471e+00
2.754229e-02 2.302768e+00 2.757174e+00 3.592318e+00 1.197330e+00
2.818383e-02 2.267062e+00 2.720475e+00 3.541264e+00 1.200001e+00
2.884032e-02 2.232080e+00 2.684031e+00 3.490875e+00 1.202480e+00
2.951209e-02 2.197817e+00 2.647852e+00 3.441151e+00 1.204764e+00
3.019952e-02 2.164265e+00 2.611946e+00 3.392094e+00 1.206852e+00
3.090295e-02 2.131414e+00 2.576324e+00 3.343706e+00 1.208740e+00
3.162278e-02 2.099256e+00 2.540995e+00 3.295987e+00 1.210427e+00
3.235937e-02 2.067782e+00 2.505968e+00 3.248938e+00 1.211911e+00
3.311311e-02 2.036983e+00 2.471251e+00 3.202558e+00 1.213192e+00
3.388442e-02 2.006849e+00 2.436853e+00 3.156849e+00 1.214268e+00
3.467369e-02 1.977370e+00 2.402782e+00 3.111809e+00 1.215141e+00
3.548134e-02 1.948535e+00 2.369047e+00 3.067438e+00 1.215809e+00
3.630781e-02 1.920335e+00 2.335655e+00 3.023734e+00 1.216275e+00
3.715352e-02 1.892757e+00 2.302613e+00 2.980697e+00 1.216539e+00
3.801894e-02 1.865792e+00 2.269928e+00 2.938325e+00 1.216603e+00
3.890451e-02 1.839427e+00 2.237608e+00 2.896615e+00 1.216470e+00
3.981072e-02 1.813652e+00 2.205657e+00 2.855566e+00 1.216141e+00
4.073803e-02 1.788453e+00 2.174082e+00 2.815173e+00 1.215621e+00
4.168694e-02 1.763820e+00 2.142888e+00 2.775434e+00 1.214913e+00
4.265795e-02 1.739741e+00 2.112080e+00 2.736345e+00 1.214020e+00
4.365158e-02 1.716202e+00 2.081663e+00 2.697901e+00 1.212948e+00
4.466836e-02 1.693192e+00 2.051641e+00 2.660100e+00 1.211700e+00
4.570882e-02 1.670699e+00 2.022018e+00 2.622935e+00 1.210282e+00
4.677351e-02 1.648710e+00 1.992796e+00 2.586402e+00 1.208700e+00
4.786301e-02 1.627212e+00 1.963978e+00 2.550496e+00 1.206959e+00
4.897788e-02 1.606193e+00 1.935568e+00 2.515210e+00 1.205066e+00
5.011872e-02 1.585641e+00 1.907567e+00 2.480538e+00 1.203026e+00
5.128614e-02 1.565543e+00 1.879976e+00 2.446474e+00 1.200846e+00
5.248075e-02 1.545888e+00 1.852798e+00 2.413012e+00 1.198533e+00
5.370318e-02 1.526662e+00 1.826032e+00 2.380144e+00 1.196094e+00
5.495409e-02 1.507853e+00 1.799679e+00 2.347864e+00 1.193537e+00
5.623413e-02 1.489451e+00 1.773739e+00 2.316164e+00 1.190868e+00
5.754399e-02 1.471441e+00 1.748213e+00 2.285036e+00 1.188096e+00
5.888437e-02 1.453814e+00 1.723099e+00 2.254473e+00 1.185227e+00
6.025596e-02 1.436557e+00 1.698397e+00 2.224466e+00 1.182269e+00
6.165950e-02 1.419659e+00 1.674105e+00 2.195008e+00 1.179231e+00
6.309573e-02 1.403108e+00 1.650222e+00 2.166090e+00 1.176120e+00
6.456542e-02 1.386893e+00 1.626747e+00 2.137704e+00 1.172943e+00
6.606934e-02 1.371004e+00 1.603676e+00 2.109841e+00 1.169710e+00
6.760830e-02 1.355429e+00 1.581009e+00 2.082493e+00 1.166427e+00
6.918310e-02 1.340158e+00 1.558742e+00 2.055651e+00 1.163103e+00
7.079458e-02 1.325181e+00 1.536873e+00 2.029305e+00 1.159746e+00
7.244360e-02 1.310486e+00 1.515398e+00 2.003448e+00 1.156363e+00
7.413102e-02 1.296065e+00 1.494315e+00 1.978070e+00 1.152963e+00
7.585776e-02 1.281908e+00 1.473620e+00 1.953163e+00 1.149552e+00
7.762471e-02 1.268004e+00 1.453310e+00 1.928716e+00 1.146140e+00
7.943282e-02 1.254345e+00 1.433382e+00 1.904721e+00 1.142733e+00
8.128305e-02 1.240920e+00 1.413830e+00 1.881170e+00 1.139340e+00
8.317638e-02 1.227722e+00 1.394652e+00 1.858052e+00 1.135968e+00
8.511380e-02 1.214740e+00 1.375843e+00 1.835358e+00 1.132623e+00
8.709636e-02 1.201967e+00 1.357399e+00 1.813080e+00 1.129315e+00
8.912509e-02 1.189394e+00 1.339316e+00 1.791208e+00 1.126049e+00
9.120108e-02 1.177012e+00 1.321588e+00 1.769733e+00 1.122833e+00
9.332543e-02 1.164814e+00 1.304212e+00 1.748645e+00 1.119675e+00
9.549926e-02 1.152790e+00 1.287183e+00 1.727937e+00 1.116580e+00
9.772372e-02 1.140935e+00 1.270495e+00 1.707598e+00 1.113556e+00
1.000000e-01 1.129239e+00 1.254144e+00 1.687619e+00 1.110610e+00
1.023293e-01 1.117695e+00 1.238125e+00 1.667992e+00 1.107748e+00
1.047129e-01 1.106297e+00 1.222432e+00 1.648706e+00 1.104977e+00
1.071519e-01 1.095036e+00 1.207060e+00 1.629754e+00 1.102302e+00
1.096478e-01 1.083907e+00 1.192004e+00 1.611127e+00 1.099729e+00
1.122018e-01 1.072902e+00 1.177259e+00 1.592814e+00 1.097266e+00
1.148154e-01 1.062014e+00 1.162818e+00 1.574808e+00 1.094917e+00
1.174898e-01 1.051238e+00 1.148676e+00 1.557099e+00 1.092688e+00
1.202264e-01 1.040567e+00 1.134827e+00 1.539679e+00 1.090585e+00
1.230269e-01 1.029995e+00 1.121266e+00 1.522540e+00 1.088613e+00
1.258925e-01 1.019516e+00 1.107986e+00 1.505671e+00 1.086776e+00
1.288250e-01 1.009125e+00 1.094981e+00 1.489066e+00 1.085080e+00
1.318257e-01 9.988152e-01 1.082246e+00 1.472714e+00 1.083529e+00
1.348963e-01 9.885825e-01 1.069773e+00 1.456609e+00 1.082128e+00
1.380384e-01 9.784213e-01 1.057558e+00 1.440742e+00 1.080882e+00
1.412538e-01 9.683269e-01 1.045592e+00 1.425104e+00 1.079793e+00
1.445440e-01 9.582945e-01 1.033871e+00 1.409687e+00 1.078866e+00
1.479108e-01 9.483197e-01 1.022388e+00 1.394484e+00 1.078104e+00
1.513561e-01 9.383983e-01 1.011135e+00 1.379487e+00 1.077512e+00
1.548817e-01 9.285261e-01 1.000107e+00 1.364688e+00 1.077091e+00
1.584893e-01 9.186994e-01 9.892965e-01 1.350080e+00 1.076845e+00
1.621810e-01 9.089147e-01 9.786971e-01 1.335655e+00 1.076776e+00
1.659587e-01 8.991685e-01 9.683022e-01 1.321406e+00 1.076886e+00
1.698244e-01 8.894577e-01 9.581050e-01 1.307326e+00 1.077179e+00
1.737801e-01 8.797796e-01 9.480987e-01 1.293408e+00 1.077655e+00
1.778279e-01 8.701314e-01 9.382766e-01 1.279645e+00 1.078316e+00
1.819701e-01 8.605108e-01 9.286319e-01 1.266032e+00 1.079164e+00
1.862087e-01 8.509156e-01 9.191579e-01 1.252561e+00 1.080199e+00
1.905461e-01 8.413440e-01 9.098479e-01 1.239227e+00 1.081422e+00
1.949845e-01 8.317943e-01 9.006952e-01 1.226024e+00 1.082834e+00
1.995262e-01 8.222652e-01 8.916931e-01 1.212945e+00 1.084435e+00
2.041738e-01 8.127556e-01 8.828352e-01 1.199987e+00 1.086225e+00
2.089296e-01 8.032644e-01 8.741147e-01 1.187144e+00 1.088203e+00
2.137962e-01 7.937913e-01 8.655254e-01 1.174410e+00 1.090369e+00
2.187762e-01 7.843357e-01 8.570609e-01 1.161781e+00 1.092722e+00
2.238721e-01 7.748975e-01 8.487149e-01 1.149253e+00 1.095261e+00
2.290868e-01 7.654768e-01 8.404813e-01 1.136822e+00 1.097984e+00
2.344229e-01 7.560741e-01 8.323540e-01 1.124483e+00 1.100890e+00
2.398833e-01 7.466898e-01 8.243273e-01 1.112233e+00 1.103976e+00
2.454709e-01 7.373248e-01 8.163954e-01 1.100068e+00 1.107240e+00
2.511886e-01 7.279801e-01 8.085527e-01 1.087985e+00 1.110680e+00
2.570396e-01 7.186569e-01 8.007939e-01 1.075983e+00 1.114292e+00
2.630268e-01 7.093566e-01 7.931137e-01 1.064056e+00 1.118075e+00
2.691535e-01 7.000809e-01 7.855071e-01 1.052205e+00 1.122023e+00
2.754229e-01 6.908315e-01 7.779694e-01 1.040425e+00 1.126135e+00
2.818383e-01 6.816105e-01 7.704960e-01 1.028716e+00 1.130405e+00
2.884032e-01 6.724198e-01 7.630824e-01 1.017076e+00 1.134830e+00
2.951209e-01 6.632619e-01 7.557245e-01 1.005503e+00 1.139406e+00
3.019952e-01 6.541391e-01 7.484185e-01 9.939960e-01 1.144127e+00
3.090295e-01 6.450538e-01 7.411605e-01 9.825545e-01 1.148990e+00
3.162278e-01 6.360087e-01 7.339472e-01 9.711774e-01 1.153989e+00
3.235937e-01 6.270065e-01 7.267755e-01 9.598644e-01 1.159120e+00
3.311311e-01 6.180499e-01 7.196423e-01 9.486152e-01 1.164376e+00
3.388442e-01 6.091419e-01 7.125449e-01 9.374295e-01 1.169752e+00
3.467369e-01 6.002851e-01 7.054810e-01 9.263076e-01 1.175243e+00
3.548134e-01 5.914826e-01 6.984483e-01 9.152496e-01 1.180843e+00
3.630781e-01 5.827373e-01 6.914450e-01 9.042560e-01 1.186547e+00
3.715352e-01 5.740521e-01 6.844692e-01 8.933274e-01 1.192347e+00
3.801894e-01 5.654298e-01 6.775196e-01 8.824645e-01 1.198238e+00
3.890451e-01 5.568733e-01 6.705950e-01 8.716682e-01 1.204215e+00
3.981072e-01 5.483855e-01 6.636943e-01 8.609394e-01 1.210270e+00
4.073803e-01 5.399691e-01 6.568168e-01 8.502793e-01 1.216397e+00
4.168694e-01 5.316268e-01 6.499620e-01 8.396890e-01 1.222591e+00
4.265795e-01 5.233612e-01 6.431296e-01 8.291699e-01 1.228845e+00
4.365158e-01 5.151750e-01 6.363195e-01 8.187232e-01 1.235152e+00
4.466836e-01 5.070704e-01 6.295317e-01 8.083505e-01 1.241507e+00
4.570882e-01 4.990499e-01 6.227664e-01 7.980532e-01 1.247904e+00
4.677351e-01 4.911156e-01 6.160243e-01 7.878327e-01 1.254337e+00
4.786301e-01 4.832696e-01 6.093057e-01 7.776908e-01 1.260799e+00
4.897788e-01 4.755138e-01 6.026115e-01 7.676288e-01 1.267285e+00
5.011872e-01 4.678501e-01 5.959426e-01 7.576485e-01 1.273790e+00
5.128614e-01 4.602801e-01 5.893000e-01 7.477515e-01 1.280307e+00
5.248075e-01 4.528053e-01 5.826848e-01 7.379392e-01 1.286833e+00
5.370318e-01 4.454270e-01 5.760983e-01 7.282132e-01 1.293362e+00
5.495409e-01 4.381464e-01 5.695418e-01 7.185751e-01 1.299889e+00
5.623413e-01 4.309647e-01 5.630168e-01 7.090264e-01 1.306411e+00
5.754399e-01 4.238825e-01 5.565247e-01 6.995685e-01 1.312922e+00
5.888437e-01 4.169007e-01 5.500671e-01 6.902029e-01 1.319420e+00
6.025596e-01 4.100199e-01 5.436456e-01 6.809309e-01 1.325901e+00
6.165950e-01 4.032403e-01 5.372618e-01 6.717537e-01 1.332361e+00
6.309573e-01 3.965622e-01 5.309174e-01 6.626725e-01 1.338800e+00
6.456542e-01 3.899858e-01 5.246141e-01 6.536886e-01 1.345213e+00
6.606934e-01 3.835109e-01 5.183535e-01 6.448030e-01 1.351600e+00
6.760830e-01 3.771373e-01 5.121373e-01 6.360166e-01 1.357960e+00
6.918310e-01 3.708646e-01 5.059673e-01 6.273304e-01 1.364291e+00
7.079458e-01 3.646924e-01 4.998450e-01 6.187451e-01 1.370593e+00
7.244360e-01 3.586199e-01 4.937720e-01 6.102615e-01 1.376867e+00
7.413102e-01 3.526465e-01 4.877501e-01 6.018801e-01 1.383113e+00
7.585776e-01 3.467711e-01 4.817806e-01 5.936015e-01 1.389333e+00
7.762471e-01 3.409928e-01 4.758651e-01 5.854260e-01 1.395528e+00
7.943282e-01 3.353104e-01 4.700050e-01 5.773541e-01 1.401701e+00
8.128305e-01 3.297226e-01 4.642016e-01 5.693858e-01 1.407855e+00
8.317638e-01 3.242282e-01 4.584563e-01 5.615213e-01 1.413993e+00
8.511380e-01 3.188256e-01 4.527703e-01 5.537605e-01 1.420119e+00
8.709636e-01 3.135133e-01 4.471448e-01 5.461035e-01 1.426239e+00
8.912509e-01 3.082897e-01 4.415807e-01 5.385499e-01 1.432356e+00
9.120108e-01 3.031531e-01 4.360791e-01 5.310996e-01 1.438478e+00
9.332543e-01 2.981017e-01 4.306408e-01 5.237520e-01 1.444611e+00
9.549926e-01 2.931336e-01 4.252667e-01 5.165066e-01 1.450761e+00
9.772372e-01 2.882470e-01 4.199574e-01 5.093629e-01 1.456936e+00
1.000000e+00 2.834400e-01 4.147136e-01 5.023202e-01 1.463144e+00
1.023293e+00 2.787105e-01 4.095358e-01 4.953777e-01 1.469395e+00
1.047129e+00 2.740565e-01 4.044243e-01 4.885345e-01 1.475697e+00
1.071519e+00 2.694759e-01 3.993796e-01 4.817897e-01 1.482060e+00
1.096478e+00 2.649668e-01 3.944017e-01 4.751422e-01 1.488495e+00
1.122018e+00 2.605269e-01 3.894908e-01 4.685908e-01 1.495012e+00
1.148154e+00 2.561541e-01 3.846469e-01 4.621344e-01 1.501623e+00
1.174898e+00 2.518464e-01 3.798700e-01 4.557717e-01 1.508340e+00
1.202264e+00 2.476017e-01 3.751598e-01 4.495013e-01 1.515175e+00
1.230269e+00 2.434177e-01 3.705160e-01 4.433219e-01 1.522140e+00
1.258925e+00 2.392925e-01 3.659382e-01 4.372318e-01 1.529251e+00
1.288250e+00 2.352239e-01 3.614260e-01 4.312297e-01 1.536519e+00
1.318257e+00 2.312098e-01 3.569788e-01 4.253138e-01 1.543960e+00
1.348963e+00 2.272483e-01 3.525958e-01 4.194825e-01 1.551588e+00
1.380384e+00 2.233374e-01 3.482764e-01 4.137342e-01 1.559418e+00
1.412538e+00 2.194750e-01 3.440196e-01 4.080671e-01 1.567466e+00
1.445440e+00 2.156593e-01 3.398245e-01 4.024794e-01 1.575747e+00
1.479108e+00 2.118885e-01 3.356901e-01 3.969693e-01 1.584277e+00
1.513561e+00 2.081607e-01 3.316153e-01 3.915349e-01 1.593074e+00
1.548817e+00 2.044741e-01 3.275989e-01 3.861744e-01 1.602153e+00
1.584893e+00 2.008272e-01 3.236395e-01 3.808860e-01 1.611532e+00
1.621810e+00 1.972183e-01 3.197360e-01 3.756676e-01 1.621229e+00
1.659587e+00 1.936459e-01 3.158868e-01 3.705175e-01 1.631260e+00
1.698244e+00 1.901084e-01 3.120906e-01 3.654336e-01 1.641645e+00
1.737801e+00 1.866047e-01 3.083457e-01 3.604142e-01 1.652401e+00
1.778279e+00 1.831333e-01 3.046507e-01 3.554573e-01 1.663547e+00
1.819701e+00 1.796931e-01 3.010040e-01 3.505610e-01 1.675101e+00
1.862087e+00 1.762830e-01 2.974038e-01 3.457234e-01 1.687082e+00
1.905461e+00 1.729019e-01 2.938485e-01 3.409428e-01 1.699510e+00
1.949845e+00 1.695491e-01 2.903363e-01 3.362173e-01 1.712403e+00
1.995262e+00 1.662236e-01 2.868656e-01 3.315451e-01 1.725782e+00
2.041738e+00 1.629248e-01 2.834345e-01 3.269245e-01 1.739665e+00
2.089296e+00 1.596520e-01 2.800414e-01 3.223538e-01 1.754073e+00
2.137962e+00 1.564049e-01 2.766844e-01 3.178313e-01 1.769027e+00
2.187762e+00 1.531830e-01 2.733618e-01 3.133555e-01 1.784545e+00
2.238721e+00 1.499859e-01 2.700719e-01 3.089249e-01 1.800648e+00
2.290868e+00 1.468136e-01 2.668128e-01 3.045379e-01 1.817357e+00
2.344229e+00 1.436660e-01 2.635830e-01 3.001932e-01 1.834693e+00
2.398833e+00 1.405431e-01 2.603808e-01 2.958894e-01 1.852676e+00
2.454709e+00 1.374450e-01 2.572045e-01 2.916252e-01 1.871327e+00
2.511886e+00 1.343719e-01 2.540525e-01 2.873995e-01 1.890668e+00
2.570396e+00 1.313241e-01 2.509234e-01 2.832112e-01 1.910719e+00
2.630268e+00 1.283021e-01 2.478157e-01 2.790592e-01 1.931502e+00
2.691535e+00 1.253062e-01 2.447279e-01 2.749426e-01 1.953039e+00
2.754229e+00 1.223371e-01 2.416589e-01 2.708604e-01 1.975352e+00
2.818383e+00 1.193954e-01 2.386072e-01 2.668121e-01 1.998462e+00
2.884032e+00 1.164818e-01 2.355718e-01 2.627967e-01 2.022391e+00
2.951209e+00 1.135971e-01 2.325516e-01 2.588138e-01 2.047162e+00
3.019952e+00 1.107419e-01 2.295457e-01 2.548627e-01 2.072798e+00
3.090295e+00 1.079173e-01 2.265530e-01 2.509430e-01 2.099321e+00
3.162278e+00 1.051240e-01 2.235729e-01 2.470544e-01 2.126754e+00
3.235937e+00 1.023630e-01 2.206046e-01 2.431966e-01 2.155120e+00
3.311311e+00 9.963531e-02 2.176476e-01 2.393693e-01 2.184442e+00
3.388442e+00 9.694177e-02 2.147013e-01 2.355724e-01 2.214745e+00
3.467369e+00 9.428338e-02 2.117654e-01 2.318058e-01 2.246052e+00
3.548134e+00 9.166112e-02 2.088396e-01 2.280696e-01 2.278388e+00
3.630781e+00 8.907594e-02 2.059236e-01 2.243637e-01 2.311776e+00
3.715352e+00 8.652878e-02 2.030175e-01 2.206883e-01 2.346242e+00
3.801894e+00 8.402056e-02 2.001211e-01 2.170435e-01 2.381811e+00
3.890451e+00 8.155216e-02 1.972345e-01 2.134297e-01 2.418508e+00
3.981072e+00 7.912445e-02 1.943580e-01 2.098469e-01 2.456359e+00
4.073803e+00 7.673823e-02 1.914918e-01 2.062956e-01 2.495390e+00
4.168694e+00 7.439428e-02 1.886363e-01 2.027761e-01 2.535629e+00
4.265795e+00 7.209331e-02 1.857917e-01 1.992888e-01 2.577101e+00
4.365158e+00 6.983597e-02 1.829587e-01 1.958340e-01 2.619835e+00
4.466836e+00 6.762288e-02 1.801377e-01 1.924122e-01 2.663858e+00
4.570882e+00 6.545455e-02 1.773293e-01 1.890238e-01 2.709198e+00
4.677351e+00 6.333147e-02 1.745343e-01 1.856693e-01 2.755885e+00
4.786301e+00 6.125404e-02 1.717531e-01 1.823491e-01 2.803948e+00
4.897788e+00 5.922259e-02 1.689867e-01 1.790637e-01 2.853416e+00
5.011872e+00 5.723737e-02 1.662357e-01 1.758136e-01 2.904321e+00
5.128614e+00 5.529857e-02 1.635009e-01 1.725992e-01 2.956693e+00
5.248075e+00 5.340632e-02 1.607831e-01 1.694209e-01 3.010564e+00
5.370318e+00 5.156066e-02 1.580832e-01 1.662793e-01 3.065965e+00
5.495409e+00 4.976156e-02 1.554019e-01 1.631747e-01 3.122931e+00
5.623413e+00 4.800892e-02 1.527401e-01 1.601075e-01 3.181494e+00
5.754399e+00 4.630259e-02 1.500986e-01 1.570781e-01 3.241689e+00
5.888437e+00 4.464234e-02 1.474782e-01 1.540869e-01 3.303550e+00
6.025596e+00 4.302787e-02 1.448798e-01 1.511342e-01 3.367114e+00
6.165950e+00 4.145883e-02 1.423040e-01 1.482203e-01 3.432417e+00
6.309573e+00 3.993482e-02 1.397517e-01 1.453456e-01 3.499496e+00
6.456542e+00 3.845536e-02 1.372237e-01 1.425102e-01 3.568388e+00
6.606934e+00 3.701994e-02 1.347205e-01 1.397144e-01 3.639134e+00
6.760830e+00 3.562801e-02 1.322431e-01 1.369583e-01 3.711773e+00
6.918310e+00 3.427893e-02 1.297918e-01 1.342422e-01 3.786344e+00
7.079458e+00 3.297208e-02 1.273675e-01 1.315661e-01 3.862891e+00
7.244360e+00 3.170676e-02 1.249707e-01 1.289302e-01 3.941455e+00
7.413102e+00 3.048224e-02 1.226020e-01 1.263345e-01 4.022079e+00
7.585776e+00 2.929778e-02 1.202618e-01 1.237791e-01 4.104809e+00
7.762471e+00 2.815260e-02 1.179507e-01 1.212639e-01 4.189690e+00
7.943282e+00 2.704588e-02 1.156690e-01 1.187888e-01 4.276768e+00
8.128305e+00 2.597682e-02 1.134171e-01 1.163540e-01 4.366091e+00
8.317638e+00 2.494456e-02 1.111955e-01 1.139591e-01 4.457707e+00
8.511380e+00 2.394825e-02 1.090045e-01 1.116042e-01 4.551667e+00
8.709636e+00 2.298702e-02 1.068442e-01 1.092890e-01 4.648021e+00
8.912509e+00 2.206001e-02 1.047149e-01 1.070134e-01 4.746823e+00
9.120108e+00 2.116632e-02 1.026169e-01 1.047771e-01 4.848124e+00
9.332543e+00 2.030507e-02 1.005503e-01 1.025800e-01 4.951980e+00
9.549926e+00 1.947539e-02 9.851523e-02 1.004218e-01 5.058447e+00
9.772372e+00 1.867638e-02 9.651173e-02 9.830219e-02 5.167582e+00
1.000000e+01 1.790717e-02 9.453989e-02 9.622088e-02 5.279444e+00
