1.000000e-06 4.468200e+01 4.497779e-01 4.468426e+01 1.006620e-02
1.023293e-06 4.468165e+01 4.602484e-01 4.468402e+01 1.030061e-02
1.047129e-06 4.468128e+01 4.709623e-01 4.468376e+01 1.054048e-02
1.071519e-06 4.468090e+01 4.819253e-01 4.468350e+01 1.078594e-02
1.096478e-06 4.468050e+01 4.931432e-01 4.468322e+01 1.103710e-02
1.122018e-06 4.468008e+01 5.046218e-01 4.468293e+01 1.129411e-02
1.148154e-06 4.467964e+01 5.163672e-01 4.468262e+01 1.155710e-02
1.174898e-06 4.467918e+01 5.283855e-01 4.468230e+01 1.182621e-02
1.202264e-06 4.467870e+01 5.406831e-01 4.468197e+01 1.210159e-02
1.230269e-06 4.467819e+01 5.532665e-01 4.468162e+01 1.238337e-02
1.258925e-06 4.467767e+01 5.661422e-01 4.468125e+01 1.267170e-02
1.288250e-06 4.467711e+01 5.793170e-01 4.468087e+01 1.296675e-02
1.318257e-06 4.467653e+01 5.927977e-01 4.468047e+01 1.326866e-02
1.348963e-06 4.467593e+01 6.065916e-01 4.468005e+01 1.357759e-02
1.380384e-06 4.467529e+01 6.207057e-01 4.467960e+01 1.389371e-02
1.412538e-06 4.467463e+01 6.351475e-01 4.467914e+01 1.421719e-02
1.445440e-06 4.467393e+01 6.499245e-01 4.467866e+01 1.454818e-02
1.479108e-06 4.467320e+01 6.650445e-01 4.467815e+01 1.488688e-02
1.513561e-06 4.467244e+01 6.805153e-01 4.467762e+01 1.523345e-02
1.548817e-06 4.467164e+01 6.963450e-01 4.467707e+01 1.558808e-02
1.584893e-06 4.467081e+01 7.125420e-01 4.467649e+01 1.595095e-02
1.621810e-06 4.466993e+01 7.291145e-01 4.467588e+01 1.632227e-02
1.659587e-06 4.466901e+01 7.460714e-01 4.467524e+01 1.670221e-02
1.698244e-06 4.466805e+01 7.634213e-01 4.467458e+01 1.709099e-02
1.737801e-06 4.466705e+01 7.811733e-01 4.467388e+01 1.748881e-02
1.778279e-06 4.466599e+01 7.993367e-01 4.467315e+01 1.789587e-02
1.819701e-06 4.466489e+01 8.179208e-01 4.467238e+01 1.831239e-02
1.862087e-06 4.466374e+01 8.369353e-01 4.467158e+01 1.873859e-02
1.905461e-06 4.466253e+01 8.563901e-01 4.467074e+01 1.917469e-02
1.949845e-06 4.466126e+01 8.762951e-01 4.466986e+01 1.962092e-02
1.995262e-06 4.465994e+01 8.966608e-01 4.466894e+01 2.007752e-02
2.041738e-06 4.465855e+01 9.174975e-01 4.466798e+01 2.054472e-02
2.089296e-06 4.465710e+01 9.388161e-01 4.466697e+01 2.102277e-02
2.137962e-06 4.465558e+01 9.606275e-01 4.466591e+01 2.151192e-02
2.187762e-06 4.465399e+01 9.829429e-01 4.466481e+01 2.201243e-02
2.238721e-06 4.465232e+01 1.005774e+00 4.466365e+01 2.252456e-02
2.290868e-06 4.465058e+01 1.029132e+00 4.466244e+01 2.304857e-02
2.344229e-06 4.464875e+01 1.053029e+00 4.466117e+01 2.358474e-02
2.398833e-06 4.464684e+01 1.077478e+00 4.465984e+01 2.413335e-02
2.454709e-06 4.464484e+01 1.102490e+00 4.465845e+01 2.469468e-02
2.511886e-06 4.464274e+01 1.128079e+00 4.465699e+01 2.526903e-02
2.570396e-06 4.464054e+01 1.154257e+00 4.465546e+01 2.585670e-02
2.630268e-06 4.463825e+01 1.181038e+00 4.465387e+01 2.645799e-02
2.691535e-06 4.463584e+01 1.208436e+00 4.465220e+01 2.707322e-02
2.754229e-06 4.463332e+01 1.236463e+00 4.465045e+01 2.770270e-02
2.818383e-06 4.463069e+01 1.265135e+00 4.464861e+01 2.834676e-02
2.884032e-06 4.462793e+01 1.294466e+00 4.464669e+01 2.900574e-02
2.951209e-06 4.462504e+01 1.324470e+00 4.464469e+01 2.967997e-02
3.019952e-06 4.462201e+01 1.355162e+00 4.464258e+01 3.036981e-02
3.090295e-06 4.461884e+01 1.386558e+00 4.464038e+01 3.107561e-02
3.162278e-06 4.461553e+01 1.418673e+00 4.463808e+01 3.179774e-02
3.235937e-06 4.461206e+01 1.451523e+00 4.463566e+01 3.253656e-02
3.311311e-06 4.460842e+01 1.485125e+00 4.463314e+01 3.329247e-02
3.388442e-06 4.460462e+01 1.519494e+00 4.463049e+01 3.406584e-02
3.467369e-06 4.460064e+01 1.554648e+00 4.462773e+01 3.485707e-02
3.548134e-06 4.459647e+01 1.590603e+00 4.462483e+01 3.566657e-02
3.630781e-06 4.459211e+01 1.627378e+00 4.462180e+01 3.649476e-02
3.715352e-06 4.458754e+01 1.664990e+00 4.461862e+01 3.734205e-02
3.801894e-06 4.458276e+01 1.703457e+00 4.461530e+01 3.820888e-02
3.890451e-06 4.457776e+01 1.742798e+00 4.461182e+01 3.909568e-02
3.981072e-06 4.457253e+01 1.783031e+00 4.460817e+01 4.000292e-02
4.073803e-06 4.456704e+01 1.824175e+00 4.460436e+01 4.093104e-02
4.168694e-06 4.456131e+01 1.866251e+00 4.460037e+01 4.188052e-02
4.265795e-06 4.455530e+01 1.909277e+00 4.459619e+01 4.285184e-02
4.365158e-06 4.454902e+01 1.953273e+00 4.459182e+01 4.384548e-02
4.466836e-06 4.454245e+01 1.998261e+00 4.458725e+01 4.486195e-02
4.570882e-06 4.453556e+01 2.044260e+00 4.458246e+01 4.590175e-02
4.677351e-06 4.452836e+01 2.091292e+00 4.457744e+01 4.696540e-02
4.786301e-06 4.452082e+01 2.139378e+00 4.457220e+01 4.805343e-02
4.897788e-06 4.451294e+01 2.188540e+00 4.456670e+01 4.916639e-02
5.011872e-06 4.450468e+01 2.238800e+00 4.456096e+01 5.030481e-02
5.128614e-06 4.449605e+01 2.290179e+00 4.455494e+01 5.146927e-02
5.248075e-06 4.448701e+01 2.342701e+00 4.454865e+01 5.266033e-02
5.370318e-06 4.447755e+01 2.396388e+00 4.454206e+01 5.387859e-02
5.495409e-06 4.446766e+01 2.451263e+00 4.453517e+01 5.512462e-02
5.623413e-06 4.445731e+01 2.507350e+00 4.452796e+01 5.639904e-02
5.754399e-06 4.444648e+01 2.564671e+00 4.452041e+01 5.770247e-02
5.888437e-06 4.443515e+01 2.623252e+00 4.451252e+01 5.903552e-02
6.025596e-06 4.442330e+01 2.683116e+00 4.450425e+01 6.039884e-02
6.165950e-06 4.441090e+01 2.744287e+00 4.449561e+01 6.179308e-02
6.309573e-06 4.439793e+01 2.806789e+00 4.448657e+01 6.321891e-02
6.456542e-06 4.438437e+01 2.870647e+00 4.447710e+01 6.467698e-02
6.606934e-06 4.437018e+01 2.935886e+00 4.446721e+01 6.616799e-02
6.760830e-06 4.435534e+01 3.002530e+00 4.445685e+01 6.769263e-02
6.918310e-06 4.433982e+01 3.070604e+00 4.444602e+01 6.925161e-02
7.079458e-06 4.432360e+01 3.140134e+00 4.443469e+01 7.084564e-02
7.244360e-06 4.430663e+01 3.211143e+00 4.442284e+01 7.247545e-02
7.413102e-06 4.428888e+01 3.283657e+00 4.441045e+01 7.414178e-02
7.585776e-06 4.427033e+01 3.357700e+00 4.439748e+01 7.584538e-02
7.762471e-06 4.425094e+01 3.433298e+00 4.438393e+01 7.758701e-02
7.943282e-06 4.423066e+01 3.510474e+00 4.436975e+01 7.936744e-02
8.128305e-06 4.420947e+01 3.589254e+00 4.435493e+01 8.118745e-02
8.317638e-06 4.418732e+01 3.669660e+00 4.433943e+01 8.304782e-02
8.511380e-06 4.416416e+01 3.751718e+00 4.432323e+01 8.494936e-02
8.709636e-06 4.413997e+01 3.835449e+00 4.430629e+01 8.689288e-02
8.912509e-06 4.411469e+01 3.920877e+00 4.428858e+01 8.887919e-02
9.120108e-06 4.408827e+01 4.008025e+00 4.427008e+01 9.090911e-02
9.332543e-06 4.406067e+01 4.096914e+00 4.425073e+01 9.298347e-02
9.549926e-06 4.403184e+01 4.187565e+00 4.423051e+01 9.510312e-02
9.772372e-06 4.400172e+01 4.279999e+00 4.420939e+01 9.726890e-02
1.000000e-05 4.397027e+01 4.374235e+00 4.418731e+01 9.948166e-02
1.023293e-05 4.393742e+01 4.470292e+00 4.416425e+01 1.017422e-01
1.047129e-05 4.390313e+01 4.568187e+00 4.414015e+01 1.040515e-01
1.071519e-05 4.386732e+01 4.667937e+00 4.411498e+01 1.064103e-01
1.096478e-05 4.382994e+01 4.769556e+00 4.408869e+01 1.088196e-01
1.122018e-05 4.379093e+01 4.873059e+00 4.406123e+01 1.112801e-01
1.148154e-05 4.375022e+01 4.978458e+00 4.403256e+01 1.137928e-01
1.174898e-05 4.370774e+01 5.085763e+00 4.400263e+01 1.163584e-01
1.202264e-05 4.366342e+01 5.194982e+00 4.397138e+01 1.189779e-01
1.230269e-05 4.361719e+01 5.306124e+00 4.393876e+01 1.216521e-01
1.258925e-05 4.356898e+01 5.419192e+00 4.390472e+01 1.243819e-01
1.288250e-05 4.351872e+01 5.534189e+00 4.386919e+01 1.271680e-01
1.318257e-05 4.346631e+01 5.651115e+00 4.383213e+01 1.300114e-01
1.348963e-05 4.341169e+01 5.769968e+00 4.379346e+01 1.329128e-01
1.380384e-05 4.335477e+01 5.890742e+00 4.375313e+01 1.358730e-01
1.412538e-05 4.329546e+01 6.013429e+00 4.371108e+01 1.388928e-01
1.445440e-05 4.323369e+01 6.138017e+00 4.366723e+01 1.419730e-01
1.479108e-05 4.316936e+01 6.264492e+00 4.362153e+01 1.451143e-01
1.513561e-05 4.310238e+01 6.392836e+00 4.357389e+01 1.483174e-01
1.548817e-05 4.303267e+01 6.523026e+00 4.352425e+01 1.515831e-01
1.584893e-05 4.296013e+01 6.655036e+00 4.347254e+01 1.549119e-01
1.621810e-05 4.288466e+01 6.788836e+00 4.341868e+01 1.583046e-01
1.659587e-05 4.280616e+01 6.924392e+00 4.336260e+01 1.617616e-01
1.698244e-05 4.272456e+01 7.061664e+00 4.330421e+01 1.652835e-01
1.737801e-05 4.263973e+01 7.200609e+00 4.324344e+01 1.688709e-01
1.778279e-05 4.255159e+01 7.341176e+00 4.318022e+01 1.725241e-01
1.819701e-05 4.246004e+01 7.483312e+00 4.311444e+01 1.762436e-01
1.862087e-05 4.236498e+01 7.626957e+00 4.304605e+01 1.800297e-01
1.905461e-05 4.226630e+01 7.772045e+00 4.297494e+01 1.838828e-01
1.949845e-05 4.216392e+01 7.918504e+00 4.290103e+01 1.878029e-01
1.995262e-05 4.205772e+01 8.066258e+00 4.282425e+01 1.917902e-01
2.041738e-05 4.194761e+01 8.215222e+00 4.274450e+01 1.958448e-01
2.089296e-05 4.183350e+01 8.365307e+00 4.266169e+01 1.999667e-01
2.137962e-05 4.171529e+01 8.516415e+00 4.257575e+01 2.041557e-01
2.187762e-05 4.159288e+01 8.668442e+00 4.248658e+01 2.084117e-01
2.238721e-05 4.146619e+01 8.821280e+00 4.239410e+01 2.127343e-01
2.290868e-05 4.133512e+01 8.974811e+00 4.229822e+01 2.171231e-01
2.344229e-05 4.119960e+01 9.128910e+00 4.219887e+01 2.215776e-01
2.398833e-05 4.105954e+01 9.283447e+00 4.209594e+01 2.260972e-01
2.454709e-05 4.091487e+01 9.438284e+00 4.198938e+01 2.306810e-01
2.511886e-05 4.076551e+01 9.593277e+00 4.187908e+01 2.353283e-01
2.570396e-05 4.061139e+01 9.748273e+00 4.176499e+01 2.400379e-01
2.630268e-05 4.045247e+01 9.903114e+00 4.164701e+01 2.448086e-01
2.691535e-05 4.028867e+01 1.005764e+01 4.152509e+01 2.496393e-01
2.754229e-05 4.011997e+01 1.021167e+01 4.139915e+01 2.545283e-01
2.818383e-05 3.994631e+01 1.036503e+01 4.126914e+01 2.594740e-01
2.884032e-05 3.976767e+01 1.051754e+01 4.113498e+01 2.644747e-01
2.951209e-05 3.958402e+01 1.066902e+01 4.099662e+01 2.695284e-01
3.019952e-05 3.939536e+01 1.081926e+01 4.085402e+01 2.746329e-01
3.090295e-05 3.920168e+01 1.096808e+01 4.070713e+01 2.797859e-01
3.162278e-05 3.900299e+01 1.111526e+01 4.055591e+01 2.849849e-01
3.235937e-05 3.879930e+01 1.126062e+01 4.040034e+01 2.902273e-01
3.311311e-05 3.859065e+01 1.140393e+01 4.024038e+01 2.955100e-01
3.388442e-05 3.837709e+01 1.154499e+01 4.007602e+01 3.008302e-01
3.467369e-05 3.815865e+01 1.168359e+01 3.990726e+01 3.061845e-01
3.548134e-05 3.793542e+01 1.181952e+01 3.973408e+01 3.115694e-01
3.630781e-05 3.770747e+01 1.195257e+01 3.955651e+01 3.169814e-01
3.715352e-05 3.747489e+01 1.208253e+01 3.937455e+01 3.224166e-01
3.801894e-05 3.723779e+01 1.220919e+01 3.918823e+01 3.278711e-01
3.890451e-05 3.699629e+01 1.233236e+01 3.899760e+01 3.333406e-01
3.981072e-05 3.675052e+01 1.245184e+01 3.880269e+01 3.388208e-01
4.073803e-05 3.650061e+01 1.256742e+01 3.860356e+01 3.443072e-01
4.168694e-05 3.624674e+01 1.267893e+01 3.840028e+01 3.497951e-01
4.265795e-05 3.598907e+01 1.278619e+01 3.819293e+01 3.552798e-01
4.365158e-05 3.572778e+01 1.288902e+01 3.798159e+01 3.607562e-01
4.466836e-05 3.546307e+01 1.298726e+01 3.776636e+01 3.662194e-01
4.570882e-05 3.519513e+01 1.308077e+01 3.754735e+01 3.716641e-01
4.677351e-05 3.492419e+01 1.316939e+01 3.732468e+01 3.770850e-01
4.786301e-05 3.465046e+01 1.325300e+01 3.709847e+01 3.824770e-01
4.897788e-05 3.437419e+01 1.333150e+01 3.686887e+01 3.878345e-01
5.011872e-05 3.409560e+01 1.340476e+01 3.663601e+01 3.931522e-01
5.128614e-05 3.381495e+01 1.347271e+01 3.640007e+01 3.984246e-01
5.248075e-05 3.353249e+01 1.353527e+01 3.616119e+01 4.036465e-01
5.370318e-05 3.324848e+01 1.359239e+01 3.591956e+01 4.088123e-01
5.495409e-05 3.296318e+01 1.364402e+01 3.567535e+01 4.139169e-01
5.623413e-05 3.267685e+01 1.369013e+01 3.542875e+01 4.189550e-01
5.754399e-05 3.238976e+01 1.373072e+01 3.517995e+01 4.239215e-01
5.888437e-05 3.210217e+01 1.376578e+01 3.492916e+01 4.288116e-01
6.025596e-05 3.181434e+01 1.379535e+01 3.467656e+01 4.336204e-01
6.165950e-05 3.152654e+01 1.381945e+01 3.442238e+01 4.383434e-01
6.309573e-05 3.123902e+01 1.383815e+01 3.416681e+01 4.429763e-01
6.456542e-05 3.095203e+01 1.385150e+01 3.391006e+01 4.475150e-01
6.606934e-05 3.066582e+01 1.385959e+01 3.365236e+01 4.519557e-01
6.760830e-05 3.038063e+01 1.386253e+01 3.339390e+01 4.562949e-01
6.918310e-05 3.009668e+01 1.386041e+01 3.313490e+01 4.605295e-01
7.079458e-05 2.981421e+01 1.385337e+01 3.287556e+01 4.646566e-01
7.244360e-05 2.953340e+01 1.384153e+01 3.261610e+01 4.686738e-01
7.413102e-05 2.925448e+01 1.382505e+01 3.235671e+01 4.725789e-01
7.585776e-05 2.897762e+01 1.380408e+01 3.209759e+01 4.763704e-01
7.762471e-05 2.870301e+01 1.377879e+01 3.183894e+01 4.800469e-01
7.943282e-05 2.843080e+01 1.374935e+01 3.158093e+01 4.836076e-01
8.128305e-05 2.816115e+01 1.371594e+01 3.132375e+01 4.870521e-01
8.317638e-05 2.789418e+01 1.367876e+01 3.106757e+01 4.903803e-01
8.511380e-05 2.763003e+01 1.363798e+01 3.081255e+01 4.935927e-01
8.709636e-05 2.736881e+01 1.359381e+01 3.055885e+01 4.966900e-01
8.912509e-05 2.711059e+01 1.354645e+01 3.030661e+01 4.996735e-01
9.120108e-05 2.685548e+01 1.349609e+01 3.005597e+01 5.025450e-01
9.332543e-05 2.660353e+01 1.344293e+01 2.980705e+01 5.053063e-01
9.549926e-05 2.635480e+01 1.338718e+01 2.955997e+01 5.079599e-01
9.772372e-05 2.610932e+01 1.332903e+01 2.931484e+01 5.105085e-01
1.000000e-04 2.586713e+01 1.326868e+01 2.907174e+01 5.129552e-01
1.023293e-04 2.562823e+01 1.320632e+01 2.883077e+01 5.153035e-01
1.047129e-04 2.539264e+01 1.314214e+01 2.859199e+01 5.175570e-01
1.071519e-04 2.516033e+01 1.307631e+01 2.835546e+01 5.197195e-01
1.096478e-04 2.493129e+01 1.300903e+01 2.812124e+01 5.217953e-01
1.122018e-04 2.470549e+01 1.294045e+01 2.788936e+01 5.237886e-01
1.148154e-04 2.448289e+01 1.287075e+01 2.765986e+01 5.257040e-01
1.174898e-04 2.426343e+01 1.280008e+01 2.743276e+01 5.275459e-01
1.202264e-04 2.404707e+01 1.272858e+01 2.720806e+01 5.293192e-01
1.230269e-04 2.383374e+01 1.265640e+01 2.698577e+01 5.310286e-01
1.258925e-04 2.362336e+01 1.258366e+01 2.676587e+01 5.326787e-01
1.288250e-04 2.341586e+01 1.251050e+01 2.654835e+01 5.342744e-01
1.318257e-04 2.321116e+01 1.243701e+01 2.633320e+01 5.358203e-01
1.348963e-04 2.300917e+01 1.236331e+01 2.612036e+01 5.373210e-01
1.380384e-04 2.280980e+01 1.228949e+01 2.590982e+01 5.387810e-01
1.412538e-04 2.261296e+01 1.221563e+01 2.570151e+01 5.402046e-01
1.445440e-04 2.241856e+01 1.214180e+01 2.549539e+01 5.415959e-01
1.479108e-04 2.222649e+01 1.206807e+01 2.529141e+01 5.429590e-01
1.513561e-04 2.203667e+01 1.199451e+01 2.508950e+01 5.442975e-01
1.548817e-04 2.184900e+01 1.192114e+01 2.488960e+01 5.456150e-01
1.584893e-04 2.166338e+01 1.184802e+01 2.469165e+01 5.469144e-01
1.621810e-04 2.147973e+01 1.177516e+01 2.449557e+01 5.481989e-01
1.659587e-04 2.129795e+01 1.170260e+01 2.430130e+01 5.494708e-01
1.698244e-04 2.111795e+01 1.163034e+01 2.410876e+01 5.507325e-01
1.737801e-04 2.093965e+01 1.155839e+01 2.391789e+01 5.519859e-01
1.778279e-04 2.076297e+01 1.148675e+01 2.372860e+01 5.532325e-01
1.819701e-04 2.058784e+01 1.141541e+01 2.354083e+01 5.544735e-01
1.862087e-04 2.041418e+01 1.134436e+01 2.335451e+01 5.557097e-01
1.905461e-04 2.024192e+01 1.127357e+01 2.316957e+01 5.569417e-01
1.949845e-04 2.007102e+01 1.120303e+01 2.298594e+01 5.581695e-01
1.995262e-04 1.990140e+01 1.113270e+01 2.280357e+01 5.593928e-01
2.041738e-04 1.973303e+01 1.106256e+01 2.262239e+01 5.606111e-01
2.089296e-04 1.956586e+01 1.099256e+01 2.244236e+01 5.618234e-01
2.137962e-04 1.939986e+01 1.092267e+01 2.226341e+01 5.630284e-01
2.187762e-04 1.923499e+01 1.085286e+01 2.208550e+01 5.642245e-01
2.238721e-04 1.907124e+01 1.078307e+01 2.190860e+01 5.654099e-01
2.290868e-04 1.890858e+01 1.071327e+01 2.173266e+01 5.665824e-01
2.344229e-04 1.874701e+01 1.064342e+01 2.155766e+01 5.677395e-01
2.398833e-04 1.858651e+01 1.057347e+01 2.138356e+01 5.688785e-01
2.454709e-04 1.842710e+01 1.050338e+01 2.121035e+01 5.699966e-01
2.511886e-04 1.826878e+01 1.043313e+01 2.103802e+01 5.710907e-01
2.570396e-04 1.811156e+01 1.036266e+01 2.086656e+01 5.721575e-01
2.630268e-04 1.795545e+01 1.029196e+01 2.069596e+01 5.731938e-01
2.691535e-04 1.780049e+01 1.022097e+01 2.052623e+01 5.741961e-01
2.754229e-04 1.764670e+01 1.014969e+01 2.035737e+01 5.751608e-01
2.818383e-04 1.749411e+01 1.007809e+01 2.018940e+01 5.760845e-01
2.884032e-04 1.734276e+01 1.000614e+01 2.002234e+01 5.769637e-01
2.951209e-04 1.719268e+01 9.933838e+00 1.985622e+01 5.777948e-01
3.019952e-04 1.704391e+01 9.861169e+00 1.969105e+01 5.785744e-01
3.090295e-04 1.689649e+01 9.788128e+00 1.952687e+01 5.792994e-01
3.162278e-04 1.675047e+01 9.714715e+00 1.936373e+01 5.799666e-01
3.235937e-04 1.660590e+01 9.640937e+00 1.920166e+01 5.805730e-01
3.311311e-04 1.646282e+01 9.566803e+00 1.904069e+01 5.811158e-01
3.388442e-04 1.632127e+01 9.492328e+00 1.888089e+01 5.815927e-01
3.467369e-04 1.618129e+01 9.417534e+00 1.872229e+01 5.820013e-01
3.548134e-04 1.604295e+01 9.342445e+00 1.856495e+01 5.823397e-01
3.630781e-04 1.590626e+01 9.267092e+00 1.840892e+01 5.826064e-01
3.715352e-04 1.577129e+01 9.191509e+00 1.825424e+01 5.828001e-01
3.801894e-04 1.563806e+01 9.115735e+00 1.810098e+01 5.829199e-01
3.890451e-04 1.550661e+01 9.039815e+00 1.794918e+01 5.829653e-01
3.981072e-04 1.537697e+01 8.963794e+00 1.779890e+01 5.829361e-01
4.073803e-04 1.524918e+01 8.887724e+00 1.765019e+01 5.828328e-01
4.168694e-04 1.512326e+01 8.811658e+00 1.750309e+01 5.826560e-01
4.265795e-04 1.499923e+01 8.735654e+00 1.735767e+01 5.824068e-01
4.365158e-04 1.487711e+01 8.659769e+00 1.721395e+01 5.820869e-01
4.466836e-04 1.475691e+01 8.584067e+00 1.707198e+01 5.816981e-01
4.570882e-04 1.463865e+01 8.508608e+00 1.693182e+01 5.812428e-01
4.677351e-04 1.452232e+01 8.433458e+00 1.679348e+01 5.807239e-01
4.786301e-04 1.440793e+01 8.358683e+00 1.665701e+01 5.801445e-01
4.897788e-04 1.429548e+01 8.284347e+00 1.652245e+01 5.795081e-01
5.011872e-04 1.418496e+01 8.210517e+00 1.638980e+01 5.788187e-01
5.128614e-04 1.407634e+01 8.137259e+00 1.625910e+01 5.780805e-01
5.248075e-04 1.396963e+01 8.064638e+00 1.613037e+01 5.772980e-01
5.370318e-04 1.386478e+01 7.992719e+00 1.600362e+01 5.764762e-01
5.495409e-04 1.376179e+01 7.921565e+00 1.587886e+01 5.756202e-01
5.623413e-04 1.366061e+01 7.851237e+00 1.575609e+01 5.747353e-01
5.754399e-04 1.356122e+01 7.781797e+00 1.563532e+01 5.738271e-01
5.888437e-04 1.346358e+01 7.713303e+00 1.551654e+01 5.729015e-01
6.025596e-04 1.336764e+01 7.645810e+00 1.539974e+01 5.719642e-01
6.165950e-04 1.327335e+01 7.579371e+00 1.528492e+01 5.710215e-01
6.309573e-04 1.318069e+01 7.514038e+00 1.517206e+01 5.700794e-01
6.456542e-04 1.308958e+01 7.449859e+00 1.506112e+01 5.691443e-01
6.606934e-04 1.299998e+01 7.386878e+00 1.495210e+01 5.682222e-01
6.760830e-04 1.291183e+01 7.325137e+00 1.484497e+01 5.673197e-01
6.918310e-04 1.282508e+01 7.264675e+00 1.473968e+01 5.664429e-01
7.079458e-04 1.273966e+01 7.205526e+00 1.463621e+01 5.655981e-01
7.244360e-04 1.265551e+01 7.147723e+00 1.453451e+01 5.647914e-01
7.413102e-04 1.257257e+01 7.091294e+00 1.443454e+01 5.640291e-01
7.585776e-04 1.249077e+01 7.036263e+00 1.433626e+01 5.633170e-01
7.762471e-04 1.241005e+01 6.982651e+00 1.423962e+01 5.626610e-01
7.943282e-04 1.233034e+01 6.930476e+00 1.414457e+01 5.620669e-01
8.128305e-04 1.225158e+01 6.879752e+00 1.405105e+01 5.615401e-01
8.317638e-04 1.217369e+01 6.830489e+00 1.395902e+01 5.610862e-01
8.511380e-04 1.209661e+01 6.782692e+00 1.386841e+01 5.607103e-01
8.709636e-04 1.202027e+01 6.736367e+00 1.377917e+01 5.604174e-01
8.912509e-04 1.194460e+01 6.691512e+00 1.369123e+01 5.602122e-01
9.120108e-04 1.186954e+01 6.648124e+00 1.360454e+01 5.600993e-01
9.332543e-04 1.179503e+01 6.606195e+00 1.351904e+01 5.600831e-01
9.549926e-04 1.172098e+01 6.565716e+00 1.343466e+01 5.601676e-01
9.772372e-04 1.164735e+01 6.526672e+00 1.335134e+01 5.603567e-01
1.000000e-03 1.157407e+01 6.489048e+00 1.326902e+01 5.606539e-01
1.023293e-03 1.150107e+01 6.452824e+00 1.318763e+01 5.610628e-01
1.047129e-03 1.142830e+01 6.417977e+00 1.310711e+01 5.615863e-01
1.071519e-03 1.135569e+01 6.384483e+00 1.302741e+01 5.622275e-01
1.096478e-03 1.128320e+01 6.352313e+00 1.294845e+01 5.629888e-01
1.122018e-03 1.121075e+01 6.321437e+00 1.287018e+01 5.638728e-01
1.148154e-03 1.113831e+01 6.291824e+00 1.279253e+01 5.648815e-01
1.174898e-03 1.106581e+01 6.263437e+00 1.271546e+01 5.660169e-01
1.202264e-03 1.099322e+01 6.236240e+00 1.263889e+01 5.672808e-01
1.230269e-03 1.092047e+01 6.210194e+00 1.256277e+01 5.686745e-01
1.258925e-03 1.084753e+01 6.185258e+00 1.248705e+01 5.701995e-01
1.288250e-03 1.077436e+01 6.161390e+00 1.241167e+01 5.718567e-01
1.318257e-03 1.070091e+01 6.138545e+00 1.233658e+01 5.736470e-01
1.348963e-03 1.062715e+01 6.116678e+00 1.226173e+01 5.755710e-01
1.380384e-03 1.055303e+01 6.095742e+00 1.218707e+01 5.776293e-01
1.412538e-03 1.047854e+01 6.075688e+00 1.211255e+01 5.798221e-01
1.445440e-03 1.040363e+01 6.056469e+00 1.203812e+01 5.821496e-01
1.479108e-03 1.032828e+01 6.038033e+00 1.196375e+01 5.846116e-01
1.513561e-03 1.025247e+01 6.020330e+00 1.188938e+01 5.872080e-01
1.548817e-03 1.017616e+01 6.003309e+00 1.181499e+01 5.899384e-01
1.584893e-03 1.009935e+01 5.986917e+00 1.174053e+01 5.928023e-01
1.621810e-03 1.002201e+01 5.971103e+00 1.166596e+01 5.957990e-01
1.659587e-03 9.944126e+00 5.955812e+00 1.159126e+01 5.989277e-01
1.698244e-03 9.865688e+00 5.940993e+00 1.151639e+01 6.021874e-01
1.737801e-03 9.786686e+00 5.926593e+00 1.144132e+01 6.055771e-01
1.778279e-03 9.707110e+00 5.912557e+00 1.136602e+01 6.090955e-01
1.819701e-03 9.626956e+00 5.898834e+00 1.129046e+01 6.127414e-01
1.862087e-03 9.546221e+00 5.885371e+00 1.121463e+01 6.165132e-01
1.905461e-03 9.464904e+00 5.872116e+00 1.113850e+01 6.204094e-01
1.949845e-03 9.383008e+00 5.859016e+00 1.106205e+01 6.244283e-01
1.995262e-03 9.300536e+00 5.846020e+00 1.098526e+01 6.285681e-01
2.041738e-03 9.217495e+00 5.833077e+00 1.090812e+01 6.328268e-01
2.089296e-03 9.133893e+00 5.820138e+00 1.083061e+01 6.372023e-01
2.137962e-03 9.049743e+00 5.807154e+00 1.075271e+01 6.416927e-01
2.187762e-03 8.965056e+00 5.794075e+00 1.067443e+01 6.462954e-01
2.238721e-03 8.879849e+00 5.780854e+00 1.059575e+01 6.510082e-01
2.290868e-03 8.794138e+00 5.767446e+00 1.051667e+01 6.558284e-01
2.344229e-03 8.707943e+00 5.753804e+00 1.043717e+01 6.607535e-01
2.398833e-03 8.621286e+00 5.739886e+00 1.035726e+01 6.657808e-01
2.454709e-03 8.534189e+00 5.725649e+00 1.027694e+01 6.709072e-01
2.511886e-03 8.446679e+00 5.711051e+00 1.019620e+01 6.761298e-01
2.570396e-03 8.358781e+00 5.696053e+00 1.011505e+01 6.814455e-01
2.630268e-03 8.270524e+00 5.680617e+00 1.003349e+01 6.868509e-01
2.691535e-03 8.181940e+00 5.664707e+00 9.951535e+00 6.923428e-01
2.754229e-03 8.093059e+00 5.648288e+00 9.869182e+00 6.979177e-01
2.818383e-03 8.003914e+00 5.631328e+00 9.786445e+00 7.035718e-01
2.884032e-03 7.914542e+00 5.613796e+00 9.703333e+00 7.093014e-01
2.951209e-03 7.824976e+00 5.595662e+00 9.619859e+00 7.151028e-01
3.019952e-03 7.735255e+00 5.576902e+00 9.536037e+00 7.209719e-01
3.090295e-03 7.645416e+00 5.557488e+00 9.451882e+00 7.269046e-01
3.162278e-03 7.555499e+00 5.537401e+00 9.367410e+00 7.328967e-01
3.235937e-03 7.465543e+00 5.516618e+00 9.282640e+00 7.389440e-01
3.311311e-03 7.375588e+00 5.495122e+00 9.197590e+00 7.450419e-01
3.388442e-03 7.285676e+00 5.472898e+00 9.112282e+00 7.511860e-01
3.467369e-03 7.195847e+00 5.449931e+00 9.026736e+00 7.573718e-01
3.548134e-03 7.106143e+00 5.426211e+00 8.940975e+00 7.635944e-01
3.630781e-03 7.016606e+00 5.401729e+00 8.855023e+00 7.698493e-01
3.715352e-03 6.927277e+00 5.376478e+00 8.768904e+00 7.761314e-01
3.801894e-03 6.838199e+00 5.350453e+00 8.682644e+00 7.824361e-01
3.890451e-03 6.749411e+00 5.323653e+00 8.596268e+00 7.887582e-01
3.981072e-03 6.660955e+00 5.296077e+00 8.509803e+00 7.950928e-01
4.073803e-03 6.572871e+00 5.267727e+00 8.423276e+00 8.014348e-01
4.168694e-03 6.485199e+00 5.238608e+00 8.336715e+00 8.077792e-01
4.265795e-03 6.397976e+00 5.208726e+00 8.250147e+00 8.141208e-01
4.365158e-03 6.311243e+00 5.178087e+00 8.163600e+00 8.204545e-01
4.466836e-03 6.225034e+00 5.146703e+00 8.077103e+00 8.267751e-01
4.570882e-03 6.139386e+00 5.114585e+00 7.990685e+00 8.330776e-01
4.677351e-03 6.054334e+00 5.081745e+00 7.904372e+00 8.393566e-01
4.786301e-03 5.969911e+00 5.048199e+00 7.818194e+00 8.456070e-01
4.897788e-03 5.886150e+00 5.013962e+00 7.732178e+00 8.518237e-01
5.011872e-03 5.803081e+00 4.979051e+00 7.646352e+00 8.580014e-01
5.128614e-03 5.720734e+00 4.943486e+00 7.560744e+00 8.641350e-01
5.248075e-03 5.639136e+00 4.907286e+00 7.475381e+00 8.702194e-01
5.370318e-03 5.558316e+00 4.870471e+00 7.390288e+00 8.762495e-01
5.495409e-03 5.478297e+00 4.833063e+00 7.305493e+00 8.822200e-01
5.623413e-03 5.399104e+00 4.795084e+00 7.221022e+00 8.881260e-01
5.754399e-03 5.320758e+00 4.756557e+00 7.136898e+00 8.939623e-01
5.888437e-03 5.243282e+00 4.717506e+00 7.053146e+00 8.997239e-01
6.025596e-03 5.166694e+00 4.677954e+00 6.969791e+00 9.054057e-01
6.165950e-03 5.091012e+00 4.637927e+00 6.886855e+00 9.110029e-01
6.309573e-03 5.016253e+00 4.597448e+00 6.804361e+00 9.165103e-01
6.456542e-03 4.942433e+00 4.556543e+00 6.722330e+00 9.219230e-01
6.606934e-03 4.869565e+00 4.515237e+00 6.640785e+00 9.272361e-01
6.760830e-03 4.797662e+00 4.473555e+00 6.559745e+00 9.324448e-01
6.918310e-03 4.726736e+00 4.431523e+00 6.479230e+00 9.375440e-01
7.079458e-03 4.656796e+00 4.389166e+00 6.399260e+00 9.425291e-01
7.244360e-03 4.587852e+00 4.346509e+00 6.319852e+00 9.473953e-01
7.413102e-03 4.519912e+00 4.303579e+00 6.241025e+00 9.521377e-01
7.585776e-03 4.452983e+00 4.260399e+00 6.162796e+00 9.567517e-01
7.762471e-03 4.387070e+00 4.216996e+00 6.085182e+00 9.612327e-01
7.943282e-03 4.322179e+00 4.173393e+00 6.008198e+00 9.655762e-01
8.128305e-03 4.258312e+00 4.129616e+00 5.931859e+00 9.697776e-01
8.317638e-03 4.195474e+00 4.085689e+00 5.856181e+00 9.738326e-01
8.511380e-03 4.133666e+00 4.041637e+00 5.781178e+00 9.777368e-01
8.709636e-03 4.072888e+00 3.997483e+00 5.706864e+00 9.814861e-01
8.912509e-03 4.013142e+00 3.953252e+00 5.633250e+00 9.850764e-01
9.120108e-03 3.954427e+00 3.908966e+00 5.560351e+00 9.885039e-01
9.332543e-03 3.896740e+00 3.864649e+00 5.488178e+00 9.917647e-01
9.549926e-03 3.840081e+00 3.820325e+00 5.416743e+00 9.948553e-01
9.772372e-03 3.784445e+00 3.776014e+00 5.346055e+00 9.977722e-01
1.000000e-02 3.729830e+00 3.731741e+00 5.276127e+00 1.000512e+00
1.023293e-02 3.676230e+00 3.687526e+00 5.206968e+00 1.003073e+00
1.047129e-02 3.623640e+00 3.643391e+00 5.138586e+00 1.005451e+00
1.071519e-02 3.572055e+00 3.599358e+00 5.070992e+00 1.007644e+00
1.096478e-02 3.521468e+00 3.555448e+00 5.004193e+00 1.009649e+00
1.122018e-02 3.471871e+00 3.511681e+00 4.938197e+00 1.011466e+00
1.148154e-02 3.423257e+00 3.468076e+00 4.873012e+00 1.013093e+00
1.174898e-02 3.375617e+00 3.424655e+00 4.808644e+00 1.014527e+00
1.202264e-02 3.328941e+00 3.381436e+00 4.745098e+00 1.015769e+00
1.230269e-02 3.283220e+00 3.338437e+00 4.682382e+00 1.016818e+00
1.258925e-02 3.238443e+00 3.295678e+00 4.620498e+00 1.017674e+00
1.288250e-02 3.194599e+00 3.253175e+00 4.559453e+00 1.018336e+00
1.318257e-02 3.151676e+00 3.210947e+00 4.499249e+00 1.018806e+00
1.348963e-02 3.109662e+00 3.169011e+00 4.439890e+00 1.019085e+00
1.380384e-02 3.068543e+00 3.127381e+00 4.381378e+00 1.019175e+00
1.412538e-02 3.028308e+00 3.086075e+00 4.323714e+00 1.019076e+00
1.445440e-02 2.988941e+00 3.045107e+00 4.266901e+00 1.018791e+00
1.479108e-02 2.950428e+00 3.004491e+00 4.210937e+00 1.018324e+00
1.513561e-02 2.912754e+00 2.964242e+00 4.155824e+00 1.017677e+00
1.548817e-02 2.875905e+00 2.924373e+00 4.101559e+00 1.016853e+00
1.584893e-02 2.839864e+00 2.884896e+00 4.048142e+00 1.015857e+00
1.621810e-02 2.804616e+00 2.845823e+00 3.995570e+00 1.014693e+00
1.659587e-02 2.770144e+00 2.807165e+00 3.943840e+00 1.013364e+00
1.698244e-02 2.736430e+00 2.768933e+00 3.892948e+00 1.011878e+00
1.737801e-02 2.703460e+00 2.731136e+00 3.842889e+00 1.010237e+00
1.778279e-02 2.671214e+00 2.693784e+00 3.793660e+00 1.008449e+00
1.819701e-02 2.639676e+00 2.656884e+00 3.745253e+00 1.006519e+00
1.862087e-02 2.608828e+00 2.620444e+00 3.697662e+00 1.004453e+00
1.905461e-02 2.578652e+00 2.584471e+00 3.650882e+00 1.002257e+00
1.949845e-02 2.549131e+00 2.548971e+00 3.604902e+00 9.999374e-01
1.995262e-02 2.520246e+00 2.513949e+00 3.559716e+00 9.975015e-01
2.041738e-02 2.491980e+00 2.479410e+00 3.515315e+00 9.949558e-01
2.089296e-02 2.464315e+00 2.445357e+00 3.471689e+00 9.923071e-01
2.137962e-02 2.437233e+00 2.411794e+00 3.428828e+00 9.895623e-01
2.187762e-02 2.410717e+00 2.378723e+00 3.386721e+00 9.867285e-01
2.238721e-02 2.384748e+00 2.346145e+00 3.345358e+00 9.838126e-01
2.290868e-02 2.359310e+00 2.314062e+00 3.304728e+00 9.808216e-01
2.344229e-02 2.334385e+00 2.282474e+00 3.264819e+00 9.777624e-01
2.398833e-02 2.309956e+00 2.251380e+00 3.225618e+00 9.746419e-01
2.454709e-02 2.286007e+00 2.220780e+00 3.187113e+00 9.714668e-01
2.511886e-02 2.262520e+00 2.190671e+00 3.149291e+00 9.682437e-01
2.570396e-02 2.239481e+00 2.161052e+00 3.112141e+00 9.649790e-01
2.630268e-02 2.216872e+00 2.131920e+00 3.075647e+00 9.616791e-01
2.691535e-02 2.194680e+00 2.103272e+00 3.039798e+00 9.583501e-01
2.754229e-02 2.172888e+00 2.075103e+00 3.004579e+00 9.549977e-01
2.818383e-02 2.151482e+00 2.047410e+00 2.969978e+00 9.516278e-01
2.884032e-02 2.130449e+00 2.020189e+00 2.935979e+00 9.482456e-01
2.951209e-02 2.109774e+00 1.993433e+00 2.902571e+00 9.448563e-01
3.019952e-02 2.089443e+00 1.967137e+00 2.869739e+00 9.414648e-01
3.090295e-02 2.069446e+00 1.941297e+00 2.837470e+00 9.380757e-01
3.162278e-02 2.049768e+00 1.915904e+00 2.805751e+00 9.346934e-01
3.235937e-02 2.030398e+00 1.890954e+00 2.774567e+00 9.313219e-01
3.311311e-02 2.011325e+00 1.866439e+00 2.743907e+00 9.279649e-01
3.388442e-02 1.992539e+00 1.842353e+00 2.713757e+00 9.246261e-01
3.467369e-02 1.974028e+00 1.818689e+00 2.684104e+00 9.213085e-01
3.548134e-02 1.955783e+00 1.795439e+00 2.654937e+00 9.180151e-01
3.630781e-02 1.937795e+00 1.772596e+00 2.626242e+00 9.147486e-01
3.715352e-02 1.920056e+00 1.750153e+00 2.598008e+00 9.115115e-01
3.801894e-02 1.902555e+00 1.728102e+00 2.570224e+00 9.083057e-01
3.890451e-02 1.885287e+00 1.706436e+00 2.542878e+00 9.051333e-01
3.981072e-02 1.868243e+00 1.685147e+00 2.515960e+00 9.019960e-01
4.073803e-02 1.851416e+00 1.664229e+00 2.489458e+00 8.988952e-01
4.168694e-02 1.834801e+00 1.643674e+00 2.463363e+00 8.958323e-01
4.265795e-02 1.818390e+00 1.623474e+00 2.437665e+00 8.928083e-01
4.365158e-02 1.802179e+00 1.603622e+00 2.412354e+00 8.898242e-01
4.466836e-02 1.786162e+00 1.584112e+00 2.387422e+00 8.868807e-01
4.570882e-02 1.770333e+00 1.564937e+00 2.362860e+00 8.839786e-01
4.677351e-02 1.754690e+00 1.546090e+00 2.338660e+00 8.811185e-01
4.786301e-02 1.739226e+00 1.527564e+00 2.314813e+00 8.783008e-01
4.897788e-02 1.723939e+00 1.509354e+00 2.291313e+00 8.755259e-01
5.011872e-02 1.708825e+00 1.491452e+00 2.268152e+00 8.727942e-01
5.128614e-02 1.693879e+00 1.473855e+00 2.245323e+00 8.701061e-01
5.248075e-02 1.679100e+00 1.456555e+00 2.222820e+00 8.674619e-01
5.370318e-02 1.664483e+00 1.439548e+00 2.200636e+00 8.648620e-01
5.495409e-02 1.650025e+00 1.422828e+00 2.178766e+00 8.623066e-01
5.623413e-02 1.635725e+00 1.406391e+00 2.157205e+00 8.597963e-01
5.754399e-02 1.621580e+00 1.390231e+00 2.135946e+00 8.573315e-01
5.888437e-02 1.607586e+00 1.374346e+00 2.114984e+00 8.549127e-01
6.025596e-02 1.593741e+00 1.358729e+00 2.094316e+00 8.525407e-01
6.165950e-02 1.580044e+00 1.343379e+00 2.073935e+00 8.502161e-01
6.309573e-02 1.566491e+00 1.328290e+00 2.053837e+00 8.479397e-01
6.456542e-02 1.553080e+00 1.313459e+00 2.034019e+00 8.457126e-01
6.606934e-02 1.539808e+00 1.298883e+00 2.014474e+00 8.435358e-01
6.760830e-02 1.526674e+00 1.284559e+00 1.995201e+00 8.414105e-01
6.918310e-02 1.513674e+00 1.270484e+00 1.976193e+00 8.393382e-01
7.079458e-02 1.500806e+00 1.256655e+00 1.957448e+00 8.373201e-01
7.244360e-02 1.488068e+00 1.243069e+00 1.938960e+00 8.353581e-01
7.413102e-02 1.475456e+00 1.229724e+00 1.920727e+00 8.334537e-01
7.585776e-02 1.462968e+00 1.216617e+00 1.902744e+00 8.316090e-01
7.762471e-02 1.450601e+00 1.203746e+00 1.885006e+00 8.298258e-01
7.943282e-02 1.438352e+00 1.191108e+00 1.867510e+00 8.281063e-01
8.128305e-02 1.426217e+00 1.178701e+00 1.850252e+00 8.264527e-01
8.317638e-02 1.414194e+00 1.166523e+00 1.833227e+00 8.248673e-01
8.511380e-02 1.402280e+00 1.154571e+00 1.816431e+00 8.233526e-01
8.709636e-02 1.390470e+00 1.142843e+00 1.799860e+00 8.219110e-01
8.912509e-02 1.378762e+00 1.131336e+00 1.783510e+00 8.205451e-01
9.120108e-02 1.367152e+00 1.120049e+00 1.767375e+00 8.192575e-01
9.332543e-02 1.355635e+00 1.108979e+00 1.751451e+00 8.180508e-01
9.549926e-02 1.344210e+00 1.098122e+00 1.735734e+00 8.169277e-01
9.772372e-02 1.332871e+00 1.087478e+00 1.720219e+00 8.158909e-01
1.000000e-01 1.321616e+00 1.077042e+00 1.704901e+00 8.149431e-01
1.023293e-01 1.310440e+00 1.066812e+00 1.689775e+00 8.140868e-01
1.047129e-01 1.299339e+00 1.056785e+00 1.674836e+00 8.133248e-01
1.071519e-01 1.288310e+00 1.046958e+00 1.660079e+00 8.126597e-01
1.096478e-01 1.277349e+00 1.037327e+00 1.645499e+00 8.120939e-01
1.122018e-01 1.266452e+00 1.027890e+00 1.631091e+00 8.116300e-01
1.148154e-01 1.255615e+00 1.018643e+00 1.616850e+00 8.112703e-01
1.174898e-01 1.244836e+00 1.009583e+00 1.602771e+00 8.110171e-01
1.202264e-01 1.234109e+00 1.000705e+00 1.588847e+00 8.108725e-01
1.230269e-01 1.223432e+00 9.920064e-01 1.575076e+00 8.108388e-01
1.258925e-01 1.212802e+00 9.834825e-01 1.561450e+00 8.109178e-01
1.288250e-01 1.202214e+00 9.751296e-01 1.547965e+00 8.111113e-01
1.318257e-01 1.191667e+00 9.669435e-01 1.534617e+00 8.114211e-01
1.348963e-01 1.181156e+00 9.589199e-01 1.521400e+00 8.118487e-01
1.380384e-01 1.170679e+00 9.510545e-01 1.508308e+00 8.123956e-01
1.412538e-01 1.160233e+00 9.433428e-01 1.495338e+00 8.130631e-01
1.445440e-01 1.149816e+00 9.357805e-01 1.482485e+00 8.138522e-01
1.479108e-01 1.139425e+00 9.283628e-01 1.469744e+00 8.147640e-01
1.513561e-01 1.129059e+00 9.210853e-01 1.457111e+00 8.157993e-01
1.548817e-01 1.118714e+00 9.139432e-01 1.444580e+00 8.169589e-01
1.584893e-01 1.108389e+00 9.069319e-01 1.432149e+00 8.182432e-01
1.621810e-01 1.098083e+00 9.000468e-01 1.419813e+00 8.196529e-01
1.659587e-01 1.087794e+00 8.932831e-01 1.407569e+00 8.211881e-01
1.698244e-01 1.077520e+00 8.866362e-01 1.395411e+00 8.228490e-01
1.737801e-01 1.067261e+00 8.801015e-01 1.383338e+00 8.246357e-01
1.778279e-01 1.057015e+00 8.736743e-01 1.371345e+00 8.265482e-01
1.819701e-01 1.046783e+00 8.673500e-01 1.359430e+00 8.285863e-01
1.862087e-01 1.036563e+00 8.611243e-01 1.347590e+00 8.307498e-01
1.905461e-01 1.026355e+00 8.549926e-01 1.335820e+00 8.330382e-01
1.949845e-01 1.016158e+00 8.489507e-01 1.324120e+00 8.354512e-01
1.995262e-01 1.005974e+00 8.429942e-01 1.312487e+00 8.379884e-01
2.041738e-01 9.958010e-01 8.371191e-01 1.300918e+00 8.406490e-01
2.089296e-01 9.856404e-01 8.313213e-01 1.289411e+00 8.434326e-01
2.137962e-01 9.754924e-01 8.255968e-01 1.277965e+00 8.463385e-01
2.187762e-01 9.653575e-01 8.199419e-01 1.266578e+00 8.493661e-01
2.238721e-01 9.552363e-01 8.143529e-01 1.255248e+00 8.525146e-01
2.290868e-01 9.451298e-01 8.088263e-01 1.243974e+00 8.557833e-01
2.344229e-01 9.350386e-01 8.033587e-01 1.232754e+00 8.591717e-01
2.398833e-01 9.249639e-01 7.979469e-01 1.221588e+00 8.626789e-01
2.454709e-01 9.149067e-01 7.925877e-01 1.210475e+00 8.663044e-01
2.511886e-01 9.048682e-01 7.872783e-01 1.199414e+00 8.700475e-01
2.570396e-01 8.948494e-01 7.820159e-01 1.188404e+00 8.739078e-01
2.630268e-01 8.848517e-01 7.767977e-01 1.177445e+00 8.778846e-01
2.691535e-01 8.748764e-01 7.716214e-01 1.166537e+00 8.819776e-01
2.754229e-01 8.649248e-01 7.664847e-01 1.155679e+00 8.861865e-01
2.818383e-01 8.549982e-01 7.613852e-01 1.144871e+00 8.905109e-01
2.884032e-01 8.450981e-01 7.563211e-01 1.134113e+00 8.949507e-01
2.951209e-01 8.352256e-01 7.512904e-01 1.123405e+00 8.995060e-01
3.019952e-01 8.253822e-01 7.462914e-01 1.112747e+00 9.041767e-01
3.090295e-01 8.155693e-01 7.413224e-01 1.102140e+00 9.089631e-01
3.162278e-01 8.057881e-01 7.363820e-01 1.091583e+00 9.138656e-01
3.235937e-01 7.960399e-01 7.314688e-01 1.081076e+00 9.188846e-01
3.311311e-01 7.863259e-01 7.265816e-01 1.070621e+00 9.240210e-01
3.388442e-01 7.766473e-01 7.217192e-01 1.060217e+00 9.292754e-01
3.467369e-01 7.670053e-01 7.168807e-01 1.049864e+00 9.346489e-01
3.548134e-01 7.574010e-01 7.120650e-01 1.039564e+00 9.401427e-01
3.630781e-01 7.478353e-01 7.072714e-01 1.029315e+00 9.457582e-01
3.715352e-01 7.383092e-01 7.024990e-01 1.019120e+00 9.514970e-01
3.801894e-01 7.288237e-01 6.977472e-01 1.008977e+00 9.573608e-01
3.890451e-01 7.193795e-01 6.930154e-01 9.988880e-01 9.633517e-01
3.981072e-01 7.099774e-01 6.883030e-01 9.888523e-01 9.694718e-01
4.073803e-01 7.006180e-01 6.836095e-01 9.788705e-01 9.757236e-01
4.168694e-01 6.913020e-01 6.789343e-01 9.689429e-01 9.821096e-01
4.265795e-01 6.820299e-01 6.742771e-01 9.590695e-01 9.886328e-01
4.365158e-01 6.728021e-01 6.696374e-01 9.492507e-01 9.952962e-01
4.466836e-01 6.636190e-01 6.650147e-01 9.394864e-01 1.002103e+00
4.570882e-01 6.544810e-01 6.604087e-01 9.297768e-01 1.009057e+00
4.677351e-01 6.453883e-01 6.558189e-01 9.201220e-01 1.016162e+00
4.786301e-01 6.363410e-01 6.512450e-01 9.105218e-01 1.023421e+00
4.897788e-01 6.273394e-01 6.466865e-01 9.009762e-01 1.030840e+00
5.011872e-01 6.183836e-01 6.421429e-01 8.914851e-01 1.038422e+00
5.128614e-01 6.094735e-01 6.376138e-01 8.820483e-01 1.046172e+00
5.248075e-01 6.006091e-01 6.330987e-01 8.726656e-01 1.054094e+00
5.370318e-01 5.917905e-01 6.285969e-01 8.633366e-01 1.062195e+00
5.495409e-01 5.830175e-01 6.241081e-01 8.540610e-01 1.070479e+00
5.623413e-01 5.742900e-01 6.196314e-01 8.448385e-01 1.078952e+00
5.754399e-01 5.656080e-01 6.151663e-01 8.356686e-01 1.087620e+00
5.888437e-01 5.569714e-01 6.107121e-01 8.265509e-01 1.096487e+00
6.025596e-01 5.483799e-01 6.062680e-01 8.174848e-01 1.105562e+00
6.165950e-01 5.398336e-01 6.018332e-01 8.084698e-01 1.114849e+00
6.309573e-01 5.313322e-01 5.974068e-01 7.995054e-01 1.124357e+00
6.456542e-01 5.228757e-01 5.929880e-01 7.905908e-01 1.134090e+00
6.606934e-01 5.144641e-01 5.885759e-01 7.817256e-01 1.144056e+00
6.760830e-01 5.060972e-01 5.841693e-01 7.729090e-01 1.154263e+00
6.918310e-01 4.977752e-01 5.797675e-01 7.641403e-01 1.164717e+00
7.079458e-01 4.894980e-01 5.753691e-01 7.554190e-01 1.175427e+00
7.244360e-01 4.812657e-01 5.709733e-01 7.467444e-01 1.186399e+00
7.413102e-01 4.730784e-01 5.665788e-01 7.381157e-01 1.197643e+00
7.585776e-01 4.649364e-01 5.621845e-01 7.295323e-01 1.209164e+00
7.762471e-01 4.568399e-01 5.577893e-01 7.209935e-01 1.220973e+00
7.943282e-01 4.487892e-01 5.533920e-01 7.124987e-01 1.233078e+00
8.128305e-01 4.407848e-01 5.489913e-01 7.040473e-01 1.245486e+00
8.317638e-01 4.328270e-01 5.445861e-01 6.956387e-01 1.258207e+00
8.511380e-01 4.249164e-01 5.401751e-01 6.872723e-01 1.271250e+00
8.709636e-01 4.170537e-01 5.357573e-01 6.789475e-01 1.284624e+00
8.912509e-01 4.092394e-01 5.313314e-01 6.706638e-01 1.298339e+00
9.120108e-01 4.014743e-01 5.268963e-01 6.624208e-01 1.312404e+00
9.332543e-01 3.937594e-01 5.224509e-01 6.542181e-01 1.326828e+00
9.549926e-01 3.860954e-01 5.179940e-01 6.460553e-01 1.341622e+00
9.772372e-01 3.784833e-01 5.135247e-01 6.379320e-01 1.356796e+00
1.000000e+00 3.709242e-01 5.090418e-01 6.298479e-01 1.372361e+00
1.023293e+00 3.634193e-01 5.045446e-01 6.218029e-01 1.388326e+00
1.047129e+00 3.559697e-01 5.000320e-01 6.137967e-01 1.404704e+00
1.071519e+00 3.485766e-01 4.955032e-01 6.058293e-01 1.421505e+00
1.096478e+00 3.412414e-01 4.909575e-01 5.979005e-01 1.438740e+00
1.122018e+00 3.339654e-01 4.863943e-01 5.900104e-01 1.456421e+00
1.148154e+00 3.267501e-01 4.818127e-01 5.821590e-01 1.474560e+00
1.174898e+00 3.195970e-01 4.772124e-01 5.743465e-01 1.493169e+00
1.202264e+00 3.125074e-01 4.725929e-01 5.665730e-01 1.512261e+00
1.230269e+00 3.054831e-01 4.679539e-01 5.588387e-01 1.531848e+00
1.258925e+00 2.985256e-01 4.632950e-01 5.511440e-01 1.551944e+00
1.288250e+00 2.916364e-01 4.586161e-01 5.434892e-01 1.572561e+00
1.318257e+00 2.848173e-01 4.539171e-01 5.358747e-01 1.593713e+00
1.348963e+00 2.780699e-01 4.491981e-01 5.283009e-01 1.615415e+00
1.380384e+00 2.713958e-01 4.444593e-01 5.207684e-01 1.637679e+00
1.412538e+00 2.647966e-01 4.397007e-01 5.132777e-01 1.660522e+00
1.445440e+00 2.582741e-01 4.349229e-01 5.058295e-01 1.683958e+00
1.479108e+00 2.518299e-01 4.301262e-01 4.984244e-01 1.708003e+00
1.513561e+00 2.454656e-01 4.253112e-01 4.910631e-01 1.732671e+00
1.548817e+00 2.391828e-01 4.204785e-01 4.837464e-01 1.757980e+00
1.584893e+00 2.329831e-01 4.156289e-01 4.764751e-01 1.783945e+00
1.621810e+00 2.268679e-01 4.107632e-01 4.692499e-01 1.810583e+00
1.659587e+00 2.208389e-01 4.058825e-01 4.620718e-01 1.837912e+00
1.698244e+00 2.148974e-01 4.009876e-01 4.549417e-01 1.865949e+00
1.737801e+00 2.090448e-01 3.960799e-01 4.478605e-01 1.894713e+00
1.778279e+00 2.032824e-01 3.911605e-01 4.408291e-01 1.924222e+00
1.819701e+00 1.976116e-01 3.862307e-01 4.338485e-01 1.954495e+00
1.862087e+00 1.920334e-01 3.812920e-01 4.269196e-01 1.985551e+00
1.905461e+00 1.865490e-01 3.763457e-01 4.200436e-01 2.017410e+00
1.949845e+00 1.811594e-01 3.713935e-01 4.132213e-01 2.050092e+00
1.995262e+00 1.758656e-01 3.664370e-01 4.064539e-01 2.083620e+00
2.041738e+00 1.706684e-01 3.614777e-01 3.997422e-01 2.118013e+00
2.089296e+00 1.655685e-01 3.565176e-01 3.930874e-01 2.153293e+00
2.137962e+00 1.605667e-01 3.515583e-01 3.864905e-01 2.189484e+00
2.187762e+00 1.556635e-01 3.466016e-01 3.799524e-01 2.226608e+00
2.238721e+00 1.508594e-01 3.416495e-01 3.734741e-01 2.264688e+00
2.290868e+00 1.461547e-01 3.367037e-01 3.670567e-01 2.303749e+00
2.344229e+00 1.415498e-01 3.317663e-01 3.607010e-01 2.343814e+00
2.398833e+00 1.370447e-01 3.268392e-01 3.544081e-01 2.384910e+00
2.454709e+00 1.326395e-01 3.219243e-01 3.481788e-01 2.427062e+00
2.511886e+00 1.283342e-01 3.170235e-01 3.420140e-01 2.470296e+00
2.570396e+00 1.241287e-01 3.121388e-01 3.359145e-01 2.514639e+00
2.630268e+00 1.200226e-01 3.072722e-01 3.298813e-01 2.560119e+00
2.691535e+00 1.160157e-01 3.024257e-01 3.239150e-01 2.606764e+00
2.754229e+00 1.121075e-01 2.976010e-01 3.180164e-01 2.654603e+00
2.818383e+00 1.082975e-01 2.928001e-01 3.121862e-01 2.703666e+00
2.884032e+00 1.045849e-01 2.880250e-01 3.064252e-01 2.753982e+00
2.951209e+00 1.009692e-01 2.832773e-01 3.007338e-01 2.805583e+00
3.019952e+00 9.744937e-02 2.785590e-01 2.951127e-01 2.858500e+00
3.090295e+00 9.402466e-02 2.738717e-01 2.895624e-01 2.912765e+00
3.162278e+00 9.069404e-02 2.692172e-01 2.840833e-01 2.968412e+00
3.235937e+00 8.745647e-02 2.645972e-01 2.786760e-01 3.025473e+00
3.311311e+00 8.431079e-02 2.600132e-01 2.733408e-01 3.083985e+00
3.388442e+00 8.125583e-02 2.554668e-01 2.680780e-01 3.143981e+00
3.467369e+00 7.829031e-02 2.509595e-01 2.628879e-01 3.205499e+00
3.548134e+00 7.541291e-02 2.464927e-01 2.577707e-01 3.268574e+00
3.630781e+00 7.262225e-02 2.420677e-01 2.527267e-01 3.333245e+00
3.715352e+00 6.991690e-02 2.376860e-01 2.477559e-01 3.399549e+00
3.801894e+00 6.729538e-02 2.333486e-01 2.428585e-01 3.467527e+00
3.890451e+00 6.475618e-02 2.290567e-01 2.380344e-01 3.537219e+00
3.981072e+00 6.229772e-02 2.248116e-01 2.332836e-01 3.608664e+00
4.073803e+00 5.991842e-02 2.206140e-01 2.286061e-01 3.681906e+00
4.168694e+00 5.761666e-02 2.164651e-01 2.240018e-01 3.756987e+00
4.265795e+00 5.539080e-02 2.123656e-01 2.194705e-01 3.833951e+00
4.365158e+00 5.323916e-02 2.083164e-01 2.150120e-01 3.912843e+00
4.466836e+00 5.116005e-02 2.043183e-01 2.106260e-01 3.993708e+00
4.570882e+00 4.915179e-02 2.003718e-01 2.063123e-01 4.076592e+00
4.677351e+00 4.721267e-02 1.964776e-01 2.020705e-01 4.161544e+00
4.786301e+00 4.534097e-02 1.926362e-01 1.979003e-01 4.248612e+00
4.897788e+00 4.353499e-02 1.888481e-01 1.938012e-01 4.337846e+00
5.011872e+00 4.179300e-02 1.851136e-01 1.897727e-01 4.429297e+00
5.128614e+00 4.011330e-02 1.814331e-01 1.858145e-01 4.523016e+00
5.248075e+00 3.849419e-02 1.778068e-01 1.819260e-01 4.619056e+00
5.370318e+00 3.693399e-02 1.742350e-01 1.781066e-01 4.717472e+00
5.495409e+00 3.543100e-02 1.707179e-01 1.743558e-01 4.818319e+00
5.623413e+00 3.398358e-02 1.672554e-01 1.706729e-01 4.921654e+00
5.754399e+00 3.259007e-02 1.638477e-01 1.670574e-01 5.027533e+00
5.888437e+00 3.124885e-02 1.604946e-01 1.635085e-01 5.136017e+00
6.025596e+00 2.995832e-02 1.571963e-01 1.600255e-01 5.247166e+00
6.165950e+00 2.871690e-02 1.539525e-01 1.566079e-01 5.361040e+00
6.309573e+00 2.752304e-02 1.507630e-01 1.532547e-01 5.477704e+00
6.456542e+00 2.637519e-02 1.476278e-01 1.499654e-01 5.597221e+00
6.606934e+00 2.527187e-02 1.445465e-01 1.467391e-01 5.719658e+00
6.760830e+00 2.421161e-02 1.415188e-01 1.435750e-01 5.845081e+00
6.918310e+00 2.319295e-02 1.385445e-01 1.404724e-01 5.973560e+00
7.079458e+00 2.221449e-02 1.356231e-01 1.374304e-01 6.105164e+00
7.244360e+00 2.127485e-02 1.327543e-01 1.344483e-01 6.239966e+00
7.413102e+00 2.037268e-02 1.299377e-01 1.315251e-01 6.378039e+00
7.585776e+00 1.950666e-02 1.271728e-01 1.286602e-01 6.519458e+00
7.762471e+00 1.867550e-02 1.244592e-01 1.258525e-01 6.664299e+00
7.943282e+00 1.787797e-02 1.217962e-01 1.231014e-01 6.812643e+00
8.128305e+00 1.711284e-02 1.191835e-01 1.204058e-01 6.964568e+00
8.317638e+00 1.637892e-02 1.166205e-01 1.177651e-01 7.120158e+00
8.511380e+00 1.567507e-02 1.141066e-01 1.151782e-01 7.279495e+00
8.709636e+00 1.500017e-02 1.116412e-01 1.126444e-01 7.442667e+00
8.912509e+00 1.435312e-02 1.092238e-01 1.101628e-01 7.609761e+00
9.120108e+00 1.373288e-02 1.068537e-01 1.077326e-01 7.780866e+00
9.332543e+00 1.313843e-02 1.045303e-01 1.053528e-01 7.956075e+00
9.549926e+00 1.256877e-02 1.022530e-01 1.030226e-01 8.135483e+00
9.772372e+00 1.202295e-02 1.000212e-01 1.007412e-01 8.319184e+00
1.000000e+01 1.150004e-02 9.783408e-02 9.850766e-02 8.507279e+00
