1.000000e-06 4.663741e+01 4.592023e-01 4.663967e+01 9.846221e-03
1.023293e-06 4.663706e+01 4.698921e-01 4.663942e+01 1.007551e-02
1.047129e-06 4.663668e+01 4.808305e-01 4.663916e+01 1.031014e-02
1.071519e-06 4.663629e+01 4.920233e-01 4.663889e+01 1.055022e-02
1.096478e-06 4.663588e+01 5.034762e-01 4.663860e+01 1.079590e-02
1.122018e-06 4.663546e+01 5.151953e-01 4.663830e+01 1.104729e-02
1.148154e-06 4.663501e+01 5.271868e-01 4.663799e+01 1.130453e-02
1.174898e-06 4.663454e+01 5.394570e-01 4.663766e+01 1.156776e-02
1.202264e-06 4.663405e+01 5.520123e-01 4.663731e+01 1.183711e-02
1.230269e-06 4.663353e+01 5.648593e-01 4.663695e+01 1.211273e-02
1.258925e-06 4.663299e+01 5.780048e-01 4.663657e+01 1.239476e-02
1.288250e-06 4.663243e+01 5.914556e-01 4.663618e+01 1.268335e-02
1.318257e-06 4.663184e+01 6.052188e-01 4.663576e+01 1.297866e-02
1.348963e-06 4.663122e+01 6.193017e-01 4.663533e+01 1.328084e-02
1.380384e-06 4.663057e+01 6.337116e-01 4.663488e+01 1.359005e-02
1.412538e-06 4.662989e+01 6.484560e-01 4.663440e+01 1.390644e-02
1.445440e-06 4.662918e+01 6.635426e-01 4.663390e+01 1.423020e-02
1.479108e-06 4.662844e+01 6.789794e-01 4.663338e+01 1.456149e-02
1.513561e-06 4.662766e+01 6.947744e-01 4.663283e+01 1.490048e-02
1.548817e-06 4.662684e+01 7.109358e-01 4.663226e+01 1.524735e-02
1.584893e-06 4.662599e+01 7.274722e-01 4.663166e+01 1.560229e-02
1.621810e-06 4.662509e+01 7.443920e-01 4.663104e+01 1.596548e-02
1.659587e-06 4.662416e+01 7.617041e-01 4.663038e+01 1.633711e-02
1.698244e-06 4.662318e+01 7.794176e-01 4.662969e+01 1.671738e-02
1.737801e-06 4.662215e+01 7.975416e-01 4.662897e+01 1.710649e-02
1.778279e-06 4.662108e+01 8.160855e-01 4.662822e+01 1.750465e-02
1.819701e-06 4.661995e+01 8.350591e-01 4.662743e+01 1.791205e-02
1.862087e-06 4.661877e+01 8.544720e-01 4.662660e+01 1.832892e-02
1.905461e-06 4.661754e+01 8.743344e-01 4.662574e+01 1.875548e-02
1.949845e-06 4.661625e+01 8.946565e-01 4.662483e+01 1.919195e-02
1.995262e-06 4.661490e+01 9.154489e-01 4.662389e+01 1.963855e-02
2.041738e-06 4.661348e+01 9.367223e-01 4.662289e+01 2.009552e-02
2.089296e-06 4.661200e+01 9.584876e-01 4.662185e+01 2.056311e-02
2.137962e-06 4.661045e+01 9.807560e-01 4.662076e+01 2.104155e-02
2.187762e-06 4.660882e+01 1.003539e+00 4.661962e+01 2.153110e-02
2.238721e-06 4.660712e+01 1.026848e+00 4.661843e+01 2.203201e-02
2.290868e-06 4.660534e+01 1.050696e+00 4.661718e+01 2.254454e-02
2.344229e-06 4.660347e+01 1.075094e+00 4.661587e+01 2.306896e-02
2.398833e-06 4.660152e+01 1.100055e+00 4.661450e+01 2.360555e-02
2.454709e-06 4.659948e+01 1.125591e+00 4.661307e+01 2.415459e-02
2.511886e-06 4.659734e+01 1.151716e+00 4.661157e+01 2.471635e-02
2.570396e-06 4.659510e+01 1.178443e+00 4.661000e+01 2.529114e-02
2.630268e-06 4.659275e+01 1.205785e+00 4.660835e+01 2.587925e-02
2.691535e-06 4.659030e+01 1.233757e+00 4.660663e+01 2.648099e-02
2.754229e-06 4.658773e+01 1.262372e+00 4.660483e+01 2.709666e-02
2.818383e-06 4.658503e+01 1.291645e+00 4.660294e+01 2.772660e-02
2.884032e-06 4.658222e+01 1.321590e+00 4.660096e+01 2.837112e-02
2.951209e-06 4.657927e+01 1.352222e+00 4.659889e+01 2.903057e-02
3.019952e-06 4.657618e+01 1.383558e+00 4.659672e+01 2.970527e-02
3.090295e-06 4.657295e+01 1.415612e+00 4.659445e+01 3.039558e-02
3.162278e-06 4.656956e+01 1.448400e+00 4.659208e+01 3.110185e-02
3.235937e-06 4.656602e+01 1.481938e+00 4.658959e+01 3.182445e-02
3.311311e-06 4.656231e+01 1.516244e+00 4.658699e+01 3.256375e-02
3.388442e-06 4.655843e+01 1.551333e+00 4.658427e+01 3.332013e-02
3.467369e-06 4.655436e+01 1.587224e+00 4.658141e+01 3.409398e-02
3.548134e-06 4.655011e+01 1.623933e+00 4.657843e+01 3.488569e-02
3.630781e-06 4.654566e+01 1.661478e+00 4.657530e+01 3.569567e-02
3.715352e-06 4.654099e+01 1.699878e+00 4.657203e+01 3.652432e-02
3.801894e-06 4.653612e+01 1.739152e+00 4.656860e+01 3.737208e-02
3.890451e-06 4.653101e+01 1.779317e+00 4.656502e+01 3.823937e-02
3.981072e-06 4.652566e+01 1.820393e+00 4.656126e+01 3.912664e-02
4.073803e-06 4.652007e+01 1.862400e+00 4.655733e+01 4.003432e-02
4.168694e-06 4.651421e+01 1.905357e+00 4.655322e+01 4.096289e-02
4.265795e-06 4.650808e+01 1.949284e+00 4.654892e+01 4.191280e-02
4.365158e-06 4.650167e+01 1.994203e+00 4.654441e+01 4.288454e-02
4.466836e-06 4.649496e+01 2.040133e+00 4.653970e+01 4.387859e-02
4.570882e-06 4.648793e+01 2.087096e+00 4.653476e+01 4.489544e-02
4.677351e-06 4.648058e+01 2.135114e+00 4.652959e+01 4.593562e-02
4.786301e-06 4.647289e+01 2.184208e+00 4.652419e+01 4.699962e-02
4.897788e-06 4.646483e+01 2.234400e+00 4.651853e+01 4.808798e-02
5.011872e-06 4.645641e+01 2.285713e+00 4.651260e+01 4.920124e-02
5.128614e-06 4.644759e+01 2.338169e+00 4.650641e+01 5.033994e-02
5.248075e-06 4.643837e+01 2.391791e+00 4.649992e+01 5.150464e-02
5.370318e-06 4.642872e+01 2.446603e+00 4.649313e+01 5.269591e-02
5.495409e-06 4.641862e+01 2.502629e+00 4.648603e+01 5.391433e-02
5.623413e-06 4.640805e+01 2.559891e+00 4.647860e+01 5.516049e-02
5.754399e-06 4.639700e+01 2.618414e+00 4.647082e+01 5.643499e-02
5.888437e-06 4.638543e+01 2.678223e+00 4.646268e+01 5.773845e-02
6.025596e-06 4.637333e+01 2.739341e+00 4.645417e+01 5.907147e-02
6.165950e-06 4.636068e+01 2.801794e+00 4.644526e+01 6.043470e-02
6.309573e-06 4.634744e+01 2.865606e+00 4.643594e+01 6.182879e-02
6.456542e-06 4.633359e+01 2.930803e+00 4.642619e+01 6.325438e-02
6.606934e-06 4.631911e+01 2.997409e+00 4.641599e+01 6.471214e-02
6.760830e-06 4.630396e+01 3.065450e+00 4.640532e+01 6.620275e-02
6.918310e-06 4.628812e+01 3.134951e+00 4.639416e+01 6.772690e-02
7.079458e-06 4.627156e+01 3.205938e+00 4.638248e+01 6.928528e-02
7.244360e-06 4.625423e+01 3.278435e+00 4.637027e+01 7.087860e-02
7.413102e-06 4.623612e+01 3.352470e+00 4.635750e+01 7.250759e-02
7.585776e-06 4.621718e+01 3.428065e+00 4.634414e+01 7.417296e-02
7.762471e-06 4.619739e+01 3.505248e+00 4.633018e+01 7.587545e-02
7.943282e-06 4.617669e+01 3.584042e+00 4.631557e+01 7.761583e-02
8.128305e-06 4.615505e+01 3.664473e+00 4.630030e+01 7.939483e-02
8.317638e-06 4.613244e+01 3.746565e+00 4.628433e+01 8.121324e-02
8.511380e-06 4.610881e+01 3.830342e+00 4.626763e+01 8.307182e-02
8.709636e-06 4.608411e+01 3.915829e+00 4.625017e+01 8.497136e-02
8.912509e-06 4.605830e+01 4.003049e+00 4.623193e+01 8.691265e-02
9.120108e-06 4.603133e+01 4.092024e+00 4.621286e+01 8.889649e-02
9.332543e-06 4.600316e+01 4.182776e+00 4.619292e+01 9.092368e-02
9.549926e-06 4.597372e+01 4.275328e+00 4.617209e+01 9.299504e-02
9.772372e-06 4.594298e+01 4.369700e+00 4.615032e+01 9.511137e-02
1.000000e-05 4.591088e+01 4.465912e+00 4.612757e+01 9.727352e-02
1.023293e-05 4.587735e+01 4.563983e+00 4.610380e+01 9.948229e-02
1.047129e-05 4.584234e+01 4.663931e+00 4.607898e+01 1.017385e-01
1.071519e-05 4.580578e+01 4.765773e+00 4.605304e+01 1.040430e-01
1.096478e-05 4.576763e+01 4.869524e+00 4.602595e+01 1.063967e-01
1.122018e-05 4.572781e+01 4.975198e+00 4.599766e+01 1.088003e-01
1.148154e-05 4.568625e+01 5.082807e+00 4.596812e+01 1.112546e-01
1.174898e-05 4.564288e+01 5.192362e+00 4.593728e+01 1.137606e-01
1.202264e-05 4.559764e+01 5.303873e+00 4.590508e+01 1.163190e-01
1.230269e-05 4.555045e+01 5.417346e+00 4.587147e+01 1.189307e-01
1.258925e-05 4.550124e+01 5.532786e+00 4.583639e+01 1.215964e-01
1.288250e-05 4.544993e+01 5.650196e+00 4.579979e+01 1.243169e-01
1.318257e-05 4.539643e+01 5.769575e+00 4.576160e+01 1.270931e-01
1.348963e-05 4.534067e+01 5.890922e+00 4.572176e+01 1.299258e-01
1.380384e-05 4.528257e+01 6.014230e+00 4.568021e+01 1.328156e-01
1.412538e-05 4.522203e+01 6.139491e+00 4.563689e+01 1.357633e-01
1.445440e-05 4.515897e+01 6.266695e+00 4.559171e+01 1.387696e-01
1.479108e-05 4.509330e+01 6.395824e+00 4.554462e+01 1.418353e-01
1.513561e-05 4.502493e+01 6.526862e+00 4.549554e+01 1.449611e-01
1.548817e-05 4.495377e+01 6.659785e+00 4.544440e+01 1.481474e-01
1.584893e-05 4.487971e+01 6.794567e+00 4.539113e+01 1.513951e-01
1.621810e-05 4.480267e+01 6.931176e+00 4.533564e+01 1.547045e-01
1.659587e-05 4.472255e+01 7.069579e+00 4.527787e+01 1.580764e-01
1.698244e-05 4.463924e+01 7.209734e+00 4.521772e+01 1.615111e-01
1.737801e-05 4.455265e+01 7.351597e+00 4.515512e+01 1.650092e-01
1.778279e-05 4.446268e+01 7.495117e+00 4.508998e+01 1.685710e-01
1.819701e-05 4.436922e+01 7.640239e+00 4.502223e+01 1.721968e-01
1.862087e-05 4.427218e+01 7.786902e+00 4.495177e+01 1.758870e-01
1.905461e-05 4.417145e+01 7.935039e+00 4.487852e+01 1.796418e-01
1.949845e-05 4.406693e+01 8.084577e+00 4.480240e+01 1.834613e-01
1.995262e-05 4.395852e+01 8.235437e+00 4.472331e+01 1.873456e-01
2.041738e-05 4.384612e+01 8.387533e+00 4.464116e+01 1.912947e-01
2.089296e-05 4.372964e+01 8.540774e+00 4.455587e+01 1.953086e-01
2.137962e-05 4.360896e+01 8.695060e+00 4.446736e+01 1.993870e-01
2.187762e-05 4.348401e+01 8.850286e+00 4.437552e+01 2.035297e-01
2.238721e-05 4.335468e+01 9.006340e+00 4.428027e+01 2.077363e-01
2.290868e-05 4.322089e+01 9.163102e+00 4.418153e+01 2.120063e-01
2.344229e-05 4.308254e+01 9.320446e+00 4.407920e+01 2.163393e-01
2.398833e-05 4.293957e+01 9.478238e+00 4.397321e+01 2.207344e-01
2.454709e-05 4.279188e+01 9.636336e+00 4.386347e+01 2.251908e-01
2.511886e-05 4.263941e+01 9.794594e+00 4.374990e+01 2.297076e-01
2.570396e-05 4.248209e+01 9.952857e+00 4.363241e+01 2.342836e-01
2.630268e-05 4.231985e+01 1.011096e+01 4.351093e+01 2.389177e-01
2.691535e-05 4.215265e+01 1.026874e+01 4.338540e+01 2.436085e-01
2.754229e-05 4.198043e+01 1.042603e+01 4.325573e+01 2.483544e-01
2.818383e-05 4.180315e+01 1.058263e+01 4.312187e+01 2.531538e-01
2.884032e-05 4.162079e+01 1.073836e+01 4.298375e+01 2.580047e-01
2.951209e-05 4.143332e+01 1.089304e+01 4.284132e+01 2.629052e-01
3.019952e-05 4.124073e+01 1.104646e+01 4.269452e+01 2.678531e-01
3.090295e-05 4.104301e+01 1.119842e+01 4.254331e+01 2.728460e-01
3.162278e-05 4.084018e+01 1.134872e+01 4.238766e+01 2.778813e-01
3.235937e-05 4.063225e+01 1.149715e+01 4.222753e+01 2.829563e-01
3.311311e-05 4.041926e+01 1.164350e+01 4.206290e+01 2.880681e-01
3.388442e-05 4.020124e+01 1.178755e+01 4.189375e+01 2.932136e-01
3.467369e-05 3.997826e+01 1.192910e+01 4.172007e+01 2.983896e-01
3.548134e-05 3.975037e+01 1.206791e+01 4.154187e+01 3.035925e-01
3.630781e-05 3.951767e+01 1.220379e+01 4.135915e+01 3.088186e-01
3.715352e-05 3.928025e+01 1.233652e+01 4.117193e+01 3.140643e-01
3.801894e-05 3.903820e+01 1.246589e+01 4.098023e+01 3.193254e-01
3.890451e-05 3.879167e+01 1.259169e+01 4.078411e+01 3.245978e-01
3.981072e-05 3.854077e+01 1.271372e+01 4.058361e+01 3.298771e-01
4.073803e-05 3.828565e+01 1.283178e+01 4.037878e+01 3.351588e-01
4.168694e-05 3.802649e+01 1.294568e+01 4.016969e+01 3.404384e-01
4.265795e-05 3.776344e+01 1.305524e+01 3.995644e+01 3.457110e-01
4.365158e-05 3.749670e+01 1.316028e+01 3.973910e+01 3.509717e-01
4.466836e-05 3.722647e+01 1.326064e+01 3.951777e+01 3.562155e-01
4.570882e-05 3.695294e+01 1.335617e+01 3.929258e+01 3.614373e-01
4.677351e-05 3.667634e+01 1.344672e+01 3.906364e+01 3.666320e-01
4.786301e-05 3.639690e+01 1.353216e+01 3.883109e+01 3.717942e-01
4.897788e-05 3.611486e+01 1.361236e+01 3.859507e+01 3.769187e-01
5.011872e-05 3.583045e+01 1.368724e+01 3.835573e+01 3.820002e-01
5.128614e-05 3.554394e+01 1.375669e+01 3.811323e+01 3.870333e-01
5.248075e-05 3.525559e+01 1.382065e+01 3.786775e+01 3.920129e-01
5.370318e-05 3.496564e+01 1.387904e+01 3.761946e+01 3.969337e-01
5.495409e-05 3.467438e+01 1.393184e+01 3.736855e+01 4.017906e-01
5.623413e-05 3.438206e+01 1.397901e+01 3.711521e+01 4.065785e-01
5.754399e-05 3.408897e+01 1.402053e+01 3.685964e+01 4.112925e-01
5.888437e-05 3.379536e+01 1.405643e+01 3.660204e+01 4.159278e-01
6.025596e-05 3.350151e+01 1.408671e+01 3.634263e+01 4.204799e-01
6.165950e-05 3.320768e+01 1.411142e+01 3.608161e+01 4.249445e-01
6.309573e-05 3.291414e+01 1.413061e+01 3.581920e+01 4.293173e-01
6.456542e-05 3.262114e+01 1.414435e+01 3.555561e+01 4.335945e-01
6.606934e-05 3.232894e+01 1.415272e+01 3.529107e+01 4.377726e-01
6.760830e-05 3.203777e+01 1.415583e+01 3.502579e+01 4.418482e-01
6.918310e-05 3.174786e+01 1.415378e+01 3.475998e+01 4.458184e-01
7.079458e-05 3.145946e+01 1.414671e+01 3.449387e+01 4.496806e-01
7.244360e-05 3.117276e+01 1.413474e+01 3.422765e+01 4.534325e-01
7.413102e-05 3.088798e+01 1.411804e+01 3.396154e+01 4.570723e-01
7.585776e-05 3.060530e+01 1.409675e+01 3.369574e+01 4.605984e-01
7.762471e-05 3.032491e+01 1.407106e+01 3.343045e+01 4.640099e-01
7.943282e-05 3.004698e+01 1.404113e+01 3.316586e+01 4.673061e-01
8.128305e-05 2.977164e+01 1.400716e+01 3.290215e+01 4.704866e-01
8.317638e-05 2.949905e+01 1.396933e+01 3.263949e+01 4.735516e-01
8.511380e-05 2.922933e+01 1.392783e+01 3.237806e+01 4.765018e-01
8.709636e-05 2.896259e+01 1.388287e+01 3.211800e+01 4.793381e-01
8.912509e-05 2.869893e+01 1.383466e+01 3.185948e+01 4.820618e-01
9.120108e-05 2.843842e+01 1.378338e+01 3.160262e+01 4.846747e-01
9.332543e-05 2.818114e+01 1.372926e+01 3.134756e+01 4.871790e-01
9.549926e-05 2.792714e+01 1.367249e+01 3.109440e+01 4.895770e-01
9.772372e-05 2.767646e+01 1.361326e+01 3.084327e+01 4.918716e-01
1.000000e-04 2.742912e+01 1.355180e+01 3.059425e+01 4.940660e-01
1.023293e-04 2.718515e+01 1.348828e+01 3.034742e+01 4.961635e-01
1.047129e-04 2.694454e+01 1.342290e+01 3.010287e+01 4.981678e-01
1.071519e-04 2.670728e+01 1.335585e+01 2.986064e+01 5.000828e-01
1.096478e-04 2.647336e+01 1.328731e+01 2.962080e+01 5.019126e-01
1.122018e-04 2.624274e+01 1.321745e+01 2.938337e+01 5.036614e-01
1.148154e-04 2.601537e+01 1.314645e+01 2.914839e+01 5.053337e-01
1.174898e-04 2.579122e+01 1.307444e+01 2.891588e+01 5.069339e-01
1.202264e-04 2.557022e+01 1.300160e+01 2.868585e+01 5.084667e-01
1.230269e-04 2.535230e+01 1.292806e+01 2.845828e+01 5.099365e-01
1.258925e-04 2.513739e+01 1.285396e+01 2.823319e+01 5.113481e-01
1.288250e-04 2.492542e+01 1.277942e+01 2.801054e+01 5.127061e-01
1.318257e-04 2.471630e+01 1.270454e+01 2.779030e+01 5.140148e-01
1.348963e-04 2.450994e+01 1.262945e+01 2.757245e+01 5.152788e-01
1.380384e-04 2.430625e+01 1.255423e+01 2.735695e+01 5.165023e-01
1.412538e-04 2.410514e+01 1.247897e+01 2.714374e+01 5.176895e-01
1.445440e-04 2.390650e+01 1.240375e+01 2.693277e+01 5.188443e-01
1.479108e-04 2.371025e+01 1.232863e+01 2.672398e+01 5.199704e-01
1.513561e-04 2.351628e+01 1.225366e+01 2.651731e+01 5.210715e-01
1.548817e-04 2.332451e+01 1.217891e+01 2.631270e+01 5.221506e-01
1.584893e-04 2.313482e+01 1.210439e+01 2.611008e+01 5.232109e-01
1.621810e-04 2.294713e+01 1.203015e+01 2.590937e+01 5.242550e-01
1.659587e-04 2.276135e+01 1.195620e+01 2.571049e+01 5.252852e-01
1.698244e-04 2.257738e+01 1.188256e+01 2.551339e+01 5.263037e-01
1.737801e-04 2.239514e+01 1.180923e+01 2.531798e+01 5.273121e-01
1.778279e-04 2.221455e+01 1.173621e+01 2.512418e+01 5.283119e-01
1.819701e-04 2.203552e+01 1.166349e+01 2.493194e+01 5.293042e-01
1.862087e-04 2.185800e+01 1.159107e+01 2.474116e+01 5.302895e-01
1.905461e-04 2.168191e+01 1.151891e+01 2.455179e+01 5.312682e-01
1.949845e-04 2.150719e+01 1.144700e+01 2.436376e+01 5.322405e-01
1.995262e-04 2.133378e+01 1.137530e+01 2.417700e+01 5.332058e-01
2.041738e-04 2.116164e+01 1.130378e+01 2.399146e+01 5.341636e-01
2.089296e-04 2.099071e+01 1.123240e+01 2.380708e+01 5.351129e-01
2.137962e-04 2.082098e+01 1.116113e+01 2.362380e+01 5.360524e-01
2.187762e-04 2.065239e+01 1.108993e+01 2.344159e+01 5.369805e-01
2.238721e-04 2.048494e+01 1.101875e+01 2.326039e+01 5.378952e-01
2.290868e-04 2.031860e+01 1.094755e+01 2.308018e+01 5.387946e-01
2.344229e-04 2.015337e+01 1.087629e+01 2.290092e+01 5.396762e-01
2.398833e-04 1.998923e+01 1.080493e+01 2.272259e+01 5.405375e-01
2.454709e-04 1.982620e+01 1.073342e+01 2.254516e+01 5.413756e-01
2.511886e-04 1.966427e+01 1.066172e+01 2.236864e+01 5.421877e-01
2.570396e-04 1.950346e+01 1.058981e+01 2.219300e+01 5.429707e-01
2.630268e-04 1.934380e+01 1.051764e+01 2.201825e+01 5.437214e-01
2.691535e-04 1.918530e+01 1.044518e+01 2.184439e+01 5.444366e-01
2.754229e-04 1.902798e+01 1.037240e+01 2.167143e+01 5.451131e-01
2.818383e-04 1.887190e+01 1.029929e+01 2.149939e+01 5.457475e-01
2.884032e-04 1.871707e+01 1.022582e+01 2.132829e+01 5.463366e-01
2.951209e-04 1.856353e+01 1.015197e+01 2.115815e+01 5.468772e-01
3.019952e-04 1.841134e+01 1.007775e+01 2.098901e+01 5.473662e-01
3.090295e-04 1.826053e+01 1.000313e+01 2.082089e+01 5.478006e-01
3.162278e-04 1.811114e+01 9.928124e+00 2.065384e+01 5.481776e-01
3.235937e-04 1.796323e+01 9.852736e+00 2.048790e+01 5.484946e-01
3.311311e-04 1.781684e+01 9.776975e+00 2.032312e+01 5.487490e-01
3.388442e-04 1.767202e+01 9.700857e+00 2.015953e+01 5.489388e-01
3.467369e-04 1.752881e+01 9.624402e+00 1.999720e+01 5.490621e-01
3.548134e-04 1.738725e+01 9.547637e+00 1.983618e+01 5.491171e-01
3.630781e-04 1.724740e+01 9.470592e+00 1.967651e+01 5.491026e-01
3.715352e-04 1.710929e+01 9.393303e+00 1.951825e+01 5.490176e-01
3.801894e-04 1.697297e+01 9.315809e+00 1.936146e+01 5.488615e-01
3.890451e-04 1.683846e+01 9.238155e+00 1.920618e+01 5.486341e-01
3.981072e-04 1.670581e+01 9.160389e+00 1.905248e+01 5.483354e-01
4.073803e-04 1.657505e+01 9.082562e+00 1.890040e+01 5.479659e-01
4.168694e-04 1.644620e+01 9.004730e+00 1.875000e+01 5.475266e-01
4.265795e-04 1.631928e+01 8.926949e+00 1.860132e+01 5.470187e-01
4.365158e-04 1.619431e+01 8.849282e+00 1.845442e+01 5.464439e-01
4.466836e-04 1.607131e+01 8.771789e+00 1.830932e+01 5.458041e-01
4.570882e-04 1.595029e+01 8.694535e+00 1.816609e+01 5.451020e-01
4.677351e-04 1.583125e+01 8.617587e+00 1.802474e+01 5.443401e-01
4.786301e-04 1.571420e+01 8.541010e+00 1.788533e+01 5.435217e-01
4.897788e-04 1.559913e+01 8.464871e+00 1.774787e+01 5.426503e-01
5.011872e-04 1.548603e+01 8.389238e+00 1.761239e+01 5.417296e-01
5.128614e-04 1.537488e+01 8.314179e+00 1.747892e+01 5.407637e-01
5.248075e-04 1.526568e+01 8.239759e+00 1.734747e+01 5.397570e-01
5.370318e-04 1.515840e+01 8.166045e+00 1.721806e+01 5.387141e-01
5.495409e-04 1.505301e+01 8.093101e+00 1.709069e+01 5.376399e-01
5.623413e-04 1.494949e+01 8.020990e+00 1.696536e+01 5.365394e-01
5.754399e-04 1.484779e+01 7.949774e+00 1.684209e+01 5.354179e-01
5.888437e-04 1.474789e+01 7.879512e+00 1.672085e+01 5.342807e-01
6.025596e-04 1.464973e+01 7.810260e+00 1.660165e+01 5.331334e-01
6.165950e-04 1.455328e+01 7.742073e+00 1.648446e+01 5.319815e-01
6.309573e-04 1.445848e+01 7.675003e+00 1.636928e+01 5.308307e-01
6.456542e-04 1.436528e+01 7.609099e+00 1.625607e+01 5.296868e-01
6.606934e-04 1.427363e+01 7.544406e+00 1.614480e+01 5.285554e-01
6.760830e-04 1.418348e+01 7.480966e+00 1.603546e+01 5.274422e-01
6.918310e-04 1.409476e+01 7.418819e+00 1.592800e+01 5.263530e-01
7.079458e-04 1.400741e+01 7.358000e+00 1.582238e+01 5.252934e-01
7.244360e-04 1.392137e+01 7.298542e+00 1.571857e+01 5.242688e-01
7.413102e-04 1.383658e+01 7.240473e+00 1.561651e+01 5.232847e-01
7.585776e-04 1.375298e+01 7.183818e+00 1.551617e+01 5.223465e-01
7.762471e-04 1.367048e+01 7.128598e+00 1.541749e+01 5.214592e-01
7.943282e-04 1.358903e+01 7.074831e+00 1.532041e+01 5.206279e-01
8.128305e-04 1.350857e+01 7.022530e+00 1.522489e+01 5.198575e-01
8.317638e-04 1.342901e+01 6.971707e+00 1.513087e+01 5.191526e-01
8.511380e-04 1.335030e+01 6.922367e+00 1.503828e+01 5.185176e-01
8.709636e-04 1.327237e+01 6.874515e+00 1.494707e+01 5.179568e-01
8.912509e-04 1.319515e+01 6.828149e+00 1.485717e+01 5.174743e-01
9.120108e-04 1.311857e+01 6.783267e+00 1.476853e+01 5.170738e-01
9.332543e-04 1.304256e+01 6.739860e+00 1.468108e+01 5.167589e-01
9.549926e-04 1.296707e+01 6.697918e+00 1.459476e+01 5.165330e-01
9.772372e-04 1.289202e+01 6.657428e+00 1.450950e+01 5.163992e-01
1.000000e-03 1.281735e+01 6.618374e+00 1.442524e+01 5.163604e-01
1.023293e-03 1.274301e+01 6.580736e+00 1.434191e+01 5.164192e-01
1.047129e-03 1.266893e+01 6.544491e+00 1.425946e+01 5.165780e-01
1.071519e-03 1.259505e+01 6.509614e+00 1.417781e+01 5.168390e-01
1.096478e-03 1.252132e+01 6.476078e+00 1.409692e+01 5.172040e-01
1.122018e-03 1.244768e+01 6.443853e+00 1.401671e+01 5.176749e-01
1.148154e-03 1.237409e+01 6.412907e+00 1.393712e+01 5.182530e-01
1.174898e-03 1.230048e+01 6.383203e+00 1.385810e+01 5.189396e-01
1.202264e-03 1.222681e+01 6.354708e+00 1.377959e+01 5.197357e-01
1.230269e-03 1.215303e+01 6.327381e+00 1.370153e+01 5.206421e-01
1.258925e-03 1.207911e+01 6.301182e+00 1.362387e+01 5.216596e-01
1.288250e-03 1.200499e+01 6.276071e+00 1.354655e+01 5.227884e-01
1.318257e-03 1.193065e+01 6.252004e+00 1.346952e+01 5.240288e-01
1.348963e-03 1.185604e+01 6.228936e+00 1.339273e+01 5.253809e-01
1.380384e-03 1.178113e+01 6.206821e+00 1.331614e+01 5.268445e-01
1.412538e-03 1.170588e+01 6.185614e+00 1.323969e+01 5.284193e-01
1.445440e-03 1.163028e+01 6.165267e+00 1.316335e+01 5.301049e-01
1.479108e-03 1.155428e+01 6.145731e+00 1.308707e+01 5.319006e-01
1.513561e-03 1.147788e+01 6.126957e+00 1.301081e+01 5.338058e-01
1.548817e-03 1.140104e+01 6.108898e+00 1.293454e+01 5.358194e-01
1.584893e-03 1.132375e+01 6.091502e+00 1.285821e+01 5.379404e-01
1.621810e-03 1.124599e+01 6.074720e+00 1.278180e+01 5.401678e-01
1.659587e-03 1.116774e+01 6.058502e+00 1.270527e+01 5.425001e-01
1.698244e-03 1.108900e+01 6.042798e+00 1.262859e+01 5.449361e-01
1.737801e-03 1.100976e+01 6.027558e+00 1.255174e+01 5.474741e-01
1.778279e-03 1.093000e+01 6.012733e+00 1.247469e+01 5.501127e-01
1.819701e-03 1.084973e+01 5.998273e+00 1.239741e+01 5.528501e-01
1.862087e-03 1.076893e+01 5.984129e+00 1.231989e+01 5.556844e-01
1.905461e-03 1.068762e+01 5.970252e+00 1.224210e+01 5.586139e-01
1.949845e-03 1.060579e+01 5.956595e+00 1.216403e+01 5.616364e-01
1.995262e-03 1.052344e+01 5.943110e+00 1.208566e+01 5.647499e-01
2.041738e-03 1.044058e+01 5.929750e+00 1.200698e+01 5.679523e-01
2.089296e-03 1.035722e+01 5.916470e+00 1.192798e+01 5.712412e-01
2.137962e-03 1.027337e+01 5.903225e+00 1.184863e+01 5.746144e-01
2.187762e-03 1.018903e+01 5.889970e+00 1.176895e+01 5.780694e-01
2.238721e-03 1.010424e+01 5.876661e+00 1.168891e+01 5.816038e-01
2.290868e-03 1.001898e+01 5.863258e+00 1.160852e+01 5.852149e-01
2.344229e-03 9.933296e+00 5.849719e+00 1.152777e+01 5.889001e-01
2.398833e-03 9.847193e+00 5.836005e+00 1.144667e+01 5.926567e-01
2.454709e-03 9.760693e+00 5.822075e+00 1.136520e+01 5.964818e-01
2.511886e-03 9.673818e+00 5.807894e+00 1.128337e+01 6.003725e-01
2.570396e-03 9.586591e+00 5.793426e+00 1.120118e+01 6.043259e-01
2.630268e-03 9.499038e+00 5.778635e+00 1.111865e+01 6.083389e-01
2.691535e-03 9.411185e+00 5.763488e+00 1.103577e+01 6.124084e-01
2.754229e-03 9.323057e+00 5.747955e+00 1.095255e+01 6.165311e-01
2.818383e-03 9.234686e+00 5.732005e+00 1.086901e+01 6.207039e-01
2.884032e-03 9.146099e+00 5.715610e+00 1.078514e+01 6.249233e-01
2.951209e-03 9.057328e+00 5.698743e+00 1.070098e+01 6.291859e-01
3.019952e-03 8.968406e+00 5.681380e+00 1.061651e+01 6.334883e-01
3.090295e-03 8.879363e+00 5.663497e+00 1.053178e+01 6.378269e-01
3.162278e-03 8.790236e+00 5.645073e+00 1.044677e+01 6.421981e-01
3.235937e-03 8.701057e+00 5.626089e+00 1.036153e+01 6.465983e-01
3.311311e-03 8.611862e+00 5.606527e+00 1.027605e+01 6.510238e-01
3.388442e-03 8.522686e+00 5.586372e+00 1.019037e+01 6.554708e-01
3.467369e-03 8.433565e+00 5.565609e+00 1.010451e+01 6.599355e-01
3.548134e-03 8.344536e+00 5.544228e+00 1.001847e+01 6.644142e-01
3.630781e-03 8.255635e+00 5.522219e+00 9.932292e+00 6.689030e-01
3.715352e-03 8.166899e+00 5.499574e+00 9.845992e+00 6.733981e-01
3.801894e-03 8.078364e+00 5.476288e+00 9.759595e+00 6.778956e-01
3.890451e-03 7.990067e+00 5.452356e+00 9.673125e+00 6.823917e-01
3.981072e-03 7.902045e+00 5.427776e+00 9.586609e+00 6.868825e-01
4.073803e-03 7.814332e+00 5.402550e+00 9.500070e+00 6.913642e-01
4.168694e-03 7.726966e+00 5.376678e+00 9.413536e+00 6.958330e-01
4.265795e-03 7.639980e+00 5.350164e+00 9.327034e+00 7.002851e-01
4.365158e-03 7.553410e+00 5.323015e+00 9.240589e+00 7.047168e-01
4.466836e-03 7.467289e+00 5.295236e+00 9.154230e+00 7.091243e-01
4.570882e-03 7.381650e+00 5.266838e+00 9.067984e+00 7.135041e-01
4.677351e-03 7.296525e+00 5.237830e+00 8.981878e+00 7.178527e-01
4.786301e-03 7.211945e+00 5.208224e+00 8.895940e+00 7.221664e-01
4.897788e-03 7.127941e+00 5.178035e+00 8.810197e+00 7.264419e-01
5.011872e-03 7.044540e+00 5.147275e+00 8.724677e+00 7.306758e-01
5.128614e-03 6.961772e+00 5.115963e+00 8.639407e+00 7.348650e-01
5.248075e-03 6.879663e+00 5.084114e+00 8.554413e+00 7.390063e-01
5.370318e-03 6.798238e+00 5.051748e+00 8.469723e+00 7.430966e-01
5.495409e-03 6.717522e+00 5.018883e+00 8.385362e+00 7.471331e-01
5.623413e-03 6.637537e+00 4.985541e+00 8.301356e+00 7.511130e-01
5.754399e-03 6.558306e+00 4.951741e+00 8.217732e+00 7.550336e-01
5.888437e-03 6.479847e+00 4.917507e+00 8.134513e+00 7.588924e-01
6.025596e-03 6.402181e+00 4.882861e+00 8.051724e+00 7.626870e-01
6.165950e-03 6.325325e+00 4.847826e+00 7.969388e+00 7.664153e-01
6.309573e-03 6.249295e+00 4.812426e+00 7.887530e+00 7.700750e-01
6.456542e-03 6.174105e+00 4.776685e+00 7.806171e+00 7.736644e-01
6.606934e-03 6.099770e+00 4.740629e+00 7.725332e+00 7.771816e-01
6.760830e-03 6.026302e+00 4.704283e+00 7.645037e+00 7.806252e-01
6.918310e-03 5.953710e+00 4.667671e+00 7.565303e+00 7.839936e-01
7.079458e-03 5.882006e+00 4.630819e+00 7.486152e+00 7.872857e-01
7.244360e-03 5.811196e+00 4.593754e+00 7.407602e+00 7.905006e-01
7.413102e-03 5.741288e+00 4.556500e+00 7.329671e+00 7.936373e-01
7.585776e-03 5.672287e+00 4.519084e+00 7.252376e+00 7.966953e-01
7.762471e-03 5.604198e+00 4.481533e+00 7.175734e+00 7.996743e-01
7.943282e-03 5.537023e+00 4.443870e+00 7.099761e+00 8.025739e-01
8.128305e-03 5.470765e+00 4.406123e+00 7.024470e+00 8.053944e-01
8.317638e-03 5.405423e+00 4.368317e+00 6.949877e+00 8.081359e-01
8.511380e-03 5.340998e+00 4.330476e+00 6.875993e+00 8.107990e-01
8.709636e-03 5.277488e+00 4.292627e+00 6.802832e+00 8.133846e-01
8.912509e-03 5.214889e+00 4.254794e+00 6.730404e+00 8.158935e-01
9.120108e-03 5.153198e+00 4.217001e+00 6.658719e+00 8.183270e-01
9.332543e-03 5.092409e+00 4.179272e+00 6.587787e+00 8.206867e-01
9.549926e-03 5.032516e+00 4.141631e+00 6.517617e+00 8.229744e-01
9.772372e-03 4.973512e+00 4.104102e+00 6.448214e+00 8.251920e-01
1.000000e-02 4.915388e+00 4.066706e+00 6.379587e+00 8.273418e-01
1.023293e-02 4.858135e+00 4.029466e+00 6.311741e+00 8.294264e-01
1.047129e-02 4.801743e+00 3.992402e+00 6.244679e+00 8.314486e-01
1.071519e-02 4.746200e+00 3.955537e+00 6.178405e+00 8.334114e-01
1.096478e-02 4.691495e+00 3.918890e+00 6.112923e+00 8.353181e-01
1.122018e-02 4.637613e+00 3.882481e+00 6.048232e+00 8.371722e-01
1.148154e-02 4.584542e+00 3.846327e+00 5.984334e+00 8.389775e-01
1.174898e-02 4.532265e+00 3.810448e+00 5.921228e+00 8.407380e-01
1.202264e-02 4.480769e+00 3.774859e+00 5.858912e+00 8.424579e-01
1.230269e-02 4.430036e+00 3.739578e+00 5.797384e+00 8.441416e-01
1.258925e-02 4.380049e+00 3.704618e+00 5.736639e+00 8.457937e-01
1.288250e-02 4.330792e+00 3.669996e+00 5.676674e+00 8.474191e-01
1.318257e-02 4.282246e+00 3.635723e+00 5.617483e+00 8.490226e-01
1.348963e-02 4.234391e+00 3.601813e+00 5.559058e+00 8.506094e-01
1.380384e-02 4.187210e+00 3.568276e+00 5.501393e+00 8.521848e-01
1.412538e-02 4.140681e+00 3.535124e+00 5.444478e+00 8.537541e-01
1.445440e-02 4.094787e+00 3.502364e+00 5.388305e+00 8.553227e-01
1.479108e-02 4.049505e+00 3.470006e+00 5.332863e+00 8.568963e-01
1.513561e-02 4.004815e+00 3.438056e+00 5.278141e+00 8.584805e-01
1.548817e-02 3.960698e+00 3.406521e+00 5.224128e+00 8.600810e-01
1.584893e-02 3.917131e+00 3.375405e+00 5.170809e+00 8.617033e-01
1.621810e-02 3.874093e+00 3.344711e+00 5.118173e+00 8.633534e-01
1.659587e-02 3.831565e+00 3.314444e+00 5.066205e+00 8.650367e-01
1.698244e-02 3.789524e+00 3.284604e+00 5.014889e+00 8.667590e-01
1.737801e-02 3.747950e+00 3.255191e+00 4.964212e+00 8.685259e-01
1.778279e-02 3.706822e+00 3.226206e+00 4.914156e+00 8.703429e-01
1.819701e-02 3.666120e+00 3.197646e+00 4.864707e+00 8.722154e-01
1.862087e-02 3.625823e+00 3.169508e+00 4.815846e+00 8.741487e-01
1.905461e-02 3.585911e+00 3.141789e+00 4.767557e+00 8.761481e-01
1.949845e-02 3.546366e+00 3.114484e+00 4.719823e+00 8.782185e-01
1.995262e-02 3.507168e+00 3.087587e+00 4.672625e+00 8.803649e-01
2.041738e-02 3.468298e+00 3.061092e+00 4.625946e+00 8.825918e-01
2.089296e-02 3.429740e+00 3.034990e+00 4.579768e+00 8.849038e-01
2.137962e-02 3.391474e+00 3.009273e+00 4.534073e+00 8.873052e-01
2.187762e-02 3.353486e+00 2.983931e+00 4.488843e+00 8.898000e-01
2.238721e-02 3.315758e+00 2.958955e+00 4.444060e+00 8.923919e-01
2.290868e-02 3.278276e+00 2.934334e+00 4.399705e+00 8.950845e-01
2.344229e-02 3.241025e+00 2.910055e+00 4.355762e+00 8.978811e-01
2.398833e-02 3.203993e+00 2.886107e+00 4.312213e+00 9.007846e-01
2.454709e-02 3.167165e+00 2.862477e+00 4.269041e+00 9.037977e-01
2.511886e-02 3.130531e+00 2.839150e+00 4.226228e+00 9.069229e-01
2.570396e-02 3.094080e+00 2.816115e+00 4.183758e+00 9.101621e-01
2.630268e-02 3.057802e+00 2.793355e+00 4.141616e+00 9.135172e-01
2.691535e-02 3.021688e+00 2.770856e+00 4.099786e+00 9.169896e-01
2.754229e-02 2.985730e+00 2.748604e+00 4.058252e+00 9.205804e-01
2.818383e-02 2.949921e+00 2.726584e+00 4.017001e+00 9.242903e-01
2.884032e-02 2.914256e+00 2.704779e+00 3.976018e+00 9.281199e-01
2.951209e-02 2.878730e+00 2.683175e+00 3.935291e+00 9.320691e-01
3.019952e-02 2.843338e+00 2.661757e+00 3.894807e+00 9.361378e-01
3.090295e-02 2.808079e+00 2.640508e+00 3.854554e+00 9.403254e-01
3.162278e-02 2.772949e+00 2.619413e+00 3.814521e+00 9.446308e-01
3.235937e-02 2.737949e+00 2.598458e+00 3.774699e+00 9.490528e-01
3.311311e-02 2.703078e+00 2.577628e+00 3.735077e+00 9.535898e-01
3.388442e-02 2.668338e+00 2.556907e+00 3.695646e+00 9.582396e-01
3.467369e-02 2.633730e+00 2.536283e+00 3.656400e+00 9.630001e-01
3.548134e-02 2.599258e+00 2.515740e+00 3.617332e+00 9.678685e-01
3.630781e-02 2.564924e+00 2.495265e+00 3.578434e+00 9.728417e-01
3.715352e-02 2.530735e+00 2.474847e+00 3.539701e+00 9.779164e-01
3.801894e-02 2.496694e+00 2.454472e+00 3.501130e+00 9.830889e-01
3.890451e-02 2.462807e+00 2.434129e+00 3.462716e+00 9.883553e-01
3.981072e-02 2.429083e+00 2.413806e+00 3.424457e+00 9.937111e-01
4.073803e-02 2.395527e+00 2.393495e+00 3.386350e+00 9.991517e-01
4.168694e-02 2.362148e+00 2.373184e+00 3.348394e+00 1.004672e+00
4.265795e-02 2.328953e+00 2.352866e+00 3.310589e+00 1.010267e+00
4.365158e-02 2.295953e+00 2.332531e+00 3.272935e+00 1.015932e+00
4.466836e-02 2.263155e+00 2.312174e+00 3.235432e+00 1.021660e+00
4.570882e-02 2.230570e+00 2.291788e+00 3.198083e+00 1.027445e+00
4.677351e-02 2.198207e+00 2.271367e+00 3.160890e+00 1.033281e+00
4.786301e-02 2.166077e+00 2.250906e+00 3.123855e+00 1.039163e+00
4.897788e-02 2.134189e+00 2.230403e+00 3.086982e+00 1.045082e+00
5.011872e-02 2.102553e+00 2.209853e+00 3.050275e+00 1.051033e+00
5.128614e-02 2.071180e+00 2.189255e+00 3.013739e+00 1.057008e+00
5.248075e-02 2.040080e+00 2.168607e+00 2.977379e+00 1.063001e+00
5.370318e-02 2.009264e+00 2.147909e+00 2.941200e+00 1.069003e+00
5.495409e-02 1.978740e+00 2.127162e+00 2.905207e+00 1.075009e+00
5.623413e-02 1.948518e+00 2.106366e+00 2.869408e+00 1.081009e+00
5.754399e-02 1.918609e+00 2.085524e+00 2.833808e+00 1.086998e+00
5.888437e-02 1.889021e+00 2.064637e+00 2.798415e+00 1.092967e+00
6.025596e-02 1.859762e+00 2.043709e+00 2.763234e+00 1.098909e+00
6.165950e-02 1.830842e+00 2.022745e+00 2.728274e+00 1.104816e+00
6.309573e-02 1.802269e+00 2.001747e+00 2.693541e+00 1.110682e+00
6.456542e-02 1.774048e+00 1.980722e+00 2.659043e+00 1.116498e+00
6.606934e-02 1.746189e+00 1.959675e+00 2.624786e+00 1.122258e+00
6.760830e-02 1.718697e+00 1.938612e+00 2.590779e+00 1.127955e+00
6.918310e-02 1.691577e+00 1.917539e+00 2.557028e+00 1.133581e+00
7.079458e-02 1.664837e+00 1.896464e+00 2.523540e+00 1.139129e+00
7.244360e-02 1.638479e+00 1.875392e+00 2.490323e+00 1.144593e+00
7.413102e-02 1.612509e+00 1.854332e+00 2.457383e+00 1.149967e+00
7.585776e-02 1.586930e+00 1.833291e+00 2.424727e+00 1.155244e+00
7.762471e-02 1.561745e+00 1.812277e+00 2.392362e+00 1.160418e+00
7.943282e-02 1.536957e+00 1.791298e+00 2.360293e+00 1.165484e+00
8.128305e-02 1.512567e+00 1.770362e+00 2.328527e+00 1.170435e+00
8.317638e-02 1.488578e+00 1.749477e+00 2.297070e+00 1.175267e+00
8.511380e-02 1.464989e+00 1.728651e+00 2.265927e+00 1.179975e+00
8.709636e-02 1.441801e+00 1.707892e+00 2.235103e+00 1.184554e+00
8.912509e-02 1.419015e+00 1.687209e+00 2.204603e+00 1.189000e+00
9.120108e-02 1.396628e+00 1.666609e+00 2.174432e+00 1.193309e+00
9.332543e-02 1.374640e+00 1.646100e+00 2.144593e+00 1.197477e+00
9.549926e-02 1.353049e+00 1.625690e+00 2.115092e+00 1.201501e+00
9.772372e-02 1.331854e+00 1.605388e+00 2.085930e+00 1.205378e+00
1.000000e-01 1.311050e+00 1.585199e+00 2.057112e+00 1.209106e+00
1.023293e-01 1.290636e+00 1.565132e+00 2.028640e+00 1.212682e+00
1.047129e-01 1.270608e+00 1.545193e+00 2.000517e+00 1.216105e+00
1.071519e-01 1.250963e+00 1.525389e+00 1.972745e+00 1.219372e+00
1.096478e-01 1.231696e+00 1.505728e+00 1.945325e+00 1.222484e+00
1.122018e-01 1.212802e+00 1.486214e+00 1.918260e+00 1.225438e+00
1.148154e-01 1.194278e+00 1.466855e+00 1.891551e+00 1.228236e+00
1.174898e-01 1.176118e+00 1.447656e+00 1.865197e+00 1.230876e+00
1.202264e-01 1.158318e+00 1.428622e+00 1.839201e+00 1.233359e+00
1.230269e-01 1.140871e+00 1.409759e+00 1.813562e+00 1.235686e+00
1.258925e-01 1.123772e+00 1.391071e+00 1.788279e+00 1.237858e+00
1.288250e-01 1.107016e+00 1.372564e+00 1.763354e+00 1.239877e+00
1.318257e-01 1.090597e+00 1.354241e+00 1.738784e+00 1.241743e+00
1.348963e-01 1.074508e+00 1.336107e+00 1.714570e+00 1.243460e+00
1.380384e-01 1.058744e+00 1.318166e+00 1.690710e+00 1.245029e+00
1.412538e-01 1.043297e+00 1.300420e+00 1.667202e+00 1.246453e+00
1.445440e-01 1.028162e+00 1.282874e+00 1.644045e+00 1.247735e+00
1.479108e-01 1.013333e+00 1.265530e+00 1.621237e+00 1.248878e+00
1.513561e-01 9.988025e-01 1.248390e+00 1.598776e+00 1.249887e+00
1.548817e-01 9.845644e-01 1.231458e+00 1.576660e+00 1.250764e+00
1.584893e-01 9.706119e-01 1.214735e+00 1.554885e+00 1.251514e+00
1.621810e-01 9.569388e-01 1.198222e+00 1.533450e+00 1.252141e+00
1.659587e-01 9.435383e-01 1.181923e+00 1.512351e+00 1.252650e+00
1.698244e-01 9.304039e-01 1.165838e+00 1.491586e+00 1.253045e+00
1.737801e-01 9.175292e-01 1.149967e+00 1.471151e+00 1.253330e+00
1.778279e-01 9.049076e-01 1.134313e+00 1.451042e+00 1.253513e+00
1.819701e-01 8.925328e-01 1.118876e+00 1.431257e+00 1.253596e+00
1.862087e-01 8.803982e-01 1.103655e+00 1.411792e+00 1.253587e+00
1.905461e-01 8.684976e-01 1.088652e+00 1.392642e+00 1.253489e+00
1.949845e-01 8.568248e-01 1.073867e+00 1.373805e+00 1.253310e+00
1.995262e-01 8.453734e-01 1.059299e+00 1.355275e+00 1.253055e+00
2.041738e-01 8.341376e-01 1.044948e+00 1.337050e+00 1.252729e+00
2.089296e-01 8.231111e-01 1.030814e+00 1.319124e+00 1.252338e+00
2.137962e-01 8.122881e-01 1.016895e+00 1.301494e+00 1.251890e+00
2.187762e-01 8.016628e-01 1.003192e+00 1.284156e+00 1.251389e+00
2.238721e-01 7.912293e-01 9.897026e-01 1.267105e+00 1.250842e+00
2.290868e-01 7.809821e-01 9.764265e-01 1.250337e+00 1.250255e+00
2.344229e-01 7.709157e-01 9.633622e-01 1.233847e+00 1.249634e+00
2.398833e-01 7.610245e-01 9.505084e-01 1.217631e+00 1.248985e+00
2.454709e-01 7.513032e-01 9.378638e-01 1.201684e+00 1.248316e+00
2.511886e-01 7.417467e-01 9.254266e-01 1.186003e+00 1.247631e+00
2.570396e-01 7.323499e-01 9.131952e-01 1.170582e+00 1.246939e+00
2.630268e-01 7.231076e-01 9.011680e-01 1.155417e+00 1.246243e+00
2.691535e-01 7.140150e-01 8.893430e-01 1.140504e+00 1.245552e+00
2.754229e-01 7.050674e-01 8.777183e-01 1.125837e+00 1.244871e+00
2.818383e-01 6.962599e-01 8.662918e-01 1.111413e+00 1.244208e+00
2.884032e-01 6.875882e-01 8.550617e-01 1.097227e+00 1.243567e+00
2.951209e-01 6.790475e-01 8.440256e-01 1.083275e+00 1.242955e+00
3.019952e-01 6.706337e-01 8.331814e-01 1.069552e+00 1.242379e+00
3.090295e-01 6.623424e-01 8.225268e-01 1.056053e+00 1.241845e+00
3.162278e-01 6.541695e-01 8.120596e-01 1.042774e+00 1.241360e+00
3.235937e-01 6.461108e-01 8.017773e-01 1.029712e+00 1.240929e+00
3.311311e-01 6.381623e-01 7.916775e-01 1.016860e+00 1.240558e+00
3.388442e-01 6.303203e-01 7.817579e-01 1.004216e+00 1.240255e+00
3.467369e-01 6.225809e-01 7.720159e-01 9.917739e-01 1.240025e+00
3.548134e-01 6.149403e-01 7.624490e-01 9.795305e-01 1.239875e+00
3.630781e-01 6.073950e-01 7.530546e-01 9.674812e-01 1.239810e+00
3.715352e-01 5.999415e-01 7.438301e-01 9.556218e-01 1.239838e+00
3.801894e-01 5.925762e-01 7.347729e-01 9.439480e-01 1.239964e+00
3.890451e-01 5.852959e-01 7.258804e-01 9.324557e-01 1.240194e+00
3.981072e-01 5.780973e-01 7.171498e-01 9.211408e-01 1.240535e+00
4.073803e-01 5.709771e-01 7.085785e-01 9.099991e-01 1.240993e+00
4.168694e-01 5.639323e-01 7.001637e-01 8.990266e-01 1.241574e+00
4.265795e-01 5.569598e-01 6.919026e-01 8.882193e-01 1.242285e+00
4.365158e-01 5.500567e-01 6.837925e-01 8.775731e-01 1.243131e+00
4.466836e-01 5.432201e-01 6.758305e-01 8.670841e-01 1.244119e+00
4.570882e-01 5.364472e-01 6.680137e-01 8.567484e-01 1.245255e+00
4.677351e-01 5.297352e-01 6.603394e-01 8.465622e-01 1.246546e+00
4.786301e-01 5.230816e-01 6.528046e-01 8.365215e-01 1.247998e+00
4.897788e-01 5.164838e-01 6.454064e-01 8.266226e-01 1.249616e+00
5.011872e-01 5.099393e-01 6.381418e-01 8.168618e-01 1.251407e+00
5.128614e-01 5.034457e-01 6.310080e-01 8.072352e-01 1.253378e+00
5.248075e-01 4.970007e-01 6.240019e-01 7.977394e-01 1.255535e+00
5.370318e-01 4.906021e-01 6.171205e-01 7.883706e-01 1.257884e+00
5.495409e-01 4.842477e-01 6.103609e-01 7.791253e-01 1.260431e+00
5.623413e-01 4.779354e-01 6.037198e-01 7.699999e-01 1.263183e+00
5.754399e-01 4.716632e-01 5.971944e-01 7.609910e-01 1.266146e+00
5.888437e-01 4.654293e-01 5.907815e-01 7.520953e-01 1.269326e+00
6.025596e-01 4.592319e-01 5.844781e-01 7.433092e-01 1.272730e+00
6.165950e-01 4.530691e-01 5.782810e-01 7.346295e-01 1.276364e+00
6.309573e-01 4.469395e-01 5.721871e-01 7.260530e-01 1.280234e+00
6.456542e-01 4.408414e-01 5.661933e-01 7.175765e-01 1.284347e+00
6.606934e-01 4.347735e-01 5.602965e-01 7.091968e-01 1.288709e+00
6.760830e-01 4.287343e-01 5.544936e-01 7.009110e-01 1.293327e+00
6.918310e-01 4.227226e-01 5.487813e-01 6.927159e-01 1.298206e+00
7.079458e-01 4.167374e-01 5.431565e-01 6.846087e-01 1.303355e+00
7.244360e-01 4.107775e-01 5.376163e-01 6.765865e-01 1.308777e+00
7.413102e-01 4.048419e-01 5.321573e-01 6.686466e-01 1.314482e+00
7.585776e-01 3.989299e-01 5.267765e-01 6.607863e-01 1.320474e+00
7.762471e-01 3.930407e-01 5.214708e-01 6.530028e-01 1.326760e+00
7.943282e-01 3.871736e-01 5.162371e-01 6.452938e-01 1.333348e+00
8.128305e-01 3.813281e-01 5.110723e-01 6.376567e-01 1.340243e+00
8.317638e-01 3.755038e-01 5.059735e-01 6.300891e-01 1.347452e+00
8.511380e-01 3.697003e-01 5.009376e-01 6.225888e-01 1.354983e+00
8.709636e-01 3.639174e-01 4.959616e-01 6.151535e-01 1.362841e+00
8.912509e-01 3.581550e-01 4.910427e-01 6.077812e-01 1.371034e+00
9.120108e-01 3.524130e-01 4.861780e-01 6.004698e-01 1.379569e+00
9.332543e-01 3.466915e-01 4.813645e-01 5.932173e-01 1.388452e+00
9.549926e-01 3.409906e-01 4.765996e-01 5.860220e-01 1.397691e+00
9.772372e-01 3.353107e-01 4.718804e-01 5.788820e-01 1.407293e+00
1.000000e+00 3.296520e-01 4.672044e-01 5.717958e-01 1.417265e+00
1.023293e+00 3.240151e-01 4.625689e-01 5.647617e-01 1.427615e+00
1.047129e+00 3.184003e-01 4.579714e-01 5.577782e-01 1.438351e+00
1.071519e+00 3.128084e-01 4.534094e-01 5.508440e-01 1.449479e+00
1.096478e+00 3.072400e-01 4.488805e-01 5.439578e-01 1.461009e+00
1.122018e+00 3.016960e-01 4.443824e-01 5.371184e-01 1.472948e+00
1.148154e+00 2.961771e-01 4.399129e-01 5.303246e-01 1.485304e+00
1.174898e+00 2.906842e-01 4.354698e-01 5.235755e-01 1.498086e+00
1.202264e+00 2.852184e-01 4.310512e-01 5.168701e-01 1.511302e+00
1.230269e+00 2.797807e-01 4.266549e-01 5.102075e-01 1.524962e+00
1.258925e+00 2.743722e-01 4.222791e-01 5.035869e-01 1.539074e+00
1.288250e+00 2.689940e-01 4.179221e-01 4.970078e-01 1.553648e+00
1.318257e+00 2.636474e-01 4.135822e-01 4.904694e-01 1.568694e+00
1.348963e+00 2.583336e-01 4.092577e-01 4.839712e-01 1.584222e+00
1.380384e+00 2.530539e-01 4.049472e-01 4.775128e-01 1.600241e+00
1.412538e+00 2.478096e-01 4.006493e-01 4.710939e-01 1.616762e+00
1.445440e+00 2.426021e-01 3.963626e-01 4.647140e-01 1.633797e+00
1.479108e+00 2.374327e-01 3.920861e-01 4.583730e-01 1.651357e+00
1.513561e+00 2.323028e-01 3.878186e-01 4.520706e-01 1.669453e+00
1.548817e+00 2.272140e-01 3.835591e-01 4.458069e-01 1.688097e+00
1.584893e+00 2.221674e-01 3.793067e-01 4.395816e-01 1.707301e+00
1.621810e+00 2.171648e-01 3.750607e-01 4.333948e-01 1.727079e+00
1.659587e+00 2.122073e-01 3.708203e-01 4.272466e-01 1.747444e+00
1.698244e+00 2.072966e-01 3.665850e-01 4.211370e-01 1.768408e+00
1.737801e+00 2.024339e-01 3.623542e-01 4.150663e-01 1.789988e+00
1.778279e+00 1.976208e-01 3.581276e-01 4.090347e-01 1.812196e+00
1.819701e+00 1.928586e-01 3.539049e-01 4.030423e-01 1.835048e+00
1.862087e+00 1.881487e-01 3.496858e-01 3.970895e-01 1.858560e+00
1.905461e+00 1.834925e-01 3.454702e-01 3.911766e-01 1.882748e+00
1.949845e+00 1.788913e-01 3.412581e-01 3.853040e-01 1.907628e+00
1.995262e+00 1.743464e-01 3.370496e-01 3.794721e-01 1.933218e+00
2.041738e+00 1.698590e-01 3.328447e-01 3.736812e-01 1.959535e+00
2.089296e+00 1.654305e-01 3.286436e-01 3.679319e-01 1.986597e+00
2.137962e+00 1.610619e-01 3.244468e-01 3.622246e-01 2.014423e+00
2.187762e+00 1.567545e-01 3.202545e-01 3.565599e-01 2.043032e+00
2.238721e+00 1.525094e-01 3.160672e-01 3.509382e-01 2.072445e+00
2.290868e+00 1.483275e-01 3.118854e-01 3.453601e-01 2.102681e+00
2.344229e+00 1.442099e-01 3.077097e-01 3.398261e-01 2.133762e+00
2.398833e+00 1.401576e-01 3.035407e-01 3.343369e-01 2.165710e+00
2.454709e+00 1.361714e-01 2.993792e-01 3.288929e-01 2.198546e+00
2.511886e+00 1.322522e-01 2.952258e-01 3.234949e-01 2.232294e+00
2.570396e+00 1.284007e-01 2.910815e-01 3.181433e-01 2.266977e+00
2.630268e+00 1.246177e-01 2.869470e-01 3.128389e-01 2.302619e+00
2.691535e+00 1.209037e-01 2.828234e-01 3.075821e-01 2.339244e+00
2.754229e+00 1.172594e-01 2.787115e-01 3.023737e-01 2.376879e+00
2.818383e+00 1.136853e-01 2.746123e-01 2.972142e-01 2.415548e+00
2.884032e+00 1.101818e-01 2.705270e-01 2.921042e-01 2.455278e+00
2.951209e+00 1.067493e-01 2.664565e-01 2.870444e-01 2.496097e+00
3.019952e+00 1.033880e-01 2.624020e-01 2.820352e-01 2.538031e+00
3.090295e+00 1.000982e-01 2.583645e-01 2.770774e-01 2.581110e+00
3.162278e+00 9.688005e-02 2.543453e-01 2.721714e-01 2.625363e+00
3.235937e+00 9.373361e-02 2.503454e-01 2.673178e-01 2.670818e+00
3.311311e+00 9.065889e-02 2.463661e-01 2.625172e-01 2.717506e+00
3.388442e+00 8.765581e-02 2.424084e-01 2.577700e-01 2.765458e+00
3.467369e+00 8.472423e-02 2.384737e-01 2.530769e-01 2.814705e+00
3.548134e+00 8.186394e-02 2.345630e-01 2.484382e-01 2.865279e+00
3.630781e+00 7.907463e-02 2.306776e-01 2.438544e-01 2.917214e+00
3.715352e+00 7.635597e-02 2.268186e-01 2.393260e-01 2.970542e+00
3.801894e+00 7.370751e-02 2.229872e-01 2.348533e-01 3.025298e+00
3.890451e+00 7.112877e-02 2.191844e-01 2.304368e-01 3.081516e+00
3.981072e+00 6.861918e-02 2.154115e-01 2.260767e-01 3.139231e+00
4.073803e+00 6.617811e-02 2.116694e-01 2.217735e-01 3.198481e+00
4.168694e+00 6.380490e-02 2.079594e-01 2.175274e-01 3.259301e+00
4.265795e+00 6.149879e-02 2.042823e-01 2.133386e-01 3.321729e+00
4.365158e+00 5.925898e-02 2.006392e-01 2.092074e-01 3.385803e+00
4.466836e+00 5.708462e-02 1.970311e-01 2.051339e-01 3.451563e+00
4.570882e+00 5.497480e-02 1.934589e-01 2.011183e-01 3.519047e+00
4.677351e+00 5.292859e-02 1.899235e-01 1.971608e-01 3.588297e+00
4.786301e+00 5.094498e-02 1.864257e-01 1.932613e-01 3.659354e+00
4.897788e+00 4.902295e-02 1.829664e-01 1.894200e-01 3.732260e+00
5.011872e+00 4.716141e-02 1.795462e-01 1.856369e-01 3.807058e+00
5.128614e+00 4.535927e-02 1.761659e-01 1.819118e-01 3.883792e+00
5.248075e+00 4.361539e-02 1.728262e-01 1.782448e-01 3.962506e+00
5.370318e+00 4.192860e-02 1.695276e-01 1.746357e-01 4.043246e+00
5.495409e+00 4.029773e-02 1.662708e-01 1.710844e-01 4.126059e+00
5.623413e+00 3.872156e-02 1.630562e-01 1.675908e-01 4.210992e+00
5.754399e+00 3.719887e-02 1.598842e-01 1.641545e-01 4.298093e+00
5.888437e+00 3.572842e-02 1.567553e-01 1.607755e-01 4.387413e+00
6.025596e+00 3.430897e-02 1.536699e-01 1.574533e-01 4.479001e+00
6.165950e+00 3.293926e-02 1.506283e-01 1.541878e-01 4.572910e+00
6.309573e+00 3.161803e-02 1.476306e-01 1.509785e-01 4.669192e+00
6.456542e+00 3.034401e-02 1.446772e-01 1.478251e-01 4.767900e+00
6.606934e+00 2.911595e-02 1.417682e-01 1.447272e-01 4.869091e+00
6.760830e+00 2.793259e-02 1.389037e-01 1.416844e-01 4.972819e+00
6.918310e+00 2.679267e-02 1.360838e-01 1.386962e-01 5.079143e+00
7.079458e+00 2.569494e-02 1.333085e-01 1.357622e-01 5.188120e+00
7.244360e+00 2.463819e-02 1.305778e-01 1.328819e-01 5.299812e+00
7.413102e+00 2.362117e-02 1.278916e-01 1.300547e-01 5.414279e+00
7.585776e+00 2.264269e-02 1.252499e-01 1.272802e-01 5.531585e+00
7.762471e+00 2.170154e-02 1.226526e-01 1.245577e-01 5.651792e+00
7.943282e+00 2.079655e-02 1.200994e-01 1.218867e-01 5.774967e+00
8.128305e+00 1.992657e-02 1.175902e-01 1.192666e-01 5.901177e+00
8.317638e+00 1.909045e-02 1.151247e-01 1.166968e-01 6.030489e+00
8.511380e+00 1.828707e-02 1.127028e-01 1.141767e-01 6.162975e+00
8.709636e+00 1.751534e-02 1.103240e-01 1.117057e-01 6.298706e+00
8.912509e+00 1.677418e-02 1.079881e-01 1.092831e-01 6.437755e+00
9.120108e+00 1.606254e-02 1.056947e-01 1.069083e-01 6.580197e+00
9.332543e+00 1.537940e-02 1.034435e-01 1.045805e-01 6.726110e+00
9.549926e+00 1.472374e-02 1.012341e-01 1.022992e-01 6.875570e+00
9.772372e+00 1.409459e-02 9.906609e-02 1.000637e-01 7.028660e+00
1.000000e+01 1.349100e-02 9.693903e-02 9.787330e-02 7.185460e+00
