1.000000e-06 2.147939e+01 1.050832e-01 2.147965e+01 4.892280e-03
1.023293e-06 2.147931e+01 1.075294e-01 2.147958e+01 5.006187e-03
1.047129e-06 2.147922e+01 1.100326e-01 2.147951e+01 5.122743e-03
1.071519e-06 2.147913e+01 1.125939e-01 2.147943e+01 5.242011e-03
1.096478e-06 2.147904e+01 1.152147e-01 2.147935e+01 5.364053e-03
1.122018e-06 2.147894e+01 1.178965e-01 2.147927e+01 5.488933e-03
1.148154e-06 2.147884e+01 1.206406e-01 2.147918e+01 5.616717e-03
1.174898e-06 2.147873e+01 1.234484e-01 2.147909e+01 5.747473e-03
1.202264e-06 2.147862e+01 1.263215e-01 2.147899e+01 5.881269e-03
1.230269e-06 2.147850e+01 1.292614e-01 2.147889e+01 6.018176e-03
1.258925e-06 2.147838e+01 1.322696e-01 2.147878e+01 6.158266e-03
1.288250e-06 2.147825e+01 1.353476e-01 2.147867e+01 6.301613e-03
1.318257e-06 2.147811e+01 1.384971e-01 2.147856e+01 6.448291e-03
1.348963e-06 2.147797e+01 1.417198e-01 2.147844e+01 6.598379e-03
1.380384e-06 2.147782e+01 1.450173e-01 2.147831e+01 6.751954e-03
1.412538e-06 2.147766e+01 1.483913e-01 2.147818e+01 6.909098e-03
1.445440e-06 2.147750e+01 1.518436e-01 2.147804e+01 7.069893e-03
1.479108e-06 2.147733e+01 1.553761e-01 2.147789e+01 7.234424e-03
1.513561e-06 2.147715e+01 1.589906e-01 2.147774e+01 7.402777e-03
1.548817e-06 2.147696e+01 1.626889e-01 2.147758e+01 7.575039e-03
1.584893e-06 2.147677e+01 1.664729e-01 2.147741e+01 7.751302e-03
1.621810e-06 2.147656e+01 1.703448e-01 2.147724e+01 7.931658e-03
1.659587e-06 2.147635e+01 1.743064e-01 2.147706e+01 8.116201e-03
1.698244e-06 2.147612e+01 1.783598e-01 2.147686e+01 8.305027e-03
1.737801e-06 2.147589e+01 1.825072e-01 2.147666e+01 8.498236e-03
1.778279e-06 2.147564e+01 1.867506e-01 2.147645e+01 8.695928e-03
1.819701e-06 2.147538e+01 1.910924e-01 2.147623e+01 8.898206e-03
1.862087e-06 2.147511e+01 1.955347e-01 2.147600e+01 9.105176e-03
1.905461e-06 2.147483e+01 2.000798e-01 2.147576e+01 9.316947e-03
1.949845e-06 2.147453e+01 2.047302e-01 2.147551e+01 9.533627e-03
1.995262e-06 2.147422e+01 2.094881e-01 2.147524e+01 9.755330e-03
2.041738e-06 2.147390e+01 2.143561e-01 2.147497e+01 9.982171e-03
2.089296e-06 2.147356e+01 2.193367e-01 2.147468e+01 1.021427e-02
2.137962e-06 2.147320e+01 2.244324e-01 2.147437e+01 1.045174e-02
2.187762e-06 2.147283e+01 2.296458e-01 2.147406e+01 1.069472e-02
2.238721e-06 2.147244e+01 2.349796e-01 2.147372e+01 1.094331e-02
2.290868e-06 2.147203e+01 2.404366e-01 2.147337e+01 1.119767e-02
2.344229e-06 2.147160e+01 2.460196e-01 2.147301e+01 1.145790e-02
2.398833e-06 2.147115e+01 2.517313e-01 2.147263e+01 1.172416e-02
2.454709e-06 2.147068e+01 2.575747e-01 2.147223e+01 1.199658e-02
2.511886e-06 2.147019e+01 2.635528e-01 2.147181e+01 1.227529e-02
2.570396e-06 2.146968e+01 2.696686e-01 2.147137e+01 1.256044e-02
2.630268e-06 2.146914e+01 2.759252e-01 2.147091e+01 1.285218e-02
2.691535e-06 2.146858e+01 2.823258e-01 2.147043e+01 1.315065e-02
2.754229e-06 2.146799e+01 2.888736e-01 2.146993e+01 1.345602e-02
2.818383e-06 2.146737e+01 2.955718e-01 2.146940e+01 1.376843e-02
2.884032e-06 2.146672e+01 3.024240e-01 2.146885e+01 1.408804e-02
2.951209e-06 2.146604e+01 3.094334e-01 2.146827e+01 1.441502e-02
3.019952e-06 2.146533e+01 3.166035e-01 2.146767e+01 1.474953e-02
3.090295e-06 2.146459e+01 3.239381e-01 2.146704e+01 1.509174e-02
3.162278e-06 2.146382e+01 3.314406e-01 2.146637e+01 1.544183e-02
3.235937e-06 2.146300e+01 3.391148e-01 2.146568e+01 1.579997e-02
3.311311e-06 2.146215e+01 3.469645e-01 2.146496e+01 1.616634e-02
3.388442e-06 2.146126e+01 3.549935e-01 2.146420e+01 1.654113e-02
3.467369e-06 2.146033e+01 3.632057e-01 2.146340e+01 1.692452e-02
3.548134e-06 2.145935e+01 3.716053e-01 2.146257e+01 1.731671e-02
3.630781e-06 2.145833e+01 3.801961e-01 2.146170e+01 1.771788e-02
3.715352e-06 2.145726e+01 3.889825e-01 2.146078e+01 1.812825e-02
3.801894e-06 2.145614e+01 3.979686e-01 2.145983e+01 1.854801e-02
3.890451e-06 2.145497e+01 4.071587e-01 2.145883e+01 1.897736e-02
3.981072e-06 2.145374e+01 4.165572e-01 2.145778e+01 1.941653e-02
4.073803e-06 2.145246e+01 4.261685e-01 2.145669e+01 1.986572e-02
4.168694e-06 2.145111e+01 4.359972e-01 2.145554e+01 2.032516e-02
4.265795e-06 2.144970e+01 4.460479e-01 2.145434e+01 2.079506e-02
4.365158e-06 2.144823e+01 4.563253e-01 2.145309e+01 2.127566e-02
4.466836e-06 2.144669e+01 4.668341e-01 2.145177e+01 2.176718e-02
4.570882e-06 2.144508e+01 4.775791e-01 2.145040e+01 2.226987e-02
4.677351e-06 2.144339e+01 4.885652e-01 2.144896e+01 2.278395e-02
4.786301e-06 2.144162e+01 4.997975e-01 2.144745e+01 2.330968e-02
4.897788e-06 2.143978e+01 5.112810e-01 2.144587e+01 2.384731e-02
5.011872e-06 2.143784e+01 5.230207e-01 2.144422e+01 2.439708e-02
5.128614e-06 2.143582e+01 5.350218e-01 2.144250e+01 2.495924e-02
5.248075e-06 2.143370e+01 5.472897e-01 2.144069e+01 2.553407e-02
5.370318e-06 2.143149e+01 5.598296e-01 2.143880e+01 2.612183e-02
5.495409e-06 2.142917e+01 5.726468e-01 2.143682e+01 2.672277e-02
5.623413e-06 2.142674e+01 5.857469e-01 2.143475e+01 2.733719e-02
5.754399e-06 2.142421e+01 5.991353e-01 2.143258e+01 2.796535e-02
5.888437e-06 2.142155e+01 6.128176e-01 2.143032e+01 2.860752e-02
6.025596e-06 2.141878e+01 6.267992e-01 2.142794e+01 2.926401e-02
6.165950e-06 2.141587e+01 6.410859e-01 2.142546e+01 2.993509e-02
6.309573e-06 2.141283e+01 6.556834e-01 2.142287e+01 3.062105e-02
6.456542e-06 2.140965e+01 6.705973e-01 2.142015e+01 3.132219e-02
6.606934e-06 2.140633e+01 6.858334e-01 2.141731e+01 3.203881e-02
6.760830e-06 2.140285e+01 7.013973e-01 2.141434e+01 3.277121e-02
6.918310e-06 2.139922e+01 7.172950e-01 2.141124e+01 3.351968e-02
7.079458e-06 2.139542e+01 7.335322e-01 2.140799e+01 3.428455e-02
7.244360e-06 2.139144e+01 7.501146e-01 2.140459e+01 3.506611e-02
7.413102e-06 2.138728e+01 7.670480e-01 2.140104e+01 3.586467e-02
7.585776e-06 2.138294e+01 7.843381e-01 2.139732e+01 3.668056e-02
7.762471e-06 2.137840e+01 8.019908e-01 2.139343e+01 3.751408e-02
7.943282e-06 2.137365e+01 8.200116e-01 2.138937e+01 3.836555e-02
8.128305e-06 2.136868e+01 8.384063e-01 2.138512e+01 3.923528e-02
8.317638e-06 2.136349e+01 8.571803e-01 2.138068e+01 4.012360e-02
8.511380e-06 2.135807e+01 8.763392e-01 2.137604e+01 4.103082e-02
8.709636e-06 2.135240e+01 8.958883e-01 2.137119e+01 4.195726e-02
8.912509e-06 2.134648e+01 9.158330e-01 2.136612e+01 4.290323e-02
9.120108e-06 2.134029e+01 9.361784e-01 2.136082e+01 4.386905e-02
9.332543e-06 2.133383e+01 9.569295e-01 2.135528e+01 4.485503e-02
9.549926e-06 2.132707e+01 9.780913e-01 2.134949e+01 4.586148e-02
9.772372e-06 2.132002e+01 9.996683e-01 2.134344e+01 4.688871e-02
1.000000e-05 2.131265e+01 1.021665e+00 2.133713e+01 4.793702e-02
1.023293e-05 2.130496e+01 1.044086e+00 2.133053e+01 4.900670e-02
1.047129e-05 2.129693e+01 1.066935e+00 2.132364e+01 5.009806e-02
1.071519e-05 2.128854e+01 1.090215e+00 2.131644e+01 5.121137e-02
1.096478e-05 2.127979e+01 1.113931e+00 2.130893e+01 5.234691e-02
1.122018e-05 2.127065e+01 1.138085e+00 2.130108e+01 5.350495e-02
1.148154e-05 2.126112e+01 1.162680e+00 2.129289e+01 5.468575e-02
1.174898e-05 2.125117e+01 1.187719e+00 2.128434e+01 5.588956e-02
1.202264e-05 2.124080e+01 1.213202e+00 2.127542e+01 5.711661e-02
1.230269e-05 2.122997e+01 1.239133e+00 2.126611e+01 5.836713e-02
1.258925e-05 2.121869e+01 1.265511e+00 2.125639e+01 5.964134e-02
1.288250e-05 2.120692e+01 1.292337e+00 2.124626e+01 6.093941e-02
1.318257e-05 2.119465e+01 1.319611e+00 2.123569e+01 6.226152e-02
1.348963e-05 2.118186e+01 1.347332e+00 2.122467e+01 6.360783e-02
1.380384e-05 2.116854e+01 1.375499e+00 2.121318e+01 6.497848e-02
1.412538e-05 2.115466e+01 1.404110e+00 2.120120e+01 6.637357e-02
1.445440e-05 2.114020e+01 1.433162e+00 2.118872e+01 6.779320e-02
1.479108e-05 2.112514e+01 1.462650e+00 2.117572e+01 6.923741e-02
1.513561e-05 2.110947e+01 1.492571e+00 2.116217e+01 7.070625e-02
1.548817e-05 2.109315e+01 1.522920e+00 2.114806e+01 7.219972e-02
1.584893e-05 2.107617e+01 1.553689e+00 2.113336e+01 7.371778e-02
1.621810e-05 2.105852e+01 1.584871e+00 2.111807e+01 7.526036e-02
1.659587e-05 2.104015e+01 1.616459e+00 2.110215e+01 7.682737e-02
1.698244e-05 2.102106e+01 1.648443e+00 2.108559e+01 7.841865e-02
1.737801e-05 2.100121e+01 1.680812e+00 2.106837e+01 8.003402e-02
1.778279e-05 2.098060e+01 1.713554e+00 2.105046e+01 8.167325e-02
1.819701e-05 2.095918e+01 1.746656e+00 2.103184e+01 8.333606e-02
1.862087e-05 2.093695e+01 1.780104e+00 2.101249e+01 8.502212e-02
1.905461e-05 2.091387e+01 1.813882e+00 2.099239e+01 8.673105e-02
1.949845e-05 2.088993e+01 1.847974e+00 2.097151e+01 8.846241e-02
1.995262e-05 2.086510e+01 1.882360e+00 2.094984e+01 9.021570e-02
2.041738e-05 2.083936e+01 1.917021e+00 2.092735e+01 9.199037e-02
2.089296e-05 2.081269e+01 1.951935e+00 2.090402e+01 9.378579e-02
2.137962e-05 2.078506e+01 1.987079e+00 2.087983e+01 9.560129e-02
2.187762e-05 2.075645e+01 2.022428e+00 2.085475e+01 9.743610e-02
2.238721e-05 2.072685e+01 2.057957e+00 2.082877e+01 9.928940e-02
2.290868e-05 2.069623e+01 2.093637e+00 2.080186e+01 1.011603e-01
2.344229e-05 2.066458e+01 2.129439e+00 2.077400e+01 1.030478e-01
2.398833e-05 2.063186e+01 2.165332e+00 2.074518e+01 1.049509e-01
2.454709e-05 2.059808e+01 2.201283e+00 2.071537e+01 1.068683e-01
2.511886e-05 2.056321e+01 2.237257e+00 2.068456e+01 1.087990e-01
2.570396e-05 2.052723e+01 2.273220e+00 2.065272e+01 1.107416e-01
2.630268e-05 2.049014e+01 2.309132e+00 2.061985e+01 1.126948e-01
2.691535e-05 2.045193e+01 2.344956e+00 2.058592e+01 1.146570e-01
2.754229e-05 2.041257e+01 2.380651e+00 2.055092e+01 1.166267e-01
2.818383e-05 2.037207e+01 2.416174e+00 2.051485e+01 1.186023e-01
2.884032e-05 2.033041e+01 2.451482e+00 2.047768e+01 1.205820e-01
2.951209e-05 2.028760e+01 2.486532e+00 2.043942e+01 1.225641e-01
3.019952e-05 2.024364e+01 2.521277e+00 2.040004e+01 1.245466e-01
3.090295e-05 2.019851e+01 2.555670e+00 2.035955e+01 1.265276e-01
3.162278e-05 2.015223e+01 2.589664e+00 2.031795e+01 1.285051e-01
3.235937e-05 2.010481e+01 2.623212e+00 2.027522e+01 1.304768e-01
3.311311e-05 2.005624e+01 2.656263e+00 2.023138e+01 1.324407e-01
3.388442e-05 2.000655e+01 2.688769e+00 2.018642e+01 1.343944e-01
3.467369e-05 1.995575e+01 2.720680e+00 2.014036e+01 1.363357e-01
3.548134e-05 1.990385e+01 2.751947e+00 2.009319e+01 1.382621e-01
3.630781e-05 1.985087e+01 2.782520e+00 2.004494e+01 1.401712e-01
3.715352e-05 1.979684e+01 2.812350e+00 1.999561e+01 1.420605e-01
3.801894e-05 1.974179e+01 2.841389e+00 1.994522e+01 1.439276e-01
3.890451e-05 1.968575e+01 2.869589e+00 1.989380e+01 1.457699e-01
3.981072e-05 1.962874e+01 2.896904e+00 1.984136e+01 1.475848e-01
4.073803e-05 1.957081e+01 2.923288e+00 1.978793e+01 1.493698e-01
4.168694e-05 1.951199e+01 2.948699e+00 1.973354e+01 1.511224e-01
4.265795e-05 1.945233e+01 2.973093e+00 1.967822e+01 1.528399e-01
4.365158e-05 1.939187e+01 2.996432e+00 1.962201e+01 1.545200e-01
4.466836e-05 1.933067e+01 3.018678e+00 1.956495e+01 1.561600e-01
4.570882e-05 1.926876e+01 3.039795e+00 1.950706e+01 1.577577e-01
4.677351e-05 1.920621e+01 3.059752e+00 1.944841e+01 1.593106e-01
4.786301e-05 1.914307e+01 3.078519e+00 1.938903e+01 1.608164e-01
4.897788e-05 1.907940e+01 3.096070e+00 1.932897e+01 1.622729e-01
5.011872e-05 1.901525e+01 3.112382e+00 1.926828e+01 1.636782e-01
5.128614e-05 1.895070e+01 3.127435e+00 1.920703e+01 1.650300e-01
5.248075e-05 1.888580e+01 3.141213e+00 1.914525e+01 1.663267e-01
5.370318e-05 1.882061e+01 3.153705e+00 1.908301e+01 1.675665e-01
5.495409e-05 1.875521e+01 3.164902e+00 1.902037e+01 1.687478e-01
5.623413e-05 1.868966e+01 3.174799e+00 1.895739e+01 1.698693e-01
5.754399e-05 1.862402e+01 3.183396e+00 1.889413e+01 1.709296e-01
5.888437e-05 1.855836e+01 3.190696e+00 1.883065e+01 1.719277e-01
6.025596e-05 1.849275e+01 3.196708e+00 1.876701e+01 1.728627e-01
6.165950e-05 1.842725e+01 3.201441e+00 1.870329e+01 1.737340e-01
6.309573e-05 1.836193e+01 3.204912e+00 1.863953e+01 1.745411e-01
6.456542e-05 1.829685e+01 3.207139e+00 1.857580e+01 1.752837e-01
6.606934e-05 1.823207e+01 3.208146e+00 1.851218e+01 1.759617e-01
6.760830e-05 1.816766e+01 3.207958e+00 1.844871e+01 1.765752e-01
6.918310e-05 1.810367e+01 3.206606e+00 1.838546e+01 1.771247e-01
7.079458e-05 1.804016e+01 3.204123e+00 1.832249e+01 1.776106e-01
7.244360e-05 1.797718e+01 3.200545e+00 1.825986e+01 1.780338e-01
7.413102e-05 1.791479e+01 3.195910e+00 1.819762e+01 1.783951e-01
7.585776e-05 1.785303e+01 3.190262e+00 1.813584e+01 1.786958e-01
7.762471e-05 1.779196e+01 3.183644e+00 1.807455e+01 1.789372e-01
7.943282e-05 1.773161e+01 3.176103e+00 1.801382e+01 1.791209e-01
8.128305e-05 1.767203e+01 3.167688e+00 1.795369e+01 1.792486e-01
8.317638e-05 1.761326e+01 3.158448e+00 1.789421e+01 1.793222e-01
8.511380e-05 1.755532e+01 3.148437e+00 1.783541e+01 1.793438e-01
8.709636e-05 1.749825e+01 3.137706e+00 1.777734e+01 1.793155e-01
8.912509e-05 1.744208e+01 3.126311e+00 1.772004e+01 1.792396e-01
9.120108e-05 1.738682e+01 3.114307e+00 1.766354e+01 1.791188e-01
9.332543e-05 1.733251e+01 3.101748e+00 1.760786e+01 1.789554e-01
9.549926e-05 1.727916e+01 3.088691e+00 1.755305e+01 1.787523e-01
9.772372e-05 1.722679e+01 3.075192e+00 1.749911e+01 1.785122e-01
1.000000e-04 1.717540e+01 3.061307e+00 1.744608e+01 1.782380e-01
1.023293e-04 1.712500e+01 3.047092e+00 1.739397e+01 1.779324e-01
1.047129e-04 1.707560e+01 3.032602e+00 1.734280e+01 1.775986e-01
1.071519e-04 1.702720e+01 3.017891e+00 1.729258e+01 1.772394e-01
1.096478e-04 1.697981e+01 3.003014e+00 1.724331e+01 1.768580e-01
1.122018e-04 1.693341e+01 2.988023e+00 1.719502e+01 1.764573e-01
1.148154e-04 1.688800e+01 2.972969e+00 1.714769e+01 1.760403e-01
1.174898e-04 1.684358e+01 2.957904e+00 1.710133e+01 1.756102e-01
1.202264e-04 1.680013e+01 2.942877e+00 1.705594e+01 1.751698e-01
1.230269e-04 1.675765e+01 2.927935e+00 1.701152e+01 1.747223e-01
1.258925e-04 1.671612e+01 2.913125e+00 1.696805e+01 1.742704e-01
1.288250e-04 1.667551e+01 2.898491e+00 1.692554e+01 1.738172e-01
1.318257e-04 1.663582e+01 2.884078e+00 1.688397e+01 1.733655e-01
1.348963e-04 1.659703e+01 2.869926e+00 1.684333e+01 1.729180e-01
1.380384e-04 1.655911e+01 2.856075e+00 1.680361e+01 1.724776e-01
1.412538e-04 1.652205e+01 2.842564e+00 1.676479e+01 1.720467e-01
1.445440e-04 1.648581e+01 2.829429e+00 1.672685e+01 1.716281e-01
1.479108e-04 1.645038e+01 2.816706e+00 1.668979e+01 1.712243e-01
1.513561e-04 1.641574e+01 2.804426e+00 1.665357e+01 1.708377e-01
1.548817e-04 1.638185e+01 2.792623e+00 1.661817e+01 1.704705e-01
1.584893e-04 1.634869e+01 2.781325e+00 1.658359e+01 1.701253e-01
1.621810e-04 1.631623e+01 2.770561e+00 1.654979e+01 1.698040e-01
1.659587e-04 1.628445e+01 2.760358e+00 1.651675e+01 1.695088e-01
1.698244e-04 1.625332e+01 2.750742e+00 1.648445e+01 1.692418e-01
1.737801e-04 1.622282e+01 2.741735e+00 1.645287e+01 1.690049e-01
1.778279e-04 1.619290e+01 2.733360e+00 1.642198e+01 1.687999e-01
1.819701e-04 1.616356e+01 2.725640e+00 1.639175e+01 1.686287e-01
1.862087e-04 1.613475e+01 2.718592e+00 1.636218e+01 1.684930e-01
1.905461e-04 1.610645e+01 2.712236e+00 1.633321e+01 1.683944e-01
1.949845e-04 1.607863e+01 2.706589e+00 1.630485e+01 1.683345e-01
1.995262e-04 1.605127e+01 2.701668e+00 1.627705e+01 1.683149e-01
2.041738e-04 1.602434e+01 2.697488e+00 1.624980e+01 1.683369e-01
2.089296e-04 1.599781e+01 2.694063e+00 1.622307e+01 1.684020e-01
2.137962e-04 1.597166e+01 2.691407e+00 1.619684e+01 1.685114e-01
2.187762e-04 1.594585e+01 2.689532e+00 1.617108e+01 1.686666e-01
2.238721e-04 1.592036e+01 2.688451e+00 1.614577e+01 1.688687e-01
2.290868e-04 1.589517e+01 2.688174e+00 1.612088e+01 1.691189e-01
2.344229e-04 1.587025e+01 2.688713e+00 1.609640e+01 1.694184e-01
2.398833e-04 1.584557e+01 2.690077e+00 1.607229e+01 1.697684e-01
2.454709e-04 1.582111e+01 2.692276e+00 1.604855e+01 1.701698e-01
2.511886e-04 1.579684e+01 2.695318e+00 1.602513e+01 1.706239e-01
2.570396e-04 1.577274e+01 2.699214e+00 1.600203e+01 1.711316e-01
2.630268e-04 1.574878e+01 2.703971e+00 1.597923e+01 1.716940e-01
2.691535e-04 1.572495e+01 2.709597e+00 1.595669e+01 1.723120e-01
2.754229e-04 1.570120e+01 2.716100e+00 1.593439e+01 1.729868e-01
2.818383e-04 1.567753e+01 2.723488e+00 1.591233e+01 1.737192e-01
2.884032e-04 1.565390e+01 2.731768e+00 1.589047e+01 1.745104e-01
2.951209e-04 1.563029e+01 2.740947e+00 1.586880e+01 1.753612e-01
3.019952e-04 1.560668e+01 2.751032e+00 1.584729e+01 1.762727e-01
3.090295e-04 1.558304e+01 2.762030e+00 1.582593e+01 1.772459e-01
3.162278e-04 1.555935e+01 2.773948e+00 1.580469e+01 1.782817e-01
3.235937e-04 1.553559e+01 2.786793e+00 1.578356e+01 1.793812e-01
3.311311e-04 1.551172e+01 2.800570e+00 1.576250e+01 1.805454e-01
3.388442e-04 1.548772e+01 2.815286e+00 1.574151e+01 1.817754e-01
3.467369e-04 1.546357e+01 2.830947e+00 1.572057e+01 1.830721e-01
3.548134e-04 1.543924e+01 2.847559e+00 1.569964e+01 1.844365e-01
3.630781e-04 1.541470e+01 2.865129e+00 1.567871e+01 1.858699e-01
3.715352e-04 1.538993e+01 2.883660e+00 1.565776e+01 1.873731e-01
3.801894e-04 1.536490e+01 2.903158e+00 1.563677e+01 1.889474e-01
3.890451e-04 1.533959e+01 2.923629e+00 1.561572e+01 1.905937e-01
3.981072e-04 1.531395e+01 2.945076e+00 1.559457e+01 1.923132e-01
4.073803e-04 1.528798e+01 2.967504e+00 1.557332e+01 1.941071e-01
4.168694e-04 1.526162e+01 2.990916e+00 1.555193e+01 1.959763e-01
4.265795e-04 1.523486e+01 3.015316e+00 1.553039e+01 1.979221e-01
4.365158e-04 1.520766e+01 3.040705e+00 1.550867e+01 1.999456e-01
4.466836e-04 1.517999e+01 3.067086e+00 1.548674e+01 2.020479e-01
4.570882e-04 1.515183e+01 3.094460e+00 1.546459e+01 2.042301e-01
4.677351e-04 1.512312e+01 3.122827e+00 1.544218e+01 2.064935e-01
4.786301e-04 1.509385e+01 3.152186e+00 1.541949e+01 2.088391e-01
4.897788e-04 1.506398e+01 3.182537e+00 1.539649e+01 2.112680e-01
5.011872e-04 1.503346e+01 3.213877e+00 1.537316e+01 2.137815e-01
5.128614e-04 1.500228e+01 3.246202e+00 1.534947e+01 2.163806e-01
5.248075e-04 1.497038e+01 3.279507e+00 1.532538e+01 2.190664e-01
5.370318e-04 1.493773e+01 3.313788e+00 1.530088e+01 2.218401e-01
5.495409e-04 1.490430e+01 3.349037e+00 1.527593e+01 2.247027e-01
5.623413e-04 1.487004e+01 3.385244e+00 1.525051e+01 2.276553e-01
5.754399e-04 1.483492e+01 3.422401e+00 1.522457e+01 2.306990e-01
5.888437e-04 1.479890e+01 3.460496e+00 1.519810e+01 2.338348e-01
6.025596e-04 1.476193e+01 3.499516e+00 1.517106e+01 2.370636e-01
6.165950e-04 1.472398e+01 3.539445e+00 1.514342e+01 2.403865e-01
6.309573e-04 1.468501e+01 3.580268e+00 1.511515e+01 2.438043e-01
6.456542e-04 1.464497e+01 3.621967e+00 1.508621e+01 2.473181e-01
6.606934e-04 1.460383e+01 3.664520e+00 1.505658e+01 2.509287e-01
6.760830e-04 1.456154e+01 3.707905e+00 1.502621e+01 2.546369e-01
6.918310e-04 1.451807e+01 3.752100e+00 1.499509e+01 2.584435e-01
7.079458e-04 1.447337e+01 3.797077e+00 1.496316e+01 2.623492e-01
7.244360e-04 1.442741e+01 3.842808e+00 1.493041e+01 2.663548e-01
7.413102e-04 1.438014e+01 3.889264e+00 1.489680e+01 2.704608e-01
7.585776e-04 1.433152e+01 3.936410e+00 1.486229e+01 2.746680e-01
7.762471e-04 1.428152e+01 3.984213e+00 1.482686e+01 2.789768e-01
7.943282e-04 1.423010e+01 4.032635e+00 1.479046e+01 2.833877e-01
8.128305e-04 1.417722e+01 4.081637e+00 1.475308e+01 2.879011e-01
8.317638e-04 1.412284e+01 4.131178e+00 1.471466e+01 2.925174e-01
8.511380e-04 1.406694e+01 4.181213e+00 1.467519e+01 2.972369e-01
8.709636e-04 1.400947e+01 4.231698e+00 1.463464e+01 3.020598e-01
8.912509e-04 1.395041e+01 4.282583e+00 1.459296e+01 3.069861e-01
9.120108e-04 1.388973e+01 4.333819e+00 1.455014e+01 3.120161e-01
9.332543e-04 1.382739e+01 4.385352e+00 1.450614e+01 3.171496e-01
9.549926e-04 1.376338e+01 4.437129e+00 1.446094e+01 3.223866e-01
9.772372e-04 1.369766e+01 4.489093e+00 1.441450e+01 3.277269e-01
1.000000e-03 1.363022e+01 4.541185e+00 1.436681e+01 3.331703e-01
1.023293e-03 1.356103e+01 4.593344e+00 1.431784e+01 3.387164e-01
1.047129e-03 1.349008e+01 4.645510e+00 1.426756e+01 3.443648e-01
1.071519e-03 1.341736e+01 4.697618e+00 1.421595e+01 3.501149e-01
1.096478e-03 1.334285e+01 4.749604e+00 1.416299e+01 3.559662e-01
1.122018e-03 1.326654e+01 4.801400e+00 1.410867e+01 3.619179e-01
1.148154e-03 1.318844e+01 4.852939e+00 1.405297e+01 3.679692e-01
1.174898e-03 1.310853e+01 4.904153e+00 1.399586e+01 3.741193e-01
1.202264e-03 1.302682e+01 4.954972e+00 1.393735e+01 3.803671e-01
1.230269e-03 1.294331e+01 5.005326e+00 1.387741e+01 3.867116e-01
1.258925e-03 1.285801e+01 5.055144e+00 1.381603e+01 3.931515e-01
1.288250e-03 1.277093e+01 5.104356e+00 1.375322e+01 3.996856e-01
1.318257e-03 1.268209e+01 5.152890e+00 1.368896e+01 4.063125e-01
1.348963e-03 1.259150e+01 5.200677e+00 1.362325e+01 4.130308e-01
1.380384e-03 1.249919e+01 5.247644e+00 1.355609e+01 4.198387e-01
1.412538e-03 1.240519e+01 5.293723e+00 1.348748e+01 4.267347e-01
1.445440e-03 1.230951e+01 5.338845e+00 1.341743e+01 4.337170e-01
1.479108e-03 1.221221e+01 5.382942e+00 1.334594e+01 4.407837e-01
1.513561e-03 1.211331e+01 5.425947e+00 1.327302e+01 4.479328e-01
1.548817e-03 1.201285e+01 5.467795e+00 1.319868e+01 4.551624e-01
1.584893e-03 1.191087e+01 5.508423e+00 1.312294e+01 4.624702e-01
1.621810e-03 1.180743e+01 5.547770e+00 1.304581e+01 4.698540e-01
1.659587e-03 1.170258e+01 5.585775e+00 1.296731e+01 4.773116e-01
1.698244e-03 1.159636e+01 5.622383e+00 1.288746e+01 4.848405e-01
1.737801e-03 1.148883e+01 5.657538e+00 1.280628e+01 4.924382e-01
1.778279e-03 1.138005e+01 5.691190e+00 1.272381e+01 5.001023e-01
1.819701e-03 1.127009e+01 5.723289e+00 1.264005e+01 5.078300e-01
1.862087e-03 1.115900e+01 5.753791e+00 1.255506e+01 5.156187e-01
1.905461e-03 1.104686e+01 5.782651e+00 1.246885e+01 5.234657e-01
1.949845e-03 1.093373e+01 5.809832e+00 1.238146e+01 5.313681e-01
1.995262e-03 1.081967e+01 5.835298e+00 1.229292e+01 5.393230e-01
2.041738e-03 1.070477e+01 5.859016e+00 1.220328e+01 5.473277e-01
2.089296e-03 1.058909e+01 5.880959e+00 1.211258e+01 5.553790e-01
2.137962e-03 1.047271e+01 5.901100e+00 1.202084e+01 5.634740e-01
2.187762e-03 1.035570e+01 5.919419e+00 1.192812e+01 5.716097e-01
2.238721e-03 1.023814e+01 5.935898e+00 1.183446e+01 5.797829e-01
2.290868e-03 1.012010e+01 5.950524e+00 1.173990e+01 5.879907e-01
2.344229e-03 1.000166e+01 5.963287e+00 1.164448e+01 5.962299e-01
2.398833e-03 9.882888e+00 5.974179e+00 1.154826e+01 6.044973e-01
2.454709e-03 9.763866e+00 5.983199e+00 1.145128e+01 6.127899e-01
2.511886e-03 9.644668e+00 5.990346e+00 1.135358e+01 6.211045e-01
2.570396e-03 9.525365e+00 5.995626e+00 1.125523e+01 6.294379e-01
2.630268e-03 9.406031e+00 5.999045e+00 1.115625e+01 6.377871e-01
2.691535e-03 9.286737e+00 6.000615e+00 1.105671e+01 6.461489e-01
2.754229e-03 9.167553e+00 6.000348e+00 1.095665e+01 6.545201e-01
2.818383e-03 9.048549e+00 5.998263e+00 1.085612e+01 6.628978e-01
2.884032e-03 8.929791e+00 5.994379e+00 1.075517e+01 6.712787e-01
2.951209e-03 8.811344e+00 5.988717e+00 1.065385e+01 6.796599e-01
3.019952e-03 8.693272e+00 5.981304e+00 1.055220e+01 6.880383e-01
3.090295e-03 8.575636e+00 5.972166e+00 1.045028e+01 6.964108e-01
3.162278e-03 8.458495e+00 5.961332e+00 1.034812e+01 7.047745e-01
3.235937e-03 8.341907e+00 5.948835e+00 1.024578e+01 7.131265e-01
3.311311e-03 8.225925e+00 5.934707e+00 1.014330e+01 7.214637e-01
3.388442e-03 8.110604e+00 5.918983e+00 1.004073e+01 7.297834e-01
3.467369e-03 7.995991e+00 5.901701e+00 9.938106e+00 7.380825e-01
3.548134e-03 7.882137e+00 5.882897e+00 9.835474e+00 7.463582e-01
3.630781e-03 7.769085e+00 5.862612e+00 9.732877e+00 7.546078e-01
3.715352e-03 7.656879e+00 5.840884e+00 9.630354e+00 7.628283e-01
3.801894e-03 7.545560e+00 5.817756e+00 9.527946e+00 7.710171e-01
3.890451e-03 7.435166e+00 5.793268e+00 9.425691e+00 7.791713e-01
3.981072e-03 7.325733e+00 5.767464e+00 9.323627e+00 7.872883e-01
4.073803e-03 7.217296e+00 5.740387e+00 9.221789e+00 7.953653e-01
4.168694e-03 7.109885e+00 5.712078e+00 9.120214e+00 8.033996e-01
4.265795e-03 7.003529e+00 5.682583e+00 9.018934e+00 8.113885e-01
4.365158e-03 6.898258e+00 5.651945e+00 8.917984e+00 8.193294e-01
4.466836e-03 6.794094e+00 5.620208e+00 8.817395e+00 8.272195e-01
4.570882e-03 6.691063e+00 5.587415e+00 8.717197e+00 8.350564e-01
4.677351e-03 6.589184e+00 5.553610e+00 8.617420e+00 8.428372e-01
4.786301e-03 6.488478e+00 5.518836e+00 8.518092e+00 8.505594e-01
4.897788e-03 6.388961e+00 5.483137e+00 8.419241e+00 8.582204e-01
5.011872e-03 6.290650e+00 5.446556e+00 8.320892e+00 8.658176e-01
5.128614e-03 6.193559e+00 5.409135e+00 8.223072e+00 8.733484e-01
5.248075e-03 6.097699e+00 5.370916e+00 8.125803e+00 8.808102e-01
5.370318e-03 6.003082e+00 5.331941e+00 8.029109e+00 8.882005e-01
5.495409e-03 5.909718e+00 5.292251e+00 7.933012e+00 8.955167e-01
5.623413e-03 5.817614e+00 5.251887e+00 7.837534e+00 9.027562e-01
5.754399e-03 5.726775e+00 5.210888e+00 7.742694e+00 9.099166e-01
5.888437e-03 5.637209e+00 5.169295e+00 7.648512e+00 9.169955e-01
6.025596e-03 5.548918e+00 5.127146e+00 7.555006e+00 9.239903e-01
6.165950e-03 5.461905e+00 5.084479e+00 7.462193e+00 9.308986e-01
6.309573e-03 5.376171e+00 5.041332e+00 7.370091e+00 9.377181e-01
6.456542e-03 5.291716e+00 4.997742e+00 7.278715e+00 9.444464e-01
6.606934e-03 5.208540e+00 4.953745e+00 7.188079e+00 9.510814e-01
6.760830e-03 5.126640e+00 4.909377e+00 7.098199e+00 9.576207e-01
6.918310e-03 5.046014e+00 4.864672e+00 7.009086e+00 9.640623e-01
7.079458e-03 4.966658e+00 4.819664e+00 6.920755e+00 9.704040e-01
7.244360e-03 4.888565e+00 4.774387e+00 6.833216e+00 9.766439e-01
7.413102e-03 4.811732e+00 4.728874e+00 6.746481e+00 9.827800e-01
7.585776e-03 4.736150e+00 4.683155e+00 6.660560e+00 9.888107e-01
7.762471e-03 4.661812e+00 4.637263e+00 6.575462e+00 9.947341e-01
7.943282e-03 4.588710e+00 4.591228e+00 6.491196e+00 1.000549e+00
8.128305e-03 4.516834e+00 4.545078e+00 6.407771e+00 1.006253e+00
8.317638e-03 4.446175e+00 4.498843e+00 6.325192e+00 1.011846e+00
8.511380e-03 4.376721e+00 4.452550e+00 6.243468e+00 1.017326e+00
8.709636e-03 4.308462e+00 4.406227e+00 6.162603e+00 1.022691e+00
8.912509e-03 4.241384e+00 4.359900e+00 6.082604e+00 1.027943e+00
9.120108e-03 4.175477e+00 4.313593e+00 6.003473e+00 1.033078e+00
9.332543e-03 4.110725e+00 4.267332e+00 5.925216e+00 1.038097e+00
9.549926e-03 4.047116e+00 4.221140e+00 5.847834e+00 1.042999e+00
9.772372e-03 3.984635e+00 4.175039e+00 5.771331e+00 1.047785e+00
1.000000e-02 3.923267e+00 4.129052e+00 5.695708e+00 1.052453e+00
1.023293e-02 3.862997e+00 4.083200e+00 5.620966e+00 1.057003e+00
1.047129e-02 3.803809e+00 4.037502e+00 5.547106e+00 1.061436e+00
1.071519e-02 3.745688e+00 3.991977e+00 5.474126e+00 1.065753e+00
1.096478e-02 3.688616e+00 3.946645e+00 5.402027e+00 1.069953e+00
1.122018e-02 3.632578e+00 3.901521e+00 5.330806e+00 1.074036e+00
1.148154e-02 3.577557e+00 3.856624e+00 5.260462e+00 1.078005e+00
1.174898e-02 3.523535e+00 3.811968e+00 5.190992e+00 1.081859e+00
1.202264e-02 3.470495e+00 3.767567e+00 5.122392e+00 1.085599e+00
1.230269e-02 3.418420e+00 3.723437e+00 5.054659e+00 1.089227e+00
1.258925e-02 3.367292e+00 3.679589e+00 4.987789e+00 1.092744e+00
1.288250e-02 3.317094e+00 3.636037e+00 4.921776e+00 1.096151e+00
1.318257e-02 3.267809e+00 3.592790e+00 4.856616e+00 1.099449e+00
1.348963e-02 3.219419e+00 3.549860e+00 4.792303e+00 1.102640e+00
1.380384e-02 3.171906e+00 3.507257e+00 4.728830e+00 1.105725e+00
1.412538e-02 3.125253e+00 3.464988e+00 4.666193e+00 1.108706e+00
1.445440e-02 3.079444e+00 3.423064e+00 4.604383e+00 1.111585e+00
1.479108e-02 3.034460e+00 3.381490e+00 4.543393e+00 1.114363e+00
1.513561e-02 2.990285e+00 3.340274e+00 4.483217e+00 1.117042e+00
1.548817e-02 2.946903e+00 3.299422e+00 4.423847e+00 1.119624e+00
1.584893e-02 2.904297e+00 3.258940e+00 4.365275e+00 1.122110e+00
1.621810e-02 2.862450e+00 3.218831e+00 4.307493e+00 1.124502e+00
1.659587e-02 2.821348e+00 3.179102e+00 4.250493e+00 1.126802e+00
1.698244e-02 2.780974e+00 3.139755e+00 4.194267e+00 1.129013e+00
1.737801e-02 2.741312e+00 3.100793e+00 4.138805e+00 1.131135e+00
1.778279e-02 2.702348e+00 3.062220e+00 4.084101e+00 1.133170e+00
1.819701e-02 2.664067e+00 3.024038e+00 4.030144e+00 1.135121e+00
1.862087e-02 2.626455e+00 2.986249e+00 3.976927e+00 1.136989e+00
1.905461e-02 2.589497e+00 2.948854e+00 3.924441e+00 1.138775e+00
1.949845e-02 2.553179e+00 2.911856e+00 3.872677e+00 1.140482e+00
1.995262e-02 2.517488e+00 2.875253e+00 3.821627e+00 1.142112e+00
2.041738e-02 2.482411e+00 2.839048e+00 3.771281e+00 1.143666e+00
2.089296e-02 2.447935e+00 2.803241e+00 3.721632e+00 1.145145e+00
2.137962e-02 2.414046e+00 2.767831e+00 3.672670e+00 1.146553e+00
2.187762e-02 2.380733e+00 2.732819e+00 3.624388e+00 1.147890e+00
2.238721e-02 2.347983e+00 2.698204e+00 3.576776e+00 1.149158e+00
2.290868e-02 2.315785e+00 2.663985e+00 3.529827e+00 1.150359e+00
2.344229e-02 2.284127e+00 2.630162e+00 3.483531e+00 1.151496e+00
2.398833e-02 2.252997e+00 2.596734e+00 3.437880e+00 1.152569e+00
2.454709e-02 2.222384e+00 2.563700e+00 3.392867e+00 1.153581e+00
2.511886e-02 2.192277e+00 2.531058e+00 3.348482e+00 1.154534e+00
2.570396e-02 2.162666e+00 2.498807e+00 3.304718e+00 1.155429e+00
2.630268e-02 2.133540e+00 2.466945e+00 3.261566e+00 1.156269e+00
2.691535e-02 2.104888e+00 2.435471e+00 3.219017e+00 1.157055e+00
2.754229e-02 2.076700e+00 2.404383e+00 3.177065e+00 1.157790e+00
2.818383e-02 2.048967e+00 2.373678e+00 3.135700e+00 1.158476e+00
2.884032e-02 2.021677e+00 2.343356e+00 3.094914e+00 1.159115e+00
2.951209e-02 1.994823e+00 2.313412e+00 3.054700e+00 1.159708e+00
3.019952e-02 1.968393e+00 2.283845e+00 3.015049e+00 1.160259e+00
3.090295e-02 1.942379e+00 2.254653e+00 2.975953e+00 1.160769e+00
3.162278e-02 1.916771e+00 2.225832e+00 2.937403e+00 1.161240e+00
3.235937e-02 1.891560e+00 2.197379e+00 2.899392e+00 1.161675e+00
3.311311e-02 1.866738e+00 2.169292e+00 2.861912e+00 1.162076e+00
3.388442e-02 1.842296e+00 2.141568e+00 2.824954e+00 1.162445e+00
3.467369e-02 1.818225e+00 2.114202e+00 2.788511e+00 1.162784e+00
3.548134e-02 1.794516e+00 2.087192e+00 2.752573e+00 1.163095e+00
3.630781e-02 1.771163e+00 2.060534e+00 2.717134e+00 1.163379e+00
3.715352e-02 1.748155e+00 2.034224e+00 2.682185e+00 1.163640e+00
3.801894e-02 1.725487e+00 2.008259e+00 2.647718e+00 1.163879e+00
3.890451e-02 1.703150e+00 1.982633e+00 2.613724e+00 1.164098e+00
3.981072e-02 1.681137e+00 1.957344e+00 2.580197e+00 1.164298e+00
4.073803e-02 1.659441e+00 1.932387e+00 2.547129e+00 1.164480e+00
4.168694e-02 1.638056e+00 1.907757e+00 2.514511e+00 1.164647e+00
4.265795e-02 1.616973e+00 1.883451e+00 2.482335e+00 1.164800e+00
4.365158e-02 1.596188e+00 1.859463e+00 2.450595e+00 1.164940e+00
4.466836e-02 1.575693e+00 1.835790e+00 2.419283e+00 1.165068e+00
4.570882e-02 1.555483e+00 1.812426e+00 2.388392e+00 1.165185e+00
4.677351e-02 1.535553e+00 1.789368e+00 2.357914e+00 1.165292e+00
4.786301e-02 1.515897e+00 1.766609e+00 2.327843e+00 1.165389e+00
4.897788e-02 1.496509e+00 1.744147e+00 2.298171e+00 1.165477e+00
5.011872e-02 1.477385e+00 1.721976e+00 2.268892e+00 1.165557e+00
5.128614e-02 1.458521e+00 1.700092e+00 2.239999e+00 1.165628e+00
5.248075e-02 1.439911e+00 1.678490e+00 2.211486e+00 1.165690e+00
5.370318e-02 1.421552e+00 1.657166e+00 2.183348e+00 1.165744e+00
5.495409e-02 1.403439e+00 1.636115e+00 2.155577e+00 1.165790e+00
5.623413e-02 1.385568e+00 1.615333e+00 2.128169e+00 1.165827e+00
5.754399e-02 1.367937e+00 1.594817e+00 2.101117e+00 1.165855e+00
5.888437e-02 1.350541e+00 1.574561e+00 2.074416e+00 1.165874e+00
6.025596e-02 1.333378e+00 1.554562e+00 2.048062e+00 1.165882e+00
6.165950e-02 1.316444e+00 1.534815e+00 2.022049e+00 1.165880e+00
6.309573e-02 1.299736e+00 1.515319e+00 1.996373e+00 1.165867e+00
6.456542e-02 1.283251e+00 1.496067e+00 1.971028e+00 1.165841e+00
6.606934e-02 1.266987e+00 1.477058e+00 1.946011e+00 1.165804e+00
6.760830e-02 1.250941e+00 1.458288e+00 1.921317e+00 1.165753e+00
6.918310e-02 1.235111e+00 1.439753e+00 1.896942e+00 1.165688e+00
7.079458e-02 1.219493e+00 1.421451e+00 1.872882e+00 1.165608e+00
7.244360e-02 1.204086e+00 1.403379e+00 1.849134e+00 1.165514e+00
7.413102e-02 1.188887e+00 1.385533e+00 1.825693e+00 1.165403e+00
7.585776e-02 1.173894e+00 1.367912e+00 1.802557e+00 1.165276e+00
7.762471e-02 1.159105e+00 1.350511e+00 1.779721e+00 1.165133e+00
7.943282e-02 1.144517e+00 1.333331e+00 1.757182e+00 1.164972e+00
8.128305e-02 1.130128e+00 1.316366e+00 1.734938e+00 1.164794e+00
8.317638e-02 1.115936e+00 1.299617e+00 1.712984e+00 1.164598e+00
8.511380e-02 1.101938e+00 1.283079e+00 1.691319e+00 1.164385e+00
8.709636e-02 1.088132e+00 1.266752e+00 1.669938e+00 1.164153e+00
8.912509e-02 1.074516e+00 1.250633e+00 1.648838e+00 1.163904e+00
9.120108e-02 1.061088e+00 1.234720e+00 1.628018e+00 1.163637e+00
9.332543e-02 1.047844e+00 1.219012e+00 1.607473e+00 1.163352e+00
9.549926e-02 1.034784e+00 1.203507e+00 1.587201e+00 1.163051e+00
9.772372e-02 1.021904e+00 1.188202e+00 1.567199e+00 1.162733e+00
1.000000e-01 1.009202e+00 1.173096e+00 1.547464e+00 1.162399e+00
1.023293e-01 9.966760e-01 1.158188e+00 1.527993e+00 1.162051e+00
1.047129e-01 9.843229e-01 1.143475e+00 1.508783e+00 1.161687e+00
1.071519e-01 9.721405e-01 1.128957e+00 1.489832e+00 1.161310e+00
1.096478e-01 9.601262e-01 1.114630e+00 1.471137e+00 1.160921e+00
1.122018e-01 9.482776e-01 1.100495e+00 1.452694e+00 1.160520e+00
1.148154e-01 9.365921e-01 1.086549e+00 1.434501e+00 1.160109e+00
1.174898e-01 9.250672e-01 1.072790e+00 1.416555e+00 1.159689e+00
1.202264e-01 9.137003e-01 1.059217e+00 1.398853e+00 1.159261e+00
1.230269e-01 9.024889e-01 1.045828e+00 1.381392e+00 1.158827e+00
1.258925e-01 8.914304e-01 1.032622e+00 1.364169e+00 1.158388e+00
1.288250e-01 8.805223e-01 1.019597e+00 1.347182e+00 1.157946e+00
1.318257e-01 8.697619e-01 1.006752e+00 1.330426e+00 1.157502e+00
1.348963e-01 8.591468e-01 9.940835e-01 1.313901e+00 1.157059e+00
1.380384e-01 8.486743e-01 9.815915e-01 1.297602e+00 1.156617e+00
1.412538e-01 8.383419e-01 9.692738e-01 1.281526e+00 1.156180e+00
1.445440e-01 8.281471e-01 9.571287e-01 1.265671e+00 1.155747e+00
1.479108e-01 8.180872e-01 9.451546e-01 1.250034e+00 1.155322e+00
1.513561e-01 8.081599e-01 9.333497e-01 1.234611e+00 1.154907e+00
1.548817e-01 7.983626e-01 9.217123e-01 1.219400e+00 1.154503e+00
1.584893e-01 7.886928e-01 9.102406e-01 1.204398e+00 1.154113e+00
1.621810e-01 7.791480e-01 8.989329e-01 1.189602e+00 1.153738e+00
1.659587e-01 7.697258e-01 8.877875e-01 1.175008e+00 1.153381e+00
1.698244e-01 7.604237e-01 8.768024e-01 1.160615e+00 1.153045e+00
1.737801e-01 7.512392e-01 8.659760e-01 1.146418e+00 1.152730e+00
1.778279e-01 7.421701e-01 8.553064e-01 1.132416e+00 1.152440e+00
1.819701e-01 7.332139e-01 8.447917e-01 1.118604e+00 1.152176e+00
1.862087e-01 7.243683e-01 8.344302e-01 1.104981e+00 1.151942e+00
1.905461e-01 7.156308e-01 8.242198e-01 1.091543e+00 1.151739e+00
1.949845e-01 7.069994e-01 8.141588e-01 1.078287e+00 1.151569e+00
1.995262e-01 6.984715e-01 8.042453e-01 1.065210e+00 1.151436e+00
2.041738e-01 6.900451e-01 7.944773e-01 1.052310e+00 1.151341e+00
2.089296e-01 6.817179e-01 7.848528e-01 1.039583e+00 1.151287e+00
2.137962e-01 6.734877e-01 7.753700e-01 1.027027e+00 1.151276e+00
2.187762e-01 6.653524e-01 7.660268e-01 1.014638e+00 1.151310e+00
2.238721e-01 6.573098e-01 7.568212e-01 1.002414e+00 1.151392e+00
2.290868e-01 6.493579e-01 7.477513e-01 9.903523e-01 1.151524e+00
2.344229e-01 6.414946e-01 7.388149e-01 9.784492e-01 1.151709e+00
2.398833e-01 6.337180e-01 7.300101e-01 9.667022e-01 1.151948e+00
2.454709e-01 6.260260e-01 7.213348e-01 9.551086e-01 1.152244e+00
2.511886e-01 6.184169e-01 7.127868e-01 9.436654e-01 1.152599e+00
2.570396e-01 6.108886e-01 7.043641e-01 9.323700e-01 1.153016e+00
2.630268e-01 6.034395e-01 6.960647e-01 9.212194e-01 1.153495e+00
2.691535e-01 5.960677e-01 6.878863e-01 9.102111e-01 1.154041e+00
2.754229e-01 5.887715e-01 6.798268e-01 8.993421e-01 1.154653e+00
2.818383e-01 5.815493e-01 6.718840e-01 8.886100e-01 1.155335e+00
2.884032e-01 5.743995e-01 6.640559e-01 8.780119e-01 1.156087e+00
2.951209e-01 5.673205e-01 6.563402e-01 8.675454e-01 1.156913e+00
3.019952e-01 5.603108e-01 6.487348e-01 8.572077e-01 1.157812e+00
3.090295e-01 5.533691e-01 6.412375e-01 8.469964e-01 1.158788e+00
3.162278e-01 5.464939e-01 6.338461e-01 8.369089e-01 1.159841e+00
3.235937e-01 5.396839e-01 6.265585e-01 8.269428e-01 1.160973e+00
3.311311e-01 5.329380e-01 6.193725e-01 8.170956e-01 1.162185e+00
3.388442e-01 5.262549e-01 6.122859e-01 8.073650e-01 1.163478e+00
3.467369e-01 5.196336e-01 6.052966e-01 7.977488e-01 1.164853e+00
3.548134e-01 5.130730e-01 5.984024e-01 7.882445e-01 1.166310e+00
3.630781e-01 5.065722e-01 5.916012e-01 7.788501e-01 1.167852e+00
3.715352e-01 5.001302e-01 5.848910e-01 7.695633e-01 1.169477e+00
3.801894e-01 4.937462e-01 5.782696e-01 7.603821e-01 1.171188e+00
3.890451e-01 4.874195e-01 5.717349e-01 7.513046e-01 1.172983e+00
3.981072e-01 4.811493e-01 5.652851e-01 7.423287e-01 1.174864e+00
4.073803e-01 4.749350e-01 5.589179e-01 7.334525e-01 1.176830e+00
4.168694e-01 4.687761e-01 5.526317e-01 7.246743e-01 1.178882e+00
4.265795e-01 4.626720e-01 5.464243e-01 7.159923e-01 1.181019e+00
4.365158e-01 4.566224e-01 5.402939e-01 7.074048e-01 1.183240e+00
4.466836e-01 4.506267e-01 5.342388e-01 6.989103e-01 1.185546e+00
4.570882e-01 4.446848e-01 5.282572e-01 6.905072e-01 1.187936e+00
4.677351e-01 4.387962e-01 5.223473e-01 6.821941e-01 1.190410e+00
4.786301e-01 4.329609e-01 5.165075e-01 6.739696e-01 1.192966e+00
4.897788e-01 4.271785e-01 5.107361e-01 6.658325e-01 1.195604e+00
5.011872e-01 4.214490e-01 5.050318e-01 6.577814e-01 1.198322e+00
5.128614e-01 4.157724e-01 4.993930e-01 6.498153e-01 1.201121e+00
5.248075e-01 4.101484e-01 4.938182e-01 6.419331e-01 1.203999e+00
5.370318e-01 4.045771e-01 4.883063e-01 6.341338e-01 1.206955e+00
5.495409e-01 3.990585e-01 4.828558e-01 6.264164e-01 1.209988e+00
5.623413e-01 3.935926e-01 4.774657e-01 6.187800e-01 1.213096e+00
5.754399e-01 3.881795e-01 4.721348e-01 6.112238e-01 1.216280e+00
5.888437e-01 3.828191e-01 4.668621e-01 6.037472e-01 1.219537e+00
6.025596e-01 3.775115e-01 4.616466e-01 5.963493e-01 1.222868e+00
6.165950e-01 3.722569e-01 4.564874e-01 5.890296e-01 1.226270e+00
6.309573e-01 3.670551e-01 4.513836e-01 5.817874e-01 1.229743e+00
6.456542e-01 3.619064e-01 4.463345e-01 5.746222e-01 1.233287e+00
6.606934e-01 3.568106e-01 4.413394e-01 5.675335e-01 1.236901e+00
6.760830e-01 3.517679e-01 4.363977e-01 5.605208e-01 1.240584e+00
6.918310e-01 3.467781e-01 4.315087e-01 5.535836e-01 1.244337e+00
7.079458e-01 3.418413e-01 4.266720e-01 5.467215e-01 1.248158e+00
7.244360e-01 3.369574e-01 4.218870e-01 5.399342e-01 1.252049e+00
7.413102e-01 3.321263e-01 4.171535e-01 5.332212e-01 1.256009e+00
7.585776e-01 3.273478e-01 4.124709e-01 5.265822e-01 1.260039e+00
7.762471e-01 3.226219e-01 4.078390e-01 5.200168e-01 1.264139e+00
7.943282e-01 3.179482e-01 4.032575e-01 5.135247e-01 1.268312e+00
8.128305e-01 3.133265e-01 3.987260e-01 5.071054e-01 1.272558e+00
8.317638e-01 3.087565e-01 3.942445e-01 5.007587e-01 1.276878e+00
8.511380e-01 3.042379e-01 3.898126e-01 4.944841e-01 1.281276e+00
8.709636e-01 2.997702e-01 3.854301e-01 4.882812e-01 1.285752e+00
8.912509e-01 2.953531e-01 3.810970e-01 4.821497e-01 1.290310e+00
9.120108e-01 2.909861e-01 3.768129e-01 4.760892e-01 1.294952e+00
9.332543e-01 2.866686e-01 3.725779e-01 4.700991e-01 1.299681e+00
9.549926e-01 2.824001e-01 3.683915e-01 4.641790e-01 1.304502e+00
9.772372e-01 2.781800e-01 3.642538e-01 4.583284e-01 1.309418e+00
1.000000e+00 2.740075e-01 3.601646e-01 4.525468e-01 1.314433e+00
1.023293e+00 2.698821e-01 3.561235e-01 4.468336e-01 1.319552e+00
1.047129e+00 2.658029e-01 3.521305e-01 4.411883e-01 1.324780e+00
1.071519e+00 2.617693e-01 3.481853e-01 4.356101e-01 1.330123e+00
1.096478e+00 2.577804e-01 3.442876e-01 4.300985e-01 1.335585e+00
1.122018e+00 2.538355e-01 3.404372e-01 4.246527e-01 1.341172e+00
1.148154e+00 2.499336e-01 3.366337e-01 4.192720e-01 1.346892e+00
1.174898e+00 2.460739e-01 3.328768e-01 4.139557e-01 1.352751e+00
1.202264e+00 2.422555e-01 3.291662e-01 4.087030e-01 1.358756e+00
1.230269e+00 2.384776e-01 3.255013e-01 4.035129e-01 1.364914e+00
1.258925e+00 2.347391e-01 3.218819e-01 3.983848e-01 1.371233e+00
1.288250e+00 2.310392e-01 3.183074e-01 3.933176e-01 1.377720e+00
1.318257e+00 2.273770e-01 3.147772e-01 3.883104e-01 1.384385e+00
1.348963e+00 2.237515e-01 3.112909e-01 3.833624e-01 1.391235e+00
1.380384e+00 2.201618e-01 3.078477e-01 3.784725e-01 1.398280e+00
1.412538e+00 2.166069e-01 3.044471e-01 3.736397e-01 1.405528e+00
1.445440e+00 2.130861e-01 3.010885e-01 3.688630e-01 1.412990e+00
1.479108e+00 2.095983e-01 2.977709e-01 3.641414e-01 1.420674e+00
1.513561e+00 2.061427e-01 2.944938e-01 3.594739e-01 1.428592e+00
1.548817e+00 2.027185e-01 2.912563e-01 3.548592e-01 1.436752e+00
1.584893e+00 1.993248e-01 2.880576e-01 3.502964e-01 1.445167e+00
1.621810e+00 1.959609e-01 2.848968e-01 3.457844e-01 1.453846e+00
1.659587e+00 1.926258e-01 2.817730e-01 3.413220e-01 1.462800e+00
1.698244e+00 1.893190e-01 2.786853e-01 3.369082e-01 1.472041e+00
1.737801e+00 1.860397e-01 2.756326e-01 3.325419e-01 1.481580e+00
1.778279e+00 1.827872e-01 2.726141e-01 3.282219e-01 1.491429e+00
1.819701e+00 1.795609e-01 2.696287e-01 3.239471e-01 1.501601e+00
1.862087e+00 1.763602e-01 2.666753e-01 3.197165e-01 1.512106e+00
1.905461e+00 1.731846e-01 2.637530e-01 3.155290e-01 1.522958e+00
1.949845e+00 1.700337e-01 2.608605e-01 3.113835e-01 1.534170e+00
1.995262e+00 1.669069e-01 2.579969e-01 3.072789e-01 1.545754e+00
2.041738e+00 1.638039e-01 2.551610e-01 3.032142e-01 1.557723e+00
2.089296e+00 1.607243e-01 2.523518e-01 2.991884e-01 1.570091e+00
2.137962e+00 1.576679e-01 2.495680e-01 2.952006e-01 1.582871e+00
2.187762e+00 1.546345e-01 2.468086e-01 2.912496e-01 1.596077e+00
2.238721e+00 1.516238e-01 2.440725e-01 2.873346e-01 1.609724e+00
2.290868e+00 1.486358e-01 2.413586e-01 2.834547e-01 1.623825e+00
2.344229e+00 1.456704e-01 2.386657e-01 2.796090e-01 1.638396e+00
2.398833e+00 1.427275e-01 2.359929e-01 2.757966e-01 1.653450e+00
2.454709e+00 1.398073e-01 2.333389e-01 2.720168e-01 1.669003e+00
2.511886e+00 1.369099e-01 2.307028e-01 2.682687e-01 1.685071e+00
2.570396e+00 1.340353e-01 2.280836e-01 2.645517e-01 1.701668e+00
2.630268e+00 1.311839e-01 2.254803e-01 2.608650e-01 1.718811e+00
2.691535e+00 1.283558e-01 2.228918e-01 2.572080e-01 1.736515e+00
2.754229e+00 1.255514e-01 2.203173e-01 2.535801e-01 1.754798e+00
2.818383e+00 1.227710e-01 2.177559e-01 2.499807e-01 1.773676e+00
2.884032e+00 1.200150e-01 2.152067e-01 2.464093e-01 1.793165e+00
2.951209e+00 1.172839e-01 2.126689e-01 2.428654e-01 1.813283e+00
3.019952e+00 1.145782e-01 2.101419e-01 2.393486e-01 1.834047e+00
3.090295e+00 1.118984e-01 2.076247e-01 2.358586e-01 1.855476e+00
3.162278e+00 1.092449e-01 2.051169e-01 2.323949e-01 1.877587e+00
3.235937e+00 1.066185e-01 2.026178e-01 2.289574e-01 1.900400e+00
3.311311e+00 1.040197e-01 2.001268e-01 2.255457e-01 1.923932e+00
3.388442e+00 1.014491e-01 1.976436e-01 2.221596e-01 1.948204e+00
3.467369e+00 9.890746e-02 1.951675e-01 2.187991e-01 1.973234e+00
3.548134e+00 9.639534e-02 1.926983e-01 2.154640e-01 1.999042e+00
3.630781e+00 9.391346e-02 1.902357e-01 2.121541e-01 2.025650e+00
3.715352e+00 9.146248e-02 1.877795e-01 2.088696e-01 2.053076e+00
3.801894e+00 8.904311e-02 1.853293e-01 2.056104e-01 2.081344e+00
3.890451e+00 8.665602e-02 1.828852e-01 2.023766e-01 2.110473e+00
3.981072e+00 8.430189e-02 1.804471e-01 1.991681e-01 2.140487e+00
4.073803e+00 8.198138e-02 1.780149e-01 1.959853e-01 2.171406e+00
4.168694e+00 7.969515e-02 1.755887e-01 1.928282e-01 2.203255e+00
4.265795e+00 7.744383e-02 1.731687e-01 1.896970e-01 2.236055e+00
4.365158e+00 7.522804e-02 1.707550e-01 1.865918e-01 2.269831e+00
4.466836e+00 7.304837e-02 1.683478e-01 1.835131e-01 2.304607e+00
4.570882e+00 7.090537e-02 1.659475e-01 1.804609e-01 2.340407e+00
4.677351e+00 6.879959e-02 1.635543e-01 1.774356e-01 2.377257e+00
4.786301e+00 6.673150e-02 1.611686e-01 1.744374e-01 2.415181e+00
4.897788e+00 6.470156e-02 1.587909e-01 1.714668e-01 2.454206e+00
5.011872e+00 6.271020e-02 1.564217e-01 1.685239e-01 2.494358e+00
5.128614e+00 6.075779e-02 1.540613e-01 1.656092e-01 2.535664e+00
5.248075e+00 5.884464e-02 1.517104e-01 1.627229e-01 2.578152e+00
5.370318e+00 5.697106e-02 1.493696e-01 1.598655e-01 2.621850e+00
5.495409e+00 5.513726e-02 1.470393e-01 1.570372e-01 2.666787e+00
5.623413e+00 5.334345e-02 1.447203e-01 1.542384e-01 2.712991e+00
5.754399e+00 5.158975e-02 1.424131e-01 1.514695e-01 2.760493e+00
5.888437e+00 4.987625e-02 1.401185e-01 1.487307e-01 2.809323e+00
6.025596e+00 4.820299e-02 1.378370e-01 1.460225e-01 2.859512e+00
6.165950e+00 4.656997e-02 1.355694e-01 1.433451e-01 2.911091e+00
6.309573e+00 4.497710e-02 1.333163e-01 1.406989e-01 2.964093e+00
6.456542e+00 4.342429e-02 1.310784e-01 1.380841e-01 3.018551e+00
6.606934e+00 4.191138e-02 1.288564e-01 1.355011e-01 3.074498e+00
6.760830e+00 4.043815e-02 1.266510e-01 1.329501e-01 3.131968e+00
6.918310e+00 3.900435e-02 1.244628e-01 1.304313e-01 3.190997e+00
7.079458e+00 3.760969e-02 1.222924e-01 1.279450e-01 3.251619e+00
7.244360e+00 3.625383e-02 1.201405e-01 1.254914e-01 3.313872e+00
7.413102e+00 3.493638e-02 1.180078e-01 1.230707e-01 3.377792e+00
7.585776e+00 3.365693e-02 1.158948e-01 1.206831e-01 3.443417e+00
7.762471e+00 3.241501e-02 1.138022e-01 1.183286e-01 3.510786e+00
7.943282e+00 3.121014e-02 1.117304e-01 1.160075e-01 3.579939e+00
8.128305e+00 3.004179e-02 1.096800e-01 1.137199e-01 3.650914e+00
8.317638e+00 2.890941e-02 1.076516e-01 1.114657e-01 3.723755e+00
8.511380e+00 2.781241e-02 1.056455e-01 1.092452e-01 3.798502e+00
8.709636e+00 2.675020e-02 1.036623e-01 1.070582e-01 3.875199e+00
8.912509e+00 2.572213e-02 1.017025e-01 1.049048e-01 3.953889e+00
9.120108e+00 2.472756e-02 9.976625e-02 1.027850e-01 4.034617e+00
9.332543e+00 2.376583e-02 9.785410e-02 1.006988e-01 4.117429e+00
9.549926e+00 2.283623e-02 9.596634e-02 9.864600e-02 4.202372e+00
9.772372e+00 2.193809e-02 9.410327e-02 9.662663e-02 4.289492e+00
1.000000e+01 2.107069e-02 9.226516e-02 9.464055e-02 4.378840e+00
