1.000000e-06 7.270551e+01 1.052694e+00 7.271313e+01 1.447888e-02
1.023293e-06 7.270464e+01 1.077199e+00 7.271262e+01 1.481610e-02
1.047129e-06 7.270373e+01 1.102274e+00 7.271209e+01 1.516117e-02
1.071519e-06 7.270278e+01 1.127931e+00 7.271153e+01 1.551427e-02
1.096478e-06 7.270179e+01 1.154185e+00 7.271095e+01 1.587560e-02
1.122018e-06 7.270074e+01 1.181048e+00 7.271033e+01 1.624534e-02
1.148154e-06 7.269965e+01 1.208537e+00 7.270969e+01 1.662369e-02
1.174898e-06 7.269850e+01 1.236663e+00 7.270902e+01 1.701085e-02
1.202264e-06 7.269730e+01 1.265444e+00 7.270832e+01 1.740702e-02
1.230269e-06 7.269605e+01 1.294893e+00 7.270758e+01 1.781242e-02
1.258925e-06 7.269473e+01 1.325025e+00 7.270681e+01 1.822725e-02
1.288250e-06 7.269336e+01 1.355858e+00 7.270600e+01 1.865175e-02
1.318257e-06 7.269192e+01 1.387407e+00 7.270516e+01 1.908612e-02
1.348963e-06 7.269041e+01 1.419688e+00 7.270427e+01 1.953061e-02
1.380384e-06 7.268883e+01 1.452718e+00 7.270334e+01 1.998544e-02
1.412538e-06 7.268717e+01 1.486515e+00 7.270237e+01 2.045086e-02
1.445440e-06 7.268544e+01 1.521097e+00 7.270136e+01 2.092712e-02
1.479108e-06 7.268363e+01 1.556481e+00 7.270029e+01 2.141446e-02
1.513561e-06 7.268173e+01 1.592685e+00 7.269918e+01 2.191314e-02
1.548817e-06 7.267974e+01 1.629730e+00 7.269801e+01 2.242344e-02
1.584893e-06 7.267766e+01 1.667633e+00 7.269679e+01 2.294560e-02
1.621810e-06 7.267548e+01 1.706415e+00 7.269551e+01 2.347993e-02
1.659587e-06 7.267320e+01 1.746096e+00 7.269417e+01 2.402668e-02
1.698244e-06 7.267081e+01 1.786696e+00 7.269277e+01 2.458616e-02
1.737801e-06 7.266831e+01 1.828238e+00 7.269130e+01 2.515867e-02
1.778279e-06 7.266569e+01 1.870741e+00 7.268976e+01 2.574449e-02
1.819701e-06 7.266294e+01 1.914228e+00 7.268815e+01 2.634394e-02
1.862087e-06 7.266007e+01 1.958723e+00 7.268647e+01 2.695734e-02
1.905461e-06 7.265706e+01 2.004246e+00 7.268470e+01 2.758502e-02
1.949845e-06 7.265392e+01 2.050824e+00 7.268285e+01 2.822730e-02
1.995262e-06 7.265062e+01 2.098478e+00 7.268092e+01 2.888451e-02
2.041738e-06 7.264717e+01 2.147234e+00 7.267889e+01 2.955702e-02
2.089296e-06 7.264355e+01 2.197117e+00 7.267677e+01 3.024517e-02
2.137962e-06 7.263977e+01 2.248152e+00 7.267455e+01 3.094933e-02
2.187762e-06 7.263581e+01 2.300366e+00 7.267223e+01 3.166986e-02
2.238721e-06 7.263166e+01 2.353785e+00 7.266979e+01 3.240715e-02
2.290868e-06 7.262732e+01 2.408437e+00 7.266724e+01 3.316159e-02
2.344229e-06 7.262277e+01 2.464350e+00 7.266457e+01 3.393357e-02
2.398833e-06 7.261801e+01 2.521552e+00 7.266178e+01 3.472350e-02
2.454709e-06 7.261303e+01 2.580071e+00 7.265885e+01 3.553179e-02
2.511886e-06 7.260781e+01 2.639939e+00 7.265579e+01 3.635888e-02
2.570396e-06 7.260235e+01 2.701184e+00 7.265258e+01 3.720519e-02
2.630268e-06 7.259663e+01 2.763839e+00 7.264922e+01 3.807117e-02
2.691535e-06 7.259065e+01 2.827934e+00 7.264571e+01 3.895727e-02
2.754229e-06 7.258438e+01 2.893502e+00 7.264203e+01 3.986397e-02
2.818383e-06 7.257782e+01 2.960575e+00 7.263817e+01 4.079174e-02
2.884032e-06 7.257095e+01 3.029188e+00 7.263414e+01 4.174105e-02
2.951209e-06 7.256375e+01 3.099374e+00 7.262992e+01 4.271242e-02
3.019952e-06 7.255623e+01 3.171168e+00 7.262549e+01 4.370636e-02
3.090295e-06 7.254834e+01 3.244606e+00 7.262086e+01 4.472337e-02
3.162278e-06 7.254009e+01 3.319725e+00 7.261602e+01 4.576400e-02
3.235937e-06 7.253146e+01 3.396560e+00 7.261094e+01 4.682879e-02
3.311311e-06 7.252242e+01 3.475151e+00 7.260563e+01 4.791830e-02
3.388442e-06 7.251295e+01 3.555534e+00 7.260007e+01 4.903309e-02
3.467369e-06 7.250304e+01 3.637750e+00 7.259425e+01 5.017375e-02
3.548134e-06 7.249267e+01 3.721838e+00 7.258815e+01 5.134088e-02
3.630781e-06 7.248182e+01 3.807838e+00 7.258177e+01 5.253508e-02
3.715352e-06 7.247045e+01 3.895793e+00 7.257509e+01 5.375698e-02
3.801894e-06 7.245856e+01 3.985743e+00 7.256810e+01 5.500721e-02
3.890451e-06 7.244611e+01 4.077732e+00 7.256078e+01 5.628642e-02
3.981072e-06 7.243308e+01 4.171804e+00 7.255312e+01 5.759528e-02
4.073803e-06 7.241944e+01 4.268002e+00 7.254510e+01 5.893448e-02
4.168694e-06 7.240517e+01 4.366371e+00 7.253671e+01 6.030469e-02
4.265795e-06 7.239023e+01 4.466958e+00 7.252792e+01 6.170664e-02
4.365158e-06 7.237459e+01 4.569808e+00 7.251872e+01 6.314105e-02
4.466836e-06 7.235823e+01 4.674969e+00 7.250909e+01 6.460867e-02
4.570882e-06 7.234110e+01 4.782488e+00 7.249902e+01 6.611025e-02
4.677351e-06 7.232318e+01 4.892414e+00 7.248847e+01 6.764656e-02
4.786301e-06 7.230443e+01 5.004797e+00 7.247743e+01 6.921840e-02
4.897788e-06 7.228480e+01 5.119685e+00 7.246588e+01 7.082658e-02
5.011872e-06 7.226426e+01 5.237130e+00 7.245379e+01 7.247193e-02
5.128614e-06 7.224277e+01 5.357183e+00 7.244113e+01 7.415528e-02
5.248075e-06 7.222029e+01 5.479895e+00 7.242789e+01 7.587751e-02
5.370318e-06 7.219676e+01 5.605319e+00 7.241403e+01 7.763949e-02
5.495409e-06 7.217214e+01 5.733508e+00 7.239953e+01 7.944212e-02
5.623413e-06 7.214639e+01 5.864515e+00 7.238435e+01 8.128633e-02
5.754399e-06 7.211944e+01 5.998394e+00 7.236847e+01 8.317305e-02
5.888437e-06 7.209126e+01 6.135200e+00 7.235185e+01 8.510325e-02
6.025596e-06 7.206177e+01 6.274987e+00 7.233446e+01 8.707789e-02
6.165950e-06 7.203092e+01 6.417809e+00 7.231626e+01 8.909798e-02
6.309573e-06 7.199866e+01 6.563724e+00 7.229723e+01 9.116453e-02
6.456542e-06 7.196491e+01 6.712786e+00 7.227731e+01 9.327860e-02
6.606934e-06 7.192961e+01 6.865051e+00 7.225647e+01 9.544124e-02
6.760830e-06 7.189270e+01 7.020576e+00 7.223468e+01 9.765353e-02
6.918310e-06 7.185409e+01 7.179415e+00 7.221187e+01 9.991658e-02
7.079458e-06 7.181372e+01 7.341626e+00 7.218802e+01 1.022315e-01
7.244360e-06 7.177151e+01 7.507263e+00 7.216307e+01 1.045995e-01
7.413102e-06 7.172737e+01 7.676383e+00 7.213697e+01 1.070217e-01
7.585776e-06 7.168122e+01 7.849041e+00 7.210967e+01 1.094993e-01
7.762471e-06 7.163297e+01 8.025291e+00 7.208112e+01 1.120335e-01
7.943282e-06 7.158254e+01 8.205189e+00 7.205127e+01 1.146256e-01
8.128305e-06 7.152982e+01 8.388786e+00 7.202004e+01 1.172768e-01
8.317638e-06 7.147472e+01 8.576137e+00 7.198740e+01 1.199884e-01
8.511380e-06 7.141713e+01 8.767293e+00 7.195326e+01 1.227618e-01
8.709636e-06 7.135695e+01 8.962304e+00 7.191757e+01 1.255982e-01
8.912509e-06 7.129407e+01 9.161220e+00 7.188026e+01 1.284990e-01
9.120108e-06 7.122836e+01 9.364088e+00 7.184126e+01 1.314657e-01
9.332543e-06 7.115972e+01 9.570955e+00 7.180048e+01 1.344996e-01
9.549926e-06 7.108802e+01 9.781865e+00 7.175787e+01 1.376022e-01
9.772372e-06 7.101313e+01 9.996861e+00 7.171333e+01 1.407748e-01
1.000000e-05 7.093491e+01 1.021598e+01 7.166678e+01 1.440191e-01
1.023293e-05 7.085324e+01 1.043926e+01 7.161815e+01 1.473364e-01
1.047129e-05 7.076796e+01 1.066674e+01 7.156733e+01 1.507284e-01
1.071519e-05 7.067893e+01 1.089845e+01 7.151424e+01 1.541966e-01
1.096478e-05 7.058599e+01 1.113441e+01 7.145878e+01 1.577425e-01
1.122018e-05 7.048900e+01 1.137465e+01 7.140085e+01 1.613677e-01
1.148154e-05 7.038779e+01 1.161919e+01 7.134035e+01 1.650740e-01
1.174898e-05 7.028218e+01 1.186805e+01 7.127718e+01 1.688628e-01
1.202264e-05 7.017202e+01 1.212123e+01 7.121121e+01 1.727359e-01
1.230269e-05 7.005712e+01 1.237874e+01 7.114234e+01 1.766950e-01
1.258925e-05 6.993729e+01 1.264059e+01 7.107045e+01 1.807417e-01
1.288250e-05 6.981235e+01 1.290676e+01 7.099542e+01 1.848778e-01
1.318257e-05 6.968212e+01 1.317724e+01 7.091711e+01 1.891051e-01
1.348963e-05 6.954638e+01 1.345202e+01 7.083541e+01 1.934252e-01
1.380384e-05 6.940494e+01 1.373107e+01 7.075018e+01 1.978399e-01
1.412538e-05 6.925759e+01 1.401435e+01 7.066127e+01 2.023511e-01
1.445440e-05 6.910411e+01 1.430183e+01 7.056855e+01 2.069606e-01
1.479108e-05 6.894430e+01 1.459345e+01 7.047188e+01 2.116701e-01
1.513561e-05 6.877793e+01 1.488915e+01 7.037109e+01 2.164815e-01
1.548817e-05 6.860477e+01 1.518886e+01 7.026604e+01 2.213966e-01
1.584893e-05 6.842460e+01 1.549250e+01 7.015657e+01 2.264172e-01
1.621810e-05 6.823719e+01 1.579999e+01 7.004251e+01 2.315452e-01
1.659587e-05 6.804229e+01 1.611121e+01 6.992370e+01 2.367824e-01
1.698244e-05 6.783967e+01 1.642606e+01 6.979998e+01 2.421306e-01
1.737801e-05 6.762910e+01 1.674441e+01 6.967116e+01 2.475918e-01
1.778279e-05 6.741033e+01 1.706611e+01 6.953707e+01 2.531676e-01
1.819701e-05 6.718311e+01 1.739102e+01 6.939754e+01 2.588600e-01
1.862087e-05 6.694721e+01 1.771896e+01 6.925237e+01 2.646707e-01
1.905461e-05 6.670238e+01 1.804976e+01 6.910139e+01 2.706015e-01
1.949845e-05 6.644838e+01 1.838322e+01 6.894440e+01 2.766541e-01
1.995262e-05 6.618497e+01 1.871911e+01 6.878122e+01 2.828303e-01
2.041738e-05 6.591191e+01 1.905723e+01 6.861165e+01 2.891318e-01
2.089296e-05 6.562897e+01 1.939731e+01 6.843550e+01 2.955601e-01
2.137962e-05 6.533591e+01 1.973910e+01 6.825257e+01 3.021171e-01
2.187762e-05 6.503252e+01 2.008231e+01 6.806268e+01 3.088041e-01
2.238721e-05 6.471857e+01 2.042665e+01 6.786561e+01 3.156227e-01
2.290868e-05 6.439385e+01 2.077181e+01 6.766119e+01 3.225744e-01
2.344229e-05 6.405817e+01 2.111745e+01 6.744921e+01 3.296605e-01
2.398833e-05 6.371133e+01 2.146322e+01 6.722948e+01 3.368823e-01
2.454709e-05 6.335315e+01 2.180876e+01 6.700182e+01 3.442410e-01
2.511886e-05 6.298347e+01 2.215367e+01 6.676603e+01 3.517378e-01
2.570396e-05 6.260213e+01 2.249755e+01 6.652193e+01 3.593736e-01
2.630268e-05 6.220900e+01 2.283999e+01 6.626933e+01 3.671493e-01
2.691535e-05 6.180395e+01 2.318055e+01 6.600808e+01 3.750658e-01
2.754229e-05 6.138690e+01 2.351877e+01 6.573799e+01 3.831235e-01
2.818383e-05 6.095775e+01 2.385418e+01 6.545891e+01 3.913232e-01
2.884032e-05 6.051644e+01 2.418630e+01 6.517068e+01 3.996649e-01
2.951209e-05 6.006295e+01 2.451464e+01 6.487315e+01 4.081491e-01
3.019952e-05 5.959726e+01 2.483868e+01 6.456620e+01 4.167755e-01
3.090295e-05 5.911939e+01 2.515790e+01 6.424969e+01 4.255441e-01
3.162278e-05 5.862937e+01 2.547178e+01 6.392351e+01 4.344543e-01
3.235937e-05 5.812728e+01 2.577977e+01 6.358756e+01 4.435056e-01
3.311311e-05 5.761322e+01 2.608133e+01 6.324175e+01 4.526970e-01
3.388442e-05 5.708732e+01 2.637591e+01 6.288601e+01 4.620274e-01
3.467369e-05 5.654974e+01 2.666294e+01 6.252028e+01 4.714954e-01
3.548134e-05 5.600067e+01 2.694189e+01 6.214452e+01 4.810994e-01
3.630781e-05 5.544036e+01 2.721219e+01 6.175870e+01 4.908372e-01
3.715352e-05 5.486905e+01 2.747330e+01 6.136281e+01 5.007066e-01
3.801894e-05 5.428705e+01 2.772466e+01 6.095687e+01 5.107050e-01
3.890451e-05 5.369468e+01 2.796576e+01 6.054091e+01 5.208292e-01
3.981072e-05 5.309231e+01 2.819605e+01 6.011498e+01 5.310760e-01
4.073803e-05 5.248035e+01 2.841504e+01 5.967915e+01 5.414415e-01
4.168694e-05 5.185921e+01 2.862222e+01 5.923352e+01 5.519216e-01
4.265795e-05 5.122938e+01 2.881712e+01 5.877819e+01 5.625117e-01
4.365158e-05 5.059134e+01 2.899929e+01 5.831331e+01 5.732066e-01
4.466836e-05 4.994562e+01 2.916829e+01 5.783904e+01 5.840010e-01
4.570882e-05 4.929278e+01 2.932372e+01 5.735555e+01 5.948887e-01
4.677351e-05 4.863341e+01 2.946520e+01 5.686305e+01 6.058634e-01
4.786301e-05 4.796811e+01 2.959239e+01 5.636177e+01 6.169180e-01
4.897788e-05 4.729751e+01 2.970497e+01 5.585195e+01 6.280451e-01
5.011872e-05 4.662228e+01 2.980267e+01 5.533386e+01 6.392365e-01
5.128614e-05 4.594309e+01 2.988523e+01 5.480780e+01 6.504838e-01
5.248075e-05 4.526062e+01 2.995247e+01 5.427407e+01 6.617778e-01
5.370318e-05 4.457558e+01 3.000421e+01 5.373300e+01 6.731087e-01
5.495409e-05 4.388869e+01 3.004034e+01 5.318495e+01 6.844665e-01
5.623413e-05 4.320067e+01 3.006076e+01 5.263028e+01 6.958401e-01
5.754399e-05 4.251224e+01 3.006543e+01 5.206938e+01 7.072182e-01
5.888437e-05 4.182413e+01 3.005436e+01 5.150265e+01 7.185890e-01
6.025596e-05 4.113708e+01 3.002759e+01 5.093050e+01 7.299398e-01
6.165950e-05 4.045180e+01 2.998520e+01 5.035335e+01 7.412575e-01
6.309573e-05 3.976901e+01 2.992732e+01 4.977166e+01 7.525287e-01
6.456542e-05 3.908941e+01 2.985411e+01 4.918587e+01 7.637391e-01
6.606934e-05 3.841369e+01 2.976578e+01 4.859643e+01 7.748742e-01
6.760830e-05 3.774254e+01 2.966257e+01 4.800383e+01 7.859188e-01
6.918310e-05 3.707660e+01 2.954476e+01 4.740851e+01 7.968574e-01
7.079458e-05 3.641651e+01 2.941267e+01 4.681097e+01 8.076740e-01
7.244360e-05 3.576288e+01 2.926664e+01 4.621169e+01 8.183523e-01
7.413102e-05 3.511630e+01 2.910705e+01 4.561113e+01 8.288756e-01
7.585776e-05 3.447733e+01 2.893431e+01 4.500978e+01 8.392270e-01
7.762471e-05 3.384649e+01 2.874885e+01 4.440812e+01 8.493892e-01
7.943282e-05 3.322429e+01 2.855112e+01 4.380662e+01 8.593448e-01
8.128305e-05 3.261119e+01 2.834162e+01 4.320575e+01 8.690765e-01
8.317638e-05 3.200763e+01 2.812083e+01 4.260597e+01 8.785666e-01
8.511380e-05 3.141400e+01 2.788927e+01 4.200774e+01 8.877975e-01
8.709636e-05 3.083067e+01 2.764746e+01 4.141150e+01 8.967519e-01
8.912509e-05 3.025798e+01 2.739595e+01 4.081768e+01 9.054124e-01
9.120108e-05 2.969622e+01 2.713528e+01 4.022672e+01 9.137620e-01
9.332543e-05 2.914566e+01 2.686600e+01 3.963902e+01 9.217840e-01
9.549926e-05 2.860653e+01 2.658868e+01 3.905498e+01 9.294620e-01
9.772372e-05 2.807902e+01 2.630387e+01 3.847499e+01 9.367801e-01
1.000000e-04 2.756330e+01 2.601212e+01 3.789942e+01 9.437230e-01
1.023293e-04 2.705951e+01 2.571400e+01 3.732863e+01 9.502761e-01
1.047129e-04 2.656773e+01 2.541006e+01 3.676296e+01 9.564255e-01
1.071519e-04 2.608805e+01 2.510083e+01 3.620273e+01 9.621580e-01
1.096478e-04 2.562051e+01 2.478685e+01 3.564826e+01 9.674614e-01
1.122018e-04 2.516511e+01 2.446865e+01 3.509983e+01 9.723244e-01
1.148154e-04 2.472186e+01 2.414675e+01 3.455772e+01 9.767367e-01
1.174898e-04 2.429072e+01 2.382164e+01 3.402219e+01 9.806892e-01
1.202264e-04 2.387162e+01 2.349382e+01 3.349349e+01 9.841737e-01
1.230269e-04 2.346449e+01 2.316375e+01 3.297183e+01 9.871834e-01
1.258925e-04 2.306923e+01 2.283191e+01 3.245743e+01 9.897127e-01
1.288250e-04 2.268571e+01 2.249872e+01 3.195049e+01 9.917573e-01
1.318257e-04 2.231380e+01 2.216461e+01 3.145116e+01 9.933141e-01
1.348963e-04 2.195335e+01 2.183000e+01 3.095963e+01 9.943814e-01
1.380384e-04 2.160419e+01 2.149528e+01 3.047602e+01 9.949588e-01
1.412538e-04 2.126614e+01 2.116081e+01 3.000048e+01 9.950473e-01
1.445440e-04 2.093900e+01 2.082696e+01 2.953310e+01 9.946491e-01
1.479108e-04 2.062259e+01 2.049406e+01 2.907400e+01 9.937680e-01
1.513561e-04 2.031667e+01 2.016244e+01 2.862326e+01 9.924087e-01
1.548817e-04 2.002104e+01 1.983240e+01 2.818095e+01 9.905776e-01
1.584893e-04 1.973547e+01 1.950421e+01 2.774713e+01 9.882820e-01
1.621810e-04 1.945973e+01 1.917816e+01 2.732184e+01 9.855305e-01
1.659587e-04 1.919358e+01 1.885449e+01 2.690512e+01 9.823330e-01
1.698244e-04 1.893679e+01 1.853344e+01 2.649698e+01 9.787002e-01
1.737801e-04 1.868910e+01 1.821522e+01 2.609745e+01 9.746441e-01
1.778279e-04 1.845028e+01 1.790004e+01 2.570650e+01 9.701774e-01
1.819701e-04 1.822008e+01 1.758809e+01 2.532414e+01 9.653138e-01
1.862087e-04 1.799825e+01 1.727954e+01 2.495034e+01 9.600678e-01
1.905461e-04 1.778456e+01 1.697455e+01 2.458508e+01 9.544547e-01
1.949845e-04 1.757875e+01 1.667327e+01 2.422830e+01 9.484902e-01
1.995262e-04 1.738059e+01 1.637583e+01 2.387997e+01 9.421908e-01
2.041738e-04 1.718983e+01 1.608235e+01 2.354002e+01 9.355735e-01
2.089296e-04 1.700624e+01 1.579294e+01 2.320839e+01 9.286555e-01
2.137962e-04 1.682958e+01 1.550769e+01 2.288500e+01 9.214545e-01
2.187762e-04 1.665962e+01 1.522670e+01 2.256979e+01 9.139883e-01
2.238721e-04 1.649614e+01 1.495004e+01 2.226266e+01 9.062750e-01
2.290868e-04 1.633890e+01 1.467777e+01 2.196353e+01 8.983327e-01
2.344229e-04 1.618770e+01 1.440996e+01 2.167229e+01 8.901796e-01
2.398833e-04 1.604230e+01 1.414664e+01 2.138885e+01 8.818337e-01
2.454709e-04 1.590251e+01 1.388788e+01 2.111310e+01 8.733132e-01
2.511886e-04 1.576812e+01 1.363368e+01 2.084493e+01 8.646358e-01
2.570396e-04 1.563893e+01 1.338409e+01 2.058422e+01 8.558192e-01
2.630268e-04 1.551473e+01 1.313913e+01 2.033085e+01 8.468808e-01
2.691535e-04 1.539534e+01 1.289879e+01 2.008470e+01 8.378376e-01
2.754229e-04 1.528057e+01 1.266310e+01 1.984565e+01 8.287062e-01
2.818383e-04 1.517024e+01 1.243205e+01 1.961357e+01 8.195030e-01
2.884032e-04 1.506417e+01 1.220565e+01 1.938832e+01 8.102438e-01
2.951209e-04 1.496218e+01 1.198387e+01 1.916977e+01 8.009441e-01
3.019952e-04 1.486413e+01 1.176672e+01 1.895779e+01 7.916188e-01
3.090295e-04 1.476983e+01 1.155417e+01 1.875225e+01 7.822824e-01
3.162278e-04 1.467913e+01 1.134621e+01 1.855299e+01 7.729487e-01
3.235937e-04 1.459188e+01 1.114282e+01 1.835988e+01 7.636313e-01
3.311311e-04 1.450793e+01 1.094395e+01 1.817279e+01 7.543429e-01
3.388442e-04 1.442714e+01 1.074960e+01 1.799156e+01 7.450959e-01
3.467369e-04 1.434936e+01 1.055973e+01 1.781606e+01 7.359022e-01
3.548134e-04 1.427446e+01 1.037429e+01 1.764614e+01 7.267729e-01
3.630781e-04 1.420232e+01 1.019327e+01 1.748166e+01 7.177188e-01
3.715352e-04 1.413279e+01 1.001662e+01 1.732249e+01 7.087500e-01
3.801894e-04 1.406577e+01 9.844298e+00 1.716846e+01 6.998763e-01
3.890451e-04 1.400112e+01 9.676270e+00 1.701945e+01 6.911068e-01
3.981072e-04 1.393874e+01 9.512493e+00 1.687531e+01 6.824500e-01
4.073803e-04 1.387851e+01 9.352923e+00 1.673589e+01 6.739142e-01
4.168694e-04 1.382032e+01 9.197517e+00 1.660107e+01 6.655070e-01
4.265795e-04 1.376406e+01 9.046230e+00 1.647069e+01 6.572355e-01
4.365158e-04 1.370964e+01 8.899017e+00 1.634462e+01 6.491065e-01
4.466836e-04 1.365695e+01 8.755832e+00 1.622273e+01 6.411262e-01
4.570882e-04 1.360591e+01 8.616628e+00 1.610487e+01 6.333006e-01
4.677351e-04 1.355640e+01 8.481358e+00 1.599092e+01 6.256350e-01
4.786301e-04 1.350835e+01 8.349975e+00 1.588073e+01 6.181345e-01
4.897788e-04 1.346166e+01 8.222432e+00 1.577418e+01 6.108037e-01
5.011872e-04 1.341625e+01 8.098680e+00 1.567113e+01 6.036471e-01
5.128614e-04 1.337203e+01 7.978672e+00 1.557146e+01 5.966685e-01
5.248075e-04 1.332893e+01 7.862359e+00 1.547505e+01 5.898717e-01
5.370318e-04 1.328686e+01 7.749692e+00 1.538176e+01 5.832598e-01
5.495409e-04 1.324575e+01 7.640625e+00 1.529147e+01 5.768360e-01
5.623413e-04 1.320552e+01 7.535107e+00 1.520406e+01 5.706029e-01
5.754399e-04 1.316609e+01 7.433092e+00 1.511942e+01 5.645632e-01
5.888437e-04 1.312741e+01 7.334530e+00 1.503742e+01 5.587189e-01
6.025596e-04 1.308938e+01 7.239374e+00 1.495796e+01 5.530721e-01
6.165950e-04 1.305196e+01 7.147575e+00 1.488091e+01 5.476246e-01
6.309573e-04 1.301507e+01 7.059084e+00 1.480617e+01 5.423779e-01
6.456542e-04 1.297864e+01 6.973854e+00 1.473362e+01 5.373333e-01
6.606934e-04 1.294261e+01 6.891837e+00 1.466317e+01 5.324921e-01
6.760830e-04 1.290692e+01 6.812984e+00 1.459470e+01 5.278551e-01
6.918310e-04 1.287151e+01 6.737247e+00 1.452812e+01 5.234233e-01
7.079458e-04 1.283631e+01 6.664578e+00 1.446331e+01 5.191974e-01
7.244360e-04 1.280127e+01 6.594928e+00 1.440019e+01 5.151777e-01
7.413102e-04 1.276633e+01 6.528251e+00 1.433866e+01 5.113649e-01
7.585776e-04 1.273143e+01 6.464496e+00 1.427862e+01 5.077590e-01
7.762471e-04 1.269651e+01 6.403617e+00 1.421997e+01 5.043604e-01
7.943282e-04 1.266152e+01 6.345563e+00 1.416264e+01 5.011690e-01
8.128305e-04 1.262641e+01 6.290287e+00 1.410653e+01 4.981848e-01
8.317638e-04 1.259113e+01 6.237740e+00 1.405154e+01 4.954076e-01
8.511380e-04 1.255561e+01 6.187873e+00 1.399761e+01 4.928373e-01
8.709636e-04 1.251981e+01 6.140635e+00 1.394464e+01 4.904735e-01
8.912509e-04 1.248368e+01 6.095978e+00 1.389256e+01 4.883159e-01
9.120108e-04 1.244716e+01 6.053852e+00 1.384128e+01 4.863640e-01
9.332543e-04 1.241021e+01 6.014205e+00 1.379072e+01 4.846174e-01
9.549926e-04 1.237279e+01 5.976988e+00 1.374082e+01 4.830754e-01
9.772372e-04 1.233483e+01 5.942148e+00 1.369150e+01 4.817374e-01
1.000000e-03 1.229630e+01 5.909636e+00 1.364268e+01 4.806028e-01
1.023293e-03 1.225714e+01 5.879397e+00 1.359430e+01 4.796710e-01
1.047129e-03 1.221733e+01 5.851379e+00 1.354628e+01 4.789411e-01
1.071519e-03 1.217680e+01 5.825530e+00 1.349856e+01 4.784124e-01
1.096478e-03 1.213551e+01 5.801794e+00 1.345108e+01 4.780840e-01
1.122018e-03 1.209343e+01 5.780119e+00 1.340376e+01 4.779552e-01
1.148154e-03 1.205051e+01 5.760447e+00 1.335656e+01 4.780250e-01
1.174898e-03 1.200672e+01 5.742724e+00 1.330940e+01 4.782926e-01
1.202264e-03 1.196200e+01 5.726893e+00 1.326223e+01 4.787571e-01
1.230269e-03 1.191633e+01 5.712896e+00 1.321499e+01 4.794175e-01
1.258925e-03 1.186966e+01 5.700675e+00 1.316763e+01 4.802728e-01
1.288250e-03 1.182196e+01 5.690172e+00 1.312009e+01 4.813222e-01
1.318257e-03 1.177319e+01 5.681326e+00 1.307232e+01 4.825645e-01
1.348963e-03 1.172333e+01 5.674077e+00 1.302427e+01 4.839988e-01
1.380384e-03 1.167233e+01 5.668363e+00 1.297588e+01 4.856241e-01
1.412538e-03 1.162016e+01 5.664124e+00 1.292712e+01 4.874394e-01
1.445440e-03 1.156680e+01 5.661294e+00 1.287793e+01 4.894435e-01
1.479108e-03 1.151221e+01 5.659811e+00 1.282827e+01 4.916355e-01
1.513561e-03 1.145637e+01 5.659611e+00 1.277809e+01 4.940142e-01
1.548817e-03 1.139926e+01 5.660626e+00 1.272736e+01 4.965785e-01
1.584893e-03 1.134084e+01 5.662792e+00 1.267604e+01 4.993274e-01
1.621810e-03 1.128110e+01 5.666042e+00 1.262407e+01 5.022597e-01
1.659587e-03 1.122001e+01 5.670306e+00 1.257144e+01 5.053742e-01
1.698244e-03 1.115757e+01 5.675518e+00 1.251810e+01 5.086699e-01
1.737801e-03 1.109374e+01 5.681607e+00 1.246401e+01 5.121455e-01
1.778279e-03 1.102851e+01 5.688504e+00 1.240916e+01 5.157997e-01
1.819701e-03 1.096188e+01 5.696139e+00 1.235349e+01 5.196315e-01
1.862087e-03 1.089383e+01 5.704439e+00 1.229700e+01 5.236394e-01
1.905461e-03 1.082435e+01 5.713335e+00 1.223964e+01 5.278223e-01
1.949845e-03 1.075344e+01 5.722753e+00 1.218140e+01 5.321787e-01
1.995262e-03 1.068109e+01 5.732623e+00 1.212224e+01 5.367074e-01
2.041738e-03 1.060731e+01 5.742870e+00 1.206215e+01 5.414069e-01
2.089296e-03 1.053208e+01 5.753422e+00 1.200111e+01 5.462758e-01
2.137962e-03 1.045543e+01 5.764207e+00 1.193910e+01 5.513126e-01
2.187762e-03 1.037734e+01 5.775152e+00 1.187609e+01 5.565157e-01
2.238721e-03 1.029784e+01 5.786184e+00 1.181208e+01 5.618835e-01
2.290868e-03 1.021692e+01 5.797231e+00 1.174706e+01 5.674145e-01
2.344229e-03 1.013462e+01 5.808220e+00 1.168101e+01 5.731068e-01
2.398833e-03 1.005094e+01 5.819079e+00 1.161392e+01 5.789588e-01
2.454709e-03 9.965903e+00 5.829739e+00 1.154578e+01 5.849685e-01
2.511886e-03 9.879533e+00 5.840129e+00 1.147660e+01 5.911341e-01
2.570396e-03 9.791857e+00 5.850180e+00 1.140636e+01 5.974535e-01
2.630268e-03 9.702901e+00 5.859822e+00 1.133507e+01 6.039248e-01
2.691535e-03 9.612697e+00 5.868990e+00 1.126273e+01 6.105456e-01
2.754229e-03 9.521280e+00 5.877618e+00 1.118933e+01 6.173139e-01
2.818383e-03 9.428686e+00 5.885642e+00 1.111490e+01 6.242272e-01
2.884032e-03 9.334955e+00 5.893000e+00 1.103942e+01 6.312831e-01
2.951209e-03 9.240129e+00 5.899630e+00 1.096292e+01 6.384792e-01
3.019952e-03 9.144252e+00 5.905475e+00 1.088540e+01 6.458127e-01
3.090295e-03 9.047373e+00 5.910478e+00 1.080688e+01 6.532811e-01
3.162278e-03 8.949541e+00 5.914585e+00 1.072738e+01 6.608814e-01
3.235937e-03 8.850807e+00 5.917745e+00 1.064690e+01 6.686108e-01
3.311311e-03 8.751227e+00 5.919910e+00 1.056548e+01 6.764662e-01
3.388442e-03 8.650857e+00 5.921032e+00 1.048313e+01 6.844446e-01
3.467369e-03 8.549754e+00 5.921069e+00 1.039987e+01 6.925426e-01
3.548134e-03 8.447978e+00 5.919981e+00 1.031574e+01 7.007571e-01
3.630781e-03 8.345592e+00 5.917730e+00 1.023076e+01 7.090845e-01
3.715352e-03 8.242658e+00 5.914283e+00 1.014496e+01 7.175213e-01
3.801894e-03 8.139240e+00 5.909609e+00 1.005837e+01 7.260639e-01
3.890451e-03 8.035404e+00 5.903681e+00 9.971016e+00 7.347087e-01
3.981072e-03 7.931215e+00 5.896476e+00 9.882944e+00 7.434518e-01
4.073803e-03 7.826739e+00 5.887972e+00 9.794185e+00 7.522893e-01
4.168694e-03 7.722045e+00 5.878154e+00 9.704776e+00 7.612173e-01
4.265795e-03 7.617199e+00 5.867008e+00 9.614754e+00 7.702317e-01
4.365158e-03 7.512267e+00 5.854524e+00 9.524159e+00 7.793286e-01
4.466836e-03 7.407318e+00 5.840697e+00 9.433032e+00 7.885036e-01
4.570882e-03 7.302416e+00 5.825522e+00 9.341413e+00 7.977527e-01
4.677351e-03 7.197629e+00 5.809002e+00 9.249344e+00 8.070716e-01
4.786301e-03 7.093021e+00 5.791139e+00 9.156868e+00 8.164560e-01
4.897788e-03 6.988655e+00 5.771942e+00 9.064028e+00 8.259016e-01
5.011872e-03 6.884594e+00 5.751419e+00 8.970867e+00 8.354042e-01
5.128614e-03 6.780900e+00 5.729585e+00 8.877429e+00 8.449593e-01
5.248075e-03 6.677631e+00 5.706455e+00 8.783757e+00 8.545628e-01
5.370318e-03 6.574845e+00 5.682048e+00 8.689895e+00 8.642102e-01
5.495409e-03 6.472599e+00 5.656387e+00 8.595885e+00 8.738973e-01
5.623413e-03 6.370945e+00 5.629493e+00 8.501772e+00 8.836199e-01
5.754399e-03 6.269935e+00 5.601395e+00 8.407598e+00 8.933737e-01
5.888437e-03 6.169618e+00 5.572119e+00 8.313405e+00 9.031546e-01
6.025596e-03 6.070042e+00 5.541696e+00 8.219234e+00 9.129584e-01
6.165950e-03 5.971251e+00 5.510158e+00 8.125126e+00 9.227812e-01
6.309573e-03 5.873286e+00 5.477537e+00 8.031120e+00 9.326188e-01
6.456542e-03 5.776187e+00 5.443868e+00 7.937256e+00 9.424674e-01
6.606934e-03 5.679992e+00 5.409187e+00 7.843571e+00 9.523230e-01
6.760830e-03 5.584734e+00 5.373530e+00 7.750102e+00 9.621820e-01
6.918310e-03 5.490445e+00 5.336935e+00 7.656884e+00 9.720405e-01
7.079458e-03 5.397155e+00 5.299440e+00 7.563950e+00 9.818950e-01
7.244360e-03 5.304891e+00 5.261082e+00 7.471335e+00 9.917417e-01
7.413102e-03 5.213677e+00 5.221900e+00 7.379069e+00 1.001577e+00
7.585776e-03 5.123535e+00 5.181933e+00 7.287183e+00 1.011398e+00
7.762471e-03 5.034486e+00 5.141219e+00 7.195706e+00 1.021200e+00
7.943282e-03 4.946546e+00 5.099797e+00 7.104664e+00 1.030981e+00
8.128305e-03 4.859732e+00 5.057704e+00 7.014084e+00 1.040737e+00
8.317638e-03 4.774057e+00 5.014979e+00 6.923990e+00 1.050465e+00
8.511380e-03 4.689533e+00 4.971658e+00 6.834405e+00 1.060161e+00
8.709636e-03 4.606169e+00 4.927777e+00 6.745352e+00 1.069821e+00
8.912509e-03 4.523974e+00 4.883373e+00 6.656852e+00 1.079443e+00
9.120108e-03 4.442954e+00 4.838480e+00 6.568922e+00 1.089023e+00
9.332543e-03 4.363115e+00 4.793133e+00 6.481582e+00 1.098558e+00
9.549926e-03 4.284461e+00 4.747365e+00 6.394848e+00 1.108043e+00
9.772372e-03 4.206993e+00 4.701208e+00 6.308736e+00 1.117475e+00
1.000000e-02 4.130714e+00 4.654695e+00 6.223261e+00 1.126850e+00
1.023293e-02 4.055624e+00 4.607854e+00 6.138437e+00 1.136164e+00
1.047129e-02 3.981722e+00 4.560718e+00 6.054276e+00 1.145414e+00
1.071519e-02 3.909007e+00 4.513314e+00 5.970790e+00 1.154594e+00
1.096478e-02 3.837476e+00 4.465670e+00 5.887991e+00 1.163700e+00
1.122018e-02 3.767128e+00 4.417814e+00 5.805888e+00 1.172727e+00
1.148154e-02 3.697958e+00 4.369772e+00 5.724492e+00 1.181672e+00
1.174898e-02 3.629963e+00 4.321570e+00 5.643811e+00 1.190527e+00
1.202264e-02 3.563138e+00 4.273232e+00 5.563854e+00 1.199289e+00
1.230269e-02 3.497479e+00 4.224783e+00 5.484628e+00 1.207951e+00
1.258925e-02 3.432980e+00 4.176246e+00 5.406143e+00 1.216507e+00
1.288250e-02 3.369636e+00 4.127643e+00 5.328403e+00 1.224952e+00
1.318257e-02 3.307440e+00 4.078998e+00 5.251418e+00 1.233279e+00
1.348963e-02 3.246388e+00 4.030332e+00 5.175192e+00 1.241482e+00
1.380384e-02 3.186472e+00 3.981666e+00 5.099732e+00 1.249553e+00
1.412538e-02 3.127686e+00 3.933021e+00 5.025044e+00 1.257486e+00
1.445440e-02 3.070023e+00 3.884417e+00 4.951134e+00 1.265273e+00
1.479108e-02 3.013475e+00 3.835874e+00 4.878008e+00 1.272907e+00
1.513561e-02 2.958037e+00 3.787413e+00 4.805671e+00 1.280381e+00
1.548817e-02 2.903699e+00 3.739052e+00 4.734129e+00 1.287686e+00
1.584893e-02 2.850453e+00 3.690810e+00 4.663386e+00 1.294815e+00
1.621810e-02 2.798293e+00 3.642707e+00 4.593447e+00 1.301760e+00
1.659587e-02 2.747209e+00 3.594760e+00 4.524318e+00 1.308514e+00
1.698244e-02 2.697191e+00 3.546989e+00 4.456004e+00 1.315068e+00
1.737801e-02 2.648232e+00 3.499411e+00 4.388509e+00 1.321414e+00
1.778279e-02 2.600321e+00 3.452043e+00 4.321837e+00 1.327545e+00
1.819701e-02 2.553449e+00 3.404904e+00 4.255993e+00 1.333453e+00
1.862087e-02 2.507604e+00 3.358011e+00 4.190981e+00 1.339131e+00
1.905461e-02 2.462777e+00 3.311381e+00 4.126805e+00 1.344572e+00
1.949845e-02 2.418956e+00 3.265031e+00 4.063468e+00 1.349769e+00
1.995262e-02 2.376128e+00 3.218976e+00 4.000974e+00 1.354715e+00
2.041738e-02 2.334283e+00 3.173234e+00 3.939326e+00 1.359404e+00
2.089296e-02 2.293407e+00 3.127819e+00 3.878527e+00 1.363831e+00
2.137962e-02 2.253487e+00 3.082748e+00 3.818578e+00 1.367990e+00
2.187762e-02 2.214510e+00 3.038035e+00 3.759483e+00 1.371877e+00
2.238721e-02 2.176462e+00 2.993695e+00 3.701242e+00 1.375487e+00
2.290868e-02 2.139328e+00 2.949742e+00 3.643858e+00 1.378817e+00
2.344229e-02 2.103093e+00 2.906189e+00 3.587330e+00 1.381864e+00
2.398833e-02 2.067742e+00 2.863050e+00 3.531659e+00 1.384627e+00
2.454709e-02 2.033258e+00 2.820338e+00 3.476844e+00 1.387103e+00
2.511886e-02 1.999627e+00 2.778064e+00 3.422886e+00 1.389291e+00
2.570396e-02 1.966831e+00 2.736239e+00 3.369782e+00 1.391192e+00
2.630268e-02 1.934853e+00 2.694875e+00 3.317530e+00 1.392806e+00
2.691535e-02 1.903677e+00 2.653981e+00 3.266130e+00 1.394135e+00
2.754229e-02 1.873284e+00 2.613568e+00 3.215576e+00 1.395180e+00
2.818383e-02 1.843657e+00 2.573644e+00 3.165867e+00 1.395945e+00
2.884032e-02 1.814779e+00 2.534217e+00 3.116998e+00 1.396433e+00
2.951209e-02 1.786630e+00 2.495295e+00 3.068964e+00 1.396649e+00
3.019952e-02 1.759193e+00 2.456884e+00 3.021761e+00 1.396597e+00
3.090295e-02 1.732449e+00 2.418991e+00 2.975382e+00 1.396284e+00
3.162278e-02 1.706380e+00 2.381621e+00 2.929821e+00 1.395715e+00
3.235937e-02 1.680967e+00 2.344779e+00 2.885072e+00 1.394898e+00
3.311311e-02 1.656192e+00 2.308468e+00 2.841126e+00 1.393841e+00
3.388442e-02 1.632036e+00 2.272693e+00 2.797977e+00 1.392551e+00
3.467369e-02 1.608481e+00 2.237456e+00 2.755616e+00 1.391037e+00
3.548134e-02 1.585508e+00 2.202759e+00 2.714034e+00 1.389308e+00
3.630781e-02 1.563099e+00 2.168603e+00 2.673222e+00 1.387374e+00
3.715352e-02 1.541236e+00 2.134989e+00 2.633170e+00 1.385244e+00
3.801894e-02 1.519901e+00 2.101917e+00 2.593869e+00 1.382930e+00
3.890451e-02 1.499077e+00 2.069386e+00 2.555306e+00 1.380440e+00
3.981072e-02 1.478745e+00 2.037396e+00 2.517473e+00 1.377787e+00
4.073803e-02 1.458889e+00 2.005944e+00 2.480357e+00 1.374981e+00
4.168694e-02 1.439491e+00 1.975029e+00 2.443947e+00 1.372033e+00
4.265795e-02 1.420536e+00 1.944648e+00 2.408231e+00 1.368954e+00
4.365158e-02 1.402005e+00 1.914797e+00 2.373197e+00 1.365756e+00
4.466836e-02 1.383885e+00 1.885472e+00 2.338834e+00 1.362449e+00
4.570882e-02 1.366158e+00 1.856670e+00 2.305127e+00 1.359045e+00
4.677351e-02 1.348810e+00 1.828386e+00 2.272066e+00 1.355555e+00
4.786301e-02 1.331825e+00 1.800614e+00 2.239636e+00 1.351989e+00
4.897788e-02 1.315190e+00 1.773349e+00 2.207825e+00 1.348360e+00
5.011872e-02 1.298889e+00 1.746585e+00 2.176620e+00 1.344676e+00
5.128614e-02 1.282910e+00 1.720317e+00 2.146007e+00 1.340949e+00
5.248075e-02 1.267239e+00 1.694536e+00 2.115974e+00 1.337188e+00
5.370318e-02 1.251862e+00 1.669238e+00 2.086507e+00 1.333404e+00
5.495409e-02 1.236768e+00 1.644413e+00 2.057594e+00 1.329605e+00
5.623413e-02 1.221945e+00 1.620056e+00 2.029220e+00 1.325801e+00
5.754399e-02 1.207381e+00 1.596159e+00 2.001372e+00 1.322001e+00
5.888437e-02 1.193064e+00 1.572712e+00 1.974038e+00 1.318212e+00
6.025596e-02 1.178985e+00 1.549710e+00 1.947205e+00 1.314444e+00
6.165950e-02 1.165133e+00 1.527143e+00 1.920860e+00 1.310702e+00
6.309573e-02 1.151498e+00 1.505003e+00 1.894989e+00 1.306996e+00
6.456542e-02 1.138071e+00 1.483282e+00 1.869581e+00 1.303330e+00
6.606934e-02 1.124844e+00 1.461971e+00 1.844623e+00 1.299711e+00
6.760830e-02 1.111806e+00 1.441062e+00 1.820102e+00 1.296145e+00
6.918310e-02 1.098951e+00 1.420546e+00 1.796008e+00 1.292638e+00
7.079458e-02 1.086272e+00 1.400414e+00 1.772328e+00 1.289193e+00
7.244360e-02 1.073760e+00 1.380657e+00 1.749050e+00 1.285816e+00
7.413102e-02 1.061409e+00 1.361268e+00 1.726163e+00 1.282510e+00
7.585776e-02 1.049213e+00 1.342237e+00 1.703657e+00 1.279280e+00
7.762471e-02 1.037166e+00 1.323555e+00 1.681521e+00 1.276127e+00
7.943282e-02 1.025262e+00 1.305215e+00 1.659743e+00 1.273055e+00
8.128305e-02 1.013496e+00 1.287207e+00 1.638315e+00 1.270066e+00
8.317638e-02 1.001864e+00 1.269524e+00 1.617227e+00 1.267161e+00
8.511380e-02 9.903611e-01 1.252156e+00 1.596468e+00 1.264343e+00
8.709636e-02 9.789829e-01 1.235097e+00 1.576030e+00 1.261612e+00
8.912509e-02 9.677257e-01 1.218337e+00 1.555905e+00 1.258970e+00
9.120108e-02 9.565862e-01 1.201870e+00 1.536082e+00 1.256416e+00
9.332543e-02 9.455612e-01 1.185687e+00 1.516555e+00 1.253950e+00
9.549926e-02 9.346479e-01 1.169781e+00 1.497315e+00 1.251574e+00
9.772372e-02 9.238436e-01 1.154144e+00 1.478356e+00 1.249285e+00
1.000000e-01 9.131460e-01 1.138770e+00 1.459669e+00 1.247084e+00
1.023293e-01 9.025529e-01 1.123652e+00 1.441248e+00 1.244970e+00
1.047129e-01 8.920625e-01 1.108782e+00 1.423086e+00 1.242942e+00
1.071519e-01 8.816731e-01 1.094154e+00 1.405177e+00 1.240998e+00
1.096478e-01 8.713830e-01 1.079763e+00 1.387514e+00 1.239137e+00
1.122018e-01 8.611910e-01 1.065601e+00 1.370093e+00 1.237358e+00
1.148154e-01 8.510959e-01 1.051664e+00 1.352908e+00 1.235658e+00
1.174898e-01 8.410965e-01 1.037944e+00 1.335953e+00 1.234037e+00
1.202264e-01 8.311921e-01 1.024438e+00 1.319224e+00 1.232492e+00
1.230269e-01 8.213816e-01 1.011138e+00 1.302716e+00 1.231021e+00
1.258925e-01 8.116645e-01 9.980417e-01 1.286424e+00 1.229623e+00
1.288250e-01 8.020400e-01 9.851425e-01 1.270344e+00 1.228296e+00
1.318257e-01 7.925076e-01 9.724362e-01 1.254472e+00 1.227037e+00
1.348963e-01 7.830668e-01 9.599182e-01 1.238805e+00 1.225845e+00
1.380384e-01 7.737170e-01 9.475843e-01 1.223337e+00 1.224717e+00
1.412538e-01 7.644580e-01 9.354303e-01 1.208067e+00 1.223652e+00
1.445440e-01 7.552892e-01 9.234521e-01 1.192990e+00 1.222647e+00
1.479108e-01 7.462103e-01 9.116461e-01 1.178104e+00 1.221701e+00
1.513561e-01 7.372211e-01 9.000085e-01 1.163405e+00 1.220812e+00
1.548817e-01 7.283211e-01 8.885359e-01 1.148890e+00 1.219978e+00
1.584893e-01 7.195100e-01 8.772248e-01 1.134556e+00 1.219198e+00
1.621810e-01 7.107875e-01 8.660720e-01 1.120402e+00 1.218468e+00
1.659587e-01 7.021533e-01 8.550745e-01 1.106423e+00 1.217789e+00
1.698244e-01 6.936071e-01 8.442291e-01 1.092618e+00 1.217158e+00
1.737801e-01 6.851485e-01 8.335331e-01 1.078984e+00 1.216573e+00
1.778279e-01 6.767772e-01 8.229837e-01 1.065518e+00 1.216033e+00
1.819701e-01 6.684928e-01 8.125781e-01 1.052219e+00 1.215538e+00
1.862087e-01 6.602950e-01 8.023138e-01 1.039085e+00 1.215084e+00
1.905461e-01 6.521834e-01 7.921884e-01 1.026112e+00 1.214671e+00
1.949845e-01 6.441576e-01 7.821994e-01 1.013299e+00 1.214298e+00
1.995262e-01 6.362172e-01 7.723444e-01 1.000644e+00 1.213963e+00
2.041738e-01 6.283619e-01 7.626213e-01 9.881447e-01 1.213666e+00
2.089296e-01 6.205911e-01 7.530279e-01 9.757993e-01 1.213404e+00
2.137962e-01 6.129045e-01 7.435620e-01 9.636059e-01 1.213178e+00
2.187762e-01 6.053016e-01 7.342216e-01 9.515626e-01 1.212985e+00
2.238721e-01 5.977819e-01 7.250047e-01 9.396675e-01 1.212825e+00
2.290868e-01 5.903450e-01 7.159094e-01 9.279189e-01 1.212697e+00
2.344229e-01 5.829904e-01 7.069339e-01 9.163151e-01 1.212600e+00
2.398833e-01 5.757176e-01 6.980763e-01 9.048542e-01 1.212532e+00
2.454709e-01 5.685261e-01 6.893348e-01 8.935348e-01 1.212495e+00
2.511886e-01 5.614155e-01 6.807078e-01 8.823550e-01 1.212485e+00
2.570396e-01 5.543852e-01 6.721936e-01 8.713134e-01 1.212503e+00
2.630268e-01 5.474346e-01 6.637905e-01 8.604084e-01 1.212548e+00
2.691535e-01 5.405634e-01 6.554971e-01 8.496383e-01 1.212618e+00
2.754229e-01 5.337708e-01 6.473118e-01 8.390017e-01 1.212715e+00
2.818383e-01 5.270565e-01 6.392331e-01 8.284972e-01 1.212836e+00
2.884032e-01 5.204199e-01 6.312597e-01 8.181232e-01 1.212981e+00
2.951209e-01 5.138603e-01 6.233900e-01 8.078784e-01 1.213151e+00
3.019952e-01 5.073773e-01 6.156228e-01 7.977614e-01 1.213343e+00
3.090295e-01 5.009703e-01 6.079568e-01 7.877707e-01 1.213559e+00
3.162278e-01 4.946386e-01 6.003907e-01 7.779051e-01 1.213797e+00
3.235937e-01 4.883818e-01 5.929233e-01 7.681633e-01 1.214057e+00
3.311311e-01 4.821991e-01 5.855534e-01 7.585439e-01 1.214339e+00
3.388442e-01 4.760901e-01 5.782799e-01 7.490456e-01 1.214644e+00
3.467369e-01 4.700540e-01 5.711015e-01 7.396673e-01 1.214970e+00
3.548134e-01 4.640902e-01 5.640173e-01 7.304076e-01 1.215318e+00
3.630781e-01 4.581981e-01 5.570262e-01 7.212654e-01 1.215689e+00
3.715352e-01 4.523771e-01 5.501272e-01 7.122394e-01 1.216081e+00
3.801894e-01 4.466264e-01 5.433193e-01 7.033285e-01 1.216496e+00
3.890451e-01 4.409454e-01 5.366015e-01 6.945315e-01 1.216934e+00
3.981072e-01 4.353333e-01 5.299728e-01 6.858471e-01 1.217396e+00
4.073803e-01 4.297894e-01 5.234325e-01 6.772743e-01 1.217881e+00
4.168694e-01 4.243130e-01 5.169795e-01 6.688119e-01 1.218392e+00
4.265795e-01 4.189034e-01 5.106130e-01 6.604587e-01 1.218928e+00
4.365158e-01 4.135597e-01 5.043321e-01 6.522135e-01 1.219491e+00
4.466836e-01 4.082812e-01 4.981361e-01 6.440754e-01 1.220081e+00
4.570882e-01 4.030671e-01 4.920240e-01 6.360430e-01 1.220700e+00
4.677351e-01 3.979165e-01 4.859951e-01 6.281152e-01 1.221349e+00
4.786301e-01 3.928287e-01 4.800485e-01 6.202910e-01 1.222030e+00
4.897788e-01 3.878027e-01 4.741836e-01 6.125692e-01 1.222744e+00
5.011872e-01 3.828377e-01 4.683994e-01 6.049485e-01 1.223493e+00
5.128614e-01 3.779329e-01 4.626952e-01 5.974280e-01 1.224279e+00
5.248075e-01 3.730873e-01 4.570703e-01 5.900063e-01 1.225103e+00
5.370318e-01 3.683001e-01 4.515238e-01 5.826824e-01 1.225967e+00
5.495409e-01 3.635703e-01 4.460551e-01 5.754550e-01 1.226874e+00
5.623413e-01 3.588970e-01 4.406632e-01 5.683231e-01 1.227826e+00
5.754399e-01 3.542793e-01 4.353475e-01 5.612854e-01 1.228825e+00
5.888437e-01 3.497163e-01 4.301071e-01 5.543407e-01 1.229874e+00
6.025596e-01 3.452069e-01 4.249413e-01 5.474878e-01 1.230976e+00
6.165950e-01 3.407504e-01 4.198493e-01 5.407257e-01 1.232132e+00
6.309573e-01 3.363456e-01 4.148303e-01 5.340529e-01 1.233346e+00
6.456542e-01 3.319916e-01 4.098836e-01 5.274685e-01 1.234620e+00
6.606934e-01 3.276876e-01 4.050082e-01 5.209710e-01 1.235958e+00
6.760830e-01 3.234325e-01 4.002034e-01 5.145594e-01 1.237363e+00
6.918310e-01 3.192254e-01 3.954685e-01 5.082324e-01 1.238838e+00
7.079458e-01 3.150653e-01 3.908024e-01 5.019887e-01 1.240385e+00
7.244360e-01 3.109513e-01 3.862045e-01 4.958273e-01 1.242010e+00
7.413102e-01 3.068824e-01 3.816739e-01 4.897467e-01 1.243714e+00
7.585776e-01 3.028578e-01 3.772098e-01 4.837459e-01 1.245501e+00
7.762471e-01 2.988764e-01 3.728112e-01 4.778235e-01 1.247376e+00
7.943282e-01 2.949373e-01 3.684774e-01 4.719784e-01 1.249341e+00
8.128305e-01 2.910397e-01 3.642074e-01 4.662093e-01 1.251401e+00
8.317638e-01 2.871825e-01 3.600004e-01 4.605150e-01 1.253560e+00
8.511380e-01 2.833650e-01 3.558555e-01 4.548943e-01 1.255820e+00
8.709636e-01 2.795861e-01 3.517718e-01 4.493460e-01 1.258187e+00
8.912509e-01 2.758452e-01 3.477484e-01 4.438688e-01 1.260665e+00
9.120108e-01 2.721411e-01 3.437844e-01 4.384615e-01 1.263258e+00
9.332543e-01 2.684732e-01 3.398789e-01 4.331230e-01 1.265969e+00
9.549926e-01 2.648406e-01 3.360309e-01 4.278520e-01 1.268805e+00
9.772372e-01 2.612423e-01 3.322396e-01 4.226473e-01 1.271768e+00
1.000000e+00 2.576777e-01 3.285040e-01 4.175077e-01 1.274864e+00
1.023293e+00 2.541459e-01 3.248232e-01 4.124321e-01 1.278097e+00
1.047129e+00 2.506461e-01 3.211962e-01 4.074193e-01 1.281473e+00
1.071519e+00 2.471775e-01 3.176221e-01 4.024680e-01 1.284996e+00
1.096478e+00 2.437394e-01 3.140999e-01 3.975772e-01 1.288671e+00
1.122018e+00 2.403310e-01 3.106286e-01 3.927456e-01 1.292503e+00
1.148154e+00 2.369516e-01 3.072073e-01 3.879721e-01 1.296498e+00
1.174898e+00 2.336005e-01 3.038350e-01 3.832556e-01 1.300661e+00
1.202264e+00 2.302769e-01 3.005106e-01 3.785949e-01 1.304997e+00
1.230269e+00 2.269803e-01 2.972333e-01 3.739889e-01 1.309511e+00
1.258925e+00 2.237099e-01 2.940021e-01 3.694365e-01 1.314211e+00
1.288250e+00 2.204652e-01 2.908158e-01 3.649366e-01 1.319101e+00
1.318257e+00 2.172454e-01 2.876735e-01 3.604880e-01 1.324187e+00
1.348963e+00 2.140500e-01 2.845742e-01 3.560898e-01 1.329475e+00
1.380384e+00 2.108785e-01 2.815169e-01 3.517407e-01 1.334972e+00
1.412538e+00 2.077302e-01 2.785005e-01 3.474398e-01 1.340684e+00
1.445440e+00 2.046046e-01 2.755241e-01 3.431859e-01 1.346617e+00
1.479108e+00 2.015013e-01 2.725865e-01 3.389782e-01 1.352778e+00
1.513561e+00 1.984198e-01 2.696868e-01 3.348154e-01 1.359173e+00
1.548817e+00 1.953595e-01 2.668238e-01 3.306967e-01 1.365809e+00
1.584893e+00 1.923202e-01 2.639967e-01 3.266210e-01 1.372694e+00
1.621810e+00 1.893013e-01 2.612042e-01 3.225874e-01 1.379834e+00
1.659587e+00 1.863025e-01 2.584455e-01 3.185948e-01 1.387236e+00
1.698244e+00 1.833234e-01 2.557194e-01 3.146425e-01 1.394908e+00
1.737801e+00 1.803639e-01 2.530249e-01 3.107293e-01 1.402858e+00
1.778279e+00 1.774235e-01 2.503609e-01 3.068545e-01 1.411093e+00
1.819701e+00 1.745019e-01 2.477265e-01 3.030171e-01 1.419620e+00
1.862087e+00 1.715991e-01 2.451206e-01 2.992163e-01 1.428449e+00
1.905461e+00 1.687148e-01 2.425422e-01 2.954512e-01 1.437587e+00
1.949845e+00 1.658488e-01 2.399903e-01 2.917210e-01 1.447043e+00
1.995262e+00 1.630010e-01 2.374639e-01 2.880250e-01 1.456825e+00
2.041738e+00 1.601712e-01 2.349619e-01 2.843623e-01 1.466942e+00
2.089296e+00 1.573595e-01 2.324835e-01 2.807322e-01 1.477403e+00
2.137962e+00 1.545658e-01 2.300276e-01 2.771340e-01 1.488218e+00
2.187762e+00 1.517900e-01 2.275932e-01 2.735670e-01 1.499395e+00
2.238721e+00 1.490323e-01 2.251795e-01 2.700304e-01 1.510945e+00
2.290868e+00 1.462925e-01 2.227855e-01 2.665237e-01 1.522877e+00
2.344229e+00 1.435709e-01 2.204103e-01 2.630462e-01 1.535202e+00
2.398833e+00 1.408675e-01 2.180531e-01 2.595974e-01 1.547930e+00
2.454709e+00 1.381825e-01 2.157128e-01 2.561765e-01 1.561072e+00
2.511886e+00 1.355160e-01 2.133888e-01 2.527832e-01 1.574640e+00
2.570396e+00 1.328682e-01 2.110802e-01 2.494169e-01 1.588644e+00
2.630268e+00 1.302393e-01 2.087861e-01 2.460771e-01 1.603096e+00
2.691535e+00 1.276296e-01 2.065059e-01 2.427632e-01 1.618009e+00
2.754229e+00 1.250394e-01 2.042386e-01 2.394750e-01 1.633394e+00
2.818383e+00 1.224689e-01 2.019838e-01 2.362119e-01 1.649265e+00
2.884032e+00 1.199185e-01 1.997405e-01 2.329736e-01 1.665636e+00
2.951209e+00 1.173885e-01 1.975082e-01 2.297597e-01 1.682518e+00
3.019952e+00 1.148792e-01 1.952862e-01 2.265699e-01 1.699927e+00
3.090295e+00 1.123910e-01 1.930739e-01 2.234039e-01 1.717876e+00
3.162278e+00 1.099245e-01 1.908708e-01 2.202613e-01 1.736381e+00
3.235937e+00 1.074798e-01 1.886762e-01 2.171420e-01 1.755457e+00
3.311311e+00 1.050576e-01 1.864898e-01 2.140456e-01 1.775119e+00
3.388442e+00 1.026582e-01 1.843109e-01 2.109720e-01 1.795384e+00
3.467369e+00 1.002821e-01 1.821392e-01 2.079211e-01 1.816267e+00
3.548134e+00 9.792984e-02 1.799742e-01 2.048926e-01 1.837787e+00
3.630781e+00 9.560185e-02 1.778156e-01 2.018864e-01 1.859960e+00
3.715352e+00 9.329864e-02 1.756631e-01 1.989024e-01 1.882804e+00
3.801894e+00 9.102074e-02 1.735163e-01 1.959405e-01 1.906338e+00
3.890451e+00 8.876865e-02 1.713750e-01 1.930007e-01 1.930581e+00
3.981072e+00 8.654289e-02 1.692391e-01 1.900830e-01 1.955551e+00
4.073803e+00 8.434400e-02 1.671082e-01 1.871872e-01 1.981269e+00
4.168694e+00 8.217250e-02 1.649823e-01 1.843136e-01 2.007756e+00
4.265795e+00 8.002892e-02 1.628613e-01 1.814620e-01 2.035031e+00
4.365158e+00 7.791378e-02 1.607452e-01 1.786325e-01 2.063116e+00
4.466836e+00 7.582759e-02 1.586339e-01 1.758253e-01 2.092034e+00
4.570882e+00 7.377087e-02 1.565274e-01 1.730404e-01 2.121805e+00
4.677351e+00 7.174412e-02 1.544259e-01 1.702779e-01 2.152454e+00
4.786301e+00 6.974782e-02 1.523294e-01 1.675381e-01 2.184002e+00
4.897788e+00 6.778245e-02 1.502381e-01 1.648209e-01 2.216475e+00
5.011872e+00 6.584847e-02 1.481522e-01 1.621268e-01 2.249895e+00
5.128614e+00 6.394631e-02 1.460718e-01 1.594557e-01 2.284289e+00
5.248075e+00 6.207640e-02 1.439974e-01 1.568079e-01 2.319680e+00
5.370318e+00 6.023912e-02 1.419291e-01 1.541837e-01 2.356095e+00
5.495409e+00 5.843485e-02 1.398673e-01 1.515833e-01 2.393560e+00
5.623413e+00 5.666391e-02 1.378124e-01 1.490069e-01 2.432102e+00
5.754399e+00 5.492663e-02 1.357648e-01 1.464548e-01 2.471747e+00
5.888437e+00 5.322328e-02 1.337248e-01 1.439272e-01 2.512524e+00
6.025596e+00 5.155411e-02 1.316930e-01 1.414244e-01 2.554461e+00
6.165950e+00 4.991932e-02 1.296697e-01 1.389467e-01 2.597586e+00
6.309573e+00 4.831910e-02 1.276556e-01 1.364943e-01 2.641929e+00
6.456542e+00 4.675357e-02 1.256511e-01 1.340675e-01 2.687519e+00
6.606934e+00 4.522284e-02 1.236568e-01 1.316666e-01 2.734387e+00
6.760830e+00 4.372698e-02 1.216731e-01 1.292919e-01 2.782564e+00
6.918310e+00 4.226599e-02 1.197007e-01 1.269436e-01 2.832081e+00
7.079458e+00 4.083987e-02 1.177401e-01 1.246219e-01 2.882970e+00
7.244360e+00 3.944855e-02 1.157919e-01 1.223272e-01 2.935264e+00
7.413102e+00 3.809194e-02 1.138566e-01 1.200597e-01 2.988996e+00
7.585776e+00 3.676990e-02 1.119349e-01 1.178195e-01 3.044199e+00
7.762471e+00 3.548225e-02 1.100272e-01 1.156070e-01 3.100909e+00
7.943282e+00 3.422880e-02 1.081342e-01 1.134223e-01 3.159160e+00
8.128305e+00 3.300928e-02 1.062564e-01 1.112656e-01 3.218988e+00
8.317638e+00 3.182340e-02 1.043944e-01 1.091372e-01 3.280429e+00
8.511380e+00 3.067087e-02 1.025486e-01 1.070370e-01 3.343520e+00
8.709636e+00 2.955131e-02 1.007197e-01 1.049654e-01 3.408299e+00
8.912509e+00 2.846434e-02 9.890806e-02 1.029224e-01 3.474806e+00
9.120108e+00 2.740956e-02 9.711421e-02 1.009081e-01 3.543078e+00
9.332543e+00 2.638652e-02 9.533863e-02 9.892271e-02 3.613156e+00
9.549926e+00 2.539475e-02 9.358174e-02 9.696616e-02 3.685082e+00
9.772372e+00 2.443377e-02 9.184399e-02 9.503856e-02 3.758896e+00
1.000000e+01 2.350305e-02 9.012576e-02 9.313993e-02 3.834641e+00
