1.000000e-06 7.663740e+01 1.094641e+00 7.664521e+01 1.428338e-02
1.023293e-06 7.663650e+01 1.120123e+00 7.664469e+01 1.461605e-02
1.047129e-06 7.663557e+01 1.146197e+00 7.664414e+01 1.495646e-02
1.071519e-06 7.663458e+01 1.172877e+00 7.664356e+01 1.530479e-02
1.096478e-06 7.663356e+01 1.200177e+00 7.664296e+01 1.566124e-02
1.122018e-06 7.663248e+01 1.228111e+00 7.664232e+01 1.602599e-02
1.148154e-06 7.663136e+01 1.256695e+00 7.664166e+01 1.639923e-02
1.174898e-06 7.663018e+01 1.285943e+00 7.664097e+01 1.678115e-02
1.202264e-06 7.662894e+01 1.315870e+00 7.664024e+01 1.717197e-02
1.230269e-06 7.662765e+01 1.346493e+00 7.663948e+01 1.757189e-02
1.258925e-06 7.662630e+01 1.377827e+00 7.663869e+01 1.798112e-02
1.288250e-06 7.662488e+01 1.409889e+00 7.663785e+01 1.839988e-02
1.318257e-06 7.662340e+01 1.442695e+00 7.663698e+01 1.882839e-02
1.348963e-06 7.662185e+01 1.476263e+00 7.663607e+01 1.926687e-02
1.380384e-06 7.662022e+01 1.510610e+00 7.663511e+01 1.971555e-02
1.412538e-06 7.661852e+01 1.545755e+00 7.663411e+01 2.017469e-02
1.445440e-06 7.661673e+01 1.581715e+00 7.663306e+01 2.064451e-02
1.479108e-06 7.661487e+01 1.618509e+00 7.663196e+01 2.112526e-02
1.513561e-06 7.661291e+01 1.656157e+00 7.663081e+01 2.161721e-02
1.548817e-06 7.661086e+01 1.694678e+00 7.662961e+01 2.212060e-02
1.584893e-06 7.660872e+01 1.734093e+00 7.662834e+01 2.263571e-02
1.621810e-06 7.660648e+01 1.774421e+00 7.662702e+01 2.316281e-02
1.659587e-06 7.660413e+01 1.815685e+00 7.662564e+01 2.370218e-02
1.698244e-06 7.660167e+01 1.857904e+00 7.662419e+01 2.425410e-02
1.737801e-06 7.659909e+01 1.901102e+00 7.662268e+01 2.481886e-02
1.778279e-06 7.659639e+01 1.945300e+00 7.662109e+01 2.539676e-02
1.819701e-06 7.659357e+01 1.990522e+00 7.661943e+01 2.598811e-02
1.862087e-06 7.659061e+01 2.036791e+00 7.661769e+01 2.659321e-02
1.905461e-06 7.658752e+01 2.084130e+00 7.661587e+01 2.721240e-02
1.949845e-06 7.658427e+01 2.132565e+00 7.661396e+01 2.784599e-02
1.995262e-06 7.658088e+01 2.182120e+00 7.661196e+01 2.849432e-02
2.041738e-06 7.657733e+01 2.232821e+00 7.660987e+01 2.915773e-02
2.089296e-06 7.657361e+01 2.284694e+00 7.660768e+01 2.983657e-02
2.137962e-06 7.656971e+01 2.337765e+00 7.660539e+01 3.053120e-02
2.187762e-06 7.656563e+01 2.392062e+00 7.660299e+01 3.124199e-02
2.238721e-06 7.656136e+01 2.447613e+00 7.660048e+01 3.196930e-02
2.290868e-06 7.655689e+01 2.504446e+00 7.659785e+01 3.271353e-02
2.344229e-06 7.655221e+01 2.562590e+00 7.659509e+01 3.347506e-02
2.398833e-06 7.654731e+01 2.622074e+00 7.659221e+01 3.425429e-02
2.454709e-06 7.654218e+01 2.682929e+00 7.658919e+01 3.505164e-02
2.511886e-06 7.653681e+01 2.745186e+00 7.658602e+01 3.586753e-02
2.570396e-06 7.653118e+01 2.808876e+00 7.658271e+01 3.670238e-02
2.630268e-06 7.652530e+01 2.874032e+00 7.657925e+01 3.755663e-02
2.691535e-06 7.651913e+01 2.940686e+00 7.657562e+01 3.843073e-02
2.754229e-06 7.651268e+01 3.008872e+00 7.657182e+01 3.932514e-02
2.818383e-06 7.650592e+01 3.078624e+00 7.656784e+01 4.024033e-02
2.884032e-06 7.649885e+01 3.149977e+00 7.656368e+01 4.117678e-02
2.951209e-06 7.649145e+01 3.222966e+00 7.655932e+01 4.213498e-02
3.019952e-06 7.648370e+01 3.297628e+00 7.655475e+01 4.311544e-02
3.090295e-06 7.647558e+01 3.374000e+00 7.654997e+01 4.411866e-02
3.162278e-06 7.646709e+01 3.452120e+00 7.654497e+01 4.514517e-02
3.235937e-06 7.645820e+01 3.532026e+00 7.653973e+01 4.619552e-02
3.311311e-06 7.644889e+01 3.613757e+00 7.653425e+01 4.727024e-02
3.388442e-06 7.643914e+01 3.697354e+00 7.652851e+01 4.836990e-02
3.467369e-06 7.642894e+01 3.782856e+00 7.652250e+01 4.949507e-02
3.548134e-06 7.641827e+01 3.870306e+00 7.651621e+01 5.064635e-02
3.630781e-06 7.640709e+01 3.959746e+00 7.650963e+01 5.182433e-02
3.715352e-06 7.639539e+01 4.051218e+00 7.650273e+01 5.302962e-02
3.801894e-06 7.638314e+01 4.144767e+00 7.649552e+01 5.426285e-02
3.890451e-06 7.637033e+01 4.240437e+00 7.648796e+01 5.552467e-02
3.981072e-06 7.635691e+01 4.338274e+00 7.648005e+01 5.681573e-02
4.073803e-06 7.634287e+01 4.438322e+00 7.647178e+01 5.813670e-02
4.168694e-06 7.632817e+01 4.540630e+00 7.646311e+01 5.948826e-02
4.265795e-06 7.631279e+01 4.645245e+00 7.645404e+01 6.087112e-02
4.365158e-06 7.629669e+01 4.752215e+00 7.644455e+01 6.228599e-02
4.466836e-06 7.627985e+01 4.861589e+00 7.643461e+01 6.373360e-02
4.570882e-06 7.626221e+01 4.973418e+00 7.642421e+01 6.521470e-02
4.677351e-06 7.624376e+01 5.087751e+00 7.641333e+01 6.673006e-02
4.786301e-06 7.622445e+01 5.204640e+00 7.640193e+01 6.828045e-02
4.897788e-06 7.620424e+01 5.324137e+00 7.639001e+01 6.986667e-02
5.011872e-06 7.618310e+01 5.446294e+00 7.637753e+01 7.148953e-02
5.128614e-06 7.616097e+01 5.571166e+00 7.636447e+01 7.314988e-02
5.248075e-06 7.613782e+01 5.698805e+00 7.635080e+01 7.484855e-02
5.370318e-06 7.611360e+01 5.829268e+00 7.633649e+01 7.658641e-02
5.495409e-06 7.608825e+01 5.962607e+00 7.632152e+01 7.836436e-02
5.623413e-06 7.606174e+01 6.098881e+00 7.630586e+01 8.018330e-02
5.754399e-06 7.603400e+01 6.238144e+00 7.628947e+01 8.204414e-02
5.888437e-06 7.600497e+01 6.380454e+00 7.627232e+01 8.394784e-02
6.025596e-06 7.597461e+01 6.525867e+00 7.625437e+01 8.589537e-02
6.165950e-06 7.594285e+01 6.674442e+00 7.623559e+01 8.788769e-02
6.309573e-06 7.590963e+01 6.826236e+00 7.621594e+01 8.992582e-02
6.456542e-06 7.587489e+01 6.981307e+00 7.619539e+01 9.201077e-02
6.606934e-06 7.583854e+01 7.139714e+00 7.617388e+01 9.414361e-02
6.760830e-06 7.580053e+01 7.301516e+00 7.615138e+01 9.632538e-02
6.918310e-06 7.576079e+01 7.466770e+00 7.612785e+01 9.855719e-02
7.079458e-06 7.571922e+01 7.635536e+00 7.610323e+01 1.008401e-01
7.244360e-06 7.567575e+01 7.807871e+00 7.607748e+01 1.031753e-01
7.413102e-06 7.563031e+01 7.983835e+00 7.605054e+01 1.055640e-01
7.585776e-06 7.558279e+01 8.163485e+00 7.602237e+01 1.080072e-01
7.762471e-06 7.553312e+01 8.346879e+00 7.599291e+01 1.105062e-01
7.943282e-06 7.548119e+01 8.534073e+00 7.596210e+01 1.130623e-01
8.128305e-06 7.542690e+01 8.725124e+00 7.592987e+01 1.156765e-01
8.317638e-06 7.537017e+01 8.920087e+00 7.589618e+01 1.183504e-01
8.511380e-06 7.531087e+01 9.119018e+00 7.586095e+01 1.210850e-01
8.709636e-06 7.524891e+01 9.321968e+00 7.582412e+01 1.238818e-01
8.912509e-06 7.518416e+01 9.528991e+00 7.578562e+01 1.267420e-01
9.120108e-06 7.511651e+01 9.740136e+00 7.574536e+01 1.296670e-01
9.332543e-06 7.504583e+01 9.955452e+00 7.570329e+01 1.326583e-01
9.549926e-06 7.497200e+01 1.017499e+01 7.565931e+01 1.357172e-01
9.772372e-06 7.489488e+01 1.039879e+01 7.561335e+01 1.388451e-01
1.000000e-05 7.481434e+01 1.062689e+01 7.556532e+01 1.420435e-01
1.023293e-05 7.473024e+01 1.085934e+01 7.551513e+01 1.453138e-01
1.047129e-05 7.464243e+01 1.109617e+01 7.546269e+01 1.486577e-01
1.071519e-05 7.455075e+01 1.133742e+01 7.540790e+01 1.520765e-01
1.096478e-05 7.445506e+01 1.158311e+01 7.535067e+01 1.555718e-01
1.122018e-05 7.435518e+01 1.183328e+01 7.529090e+01 1.591453e-01
1.148154e-05 7.425096e+01 1.208794e+01 7.522847e+01 1.627984e-01
1.174898e-05 7.414221e+01 1.234711e+01 7.516328e+01 1.665328e-01
1.202264e-05 7.402877e+01 1.261081e+01 7.509521e+01 1.703501e-01
1.230269e-05 7.391044e+01 1.287904e+01 7.502415e+01 1.742520e-01
1.258925e-05 7.378705e+01 1.315181e+01 7.494998e+01 1.782401e-01
1.288250e-05 7.365839e+01 1.342911e+01 7.487256e+01 1.823161e-01
1.318257e-05 7.352427e+01 1.371093e+01 7.479177e+01 1.864817e-01
1.348963e-05 7.338449e+01 1.399726e+01 7.470747e+01 1.907386e-01
1.380384e-05 7.323883e+01 1.428806e+01 7.461953e+01 1.950886e-01
1.412538e-05 7.308708e+01 1.458331e+01 7.452781e+01 1.995333e-01
1.445440e-05 7.292902e+01 1.488296e+01 7.443215e+01 2.040746e-01
1.479108e-05 7.276443e+01 1.518697e+01 7.433241e+01 2.087142e-01
1.513561e-05 7.259309e+01 1.549528e+01 7.422843e+01 2.134539e-01
1.548817e-05 7.241475e+01 1.580781e+01 7.412006e+01 2.182954e-01
1.584893e-05 7.222919e+01 1.612449e+01 7.400713e+01 2.232406e-01
1.621810e-05 7.203616e+01 1.644522e+01 7.388947e+01 2.282912e-01
1.659587e-05 7.183543e+01 1.676991e+01 7.376692e+01 2.334490e-01
1.698244e-05 7.162674e+01 1.709843e+01 7.363929e+01 2.387158e-01
1.737801e-05 7.140985e+01 1.743067e+01 7.350642e+01 2.440933e-01
1.778279e-05 7.118450e+01 1.776647e+01 7.336812e+01 2.495834e-01
1.819701e-05 7.095046e+01 1.810568e+01 7.322420e+01 2.551877e-01
1.862087e-05 7.070747e+01 1.844814e+01 7.307448e+01 2.609080e-01
1.905461e-05 7.045527e+01 1.879366e+01 7.291877e+01 2.667460e-01
1.949845e-05 7.019361e+01 1.914204e+01 7.275686e+01 2.727035e-01
1.995262e-05 6.992226e+01 1.949307e+01 7.258858e+01 2.787820e-01
2.041738e-05 6.964096e+01 1.984650e+01 7.241372e+01 2.849832e-01
2.089296e-05 6.934946e+01 2.020210e+01 7.223207e+01 2.913086e-01
2.137962e-05 6.904754e+01 2.055959e+01 7.204345e+01 2.977599e-01
2.187762e-05 6.873496e+01 2.091869e+01 7.184766e+01 3.043384e-01
2.238721e-05 6.841148e+01 2.127910e+01 7.164448e+01 3.110457e-01
2.290868e-05 6.807691e+01 2.164050e+01 7.143372e+01 3.178831e-01
2.344229e-05 6.773102e+01 2.200254e+01 7.121519e+01 3.248518e-01
2.398833e-05 6.737362e+01 2.236489e+01 7.098868e+01 3.319532e-01
2.454709e-05 6.700452e+01 2.272715e+01 7.075400e+01 3.391883e-01
2.511886e-05 6.662354e+01 2.308893e+01 7.051096e+01 3.465582e-01
2.570396e-05 6.623054e+01 2.344983e+01 7.025937e+01 3.540638e-01
2.630268e-05 6.582535e+01 2.380942e+01 6.999904e+01 3.617059e-01
2.691535e-05 6.540787e+01 2.416724e+01 6.972981e+01 3.694852e-01
2.754229e-05 6.497799e+01 2.452285e+01 6.945149e+01 3.774024e-01
2.818383e-05 6.453561e+01 2.487575e+01 6.916392e+01 3.854578e-01
2.884032e-05 6.408067e+01 2.522546e+01 6.886695e+01 3.936517e-01
2.951209e-05 6.361314e+01 2.557148e+01 6.856043e+01 4.019842e-01
3.019952e-05 6.313300e+01 2.591327e+01 6.824421e+01 4.104552e-01
3.090295e-05 6.264025e+01 2.625031e+01 6.791819e+01 4.190646e-01
3.162278e-05 6.213495e+01 2.658206e+01 6.758223e+01 4.278118e-01
3.235937e-05 6.161715e+01 2.690797e+01 6.723624e+01 4.366961e-01
3.311311e-05 6.108696e+01 2.722748e+01 6.688014e+01 4.457167e-01
3.388442e-05 6.054451e+01 2.754002e+01 6.651384e+01 4.548724e-01
3.467369e-05 5.998996e+01 2.784505e+01 6.613729e+01 4.641618e-01
3.548134e-05 5.942350e+01 2.814197e+01 6.575046e+01 4.735833e-01
3.630781e-05 5.884536e+01 2.843025e+01 6.535332e+01 4.831348e-01
3.715352e-05 5.825582e+01 2.870930e+01 6.494586e+01 4.928143e-01
3.801894e-05 5.765516e+01 2.897858e+01 6.452810e+01 5.026190e-01
3.890451e-05 5.704373e+01 2.923755e+01 6.410009e+01 5.125462e-01
3.981072e-05 5.642189e+01 2.948566e+01 6.366187e+01 5.225925e-01
4.073803e-05 5.579005e+01 2.972239e+01 6.321353e+01 5.327544e-01
4.168694e-05 5.514863e+01 2.994725e+01 6.275516e+01 5.430279e-01
4.265795e-05 5.449813e+01 3.015974e+01 6.228688e+01 5.534087e-01
4.365158e-05 5.383903e+01 3.035940e+01 6.180885e+01 5.638921e-01
4.466836e-05 5.317187e+01 3.054580e+01 6.132124e+01 5.744728e-01
4.570882e-05 5.249723e+01 3.071851e+01 6.082422e+01 5.851454e-01
4.677351e-05 5.181568e+01 3.087716e+01 6.031802e+01 5.959038e-01
4.786301e-05 5.112785e+01 3.102140e+01 5.980288e+01 6.067416e-01
4.897788e-05 5.043438e+01 3.115090e+01 5.927905e+01 6.176520e-01
5.011872e-05 4.973594e+01 3.126538e+01 5.874681e+01 6.286274e-01
5.128614e-05 4.903321e+01 3.136460e+01 5.820648e+01 6.396603e-01
5.248075e-05 4.832689e+01 3.144835e+01 5.765836e+01 6.507422e-01
5.370318e-05 4.761769e+01 3.151646e+01 5.710281e+01 6.618645e-01
5.495409e-05 4.690633e+01 3.156881e+01 5.654019e+01 6.730180e-01
5.623413e-05 4.619355e+01 3.160531e+01 5.597089e+01 6.841931e-01
5.754399e-05 4.548009e+01 3.162593e+01 5.539529e+01 6.953796e-01
5.888437e-05 4.476668e+01 3.163066e+01 5.481381e+01 7.065670e-01
6.025596e-05 4.405405e+01 3.161955e+01 5.422689e+01 7.177444e-01
6.165950e-05 4.334295e+01 3.159269e+01 5.363496e+01 7.289003e-01
6.309573e-05 4.263408e+01 3.155020e+01 5.303848e+01 7.400230e-01
6.456542e-05 4.192817e+01 3.149226e+01 5.243791e+01 7.511003e-01
6.606934e-05 4.122590e+01 3.141908e+01 5.183371e+01 7.621198e-01
6.760830e-05 4.052797e+01 3.133090e+01 5.122638e+01 7.730686e-01
6.918310e-05 3.983502e+01 3.122801e+01 5.061638e+01 7.839336e-01
7.079458e-05 3.914771e+01 3.111074e+01 5.000421e+01 7.947016e-01
7.244360e-05 3.846663e+01 3.097944e+01 4.939036e+01 8.053588e-01
7.413102e-05 3.779238e+01 3.083449e+01 4.877530e+01 8.158916e-01
7.585776e-05 3.712553e+01 3.067631e+01 4.815953e+01 8.262861e-01
7.762471e-05 3.646659e+01 3.050533e+01 4.754353e+01 8.365284e-01
7.943282e-05 3.581606e+01 3.032204e+01 4.692777e+01 8.466045e-01
8.128305e-05 3.517441e+01 3.012690e+01 4.631273e+01 8.565006e-01
8.317638e-05 3.454206e+01 2.992043e+01 4.569887e+01 8.662028e-01
8.511380e-05 3.391942e+01 2.970315e+01 4.508663e+01 8.756974e-01
8.709636e-05 3.330685e+01 2.947559e+01 4.447647e+01 8.849709e-01
8.912509e-05 3.270466e+01 2.923830e+01 4.386881e+01 8.940102e-01
9.120108e-05 3.211315e+01 2.899183e+01 4.326408e+01 9.028024e-01
9.332543e-05 3.153257e+01 2.873673e+01 4.266266e+01 9.113350e-01
9.549926e-05 3.096314e+01 2.847358e+01 4.206496e+01 9.195960e-01
9.772372e-05 3.040505e+01 2.820293e+01 4.147134e+01 9.275738e-01
1.000000e-04 2.985844e+01 2.792533e+01 4.088216e+01 9.352576e-01
1.023293e-04 2.932345e+01 2.764136e+01 4.029776e+01 9.426368e-01
1.047129e-04 2.880014e+01 2.735155e+01 3.971846e+01 9.497020e-01
1.071519e-04 2.828859e+01 2.705646e+01 3.914455e+01 9.564442e-01
1.096478e-04 2.778881e+01 2.675660e+01 3.857634e+01 9.628551e-01
1.122018e-04 2.730082e+01 2.645251e+01 3.801407e+01 9.689275e-01
1.148154e-04 2.682457e+01 2.614469e+01 3.745801e+01 9.746547e-01
1.174898e-04 2.636002e+01 2.583364e+01 3.690837e+01 9.800311e-01
1.202264e-04 2.590709e+01 2.551983e+01 3.636536e+01 9.850520e-01
1.230269e-04 2.546570e+01 2.520374e+01 3.582918e+01 9.897133e-01
1.258925e-04 2.503571e+01 2.488580e+01 3.529999e+01 9.940122e-01
1.288250e-04 2.461699e+01 2.456644e+01 3.477796e+01 9.979465e-01
1.318257e-04 2.420940e+01 2.424608e+01 3.426321e+01 1.001515e+00
1.348963e-04 2.381276e+01 2.392510e+01 3.375586e+01 1.004718e+00
1.380384e-04 2.342689e+01 2.360389e+01 3.325602e+01 1.007555e+00
1.412538e-04 2.305160e+01 2.328278e+01 3.276376e+01 1.010029e+00
1.445440e-04 2.268668e+01 2.296212e+01 3.227916e+01 1.012141e+00
1.479108e-04 2.233192e+01 2.264221e+01 3.180227e+01 1.013894e+00
1.513561e-04 2.198710e+01 2.232336e+01 3.133313e+01 1.015293e+00
1.548817e-04 2.165199e+01 2.200584e+01 3.087176e+01 1.016342e+00
1.584893e-04 2.132636e+01 2.168990e+01 3.041817e+01 1.017047e+00
1.621810e-04 2.100996e+01 2.137579e+01 2.997237e+01 1.017412e+00
1.659587e-04 2.070256e+01 2.106372e+01 2.953432e+01 1.017445e+00
1.698244e-04 2.040392e+01 2.075390e+01 2.910402e+01 1.017153e+00
1.737801e-04 2.011379e+01 2.044651e+01 2.868143e+01 1.016542e+00
1.778279e-04 1.983193e+01 2.014173e+01 2.826650e+01 1.015621e+00
1.819701e-04 1.955810e+01 1.983970e+01 2.785917e+01 1.014398e+00
1.862087e-04 1.929207e+01 1.954057e+01 2.745938e+01 1.012881e+00
1.905461e-04 1.903359e+01 1.924445e+01 2.706707e+01 1.011079e+00
1.949845e-04 1.878243e+01 1.895147e+01 2.668216e+01 1.009000e+00
1.995262e-04 1.853836e+01 1.866171e+01 2.630457e+01 1.006653e+00
2.041738e-04 1.830116e+01 1.837526e+01 2.593420e+01 1.004049e+00
2.089296e-04 1.807062e+01 1.809219e+01 2.557097e+01 1.001194e+00
2.137962e-04 1.784650e+01 1.781257e+01 2.521478e+01 9.980989e-01
2.187762e-04 1.762861e+01 1.753645e+01 2.486554e+01 9.947722e-01
2.238721e-04 1.741675e+01 1.726388e+01 2.452314e+01 9.912228e-01
2.290868e-04 1.721071e+01 1.699488e+01 2.418748e+01 9.874594e-01
2.344229e-04 1.701031e+01 1.672948e+01 2.385846e+01 9.834906e-01
2.398833e-04 1.681537e+01 1.646771e+01 2.353597e+01 9.793249e-01
2.454709e-04 1.662570e+01 1.620957e+01 2.321991e+01 9.749706e-01
2.511886e-04 1.644114e+01 1.595508e+01 2.291016e+01 9.704360e-01
2.570396e-04 1.626153e+01 1.570423e+01 2.260664e+01 9.657289e-01
2.630268e-04 1.608671e+01 1.545703e+01 2.230923e+01 9.608572e-01
2.691535e-04 1.591652e+01 1.521346e+01 2.201784e+01 9.558285e-01
2.754229e-04 1.575083e+01 1.497353e+01 2.173235e+01 9.506502e-01
2.818383e-04 1.558949e+01 1.473721e+01 2.145268e+01 9.453295e-01
2.884032e-04 1.543238e+01 1.450448e+01 2.117872e+01 9.398737e-01
2.951209e-04 1.527936e+01 1.427535e+01 2.091039e+01 9.342897e-01
3.019952e-04 1.513032e+01 1.404978e+01 2.064758e+01 9.285844e-01
3.090295e-04 1.498513e+01 1.382775e+01 2.039021e+01 9.227645e-01
3.162278e-04 1.484370e+01 1.360925e+01 2.013820e+01 9.168366e-01
3.235937e-04 1.470590e+01 1.339425e+01 1.989144e+01 9.108075e-01
3.311311e-04 1.457165e+01 1.318273e+01 1.964987e+01 9.046835e-01
3.388442e-04 1.444083e+01 1.297467e+01 1.941339e+01 8.984713e-01
3.467369e-04 1.431336e+01 1.277005e+01 1.918193e+01 8.921772e-01
3.548134e-04 1.418914e+01 1.256885e+01 1.895541e+01 8.858078e-01
3.630781e-04 1.406809e+01 1.237105e+01 1.873376e+01 8.793694e-01
3.715352e-04 1.395011e+01 1.217662e+01 1.851690e+01 8.728687e-01
3.801894e-04 1.383513e+01 1.198554e+01 1.830476e+01 8.663121e-01
3.890451e-04 1.372307e+01 1.179781e+01 1.809726e+01 8.597062e-01
3.981072e-04 1.361384e+01 1.161339e+01 1.789434e+01 8.530576e-01
4.073803e-04 1.350736e+01 1.143227e+01 1.769592e+01 8.463729e-01
4.168694e-04 1.340357e+01 1.125443e+01 1.750194e+01 8.396590e-01
4.265795e-04 1.330239e+01 1.107986e+01 1.731233e+01 8.329224e-01
4.365158e-04 1.320374e+01 1.090853e+01 1.712702e+01 8.261702e-01
4.466836e-04 1.310755e+01 1.074044e+01 1.694594e+01 8.194091e-01
4.570882e-04 1.301375e+01 1.057557e+01 1.676902e+01 8.126460e-01
4.677351e-04 1.292226e+01 1.041389e+01 1.659620e+01 8.058879e-01
4.786301e-04 1.283302e+01 1.025540e+01 1.642741e+01 7.991417e-01
4.897788e-04 1.274596e+01 1.010008e+01 1.626257e+01 7.924145e-01
5.011872e-04 1.266100e+01 9.947913e+00 1.610161e+01 7.857131e-01
5.128614e-04 1.257808e+01 9.798883e+00 1.594447e+01 7.790446e-01
5.248075e-04 1.249712e+01 9.652974e+00 1.579107e+01 7.724158e-01
5.370318e-04 1.241806e+01 9.510169e+00 1.564134e+01 7.658337e-01
5.495409e-04 1.234083e+01 9.370452e+00 1.549521e+01 7.593050e-01
5.623413e-04 1.226535e+01 9.233805e+00 1.535259e+01 7.528365e-01
5.754399e-04 1.219157e+01 9.100209e+00 1.521342e+01 7.464348e-01
5.888437e-04 1.211940e+01 8.969645e+00 1.507761e+01 7.401064e-01
6.025596e-04 1.204878e+01 8.842093e+00 1.494509e+01 7.338577e-01
6.165950e-04 1.197965e+01 8.717532e+00 1.481578e+01 7.276950e-01
6.309573e-04 1.191193e+01 8.595939e+00 1.468960e+01 7.216243e-01
6.456542e-04 1.184556e+01 8.477291e+00 1.456646e+01 7.156516e-01
6.606934e-04 1.178046e+01 8.361564e+00 1.444628e+01 7.097825e-01
6.760830e-04 1.171658e+01 8.248733e+00 1.432898e+01 7.040225e-01
6.918310e-04 1.165383e+01 8.138770e+00 1.421448e+01 6.983771e-01
7.079458e-04 1.159217e+01 8.031648e+00 1.410269e+01 6.928511e-01
7.244360e-04 1.153152e+01 7.927337e+00 1.399352e+01 6.874496e-01
7.413102e-04 1.147181e+01 7.825806e+00 1.388689e+01 6.821770e-01
7.585776e-04 1.141299e+01 7.727024e+00 1.378271e+01 6.770377e-01
7.762471e-04 1.135498e+01 7.630956e+00 1.368090e+01 6.720359e-01
7.943282e-04 1.129773e+01 7.537569e+00 1.358138e+01 6.671753e-01
8.128305e-04 1.124118e+01 7.446827e+00 1.348404e+01 6.624596e-01
8.317638e-04 1.118526e+01 7.358691e+00 1.338881e+01 6.578920e-01
8.511380e-04 1.112991e+01 7.273124e+00 1.329561e+01 6.534755e-01
8.709636e-04 1.107508e+01 7.190086e+00 1.320434e+01 6.492131e-01
8.912509e-04 1.102070e+01 7.109535e+00 1.311493e+01 6.451071e-01
9.120108e-04 1.096673e+01 7.031429e+00 1.302729e+01 6.411600e-01
9.332543e-04 1.091311e+01 6.955725e+00 1.294133e+01 6.373735e-01
9.549926e-04 1.085978e+01 6.882379e+00 1.285698e+01 6.337496e-01
9.772372e-04 1.080669e+01 6.811344e+00 1.277415e+01 6.302896e-01
1.000000e-03 1.075379e+01 6.742575e+00 1.269277e+01 6.269950e-01
1.023293e-03 1.070104e+01 6.676023e+00 1.261275e+01 6.238666e-01
1.047129e-03 1.064839e+01 6.611640e+00 1.253403e+01 6.209053e-01
1.071519e-03 1.059578e+01 6.549378e+00 1.245652e+01 6.181117e-01
1.096478e-03 1.054319e+01 6.489185e+00 1.238016e+01 6.154861e-01
1.122018e-03 1.049056e+01 6.431012e+00 1.230486e+01 6.130288e-01
1.148154e-03 1.043785e+01 6.374808e+00 1.223057e+01 6.107395e-01
1.174898e-03 1.038503e+01 6.320520e+00 1.215721e+01 6.086183e-01
1.202264e-03 1.033206e+01 6.268096e+00 1.208472e+01 6.066646e-01
1.230269e-03 1.027891e+01 6.217483e+00 1.201304e+01 6.048779e-01
1.258925e-03 1.022553e+01 6.168630e+00 1.194209e+01 6.032574e-01
1.288250e-03 1.017191e+01 6.121482e+00 1.187183e+01 6.018025e-01
1.318257e-03 1.011801e+01 6.075985e+00 1.180219e+01 6.005119e-01
1.348963e-03 1.006380e+01 6.032087e+00 1.173312e+01 5.993847e-01
1.380384e-03 1.000926e+01 5.989734e+00 1.166457e+01 5.984196e-01
1.412538e-03 9.954353e+00 5.948873e+00 1.159647e+01 5.976152e-01
1.445440e-03 9.899070e+00 5.909449e+00 1.152880e+01 5.969701e-01
1.479108e-03 9.843384e+00 5.871409e+00 1.146149e+01 5.964828e-01
1.513561e-03 9.787277e+00 5.834701e+00 1.139450e+01 5.961516e-01
1.548817e-03 9.730730e+00 5.799270e+00 1.132778e+01 5.959748e-01
1.584893e-03 9.673728e+00 5.765065e+00 1.126130e+01 5.959508e-01
1.621810e-03 9.616255e+00 5.732033e+00 1.119502e+01 5.960776e-01
1.659587e-03 9.558298e+00 5.700122e+00 1.112890e+01 5.963533e-01
1.698244e-03 9.499846e+00 5.669280e+00 1.106290e+01 5.967760e-01
1.737801e-03 9.440888e+00 5.639456e+00 1.099699e+01 5.973438e-01
1.778279e-03 9.381416e+00 5.610599e+00 1.093114e+01 5.980546e-01
1.819701e-03 9.321422e+00 5.582658e+00 1.086531e+01 5.989062e-01
1.862087e-03 9.260900e+00 5.555583e+00 1.079948e+01 5.998966e-01
1.905461e-03 9.199846e+00 5.529325e+00 1.073362e+01 6.010237e-01
1.949845e-03 9.138255e+00 5.503835e+00 1.066770e+01 6.022851e-01
1.995262e-03 9.076127e+00 5.479064e+00 1.060171e+01 6.036786e-01
2.041738e-03 9.013459e+00 5.454964e+00 1.053561e+01 6.052020e-01
2.089296e-03 8.950253e+00 5.431487e+00 1.046939e+01 6.068529e-01
2.137962e-03 8.886511e+00 5.408587e+00 1.040302e+01 6.086289e-01
2.187762e-03 8.822235e+00 5.386217e+00 1.033650e+01 6.105276e-01
2.238721e-03 8.757429e+00 5.364331e+00 1.026979e+01 6.125464e-01
2.290868e-03 8.692099e+00 5.342884e+00 1.020289e+01 6.146828e-01
2.344229e-03 8.626252e+00 5.321830e+00 1.013578e+01 6.169342e-01
2.398833e-03 8.559896e+00 5.301126e+00 1.006845e+01 6.192979e-01
2.454709e-03 8.493041e+00 5.280728e+00 1.000089e+01 6.217712e-01
2.511886e-03 8.425696e+00 5.260593e+00 9.933085e+00 6.243512e-01
2.570396e-03 8.357873e+00 5.240678e+00 9.865027e+00 6.270349e-01
2.630268e-03 8.289587e+00 5.220943e+00 9.796709e+00 6.298194e-01
2.691535e-03 8.220851e+00 5.201346e+00 9.728124e+00 6.327016e-01
2.754229e-03 8.151682e+00 5.181847e+00 9.659268e+00 6.356782e-01
2.818383e-03 8.082096e+00 5.162407e+00 9.590137e+00 6.387461e-01
2.884032e-03 8.012112e+00 5.142988e+00 9.520729e+00 6.419017e-01
2.951209e-03 7.941751e+00 5.123553e+00 9.451042e+00 6.451415e-01
3.019952e-03 7.871032e+00 5.104065e+00 9.381078e+00 6.484620e-01
3.090295e-03 7.799980e+00 5.084490e+00 9.310839e+00 6.518593e-01
3.162278e-03 7.728617e+00 5.064793e+00 9.240327e+00 6.553298e-01
3.235937e-03 7.656969e+00 5.044942e+00 9.169548e+00 6.588693e-01
3.311311e-03 7.585062e+00 5.024905e+00 9.098508e+00 6.624738e-01
3.388442e-03 7.512924e+00 5.004654e+00 9.027214e+00 6.661392e-01
3.467369e-03 7.440584e+00 4.984159e+00 8.955676e+00 6.698612e-01
3.548134e-03 7.368071e+00 4.963394e+00 8.883904e+00 6.736354e-01
3.630781e-03 7.295417e+00 4.942334e+00 8.811911e+00 6.774573e-01
3.715352e-03 7.222654e+00 4.920956e+00 8.739710e+00 6.813224e-01
3.801894e-03 7.149813e+00 4.899238e+00 8.667316e+00 6.852260e-01
3.890451e-03 7.076930e+00 4.877161e+00 8.594745e+00 6.891634e-01
3.981072e-03 7.004038e+00 4.854708e+00 8.522015e+00 6.931300e-01
4.073803e-03 6.931172e+00 4.831864e+00 8.449145e+00 6.971208e-01
4.168694e-03 6.858367e+00 4.808615e+00 8.376155e+00 7.011312e-01
4.265795e-03 6.785659e+00 4.784949e+00 8.303066e+00 7.051562e-01
4.365158e-03 6.713085e+00 4.760859e+00 8.229902e+00 7.091911e-01
4.466836e-03 6.640679e+00 4.736338e+00 8.156685e+00 7.132310e-01
4.570882e-03 6.568478e+00 4.711381e+00 8.083441e+00 7.172713e-01
4.677351e-03 6.496518e+00 4.685985e+00 8.010194e+00 7.213072e-01
4.786301e-03 6.424834e+00 4.660152e+00 7.936971e+00 7.253342e-01
4.897788e-03 6.353461e+00 4.633883e+00 7.863799e+00 7.293478e-01
5.011872e-03 6.282433e+00 4.607182e+00 7.790705e+00 7.333436e-01
5.128614e-03 6.211783e+00 4.580056e+00 7.717717e+00 7.373176e-01
5.248075e-03 6.141543e+00 4.552515e+00 7.644864e+00 7.412655e-01
5.370318e-03 6.071746e+00 4.524567e+00 7.572173e+00 7.451838e-01
5.495409e-03 6.002422e+00 4.496226e+00 7.499674e+00 7.490687e-01
5.623413e-03 5.933598e+00 4.467506e+00 7.427395e+00 7.529170e-01
5.754399e-03 5.865303e+00 4.438424e+00 7.355364e+00 7.567255e-01
5.888437e-03 5.797561e+00 4.408996e+00 7.283609e+00 7.604914e-01
6.025596e-03 5.730398e+00 4.379242e+00 7.212158e+00 7.642124e-01
6.165950e-03 5.663836e+00 4.349181e+00 7.141037e+00 7.678862e-01
6.309573e-03 5.597895e+00 4.318837e+00 7.070274e+00 7.715109e-01
6.456542e-03 5.532593e+00 4.288230e+00 6.999893e+00 7.750851e-01
6.606934e-03 5.467947e+00 4.257386e+00 6.929919e+00 7.786077e-01
6.760830e-03 5.403972e+00 4.226327e+00 6.860376e+00 7.820779e-01
6.918310e-03 5.340681e+00 4.195079e+00 6.791286e+00 7.854952e-01
7.079458e-03 5.278083e+00 4.163667e+00 6.722670e+00 7.888597e-01
7.244360e-03 5.216188e+00 4.132117e+00 6.654548e+00 7.921718e-01
7.413102e-03 5.155002e+00 4.100454e+00 6.586939e+00 7.954320e-01
7.585776e-03 5.094529e+00 4.068703e+00 6.519859e+00 7.986416e-01
7.762471e-03 5.034772e+00 4.036890e+00 6.453325e+00 8.018020e-01
7.943282e-03 4.975731e+00 4.005041e+00 6.387350e+00 8.049150e-01
8.128305e-03 4.917405e+00 3.973178e+00 6.321947e+00 8.079828e-01
8.317638e-03 4.859791e+00 3.941328e+00 6.257126e+00 8.110077e-01
8.511380e-03 4.802884e+00 3.909512e+00 6.192897e+00 8.139925e-01
8.709636e-03 4.746678e+00 3.877752e+00 6.129267e+00 8.169403e-01
8.912509e-03 4.691164e+00 3.846071e+00 6.066242e+00 8.198544e-01
9.120108e-03 4.636334e+00 3.814489e+00 6.003825e+00 8.227383e-01
9.332543e-03 4.582176e+00 3.783025e+00 5.942021e+00 8.255957e-01
9.549926e-03 4.528678e+00 3.751696e+00 5.880829e+00 8.284306e-01
9.772372e-03 4.475829e+00 3.720519e+00 5.820249e+00 8.312469e-01
1.000000e-02 4.423612e+00 3.689510e+00 5.760280e+00 8.340490e-01
1.023293e-02 4.372015e+00 3.658682e+00 5.700918e+00 8.368411e-01
1.047129e-02 4.321021e+00 3.628048e+00 5.642159e+00 8.396274e-01
1.071519e-02 4.270614e+00 3.597618e+00 5.583995e+00 8.424124e-01
1.096478e-02 4.220778e+00 3.567403e+00 5.526421e+00 8.452004e-01
1.122018e-02 4.171496e+00 3.537410e+00 5.469428e+00 8.479957e-01
1.148154e-02 4.122750e+00 3.507646e+00 5.413007e+00 8.508025e-01
1.174898e-02 4.074525e+00 3.478116e+00 5.357148e+00 8.536249e-01
1.202264e-02 4.026802e+00 3.448823e+00 5.301840e+00 8.564670e-01
1.230269e-02 3.979564e+00 3.419769e+00 5.247071e+00 8.593326e-01
1.258925e-02 3.932796e+00 3.390956e+00 5.192829e+00 8.622253e-01
1.288250e-02 3.886481e+00 3.362384e+00 5.139101e+00 8.651486e-01
1.318257e-02 3.840603e+00 3.334050e+00 5.085875e+00 8.681057e-01
1.348963e-02 3.795147e+00 3.305951e+00 5.033136e+00 8.710995e-01
1.380384e-02 3.750099e+00 3.278085e+00 4.980871e+00 8.741328e-01
1.412538e-02 3.705444e+00 3.250445e+00 4.929068e+00 8.772079e-01
1.445440e-02 3.661170e+00 3.223026e+00 4.877711e+00 8.803268e-01
1.479108e-02 3.617264e+00 3.195822e+00 4.826788e+00 8.834913e-01
1.513561e-02 3.573716e+00 3.168824e+00 4.776285e+00 8.867029e-01
1.548817e-02 3.530515e+00 3.142026e+00 4.726189e+00 8.899625e-01
1.584893e-02 3.487651e+00 3.115417e+00 4.676488e+00 8.932710e-01
1.621810e-02 3.445117e+00 3.088990e+00 4.627169e+00 8.966286e-01
1.659587e-02 3.402905e+00 3.062735e+00 4.578221e+00 9.000354e-01
1.698244e-02 3.361009e+00 3.036641e+00 4.529632e+00 9.034909e-01
1.737801e-02 3.319423e+00 3.010699e+00 4.481393e+00 9.069947e-01
1.778279e-02 3.278145e+00 2.984900e+00 4.433493e+00 9.105455e-01
1.819701e-02 3.237169e+00 2.959232e+00 4.385923e+00 9.141420e-01
1.862087e-02 3.196495e+00 2.933687e+00 4.338675e+00 9.177824e-01
1.905461e-02 3.156121e+00 2.908255e+00 4.291742e+00 9.214649e-01
1.949845e-02 3.116047e+00 2.882926e+00 4.245117e+00 9.251870e-01
1.995262e-02 3.076273e+00 2.857692e+00 4.198793e+00 9.289461e-01
2.041738e-02 3.036801e+00 2.832544e+00 4.152766e+00 9.327393e-01
2.089296e-02 2.997632e+00 2.807473e+00 4.107031e+00 9.365635e-01
2.137962e-02 2.958770e+00 2.782473e+00 4.061586e+00 9.404154e-01
2.187762e-02 2.920218e+00 2.757536e+00 4.016426e+00 9.442912e-01
2.238721e-02 2.881979e+00 2.732656e+00 3.971551e+00 9.481874e-01
2.290868e-02 2.844059e+00 2.707828e+00 3.926958e+00 9.520998e-01
2.344229e-02 2.806461e+00 2.683045e+00 3.882648e+00 9.560244e-01
2.398833e-02 2.769191e+00 2.658305e+00 3.838620e+00 9.599571e-01
2.454709e-02 2.732255e+00 2.633603e+00 3.794876e+00 9.638934e-01
2.511886e-02 2.695659e+00 2.608937e+00 3.751417e+00 9.678291e-01
2.570396e-02 2.659406e+00 2.584304e+00 3.708243e+00 9.717596e-01
2.630268e-02 2.623505e+00 2.559703e+00 3.665359e+00 9.756805e-01
2.691535e-02 2.587960e+00 2.535133e+00 3.622766e+00 9.795873e-01
2.754229e-02 2.552777e+00 2.510594e+00 3.580468e+00 9.834756e-01
2.818383e-02 2.517962e+00 2.486086e+00 3.538468e+00 9.873408e-01
2.884032e-02 2.483520e+00 2.461612e+00 3.496770e+00 9.911787e-01
2.951209e-02 2.449456e+00 2.437172e+00 3.455378e+00 9.949850e-01
3.019952e-02 2.415775e+00 2.412768e+00 3.414297e+00 9.987553e-01
3.090295e-02 2.382483e+00 2.388405e+00 3.373529e+00 1.002486e+00
3.162278e-02 2.349582e+00 2.364084e+00 3.333081e+00 1.006172e+00
3.235937e-02 2.317078e+00 2.339809e+00 3.292955e+00 1.009810e+00
3.311311e-02 2.284973e+00 2.315585e+00 3.253158e+00 1.013397e+00
3.388442e-02 2.253270e+00 2.291416e+00 3.213692e+00 1.016929e+00
3.467369e-02 2.221974e+00 2.267307e+00 3.174562e+00 1.020402e+00
3.548134e-02 2.191084e+00 2.243262e+00 3.135773e+00 1.023813e+00
3.630781e-02 2.160605e+00 2.219286e+00 3.097328e+00 1.027160e+00
3.715352e-02 2.130535e+00 2.195385e+00 3.059232e+00 1.030438e+00
3.801894e-02 2.100878e+00 2.171565e+00 3.021487e+00 1.033646e+00
3.890451e-02 2.071633e+00 2.147830e+00 2.984098e+00 1.036781e+00
3.981072e-02 2.042801e+00 2.124187e+00 2.947067e+00 1.039841e+00
4.073803e-02 2.014380e+00 2.100640e+00 2.910398e+00 1.042822e+00
4.168694e-02 1.986371e+00 2.077195e+00 2.874092e+00 1.045724e+00
4.265795e-02 1.958771e+00 2.053858e+00 2.838154e+00 1.048544e+00
4.365158e-02 1.931581e+00 2.030633e+00 2.802584e+00 1.051280e+00
4.466836e-02 1.904798e+00 2.007527e+00 2.767385e+00 1.053932e+00
4.570882e-02 1.878420e+00 1.984544e+00 2.732559e+00 1.056497e+00
4.677351e-02 1.852444e+00 1.961689e+00 2.698106e+00 1.058973e+00
4.786301e-02 1.826869e+00 1.938968e+00 2.664028e+00 1.061361e+00
4.897788e-02 1.801691e+00 1.916384e+00 2.630326e+00 1.063658e+00
5.011872e-02 1.776906e+00 1.893942e+00 2.597000e+00 1.065865e+00
5.128614e-02 1.752513e+00 1.871646e+00 2.564052e+00 1.067978e+00
5.248075e-02 1.728507e+00 1.849501e+00 2.531480e+00 1.069999e+00
5.370318e-02 1.704885e+00 1.827511e+00 2.499286e+00 1.071926e+00
5.495409e-02 1.681643e+00 1.805679e+00 2.467468e+00 1.073759e+00
5.623413e-02 1.658777e+00 1.784010e+00 2.436028e+00 1.075497e+00
5.754399e-02 1.636283e+00 1.762505e+00 2.404963e+00 1.077139e+00
5.888437e-02 1.614158e+00 1.741169e+00 2.374274e+00 1.078686e+00
6.025596e-02 1.592396e+00 1.720005e+00 2.343959e+00 1.080136e+00
6.165950e-02 1.570995e+00 1.699016e+00 2.314018e+00 1.081490e+00
6.309573e-02 1.549950e+00 1.678204e+00 2.284450e+00 1.082748e+00
6.456542e-02 1.529256e+00 1.657573e+00 2.255254e+00 1.083908e+00
6.606934e-02 1.508909e+00 1.637125e+00 2.226428e+00 1.084972e+00
6.760830e-02 1.488905e+00 1.616861e+00 2.197972e+00 1.085940e+00
6.918310e-02 1.469240e+00 1.596786e+00 2.169883e+00 1.086811e+00
7.079458e-02 1.449909e+00 1.576900e+00 2.142161e+00 1.087585e+00
7.244360e-02 1.430909e+00 1.557207e+00 2.114803e+00 1.088264e+00
7.413102e-02 1.412233e+00 1.537708e+00 2.087809e+00 1.088848e+00
7.585776e-02 1.393879e+00 1.518405e+00 2.061177e+00 1.089338e+00
7.762471e-02 1.375841e+00 1.499300e+00 2.034905e+00 1.089734e+00
7.943282e-02 1.358115e+00 1.480396e+00 2.008992e+00 1.090037e+00
8.128305e-02 1.340697e+00 1.461693e+00 1.983435e+00 1.090249e+00
8.317638e-02 1.323581e+00 1.443194e+00 1.958233e+00 1.090370e+00
8.511380e-02 1.306764e+00 1.424900e+00 1.933384e+00 1.090404e+00
8.709636e-02 1.290240e+00 1.406814e+00 1.908886e+00 1.090350e+00
8.912509e-02 1.274005e+00 1.388936e+00 1.884736e+00 1.090212e+00
9.120108e-02 1.258054e+00 1.371267e+00 1.860934e+00 1.089991e+00
9.332543e-02 1.242382e+00 1.353811e+00 1.837476e+00 1.089690e+00
9.549926e-02 1.226984e+00 1.336567e+00 1.814360e+00 1.089311e+00
9.772372e-02 1.211855e+00 1.319537e+00 1.791583e+00 1.088858e+00
1.000000e-01 1.196990e+00 1.302723e+00 1.769144e+00 1.088332e+00
1.023293e-01 1.182384e+00 1.286125e+00 1.747040e+00 1.087739e+00
1.047129e-01 1.168031e+00 1.269743e+00 1.725267e+00 1.087080e+00
1.071519e-01 1.153926e+00 1.253580e+00 1.703822e+00 1.086361e+00
1.096478e-01 1.140065e+00 1.237636e+00 1.682703e+00 1.085584e+00
1.122018e-01 1.126441e+00 1.221911e+00 1.661907e+00 1.084754e+00
1.148154e-01 1.113049e+00 1.206405e+00 1.641430e+00 1.083875e+00
1.174898e-01 1.099883e+00 1.191120e+00 1.621268e+00 1.082951e+00
1.202264e-01 1.086939e+00 1.176055e+00 1.601418e+00 1.081988e+00
1.230269e-01 1.074209e+00 1.161209e+00 1.581877e+00 1.080990e+00
1.258925e-01 1.061690e+00 1.146584e+00 1.562639e+00 1.079961e+00
1.288250e-01 1.049375e+00 1.132179e+00 1.543702e+00 1.078908e+00
1.318257e-01 1.037258e+00 1.117992e+00 1.525061e+00 1.077834e+00
1.348963e-01 1.025335e+00 1.104025e+00 1.506712e+00 1.076746e+00
1.380384e-01 1.013598e+00 1.090274e+00 1.488650e+00 1.075647e+00
1.412538e-01 1.002044e+00 1.076741e+00 1.470871e+00 1.074544e+00
1.445440e-01 9.906659e-01 1.063422e+00 1.453371e+00 1.073442e+00
1.479108e-01 9.794587e-01 1.050318e+00 1.436143e+00 1.072346e+00
1.513561e-01 9.684169e-01 1.037427e+00 1.419185e+00 1.071261e+00
1.548817e-01 9.575353e-01 1.024746e+00 1.402490e+00 1.070192e+00
1.584893e-01 9.468086e-01 1.012275e+00 1.386055e+00 1.069144e+00
1.621810e-01 9.362317e-01 1.000011e+00 1.369873e+00 1.068123e+00
1.659587e-01 9.257994e-01 9.879516e-01 1.353940e+00 1.067134e+00
1.698244e-01 9.155069e-01 9.760952e-01 1.338251e+00 1.066180e+00
1.737801e-01 9.053493e-01 9.644391e-01 1.322800e+00 1.065267e+00
1.778279e-01 8.953219e-01 9.529810e-01 1.307583e+00 1.064400e+00
1.819701e-01 8.854200e-01 9.417181e-01 1.292595e+00 1.063583e+00
1.862087e-01 8.756394e-01 9.306478e-01 1.277830e+00 1.062821e+00
1.905461e-01 8.659756e-01 9.197672e-01 1.263284e+00 1.062117e+00
1.949845e-01 8.564244e-01 9.090734e-01 1.248950e+00 1.061475e+00
1.995262e-01 8.469820e-01 8.985635e-01 1.234826e+00 1.060900e+00
2.041738e-01 8.376443e-01 8.882343e-01 1.220905e+00 1.060396e+00
2.089296e-01 8.284077e-01 8.780827e-01 1.207182e+00 1.059964e+00
2.137962e-01 8.192686e-01 8.681057e-01 1.193653e+00 1.059611e+00
2.187762e-01 8.102235e-01 8.582999e-01 1.180314e+00 1.059337e+00
2.238721e-01 8.012692e-01 8.486622e-01 1.167159e+00 1.059147e+00
2.290868e-01 7.924026e-01 8.391893e-01 1.154184e+00 1.059044e+00
2.344229e-01 7.836207e-01 8.298780e-01 1.141385e+00 1.059030e+00
2.398833e-01 7.749206e-01 8.207248e-01 1.128756e+00 1.059108e+00
2.454709e-01 7.662996e-01 8.117267e-01 1.116295e+00 1.059281e+00
2.511886e-01 7.577552e-01 8.028802e-01 1.103997e+00 1.059551e+00
2.570396e-01 7.492849e-01 7.941822e-01 1.091858e+00 1.059920e+00
2.630268e-01 7.408865e-01 7.856294e-01 1.079873e+00 1.060391e+00
2.691535e-01 7.325578e-01 7.772186e-01 1.068040e+00 1.060966e+00
2.754229e-01 7.242966e-01 7.689466e-01 1.056354e+00 1.061646e+00
2.818383e-01 7.161012e-01 7.608103e-01 1.044812e+00 1.062434e+00
2.884032e-01 7.079695e-01 7.528065e-01 1.033411e+00 1.063332e+00
2.951209e-01 6.999000e-01 7.449323e-01 1.022147e+00 1.064341e+00
3.019952e-01 6.918909e-01 7.371846e-01 1.011016e+00 1.065464e+00
3.090295e-01 6.839407e-01 7.295605e-01 1.000017e+00 1.066701e+00
3.162278e-01 6.760480e-01 7.220569e-01 9.891446e-01 1.068056e+00
3.235937e-01 6.682113e-01 7.146712e-01 9.783973e-01 1.069529e+00
3.311311e-01 6.604295e-01 7.074004e-01 9.677719e-01 1.071122e+00
3.388442e-01 6.527013e-01 7.002419e-01 9.572657e-01 1.072837e+00
3.467369e-01 6.450254e-01 6.931928e-01 9.468760e-01 1.074675e+00
3.548134e-01 6.374009e-01 6.862507e-01 9.366002e-01 1.076639e+00
3.630781e-01 6.298267e-01 6.794128e-01 9.264359e-01 1.078730e+00
3.715352e-01 6.223018e-01 6.726768e-01 9.163807e-01 1.080949e+00
3.801894e-01 6.148253e-01 6.660400e-01 9.064323e-01 1.083299e+00
3.890451e-01 6.073964e-01 6.595000e-01 8.965883e-01 1.085782e+00
3.981072e-01 6.000140e-01 6.530546e-01 8.868467e-01 1.088399e+00
4.073803e-01 5.926776e-01 6.467013e-01 8.772054e-01 1.091152e+00
4.168694e-01 5.853862e-01 6.404379e-01 8.676622e-01 1.094043e+00
4.265795e-01 5.781392e-01 6.342621e-01 8.582152e-01 1.097075e+00
4.365158e-01 5.709360e-01 6.281718e-01 8.488626e-01 1.100249e+00
4.466836e-01 5.637757e-01 6.221648e-01 8.396023e-01 1.103568e+00
4.570882e-01 5.566578e-01 6.162390e-01 8.304327e-01 1.107034e+00
4.677351e-01 5.495817e-01 6.103924e-01 8.213519e-01 1.110649e+00
4.786301e-01 5.425468e-01 6.046229e-01 8.123582e-01 1.114416e+00
4.897788e-01 5.355525e-01 5.989285e-01 8.034499e-01 1.118338e+00
5.011872e-01 5.285983e-01 5.933072e-01 7.946254e-01 1.122416e+00
5.128614e-01 5.216836e-01 5.877572e-01 7.858832e-01 1.126655e+00
5.248075e-01 5.148081e-01 5.822766e-01 7.772216e-01 1.131056e+00
5.370318e-01 5.079711e-01 5.768634e-01 7.686391e-01 1.135622e+00
5.495409e-01 5.011724e-01 5.715159e-01 7.601343e-01 1.140358e+00
5.623413e-01 4.944113e-01 5.662322e-01 7.517057e-01 1.145266e+00
5.754399e-01 4.876876e-01 5.610106e-01 7.433519e-01 1.150348e+00
5.888437e-01 4.810007e-01 5.558492e-01 7.350715e-01 1.155610e+00
6.025596e-01 4.743505e-01 5.507464e-01 7.268631e-01 1.161054e+00
6.165950e-01 4.677364e-01 5.457003e-01 7.187254e-01 1.166683e+00
6.309573e-01 4.611582e-01 5.407094e-01 7.106572e-01 1.172503e+00
6.456542e-01 4.546156e-01 5.357719e-01 7.026570e-01 1.178516e+00
6.606934e-01 4.481082e-01 5.308862e-01 6.947238e-01 1.184728e+00
6.760830e-01 4.416359e-01 5.260506e-01 6.868562e-01 1.191141e+00
6.918310e-01 4.351983e-01 5.212634e-01 6.790531e-01 1.197761e+00
7.079458e-01 4.287953e-01 5.165232e-01 6.713133e-01 1.204591e+00
7.244360e-01 4.224267e-01 5.118282e-01 6.636357e-01 1.211638e+00
7.413102e-01 4.160922e-01 5.071769e-01 6.560191e-01 1.218905e+00
7.585776e-01 4.097917e-01 5.025677e-01 6.484624e-01 1.226398e+00
7.762471e-01 4.035252e-01 4.979991e-01 6.409646e-01 1.234121e+00
7.943282e-01 3.972924e-01 4.934695e-01 6.335246e-01 1.242081e+00
8.128305e-01 3.910935e-01 4.889774e-01 6.261414e-01 1.250283e+00
8.317638e-01 3.849282e-01 4.845213e-01 6.188139e-01 1.258732e+00
8.511380e-01 3.787966e-01 4.800997e-01 6.115412e-01 1.267434e+00
8.709636e-01 3.726988e-01 4.757112e-01 6.043223e-01 1.276396e+00
8.912509e-01 3.666347e-01 4.713542e-01 5.971564e-01 1.285623e+00
9.120108e-01 3.606044e-01 4.670273e-01 5.900424e-01 1.295123e+00
9.332543e-01 3.546082e-01 4.627290e-01 5.829795e-01 1.304902e+00
9.549926e-01 3.486460e-01 4.584581e-01 5.759669e-01 1.314967e+00
9.772372e-01 3.427181e-01 4.542130e-01 5.690036e-01 1.325325e+00
1.000000e+00 3.368247e-01 4.499923e-01 5.620890e-01 1.335984e+00
1.023293e+00 3.309661e-01 4.457949e-01 5.552222e-01 1.346950e+00
1.047129e+00 3.251426e-01 4.416192e-01 5.484024e-01 1.358232e+00
1.071519e+00 3.193543e-01 4.374640e-01 5.416290e-01 1.369839e+00
1.096478e+00 3.136019e-01 4.333280e-01 5.349012e-01 1.381777e+00
1.122018e+00 3.078855e-01 4.292099e-01 5.282184e-01 1.394057e+00
1.148154e+00 3.022057e-01 4.251085e-01 5.215799e-01 1.406686e+00
1.174898e+00 2.965630e-01 4.210227e-01 5.149851e-01 1.419674e+00
1.202264e+00 2.909578e-01 4.169511e-01 5.084336e-01 1.433030e+00
1.230269e+00 2.853906e-01 4.128928e-01 5.019246e-01 1.446764e+00
1.258925e+00 2.798622e-01 4.088465e-01 4.954577e-01 1.460885e+00
1.288250e+00 2.743731e-01 4.048113e-01 4.890325e-01 1.475405e+00
1.318257e+00 2.689239e-01 4.007861e-01 4.826485e-01 1.490333e+00
1.348963e+00 2.635154e-01 3.967698e-01 4.763052e-01 1.505680e+00
1.380384e+00 2.581483e-01 3.927617e-01 4.700024e-01 1.521458e+00
1.412538e+00 2.528233e-01 3.887607e-01 4.637397e-01 1.537677e+00
1.445440e+00 2.475412e-01 3.847660e-01 4.575167e-01 1.554351e+00
1.479108e+00 2.423029e-01 3.807768e-01 4.513332e-01 1.571491e+00
1.513561e+00 2.371093e-01 3.767924e-01 4.451891e-01 1.589109e+00
1.548817e+00 2.319611e-01 3.728121e-01 4.390840e-01 1.607218e+00
1.584893e+00 2.268593e-01 3.688352e-01 4.330180e-01 1.625832e+00
1.621810e+00 2.218048e-01 3.648612e-01 4.269907e-01 1.644965e+00
1.659587e+00 2.167987e-01 3.608895e-01 4.210022e-01 1.664629e+00
1.698244e+00 2.118417e-01 3.569196e-01 4.150524e-01 1.684841e+00
1.737801e+00 2.069351e-01 3.529512e-01 4.091414e-01 1.705614e+00
1.778279e+00 2.020796e-01 3.489840e-01 4.032691e-01 1.726963e+00
1.819701e+00 1.972764e-01 3.450176e-01 3.974357e-01 1.748905e+00
1.862087e+00 1.925264e-01 3.410518e-01 3.916411e-01 1.771455e+00
1.905461e+00 1.878308e-01 3.370866e-01 3.858857e-01 1.794629e+00
1.949845e+00 1.831904e-01 3.331218e-01 3.801695e-01 1.818446e+00
1.995262e+00 1.786063e-01 3.291574e-01 3.744927e-01 1.842921e+00
2.041738e+00 1.740797e-01 3.251935e-01 3.688557e-01 1.868073e+00
2.089296e+00 1.696113e-01 3.212302e-01 3.632587e-01 1.893920e+00
2.137962e+00 1.652023e-01 3.172678e-01 3.577019e-01 1.920481e+00
2.187762e+00 1.608536e-01 3.133065e-01 3.521858e-01 1.947774e+00
2.238721e+00 1.565662e-01 3.093466e-01 3.467107e-01 1.975821e+00
2.290868e+00 1.523409e-01 3.053886e-01 3.412770e-01 2.004639e+00
2.344229e+00 1.481788e-01 3.014330e-01 3.358851e-01 2.034251e+00
2.398833e+00 1.440807e-01 2.974802e-01 3.305355e-01 2.064678e+00
2.454709e+00 1.400474e-01 2.935308e-01 3.252286e-01 2.095940e+00
2.511886e+00 1.360796e-01 2.895857e-01 3.199649e-01 2.128060e+00
2.570396e+00 1.321783e-01 2.856453e-01 3.147449e-01 2.161061e+00
2.630268e+00 1.283440e-01 2.817107e-01 3.095692e-01 2.194966e+00
2.691535e+00 1.245774e-01 2.777825e-01 3.044383e-01 2.229797e+00
2.754229e+00 1.208792e-01 2.738617e-01 2.993526e-01 2.265581e+00
2.818383e+00 1.172499e-01 2.699492e-01 2.943129e-01 2.302341e+00
2.884032e+00 1.136899e-01 2.660459e-01 2.893196e-01 2.340102e+00
2.951209e+00 1.101997e-01 2.621530e-01 2.843733e-01 2.378890e+00
3.019952e+00 1.067797e-01 2.582715e-01 2.794746e-01 2.418732e+00
3.090295e+00 1.034301e-01 2.544024e-01 2.746240e-01 2.459655e+00
3.162278e+00 1.001513e-01 2.505469e-01 2.698222e-01 2.501685e+00
3.235937e+00 9.694325e-02 2.467061e-01 2.650696e-01 2.544851e+00
3.311311e+00 9.380619e-02 2.428812e-01 2.603668e-01 2.589181e+00
3.388442e+00 9.074010e-02 2.390734e-01 2.557144e-01 2.634706e+00
3.467369e+00 8.774493e-02 2.352839e-01 2.511129e-01 2.681453e+00
3.548134e+00 8.482057e-02 2.315139e-01 2.465628e-01 2.729455e+00
3.630781e+00 8.196682e-02 2.277645e-01 2.420646e-01 2.778741e+00
3.715352e+00 7.918343e-02 2.240371e-01 2.376187e-01 2.829343e+00
3.801894e+00 7.647006e-02 2.203327e-01 2.332256e-01 2.881294e+00
3.890451e+00 7.382631e-02 2.166527e-01 2.288858e-01 2.934627e+00
3.981072e+00 7.125171e-02 2.129980e-01 2.245996e-01 2.989374e+00
4.073803e+00 6.874574e-02 2.093700e-01 2.203674e-01 3.045571e+00
4.168694e+00 6.630779e-02 2.057698e-01 2.161896e-01 3.103252e+00
4.265795e+00 6.393721e-02 2.021984e-01 2.120664e-01 3.162452e+00
4.365158e+00 6.163328e-02 1.986569e-01 2.079982e-01 3.223209e+00
4.466836e+00 5.939523e-02 1.951465e-01 2.039852e-01 3.285558e+00
4.570882e+00 5.722222e-02 1.916680e-01 2.000275e-01 3.349538e+00
4.677351e+00 5.511339e-02 1.882226e-01 1.961255e-01 3.415187e+00
4.786301e+00 5.306780e-02 1.848110e-01 1.922792e-01 3.482545e+00
4.897788e+00 5.108448e-02 1.814343e-01 1.884888e-01 3.551651e+00
5.011872e+00 4.916242e-02 1.780932e-01 1.847542e-01 3.622547e+00
5.128614e+00 4.730057e-02 1.747885e-01 1.810756e-01 3.695273e+00
5.248075e+00 4.549785e-02 1.715211e-01 1.774530e-01 3.769873e+00
5.370318e+00 4.375314e-02 1.682917e-01 1.738862e-01 3.846390e+00
5.495409e+00 4.206530e-02 1.651008e-01 1.703753e-01 3.924869e+00
5.623413e+00 4.043315e-02 1.619491e-01 1.669202e-01 4.005354e+00
5.754399e+00 3.885552e-02 1.588371e-01 1.635206e-01 4.087892e+00
5.888437e+00 3.733118e-02 1.557655e-01 1.601765e-01 4.172530e+00
6.025596e+00 3.585893e-02 1.527345e-01 1.568875e-01 4.259315e+00
6.165950e+00 3.443753e-02 1.497447e-01 1.536535e-01 4.348298e+00
6.309573e+00 3.306574e-02 1.467963e-01 1.504742e-01 4.439529e+00
6.456542e+00 3.174231e-02 1.438897e-01 1.473493e-01 4.533058e+00
6.606934e+00 3.046600e-02 1.410252e-01 1.442785e-01 4.628938e+00
6.760830e+00 2.923555e-02 1.382030e-01 1.412614e-01 4.727222e+00
6.918310e+00 2.804972e-02 1.354231e-01 1.382975e-01 4.827966e+00
7.079458e+00 2.690727e-02 1.326858e-01 1.353866e-01 4.931225e+00
7.244360e+00 2.580697e-02 1.299912e-01 1.325281e-01 5.037057e+00
7.413102e+00 2.474758e-02 1.273391e-01 1.297216e-01 5.145519e+00
7.585776e+00 2.372790e-02 1.247298e-01 1.269666e-01 5.256671e+00
7.762471e+00 2.274673e-02 1.221630e-01 1.242627e-01 5.370574e+00
7.943282e+00 2.180288e-02 1.196387e-01 1.216092e-01 5.487292e+00
8.128305e+00 2.089518e-02 1.171569e-01 1.190057e-01 5.606886e+00
8.317638e+00 2.002248e-02 1.147173e-01 1.164515e-01 5.729423e+00
8.511380e+00 1.918366e-02 1.123197e-01 1.139462e-01 5.854969e+00
8.709636e+00 1.837758e-02 1.099640e-01 1.114891e-01 5.983593e+00
8.912509e+00 1.760318e-02 1.076498e-01 1.090796e-01 6.115364e+00
9.120108e+00 1.685937e-02 1.053770e-01 1.067171e-01 6.250353e+00
9.332543e+00 1.614510e-02 1.031451e-01 1.044011e-01 6.388633e+00
9.549926e+00 1.545937e-02 1.009540e-01 1.021308e-01 6.530280e+00
9.772372e+00 1.480115e-02 9.880315e-02 9.990564e-02 6.675369e+00
1.000000e+01 1.416949e-02 9.669227e-02 9.772497e-02 6.823978e+00
