1.000000e-06 8.445259e+01 1.219049e+00 8.446139e+01 1.443471e-02
1.023293e-06 8.445159e+01 1.247426e+00 8.446080e+01 1.477090e-02
1.047129e-06 8.445054e+01 1.276463e+00 8.446018e+01 1.511492e-02
1.071519e-06 8.444944e+01 1.306175e+00 8.445954e+01 1.546695e-02
1.096478e-06 8.444829e+01 1.336578e+00 8.445886e+01 1.582718e-02
1.122018e-06 8.444708e+01 1.367687e+00 8.445816e+01 1.619579e-02
1.148154e-06 8.444582e+01 1.399519e+00 8.445742e+01 1.657298e-02
1.174898e-06 8.444450e+01 1.432091e+00 8.445664e+01 1.695896e-02
1.202264e-06 8.444312e+01 1.465419e+00 8.445583e+01 1.735392e-02
1.230269e-06 8.444167e+01 1.499522e+00 8.445498e+01 1.775808e-02
1.258925e-06 8.444015e+01 1.534417e+00 8.445409e+01 1.817165e-02
1.288250e-06 8.443856e+01 1.570122e+00 8.445316e+01 1.859485e-02
1.318257e-06 8.443690e+01 1.606657e+00 8.445219e+01 1.902790e-02
1.348963e-06 8.443516e+01 1.644039e+00 8.445116e+01 1.947103e-02
1.380384e-06 8.443334e+01 1.682290e+00 8.445010e+01 1.992447e-02
1.412538e-06 8.443143e+01 1.721428e+00 8.444898e+01 2.038847e-02
1.445440e-06 8.442943e+01 1.761475e+00 8.444780e+01 2.086328e-02
1.479108e-06 8.442734e+01 1.802450e+00 8.444658e+01 2.134913e-02
1.513561e-06 8.442515e+01 1.844376e+00 8.444529e+01 2.184629e-02
1.548817e-06 8.442285e+01 1.887275e+00 8.444395e+01 2.235503e-02
1.584893e-06 8.442045e+01 1.931169e+00 8.444254e+01 2.287560e-02
1.621810e-06 8.441794e+01 1.976080e+00 8.444106e+01 2.340829e-02
1.659587e-06 8.441530e+01 2.022032e+00 8.443952e+01 2.395338e-02
1.698244e-06 8.441255e+01 2.069049e+00 8.443790e+01 2.451115e-02
1.737801e-06 8.440966e+01 2.117155e+00 8.443621e+01 2.508191e-02
1.778279e-06 8.440664e+01 2.166376e+00 8.443443e+01 2.566594e-02
1.819701e-06 8.440347e+01 2.216736e+00 8.443258e+01 2.626356e-02
1.862087e-06 8.440016e+01 2.268262e+00 8.443063e+01 2.687509e-02
1.905461e-06 8.439669e+01 2.320981e+00 8.442860e+01 2.750085e-02
1.949845e-06 8.439306e+01 2.374919e+00 8.442647e+01 2.814117e-02
1.995262e-06 8.438925e+01 2.430105e+00 8.442423e+01 2.879638e-02
2.041738e-06 8.438527e+01 2.486567e+00 8.442190e+01 2.946683e-02
2.089296e-06 8.438110e+01 2.544333e+00 8.441945e+01 3.015288e-02
2.137962e-06 8.437674e+01 2.603435e+00 8.441689e+01 3.085489e-02
2.187762e-06 8.437216e+01 2.663901e+00 8.441421e+01 3.157322e-02
2.238721e-06 8.436738e+01 2.725763e+00 8.441140e+01 3.230826e-02
2.290868e-06 8.436237e+01 2.789053e+00 8.440846e+01 3.306039e-02
2.344229e-06 8.435712e+01 2.853802e+00 8.440538e+01 3.383001e-02
2.398833e-06 8.435163e+01 2.920045e+00 8.440216e+01 3.461753e-02
2.454709e-06 8.434588e+01 2.987814e+00 8.439878e+01 3.542335e-02
2.511886e-06 8.433986e+01 3.057143e+00 8.439525e+01 3.624791e-02
2.570396e-06 8.433356e+01 3.128069e+00 8.439155e+01 3.709163e-02
2.630268e-06 8.432696e+01 3.200627e+00 8.438768e+01 3.795496e-02
2.691535e-06 8.432005e+01 3.274853e+00 8.438363e+01 3.883836e-02
2.754229e-06 8.431282e+01 3.350784e+00 8.437938e+01 3.974228e-02
2.818383e-06 8.430525e+01 3.428460e+00 8.437494e+01 4.066721e-02
2.884032e-06 8.429733e+01 3.507917e+00 8.437028e+01 4.161363e-02
2.951209e-06 8.428903e+01 3.589198e+00 8.436541e+01 4.258203e-02
3.019952e-06 8.428034e+01 3.672340e+00 8.436031e+01 4.357292e-02
3.090295e-06 8.427125e+01 3.757387e+00 8.435497e+01 4.458682e-02
3.162278e-06 8.426173e+01 3.844380e+00 8.434938e+01 4.562427e-02
3.235937e-06 8.425176e+01 3.933361e+00 8.434353e+01 4.668580e-02
3.311311e-06 8.424133e+01 4.024374e+00 8.433740e+01 4.777197e-02
3.388442e-06 8.423041e+01 4.117465e+00 8.433099e+01 4.888335e-02
3.467369e-06 8.421898e+01 4.212677e+00 8.432428e+01 5.002052e-02
3.548134e-06 8.420702e+01 4.310058e+00 8.431725e+01 5.118407e-02
3.630781e-06 8.419449e+01 4.409654e+00 8.430989e+01 5.237461e-02
3.715352e-06 8.418138e+01 4.511513e+00 8.430219e+01 5.359277e-02
3.801894e-06 8.416766e+01 4.615684e+00 8.429412e+01 5.483917e-02
3.890451e-06 8.415329e+01 4.722217e+00 8.428568e+01 5.611446e-02
3.981072e-06 8.413826e+01 4.831161e+00 8.427685e+01 5.741931e-02
4.073803e-06 8.412252e+01 4.942568e+00 8.426760e+01 5.875439e-02
4.168694e-06 8.410605e+01 5.056490e+00 8.425792e+01 6.012041e-02
4.265795e-06 8.408882e+01 5.172981e+00 8.424778e+01 6.151806e-02
4.365158e-06 8.407078e+01 5.292093e+00 8.423718e+01 6.294807e-02
4.466836e-06 8.405190e+01 5.413881e+00 8.422607e+01 6.441117e-02
4.570882e-06 8.403214e+01 5.538402e+00 8.421445e+01 6.590814e-02
4.677351e-06 8.401146e+01 5.665710e+00 8.420229e+01 6.743973e-02
4.786301e-06 8.398982e+01 5.795864e+00 8.418956e+01 6.900675e-02
4.897788e-06 8.396717e+01 5.928921e+00 8.417623e+01 7.060998e-02
5.011872e-06 8.394348e+01 6.064939e+00 8.416229e+01 7.225027e-02
5.128614e-06 8.391868e+01 6.203978e+00 8.414770e+01 7.392845e-02
5.248075e-06 8.389274e+01 6.346098e+00 8.413242e+01 7.564537e-02
5.370318e-06 8.386559e+01 6.491359e+00 8.411644e+01 7.740193e-02
5.495409e-06 8.383719e+01 6.639823e+00 8.409971e+01 7.919901e-02
5.623413e-06 8.380748e+01 6.791552e+00 8.408221e+01 8.103754e-02
5.754399e-06 8.377639e+01 6.946608e+00 8.406389e+01 8.291844e-02
5.888437e-06 8.374386e+01 7.105054e+00 8.404473e+01 8.484268e-02
6.025596e-06 8.370984e+01 7.266954e+00 8.402467e+01 8.681123e-02
6.165950e-06 8.367425e+01 7.432372e+00 8.400369e+01 8.882508e-02
6.309573e-06 8.363702e+01 7.601372e+00 8.398174e+01 9.088526e-02
6.456542e-06 8.359808e+01 7.774019e+00 8.395877e+01 9.299279e-02
6.606934e-06 8.355736e+01 7.950377e+00 8.393474e+01 9.514874e-02
6.760830e-06 8.351476e+01 8.130511e+00 8.390960e+01 9.735418e-02
6.918310e-06 8.347022e+01 8.314487e+00 8.388330e+01 9.961022e-02
7.079458e-06 8.342364e+01 8.502369e+00 8.385579e+01 1.019180e-01
7.244360e-06 8.337493e+01 8.694223e+00 8.382702e+01 1.042786e-01
7.413102e-06 8.332400e+01 8.890112e+00 8.379692e+01 1.066933e-01
7.585776e-06 8.327076e+01 9.090101e+00 8.376544e+01 1.091632e-01
7.762471e-06 8.321509e+01 9.294253e+00 8.373252e+01 1.116895e-01
7.943282e-06 8.315690e+01 9.502632e+00 8.369809e+01 1.142735e-01
8.128305e-06 8.309607e+01 9.715300e+00 8.366208e+01 1.169165e-01
8.317638e-06 8.303249e+01 9.932319e+00 8.362443e+01 1.196197e-01
8.511380e-06 8.296605e+01 1.015375e+01 8.358507e+01 1.223844e-01
8.709636e-06 8.289661e+01 1.037965e+01 8.354391e+01 1.252119e-01
8.912509e-06 8.282405e+01 1.061007e+01 8.350088e+01 1.281037e-01
9.120108e-06 8.274824e+01 1.084508e+01 8.345590e+01 1.310611e-01
9.332543e-06 8.266904e+01 1.108472e+01 8.340888e+01 1.340855e-01
9.549926e-06 8.258631e+01 1.132905e+01 8.335974e+01 1.371783e-01
9.772372e-06 8.249990e+01 1.157812e+01 8.330838e+01 1.403410e-01
1.000000e-05 8.240965e+01 1.183197e+01 8.325470e+01 1.435751e-01
1.023293e-05 8.231541e+01 1.209065e+01 8.319862e+01 1.468820e-01
1.047129e-05 8.221701e+01 1.235420e+01 8.314002e+01 1.502633e-01
1.071519e-05 8.211428e+01 1.262264e+01 8.307879e+01 1.537205e-01
1.096478e-05 8.200705e+01 1.289603e+01 8.301484e+01 1.572552e-01
1.122018e-05 8.189513e+01 1.317438e+01 8.294804e+01 1.608689e-01
1.148154e-05 8.177835e+01 1.345772e+01 8.287827e+01 1.645634e-01
1.174898e-05 8.165649e+01 1.374607e+01 8.280542e+01 1.683402e-01
1.202264e-05 8.152938e+01 1.403944e+01 8.272935e+01 1.722010e-01
1.230269e-05 8.139679e+01 1.433784e+01 8.264993e+01 1.761474e-01
1.258925e-05 8.125853e+01 1.464126e+01 8.256703e+01 1.801812e-01
1.288250e-05 8.111437e+01 1.494971e+01 8.248051e+01 1.843041e-01
1.318257e-05 8.096409e+01 1.526317e+01 8.239022e+01 1.885178e-01
1.348963e-05 8.080746e+01 1.558162e+01 8.229601e+01 1.928240e-01
1.380384e-05 8.064425e+01 1.590503e+01 8.219772e+01 1.972246e-01
1.412538e-05 8.047422e+01 1.623336e+01 8.209520e+01 2.017212e-01
1.445440e-05 8.029713e+01 1.656656e+01 8.198829e+01 2.063158e-01
1.479108e-05 8.011272e+01 1.690458e+01 8.187681e+01 2.110100e-01
1.513561e-05 7.992074e+01 1.724735e+01 8.176060e+01 2.158057e-01
1.548817e-05 7.972092e+01 1.759479e+01 8.163947e+01 2.207048e-01
1.584893e-05 7.951302e+01 1.794681e+01 8.151324e+01 2.257090e-01
1.621810e-05 7.929675e+01 1.830329e+01 8.138173e+01 2.308202e-01
1.659587e-05 7.907185e+01 1.866414e+01 8.124474e+01 2.360403e-01
1.698244e-05 7.883804e+01 1.902921e+01 8.110208e+01 2.413709e-01
1.737801e-05 7.859504e+01 1.939836e+01 8.095355e+01 2.468140e-01
1.778279e-05 7.834258e+01 1.977143e+01 8.079895e+01 2.523714e-01
1.819701e-05 7.808038e+01 2.014825e+01 8.063807e+01 2.580449e-01
1.862087e-05 7.780815e+01 2.052861e+01 8.047069e+01 2.638363e-01
1.905461e-05 7.752562e+01 2.091232e+01 8.029661e+01 2.697473e-01
1.949845e-05 7.723249e+01 2.129915e+01 8.011562e+01 2.757797e-01
1.995262e-05 7.692851e+01 2.168885e+01 7.992748e+01 2.819351e-01
2.041738e-05 7.661338e+01 2.208116e+01 7.973198e+01 2.882154e-01
2.089296e-05 7.628685e+01 2.247579e+01 7.952889e+01 2.946221e-01
2.137962e-05 7.594864e+01 2.287245e+01 7.931800e+01 3.011569e-01
2.187762e-05 7.559849e+01 2.327082e+01 7.909907e+01 3.078212e-01
2.238721e-05 7.523616e+01 2.367055e+01 7.887189e+01 3.146166e-01
2.290868e-05 7.486140e+01 2.407128e+01 7.863622e+01 3.215446e-01
2.344229e-05 7.447398e+01 2.447263e+01 7.839185e+01 3.286065e-01
2.398833e-05 7.407367e+01 2.487420e+01 7.813855e+01 3.358035e-01
2.454709e-05 7.366026e+01 2.527556e+01 7.787611e+01 3.431369e-01
2.511886e-05 7.323358e+01 2.567627e+01 7.760430e+01 3.506079e-01
2.570396e-05 7.279343e+01 2.607587e+01 7.732292e+01 3.582173e-01
2.630268e-05 7.233966e+01 2.647387e+01 7.703176e+01 3.659662e-01
2.691535e-05 7.187213e+01 2.686977e+01 7.673062e+01 3.738553e-01
2.754229e-05 7.139072e+01 2.726306e+01 7.641930e+01 3.818851e-01
2.818383e-05 7.089535e+01 2.765318e+01 7.609763e+01 3.900563e-01
2.884032e-05 7.038593e+01 2.803959e+01 7.576541e+01 3.983692e-01
2.951209e-05 6.986243e+01 2.842171e+01 7.542250e+01 4.068239e-01
3.019952e-05 6.932484e+01 2.879896e+01 7.506872e+01 4.154205e-01
3.090295e-05 6.877316e+01 2.917074e+01 7.470395e+01 4.241588e-01
3.162278e-05 6.820745e+01 2.953644e+01 7.432804e+01 4.330383e-01
3.235937e-05 6.762778e+01 2.989543e+01 7.394088e+01 4.420584e-01
3.311311e-05 6.703428e+01 3.024710e+01 7.354238e+01 4.512184e-01
3.388442e-05 6.642707e+01 3.059080e+01 7.313244e+01 4.605171e-01
3.467369e-05 6.580637e+01 3.092591e+01 7.271100e+01 4.699531e-01
3.548134e-05 6.517238e+01 3.125177e+01 7.227802e+01 4.795248e-01
3.630781e-05 6.452537e+01 3.156776e+01 7.183346e+01 4.892303e-01
3.715352e-05 6.386563e+01 3.187325e+01 7.137733e+01 4.990673e-01
3.801894e-05 6.319352e+01 3.216761e+01 7.090963e+01 5.090333e-01
3.890451e-05 6.250940e+01 3.245022e+01 7.043040e+01 5.191254e-01
3.981072e-05 6.181370e+01 3.272048e+01 6.993971e+01 5.293402e-01
4.073803e-05 6.110687e+01 3.297780e+01 6.943763e+01 5.396742e-01
4.168694e-05 6.038941e+01 3.322161e+01 6.892428e+01 5.501232e-01
4.265795e-05 5.966185e+01 3.345138e+01 6.839979e+01 5.606829e-01
4.365158e-05 5.892477e+01 3.366656e+01 6.786432e+01 5.713483e-01
4.466836e-05 5.817876e+01 3.386668e+01 6.731805e+01 5.821141e-01
4.570882e-05 5.742447e+01 3.405125e+01 6.676120e+01 5.929746e-01
4.677351e-05 5.666257e+01 3.421986e+01 6.619400e+01 6.039236e-01
4.786301e-05 5.589375e+01 3.437210e+01 6.561671e+01 6.149542e-01
4.897788e-05 5.511875e+01 3.450761e+01 6.502962e+01 6.260593e-01
5.011872e-05 5.433831e+01 3.462607e+01 6.443304e+01 6.372312e-01
5.128614e-05 5.355321e+01 3.472721e+01 6.382731e+01 6.484617e-01
5.248075e-05 5.276424e+01 3.481079e+01 6.321279e+01 6.597420e-01
5.370318e-05 5.197221e+01 3.487662e+01 6.258985e+01 6.710628e-01
5.495409e-05 5.117794e+01 3.492456e+01 6.195891e+01 6.824143e-01
5.623413e-05 5.038225e+01 3.495451e+01 6.132038e+01 6.937862e-01
5.754399e-05 4.958599e+01 3.496643e+01 6.067472e+01 7.051677e-01
5.888437e-05 4.878998e+01 3.496033e+01 6.002238e+01 7.165473e-01
6.025596e-05 4.799505e+01 3.493623e+01 5.936384e+01 7.279132e-01
6.165950e-05 4.720205e+01 3.489426e+01 5.869960e+01 7.392530e-01
6.309573e-05 4.641178e+01 3.483454e+01 5.803015e+01 7.505539e-01
6.456542e-05 4.562505e+01 3.475727e+01 5.735602e+01 7.618024e-01
6.606934e-05 4.484266e+01 3.466269e+01 5.667774e+01 7.729847e-01
6.760830e-05 4.406537e+01 3.455108e+01 5.599584e+01 7.840868e-01
6.918310e-05 4.329395e+01 3.442275e+01 5.531086e+01 7.950938e-01
7.079458e-05 4.252911e+01 3.427807e+01 5.462336e+01 8.059909e-01
7.244360e-05 4.177155e+01 3.411745e+01 5.393387e+01 8.167628e-01
7.413102e-05 4.102194e+01 3.394130e+01 5.324295e+01 8.273939e-01
7.585776e-05 4.028092e+01 3.375011e+01 5.255115e+01 8.378684e-01
7.762471e-05 3.954910e+01 3.354437e+01 5.185900e+01 8.481702e-01
7.943282e-05 3.882704e+01 3.332460e+01 5.116706e+01 8.582834e-01
8.128305e-05 3.811527e+01 3.309136e+01 5.047586e+01 8.681916e-01
8.317638e-05 3.741430e+01 3.284522e+01 4.978592e+01 8.778788e-01
8.511380e-05 3.672456e+01 3.258675e+01 4.909776e+01 8.873287e-01
8.709636e-05 3.604648e+01 3.231658e+01 4.841188e+01 8.965253e-01
8.912509e-05 3.538044e+01 3.203532e+01 4.772879e+01 9.054527e-01
9.120108e-05 3.472677e+01 3.174358e+01 4.704895e+01 9.140955e-01
9.332543e-05 3.408577e+01 3.144202e+01 4.637284e+01 9.224383e-01
9.549926e-05 3.345769e+01 3.113126e+01 4.570090e+01 9.304664e-01
9.772372e-05 3.284277e+01 3.081194e+01 4.503358e+01 9.381653e-01
1.000000e-04 3.224117e+01 3.048471e+01 4.437128e+01 9.455212e-01
1.023293e-04 3.165305e+01 3.015019e+01 4.371440e+01 9.525209e-01
1.047129e-04 3.107851e+01 2.980901e+01 4.306333e+01 9.591520e-01
1.071519e-04 3.051763e+01 2.946180e+01 4.241843e+01 9.654026e-01
1.096478e-04 2.997045e+01 2.910915e+01 4.178003e+01 9.712619e-01
1.122018e-04 2.943698e+01 2.875168e+01 4.114845e+01 9.767198e-01
1.148154e-04 2.891721e+01 2.838997e+01 4.052401e+01 9.817672e-01
1.174898e-04 2.841108e+01 2.802458e+01 3.990697e+01 9.863959e-01
1.202264e-04 2.791853e+01 2.765607e+01 3.929761e+01 9.905989e-01
1.230269e-04 2.743945e+01 2.728497e+01 3.869616e+01 9.943700e-01
1.258925e-04 2.697373e+01 2.691181e+01 3.810285e+01 9.977044e-01
1.288250e-04 2.652121e+01 2.653707e+01 3.751787e+01 1.000598e+00
1.318257e-04 2.608174e+01 2.616125e+01 3.694142e+01 1.003049e+00
1.348963e-04 2.565513e+01 2.578481e+01 3.637364e+01 1.005055e+00
1.380384e-04 2.524119e+01 2.540817e+01 3.581470e+01 1.006615e+00
1.412538e-04 2.483971e+01 2.503175e+01 3.526471e+01 1.007731e+00
1.445440e-04 2.445046e+01 2.465597e+01 3.472379e+01 1.008405e+00
1.479108e-04 2.407321e+01 2.428118e+01 3.419203e+01 1.008639e+00
1.513561e-04 2.370771e+01 2.390774e+01 3.366951e+01 1.008437e+00
1.548817e-04 2.335371e+01 2.353600e+01 3.315628e+01 1.007805e+00
1.584893e-04 2.301094e+01 2.316625e+01 3.265239e+01 1.006749e+00
1.621810e-04 2.267915e+01 2.279880e+01 3.215788e+01 1.005276e+00
1.659587e-04 2.235805e+01 2.243392e+01 3.167276e+01 1.003393e+00
1.698244e-04 2.204738e+01 2.207187e+01 3.119702e+01 1.001111e+00
1.737801e-04 2.174686e+01 2.171287e+01 3.073068e+01 9.984373e-01
1.778279e-04 2.145620e+01 2.135715e+01 3.027370e+01 9.953837e-01
1.819701e-04 2.117514e+01 2.100491e+01 2.982604e+01 9.919609e-01
1.862087e-04 2.090339e+01 2.065633e+01 2.938768e+01 9.881807e-01
1.905461e-04 2.064069e+01 2.031158e+01 2.895856e+01 9.840553e-01
1.949845e-04 2.038675e+01 1.997080e+01 2.853861e+01 9.795974e-01
1.995262e-04 2.014130e+01 1.963414e+01 2.812777e+01 9.748202e-01
2.041738e-04 1.990408e+01 1.930172e+01 2.772596e+01 9.697371e-01
2.089296e-04 1.967482e+01 1.897365e+01 2.733309e+01 9.643619e-01
2.137962e-04 1.945327e+01 1.865001e+01 2.694907e+01 9.587086e-01
2.187762e-04 1.923916e+01 1.833091e+01 2.657381e+01 9.527914e-01
2.238721e-04 1.903226e+01 1.801640e+01 2.620721e+01 9.466245e-01
2.290868e-04 1.883231e+01 1.770656e+01 2.584914e+01 9.402222e-01
2.344229e-04 1.863909e+01 1.740143e+01 2.549952e+01 9.335989e-01
2.398833e-04 1.845235e+01 1.710106e+01 2.515821e+01 9.267689e-01
2.454709e-04 1.827187e+01 1.680548e+01 2.482509e+01 9.197463e-01
2.511886e-04 1.809743e+01 1.651472e+01 2.450006e+01 9.125454e-01
2.570396e-04 1.792881e+01 1.622880e+01 2.418298e+01 9.051800e-01
2.630268e-04 1.776582e+01 1.594774e+01 2.387372e+01 8.976639e-01
2.691535e-04 1.760824e+01 1.567152e+01 2.357216e+01 8.900106e-01
2.754229e-04 1.745589e+01 1.540017e+01 2.327818e+01 8.822336e-01
2.818383e-04 1.730857e+01 1.513368e+01 2.299162e+01 8.743458e-01
2.884032e-04 1.716610e+01 1.487203e+01 2.271238e+01 8.663601e-01
2.951209e-04 1.702830e+01 1.461521e+01 2.244031e+01 8.582890e-01
3.019952e-04 1.689501e+01 1.436320e+01 2.217528e+01 8.501448e-01
3.090295e-04 1.676605e+01 1.411600e+01 2.191716e+01 8.419393e-01
3.162278e-04 1.664127e+01 1.387356e+01 2.166581e+01 8.336843e-01
3.235937e-04 1.652050e+01 1.363588e+01 2.142111e+01 8.253910e-01
3.311311e-04 1.640361e+01 1.340291e+01 2.118293e+01 8.170705e-01
3.388442e-04 1.629044e+01 1.317463e+01 2.095112e+01 8.087334e-01
3.467369e-04 1.618086e+01 1.295100e+01 2.072556e+01 8.003902e-01
3.548134e-04 1.607473e+01 1.273200e+01 2.050611e+01 7.920509e-01
3.630781e-04 1.597191e+01 1.251759e+01 2.029266e+01 7.837253e-01
3.715352e-04 1.587228e+01 1.230773e+01 2.008506e+01 7.754228e-01
3.801894e-04 1.577572e+01 1.210239e+01 1.988319e+01 7.671525e-01
3.890451e-04 1.568211e+01 1.190152e+01 1.968692e+01 7.589235e-01
3.981072e-04 1.559132e+01 1.170509e+01 1.949612e+01 7.507441e-01
4.073803e-04 1.550325e+01 1.151307e+01 1.931066e+01 7.426227e-01
4.168694e-04 1.541779e+01 1.132540e+01 1.913042e+01 7.345672e-01
4.265795e-04 1.533482e+01 1.114206e+01 1.895527e+01 7.265853e-01
4.365158e-04 1.525425e+01 1.096299e+01 1.878509e+01 7.186845e-01
4.466836e-04 1.517597e+01 1.078817e+01 1.861974e+01 7.108718e-01
4.570882e-04 1.509989e+01 1.061755e+01 1.845911e+01 7.031542e-01
4.677351e-04 1.502590e+01 1.045108e+01 1.830308e+01 6.955382e-01
4.786301e-04 1.495391e+01 1.028874e+01 1.815151e+01 6.880300e-01
4.897788e-04 1.488383e+01 1.013047e+01 1.800429e+01 6.806359e-01
5.011872e-04 1.481556e+01 9.976229e+00 1.786130e+01 6.733615e-01
5.128614e-04 1.474903e+01 9.825984e+00 1.772241e+01 6.662124e-01
5.248075e-04 1.468413e+01 9.679690e+00 1.758750e+01 6.591939e-01
5.370318e-04 1.462079e+01 9.537303e+00 1.745645e+01 6.523110e-01
5.495409e-04 1.455892e+01 9.398781e+00 1.732914e+01 6.455685e-01
5.623413e-04 1.449844e+01 9.264081e+00 1.720546e+01 6.389709e-01
5.754399e-04 1.443927e+01 9.133160e+00 1.708529e+01 6.325225e-01
5.888437e-04 1.438132e+01 9.005974e+00 1.696850e+01 6.262273e-01
6.025596e-04 1.432452e+01 8.882480e+00 1.685498e+01 6.200892e-01
6.165950e-04 1.426879e+01 8.762633e+00 1.674462e+01 6.141117e-01
6.309573e-04 1.421406e+01 8.646389e+00 1.663730e+01 6.082982e-01
6.456542e-04 1.416026e+01 8.533703e+00 1.653290e+01 6.026518e-01
6.606934e-04 1.410729e+01 8.424528e+00 1.643132e+01 5.971754e-01
6.760830e-04 1.405511e+01 8.318820e+00 1.633245e+01 5.918717e-01
6.918310e-04 1.400362e+01 8.216532e+00 1.623616e+01 5.867432e-01
7.079458e-04 1.395278e+01 8.117616e+00 1.614236e+01 5.817922e-01
7.244360e-04 1.390249e+01 8.022025e+00 1.605092e+01 5.770206e-01
7.413102e-04 1.385271e+01 7.929712e+00 1.596176e+01 5.724305e-01
7.585776e-04 1.380335e+01 7.840627e+00 1.587476e+01 5.680235e-01
7.762471e-04 1.375436e+01 7.754721e+00 1.578981e+01 5.638010e-01
7.943282e-04 1.370567e+01 7.671945e+00 1.570682e+01 5.597644e-01
8.128305e-04 1.365722e+01 7.592248e+00 1.562568e+01 5.559148e-01
8.317638e-04 1.360894e+01 7.515580e+00 1.554629e+01 5.522533e-01
8.511380e-04 1.356077e+01 7.441888e+00 1.546856e+01 5.487805e-01
8.709636e-04 1.351266e+01 7.371120e+00 1.539238e+01 5.454972e-01
8.912509e-04 1.346455e+01 7.303223e+00 1.531767e+01 5.424039e-01
9.120108e-04 1.341637e+01 7.238144e+00 1.524433e+01 5.395009e-01
9.332543e-04 1.336808e+01 7.175829e+00 1.517228e+01 5.367885e-01
9.549926e-04 1.331961e+01 7.116222e+00 1.510141e+01 5.342667e-01
9.772372e-04 1.327091e+01 7.059269e+00 1.503165e+01 5.319355e-01
1.000000e-03 1.322194e+01 7.004912e+00 1.496290e+01 5.297948e-01
1.023293e-03 1.317263e+01 6.953096e+00 1.489509e+01 5.278442e-01
1.047129e-03 1.312294e+01 6.903763e+00 1.482813e+01 5.260834e-01
1.071519e-03 1.307283e+01 6.856855e+00 1.476195e+01 5.245120e-01
1.096478e-03 1.302223e+01 6.812312e+00 1.469647e+01 5.231293e-01
1.122018e-03 1.297112e+01 6.770077e+00 1.463160e+01 5.219348e-01
1.148154e-03 1.291944e+01 6.730090e+00 1.456729e+01 5.209276e-01
1.174898e-03 1.286714e+01 6.692289e+00 1.450345e+01 5.201069e-01
1.202264e-03 1.281420e+01 6.656615e+00 1.444002e+01 5.194718e-01
1.230269e-03 1.276056e+01 6.623005e+00 1.437693e+01 5.190214e-01
1.258925e-03 1.270620e+01 6.591399e+00 1.431412e+01 5.187547e-01
1.288250e-03 1.265106e+01 6.561732e+00 1.425152e+01 5.186705e-01
1.318257e-03 1.259512e+01 6.533944e+00 1.418906e+01 5.187677e-01
1.348963e-03 1.253835e+01 6.507969e+00 1.412671e+01 5.190452e-01
1.380384e-03 1.248070e+01 6.483745e+00 1.406438e+01 5.195017e-01
1.412538e-03 1.242215e+01 6.461208e+00 1.400204e+01 5.201358e-01
1.445440e-03 1.236268e+01 6.440292e+00 1.393962e+01 5.209464e-01
1.479108e-03 1.230224e+01 6.420933e+00 1.387708e+01 5.219320e-01
1.513561e-03 1.224082e+01 6.403065e+00 1.381437e+01 5.230913e-01
1.548817e-03 1.217839e+01 6.386623e+00 1.375144e+01 5.244228e-01
1.584893e-03 1.211492e+01 6.371540e+00 1.368824e+01 5.259250e-01
1.621810e-03 1.205040e+01 6.357751e+00 1.362473e+01 5.275965e-01
1.659587e-03 1.198481e+01 6.345188e+00 1.356087e+01 5.294357e-01
1.698244e-03 1.191813e+01 6.333786e+00 1.349662e+01 5.314411e-01
1.737801e-03 1.185034e+01 6.323476e+00 1.343194e+01 5.336111e-01
1.778279e-03 1.178144e+01 6.314191e+00 1.336680e+01 5.359441e-01
1.819701e-03 1.171140e+01 6.305865e+00 1.330115e+01 5.384384e-01
1.862087e-03 1.164021e+01 6.298429e+00 1.323498e+01 5.410923e-01
1.905461e-03 1.156788e+01 6.291816e+00 1.316825e+01 5.439042e-01
1.949845e-03 1.149438e+01 6.285958e+00 1.310092e+01 5.468721e-01
1.995262e-03 1.141973e+01 6.280787e+00 1.303298e+01 5.499944e-01
2.041738e-03 1.134391e+01 6.276236e+00 1.296439e+01 5.532691e-01
2.089296e-03 1.126693e+01 6.272237e+00 1.289514e+01 5.566944e-01
2.137962e-03 1.118879e+01 6.268723e+00 1.282520e+01 5.602683e-01
2.187762e-03 1.110949e+01 6.265626e+00 1.275456e+01 5.639888e-01
2.238721e-03 1.102903e+01 6.262880e+00 1.268319e+01 5.678539e-01
2.290868e-03 1.094744e+01 6.260419e+00 1.261108e+01 5.718614e-01
2.344229e-03 1.086472e+01 6.258177e+00 1.253822e+01 5.760091e-01
2.398833e-03 1.078088e+01 6.256088e+00 1.246459e+01 5.802948e-01
2.454709e-03 1.069594e+01 6.254088e+00 1.239019e+01 5.847162e-01
2.511886e-03 1.060991e+01 6.252113e+00 1.231500e+01 5.892709e-01
2.570396e-03 1.052283e+01 6.250101e+00 1.223902e+01 5.939564e-01
2.630268e-03 1.043470e+01 6.247991e+00 1.216225e+01 5.987704e-01
2.691535e-03 1.034556e+01 6.245721e+00 1.208469e+01 6.037100e-01
2.754229e-03 1.025544e+01 6.243234e+00 1.200633e+01 6.087728e-01
2.818383e-03 1.016436e+01 6.240471e+00 1.192718e+01 6.139560e-01
2.884032e-03 1.007236e+01 6.237377e+00 1.184725e+01 6.192569e-01
2.951209e-03 9.979467e+00 6.233898e+00 1.176653e+01 6.246724e-01
3.019952e-03 9.885722e+00 6.229981e+00 1.168504e+01 6.301998e-01
3.090295e-03 9.791164e+00 6.225576e+00 1.160279e+01 6.358361e-01
3.162278e-03 9.695833e+00 6.220636e+00 1.151979e+01 6.415783e-01
3.235937e-03 9.599771e+00 6.215115e+00 1.143605e+01 6.474232e-01
3.311311e-03 9.503021e+00 6.208969e+00 1.135159e+01 6.533679e-01
3.388442e-03 9.405630e+00 6.202157e+00 1.126644e+01 6.594090e-01
3.467369e-03 9.307645e+00 6.194642e+00 1.118060e+01 6.655434e-01
3.548134e-03 9.209112e+00 6.186387e+00 1.109410e+01 6.717680e-01
3.630781e-03 9.110083e+00 6.177360e+00 1.100697e+01 6.780795e-01
3.715352e-03 9.010607e+00 6.167531e+00 1.091922e+01 6.844746e-01
3.801894e-03 8.910734e+00 6.156873e+00 1.083089e+01 6.909501e-01
3.890451e-03 8.810516e+00 6.145360e+00 1.074200e+01 6.975028e-01
3.981072e-03 8.710005e+00 6.132971e+00 1.065258e+01 7.041295e-01
4.073803e-03 8.609253e+00 6.119688e+00 1.056266e+01 7.108268e-01
4.168694e-03 8.508312e+00 6.105495e+00 1.047227e+01 7.175918e-01
4.265795e-03 8.407234e+00 6.090378e+00 1.038144e+01 7.244211e-01
4.365158e-03 8.306070e+00 6.074327e+00 1.029020e+01 7.313118e-01
4.466836e-03 8.204871e+00 6.057334e+00 1.019859e+01 7.382606e-01
4.570882e-03 8.103688e+00 6.039393e+00 1.010663e+01 7.452648e-01
4.677351e-03 8.002571e+00 6.020503e+00 1.001437e+01 7.523211e-01
4.786301e-03 7.901567e+00 6.000663e+00 9.921830e+00 7.594269e-01
4.897788e-03 7.800725e+00 5.979874e+00 9.829049e+00 7.665792e-01
5.011872e-03 7.700091e+00 5.958140e+00 9.736059e+00 7.737753e-01
5.128614e-03 7.599710e+00 5.935469e+00 9.642893e+00 7.810125e-01
5.248075e-03 7.499627e+00 5.911867e+00 9.549585e+00 7.882882e-01
5.370318e-03 7.399884e+00 5.887345e+00 9.456168e+00 7.955997e-01
5.495409e-03 7.300521e+00 5.861914e+00 9.362673e+00 8.029446e-01
5.623413e-03 7.201579e+00 5.835586e+00 9.269131e+00 8.103204e-01
5.754399e-03 7.103095e+00 5.808376e+00 9.175576e+00 8.177247e-01
5.888437e-03 7.005105e+00 5.780300e+00 9.082035e+00 8.251553e-01
6.025596e-03 6.907646e+00 5.751373e+00 8.988541e+00 8.326098e-01
6.165950e-03 6.810749e+00 5.721614e+00 8.895120e+00 8.400860e-01
6.309573e-03 6.714446e+00 5.691041e+00 8.801803e+00 8.475816e-01
6.456542e-03 6.618768e+00 5.659673e+00 8.708616e+00 8.550946e-01
6.606934e-03 6.523744e+00 5.627529e+00 8.615586e+00 8.626227e-01
6.760830e-03 6.429400e+00 5.594630e+00 8.522738e+00 8.701637e-01
6.918310e-03 6.335762e+00 5.560997e+00 8.430098e+00 8.777156e-01
7.079458e-03 6.242854e+00 5.526650e+00 8.337691e+00 8.852762e-01
7.244360e-03 6.150700e+00 5.491612e+00 8.245539e+00 8.928433e-01
7.413102e-03 6.059322e+00 5.455903e+00 8.153665e+00 9.004147e-01
7.585776e-03 5.968739e+00 5.419545e+00 8.062091e+00 9.079883e-01
7.762471e-03 5.878971e+00 5.382561e+00 7.970838e+00 9.155617e-01
7.943282e-03 5.790036e+00 5.344972e+00 7.879927e+00 9.231326e-01
8.128305e-03 5.701952e+00 5.306800e+00 7.789376e+00 9.306988e-01
8.317638e-03 5.614734e+00 5.268067e+00 7.699206e+00 9.382577e-01
8.511380e-03 5.528398e+00 5.228796e+00 7.609434e+00 9.458068e-01
8.709636e-03 5.442957e+00 5.189008e+00 7.520079e+00 9.533437e-01
8.912509e-03 5.358424e+00 5.148726e+00 7.431157e+00 9.608656e-01
9.120108e-03 5.274813e+00 5.107970e+00 7.342685e+00 9.683699e-01
9.332543e-03 5.192135e+00 5.066764e+00 7.254679e+00 9.758538e-01
9.549926e-03 5.110400e+00 5.025129e+00 7.167155e+00 9.833143e-01
9.772372e-03 5.029619e+00 4.983087e+00 7.080129e+00 9.907485e-01
1.000000e-02 4.949800e+00 4.940659e+00 6.993614e+00 9.981534e-01
1.023293e-02 4.870952e+00 4.897868e+00 6.907625e+00 1.005526e+00
1.047129e-02 4.793083e+00 4.854734e+00 6.822176e+00 1.012862e+00
1.071519e-02 4.716200e+00 4.811279e+00 6.737280e+00 1.020160e+00
1.096478e-02 4.640309e+00 4.767525e+00 6.652951e+00 1.027415e+00
1.122018e-02 4.565416e+00 4.723493e+00 6.569202e+00 1.034625e+00
1.148154e-02 4.491526e+00 4.679205e+00 6.486043e+00 1.041785e+00
1.174898e-02 4.418642e+00 4.634681e+00 6.403489e+00 1.048893e+00
1.202264e-02 4.346770e+00 4.589943e+00 6.321549e+00 1.055944e+00
1.230269e-02 4.275910e+00 4.545012e+00 6.240236e+00 1.062934e+00
1.258925e-02 4.206067e+00 4.499909e+00 6.159560e+00 1.069862e+00
1.288250e-02 4.137240e+00 4.454655e+00 6.079532e+00 1.076721e+00
1.318257e-02 4.069432e+00 4.409269e+00 6.000161e+00 1.083510e+00
1.348963e-02 4.002642e+00 4.363774e+00 5.921458e+00 1.090223e+00
1.380384e-02 3.936870e+00 4.318188e+00 5.843431e+00 1.096858e+00
1.412538e-02 3.872114e+00 4.272532e+00 5.766090e+00 1.103411e+00
1.445440e-02 3.808373e+00 4.226826e+00 5.689443e+00 1.109877e+00
1.479108e-02 3.745644e+00 4.181089e+00 5.613498e+00 1.116254e+00
1.513561e-02 3.683925e+00 4.135342e+00 5.538262e+00 1.122537e+00
1.548817e-02 3.623211e+00 4.089602e+00 5.463744e+00 1.128723e+00
1.584893e-02 3.563497e+00 4.043888e+00 5.389948e+00 1.134809e+00
1.621810e-02 3.504781e+00 3.998219e+00 5.316883e+00 1.140790e+00
1.659587e-02 3.447054e+00 3.952613e+00 5.244553e+00 1.146664e+00
1.698244e-02 3.390313e+00 3.907087e+00 5.172963e+00 1.152427e+00
1.737801e-02 3.334549e+00 3.861658e+00 5.102120e+00 1.158075e+00
1.778279e-02 3.279757e+00 3.816344e+00 5.032026e+00 1.163606e+00
1.819701e-02 3.225927e+00 3.771161e+00 4.962687e+00 1.169016e+00
1.862087e-02 3.173053e+00 3.726124e+00 4.894105e+00 1.174302e+00
1.905461e-02 3.121126e+00 3.681249e+00 4.826284e+00 1.179462e+00
1.949845e-02 3.070137e+00 3.636550e+00 4.759227e+00 1.184491e+00
1.995262e-02 3.020077e+00 3.592043e+00 4.692935e+00 1.189388e+00
2.041738e-02 2.970936e+00 3.547742e+00 4.627411e+00 1.194150e+00
2.089296e-02 2.922704e+00 3.503659e+00 4.562655e+00 1.198773e+00
2.137962e-02 2.875371e+00 3.459808e+00 4.498670e+00 1.203256e+00
2.187762e-02 2.828926e+00 3.416202e+00 4.435455e+00 1.207597e+00
2.238721e-02 2.783359e+00 3.372852e+00 4.373010e+00 1.211792e+00
2.290868e-02 2.738659e+00 3.329770e+00 4.311336e+00 1.215839e+00
2.344229e-02 2.694815e+00 3.286967e+00 4.250433e+00 1.219738e+00
2.398833e-02 2.651815e+00 3.244454e+00 4.190299e+00 1.223484e+00
2.454709e-02 2.609648e+00 3.202241e+00 4.130933e+00 1.227078e+00
2.511886e-02 2.568302e+00 3.160338e+00 4.072335e+00 1.230516e+00
2.570396e-02 2.527766e+00 3.118753e+00 4.014501e+00 1.233798e+00
2.630268e-02 2.488027e+00 3.077497e+00 3.957432e+00 1.236922e+00
2.691535e-02 2.449074e+00 3.036576e+00 3.901123e+00 1.239887e+00
2.754229e-02 2.410895e+00 2.996000e+00 3.845573e+00 1.242692e+00
2.818383e-02 2.373477e+00 2.955776e+00 3.790779e+00 1.245336e+00
2.884032e-02 2.336809e+00 2.915911e+00 3.736738e+00 1.247817e+00
2.951209e-02 2.300878e+00 2.876412e+00 3.683447e+00 1.250136e+00
3.019952e-02 2.265673e+00 2.837285e+00 3.630903e+00 1.252292e+00
3.090295e-02 2.231180e+00 2.798537e+00 3.579102e+00 1.254285e+00
3.162278e-02 2.197388e+00 2.760173e+00 3.528041e+00 1.256115e+00
3.235937e-02 2.164285e+00 2.722199e+00 3.477715e+00 1.257782e+00
3.311311e-02 2.131858e+00 2.684620e+00 3.428120e+00 1.259287e+00
3.388442e-02 2.100095e+00 2.647441e+00 3.379252e+00 1.260630e+00
3.467369e-02 2.068983e+00 2.610667e+00 3.331106e+00 1.261812e+00
3.548134e-02 2.038511e+00 2.574300e+00 3.283679e+00 1.262834e+00
3.630781e-02 2.008665e+00 2.538346e+00 3.236964e+00 1.263698e+00
3.715352e-02 1.979435e+00 2.502808e+00 3.190957e+00 1.264405e+00
3.801894e-02 1.950807e+00 2.467689e+00 3.145653e+00 1.264958e+00
3.890451e-02 1.922769e+00 2.432992e+00 3.101047e+00 1.265358e+00
3.981072e-02 1.895310e+00 2.398719e+00 3.057132e+00 1.265608e+00
4.073803e-02 1.868416e+00 2.364874e+00 3.013902e+00 1.265711e+00
4.168694e-02 1.842076e+00 2.331458e+00 2.971353e+00 1.265669e+00
4.265795e-02 1.816277e+00 2.298473e+00 2.929478e+00 1.265486e+00
4.365158e-02 1.791007e+00 2.265921e+00 2.888270e+00 1.265166e+00
4.466836e-02 1.766254e+00 2.233802e+00 2.847723e+00 1.264711e+00
4.570882e-02 1.742007e+00 2.202118e+00 2.807830e+00 1.264127e+00
4.677351e-02 1.718252e+00 2.170869e+00 2.768585e+00 1.263417e+00
4.786301e-02 1.694979e+00 2.140056e+00 2.729981e+00 1.262586e+00
4.897788e-02 1.672175e+00 2.109679e+00 2.692009e+00 1.261638e+00
5.011872e-02 1.649828e+00 2.079737e+00 2.654664e+00 1.260578e+00
5.128614e-02 1.627927e+00 2.050230e+00 2.617937e+00 1.259411e+00
5.248075e-02 1.606461e+00 2.021158e+00 2.581820e+00 1.258143e+00
5.370318e-02 1.585416e+00 1.992519e+00 2.546306e+00 1.256779e+00
5.495409e-02 1.564783e+00 1.964311e+00 2.511387e+00 1.255325e+00
5.623413e-02 1.544549e+00 1.936534e+00 2.477054e+00 1.253786e+00
5.754399e-02 1.524704e+00 1.909186e+00 2.443300e+00 1.252168e+00
5.888437e-02 1.505237e+00 1.882264e+00 2.410115e+00 1.250477e+00
6.025596e-02 1.486136e+00 1.855766e+00 2.377492e+00 1.248719e+00
6.165950e-02 1.467391e+00 1.829690e+00 2.345422e+00 1.246900e+00
6.309573e-02 1.448992e+00 1.804033e+00 2.313895e+00 1.245026e+00
6.456542e-02 1.430927e+00 1.778791e+00 2.282903e+00 1.243104e+00
6.606934e-02 1.413186e+00 1.753962e+00 2.252438e+00 1.241140e+00
6.760830e-02 1.395760e+00 1.729541e+00 2.222490e+00 1.239139e+00
6.918310e-02 1.378639e+00 1.705527e+00 2.193050e+00 1.237109e+00
7.079458e-02 1.361812e+00 1.681913e+00 2.164108e+00 1.235055e+00
7.244360e-02 1.345271e+00 1.658698e+00 2.135657e+00 1.232984e+00
7.413102e-02 1.329005e+00 1.635875e+00 2.107686e+00 1.230902e+00
7.585776e-02 1.313006e+00 1.613442e+00 2.080187e+00 1.228815e+00
7.762471e-02 1.297265e+00 1.591392e+00 2.053150e+00 1.226729e+00
7.943282e-02 1.281772e+00 1.569723e+00 2.026566e+00 1.224650e+00
8.128305e-02 1.266520e+00 1.548428e+00 2.000425e+00 1.222584e+00
8.317638e-02 1.251500e+00 1.527503e+00 1.974719e+00 1.220537e+00
8.511380e-02 1.236704e+00 1.506942e+00 1.949439e+00 1.218515e+00
8.709636e-02 1.222124e+00 1.486741e+00 1.924574e+00 1.216523e+00
8.912509e-02 1.207752e+00 1.466894e+00 1.900116e+00 1.214566e+00
9.120108e-02 1.193580e+00 1.447395e+00 1.876056e+00 1.212650e+00
9.332543e-02 1.179602e+00 1.428239e+00 1.852385e+00 1.210780e+00
9.549926e-02 1.165811e+00 1.409421e+00 1.829093e+00 1.208962e+00
9.772372e-02 1.152199e+00 1.390934e+00 1.806172e+00 1.207200e+00
1.000000e-01 1.138759e+00 1.372772e+00 1.783613e+00 1.205498e+00
1.023293e-01 1.125487e+00 1.354930e+00 1.761407e+00 1.203862e+00
1.047129e-01 1.112374e+00 1.337402e+00 1.739546e+00 1.202295e+00
1.071519e-01 1.099416e+00 1.320181e+00 1.718020e+00 1.200802e+00
1.096478e-01 1.086606e+00 1.303261e+00 1.696821e+00 1.199387e+00
1.122018e-01 1.073939e+00 1.286636e+00 1.675941e+00 1.198054e+00
1.148154e-01 1.061410e+00 1.270300e+00 1.655371e+00 1.196805e+00
1.174898e-01 1.049013e+00 1.254247e+00 1.635104e+00 1.195644e+00
1.202264e-01 1.036745e+00 1.238469e+00 1.615130e+00 1.194575e+00
1.230269e-01 1.024600e+00 1.222962e+00 1.595443e+00 1.193600e+00
1.258925e-01 1.012573e+00 1.207718e+00 1.576035e+00 1.192721e+00
1.288250e-01 1.000662e+00 1.192730e+00 1.556897e+00 1.191941e+00
1.318257e-01 9.888617e-01 1.177993e+00 1.538023e+00 1.191262e+00
1.348963e-01 9.771690e-01 1.163501e+00 1.519405e+00 1.190685e+00
1.380384e-01 9.655803e-01 1.149246e+00 1.501037e+00 1.190212e+00
1.412538e-01 9.540927e-01 1.135222e+00 1.482910e+00 1.189845e+00
1.445440e-01 9.427031e-01 1.121424e+00 1.465019e+00 1.189583e+00
1.479108e-01 9.314091e-01 1.107844e+00 1.447357e+00 1.189428e+00
1.513561e-01 9.202083e-01 1.094477e+00 1.429917e+00 1.189380e+00
1.548817e-01 9.090984e-01 1.081317e+00 1.412694e+00 1.189439e+00
1.584893e-01 8.980775e-01 1.068357e+00 1.395682e+00 1.189604e+00
1.621810e-01 8.871440e-01 1.055591e+00 1.378876e+00 1.189876e+00
1.659587e-01 8.762964e-01 1.043015e+00 1.362268e+00 1.190253e+00
1.698244e-01 8.655335e-01 1.030621e+00 1.345856e+00 1.190735e+00
1.737801e-01 8.548541e-01 1.018405e+00 1.329633e+00 1.191320e+00
1.778279e-01 8.442575e-01 1.006361e+00 1.313595e+00 1.192007e+00
1.819701e-01 8.337430e-01 9.944830e-01 1.297738e+00 1.192793e+00
1.862087e-01 8.233101e-01 9.827668e-01 1.282057e+00 1.193678e+00
1.905461e-01 8.129586e-01 9.712071e-01 1.266548e+00 1.194657e+00
1.949845e-01 8.026883e-01 9.597990e-01 1.251208e+00 1.195731e+00
1.995262e-01 7.924994e-01 9.485379e-01 1.236034e+00 1.196894e+00
2.041738e-01 7.823918e-01 9.374192e-01 1.221021e+00 1.198146e+00
2.089296e-01 7.723660e-01 9.264388e-01 1.206167e+00 1.199482e+00
2.137962e-01 7.624224e-01 9.155925e-01 1.191469e+00 1.200899e+00
2.187762e-01 7.525615e-01 9.048764e-01 1.176924e+00 1.202395e+00
2.238721e-01 7.427839e-01 8.942869e-01 1.162530e+00 1.203966e+00
2.290868e-01 7.330904e-01 8.838203e-01 1.148286e+00 1.205609e+00
2.344229e-01 7.234818e-01 8.734735e-01 1.134188e+00 1.207319e+00
2.398833e-01 7.139588e-01 8.632433e-01 1.120235e+00 1.209094e+00
2.454709e-01 7.045224e-01 8.531268e-01 1.106425e+00 1.210929e+00
2.511886e-01 6.951735e-01 8.431214e-01 1.092758e+00 1.212822e+00
2.570396e-01 6.859129e-01 8.332245e-01 1.079231e+00 1.214767e+00
2.630268e-01 6.767418e-01 8.234338e-01 1.065844e+00 1.216762e+00
2.691535e-01 6.676609e-01 8.137472e-01 1.052595e+00 1.218803e+00
2.754229e-01 6.586713e-01 8.041628e-01 1.039483e+00 1.220886e+00
2.818383e-01 6.497738e-01 7.946789e-01 1.026509e+00 1.223008e+00
2.884032e-01 6.409694e-01 7.852937e-01 1.013671e+00 1.225166e+00
2.951209e-01 6.322588e-01 7.760060e-01 1.000968e+00 1.227355e+00
3.019952e-01 6.236429e-01 7.668145e-01 9.884002e-01 1.229573e+00
3.090295e-01 6.151223e-01 7.577180e-01 9.759673e-01 1.231817e+00
3.162278e-01 6.066978e-01 7.487157e-01 9.636687e-01 1.234084e+00
3.235937e-01 5.983698e-01 7.398066e-01 9.515042e-01 1.236370e+00
3.311311e-01 5.901390e-01 7.309902e-01 9.394736e-01 1.238675e+00
3.388442e-01 5.820057e-01 7.222658e-01 9.275767e-01 1.240994e+00
3.467369e-01 5.739702e-01 7.136329e-01 9.158132e-01 1.243327e+00
3.548134e-01 5.660329e-01 7.050913e-01 9.041830e-01 1.245672e+00
3.630781e-01 5.581938e-01 6.966406e-01 8.926861e-01 1.248026e+00
3.715352e-01 5.504530e-01 6.882806e-01 8.813221e-01 1.250389e+00
3.801894e-01 5.428104e-01 6.800113e-01 8.700911e-01 1.252760e+00
3.890451e-01 5.352659e-01 6.718326e-01 8.589928e-01 1.255138e+00
3.981072e-01 5.278192e-01 6.637444e-01 8.480270e-01 1.257522e+00
4.073803e-01 5.204698e-01 6.557470e-01 8.371935e-01 1.259913e+00
4.168694e-01 5.132174e-01 6.478402e-01 8.264921e-01 1.262311e+00
4.265795e-01 5.060614e-01 6.400244e-01 8.159224e-01 1.264717e+00
4.365158e-01 4.990010e-01 6.322996e-01 8.054842e-01 1.267131e+00
4.466836e-01 4.920355e-01 6.246659e-01 7.951770e-01 1.269555e+00
4.570882e-01 4.851639e-01 6.171236e-01 7.850003e-01 1.271990e+00
4.677351e-01 4.783853e-01 6.096728e-01 7.749538e-01 1.274439e+00
4.786301e-01 4.716986e-01 6.023136e-01 7.650368e-01 1.276904e+00
4.897788e-01 4.651026e-01 5.950462e-01 7.552486e-01 1.279387e+00
5.011872e-01 4.585961e-01 5.878707e-01 7.455886e-01 1.281892e+00
5.128614e-01 4.521777e-01 5.807872e-01 7.360560e-01 1.284422e+00
5.248075e-01 4.458460e-01 5.737957e-01 7.266500e-01 1.286982e+00
5.370318e-01 4.395996e-01 5.668961e-01 7.173695e-01 1.289574e+00
5.495409e-01 4.334367e-01 5.600886e-01 7.082137e-01 1.292204e+00
5.623413e-01 4.273559e-01 5.533728e-01 6.991813e-01 1.294876e+00
5.754399e-01 4.213554e-01 5.467488e-01 6.902714e-01 1.297596e+00
5.888437e-01 4.154335e-01 5.402163e-01 6.814827e-01 1.300368e+00
6.025596e-01 4.095884e-01 5.337750e-01 6.728138e-01 1.303199e+00
6.165950e-01 4.038183e-01 5.274245e-01 6.642633e-01 1.306094e+00
6.309573e-01 3.981213e-01 5.211645e-01 6.558300e-01 1.309059e+00
6.456542e-01 3.924956e-01 5.149944e-01 6.475122e-01 1.312102e+00
6.606934e-01 3.869393e-01 5.089137e-01 6.393084e-01 1.315229e+00
6.760830e-01 3.814504e-01 5.029218e-01 6.312169e-01 1.318446e+00
6.918310e-01 3.760271e-01 4.970180e-01 6.232361e-01 1.321761e+00
7.079458e-01 3.706673e-01 4.912014e-01 6.153642e-01 1.325181e+00
7.244360e-01 3.653692e-01 4.854712e-01 6.075994e-01 1.328714e+00
7.413102e-01 3.601309e-01 4.798266e-01 5.999398e-01 1.332367e+00
7.585776e-01 3.549504e-01 4.742664e-01 5.923837e-01 1.336148e+00
7.762471e-01 3.498259e-01 4.687897e-01 5.849290e-01 1.340066e+00
7.943282e-01 3.447555e-01 4.633952e-01 5.775738e-01 1.344127e+00
8.128305e-01 3.397375e-01 4.580817e-01 5.703161e-01 1.348340e+00
8.317638e-01 3.347699e-01 4.528481e-01 5.631539e-01 1.352714e+00
8.511380e-01 3.298512e-01 4.476928e-01 5.560851e-01 1.357257e+00
8.709636e-01 3.249795e-01 4.426146e-01 5.491078e-01 1.361977e+00
8.912509e-01 3.201533e-01 4.376120e-01 5.422198e-01 1.366883e+00
9.120108e-01 3.153709e-01 4.326834e-01 5.354192e-01 1.371983e+00
9.332543e-01 3.106308e-01 4.278273e-01 5.287038e-01 1.377286e+00
9.549926e-01 3.059315e-01 4.230420e-01 5.220715e-01 1.382800e+00
9.772372e-01 3.012717e-01 4.183260e-01 5.155204e-01 1.388534e+00
1.000000e+00 2.966499e-01 4.136775e-01 5.090484e-01 1.394497e+00
1.023293e+00 2.920650e-01 4.090948e-01 5.026535e-01 1.400698e+00
1.047129e+00 2.875156e-01 4.045762e-01 4.963337e-01 1.407145e+00
1.071519e+00 2.830007e-01 4.001198e-01 4.900870e-01 1.413847e+00
1.096478e+00 2.785192e-01 3.957238e-01 4.839114e-01 1.420814e+00
1.122018e+00 2.740701e-01 3.913865e-01 4.778052e-01 1.428053e+00
1.148154e+00 2.696524e-01 3.871059e-01 4.717663e-01 1.435574e+00
1.174898e+00 2.652655e-01 3.828803e-01 4.657930e-01 1.443385e+00
1.202264e+00 2.609085e-01 3.787078e-01 4.598835e-01 1.451497e+00
1.230269e+00 2.565807e-01 3.745865e-01 4.540360e-01 1.459917e+00
1.258925e+00 2.522816e-01 3.705146e-01 4.482489e-01 1.468655e+00
1.288250e+00 2.480106e-01 3.664902e-01 4.425204e-01 1.477720e+00
1.318257e+00 2.437672e-01 3.625116e-01 4.368491e-01 1.487122e+00
1.348963e+00 2.395511e-01 3.585769e-01 4.312332e-01 1.496870e+00
1.380384e+00 2.353620e-01 3.546843e-01 4.256715e-01 1.506973e+00
1.412538e+00 2.311996e-01 3.508320e-01 4.201623e-01 1.517442e+00
1.445440e+00 2.270639e-01 3.470183e-01 4.147044e-01 1.528285e+00
1.479108e+00 2.229546e-01 3.432416e-01 4.092964e-01 1.539513e+00
1.513561e+00 2.188718e-01 3.395000e-01 4.039370e-01 1.551136e+00
1.548817e+00 2.148155e-01 3.357920e-01 3.986251e-01 1.563165e+00
1.584893e+00 2.107858e-01 3.321159e-01 3.933594e-01 1.575609e+00
1.621810e+00 2.067829e-01 3.284703e-01 3.881390e-01 1.588479e+00
1.659587e+00 2.028069e-01 3.248535e-01 3.829627e-01 1.601787e+00
1.698244e+00 1.988582e-01 3.212641e-01 3.778296e-01 1.615543e+00
1.737801e+00 1.949371e-01 3.177007e-01 3.727388e-01 1.629760e+00
1.778279e+00 1.910439e-01 3.141619e-01 3.676894e-01 1.644448e+00
1.819701e+00 1.871791e-01 3.106463e-01 3.626805e-01 1.659621e+00
1.862087e+00 1.833431e-01 3.071527e-01 3.577115e-01 1.675289e+00
1.905461e+00 1.795365e-01 3.036800e-01 3.527816e-01 1.691466e+00
1.949845e+00 1.757597e-01 3.002268e-01 3.478902e-01 1.708166e+00
1.995262e+00 1.720134e-01 2.967921e-01 3.430367e-01 1.725401e+00
2.041738e+00 1.682982e-01 2.933749e-01 3.382205e-01 1.743185e+00
2.089296e+00 1.646147e-01 2.899742e-01 3.334412e-01 1.761532e+00
2.137962e+00 1.609636e-01 2.865890e-01 3.286983e-01 1.780458e+00
2.187762e+00 1.573456e-01 2.832185e-01 3.239913e-01 1.799977e+00
2.238721e+00 1.537614e-01 2.798619e-01 3.193200e-01 1.820105e+00
2.290868e+00 1.502118e-01 2.765185e-01 3.146840e-01 1.840858e+00
2.344229e+00 1.466974e-01 2.731875e-01 3.100831e-01 1.862251e+00
2.398833e+00 1.432192e-01 2.698683e-01 3.055170e-01 1.884303e+00
2.454709e+00 1.397778e-01 2.665604e-01 3.009855e-01 1.907030e+00
2.511886e+00 1.363740e-01 2.632633e-01 2.964885e-01 1.930450e+00
2.570396e+00 1.330087e-01 2.599766e-01 2.920259e-01 1.954583e+00
2.630268e+00 1.296827e-01 2.566998e-01 2.875977e-01 1.979445e+00
2.691535e+00 1.263968e-01 2.534328e-01 2.832037e-01 2.005058e+00
2.754229e+00 1.231516e-01 2.501753e-01 2.788440e-01 2.031441e+00
2.818383e+00 1.199482e-01 2.469270e-01 2.745187e-01 2.058614e+00
2.884032e+00 1.167872e-01 2.436879e-01 2.702277e-01 2.086598e+00
2.951209e+00 1.136694e-01 2.404579e-01 2.659713e-01 2.115415e+00
3.019952e+00 1.105955e-01 2.372371e-01 2.617495e-01 2.145087e+00
3.090295e+00 1.075664e-01 2.340255e-01 2.575625e-01 2.175637e+00
3.162278e+00 1.045828e-01 2.308232e-01 2.534105e-01 2.207086e+00
3.235937e+00 1.016452e-01 2.276305e-01 2.492938e-01 2.239460e+00
3.311311e+00 9.875451e-02 2.244475e-01 2.452124e-01 2.272782e+00
3.388442e+00 9.591125e-02 2.212746e-01 2.411668e-01 2.307077e+00
3.467369e+00 9.311604e-02 2.181122e-01 2.371572e-01 2.342370e+00
3.548134e+00 9.036947e-02 2.149606e-01 2.331838e-01 2.378686e+00
3.630781e+00 8.767208e-02 2.118203e-01 2.292471e-01 2.416052e+00
3.715352e+00 8.502435e-02 2.086918e-01 2.253473e-01 2.454495e+00
3.801894e+00 8.242673e-02 2.055757e-01 2.214849e-01 2.494042e+00
3.890451e+00 7.987964e-02 2.024726e-01 2.176600e-01 2.534721e+00
3.981072e+00 7.738342e-02 1.993830e-01 2.138732e-01 2.576559e+00
4.073803e+00 7.493839e-02 1.963076e-01 2.101248e-01 2.619587e+00
4.168694e+00 7.254478e-02 1.932472e-01 2.064152e-01 2.663833e+00
4.265795e+00 7.020282e-02 1.902025e-01 2.027447e-01 2.709328e+00
4.365158e+00 6.791262e-02 1.871741e-01 1.991137e-01 2.756102e+00
4.466836e+00 6.567430e-02 1.841629e-01 1.955226e-01 2.804185e+00
4.570882e+00 6.348787e-02 1.811697e-01 1.919718e-01 2.853611e+00
4.677351e+00 6.135331e-02 1.781952e-01 1.884615e-01 2.904410e+00
4.786301e+00 5.927053e-02 1.752402e-01 1.849922e-01 2.956616e+00
4.897788e+00 5.723940e-02 1.723056e-01 1.815643e-01 3.010263e+00
5.011872e+00 5.525972e-02 1.693922e-01 1.781779e-01 3.065384e+00
5.128614e+00 5.333122e-02 1.665008e-01 1.748335e-01 3.122014e+00
5.248075e+00 5.145362e-02 1.636322e-01 1.715312e-01 3.180188e+00
5.370318e+00 4.962653e-02 1.607871e-01 1.682715e-01 3.239943e+00
5.495409e+00 4.784956e-02 1.579664e-01 1.650545e-01 3.301315e+00
5.623413e+00 4.612222e-02 1.551709e-01 1.618804e-01 3.364341e+00
5.754399e+00 4.444401e-02 1.524011e-01 1.587494e-01 3.429059e+00
5.888437e+00 4.281437e-02 1.496580e-01 1.556618e-01 3.495509e+00
6.025596e+00 4.123270e-02 1.469422e-01 1.526176e-01 3.563729e+00
6.165950e+00 3.969834e-02 1.442543e-01 1.496170e-01 3.633760e+00
6.309573e+00 3.821062e-02 1.415949e-01 1.466601e-01 3.705644e+00
6.456542e+00 3.676881e-02 1.389648e-01 1.437469e-01 3.779422e+00
6.606934e+00 3.537216e-02 1.363645e-01 1.408775e-01 3.855137e+00
6.760830e+00 3.401988e-02 1.337945e-01 1.380519e-01 3.932832e+00
6.918310e+00 3.271117e-02 1.312553e-01 1.352700e-01 4.012553e+00
7.079458e+00 3.144517e-02 1.287474e-01 1.325318e-01 4.094344e+00
7.244360e+00 3.022105e-02 1.262712e-01 1.298373e-01 4.178253e+00
7.413102e+00 2.903791e-02 1.238271e-01 1.271863e-01 4.264326e+00
7.585776e+00 2.789486e-02 1.214155e-01 1.245787e-01 4.352612e+00
7.762471e+00 2.679099e-02 1.190367e-01 1.220143e-01 4.443161e+00
7.943282e+00 2.572539e-02 1.166909e-01 1.194930e-01 4.536022e+00
8.128305e+00 2.469711e-02 1.143785e-01 1.170144e-01 4.631249e+00
8.317638e+00 2.370524e-02 1.120995e-01 1.145785e-01 4.728892e+00
8.511380e+00 2.274883e-02 1.098543e-01 1.121850e-01 4.829008e+00
8.709636e+00 2.182694e-02 1.076428e-01 1.098334e-01 4.931649e+00
8.912509e+00 2.093863e-02 1.054652e-01 1.075237e-01 5.036874e+00
9.120108e+00 2.008296e-02 1.033216e-01 1.052553e-01 5.144740e+00
9.332543e+00 1.925902e-02 1.012120e-01 1.030280e-01 5.255305e+00
9.549926e+00 1.846586e-02 9.913635e-02 1.008415e-01 5.368630e+00
9.772372e+00 1.770257e-02 9.709465e-02 9.869524e-02 5.484776e+00
1.000000e+01 1.696825e-02 9.508681e-02 9.658894e-02 5.603807e+00
