1.000000e-06 3.643495e+01 3.557531e-01 3.643669e+01 9.764061e-03
1.023293e-06 3.643466e+01 3.640344e-01 3.643648e+01 9.991432e-03
1.047129e-06 3.643436e+01 3.725083e-01 3.643626e+01 1.022409e-02
1.071519e-06 3.643404e+01 3.811792e-01 3.643603e+01 1.046217e-02
1.096478e-06 3.643371e+01 3.900515e-01 3.643579e+01 1.070579e-02
1.122018e-06 3.643336e+01 3.991301e-01 3.643554e+01 1.095507e-02
1.148154e-06 3.643299e+01 4.084197e-01 3.643528e+01 1.121016e-02
1.174898e-06 3.643261e+01 4.179251e-01 3.643501e+01 1.147118e-02
1.202264e-06 3.643221e+01 4.276514e-01 3.643472e+01 1.173828e-02
1.230269e-06 3.643179e+01 4.376036e-01 3.643442e+01 1.201159e-02
1.258925e-06 3.643135e+01 4.477870e-01 3.643410e+01 1.229126e-02
1.288250e-06 3.643089e+01 4.582069e-01 3.643377e+01 1.257743e-02
1.318257e-06 3.643041e+01 4.688688e-01 3.643342e+01 1.287026e-02
1.348963e-06 3.642990e+01 4.797782e-01 3.643306e+01 1.316990e-02
1.380384e-06 3.642937e+01 4.909409e-01 3.643268e+01 1.347651e-02
1.412538e-06 3.642882e+01 5.023626e-01 3.643229e+01 1.379025e-02
1.445440e-06 3.642824e+01 5.140495e-01 3.643187e+01 1.411129e-02
1.479108e-06 3.642764e+01 5.260075e-01 3.643143e+01 1.443979e-02
1.513561e-06 3.642700e+01 5.382429e-01 3.643098e+01 1.477593e-02
1.548817e-06 3.642634e+01 5.507621e-01 3.643050e+01 1.511989e-02
1.584893e-06 3.642564e+01 5.635717e-01 3.643000e+01 1.547184e-02
1.621810e-06 3.642491e+01 5.766782e-01 3.642948e+01 1.583197e-02
1.659587e-06 3.642415e+01 5.900885e-01 3.642893e+01 1.620048e-02
1.698244e-06 3.642335e+01 6.038096e-01 3.642835e+01 1.657754e-02
1.737801e-06 3.642251e+01 6.178487e-01 3.642775e+01 1.696337e-02
1.778279e-06 3.642164e+01 6.322129e-01 3.642712e+01 1.735817e-02
1.819701e-06 3.642072e+01 6.469097e-01 3.642647e+01 1.776213e-02
1.862087e-06 3.641976e+01 6.619468e-01 3.642578e+01 1.817548e-02
1.905461e-06 3.641876e+01 6.773319e-01 3.642505e+01 1.859844e-02
1.949845e-06 3.641770e+01 6.930730e-01 3.642430e+01 1.903121e-02
1.995262e-06 3.641660e+01 7.091781e-01 3.642350e+01 1.947403e-02
2.041738e-06 3.641545e+01 7.256556e-01 3.642268e+01 1.992714e-02
2.089296e-06 3.641424e+01 7.425140e-01 3.642181e+01 2.039076e-02
2.137962e-06 3.641297e+01 7.597619e-01 3.642090e+01 2.086514e-02
2.187762e-06 3.641165e+01 7.774082e-01 3.641995e+01 2.135054e-02
2.238721e-06 3.641026e+01 7.954619e-01 3.641895e+01 2.184719e-02
2.290868e-06 3.640881e+01 8.139322e-01 3.641791e+01 2.235536e-02
2.344229e-06 3.640729e+01 8.328286e-01 3.641681e+01 2.287533e-02
2.398833e-06 3.640570e+01 8.521607e-01 3.641567e+01 2.340734e-02
2.454709e-06 3.640403e+01 8.719383e-01 3.641447e+01 2.395169e-02
2.511886e-06 3.640229e+01 8.921714e-01 3.641322e+01 2.450866e-02
2.570396e-06 3.640046e+01 9.128704e-01 3.641191e+01 2.507854e-02
2.630268e-06 3.639855e+01 9.340456e-01 3.641053e+01 2.566162e-02
2.691535e-06 3.639655e+01 9.557078e-01 3.640909e+01 2.625820e-02
2.754229e-06 3.639445e+01 9.778678e-01 3.640759e+01 2.686859e-02
2.818383e-06 3.639226e+01 1.000537e+00 3.640601e+01 2.749312e-02
2.884032e-06 3.638996e+01 1.023726e+00 3.640436e+01 2.813210e-02
2.951209e-06 3.638756e+01 1.047447e+00 3.640263e+01 2.878586e-02
3.019952e-06 3.638504e+01 1.071712e+00 3.640082e+01 2.945474e-02
3.090295e-06 3.638241e+01 1.096532e+00 3.639893e+01 3.013908e-02
3.162278e-06 3.637965e+01 1.121921e+00 3.639694e+01 3.083924e-02
3.235937e-06 3.637676e+01 1.147890e+00 3.639487e+01 3.155558e-02
3.311311e-06 3.637374e+01 1.174452e+00 3.639269e+01 3.228845e-02
3.388442e-06 3.637057e+01 1.201620e+00 3.639042e+01 3.303825e-02
3.467369e-06 3.636726e+01 1.229408e+00 3.638804e+01 3.380535e-02
3.548134e-06 3.636379e+01 1.257829e+00 3.638554e+01 3.459014e-02
3.630781e-06 3.636016e+01 1.286896e+00 3.638293e+01 3.539302e-02
3.715352e-06 3.635637e+01 1.316624e+00 3.638020e+01 3.621440e-02
3.801894e-06 3.635239e+01 1.347027e+00 3.637734e+01 3.705469e-02
3.890451e-06 3.634823e+01 1.378119e+00 3.637434e+01 3.791433e-02
3.981072e-06 3.634387e+01 1.409915e+00 3.637121e+01 3.879375e-02
4.073803e-06 3.633931e+01 1.442430e+00 3.636793e+01 3.969338e-02
4.168694e-06 3.633454e+01 1.475679e+00 3.636449e+01 4.061368e-02
4.265795e-06 3.632954e+01 1.509678e+00 3.636090e+01 4.155512e-02
4.365158e-06 3.632432e+01 1.544443e+00 3.635713e+01 4.251815e-02
4.466836e-06 3.631885e+01 1.579989e+00 3.635320e+01 4.350327e-02
4.570882e-06 3.631312e+01 1.616332e+00 3.634907e+01 4.451097e-02
4.677351e-06 3.630713e+01 1.653489e+00 3.634476e+01 4.554173e-02
4.786301e-06 3.630086e+01 1.691477e+00 3.634024e+01 4.659607e-02
4.897788e-06 3.629430e+01 1.730313e+00 3.633552e+01 4.767451e-02
5.011872e-06 3.628743e+01 1.770013e+00 3.633057e+01 4.877758e-02
5.128614e-06 3.628024e+01 1.810595e+00 3.632540e+01 4.990582e-02
5.248075e-06 3.627273e+01 1.852077e+00 3.631998e+01 5.105977e-02
5.370318e-06 3.626486e+01 1.894476e+00 3.631431e+01 5.224000e-02
5.495409e-06 3.625663e+01 1.937810e+00 3.630838e+01 5.344706e-02
5.623413e-06 3.624802e+01 1.982098e+00 3.630217e+01 5.468155e-02
5.754399e-06 3.623901e+01 2.027357e+00 3.629568e+01 5.594406e-02
5.888437e-06 3.622959e+01 2.073607e+00 3.628888e+01 5.723517e-02
6.025596e-06 3.621973e+01 2.120865e+00 3.628177e+01 5.855551e-02
6.165950e-06 3.620942e+01 2.169150e+00 3.627433e+01 5.990569e-02
6.309573e-06 3.619863e+01 2.218481e+00 3.626655e+01 6.128634e-02
6.456542e-06 3.618734e+01 2.268878e+00 3.625840e+01 6.269810e-02
6.606934e-06 3.617554e+01 2.320358e+00 3.624988e+01 6.414163e-02
6.760830e-06 3.616320e+01 2.372942e+00 3.624097e+01 6.561759e-02
6.918310e-06 3.615029e+01 2.426648e+00 3.623165e+01 6.712664e-02
7.079458e-06 3.613680e+01 2.481495e+00 3.622190e+01 6.866947e-02
7.244360e-06 3.612268e+01 2.537502e+00 3.621170e+01 7.024677e-02
7.413102e-06 3.610793e+01 2.594688e+00 3.620103e+01 7.185924e-02
7.585776e-06 3.609250e+01 2.653072e+00 3.618988e+01 7.350758e-02
7.762471e-06 3.607637e+01 2.712673e+00 3.617821e+01 7.519251e-02
7.943282e-06 3.605950e+01 2.773508e+00 3.616601e+01 7.691476e-02
8.128305e-06 3.604188e+01 2.835597e+00 3.615325e+01 7.867507e-02
8.317638e-06 3.602345e+01 2.898957e+00 3.613991e+01 8.047417e-02
8.511380e-06 3.600420e+01 2.963607e+00 3.612597e+01 8.231281e-02
8.709636e-06 3.598408e+01 3.029563e+00 3.611139e+01 8.419175e-02
8.912509e-06 3.596306e+01 3.096842e+00 3.609615e+01 8.611176e-02
9.120108e-06 3.594109e+01 3.165461e+00 3.608022e+01 8.807359e-02
9.332543e-06 3.591814e+01 3.235435e+00 3.606356e+01 9.007802e-02
9.549926e-06 3.589417e+01 3.306780e+00 3.604616e+01 9.212584e-02
9.772372e-06 3.586913e+01 3.379511e+00 3.602798e+01 9.421781e-02
1.000000e-05 3.584297e+01 3.453640e+00 3.600898e+01 9.635473e-02
1.023293e-05 3.581567e+01 3.529182e+00 3.598912e+01 9.853737e-02
1.047129e-05 3.578715e+01 3.606147e+00 3.596838e+01 1.007665e-01
1.071519e-05 3.575739e+01 3.684548e+00 3.594672e+01 1.030430e-01
1.096478e-05 3.572631e+01 3.764393e+00 3.592409e+01 1.053675e-01
1.122018e-05 3.569388e+01 3.845691e+00 3.590046e+01 1.077409e-01
1.148154e-05 3.566004e+01 3.928450e+00 3.587578e+01 1.101639e-01
1.174898e-05 3.562473e+01 4.012676e+00 3.585001e+01 1.126373e-01
1.202264e-05 3.558790e+01 4.098371e+00 3.582311e+01 1.151619e-01
1.230269e-05 3.554948e+01 4.185540e+00 3.579503e+01 1.177384e-01
1.258925e-05 3.550942e+01 4.274183e+00 3.576573e+01 1.203676e-01
1.288250e-05 3.546764e+01 4.364297e+00 3.573515e+01 1.230501e-01
1.318257e-05 3.542410e+01 4.455881e+00 3.570324e+01 1.257867e-01
1.348963e-05 3.537871e+01 4.548928e+00 3.566996e+01 1.285781e-01
1.380384e-05 3.533142e+01 4.643430e+00 3.563525e+01 1.314250e-01
1.412538e-05 3.528215e+01 4.739377e+00 3.559904e+01 1.343279e-01
1.445440e-05 3.523084e+01 4.836755e+00 3.556130e+01 1.372875e-01
1.479108e-05 3.517740e+01 4.935548e+00 3.552195e+01 1.403045e-01
1.513561e-05 3.512177e+01 5.035736e+00 3.548094e+01 1.433793e-01
1.548817e-05 3.506387e+01 5.137297e+00 3.543821e+01 1.465125e-01
1.584893e-05 3.500363e+01 5.240205e+00 3.539370e+01 1.497046e-01
1.621810e-05 3.494096e+01 5.344431e+00 3.534733e+01 1.529560e-01
1.659587e-05 3.487579e+01 5.449940e+00 3.529905e+01 1.562671e-01
1.698244e-05 3.480804e+01 5.556696e+00 3.524878e+01 1.596383e-01
1.737801e-05 3.473763e+01 5.664656e+00 3.519647e+01 1.630697e-01
1.778279e-05 3.466448e+01 5.773776e+00 3.514203e+01 1.665618e-01
1.819701e-05 3.458850e+01 5.884004e+00 3.508541e+01 1.701145e-01
1.862087e-05 3.450962e+01 5.995286e+00 3.502652e+01 1.737280e-01
1.905461e-05 3.442775e+01 6.107561e+00 3.496530e+01 1.774023e-01
1.949845e-05 3.434281e+01 6.220765e+00 3.490167e+01 1.811373e-01
1.995262e-05 3.425473e+01 6.334826e+00 3.483556e+01 1.849329e-01
2.041738e-05 3.416342e+01 6.449671e+00 3.476690e+01 1.887888e-01
2.089296e-05 3.406880e+01 6.565217e+00 3.469561e+01 1.927047e-01
2.137962e-05 3.397080e+01 6.681377e+00 3.462161e+01 1.966800e-01
2.187762e-05 3.386934e+01 6.798060e+00 3.454484e+01 2.007143e-01
2.238721e-05 3.376435e+01 6.915167e+00 3.446521e+01 2.048068e-01
2.290868e-05 3.365576e+01 7.032594e+00 3.438266e+01 2.089567e-01
2.344229e-05 3.354350e+01 7.150231e+00 3.429711e+01 2.131630e-01
2.398833e-05 3.342750e+01 7.267962e+00 3.420849e+01 2.174246e-01
2.454709e-05 3.330771e+01 7.385666e+00 3.411674e+01 2.217404e-01
2.511886e-05 3.318408e+01 7.503213e+00 3.402177e+01 2.261089e-01
2.570396e-05 3.305654e+01 7.620472e+00 3.392354e+01 2.305284e-01
2.630268e-05 3.292505e+01 7.737302e+00 3.382196e+01 2.349974e-01
2.691535e-05 3.278958e+01 7.853559e+00 3.371699e+01 2.395138e-01
2.754229e-05 3.265009e+01 7.969092e+00 3.360855e+01 2.440756e-01
2.818383e-05 3.250655e+01 8.083747e+00 3.349661e+01 2.486805e-01
2.884032e-05 3.235894e+01 8.197362e+00 3.338110e+01 2.533260e-01
2.951209e-05 3.220726e+01 8.309774e+00 3.326199e+01 2.580094e-01
3.019952e-05 3.205148e+01 8.420814e+00 3.313922e+01 2.627277e-01
3.090295e-05 3.189163e+01 8.530308e+00 3.301276e+01 2.674779e-01
3.162278e-05 3.172771e+01 8.638081e+00 3.288258e+01 2.722567e-01
3.235937e-05 3.155975e+01 8.743955e+00 3.274866e+01 2.770603e-01
3.311311e-05 3.138778e+01 8.847748e+00 3.261097e+01 2.818851e-01
3.388442e-05 3.121184e+01 8.949278e+00 3.246950e+01 2.867270e-01
3.467369e-05 3.103199e+01 9.048361e+00 3.232425e+01 2.915817e-01
3.548134e-05 3.084829e+01 9.144814e+00 3.217522e+01 2.964448e-01
3.630781e-05 3.066082e+01 9.238453e+00 3.202241e+01 3.013114e-01
3.715352e-05 3.046966e+01 9.329096e+00 3.186585e+01 3.061766e-01
3.801894e-05 3.027491e+01 9.416564e+00 3.170555e+01 3.110352e-01
3.890451e-05 3.007669e+01 9.500679e+00 3.154156e+01 3.158818e-01
3.981072e-05 2.987511e+01 9.581268e+00 3.137392e+01 3.207107e-01
4.073803e-05 2.967031e+01 9.658161e+00 3.120268e+01 3.255160e-01
4.168694e-05 2.946243e+01 9.731196e+00 3.102791e+01 3.302917e-01
4.265795e-05 2.925162e+01 9.800214e+00 3.084966e+01 3.350315e-01
4.365158e-05 2.903806e+01 9.865066e+00 3.066804e+01 3.397288e-01
4.466836e-05 2.882191e+01 9.925609e+00 3.048311e+01 3.443772e-01
4.570882e-05 2.860336e+01 9.981711e+00 3.029500e+01 3.489699e-01
4.677351e-05 2.838261e+01 1.003325e+01 3.010379e+01 3.534998e-01
4.786301e-05 2.815985e+01 1.008010e+01 2.990963e+01 3.579600e-01
4.897788e-05 2.793531e+01 1.012218e+01 2.971262e+01 3.623435e-01
5.011872e-05 2.770919e+01 1.015938e+01 2.951291e+01 3.666429e-01
5.128614e-05 2.748172e+01 1.019162e+01 2.931065e+01 3.708511e-01
5.248075e-05 2.725313e+01 1.021885e+01 2.910598e+01 3.749608e-01
5.370318e-05 2.702366e+01 1.024101e+01 2.889907e+01 3.789648e-01
5.495409e-05 2.679353e+01 1.025806e+01 2.869009e+01 3.828559e-01
5.623413e-05 2.656300e+01 1.026997e+01 2.847921e+01 3.866270e-01
5.754399e-05 2.633231e+01 1.027674e+01 2.826662e+01 3.902711e-01
5.888437e-05 2.610169e+01 1.027836e+01 2.805250e+01 3.937813e-01
6.025596e-05 2.587138e+01 1.027485e+01 2.783704e+01 3.971510e-01
6.165950e-05 2.564164e+01 1.026623e+01 2.762045e+01 4.003736e-01
6.309573e-05 2.541269e+01 1.025257e+01 2.740292e+01 4.034429e-01
6.456542e-05 2.518476e+01 1.023391e+01 2.718465e+01 4.063530e-01
6.606934e-05 2.495810e+01 1.021031e+01 2.696585e+01 4.090982e-01
6.760830e-05 2.473292e+01 1.018188e+01 2.674674e+01 4.116732e-01
6.918310e-05 2.450943e+01 1.014870e+01 2.652750e+01 4.140731e-01
7.079458e-05 2.428786e+01 1.011087e+01 2.630836e+01 4.162933e-01
7.244360e-05 2.406840e+01 1.006853e+01 2.608952e+01 4.183298e-01
7.413102e-05 2.385125e+01 1.002179e+01 2.587119e+01 4.201788e-01
7.585776e-05 2.363658e+01 9.970794e+00 2.565355e+01 4.218373e-01
7.762471e-05 2.342459e+01 9.915690e+00 2.543683e+01 4.233027e-01
7.943282e-05 2.321542e+01 9.856633e+00 2.522120e+01 4.245727e-01
8.128305e-05 2.300924e+01 9.793784e+00 2.500686e+01 4.256458e-01
8.317638e-05 2.280618e+01 9.727313e+00 2.479400e+01 4.265209e-01
8.511380e-05 2.260639e+01 9.657392e+00 2.458280e+01 4.271975e-01
8.709636e-05 2.240997e+01 9.584200e+00 2.437342e+01 4.276757e-01
8.912509e-05 2.221704e+01 9.507920e+00 2.416604e+01 4.279561e-01
9.120108e-05 2.202770e+01 9.428736e+00 2.396082e+01 4.280400e-01
9.332543e-05 2.184203e+01 9.346836e+00 2.375790e+01 4.279289e-01
9.549926e-05 2.166011e+01 9.262408e+00 2.355743e+01 4.276252e-01
9.772372e-05 2.148199e+01 9.175640e+00 2.335954e+01 4.271317e-01
1.000000e-04 2.130774e+01 9.086721e+00 2.316437e+01 4.264517e-01
1.023293e-04 2.113739e+01 8.995839e+00 2.297203e+01 4.255890e-01
1.047129e-04 2.097097e+01 8.903179e+00 2.278263e+01 4.245478e-01
1.071519e-04 2.080851e+01 8.808926e+00 2.259627e+01 4.233328e-01
1.096478e-04 2.065002e+01 8.713260e+00 2.241304e+01 4.219492e-01
1.122018e-04 2.049550e+01 8.616359e+00 2.223302e+01 4.204025e-01
1.148154e-04 2.034494e+01 8.518396e+00 2.205629e+01 4.186985e-01
1.174898e-04 2.019833e+01 8.419541e+00 2.188290e+01 4.168434e-01
1.202264e-04 2.005565e+01 8.319960e+00 2.171292e+01 4.148437e-01
1.230269e-04 1.991687e+01 8.219813e+00 2.154639e+01 4.127061e-01
1.258925e-04 1.978195e+01 8.119254e+00 2.138335e+01 4.104376e-01
1.288250e-04 1.965084e+01 8.018434e+00 2.122383e+01 4.080453e-01
1.318257e-04 1.952351e+01 7.917496e+00 2.106785e+01 4.055365e-01
1.348963e-04 1.939989e+01 7.816578e+00 2.091542e+01 4.029186e-01
1.380384e-04 1.927993e+01 7.715814e+00 2.076655e+01 4.001992e-01
1.412538e-04 1.916357e+01 7.615330e+00 2.062124e+01 3.973858e-01
1.445440e-04 1.905073e+01 7.515246e+00 2.047949e+01 3.944859e-01
1.479108e-04 1.894136e+01 7.415677e+00 2.034127e+01 3.915072e-01
1.513561e-04 1.883536e+01 7.316732e+00 2.020657e+01 3.884572e-01
1.548817e-04 1.873268e+01 7.218514e+00 2.007536e+01 3.853434e-01
1.584893e-04 1.863323e+01 7.121119e+00 1.994762e+01 3.821731e-01
1.621810e-04 1.853693e+01 7.024639e+00 1.982330e+01 3.789538e-01
1.659587e-04 1.844370e+01 6.929160e+00 1.970236e+01 3.756926e-01
1.698244e-04 1.835345e+01 6.834762e+00 1.958477e+01 3.723965e-01
1.737801e-04 1.826612e+01 6.741519e+00 1.947047e+01 3.690724e-01
1.778279e-04 1.818160e+01 6.649502e+00 1.935940e+01 3.657270e-01
1.819701e-04 1.809982e+01 6.558776e+00 1.925152e+01 3.623669e-01
1.862087e-04 1.802069e+01 6.469399e+00 1.914676e+01 3.589984e-01
1.905461e-04 1.794414e+01 6.381429e+00 1.904507e+01 3.556275e-01
1.949845e-04 1.787007e+01 6.294915e+00 1.894638e+01 3.522603e-01
1.995262e-04 1.779840e+01 6.209904e+00 1.885062e+01 3.489024e-01
2.041738e-04 1.772905e+01 6.126439e+00 1.875773e+01 3.455594e-01
2.089296e-04 1.766194e+01 6.044559e+00 1.866764e+01 3.422364e-01
2.137962e-04 1.759700e+01 5.964299e+00 1.858029e+01 3.389385e-01
2.187762e-04 1.753413e+01 5.885690e+00 1.849560e+01 3.356705e-01
2.238721e-04 1.747327e+01 5.808762e+00 1.841349e+01 3.324371e-01
2.290868e-04 1.741433e+01 5.733540e+00 1.833391e+01 3.292427e-01
2.344229e-04 1.735724e+01 5.660046e+00 1.825678e+01 3.260913e-01
2.398833e-04 1.730193e+01 5.588300e+00 1.818202e+01 3.229870e-01
2.454709e-04 1.724833e+01 5.518320e+00 1.810958e+01 3.199336e-01
2.511886e-04 1.719636e+01 5.450121e+00 1.803937e+01 3.169345e-01
2.570396e-04 1.714596e+01 5.383717e+00 1.797132e+01 3.139933e-01
2.630268e-04 1.709706e+01 5.319117e+00 1.790537e+01 3.111131e-01
2.691535e-04 1.704958e+01 5.256333e+00 1.784145e+01 3.082969e-01
2.754229e-04 1.700348e+01 5.195370e+00 1.777948e+01 3.055475e-01
2.818383e-04 1.695867e+01 5.136236e+00 1.771941e+01 3.028678e-01
2.884032e-04 1.691511e+01 5.078934e+00 1.766116e+01 3.002601e-01
2.951209e-04 1.687273e+01 5.023469e+00 1.760467e+01 2.977270e-01
3.019952e-04 1.683148e+01 4.969842e+00 1.754987e+01 2.952707e-01
3.090295e-04 1.679129e+01 4.918055e+00 1.749670e+01 2.928933e-01
3.162278e-04 1.675210e+01 4.868108e+00 1.744510e+01 2.905968e-01
3.235937e-04 1.671387e+01 4.819999e+00 1.739500e+01 2.883832e-01
3.311311e-04 1.667654e+01 4.773729e+00 1.734634e+01 2.862542e-01
3.388442e-04 1.664006e+01 4.729294e+00 1.729907e+01 2.842114e-01
3.467369e-04 1.660436e+01 4.686692e+00 1.725312e+01 2.822566e-01
3.548134e-04 1.656942e+01 4.645919e+00 1.720843e+01 2.803912e-01
3.630781e-04 1.653516e+01 4.606971e+00 1.716496e+01 2.786166e-01
3.715352e-04 1.650155e+01 4.569844e+00 1.712264e+01 2.769342e-01
3.801894e-04 1.646854e+01 4.534533e+00 1.708141e+01 2.753453e-01
3.890451e-04 1.643607e+01 4.501033e+00 1.704123e+01 2.738510e-01
3.981072e-04 1.640410e+01 4.469338e+00 1.700205e+01 2.724524e-01
4.073803e-04 1.637259e+01 4.439441e+00 1.696380e+01 2.711508e-01
4.168694e-04 1.634149e+01 4.411337e+00 1.692643e+01 2.699471e-01
4.265795e-04 1.631075e+01 4.385019e+00 1.688990e+01 2.688423e-01
4.365158e-04 1.628033e+01 4.360479e+00 1.685416e+01 2.678373e-01
4.466836e-04 1.625018e+01 4.337710e+00 1.681916e+01 2.669331e-01
4.570882e-04 1.622026e+01 4.316704e+00 1.678484e+01 2.661304e-01
4.677351e-04 1.619053e+01 4.297453e+00 1.675116e+01 2.654300e-01
4.786301e-04 1.616094e+01 4.279947e+00 1.671807e+01 2.648328e-01
4.897788e-04 1.613145e+01 4.264179e+00 1.668553e+01 2.643395e-01
5.011872e-04 1.610202e+01 4.250138e+00 1.665349e+01 2.639507e-01
5.128614e-04 1.607259e+01 4.237815e+00 1.662189e+01 2.636671e-01
5.248075e-04 1.604314e+01 4.227199e+00 1.659071e+01 2.634895e-01
5.370318e-04 1.601362e+01 4.218280e+00 1.655989e+01 2.634182e-01
5.495409e-04 1.598398e+01 4.211045e+00 1.652938e+01 2.634541e-01
5.623413e-04 1.595418e+01 4.205483e+00 1.649915e+01 2.635975e-01
5.754399e-04 1.592419e+01 4.201582e+00 1.646915e+01 2.638490e-01
5.888437e-04 1.589395e+01 4.199327e+00 1.643934e+01 2.642092e-01
6.025596e-04 1.586342e+01 4.198706e+00 1.640967e+01 2.646784e-01
6.165950e-04 1.583257e+01 4.199704e+00 1.638011e+01 2.652572e-01
6.309573e-04 1.580135e+01 4.202305e+00 1.635060e+01 2.659459e-01
6.456542e-04 1.576972e+01 4.206493e+00 1.632111e+01 2.667450e-01
6.606934e-04 1.573763e+01 4.212251e+00 1.629159e+01 2.676548e-01
6.760830e-04 1.570504e+01 4.219562e+00 1.626201e+01 2.686756e-01
6.918310e-04 1.567192e+01 4.228406e+00 1.623233e+01 2.698078e-01
7.079458e-04 1.563822e+01 4.238765e+00 1.620250e+01 2.710517e-01
7.244360e-04 1.560389e+01 4.250618e+00 1.617248e+01 2.724076e-01
7.413102e-04 1.556890e+01 4.263942e+00 1.614224e+01 2.738756e-01
7.585776e-04 1.553320e+01 4.278716e+00 1.611173e+01 2.754561e-01
7.762471e-04 1.549676e+01 4.294916e+00 1.608092e+01 2.771493e-01
7.943282e-04 1.545953e+01 4.312517e+00 1.604976e+01 2.789552e-01
8.128305e-04 1.542147e+01 4.331492e+00 1.601823e+01 2.808741e-01
8.317638e-04 1.538254e+01 4.351816e+00 1.598627e+01 2.829061e-01
8.511380e-04 1.534271e+01 4.373459e+00 1.595386e+01 2.850513e-01
8.709636e-04 1.530192e+01 4.396393e+00 1.592096e+01 2.873099e-01
8.912509e-04 1.526015e+01 4.420585e+00 1.588753e+01 2.896817e-01
9.120108e-04 1.521735e+01 4.446006e+00 1.585354e+01 2.921669e-01
9.332543e-04 1.517348e+01 4.472620e+00 1.581894e+01 2.947656e-01
9.549926e-04 1.512852e+01 4.500394e+00 1.578371e+01 2.974776e-01
9.772372e-04 1.508241e+01 4.529293e+00 1.574781e+01 3.003029e-01
1.000000e-03 1.503513e+01 4.559278e+00 1.571121e+01 3.032416e-01
1.023293e-03 1.498665e+01 4.590311e+00 1.567388e+01 3.062934e-01
1.047129e-03 1.493691e+01 4.622353e+00 1.563578e+01 3.094584e-01
1.071519e-03 1.488591e+01 4.655363e+00 1.559688e+01 3.127363e-01
1.096478e-03 1.483359e+01 4.689298e+00 1.555715e+01 3.161270e-01
1.122018e-03 1.477993e+01 4.724116e+00 1.551656e+01 3.196304e-01
1.148154e-03 1.472491e+01 4.759770e+00 1.547509e+01 3.232462e-01
1.174898e-03 1.466848e+01 4.796216e+00 1.543270e+01 3.269742e-01
1.202264e-03 1.461063e+01 4.833406e+00 1.538936e+01 3.308143e-01
1.230269e-03 1.455133e+01 4.871292e+00 1.534506e+01 3.347661e-01
1.258925e-03 1.449055e+01 4.909824e+00 1.529976e+01 3.388293e-01
1.288250e-03 1.442828e+01 4.948952e+00 1.525343e+01 3.430037e-01
1.318257e-03 1.436448e+01 4.988623e+00 1.520607e+01 3.472889e-01
1.348963e-03 1.429914e+01 5.028786e+00 1.515764e+01 3.516846e-01
1.380384e-03 1.423224e+01 5.069386e+00 1.510812e+01 3.561904e-01
1.412538e-03 1.416376e+01 5.110369e+00 1.505749e+01 3.608059e-01
1.445440e-03 1.409370e+01 5.151680e+00 1.500574e+01 3.655307e-01
1.479108e-03 1.402203e+01 5.193261e+00 1.495284e+01 3.703644e-01
1.513561e-03 1.394875e+01 5.235056e+00 1.489877e+01 3.753064e-01
1.548817e-03 1.387385e+01 5.277008e+00 1.484353e+01 3.803565e-01
1.584893e-03 1.379731e+01 5.319056e+00 1.478710e+01 3.855139e-01
1.621810e-03 1.371915e+01 5.361144e+00 1.472945e+01 3.907783e-01
1.659587e-03 1.363934e+01 5.403211e+00 1.467059e+01 3.961490e-01
1.698244e-03 1.355790e+01 5.445197e+00 1.461050e+01 4.016254e-01
1.737801e-03 1.347482e+01 5.487042e+00 1.454917e+01 4.072070e-01
1.778279e-03 1.339011e+01 5.528686e+00 1.448660e+01 4.128931e-01
1.819701e-03 1.330378e+01 5.570068e+00 1.442277e+01 4.186831e-01
1.862087e-03 1.321583e+01 5.611128e+00 1.435768e+01 4.245762e-01
1.905461e-03 1.312628e+01 5.651805e+00 1.429133e+01 4.305718e-01
1.949845e-03 1.303513e+01 5.692039e+00 1.422371e+01 4.366690e-01
1.995262e-03 1.294242e+01 5.731771e+00 1.415483e+01 4.428672e-01
2.041738e-03 1.284814e+01 5.770939e+00 1.408469e+01 4.491654e-01
2.089296e-03 1.275233e+01 5.809486e+00 1.401328e+01 4.555628e-01
2.137962e-03 1.265501e+01 5.847354e+00 1.394061e+01 4.620585e-01
2.187762e-03 1.255620e+01 5.884483e+00 1.386670e+01 4.686517e-01
2.238721e-03 1.245593e+01 5.920819e+00 1.379153e+01 4.753413e-01
2.290868e-03 1.235424e+01 5.956305e+00 1.371513e+01 4.821264e-01
2.344229e-03 1.225116e+01 5.990887e+00 1.363750e+01 4.890059e-01
2.398833e-03 1.214671e+01 6.024512e+00 1.355866e+01 4.959789e-01
2.454709e-03 1.204095e+01 6.057128e+00 1.347862e+01 5.030441e-01
2.511886e-03 1.193390e+01 6.088685e+00 1.339739e+01 5.102007e-01
2.570396e-03 1.182562e+01 6.119134e+00 1.331499e+01 5.174473e-01
2.630268e-03 1.171614e+01 6.148430e+00 1.323145e+01 5.247828e-01
2.691535e-03 1.160552e+01 6.176527e+00 1.314677e+01 5.322062e-01
2.754229e-03 1.149379e+01 6.203383e+00 1.306098e+01 5.397161e-01
2.818383e-03 1.138101e+01 6.228957e+00 1.297410e+01 5.473113e-01
2.884032e-03 1.126724e+01 6.253211e+00 1.288617e+01 5.549907e-01
2.951209e-03 1.115251e+01 6.276110e+00 1.279719e+01 5.627529e-01
3.019952e-03 1.103690e+01 6.297619e+00 1.270721e+01 5.705968e-01
3.090295e-03 1.092045e+01 6.317708e+00 1.261624e+01 5.785210e-01
3.162278e-03 1.080321e+01 6.336349e+00 1.252433e+01 5.865244e-01
3.235937e-03 1.068526e+01 6.353514e+00 1.243149e+01 5.946057e-01
3.311311e-03 1.056663e+01 6.369182e+00 1.233776e+01 6.027637e-01
3.388442e-03 1.044740e+01 6.383332e+00 1.224317e+01 6.109970e-01
3.467369e-03 1.032762e+01 6.395945e+00 1.214775e+01 6.193046e-01
3.548134e-03 1.020736e+01 6.407006e+00 1.205155e+01 6.276852e-01
3.630781e-03 1.008666e+01 6.416502e+00 1.195459e+01 6.361376e-01
3.715352e-03 9.965589e+00 6.424424e+00 1.185690e+01 6.446608e-01
3.801894e-03 9.844208e+00 6.430763e+00 1.175854e+01 6.532535e-01
3.890451e-03 9.722574e+00 6.435515e+00 1.165952e+01 6.619147e-01
3.981072e-03 9.600746e+00 6.438676e+00 1.155988e+01 6.706433e-01
4.073803e-03 9.478780e+00 6.440247e+00 1.145967e+01 6.794384e-01
4.168694e-03 9.356733e+00 6.440228e+00 1.135892e+01 6.882988e-01
4.265795e-03 9.234662e+00 6.438625e+00 1.125766e+01 6.972237e-01
4.365158e-03 9.112621e+00 6.435443e+00 1.115593e+01 7.062121e-01
4.466836e-03 8.990664e+00 6.430690e+00 1.105377e+01 7.152631e-01
4.570882e-03 8.868844e+00 6.424377e+00 1.095121e+01 7.243759e-01
4.677351e-03 8.747213e+00 6.416514e+00 1.084829e+01 7.335495e-01
4.786301e-03 8.625821e+00 6.407116e+00 1.074504e+01 7.427833e-01
4.897788e-03 8.504717e+00 6.396197e+00 1.064150e+01 7.520764e-01
5.011872e-03 8.383948e+00 6.383773e+00 1.053770e+01 7.614280e-01
5.128614e-03 8.263562e+00 6.369862e+00 1.043368e+01 7.708374e-01
5.248075e-03 8.143602e+00 6.354483e+00 1.032946e+01 7.803037e-01
5.370318e-03 8.024112e+00 6.337655e+00 1.022508e+01 7.898263e-01
5.495409e-03 7.905134e+00 6.319398e+00 1.012057e+01 7.994043e-01
5.623413e-03 7.786710e+00 6.299735e+00 1.001596e+01 8.090368e-01
5.754399e-03 7.668877e+00 6.278687e+00 9.911286e+00 8.187231e-01
5.888437e-03 7.551675e+00 6.256278e+00 9.806570e+00 8.284622e-01
6.025596e-03 7.435140e+00 6.232530e+00 9.701842e+00 8.382532e-01
6.165950e-03 7.319308e+00 6.207469e+00 9.597132e+00 8.480951e-01
6.309573e-03 7.204212e+00 6.181118e+00 9.492464e+00 8.579867e-01
6.456542e-03 7.089885e+00 6.153502e+00 9.387867e+00 8.679268e-01
6.606934e-03 6.976361e+00 6.124646e+00 9.283366e+00 8.779141e-01
6.760830e-03 6.863668e+00 6.094575e+00 9.178986e+00 8.879472e-01
6.918310e-03 6.751838e+00 6.063316e+00 9.074752e+00 8.980245e-01
7.079458e-03 6.640899e+00 6.030894e+00 8.970687e+00 9.081442e-01
7.244360e-03 6.530880e+00 5.997335e+00 8.866816e+00 9.183044e-01
7.413102e-03 6.421806e+00 5.962666e+00 8.763161e+00 9.285030e-01
7.585776e-03 6.313705e+00 5.926913e+00 8.659744e+00 9.387376e-01
7.762471e-03 6.206602e+00 5.890102e+00 8.556589e+00 9.490058e-01
7.943282e-03 6.100522e+00 5.852260e+00 8.453716e+00 9.593048e-01
8.128305e-03 5.995489e+00 5.813415e+00 8.351148e+00 9.696316e-01
8.317638e-03 5.891525e+00 5.773594e+00 8.248906e+00 9.799830e-01
8.511380e-03 5.788654e+00 5.732824e+00 8.147011e+00 9.903553e-01
8.709636e-03 5.686898e+00 5.691134e+00 8.045484e+00 1.000745e+00
8.912509e-03 5.586278e+00 5.648550e+00 7.944345e+00 1.011147e+00
9.120108e-03 5.486814e+00 5.605103e+00 7.843616e+00 1.021559e+00
9.332543e-03 5.388527e+00 5.560819e+00 7.743316e+00 1.031974e+00
9.549926e-03 5.291436e+00 5.515730e+00 7.643466e+00 1.042388e+00
9.772372e-03 5.195560e+00 5.469863e+00 7.544087e+00 1.052796e+00
1.000000e-02 5.100916e+00 5.423249e+00 7.445198e+00 1.063191e+00
1.023293e-02 5.007522e+00 5.375919e+00 7.346821e+00 1.073569e+00
1.047129e-02 4.915393e+00 5.327902e+00 7.248975e+00 1.083922e+00
1.071519e-02 4.824546e+00 5.279231e+00 7.151680e+00 1.094244e+00
1.096478e-02 4.734996e+00 5.229935e+00 7.054956e+00 1.104528e+00
1.122018e-02 4.646755e+00 5.180049e+00 6.958825e+00 1.114767e+00
1.148154e-02 4.559838e+00 5.129602e+00 6.863304e+00 1.124953e+00
1.174898e-02 4.474256e+00 5.078629e+00 6.768415e+00 1.135078e+00
1.202264e-02 4.390020e+00 5.027163e+00 6.674177e+00 1.145134e+00
1.230269e-02 4.307139e+00 4.975236e+00 6.580610e+00 1.155114e+00
1.258925e-02 4.225624e+00 4.922882e+00 6.487732e+00 1.165007e+00
1.288250e-02 4.145481e+00 4.870136e+00 6.395564e+00 1.174806e+00
1.318257e-02 4.066716e+00 4.817031e+00 6.304123e+00 1.184501e+00
1.348963e-02 3.989337e+00 4.763601e+00 6.213429e+00 1.194084e+00
1.380384e-02 3.913345e+00 4.709881e+00 6.123500e+00 1.203544e+00
1.412538e-02 3.838745e+00 4.655906e+00 6.034354e+00 1.212872e+00
1.445440e-02 3.765539e+00 4.601709e+00 5.946007e+00 1.222059e+00
1.479108e-02 3.693726e+00 4.547325e+00 5.858479e+00 1.231094e+00
1.513561e-02 3.623305e+00 4.492788e+00 5.771783e+00 1.239969e+00
1.548817e-02 3.554276e+00 4.438132e+00 5.685938e+00 1.248674e+00
1.584893e-02 3.486633e+00 4.383391e+00 5.600958e+00 1.257199e+00
1.621810e-02 3.420374e+00 4.328598e+00 5.516858e+00 1.265534e+00
1.659587e-02 3.355491e+00 4.273787e+00 5.433652e+00 1.273670e+00
1.698244e-02 3.291977e+00 4.218990e+00 5.351354e+00 1.281597e+00
1.737801e-02 3.229826e+00 4.164239e+00 5.269977e+00 1.289308e+00
1.778279e-02 3.169026e+00 4.109565e+00 5.189533e+00 1.296791e+00
1.819701e-02 3.109567e+00 4.055000e+00 5.110032e+00 1.304040e+00
1.862087e-02 3.051438e+00 4.000574e+00 5.031487e+00 1.311046e+00
1.905461e-02 2.994625e+00 3.946316e+00 4.953906e+00 1.317799e+00
1.949845e-02 2.939116e+00 3.892254e+00 4.877299e+00 1.324294e+00
1.995262e-02 2.884894e+00 3.838418e+00 4.801674e+00 1.330523e+00
2.041738e-02 2.831946e+00 3.784834e+00 4.727037e+00 1.336478e+00
2.089296e-02 2.780252e+00 3.731528e+00 4.653397e+00 1.342154e+00
2.137962e-02 2.729798e+00 3.678525e+00 4.580758e+00 1.347545e+00
2.187762e-02 2.680563e+00 3.625849e+00 4.509125e+00 1.352644e+00
2.238721e-02 2.632530e+00 3.573525e+00 4.438502e+00 1.357449e+00
2.290868e-02 2.585679e+00 3.521574e+00 4.368892e+00 1.361953e+00
2.344229e-02 2.539990e+00 3.470017e+00 4.300298e+00 1.366154e+00
2.398833e-02 2.495441e+00 3.418875e+00 4.232722e+00 1.370048e+00
2.454709e-02 2.452012e+00 3.368167e+00 4.166163e+00 1.373634e+00
2.511886e-02 2.409682e+00 3.317911e+00 4.100622e+00 1.376908e+00
2.570396e-02 2.368428e+00 3.268125e+00 4.036098e+00 1.379871e+00
2.630268e-02 2.328227e+00 3.218823e+00 3.972589e+00 1.382521e+00
2.691535e-02 2.289059e+00 3.170023e+00 3.910094e+00 1.384859e+00
2.754229e-02 2.250898e+00 3.121736e+00 3.848608e+00 1.386885e+00
2.818383e-02 2.213724e+00 3.073978e+00 3.788128e+00 1.388600e+00
2.884032e-02 2.177512e+00 3.026759e+00 3.728649e+00 1.390008e+00
2.951209e-02 2.142239e+00 2.980090e+00 3.670167e+00 1.391110e+00
3.019952e-02 2.107883e+00 2.933982e+00 3.612675e+00 1.391909e+00
3.090295e-02 2.074420e+00 2.888445e+00 3.556168e+00 1.392411e+00
3.162278e-02 2.041827e+00 2.843485e+00 3.500637e+00 1.392618e+00
3.235937e-02 2.010080e+00 2.799110e+00 3.446076e+00 1.392537e+00
3.311311e-02 1.979157e+00 2.755328e+00 3.392476e+00 1.392172e+00
3.388442e-02 1.949036e+00 2.712142e+00 3.339829e+00 1.391530e+00
3.467369e-02 1.919693e+00 2.669559e+00 3.288125e+00 1.390618e+00
3.548134e-02 1.891106e+00 2.627582e+00 3.237355e+00 1.389442e+00
3.630781e-02 1.863253e+00 2.586214e+00 3.187509e+00 1.388010e+00
3.715352e-02 1.836111e+00 2.545457e+00 3.138576e+00 1.386331e+00
3.801894e-02 1.809660e+00 2.505314e+00 3.090545e+00 1.384411e+00
3.890451e-02 1.783878e+00 2.465784e+00 3.043405e+00 1.382261e+00
3.981072e-02 1.758744e+00 2.426869e+00 2.997144e+00 1.379888e+00
4.073803e-02 1.734237e+00 2.388568e+00 2.951751e+00 1.377302e+00
4.168694e-02 1.710337e+00 2.350880e+00 2.907213e+00 1.374513e+00
4.265795e-02 1.687023e+00 2.313803e+00 2.863518e+00 1.371530e+00
4.365158e-02 1.664277e+00 2.277336e+00 2.820652e+00 1.368363e+00
4.466836e-02 1.642079e+00 2.241475e+00 2.778603e+00 1.365022e+00
4.570882e-02 1.620411e+00 2.206217e+00 2.737358e+00 1.361517e+00
4.677351e-02 1.599254e+00 2.171559e+00 2.696902e+00 1.357858e+00
4.786301e-02 1.578589e+00 2.137496e+00 2.657223e+00 1.354055e+00
4.897788e-02 1.558401e+00 2.104024e+00 2.618307e+00 1.350117e+00
5.011872e-02 1.538671e+00 2.071138e+00 2.580140e+00 1.346056e+00
5.128614e-02 1.519383e+00 2.038832e+00 2.542707e+00 1.341881e+00
5.248075e-02 1.500521e+00 2.007101e+00 2.505996e+00 1.337602e+00
5.370318e-02 1.482069e+00 1.975938e+00 2.469992e+00 1.333229e+00
5.495409e-02 1.464012e+00 1.945337e+00 2.434680e+00 1.328771e+00
5.623413e-02 1.446336e+00 1.915291e+00 2.400047e+00 1.324237e+00
5.754399e-02 1.429025e+00 1.885794e+00 2.366079e+00 1.319636e+00
5.888437e-02 1.412067e+00 1.856838e+00 2.332762e+00 1.314979e+00
6.025596e-02 1.395447e+00 1.828415e+00 2.300081e+00 1.310272e+00
6.165950e-02 1.379153e+00 1.800519e+00 2.268024e+00 1.305525e+00
6.309573e-02 1.363173e+00 1.773140e+00 2.236575e+00 1.300745e+00
6.456542e-02 1.347493e+00 1.746272e+00 2.205721e+00 1.295941e+00
6.606934e-02 1.332104e+00 1.719906e+00 2.175449e+00 1.291120e+00
6.760830e-02 1.316993e+00 1.694034e+00 2.145745e+00 1.286289e+00
6.918310e-02 1.302151e+00 1.668647e+00 2.116597e+00 1.281455e+00
7.079458e-02 1.287566e+00 1.643738e+00 2.087990e+00 1.276624e+00
7.244360e-02 1.273229e+00 1.619297e+00 2.059912e+00 1.271803e+00
7.413102e-02 1.259131e+00 1.595316e+00 2.032350e+00 1.266997e+00
7.585776e-02 1.245263e+00 1.571787e+00 2.005291e+00 1.262212e+00
7.762471e-02 1.231616e+00 1.548700e+00 1.978724e+00 1.257454e+00
7.943282e-02 1.218182e+00 1.526048e+00 1.952637e+00 1.252726e+00
8.128305e-02 1.204953e+00 1.503822e+00 1.927017e+00 1.248034e+00
8.317638e-02 1.191922e+00 1.482013e+00 1.901852e+00 1.243381e+00
8.511380e-02 1.179082e+00 1.460614e+00 1.877133e+00 1.238772e+00
8.709636e-02 1.166426e+00 1.439614e+00 1.852847e+00 1.234209e+00
8.912509e-02 1.153949e+00 1.419007e+00 1.828983e+00 1.229697e+00
9.120108e-02 1.141643e+00 1.398785e+00 1.805532e+00 1.225238e+00
9.332543e-02 1.129503e+00 1.378938e+00 1.782483e+00 1.220835e+00
9.549926e-02 1.117525e+00 1.359459e+00 1.759827e+00 1.216490e+00
9.772372e-02 1.105703e+00 1.340340e+00 1.737553e+00 1.212206e+00
1.000000e-01 1.094032e+00 1.321573e+00 1.715652e+00 1.207984e+00
1.023293e-01 1.082508e+00 1.303151e+00 1.694115e+00 1.203826e+00
1.047129e-01 1.071127e+00 1.285066e+00 1.672934e+00 1.199733e+00
1.071519e-01 1.059885e+00 1.267312e+00 1.652100e+00 1.195707e+00
1.096478e-01 1.048777e+00 1.249880e+00 1.631605e+00 1.191749e+00
1.122018e-01 1.037802e+00 1.232764e+00 1.611440e+00 1.187861e+00
1.148154e-01 1.026955e+00 1.215957e+00 1.591599e+00 1.184041e+00
1.174898e-01 1.016233e+00 1.199453e+00 1.572074e+00 1.180293e+00
1.202264e-01 1.005634e+00 1.183244e+00 1.552857e+00 1.176615e+00
1.230269e-01 9.951543e-01 1.167325e+00 1.533943e+00 1.173009e+00
1.258925e-01 9.847921e-01 1.151690e+00 1.515324e+00 1.169476e+00
1.288250e-01 9.745447e-01 1.136333e+00 1.496994e+00 1.166015e+00
1.318257e-01 9.644097e-01 1.121248e+00 1.478947e+00 1.162626e+00
1.348963e-01 9.543852e-01 1.106430e+00 1.461177e+00 1.159312e+00
1.380384e-01 9.444689e-01 1.091873e+00 1.443678e+00 1.156070e+00
1.412538e-01 9.346589e-01 1.077571e+00 1.426446e+00 1.152903e+00
1.445440e-01 9.249532e-01 1.063521e+00 1.409474e+00 1.149811e+00
1.479108e-01 9.153501e-01 1.049718e+00 1.392757e+00 1.146793e+00
1.513561e-01 9.058477e-01 1.036155e+00 1.376291e+00 1.143852e+00
1.548817e-01 8.964443e-01 1.022830e+00 1.360071e+00 1.140986e+00
1.584893e-01 8.871382e-01 1.009738e+00 1.344092e+00 1.138197e+00
1.621810e-01 8.779276e-01 9.968737e-01 1.328350e+00 1.135485e+00
1.659587e-01 8.688110e-01 9.842342e-01 1.312840e+00 1.132852e+00
1.698244e-01 8.597866e-01 9.718152e-01 1.297558e+00 1.130298e+00
1.737801e-01 8.508528e-01 9.596129e-01 1.282500e+00 1.127825e+00
1.778279e-01 8.420080e-01 9.476234e-01 1.267662e+00 1.125433e+00
1.819701e-01 8.332505e-01 9.358433e-01 1.253040e+00 1.123124e+00
1.862087e-01 8.245787e-01 9.242690e-01 1.238630e+00 1.120898e+00
1.905461e-01 8.159908e-01 9.128970e-01 1.224427e+00 1.118759e+00
1.949845e-01 8.074852e-01 9.017241e-01 1.210429e+00 1.116707e+00
1.995262e-01 7.990602e-01 8.907468e-01 1.196632e+00 1.114743e+00
2.041738e-01 7.907141e-01 8.799621e-01 1.183031e+00 1.112870e+00
2.089296e-01 7.824451e-01 8.693667e-01 1.169623e+00 1.111090e+00
2.137962e-01 7.742516e-01 8.589575e-01 1.156405e+00 1.109404e+00
2.187762e-01 7.661316e-01 8.487314e-01 1.143373e+00 1.107814e+00
2.238721e-01 7.580836e-01 8.386854e-01 1.130524e+00 1.106323e+00
2.290868e-01 7.501057e-01 8.288164e-01 1.117853e+00 1.104933e+00
2.344229e-01 7.421961e-01 8.191215e-01 1.105357e+00 1.103646e+00
2.398833e-01 7.343531e-01 8.095977e-01 1.093034e+00 1.102464e+00
2.454709e-01 7.265749e-01 8.002421e-01 1.080879e+00 1.101390e+00
2.511886e-01 7.188597e-01 7.910516e-01 1.068888e+00 1.100426e+00
2.570396e-01 7.112057e-01 7.820233e-01 1.057059e+00 1.099574e+00
2.630268e-01 7.036113e-01 7.731543e-01 1.045388e+00 1.098837e+00
2.691535e-01 6.960746e-01 7.644417e-01 1.033872e+00 1.098218e+00
2.754229e-01 6.885940e-01 7.558824e-01 1.022507e+00 1.097719e+00
2.818383e-01 6.811678e-01 7.474737e-01 1.011290e+00 1.097341e+00
2.884032e-01 6.737943e-01 7.392124e-01 1.000217e+00 1.097089e+00
2.951209e-01 6.664720e-01 7.310958e-01 9.892856e-01 1.096964e+00
3.019952e-01 6.591991e-01 7.231208e-01 9.784923e-01 1.096969e+00
3.090295e-01 6.519741e-01 7.152845e-01 9.678338e-01 1.097106e+00
3.162278e-01 6.447957e-01 7.075840e-01 9.573069e-01 1.097377e+00
3.235937e-01 6.376622e-01 7.000163e-01 9.469086e-01 1.097786e+00
3.311311e-01 6.305722e-01 6.925784e-01 9.366356e-01 1.098333e+00
3.388442e-01 6.235245e-01 6.852675e-01 9.264849e-01 1.099023e+00
3.467369e-01 6.165176e-01 6.780806e-01 9.164536e-01 1.099856e+00
3.548134e-01 6.095504e-01 6.710147e-01 9.065387e-01 1.100836e+00
3.630781e-01 6.026215e-01 6.640670e-01 8.967372e-01 1.101964e+00
3.715352e-01 5.957299e-01 6.572345e-01 8.870464e-01 1.103242e+00
3.801894e-01 5.888745e-01 6.505144e-01 8.774635e-01 1.104674e+00
3.890451e-01 5.820543e-01 6.439037e-01 8.679857e-01 1.106261e+00
3.981072e-01 5.752681e-01 6.373996e-01 8.586103e-01 1.108004e+00
4.073803e-01 5.685153e-01 6.309992e-01 8.493348e-01 1.109907e+00
4.168694e-01 5.617948e-01 6.246998e-01 8.401566e-01 1.111971e+00
4.265795e-01 5.551059e-01 6.184984e-01 8.310733e-01 1.114199e+00
4.365158e-01 5.484480e-01 6.123924e-01 8.220825e-01 1.116592e+00
4.466836e-01 5.418202e-01 6.063789e-01 8.131817e-01 1.119152e+00
4.570882e-01 5.352220e-01 6.004553e-01 8.043688e-01 1.121881e+00
4.677351e-01 5.286529e-01 5.946188e-01 7.956415e-01 1.124781e+00
4.786301e-01 5.221123e-01 5.888669e-01 7.869977e-01 1.127855e+00
4.897788e-01 5.155999e-01 5.831968e-01 7.784354e-01 1.131104e+00
5.011872e-01 5.091152e-01 5.776060e-01 7.699526e-01 1.134529e+00
5.128614e-01 5.026579e-01 5.720920e-01 7.615473e-01 1.138134e+00
5.248075e-01 4.962279e-01 5.666522e-01 7.532177e-01 1.141919e+00
5.370318e-01 4.898248e-01 5.612843e-01 7.449620e-01 1.145888e+00
5.495409e-01 4.834486e-01 5.559856e-01 7.367785e-01 1.150041e+00
5.623413e-01 4.770991e-01 5.507540e-01 7.286656e-01 1.154381e+00
5.754399e-01 4.707762e-01 5.455871e-01 7.206217e-01 1.158910e+00
5.888437e-01 4.644801e-01 5.404826e-01 7.126452e-01 1.163629e+00
6.025596e-01 4.582106e-01 5.354383e-01 7.047348e-01 1.168542e+00
6.165950e-01 4.519680e-01 5.304520e-01 6.968891e-01 1.173650e+00
6.309573e-01 4.457523e-01 5.255217e-01 6.891067e-01 1.178955e+00
6.456542e-01 4.395636e-01 5.206452e-01 6.813865e-01 1.184459e+00
6.606934e-01 4.334023e-01 5.158205e-01 6.737272e-01 1.190166e+00
6.760830e-01 4.272686e-01 5.110458e-01 6.661278e-01 1.196076e+00
6.918310e-01 4.211626e-01 5.063191e-01 6.585871e-01 1.202194e+00
7.079458e-01 4.150848e-01 5.016386e-01 6.511042e-01 1.208521e+00
7.244360e-01 4.090354e-01 4.970025e-01 6.436781e-01 1.215060e+00
7.413102e-01 4.030149e-01 4.924091e-01 6.363079e-01 1.221814e+00
7.585776e-01 3.970235e-01 4.878567e-01 6.289927e-01 1.228786e+00
7.762471e-01 3.910617e-01 4.833438e-01 6.217319e-01 1.235978e+00
7.943282e-01 3.851299e-01 4.788688e-01 6.145245e-01 1.243395e+00
8.128305e-01 3.792286e-01 4.744301e-01 6.073700e-01 1.251040e+00
8.317638e-01 3.733581e-01 4.700265e-01 6.002676e-01 1.258916e+00
8.511380e-01 3.675189e-01 4.656564e-01 5.932167e-01 1.267027e+00
8.709636e-01 3.617115e-01 4.613185e-01 5.862167e-01 1.275377e+00
8.912509e-01 3.559364e-01 4.570117e-01 5.792671e-01 1.283970e+00
9.120108e-01 3.501939e-01 4.527345e-01 5.723673e-01 1.292811e+00
9.332543e-01 3.444846e-01 4.484860e-01 5.655169e-01 1.301904e+00
9.549926e-01 3.388090e-01 4.442648e-01 5.587153e-01 1.311254e+00
9.772372e-01 3.331675e-01 4.400700e-01 5.519621e-01 1.320867e+00
1.000000e+00 3.275605e-01 4.359004e-01 5.452569e-01 1.330748e+00
1.023293e+00 3.219885e-01 4.317551e-01 5.385992e-01 1.340902e+00
1.047129e+00 3.164521e-01 4.276331e-01 5.319887e-01 1.351336e+00
1.071519e+00 3.109516e-01 4.235334e-01 5.254249e-01 1.362056e+00
1.096478e+00 3.054874e-01 4.194551e-01 5.189076e-01 1.373068e+00
1.122018e+00 3.000601e-01 4.153973e-01 5.124363e-01 1.384380e+00
1.148154e+00 2.946700e-01 4.113592e-01 5.060107e-01 1.396000e+00
1.174898e+00 2.893176e-01 4.073400e-01 4.996304e-01 1.407933e+00
1.202264e+00 2.840034e-01 4.033388e-01 4.932951e-01 1.420190e+00
1.230269e+00 2.787277e-01 3.993548e-01 4.870045e-01 1.432778e+00
1.258925e+00 2.734910e-01 3.953873e-01 4.807582e-01 1.445705e+00
1.288250e+00 2.682937e-01 3.914356e-01 4.745559e-01 1.458982e+00
1.318257e+00 2.631362e-01 3.874989e-01 4.683974e-01 1.472617e+00
1.348963e+00 2.580191e-01 3.835765e-01 4.622821e-01 1.486621e+00
1.380384e+00 2.529426e-01 3.796677e-01 4.562100e-01 1.501004e+00
1.412538e+00 2.479073e-01 3.757719e-01 4.501806e-01 1.515776e+00
1.445440e+00 2.429136e-01 3.718884e-01 4.441936e-01 1.530949e+00
1.479108e+00 2.379621e-01 3.680164e-01 4.382488e-01 1.546534e+00
1.513561e+00 2.330530e-01 3.641556e-01 4.323459e-01 1.562544e+00
1.548817e+00 2.281871e-01 3.603051e-01 4.264846e-01 1.578990e+00
1.584893e+00 2.233647e-01 3.564644e-01 4.206646e-01 1.595885e+00
1.621810e+00 2.185865e-01 3.526331e-01 4.148857e-01 1.613243e+00
1.659587e+00 2.138529e-01 3.488104e-01 4.091476e-01 1.631077e+00
1.698244e+00 2.091645e-01 3.449960e-01 4.034502e-01 1.649401e+00
1.737801e+00 2.045219e-01 3.411893e-01 3.977931e-01 1.668229e+00
1.778279e+00 1.999256e-01 3.373899e-01 3.921762e-01 1.687577e+00
1.819701e+00 1.953764e-01 3.335973e-01 3.865994e-01 1.707459e+00
1.862087e+00 1.908749e-01 3.298112e-01 3.810625e-01 1.727892e+00
1.905461e+00 1.864217e-01 3.260312e-01 3.755654e-01 1.748891e+00
1.949845e+00 1.820175e-01 3.222569e-01 3.701079e-01 1.770473e+00
1.995262e+00 1.776629e-01 3.184882e-01 3.646901e-01 1.792654e+00
2.041738e+00 1.733588e-01 3.147247e-01 3.593118e-01 1.815453e+00
2.089296e+00 1.691059e-01 3.109664e-01 3.539730e-01 1.838886e+00
2.137962e+00 1.649048e-01 3.072130e-01 3.486738e-01 1.862972e+00
2.187762e+00 1.607563e-01 3.034645e-01 3.434142e-01 1.887730e+00
2.238721e+00 1.566612e-01 2.997208e-01 3.381942e-01 1.913179e+00
2.290868e+00 1.526202e-01 2.959821e-01 3.330140e-01 1.939337e+00
2.344229e+00 1.486342e-01 2.922483e-01 3.278737e-01 1.966225e+00
2.398833e+00 1.447038e-01 2.885196e-01 3.227735e-01 1.993864e+00
2.454709e+00 1.408298e-01 2.847962e-01 3.177136e-01 2.022273e+00
2.511886e+00 1.370129e-01 2.810784e-01 3.126941e-01 2.051475e+00
2.570396e+00 1.332538e-01 2.773665e-01 3.077154e-01 2.081490e+00
2.630268e+00 1.295533e-01 2.736608e-01 3.027777e-01 2.112341e+00
2.691535e+00 1.259121e-01 2.699619e-01 2.978813e-01 2.144050e+00
2.754229e+00 1.223308e-01 2.662701e-01 2.930266e-01 2.176641e+00
2.818383e+00 1.188099e-01 2.625861e-01 2.882139e-01 2.210136e+00
2.884032e+00 1.153502e-01 2.589104e-01 2.834436e-01 2.244561e+00
2.951209e+00 1.119521e-01 2.552438e-01 2.787161e-01 2.279938e+00
3.019952e+00 1.086161e-01 2.515868e-01 2.740317e-01 2.316293e+00
3.090295e+00 1.053428e-01 2.479404e-01 2.693910e-01 2.353652e+00
3.162278e+00 1.021325e-01 2.443052e-01 2.647944e-01 2.392040e+00
3.235937e+00 9.898565e-02 2.406821e-01 2.602422e-01 2.431484e+00
3.311311e+00 9.590246e-02 2.370720e-01 2.557350e-01 2.472011e+00
3.388442e+00 9.288323e-02 2.334758e-01 2.512732e-01 2.513648e+00
3.467369e+00 8.992814e-02 2.298944e-01 2.468573e-01 2.556424e+00
3.548134e+00 8.703733e-02 2.263289e-01 2.424877e-01 2.600366e+00
3.630781e+00 8.421087e-02 2.227802e-01 2.381648e-01 2.645504e+00
3.715352e+00 8.144876e-02 2.192493e-01 2.338892e-01 2.691868e+00
3.801894e+00 7.875095e-02 2.157373e-01 2.296613e-01 2.739488e+00
3.890451e+00 7.611731e-02 2.122451e-01 2.254814e-01 2.788395e+00
3.981072e+00 7.354766e-02 2.087739e-01 2.213500e-01 2.838621e+00
4.073803e+00 7.104175e-02 2.053246e-01 2.172674e-01 2.890197e+00
4.168694e+00 6.859928e-02 2.018984e-01 2.132342e-01 2.943156e+00
4.265795e+00 6.621985e-02 1.984961e-01 2.092505e-01 2.997532e+00
4.365158e+00 6.390304e-02 1.951189e-01 2.053168e-01 3.053359e+00
4.466836e+00 6.164836e-02 1.917678e-01 2.014334e-01 3.110672e+00
4.570882e+00 5.945524e-02 1.884437e-01 1.976005e-01 3.169505e+00
4.677351e+00 5.732308e-02 1.851476e-01 1.938184e-01 3.229896e+00
4.786301e+00 5.525121e-02 1.818804e-01 1.900873e-01 3.291880e+00
4.897788e+00 5.323893e-02 1.786430e-01 1.864074e-01 3.355497e+00
5.011872e+00 5.128546e-02 1.754364e-01 1.827789e-01 3.420783e+00
5.128614e+00 4.939000e-02 1.722614e-01 1.792020e-01 3.487778e+00
5.248075e+00 4.755170e-02 1.691187e-01 1.756767e-01 3.556523e+00
5.370318e+00 4.576966e-02 1.660091e-01 1.722031e-01 3.627057e+00
5.495409e+00 4.404295e-02 1.629335e-01 1.687812e-01 3.699422e+00
5.623413e+00 4.237062e-02 1.598924e-01 1.654111e-01 3.773661e+00
5.754399e+00 4.075166e-02 1.568864e-01 1.620927e-01 3.849817e+00
5.888437e+00 3.918506e-02 1.539163e-01 1.588260e-01 3.927934e+00
6.025596e+00 3.766977e-02 1.509826e-01 1.556109e-01 4.008058e+00
6.165950e+00 3.620471e-02 1.480857e-01 1.524473e-01 4.090234e+00
6.309573e+00 3.478882e-02 1.452262e-01 1.493349e-01 4.174509e+00
6.456542e+00 3.342097e-02 1.424045e-01 1.462737e-01 4.260931e+00
6.606934e+00 3.210007e-02 1.396209e-01 1.432634e-01 4.349550e+00
6.760830e+00 3.082498e-02 1.368757e-01 1.403038e-01 4.440415e+00
6.918310e+00 2.959458e-02 1.341693e-01 1.373945e-01 4.533578e+00
7.079458e+00 2.840774e-02 1.315020e-01 1.345354e-01 4.629090e+00
7.244360e+00 2.726331e-02 1.288738e-01 1.317260e-01 4.727006e+00
7.413102e+00 2.616016e-02 1.262850e-01 1.289661e-01 4.827379e+00
7.585776e+00 2.509716e-02 1.237357e-01 1.262552e-01 4.930266e+00
7.762471e+00 2.407318e-02 1.212259e-01 1.235930e-01 5.035723e+00
7.943282e+00 2.308711e-02 1.187557e-01 1.209790e-01 5.143809e+00
8.128305e+00 2.213783e-02 1.163251e-01 1.184128e-01 5.254582e+00
8.317638e+00 2.122425e-02 1.139340e-01 1.158940e-01 5.368105e+00
8.511380e+00 2.034527e-02 1.115824e-01 1.134220e-01 5.484439e+00
8.709636e+00 1.949983e-02 1.092702e-01 1.109965e-01 5.603648e+00
8.912509e+00 1.868686e-02 1.069972e-01 1.086167e-01 5.725797e+00
9.120108e+00 1.790533e-02 1.047632e-01 1.062823e-01 5.850952e+00
9.332543e+00 1.715421e-02 1.025681e-01 1.039927e-01 5.979181e+00
9.549926e+00 1.643250e-02 1.004117e-01 1.017474e-01 6.110555e+00
9.772372e+00 1.573921e-02 9.829362e-02 9.954576e-02 6.245143e+00
1.000000e+01 1.507338e-02 9.621366e-02 9.738724e-02 6.383019e+00
