1.000000e-06 5.414435e+01 5.244932e-01 5.414689e+01 9.686942e-03
1.023293e-06 5.414395e+01 5.367032e-01 5.414661e+01 9.912523e-03
1.047129e-06 5.414354e+01 5.491971e-01 5.414632e+01 1.014335e-02
1.071519e-06 5.414310e+01 5.619815e-01 5.414602e+01 1.037956e-02
1.096478e-06 5.414265e+01 5.750631e-01 5.414570e+01 1.062126e-02
1.122018e-06 5.414217e+01 5.884488e-01 5.414537e+01 1.086859e-02
1.148154e-06 5.414167e+01 6.021456e-01 5.414502e+01 1.112167e-02
1.174898e-06 5.414115e+01 6.161608e-01 5.414466e+01 1.138064e-02
1.202264e-06 5.414060e+01 6.305017e-01 5.414427e+01 1.164563e-02
1.230269e-06 5.414003e+01 6.451758e-01 5.414387e+01 1.191680e-02
1.258925e-06 5.413943e+01 6.601908e-01 5.414346e+01 1.219427e-02
1.288250e-06 5.413880e+01 6.755547e-01 5.414302e+01 1.247820e-02
1.318257e-06 5.413814e+01 6.912754e-01 5.414256e+01 1.276873e-02
1.348963e-06 5.413746e+01 7.073612e-01 5.414208e+01 1.306602e-02
1.380384e-06 5.413673e+01 7.238206e-01 5.414157e+01 1.337023e-02
1.412538e-06 5.413598e+01 7.406621e-01 5.414105e+01 1.368151e-02
1.445440e-06 5.413519e+01 7.578946e-01 5.414049e+01 1.400004e-02
1.479108e-06 5.413436e+01 7.755271e-01 5.413992e+01 1.432597e-02
1.513561e-06 5.413349e+01 7.935688e-01 5.413931e+01 1.465948e-02
1.548817e-06 5.413259e+01 8.120292e-01 5.413868e+01 1.500075e-02
1.584893e-06 5.413164e+01 8.309178e-01 5.413801e+01 1.534995e-02
1.621810e-06 5.413064e+01 8.502445e-01 5.413732e+01 1.570727e-02
1.659587e-06 5.412960e+01 8.700193e-01 5.413659e+01 1.607289e-02
1.698244e-06 5.412851e+01 8.902527e-01 5.413583e+01 1.644702e-02
1.737801e-06 5.412737e+01 9.109551e-01 5.413503e+01 1.682984e-02
1.778279e-06 5.412617e+01 9.321372e-01 5.413420e+01 1.722156e-02
1.819701e-06 5.412492e+01 9.538102e-01 5.413332e+01 1.762239e-02
1.862087e-06 5.412361e+01 9.759851e-01 5.413241e+01 1.803252e-02
1.905461e-06 5.412224e+01 9.986736e-01 5.413145e+01 1.845219e-02
1.949845e-06 5.412080e+01 1.021887e+00 5.413044e+01 1.888160e-02
1.995262e-06 5.411929e+01 1.045638e+00 5.412939e+01 1.932099e-02
2.041738e-06 5.411772e+01 1.069939e+00 5.412829e+01 1.977058e-02
2.089296e-06 5.411607e+01 1.094801e+00 5.412714e+01 2.023061e-02
2.137962e-06 5.411434e+01 1.120239e+00 5.412594e+01 2.070133e-02
2.187762e-06 5.411253e+01 1.146264e+00 5.412467e+01 2.118297e-02
2.238721e-06 5.411064e+01 1.172891e+00 5.412335e+01 2.167579e-02
2.290868e-06 5.410866e+01 1.200133e+00 5.412197e+01 2.218005e-02
2.344229e-06 5.410658e+01 1.228003e+00 5.412052e+01 2.269601e-02
2.398833e-06 5.410441e+01 1.256517e+00 5.411900e+01 2.322393e-02
2.454709e-06 5.410214e+01 1.285689e+00 5.411741e+01 2.376411e-02
2.511886e-06 5.409975e+01 1.315533e+00 5.411575e+01 2.431681e-02
2.570396e-06 5.409726e+01 1.346065e+00 5.411400e+01 2.488232e-02
2.630268e-06 5.409465e+01 1.377301e+00 5.411218e+01 2.546094e-02
2.691535e-06 5.409192e+01 1.409255e+00 5.411027e+01 2.605297e-02
2.754229e-06 5.408906e+01 1.441945e+00 5.410827e+01 2.665872e-02
2.818383e-06 5.408606e+01 1.475386e+00 5.410618e+01 2.727849e-02
2.884032e-06 5.408293e+01 1.509596e+00 5.410399e+01 2.791262e-02
2.951209e-06 5.407964e+01 1.544592e+00 5.410170e+01 2.856143e-02
3.019952e-06 5.407621e+01 1.580391e+00 5.409929e+01 2.922526e-02
3.090295e-06 5.407261e+01 1.617011e+00 5.409678e+01 2.990444e-02
3.162278e-06 5.406884e+01 1.654470e+00 5.409415e+01 3.059933e-02
3.235937e-06 5.406490e+01 1.692788e+00 5.409139e+01 3.131029e-02
3.311311e-06 5.406077e+01 1.731982e+00 5.408851e+01 3.203768e-02
3.388442e-06 5.405645e+01 1.772072e+00 5.408549e+01 3.278188e-02
3.467369e-06 5.405193e+01 1.813078e+00 5.408233e+01 3.354327e-02
3.548134e-06 5.404719e+01 1.855020e+00 5.407902e+01 3.432223e-02
3.630781e-06 5.404224e+01 1.897919e+00 5.407556e+01 3.511917e-02
3.715352e-06 5.403705e+01 1.941794e+00 5.407193e+01 3.593450e-02
3.801894e-06 5.403162e+01 1.986668e+00 5.406813e+01 3.676862e-02
3.890451e-06 5.402594e+01 2.032562e+00 5.406416e+01 3.762196e-02
3.981072e-06 5.401999e+01 2.079497e+00 5.406000e+01 3.849496e-02
4.073803e-06 5.401376e+01 2.127497e+00 5.405565e+01 3.938806e-02
4.168694e-06 5.400725e+01 2.176584e+00 5.405109e+01 4.030170e-02
4.265795e-06 5.400043e+01 2.226781e+00 5.404632e+01 4.123636e-02
4.365158e-06 5.399329e+01 2.278111e+00 5.404133e+01 4.219249e-02
4.466836e-06 5.398582e+01 2.330599e+00 5.403610e+01 4.317059e-02
4.570882e-06 5.397800e+01 2.384269e+00 5.403063e+01 4.417113e-02
4.677351e-06 5.396982e+01 2.439145e+00 5.402491e+01 4.519462e-02
4.786301e-06 5.396125e+01 2.495253e+00 5.401891e+01 4.624156e-02
4.897788e-06 5.395229e+01 2.552617e+00 5.401264e+01 4.731248e-02
5.011872e-06 5.394292e+01 2.611264e+00 5.400608e+01 4.840791e-02
5.128614e-06 5.393310e+01 2.671219e+00 5.399921e+01 4.952838e-02
5.248075e-06 5.392284e+01 2.732510e+00 5.399203e+01 5.067445e-02
5.370318e-06 5.391209e+01 2.795162e+00 5.398451e+01 5.184667e-02
5.495409e-06 5.390085e+01 2.859204e+00 5.397664e+01 5.304562e-02
5.623413e-06 5.388909e+01 2.924662e+00 5.396840e+01 5.427187e-02
5.754399e-06 5.387679e+01 2.991564e+00 5.395978e+01 5.552602e-02
5.888437e-06 5.386392e+01 3.059938e+00 5.395077e+01 5.680868e-02
6.025596e-06 5.385046e+01 3.129813e+00 5.394133e+01 5.812046e-02
6.165950e-06 5.383637e+01 3.201217e+00 5.393146e+01 5.946197e-02
6.309573e-06 5.382164e+01 3.274178e+00 5.392113e+01 6.083387e-02
6.456542e-06 5.380622e+01 3.348726e+00 5.391033e+01 6.223678e-02
6.606934e-06 5.379010e+01 3.424890e+00 5.389903e+01 6.367138e-02
6.760830e-06 5.377325e+01 3.502699e+00 5.388721e+01 6.513832e-02
6.918310e-06 5.375561e+01 3.582182e+00 5.387484e+01 6.663829e-02
7.079458e-06 5.373718e+01 3.663369e+00 5.386190e+01 6.817197e-02
7.244360e-06 5.371790e+01 3.746290e+00 5.384837e+01 6.974007e-02
7.413102e-06 5.369774e+01 3.830973e+00 5.383422e+01 7.134329e-02
7.585776e-06 5.367666e+01 3.917449e+00 5.381942e+01 7.298235e-02
7.762471e-06 5.365462e+01 4.005746e+00 5.380394e+01 7.465798e-02
7.943282e-06 5.363158e+01 4.095894e+00 5.378776e+01 7.637093e-02
8.128305e-06 5.360750e+01 4.187922e+00 5.377084e+01 7.812194e-02
8.317638e-06 5.358233e+01 4.281859e+00 5.375314e+01 7.991177e-02
8.511380e-06 5.355602e+01 4.377733e+00 5.373464e+01 8.174119e-02
8.709636e-06 5.352853e+01 4.475572e+00 5.371531e+01 8.361096e-02
8.912509e-06 5.349980e+01 4.575404e+00 5.369509e+01 8.552188e-02
9.120108e-06 5.346978e+01 4.677255e+00 5.367396e+01 8.747474e-02
9.332543e-06 5.343841e+01 4.781153e+00 5.365187e+01 8.947034e-02
9.549926e-06 5.340565e+01 4.887123e+00 5.362879e+01 9.150947e-02
9.772372e-06 5.337143e+01 4.995189e+00 5.360467e+01 9.359295e-02
1.000000e-05 5.333568e+01 5.105377e+00 5.357947e+01 9.572160e-02
1.023293e-05 5.329836e+01 5.217708e+00 5.355314e+01 9.789623e-02
1.047129e-05 5.325938e+01 5.332205e+00 5.352564e+01 1.001177e-01
1.071519e-05 5.321868e+01 5.448888e+00 5.349690e+01 1.023867e-01
1.096478e-05 5.317620e+01 5.567776e+00 5.346690e+01 1.047043e-01
1.122018e-05 5.313187e+01 5.688887e+00 5.343556e+01 1.070711e-01
1.148154e-05 5.308559e+01 5.812237e+00 5.340283e+01 1.094880e-01
1.174898e-05 5.303731e+01 5.937840e+00 5.336866e+01 1.119559e-01
1.202264e-05 5.298694e+01 6.065709e+00 5.333300e+01 1.144756e-01
1.230269e-05 5.293439e+01 6.195853e+00 5.329577e+01 1.170478e-01
1.258925e-05 5.287959e+01 6.328280e+00 5.325691e+01 1.196734e-01
1.288250e-05 5.282245e+01 6.462996e+00 5.321637e+01 1.223532e-01
1.318257e-05 5.276288e+01 6.600003e+00 5.317407e+01 1.250880e-01
1.348963e-05 5.270078e+01 6.739300e+00 5.312994e+01 1.278786e-01
1.380384e-05 5.263607e+01 6.880885e+00 5.308392e+01 1.307257e-01
1.412538e-05 5.256865e+01 7.024751e+00 5.303593e+01 1.336300e-01
1.445440e-05 5.249842e+01 7.170887e+00 5.298590e+01 1.365924e-01
1.479108e-05 5.242528e+01 7.319280e+00 5.293375e+01 1.396136e-01
1.513561e-05 5.234912e+01 7.469912e+00 5.287939e+01 1.426941e-01
1.548817e-05 5.226985e+01 7.622762e+00 5.282276e+01 1.458348e-01
1.584893e-05 5.218736e+01 7.777801e+00 5.276376e+01 1.490361e-01
1.621810e-05 5.210153e+01 7.935001e+00 5.270231e+01 1.522988e-01
1.659587e-05 5.201227e+01 8.094324e+00 5.263833e+01 1.556234e-01
1.698244e-05 5.191945e+01 8.255729e+00 5.257173e+01 1.590103e-01
1.737801e-05 5.182297e+01 8.419171e+00 5.250241e+01 1.624602e-01
1.778279e-05 5.172272e+01 8.584596e+00 5.243029e+01 1.659734e-01
1.819701e-05 5.161858e+01 8.751947e+00 5.235527e+01 1.695503e-01
1.862087e-05 5.151043e+01 8.921160e+00 5.227726e+01 1.731913e-01
1.905461e-05 5.139817e+01 9.092164e+00 5.219616e+01 1.768966e-01
1.949845e-05 5.128167e+01 9.264881e+00 5.211188e+01 1.806665e-01
1.995262e-05 5.116083e+01 9.439229e+00 5.202432e+01 1.845011e-01
2.041738e-05 5.103554e+01 9.615116e+00 5.193339e+01 1.884004e-01
2.089296e-05 5.090567e+01 9.792445e+00 5.183898e+01 1.923645e-01
2.137962e-05 5.077113e+01 9.971109e+00 5.174099e+01 1.963933e-01
2.187762e-05 5.063179e+01 1.015100e+01 5.163934e+01 2.004866e-01
2.238721e-05 5.048757e+01 1.033199e+01 5.153392e+01 2.046442e-01
2.290868e-05 5.033835e+01 1.051395e+01 5.142463e+01 2.088656e-01
2.344229e-05 5.018404e+01 1.069675e+01 5.131139e+01 2.131505e-01
2.398833e-05 5.002454e+01 1.088025e+01 5.119409e+01 2.174983e-01
2.454709e-05 4.985977e+01 1.106429e+01 5.107265e+01 2.219082e-01
2.511886e-05 4.968964e+01 1.124872e+01 5.094697e+01 2.263795e-01
2.570396e-05 4.951407e+01 1.143336e+01 5.081698e+01 2.309114e-01
2.630268e-05 4.933299e+01 1.161805e+01 5.068257e+01 2.355026e-01
2.691535e-05 4.914634e+01 1.180260e+01 5.054369e+01 2.401521e-01
2.754229e-05 4.895406e+01 1.198682e+01 5.040024e+01 2.448585e-01
2.818383e-05 4.875610e+01 1.217052e+01 5.025215e+01 2.496204e-01
2.884032e-05 4.855243e+01 1.235350e+01 5.009937e+01 2.544362e-01
2.951209e-05 4.834301e+01 1.253554e+01 4.994183e+01 2.593041e-01
3.019952e-05 4.812782e+01 1.271644e+01 4.977947e+01 2.642223e-01
3.090295e-05 4.790687e+01 1.289598e+01 4.961224e+01 2.691886e-01
3.162278e-05 4.768014e+01 1.307394e+01 4.944010e+01 2.742008e-01
3.235937e-05 4.744767e+01 1.325008e+01 4.926303e+01 2.792567e-01
3.311311e-05 4.720948e+01 1.342418e+01 4.908099e+01 2.843536e-01
3.388442e-05 4.696560e+01 1.359602e+01 4.889396e+01 2.894889e-01
3.467369e-05 4.671610e+01 1.376535e+01 4.870194e+01 2.946597e-01
3.548134e-05 4.646104e+01 1.393195e+01 4.850492e+01 2.998630e-01
3.630781e-05 4.620051e+01 1.409558e+01 4.830293e+01 3.050957e-01
3.715352e-05 4.593461e+01 1.425601e+01 4.809597e+01 3.103544e-01
3.801894e-05 4.566344e+01 1.441302e+01 4.788408e+01 3.156358e-01
3.890451e-05 4.538714e+01 1.456638e+01 4.766730e+01 3.209362e-01
3.981072e-05 4.510584e+01 1.471587e+01 4.744569e+01 3.262519e-01
4.073803e-05 4.481971e+01 1.486128e+01 4.721932e+01 3.315791e-01
4.168694e-05 4.452890e+01 1.500240e+01 4.698824e+01 3.369138e-01
4.265795e-05 4.423361e+01 1.513904e+01 4.675256e+01 3.422519e-01
4.365158e-05 4.393402e+01 1.527100e+01 4.651238e+01 3.475894e-01
4.466836e-05 4.363035e+01 1.539811e+01 4.626780e+01 3.529220e-01
4.570882e-05 4.332282e+01 1.552020e+01 4.601895e+01 3.582455e-01
4.677351e-05 4.301166e+01 1.563712e+01 4.576595e+01 3.635555e-01
4.786301e-05 4.269711e+01 1.574873e+01 4.550897e+01 3.688476e-01
4.897788e-05 4.237943e+01 1.585489e+01 4.524814e+01 3.741176e-01
5.011872e-05 4.205887e+01 1.595550e+01 4.498363e+01 3.793611e-01
5.128614e-05 4.173571e+01 1.605046e+01 4.471562e+01 3.845739e-01
5.248075e-05 4.141021e+01 1.613970e+01 4.444429e+01 3.897516e-01
5.370318e-05 4.108266e+01 1.622314e+01 4.416984e+01 3.948902e-01
5.495409e-05 4.075333e+01 1.630074e+01 4.389246e+01 3.999855e-01
5.623413e-05 4.042251e+01 1.637248e+01 4.361236e+01 4.050337e-01
5.754399e-05 4.009049e+01 1.643835e+01 4.332975e+01 4.100310e-01
5.888437e-05 3.975755e+01 1.649834e+01 4.304484e+01 4.149738e-01
6.025596e-05 3.942398e+01 1.655250e+01 4.275787e+01 4.198587e-01
6.165950e-05 3.909004e+01 1.660086e+01 4.246904e+01 4.246826e-01
6.309573e-05 3.875602e+01 1.664348e+01 4.217860e+01 4.294424e-01
6.456542e-05 3.842218e+01 1.668044e+01 4.188676e+01 4.341356e-01
6.606934e-05 3.808879e+01 1.671183e+01 4.159376e+01 4.387598e-01
6.760830e-05 3.775609e+01 1.673776e+01 4.129982e+01 4.433128e-01
6.918310e-05 3.742434e+01 1.675835e+01 4.100517e+01 4.477929e-01
7.079458e-05 3.709375e+01 1.677375e+01 4.071001e+01 4.521988e-01
7.244360e-05 3.676456e+01 1.678410e+01 4.041459e+01 4.565292e-01
7.413102e-05 3.643696e+01 1.678956e+01 4.011909e+01 4.607836e-01
7.585776e-05 3.611116e+01 1.679030e+01 3.982374e+01 4.649616e-01
7.762471e-05 3.578733e+01 1.678651e+01 3.952872e+01 4.690631e-01
7.943282e-05 3.546563e+01 1.677839e+01 3.923423e+01 4.730886e-01
8.128305e-05 3.514622e+01 1.676611e+01 3.894046e+01 4.770389e-01
8.317638e-05 3.482922e+01 1.674990e+01 3.864756e+01 4.809150e-01
8.511380e-05 3.451476e+01 1.672995e+01 3.835570e+01 4.847186e-01
8.709636e-05 3.420294e+01 1.670648e+01 3.806504e+01 4.884515e-01
8.912509e-05 3.389384e+01 1.667970e+01 3.777572e+01 4.921158e-01
9.120108e-05 3.358754e+01 1.664982e+01 3.748785e+01 4.957142e-01
9.332543e-05 3.328408e+01 1.661706e+01 3.720157e+01 4.992494e-01
9.549926e-05 3.298351e+01 1.658162e+01 3.691696e+01 5.027247e-01
9.772372e-05 3.268584e+01 1.654372e+01 3.663412e+01 5.061435e-01
1.000000e-04 3.239109e+01 1.650356e+01 3.635313e+01 5.095094e-01
1.023293e-04 3.209925e+01 1.646134e+01 3.607406e+01 5.128263e-01
1.047129e-04 3.181031e+01 1.641725e+01 3.579695e+01 5.160984e-01
1.071519e-04 3.152422e+01 1.637147e+01 3.552185e+01 5.193300e-01
1.096478e-04 3.124095e+01 1.632419e+01 3.524878e+01 5.225253e-01
1.122018e-04 3.096045e+01 1.627557e+01 3.497776e+01 5.256890e-01
1.148154e-04 3.068264e+01 1.622576e+01 3.470878e+01 5.288255e-01
1.174898e-04 3.040745e+01 1.617493e+01 3.444186e+01 5.319397e-01
1.202264e-04 3.013480e+01 1.612320e+01 3.417695e+01 5.350360e-01
1.230269e-04 2.986460e+01 1.607071e+01 3.391404e+01 5.381191e-01
1.258925e-04 2.959675e+01 1.601757e+01 3.365309e+01 5.411935e-01
1.288250e-04 2.933115e+01 1.596388e+01 3.339404e+01 5.442637e-01
1.318257e-04 2.906769e+01 1.590974e+01 3.313685e+01 5.473341e-01
1.348963e-04 2.880627e+01 1.585522e+01 3.288144e+01 5.504089e-01
1.380384e-04 2.854676e+01 1.580040e+01 3.262775e+01 5.534919e-01
1.412538e-04 2.828905e+01 1.574532e+01 3.237569e+01 5.565871e-01
1.445440e-04 2.803303e+01 1.569003e+01 3.212519e+01 5.596980e-01
1.479108e-04 2.777859e+01 1.563456e+01 3.187616e+01 5.628278e-01
1.513561e-04 2.752561e+01 1.557893e+01 3.162850e+01 5.659796e-01
1.548817e-04 2.727398e+01 1.552315e+01 3.138213e+01 5.691560e-01
1.584893e-04 2.702359e+01 1.546721e+01 3.113694e+01 5.723594e-01
1.621810e-04 2.677435e+01 1.541109e+01 3.089284e+01 5.755917e-01
1.659587e-04 2.652615e+01 1.535478e+01 3.064972e+01 5.788544e-01
1.698244e-04 2.627889e+01 1.529823e+01 3.040750e+01 5.821490e-01
1.737801e-04 2.603251e+01 1.524141e+01 3.016608e+01 5.854760e-01
1.778279e-04 2.578691e+01 1.518426e+01 2.992535e+01 5.888359e-01
1.819701e-04 2.554203e+01 1.512672e+01 2.968523e+01 5.922286e-01
1.862087e-04 2.529781e+01 1.506873e+01 2.944564e+01 5.956536e-01
1.905461e-04 2.505418e+01 1.501021e+01 2.920648e+01 5.991100e-01
1.949845e-04 2.481112e+01 1.495109e+01 2.896768e+01 6.025963e-01
1.995262e-04 2.456857e+01 1.489128e+01 2.872916e+01 6.061108e-01
2.041738e-04 2.432653e+01 1.483069e+01 2.849086e+01 6.096511e-01
2.089296e-04 2.408497e+01 1.476925e+01 2.825272e+01 6.132144e-01
2.137962e-04 2.384389e+01 1.470685e+01 2.801468e+01 6.167977e-01
2.187762e-04 2.360329e+01 1.464342e+01 2.777670e+01 6.203972e-01
2.238721e-04 2.336320e+01 1.457885e+01 2.753873e+01 6.240090e-01
2.290868e-04 2.312364e+01 1.451305e+01 2.730076e+01 6.276285e-01
2.344229e-04 2.288464e+01 1.444595e+01 2.706275e+01 6.312511e-01
2.398833e-04 2.264626e+01 1.437746e+01 2.682469e+01 6.348714e-01
2.454709e-04 2.240854e+01 1.430749e+01 2.658659e+01 6.384839e-01
2.511886e-04 2.217155e+01 1.423597e+01 2.634845e+01 6.420828e-01
2.570396e-04 2.193537e+01 1.416283e+01 2.611027e+01 6.456618e-01
2.630268e-04 2.170008e+01 1.408801e+01 2.587209e+01 6.492145e-01
2.691535e-04 2.146575e+01 1.401143e+01 2.563394e+01 6.527343e-01
2.754229e-04 2.123250e+01 1.393307e+01 2.539586e+01 6.562143e-01
2.818383e-04 2.100041e+01 1.385287e+01 2.515789e+01 6.596474e-01
2.884032e-04 2.076960e+01 1.377079e+01 2.492009e+01 6.630264e-01
2.951209e-04 2.054017e+01 1.368682e+01 2.468254e+01 6.663441e-01
3.019952e-04 2.031224e+01 1.360094e+01 2.444530e+01 6.695932e-01
3.090295e-04 2.008592e+01 1.351313e+01 2.420845e+01 6.727663e-01
3.162278e-04 1.986133e+01 1.342341e+01 2.397207e+01 6.758563e-01
3.235937e-04 1.963859e+01 1.333178e+01 2.373627e+01 6.788559e-01
3.311311e-04 1.941782e+01 1.323826e+01 2.350113e+01 6.817582e-01
3.388442e-04 1.919914e+01 1.314289e+01 2.326677e+01 6.845561e-01
3.467369e-04 1.898266e+01 1.304570e+01 2.303327e+01 6.872433e-01
3.548134e-04 1.876849e+01 1.294675e+01 2.280076e+01 6.898132e-01
3.630781e-04 1.855675e+01 1.284610e+01 2.256934e+01 6.922599e-01
3.715352e-04 1.834755e+01 1.274380e+01 2.233914e+01 6.945777e-01
3.801894e-04 1.814099e+01 1.263994e+01 2.211026e+01 6.967615e-01
3.890451e-04 1.793716e+01 1.253460e+01 2.188282e+01 6.988063e-01
3.981072e-04 1.773616e+01 1.242786e+01 2.165694e+01 7.007078e-01
4.073803e-04 1.753807e+01 1.231983e+01 2.143273e+01 7.024624e-01
4.168694e-04 1.734297e+01 1.221061e+01 2.121032e+01 7.040668e-01
4.265795e-04 1.715093e+01 1.210030e+01 2.098980e+01 7.055182e-01
4.365158e-04 1.696203e+01 1.198901e+01 2.077130e+01 7.068148e-01
4.466836e-04 1.677630e+01 1.187687e+01 2.055491e+01 7.079550e-01
4.570882e-04 1.659381e+01 1.176399e+01 2.034075e+01 7.089381e-01
4.677351e-04 1.641460e+01 1.165049e+01 2.012891e+01 7.097641e-01
4.786301e-04 1.623868e+01 1.153650e+01 1.991948e+01 7.104334e-01
4.897788e-04 1.606610e+01 1.142215e+01 1.971256e+01 7.109473e-01
5.011872e-04 1.589687e+01 1.130756e+01 1.950824e+01 7.113077e-01
5.128614e-04 1.573098e+01 1.119287e+01 1.930658e+01 7.115172e-01
5.248075e-04 1.556846e+01 1.107819e+01 1.910767e+01 7.115790e-01
5.370318e-04 1.540927e+01 1.096365e+01 1.891157e+01 7.114968e-01
5.495409e-04 1.525342e+01 1.084938e+01 1.871833e+01 7.112752e-01
5.623413e-04 1.510088e+01 1.073551e+01 1.852802e+01 7.109193e-01
5.754399e-04 1.495161e+01 1.062214e+01 1.834068e+01 7.104345e-01
5.888437e-04 1.480558e+01 1.050941e+01 1.815635e+01 7.098272e-01
6.025596e-04 1.466275e+01 1.039742e+01 1.797505e+01 7.091039e-01
6.165950e-04 1.452307e+01 1.028628e+01 1.779683e+01 7.082717e-01
6.309573e-04 1.438648e+01 1.017610e+01 1.762168e+01 7.073382e-01
6.456542e-04 1.425291e+01 1.006699e+01 1.744964e+01 7.063114e-01
6.606934e-04 1.412231e+01 9.959046e+00 1.728069e+01 7.051995e-01
6.760830e-04 1.399460e+01 9.852354e+00 1.711484e+01 7.040111e-01
6.918310e-04 1.386971e+01 9.747006e+00 1.695208e+01 7.027551e-01
7.079458e-04 1.374755e+01 9.643086e+00 1.679239e+01 7.014404e-01
7.244360e-04 1.362804e+01 9.540672e+00 1.663574e+01 7.000764e-01
7.413102e-04 1.351111e+01 9.439837e+00 1.648213e+01 6.986724e-01
7.585776e-04 1.339664e+01 9.340647e+00 1.633150e+01 6.972379e-01
7.762471e-04 1.328457e+01 9.243166e+00 1.618381e+01 6.957823e-01
7.943282e-04 1.317478e+01 9.147448e+00 1.603903e+01 6.943152e-01
8.128305e-04 1.306719e+01 9.053546e+00 1.589711e+01 6.928459e-01
8.317638e-04 1.296169e+01 8.961503e+00 1.575798e+01 6.913840e-01
8.511380e-04 1.285819e+01 8.871361e+00 1.562159e+01 6.899386e-01
8.709636e-04 1.275659e+01 8.783152e+00 1.548787e+01 6.885190e-01
8.912509e-04 1.265678e+01 8.696905e+00 1.535677e+01 6.871341e-01
9.120108e-04 1.255867e+01 8.612644e+00 1.522819e+01 6.857926e-01
9.332543e-04 1.246216e+01 8.530386e+00 1.510208e+01 6.845032e-01
9.549926e-04 1.236714e+01 8.450144e+00 1.497835e+01 6.832740e-01
9.772372e-04 1.227351e+01 8.371926e+00 1.485693e+01 6.821132e-01
1.000000e-03 1.218119e+01 8.295733e+00 1.473772e+01 6.810283e-01
1.023293e-03 1.209006e+01 8.221564e+00 1.462066e+01 6.800268e-01
1.047129e-03 1.200003e+01 8.149410e+00 1.450564e+01 6.791158e-01
1.071519e-03 1.191101e+01 8.079259e+00 1.439259e+01 6.783019e-01
1.096478e-03 1.182290e+01 8.011096e+00 1.428141e+01 6.775915e-01
1.122018e-03 1.173561e+01 7.944897e+00 1.417201e+01 6.769907e-01
1.148154e-03 1.164905e+01 7.880639e+00 1.406431e+01 6.765049e-01
1.174898e-03 1.156313e+01 7.818291e+00 1.395821e+01 6.761394e-01
1.202264e-03 1.147778e+01 7.757820e+00 1.385363e+01 6.758991e-01
1.230269e-03 1.139290e+01 7.699187e+00 1.375048e+01 6.757883e-01
1.258925e-03 1.130842e+01 7.642353e+00 1.364866e+01 6.758110e-01
1.288250e-03 1.122426e+01 7.587272e+00 1.354808e+01 6.759710e-01
1.318257e-03 1.114034e+01 7.533896e+00 1.344867e+01 6.762715e-01
1.348963e-03 1.105661e+01 7.482174e+00 1.335034e+01 6.767152e-01
1.380384e-03 1.097298e+01 7.432053e+00 1.325299e+01 6.773046e-01
1.412538e-03 1.088941e+01 7.383475e+00 1.315656e+01 6.780418e-01
1.445440e-03 1.080583e+01 7.336382e+00 1.306095e+01 6.789283e-01
1.479108e-03 1.072218e+01 7.290711e+00 1.296609e+01 6.799655e-01
1.513561e-03 1.063841e+01 7.246400e+00 1.287191e+01 6.811543e-01
1.548817e-03 1.055448e+01 7.203383e+00 1.277833e+01 6.824952e-01
1.584893e-03 1.047035e+01 7.161593e+00 1.268529e+01 6.839882e-01
1.621810e-03 1.038596e+01 7.120961e+00 1.259271e+01 6.856333e-01
1.659587e-03 1.030130e+01 7.081418e+00 1.250053e+01 6.874298e-01
1.698244e-03 1.021632e+01 7.042895e+00 1.240869e+01 6.893768e-01
1.737801e-03 1.013101e+01 7.005319e+00 1.231713e+01 6.914732e-01
1.778279e-03 1.004533e+01 6.968619e+00 1.222581e+01 6.937173e-01
1.819701e-03 9.959276e+00 6.932725e+00 1.213466e+01 6.961073e-01
1.862087e-03 9.872830e+00 6.897565e+00 1.204364e+01 6.986411e-01
1.905461e-03 9.785982e+00 6.863067e+00 1.195270e+01 7.013162e-01
1.949845e-03 9.698727e+00 6.829163e+00 1.186182e+01 7.041298e-01
1.995262e-03 9.611063e+00 6.795781e+00 1.177095e+01 7.070791e-01
2.041738e-03 9.522994e+00 6.762856e+00 1.168005e+01 7.101607e-01
2.089296e-03 9.434525e+00 6.730319e+00 1.158911e+01 7.133712e-01
2.137962e-03 9.345668e+00 6.698105e+00 1.149809e+01 7.167069e-01
2.187762e-03 9.256435e+00 6.666152e+00 1.140698e+01 7.201640e-01
2.238721e-03 9.166845e+00 6.634398e+00 1.131575e+01 7.237384e-01
2.290868e-03 9.076918e+00 6.602784e+00 1.122440e+01 7.274258e-01
2.344229e-03 8.986677e+00 6.571254e+00 1.113291e+01 7.312218e-01
2.398833e-03 8.896149e+00 6.539755e+00 1.104128e+01 7.351220e-01
2.454709e-03 8.805364e+00 6.508234e+00 1.094950e+01 7.391216e-01
2.511886e-03 8.714352e+00 6.476645e+00 1.085757e+01 7.432159e-01
2.570396e-03 8.623149e+00 6.444942e+00 1.076550e+01 7.474001e-01
2.630268e-03 8.531789e+00 6.413084e+00 1.067329e+01 7.516693e-01
2.691535e-03 8.440310e+00 6.381031e+00 1.058094e+01 7.560186e-01
2.754229e-03 8.348751e+00 6.348750e+00 1.048848e+01 7.604430e-01
2.818383e-03 8.257153e+00 6.316207e+00 1.039591e+01 7.649376e-01
2.884032e-03 8.165557e+00 6.283375e+00 1.030326e+01 7.694974e-01
2.951209e-03 8.074005e+00 6.250228e+00 1.021053e+01 7.741175e-01
3.019952e-03 7.982538e+00 6.216745e+00 1.011775e+01 7.787931e-01
3.090295e-03 7.891201e+00 6.182909e+00 1.002494e+01 7.835194e-01
3.162278e-03 7.800034e+00 6.148703e+00 9.932124e+00 7.882917e-01
3.235937e-03 7.709082e+00 6.114116e+00 9.839327e+00 7.931056e-01
3.311311e-03 7.618385e+00 6.079140e+00 9.746575e+00 7.979565e-01
3.388442e-03 7.527984e+00 6.043769e+00 9.653895e+00 8.028403e-01
3.467369e-03 7.437921e+00 6.008001e+00 9.561315e+00 8.077528e-01
3.548134e-03 7.348233e+00 5.971837e+00 9.468863e+00 8.126902e-01
3.630781e-03 7.258959e+00 5.935278e+00 9.376567e+00 8.176486e-01
3.715352e-03 7.170135e+00 5.898330e+00 9.284457e+00 8.226247e-01
3.801894e-03 7.081796e+00 5.861002e+00 9.192561e+00 8.276152e-01
3.890451e-03 6.993975e+00 5.823303e+00 9.100909e+00 8.326171e-01
3.981072e-03 6.906703e+00 5.785245e+00 9.009528e+00 8.376275e-01
4.073803e-03 6.820010e+00 5.746841e+00 8.918448e+00 8.426441e-01
4.168694e-03 6.733923e+00 5.708107e+00 8.827695e+00 8.476645e-01
4.265795e-03 6.648467e+00 5.669059e+00 8.737296e+00 8.526868e-01
4.365158e-03 6.563665e+00 5.629716e+00 8.647277e+00 8.577092e-01
4.466836e-03 6.479539e+00 5.590096e+00 8.557663e+00 8.627304e-01
4.570882e-03 6.396108e+00 5.550218e+00 8.468477e+00 8.677492e-01
4.677351e-03 6.313388e+00 5.510102e+00 8.379743e+00 8.727648e-01
4.786301e-03 6.231394e+00 5.469770e+00 8.291481e+00 8.777764e-01
4.897788e-03 6.150138e+00 5.429243e+00 8.203711e+00 8.827839e-01
5.011872e-03 6.069632e+00 5.388541e+00 8.116453e+00 8.877870e-01
5.128614e-03 5.989885e+00 5.347685e+00 8.029723e+00 8.927859e-01
5.248075e-03 5.910902e+00 5.306696e+00 7.943538e+00 8.977810e-01
5.370318e-03 5.832690e+00 5.265594e+00 7.857911e+00 9.027729e-01
5.495409e-03 5.755251e+00 5.224400e+00 7.772855e+00 9.077624e-01
5.623413e-03 5.678588e+00 5.183133e+00 7.688383e+00 9.127504e-01
5.754399e-03 5.602700e+00 5.141812e+00 7.604503e+00 9.177382e-01
5.888437e-03 5.527587e+00 5.100453e+00 7.521226e+00 9.227269e-01
6.025596e-03 5.453246e+00 5.059076e+00 7.438557e+00 9.277182e-01
6.165950e-03 5.379674e+00 5.017694e+00 7.356504e+00 9.327134e-01
6.309573e-03 5.306867e+00 4.976325e+00 7.275070e+00 9.377144e-01
6.456542e-03 5.234818e+00 4.934982e+00 7.194260e+00 9.427227e-01
6.606934e-03 5.163523e+00 4.893678e+00 7.114075e+00 9.477401e-01
6.760830e-03 5.092974e+00 4.852426e+00 7.034516e+00 9.527685e-01
6.918310e-03 5.023164e+00 4.811236e+00 6.955585e+00 9.578097e-01
7.079458e-03 4.954085e+00 4.770118e+00 6.877281e+00 9.628655e-01
7.244360e-03 4.885730e+00 4.729082e+00 6.799601e+00 9.679377e-01
7.413102e-03 4.818089e+00 4.688135e+00 6.722544e+00 9.730279e-01
7.585776e-03 4.751155e+00 4.647285e+00 6.646107e+00 9.781380e-01
7.762471e-03 4.684919e+00 4.606538e+00 6.570286e+00 9.832694e-01
7.943282e-03 4.619373e+00 4.565898e+00 6.495077e+00 9.884238e-01
8.128305e-03 4.554508e+00 4.525370e+00 6.420477e+00 9.936024e-01
8.317638e-03 4.490317e+00 4.484958e+00 6.346479e+00 9.988065e-01
8.511380e-03 4.426792e+00 4.444664e+00 6.273079e+00 1.004037e+00
8.709636e-03 4.363924e+00 4.404490e+00 6.200272e+00 1.009296e+00
8.912509e-03 4.301708e+00 4.364439e+00 6.128052e+00 1.014583e+00
9.120108e-03 4.240136e+00 4.324510e+00 6.056413e+00 1.019899e+00
9.332543e-03 4.179202e+00 4.284705e+00 5.985351e+00 1.025245e+00
9.549926e-03 4.118901e+00 4.245023e+00 5.914859e+00 1.030620e+00
9.772372e-03 4.059225e+00 4.205464e+00 5.844932e+00 1.036026e+00
1.000000e-02 4.000172e+00 4.166027e+00 5.775566e+00 1.041462e+00
1.023293e-02 3.941736e+00 4.126712e+00 5.706754e+00 1.046928e+00
1.047129e-02 3.883913e+00 4.087518e+00 5.638491e+00 1.052423e+00
1.071519e-02 3.826700e+00 4.048443e+00 5.570774e+00 1.057946e+00
1.096478e-02 3.770094e+00 4.009487e+00 5.503598e+00 1.063498e+00
1.122018e-02 3.714092e+00 3.970648e+00 5.436959e+00 1.069076e+00
1.148154e-02 3.658691e+00 3.931925e+00 5.370852e+00 1.074681e+00
1.174898e-02 3.603890e+00 3.893317e+00 5.305275e+00 1.080309e+00
1.202264e-02 3.549688e+00 3.854823e+00 5.240224e+00 1.085961e+00
1.230269e-02 3.496083e+00 3.816443e+00 5.175696e+00 1.091634e+00
1.258925e-02 3.443075e+00 3.778175e+00 5.111690e+00 1.097326e+00
1.288250e-02 3.390662e+00 3.740020e+00 5.048202e+00 1.103035e+00
1.318257e-02 3.338845e+00 3.701978e+00 4.985231e+00 1.108760e+00
1.348963e-02 3.287623e+00 3.664048e+00 4.922775e+00 1.114497e+00
1.380384e-02 3.236997e+00 3.626231e+00 4.860833e+00 1.120245e+00
1.412538e-02 3.186966e+00 3.588527e+00 4.799404e+00 1.126001e+00
1.445440e-02 3.137530e+00 3.550938e+00 4.738487e+00 1.131762e+00
1.479108e-02 3.088691e+00 3.513464e+00 4.678081e+00 1.137526e+00
1.513561e-02 3.040447e+00 3.476108e+00 4.618187e+00 1.143288e+00
1.548817e-02 2.992800e+00 3.438871e+00 4.558803e+00 1.149048e+00
1.584893e-02 2.945750e+00 3.401754e+00 4.499931e+00 1.154801e+00
1.621810e-02 2.899297e+00 3.364761e+00 4.441570e+00 1.160544e+00
1.659587e-02 2.853441e+00 3.327894e+00 4.383720e+00 1.166274e+00
1.698244e-02 2.808182e+00 3.291155e+00 4.326383e+00 1.171988e+00
1.737801e-02 2.763520e+00 3.254547e+00 4.269557e+00 1.177682e+00
1.778279e-02 2.719454e+00 3.218074e+00 4.213245e+00 1.183353e+00
1.819701e-02 2.675985e+00 3.181739e+00 4.157446e+00 1.188997e+00
1.862087e-02 2.633112e+00 3.145544e+00 4.102162e+00 1.194611e+00
1.905461e-02 2.590834e+00 3.109495e+00 4.047392e+00 1.200191e+00
1.949845e-02 2.549150e+00 3.073594e+00 3.993137e+00 1.205733e+00
1.995262e-02 2.508059e+00 3.037845e+00 3.939399e+00 1.211233e+00
2.041738e-02 2.467561e+00 3.002252e+00 3.886177e+00 1.216688e+00
2.089296e-02 2.427652e+00 2.966819e+00 3.833472e+00 1.222094e+00
2.137962e-02 2.388333e+00 2.931550e+00 3.781285e+00 1.227446e+00
2.187762e-02 2.349601e+00 2.896449e+00 3.729617e+00 1.232741e+00
2.238721e-02 2.311454e+00 2.861520e+00 3.678466e+00 1.237974e+00
2.290868e-02 2.273890e+00 2.826767e+00 3.627835e+00 1.243142e+00
2.344229e-02 2.236907e+00 2.792194e+00 3.577723e+00 1.248239e+00
2.398833e-02 2.200503e+00 2.757806e+00 3.528131e+00 1.253261e+00
2.454709e-02 2.164676e+00 2.723606e+00 3.479058e+00 1.258205e+00
2.511886e-02 2.129421e+00 2.689598e+00 3.430506e+00 1.263065e+00
2.570396e-02 2.094738e+00 2.655787e+00 3.382474e+00 1.267837e+00
2.630268e-02 2.060623e+00 2.622176e+00 3.334962e+00 1.272516e+00
2.691535e-02 2.027073e+00 2.588770e+00 3.287971e+00 1.277098e+00
2.754229e-02 1.994084e+00 2.555573e+00 3.241501e+00 1.281577e+00
2.818383e-02 1.961655e+00 2.522589e+00 3.195551e+00 1.285950e+00
2.884032e-02 1.929781e+00 2.489822e+00 3.150122e+00 1.290210e+00
2.951209e-02 1.898458e+00 2.457277e+00 3.105214e+00 1.294354e+00
3.019952e-02 1.867685e+00 2.424956e+00 3.060826e+00 1.298376e+00
3.090295e-02 1.837456e+00 2.392865e+00 3.016960e+00 1.302271e+00
3.162278e-02 1.807768e+00 2.361008e+00 2.973614e+00 1.306035e+00
3.235937e-02 1.778617e+00 2.329388e+00 2.930790e+00 1.309663e+00
3.311311e-02 1.749999e+00 2.298011e+00 2.888486e+00 1.313150e+00
3.388442e-02 1.721910e+00 2.266880e+00 2.846703e+00 1.316491e+00
3.467369e-02 1.694346e+00 2.235999e+00 2.805441e+00 1.319683e+00
3.548134e-02 1.667302e+00 2.205373e+00 2.764700e+00 1.322720e+00
3.630781e-02 1.640773e+00 2.175006e+00 2.724479e+00 1.325598e+00
3.715352e-02 1.614754e+00 2.144902e+00 2.684778e+00 1.328315e+00
3.801894e-02 1.589241e+00 2.115065e+00 2.645598e+00 1.330865e+00
3.890451e-02 1.564228e+00 2.085500e+00 2.606937e+00 1.333245e+00
3.981072e-02 1.539710e+00 2.056211e+00 2.568795e+00 1.335453e+00
4.073803e-02 1.515681e+00 2.027201e+00 2.531173e+00 1.337485e+00
4.168694e-02 1.492136e+00 1.998476e+00 2.494068e+00 1.339339e+00
4.265795e-02 1.469068e+00 1.970039e+00 2.457481e+00 1.341013e+00
4.365158e-02 1.446471e+00 1.941893e+00 2.421410e+00 1.342504e+00
4.466836e-02 1.424339e+00 1.914043e+00 2.385855e+00 1.343812e+00
4.570882e-02 1.402664e+00 1.886493e+00 2.350813e+00 1.344935e+00
4.677351e-02 1.381441e+00 1.859245e+00 2.316284e+00 1.345874e+00
4.786301e-02 1.360662e+00 1.832304e+00 2.282266e+00 1.346627e+00
4.897788e-02 1.340319e+00 1.805672e+00 2.248757e+00 1.347196e+00
5.011872e-02 1.320406e+00 1.779353e+00 2.215755e+00 1.347581e+00
5.128614e-02 1.300914e+00 1.753350e+00 2.183258e+00 1.347783e+00
5.248075e-02 1.281836e+00 1.727665e+00 2.151263e+00 1.347805e+00
5.370318e-02 1.263164e+00 1.702301e+00 2.119767e+00 1.347648e+00
5.495409e-02 1.244890e+00 1.677259e+00 2.088767e+00 1.347315e+00
5.623413e-02 1.227005e+00 1.652542e+00 2.058261e+00 1.346810e+00
5.754399e-02 1.209500e+00 1.628152e+00 2.028243e+00 1.346136e+00
5.888437e-02 1.192369e+00 1.604090e+00 1.998712e+00 1.345297e+00
6.025596e-02 1.175601e+00 1.580357e+00 1.969661e+00 1.344297e+00
6.165950e-02 1.159188e+00 1.556954e+00 1.941088e+00 1.343141e+00
6.309573e-02 1.143122e+00 1.533882e+00 1.912988e+00 1.341835e+00
6.456542e-02 1.127394e+00 1.511140e+00 1.885355e+00 1.340383e+00
6.606934e-02 1.111995e+00 1.488730e+00 1.858184e+00 1.338792e+00
6.760830e-02 1.096916e+00 1.466650e+00 1.831471e+00 1.337067e+00
6.918310e-02 1.082149e+00 1.444900e+00 1.805210e+00 1.335214e+00
7.079458e-02 1.067684e+00 1.423480e+00 1.779394e+00 1.333240e+00
7.244360e-02 1.053514e+00 1.402387e+00 1.754019e+00 1.331152e+00
7.413102e-02 1.039630e+00 1.381622e+00 1.729078e+00 1.328955e+00
7.585776e-02 1.026023e+00 1.361181e+00 1.704564e+00 1.326657e+00
7.762471e-02 1.012685e+00 1.341063e+00 1.680471e+00 1.324265e+00
7.943282e-02 9.996083e-01 1.321266e+00 1.656793e+00 1.321784e+00
8.128305e-02 9.867839e-01 1.301788e+00 1.633522e+00 1.319223e+00
8.317638e-02 9.742044e-01 1.282625e+00 1.610652e+00 1.316587e+00
8.511380e-02 9.618620e-01 1.263775e+00 1.588177e+00 1.313884e+00
8.709636e-02 9.497492e-01 1.245234e+00 1.566088e+00 1.311119e+00
8.912509e-02 9.378586e-01 1.227000e+00 1.544379e+00 1.308299e+00
9.120108e-02 9.261831e-01 1.209068e+00 1.523043e+00 1.305431e+00
9.332543e-02 9.147156e-01 1.191436e+00 1.502073e+00 1.302520e+00
9.549926e-02 9.034495e-01 1.174098e+00 1.481461e+00 1.299573e+00
9.772372e-02 8.923783e-01 1.157052e+00 1.461201e+00 1.296594e+00
1.000000e-01 8.814957e-01 1.140293e+00 1.441285e+00 1.293589e+00
1.023293e-01 8.707956e-01 1.123817e+00 1.421707e+00 1.290564e+00
1.047129e-01 8.602722e-01 1.107620e+00 1.402458e+00 1.287522e+00
1.071519e-01 8.499199e-01 1.091697e+00 1.383534e+00 1.284470e+00
1.096478e-01 8.397335e-01 1.076044e+00 1.364926e+00 1.281411e+00
1.122018e-01 8.297076e-01 1.060656e+00 1.346627e+00 1.278349e+00
1.148154e-01 8.198375e-01 1.045529e+00 1.328633e+00 1.275288e+00
1.174898e-01 8.101185e-01 1.030659e+00 1.310934e+00 1.272232e+00
1.202264e-01 8.005462e-01 1.016040e+00 1.293527e+00 1.269184e+00
1.230269e-01 7.911162e-01 1.001669e+00 1.276403e+00 1.266147e+00
1.258925e-01 7.818246e-01 9.875408e-01 1.259558e+00 1.263123e+00
1.288250e-01 7.726676e-01 9.736511e-01 1.242985e+00 1.260116e+00
1.318257e-01 7.636414e-01 9.599953e-01 1.226678e+00 1.257128e+00
1.348963e-01 7.547428e-01 9.465692e-01 1.210632e+00 1.254161e+00
1.380384e-01 7.459683e-01 9.333685e-01 1.194841e+00 1.251217e+00
1.412538e-01 7.373149e-01 9.203888e-01 1.179300e+00 1.248298e+00
1.445440e-01 7.287796e-01 9.076261e-01 1.164004e+00 1.245405e+00
1.479108e-01 7.203597e-01 8.950762e-01 1.148947e+00 1.242541e+00
1.513561e-01 7.120526e-01 8.827352e-01 1.134125e+00 1.239705e+00
1.548817e-01 7.038555e-01 8.705990e-01 1.119533e+00 1.236900e+00
1.584893e-01 6.957663e-01 8.586639e-01 1.105167e+00 1.234127e+00
1.621810e-01 6.877825e-01 8.469261e-01 1.091022e+00 1.231386e+00
1.659587e-01 6.799021e-01 8.353819e-01 1.077093e+00 1.228680e+00
1.698244e-01 6.721229e-01 8.240279e-01 1.063377e+00 1.226008e+00
1.737801e-01 6.644429e-01 8.128605e-01 1.049870e+00 1.223371e+00
1.778279e-01 6.568602e-01 8.018763e-01 1.036567e+00 1.220772e+00
1.819701e-01 6.493730e-01 7.910720e-01 1.023465e+00 1.218209e+00
1.862087e-01 6.419794e-01 7.804445e-01 1.010560e+00 1.215685e+00
1.905461e-01 6.346778e-01 7.699907e-01 9.978485e-01 1.213199e+00
1.949845e-01 6.274665e-01 7.597075e-01 9.853272e-01 1.210754e+00
1.995262e-01 6.203438e-01 7.495920e-01 9.729926e-01 1.208349e+00
2.041738e-01 6.133083e-01 7.396413e-01 9.608415e-01 1.205986e+00
2.089296e-01 6.063583e-01 7.298526e-01 9.488705e-01 1.203666e+00
2.137962e-01 5.994923e-01 7.202233e-01 9.370766e-01 1.201389e+00
2.187762e-01 5.927088e-01 7.107507e-01 9.254568e-01 1.199157e+00
2.238721e-01 5.860065e-01 7.014322e-01 9.140081e-01 1.196970e+00
2.290868e-01 5.793838e-01 6.922654e-01 9.027275e-01 1.194830e+00
2.344229e-01 5.728394e-01 6.832477e-01 8.916122e-01 1.192739e+00
2.398833e-01 5.663718e-01 6.743768e-01 8.806594e-01 1.190696e+00
2.454709e-01 5.599796e-01 6.656504e-01 8.698664e-01 1.188705e+00
2.511886e-01 5.536615e-01 6.570662e-01 8.592305e-01 1.186765e+00
2.570396e-01 5.474162e-01 6.486219e-01 8.487490e-01 1.184879e+00
2.630268e-01 5.412422e-01 6.403154e-01 8.384193e-01 1.183048e+00
2.691535e-01 5.351382e-01 6.321445e-01 8.282388e-01 1.181273e+00
2.754229e-01 5.291029e-01 6.241071e-01 8.182051e-01 1.179557e+00
2.818383e-01 5.231350e-01 6.162012e-01 8.083156e-01 1.177901e+00
2.884032e-01 5.172331e-01 6.084246e-01 7.985678e-01 1.176306e+00
2.951209e-01 5.113959e-01 6.007754e-01 7.889594e-01 1.174776e+00
3.019952e-01 5.056220e-01 5.932517e-01 7.794878e-01 1.173311e+00
3.090295e-01 4.999103e-01 5.858513e-01 7.701507e-01 1.171913e+00
3.162278e-01 4.942593e-01 5.785725e-01 7.609457e-01 1.170585e+00
3.235937e-01 4.886679e-01 5.714132e-01 7.518706e-01 1.169328e+00
3.311311e-01 4.831346e-01 5.643716e-01 7.429228e-01 1.168146e+00
3.388442e-01 4.776582e-01 5.574458e-01 7.341002e-01 1.167039e+00
3.467369e-01 4.722375e-01 5.506338e-01 7.254005e-01 1.166010e+00
3.548134e-01 4.668712e-01 5.439339e-01 7.168213e-01 1.165062e+00
3.630781e-01 4.615580e-01 5.373442e-01 7.083605e-01 1.164196e+00
3.715352e-01 4.562968e-01 5.308627e-01 7.000157e-01 1.163415e+00
3.801894e-01 4.510863e-01 5.244878e-01 6.917848e-01 1.162722e+00
3.890451e-01 4.459252e-01 5.182174e-01 6.836656e-01 1.162117e+00
3.981072e-01 4.408125e-01 5.120498e-01 6.756558e-01 1.161605e+00
4.073803e-01 4.357470e-01 5.059832e-01 6.677533e-01 1.161186e+00
4.168694e-01 4.307275e-01 5.000157e-01 6.599560e-01 1.160863e+00
4.265795e-01 4.257529e-01 4.941455e-01 6.522617e-01 1.160639e+00
4.365158e-01 4.208221e-01 4.883707e-01 6.446683e-01 1.160516e+00
4.466836e-01 4.159341e-01 4.826895e-01 6.371737e-01 1.160495e+00
4.570882e-01 4.110878e-01 4.771002e-01 6.297759e-01 1.160580e+00
4.677351e-01 4.062822e-01 4.716008e-01 6.224729e-01 1.160772e+00
4.786301e-01 4.015164e-01 4.661896e-01 6.152626e-01 1.161072e+00
4.897788e-01 3.967893e-01 4.608647e-01 6.081431e-01 1.161485e+00
5.011872e-01 3.921002e-01 4.556244e-01 6.011124e-01 1.162010e+00
5.128614e-01 3.874482e-01 4.504668e-01 5.941687e-01 1.162651e+00
5.248075e-01 3.828323e-01 4.453901e-01 5.873099e-01 1.163408e+00
5.370318e-01 3.782519e-01 4.403927e-01 5.805344e-01 1.164284e+00
5.495409e-01 3.737061e-01 4.354726e-01 5.738402e-01 1.165281e+00
5.623413e-01 3.691943e-01 4.306281e-01 5.672257e-01 1.166400e+00
5.754399e-01 3.647157e-01 4.258576e-01 5.606891e-01 1.167642e+00
5.888437e-01 3.602698e-01 4.211591e-01 5.542286e-01 1.169010e+00
6.025596e-01 3.558560e-01 4.165312e-01 5.478428e-01 1.170505e+00
6.165950e-01 3.514736e-01 4.119720e-01 5.415299e-01 1.172128e+00
6.309573e-01 3.471223e-01 4.074799e-01 5.352884e-01 1.173880e+00
6.456542e-01 3.428014e-01 4.030532e-01 5.291169e-01 1.175763e+00
6.606934e-01 3.385106e-01 3.986903e-01 5.230137e-01 1.177778e+00
6.760830e-01 3.342494e-01 3.943897e-01 5.169777e-01 1.179926e+00
6.918310e-01 3.300176e-01 3.901497e-01 5.110072e-01 1.182209e+00
7.079458e-01 3.258147e-01 3.859689e-01 5.051012e-01 1.184627e+00
7.244360e-01 3.216405e-01 3.818456e-01 4.992582e-01 1.187181e+00
7.413102e-01 3.174948e-01 3.777785e-01 4.934770e-01 1.189873e+00
7.585776e-01 3.133772e-01 3.737662e-01 4.877565e-01 1.192704e+00
7.762471e-01 3.092876e-01 3.698071e-01 4.820955e-01 1.195674e+00
7.943282e-01 3.052259e-01 3.659000e-01 4.764930e-01 1.198784e+00
8.128305e-01 3.011918e-01 3.620435e-01 4.709479e-01 1.202036e+00
8.317638e-01 2.971852e-01 3.582363e-01 4.654592e-01 1.205431e+00
8.511380e-01 2.932061e-01 3.544772e-01 4.600260e-01 1.208969e+00
8.709636e-01 2.892544e-01 3.507649e-01 4.546473e-01 1.212652e+00
8.912509e-01 2.853300e-01 3.470983e-01 4.493222e-01 1.216480e+00
9.120108e-01 2.814328e-01 3.434763e-01 4.440500e-01 1.220456e+00
9.332543e-01 2.775629e-01 3.398978e-01 4.388299e-01 1.224580e+00
9.549926e-01 2.737201e-01 3.363617e-01 4.336610e-01 1.228853e+00
9.772372e-01 2.699045e-01 3.328669e-01 4.285427e-01 1.233277e+00
1.000000e+00 2.661161e-01 3.294126e-01 4.234743e-01 1.237853e+00
1.023293e+00 2.623549e-01 3.259978e-01 4.184550e-01 1.242583e+00
1.047129e+00 2.586208e-01 3.226215e-01 4.134844e-01 1.247469e+00
1.071519e+00 2.549139e-01 3.192829e-01 4.085617e-01 1.252513e+00
1.096478e+00 2.512341e-01 3.159812e-01 4.036864e-01 1.257716e+00
1.122018e+00 2.475815e-01 3.127156e-01 3.988579e-01 1.263081e+00
1.148154e+00 2.439561e-01 3.094852e-01 3.940757e-01 1.268610e+00
1.174898e+00 2.403577e-01 3.062894e-01 3.893392e-01 1.274307e+00
1.202264e+00 2.367865e-01 3.031274e-01 3.846480e-01 1.280172e+00
1.230269e+00 2.332423e-01 2.999986e-01 3.800015e-01 1.286210e+00
1.258925e+00 2.297251e-01 2.969022e-01 3.753992e-01 1.292424e+00
1.288250e+00 2.262350e-01 2.938377e-01 3.708407e-01 1.298817e+00
1.318257e+00 2.227717e-01 2.908044e-01 3.663255e-01 1.305392e+00
1.348963e+00 2.193353e-01 2.878016e-01 3.618532e-01 1.312154e+00
1.380384e+00 2.159256e-01 2.848288e-01 3.574231e-01 1.319106e+00
1.412538e+00 2.125426e-01 2.818854e-01 3.530350e-01 1.326254e+00
1.445440e+00 2.091861e-01 2.789709e-01 3.486884e-01 1.333602e+00
1.479108e+00 2.058561e-01 2.760846e-01 3.443827e-01 1.341154e+00
1.513561e+00 2.025524e-01 2.732260e-01 3.401175e-01 1.348915e+00
1.548817e+00 1.992749e-01 2.703946e-01 3.358924e-01 1.356893e+00
1.584893e+00 1.960234e-01 2.675898e-01 3.317069e-01 1.365091e+00
1.621810e+00 1.927979e-01 2.648111e-01 3.275606e-01 1.373517e+00
1.659587e+00 1.895980e-01 2.620578e-01 3.234528e-01 1.382176e+00
1.698244e+00 1.864238e-01 2.593296e-01 3.193833e-01 1.391075e+00
1.737801e+00 1.832751e-01 2.566258e-01 3.153514e-01 1.400222e+00
1.778279e+00 1.801516e-01 2.539458e-01 3.113568e-01 1.409623e+00
1.819701e+00 1.770532e-01 2.512892e-01 3.073989e-01 1.419286e+00
1.862087e+00 1.739798e-01 2.486553e-01 3.034772e-01 1.429220e+00
1.905461e+00 1.709312e-01 2.460437e-01 2.995913e-01 1.439431e+00
1.949845e+00 1.679073e-01 2.434537e-01 2.957407e-01 1.449930e+00
1.995262e+00 1.649078e-01 2.408848e-01 2.919248e-01 1.460724e+00
2.041738e+00 1.619328e-01 2.383363e-01 2.881431e-01 1.471822e+00
2.089296e+00 1.589820e-01 2.358078e-01 2.843952e-01 1.483236e+00
2.137962e+00 1.560554e-01 2.332987e-01 2.806806e-01 1.494973e+00
2.187762e+00 1.531529e-01 2.308083e-01 2.769987e-01 1.507045e+00
2.238721e+00 1.502742e-01 2.283361e-01 2.733491e-01 1.519463e+00
2.290868e+00 1.474195e-01 2.258815e-01 2.697313e-01 1.532236e+00
2.344229e+00 1.445887e-01 2.234438e-01 2.661447e-01 1.545376e+00
2.398833e+00 1.417816e-01 2.210226e-01 2.625890e-01 1.558895e+00
2.454709e+00 1.389983e-01 2.186172e-01 2.590637e-01 1.572804e+00
2.511886e+00 1.362389e-01 2.162270e-01 2.555683e-01 1.587117e+00
2.570396e+00 1.335032e-01 2.138514e-01 2.521022e-01 1.601845e+00
2.630268e+00 1.307914e-01 2.114899e-01 2.486652e-01 1.617002e+00
2.691535e+00 1.281035e-01 2.091420e-01 2.452567e-01 1.632601e+00
2.754229e+00 1.254397e-01 2.068069e-01 2.418764e-01 1.648656e+00
2.818383e+00 1.227999e-01 2.044842e-01 2.385238e-01 1.665182e+00
2.884032e+00 1.201845e-01 2.021734e-01 2.351986e-01 1.682192e+00
2.951209e+00 1.175935e-01 1.998738e-01 2.319004e-01 1.699702e+00
3.019952e+00 1.150271e-01 1.975851e-01 2.286287e-01 1.717727e+00
3.090295e+00 1.124855e-01 1.953066e-01 2.253834e-01 1.736283e+00
3.162278e+00 1.099690e-01 1.930380e-01 2.221640e-01 1.755386e+00
3.235937e+00 1.074777e-01 1.907787e-01 2.189702e-01 1.775053e+00
3.311311e+00 1.050121e-01 1.885283e-01 2.158019e-01 1.795300e+00
3.388442e+00 1.025724e-01 1.862864e-01 2.126587e-01 1.816146e+00
3.467369e+00 1.001588e-01 1.840526e-01 2.095403e-01 1.837608e+00
3.548134e+00 9.777180e-02 1.818265e-01 2.064466e-01 1.859703e+00
3.630781e+00 9.541167e-02 1.796079e-01 2.033775e-01 1.882452e+00
3.715352e+00 9.307881e-02 1.773964e-01 2.003326e-01 1.905873e+00
3.801894e+00 9.077360e-02 1.751917e-01 1.973119e-01 1.929986e+00
3.890451e+00 8.849644e-02 1.729937e-01 1.943153e-01 1.954810e+00
3.981072e+00 8.624774e-02 1.708020e-01 1.913427e-01 1.980365e+00
4.073803e+00 8.402792e-02 1.686167e-01 1.883939e-01 2.006674e+00
4.168694e+00 8.183741e-02 1.664374e-01 1.854690e-01 2.033757e+00
4.265795e+00 7.967664e-02 1.642642e-01 1.825680e-01 2.061635e+00
4.365158e+00 7.754604e-02 1.620969e-01 1.796908e-01 2.090331e+00
4.466836e+00 7.544604e-02 1.599356e-01 1.768375e-01 2.119868e+00
4.570882e+00 7.337708e-02 1.577804e-01 1.740082e-01 2.150268e+00
4.677351e+00 7.133958e-02 1.556312e-01 1.712028e-01 2.181554e+00
4.786301e+00 6.933396e-02 1.534882e-01 1.684216e-01 2.213752e+00
4.897788e+00 6.736061e-02 1.513515e-01 1.656645e-01 2.246885e+00
5.011872e+00 6.541994e-02 1.492214e-01 1.629319e-01 2.280977e+00
5.128614e+00 6.351231e-02 1.470980e-01 1.602237e-01 2.316055e+00
5.248075e+00 6.163809e-02 1.449816e-01 1.575402e-01 2.352143e+00
5.370318e+00 5.979759e-02 1.428725e-01 1.548816e-01 2.389268e+00
5.495409e+00 5.799115e-02 1.407710e-01 1.522480e-01 2.427458e+00
5.623413e+00 5.621903e-02 1.386776e-01 1.496397e-01 2.466738e+00
5.754399e+00 5.448149e-02 1.365925e-01 1.470569e-01 2.507136e+00
5.888437e+00 5.277876e-02 1.345162e-01 1.444999e-01 2.548681e+00
6.025596e+00 5.111103e-02 1.324492e-01 1.419688e-01 2.591401e+00
6.165950e+00 4.947847e-02 1.303919e-01 1.394638e-01 2.635326e+00
6.309573e+00 4.788119e-02 1.283448e-01 1.369854e-01 2.680484e+00
6.456542e+00 4.631928e-02 1.263084e-01 1.345336e-01 2.726907e+00
6.606934e+00 4.479280e-02 1.242832e-01 1.321087e-01 2.774624e+00
6.760830e+00 4.330175e-02 1.222698e-01 1.297110e-01 2.823668e+00
6.918310e+00 4.184612e-02 1.202686e-01 1.273407e-01 2.874069e+00
7.079458e+00 4.042583e-02 1.182804e-01 1.249980e-01 2.925861e+00
7.244360e+00 3.904080e-02 1.163055e-01 1.226832e-01 2.979077e+00
7.413102e+00 3.769087e-02 1.143447e-01 1.203964e-01 3.033749e+00
7.585776e+00 3.637587e-02 1.123983e-01 1.181380e-01 3.089913e+00
7.762471e+00 3.509559e-02 1.104670e-01 1.159080e-01 3.147603e+00
7.943282e+00 3.384977e-02 1.085513e-01 1.137066e-01 3.206855e+00
8.128305e+00 3.263813e-02 1.066518e-01 1.115341e-01 3.267705e+00
8.317638e+00 3.146035e-02 1.047689e-01 1.093905e-01 3.330190e+00
8.511380e+00 3.031607e-02 1.029033e-01 1.072760e-01 3.394347e+00
8.709636e+00 2.920491e-02 1.010553e-01 1.051908e-01 3.460215e+00
8.912509e+00 2.812646e-02 9.922545e-02 1.031348e-01 3.527833e+00
9.120108e+00 2.708027e-02 9.741425e-02 1.011082e-01 3.597241e+00
9.332543e+00 2.606587e-02 9.562212e-02 9.911115e-02 3.668480e+00
9.549926e+00 2.508277e-02 9.384948e-02 9.714355e-02 3.741591e+00
9.772372e+00 2.413046e-02 9.209672e-02 9.520549e-02 3.816617e+00
1.000000e+01 2.320840e-02 9.036422e-02 9.329695e-02 3.893600e+00
