1.000000e-06 3.231800e+01 2.766602e-01 3.231919e+01 8.560560e-03
1.023293e-06 3.231779e+01 2.831006e-01 3.231903e+01 8.759901e-03
1.047129e-06 3.231756e+01 2.896908e-01 3.231886e+01 8.963881e-03
1.071519e-06 3.231733e+01 2.964341e-01 3.231869e+01 9.172607e-03
1.096478e-06 3.231708e+01 3.033342e-01 3.231850e+01 9.386190e-03
1.122018e-06 3.231682e+01 3.103947e-01 3.231831e+01 9.604743e-03
1.148154e-06 3.231655e+01 3.176193e-01 3.231811e+01 9.828381e-03
1.174898e-06 3.231626e+01 3.250118e-01 3.231790e+01 1.005722e-02
1.202264e-06 3.231597e+01 3.325761e-01 3.231768e+01 1.029139e-02
1.230269e-06 3.231565e+01 3.403161e-01 3.231745e+01 1.053100e-02
1.258925e-06 3.231533e+01 3.482360e-01 3.231720e+01 1.077619e-02
1.288250e-06 3.231499e+01 3.563397e-01 3.231695e+01 1.102707e-02
1.318257e-06 3.231463e+01 3.646318e-01 3.231669e+01 1.128380e-02
1.348963e-06 3.231425e+01 3.731163e-01 3.231641e+01 1.154649e-02
1.380384e-06 3.231386e+01 3.817979e-01 3.231612e+01 1.181530e-02
1.412538e-06 3.231345e+01 3.906810e-01 3.231581e+01 1.209035e-02
1.445440e-06 3.231302e+01 3.997703e-01 3.231549e+01 1.237180e-02
1.479108e-06 3.231257e+01 4.090706e-01 3.231516e+01 1.265980e-02
1.513561e-06 3.231210e+01 4.185866e-01 3.231481e+01 1.295449e-02
1.548817e-06 3.231160e+01 4.283235e-01 3.231444e+01 1.325603e-02
1.584893e-06 3.231109e+01 4.382861e-01 3.231406e+01 1.356457e-02
1.621810e-06 3.231055e+01 4.484799e-01 3.231366e+01 1.388029e-02
1.659587e-06 3.230998e+01 4.589099e-01 3.231324e+01 1.420335e-02
1.698244e-06 3.230939e+01 4.695818e-01 3.231280e+01 1.453391e-02
1.737801e-06 3.230876e+01 4.805010e-01 3.231234e+01 1.487216e-02
1.778279e-06 3.230811e+01 4.916731e-01 3.231185e+01 1.521826e-02
1.819701e-06 3.230743e+01 5.031041e-01 3.231135e+01 1.557239e-02
1.862087e-06 3.230672e+01 5.147998e-01 3.231082e+01 1.593476e-02
1.905461e-06 3.230597e+01 5.267662e-01 3.231027e+01 1.630554e-02
1.949845e-06 3.230519e+01 5.390097e-01 3.230969e+01 1.668492e-02
1.995262e-06 3.230437e+01 5.515364e-01 3.230908e+01 1.707312e-02
2.041738e-06 3.230351e+01 5.643529e-01 3.230844e+01 1.747032e-02
2.089296e-06 3.230262e+01 5.774657e-01 3.230778e+01 1.787675e-02
2.137962e-06 3.230168e+01 5.908817e-01 3.230708e+01 1.829260e-02
2.187762e-06 3.230069e+01 6.046076e-01 3.230635e+01 1.871810e-02
2.238721e-06 3.229966e+01 6.186506e-01 3.230559e+01 1.915347e-02
2.290868e-06 3.229859e+01 6.330178e-01 3.230479e+01 1.959893e-02
2.344229e-06 3.229746e+01 6.477167e-01 3.230395e+01 2.005473e-02
2.398833e-06 3.229627e+01 6.627546e-01 3.230307e+01 2.052108e-02
2.454709e-06 3.229504e+01 6.781393e-01 3.230216e+01 2.099825e-02
2.511886e-06 3.229374e+01 6.938785e-01 3.230119e+01 2.148647e-02
2.570396e-06 3.229238e+01 7.099803e-01 3.230019e+01 2.198600e-02
2.630268e-06 3.229096e+01 7.264529e-01 3.229913e+01 2.249710e-02
2.691535e-06 3.228948e+01 7.433045e-01 3.229803e+01 2.302002e-02
2.754229e-06 3.228792e+01 7.605437e-01 3.229688e+01 2.355505e-02
2.818383e-06 3.228629e+01 7.781791e-01 3.229567e+01 2.410246e-02
2.884032e-06 3.228458e+01 7.962196e-01 3.229440e+01 2.466253e-02
2.951209e-06 3.228280e+01 8.146743e-01 3.229308e+01 2.523555e-02
3.019952e-06 3.228093e+01 8.335522e-01 3.229169e+01 2.582182e-02
3.090295e-06 3.227897e+01 8.528629e-01 3.229024e+01 2.642162e-02
3.162278e-06 3.227692e+01 8.726158e-01 3.228872e+01 2.703529e-02
3.235937e-06 3.227478e+01 8.928209e-01 3.228712e+01 2.766312e-02
3.311311e-06 3.227253e+01 9.134880e-01 3.228546e+01 2.830543e-02
3.388442e-06 3.227018e+01 9.346273e-01 3.228371e+01 2.896257e-02
3.467369e-06 3.226772e+01 9.562491e-01 3.228189e+01 2.963485e-02
3.548134e-06 3.226514e+01 9.783640e-01 3.227997e+01 3.032263e-02
3.630781e-06 3.226245e+01 1.000983e+00 3.227797e+01 3.102625e-02
3.715352e-06 3.225963e+01 1.024116e+00 3.227588e+01 3.174606e-02
3.801894e-06 3.225667e+01 1.047775e+00 3.227369e+01 3.248244e-02
3.890451e-06 3.225358e+01 1.071972e+00 3.227139e+01 3.323575e-02
3.981072e-06 3.225034e+01 1.096717e+00 3.226899e+01 3.400637e-02
4.073803e-06 3.224696e+01 1.122023e+00 3.226647e+01 3.479469e-02
4.168694e-06 3.224341e+01 1.147901e+00 3.226384e+01 3.560110e-02
4.265795e-06 3.223970e+01 1.174364e+00 3.226108e+01 3.642601e-02
4.365158e-06 3.223582e+01 1.201423e+00 3.225820e+01 3.726982e-02
4.466836e-06 3.223175e+01 1.229092e+00 3.225518e+01 3.813295e-02
4.570882e-06 3.222750e+01 1.257383e+00 3.225202e+01 3.901584e-02
4.677351e-06 3.222305e+01 1.286309e+00 3.224871e+01 3.991891e-02
4.786301e-06 3.221839e+01 1.315883e+00 3.224525e+01 4.084260e-02
4.897788e-06 3.221351e+01 1.346118e+00 3.224163e+01 4.178738e-02
5.011872e-06 3.220841e+01 1.377029e+00 3.223784e+01 4.275369e-02
5.128614e-06 3.220308e+01 1.408627e+00 3.223387e+01 4.374201e-02
5.248075e-06 3.219749e+01 1.440929e+00 3.222972e+01 4.475282e-02
5.370318e-06 3.219165e+01 1.473946e+00 3.222537e+01 4.578660e-02
5.495409e-06 3.218553e+01 1.507694e+00 3.222083e+01 4.684384e-02
5.623413e-06 3.217913e+01 1.542187e+00 3.221607e+01 4.792505e-02
5.754399e-06 3.217244e+01 1.577439e+00 3.221109e+01 4.903075e-02
5.888437e-06 3.216544e+01 1.613465e+00 3.220588e+01 5.016144e-02
6.025596e-06 3.215812e+01 1.650279e+00 3.220043e+01 5.131766e-02
6.165950e-06 3.215045e+01 1.687897e+00 3.219473e+01 5.249995e-02
6.309573e-06 3.214244e+01 1.726334e+00 3.218876e+01 5.370886e-02
6.456542e-06 3.213405e+01 1.765603e+00 3.218252e+01 5.494493e-02
6.606934e-06 3.212529e+01 1.805722e+00 3.217599e+01 5.620874e-02
6.760830e-06 3.211612e+01 1.846704e+00 3.216917e+01 5.750085e-02
6.918310e-06 3.210653e+01 1.888565e+00 3.216202e+01 5.882184e-02
7.079458e-06 3.209650e+01 1.931320e+00 3.215455e+01 6.017230e-02
7.244360e-06 3.208601e+01 1.974984e+00 3.214673e+01 6.155282e-02
7.413102e-06 3.207504e+01 2.019574e+00 3.213856e+01 6.296402e-02
7.585776e-06 3.206358e+01 2.065103e+00 3.213001e+01 6.440649e-02
7.762471e-06 3.205159e+01 2.111586e+00 3.212107e+01 6.588086e-02
7.943282e-06 3.203906e+01 2.159040e+00 3.211173e+01 6.738775e-02
8.128305e-06 3.202596e+01 2.207479e+00 3.210195e+01 6.892779e-02
8.317638e-06 3.201227e+01 2.256917e+00 3.209173e+01 7.050161e-02
8.511380e-06 3.199797e+01 2.307369e+00 3.208105e+01 7.210986e-02
8.709636e-06 3.198301e+01 2.358849e+00 3.206988e+01 7.375318e-02
8.912509e-06 3.196739e+01 2.411371e+00 3.205821e+01 7.543223e-02
9.120108e-06 3.195106e+01 2.464950e+00 3.204600e+01 7.714766e-02
9.332543e-06 3.193401e+01 2.519597e+00 3.203325e+01 7.890013e-02
9.549926e-06 3.191619e+01 2.575327e+00 3.201992e+01 8.069029e-02
9.772372e-06 3.189758e+01 2.632150e+00 3.200599e+01 8.251882e-02
1.000000e-05 3.187814e+01 2.690081e+00 3.199144e+01 8.438637e-02
1.023293e-05 3.185784e+01 2.749128e+00 3.197624e+01 8.629361e-02
1.047129e-05 3.183665e+01 2.809304e+00 3.196036e+01 8.824120e-02
1.071519e-05 3.181452e+01 2.870618e+00 3.194377e+01 9.022980e-02
1.096478e-05 3.179142e+01 2.933079e+00 3.192644e+01 9.226007e-02
1.122018e-05 3.176732e+01 2.996696e+00 3.190835e+01 9.433266e-02
1.148154e-05 3.174216e+01 3.061475e+00 3.188945e+01 9.644822e-02
1.174898e-05 3.171591e+01 3.127423e+00 3.186973e+01 9.860739e-02
1.202264e-05 3.168852e+01 3.194545e+00 3.184914e+01 1.008108e-01
1.230269e-05 3.165996e+01 3.262846e+00 3.182765e+01 1.030591e-01
1.258925e-05 3.163017e+01 3.332327e+00 3.180522e+01 1.053528e-01
1.288250e-05 3.159911e+01 3.402990e+00 3.178182e+01 1.076926e-01
1.318257e-05 3.156673e+01 3.474834e+00 3.175740e+01 1.100790e-01
1.348963e-05 3.153298e+01 3.547859e+00 3.173194e+01 1.125127e-01
1.380384e-05 3.149781e+01 3.622060e+00 3.170538e+01 1.149940e-01
1.412538e-05 3.146116e+01 3.697432e+00 3.167769e+01 1.175237e-01
1.445440e-05 3.142300e+01 3.773967e+00 3.164881e+01 1.201021e-01
1.479108e-05 3.138325e+01 3.851656e+00 3.161872e+01 1.227297e-01
1.513561e-05 3.134187e+01 3.930487e+00 3.158736e+01 1.254069e-01
1.548817e-05 3.129879e+01 4.010447e+00 3.155469e+01 1.281342e-01
1.584893e-05 3.125397e+01 4.091518e+00 3.152065e+01 1.309119e-01
1.621810e-05 3.120735e+01 4.173682e+00 3.148521e+01 1.337404e-01
1.659587e-05 3.115886e+01 4.256917e+00 3.144830e+01 1.366198e-01
1.698244e-05 3.110844e+01 4.341198e+00 3.140989e+01 1.395505e-01
1.737801e-05 3.105604e+01 4.426498e+00 3.136991e+01 1.425326e-01
1.778279e-05 3.100159e+01 4.512786e+00 3.132832e+01 1.455663e-01
1.819701e-05 3.094504e+01 4.600027e+00 3.128507e+01 1.486515e-01
1.862087e-05 3.088631e+01 4.688184e+00 3.124009e+01 1.517884e-01
1.905461e-05 3.082536e+01 4.777217e+00 3.119334e+01 1.549768e-01
1.949845e-05 3.076211e+01 4.867080e+00 3.114476e+01 1.582167e-01
1.995262e-05 3.069652e+01 4.957725e+00 3.109430e+01 1.615077e-01
2.041738e-05 3.062851e+01 5.049099e+00 3.104189e+01 1.648496e-01
2.089296e-05 3.055803e+01 5.141147e+00 3.098749e+01 1.682421e-01
2.137962e-05 3.048502e+01 5.233808e+00 3.093104e+01 1.716846e-01
2.187762e-05 3.040942e+01 5.327018e+00 3.087248e+01 1.751766e-01
2.238721e-05 3.033118e+01 5.420708e+00 3.081176e+01 1.787173e-01
2.290868e-05 3.025025e+01 5.514804e+00 3.074883e+01 1.823061e-01
2.344229e-05 3.016656e+01 5.609230e+00 3.068362e+01 1.859420e-01
2.398833e-05 3.008008e+01 5.703905e+00 3.061610e+01 1.896240e-01
2.454709e-05 2.999074e+01 5.798741e+00 3.054620e+01 1.933510e-01
2.511886e-05 2.989853e+01 5.893649e+00 3.047387e+01 1.971217e-01
2.570396e-05 2.980338e+01 5.988535e+00 3.039908e+01 2.009348e-01
2.630268e-05 2.970526e+01 6.083301e+00 3.032176e+01 2.047887e-01
2.691535e-05 2.960415e+01 6.177843e+00 3.024188e+01 2.086816e-01
2.754229e-05 2.950001e+01 6.272055e+00 3.015940e+01 2.126120e-01
2.818383e-05 2.939282e+01 6.365827e+00 3.007427e+01 2.165776e-01
2.884032e-05 2.928256e+01 6.459046e+00 2.998646e+01 2.205765e-01
2.951209e-05 2.916923e+01 6.551594e+00 2.989594e+01 2.246064e-01
3.019952e-05 2.905280e+01 6.643352e+00 2.980267e+01 2.286648e-01
3.090295e-05 2.893329e+01 6.734197e+00 2.970664e+01 2.327491e-01
3.162278e-05 2.881069e+01 6.824003e+00 2.960782e+01 2.368566e-01
3.235937e-05 2.868503e+01 6.912644e+00 2.950619e+01 2.409844e-01
3.311311e-05 2.855632e+01 6.999992e+00 2.940175e+01 2.451294e-01
3.388442e-05 2.842458e+01 7.085915e+00 2.929449e+01 2.492883e-01
3.467369e-05 2.828986e+01 7.170284e+00 2.918440e+01 2.534578e-01
3.548134e-05 2.815219e+01 7.252969e+00 2.907149e+01 2.576342e-01
3.630781e-05 2.801163e+01 7.333838e+00 2.895577e+01 2.618140e-01
3.715352e-05 2.786824e+01 7.412762e+00 2.883726e+01 2.659932e-01
3.801894e-05 2.772208e+01 7.489614e+00 2.871598e+01 2.701679e-01
3.890451e-05 2.757322e+01 7.564268e+00 2.859197e+01 2.743339e-01
3.981072e-05 2.742175e+01 7.636600e+00 2.846524e+01 2.784869e-01
4.073803e-05 2.726776e+01 7.706490e+00 2.833586e+01 2.826227e-01
4.168694e-05 2.711136e+01 7.773823e+00 2.820387e+01 2.867368e-01
4.265795e-05 2.695264e+01 7.838488e+00 2.806932e+01 2.908245e-01
4.365158e-05 2.679172e+01 7.900377e+00 2.793228e+01 2.948813e-01
4.466836e-05 2.662873e+01 7.959392e+00 2.779282e+01 2.989025e-01
4.570882e-05 2.646378e+01 8.015438e+00 2.765102e+01 3.028833e-01
4.677351e-05 2.629702e+01 8.068427e+00 2.750696e+01 3.068190e-01
4.786301e-05 2.612859e+01 8.118281e+00 2.736073e+01 3.107049e-01
4.897788e-05 2.595863e+01 8.164927e+00 2.721244e+01 3.145361e-01
5.011872e-05 2.578730e+01 8.208303e+00 2.706217e+01 3.183080e-01
5.128614e-05 2.561475e+01 8.248355e+00 2.691005e+01 3.220159e-01
5.248075e-05 2.544113e+01 8.285036e+00 2.675618e+01 3.256552e-01
5.370318e-05 2.526662e+01 8.318312e+00 2.660068e+01 3.292214e-01
5.495409e-05 2.509137e+01 8.348156e+00 2.644369e+01 3.327102e-01
5.623413e-05 2.491556e+01 8.374553e+00 2.628532e+01 3.361174e-01
5.754399e-05 2.473934e+01 8.397496e+00 2.612571e+01 3.394389e-01
5.888437e-05 2.456289e+01 8.416990e+00 2.596500e+01 3.426710e-01
6.025596e-05 2.438637e+01 8.433048e+00 2.580332e+01 3.458099e-01
6.165950e-05 2.420994e+01 8.445696e+00 2.564081e+01 3.488524e-01
6.309573e-05 2.403378e+01 8.454966e+00 2.547761e+01 3.517952e-01
6.456542e-05 2.385802e+01 8.460902e+00 2.531387e+01 3.546355e-01
6.606934e-05 2.368284e+01 8.463557e+00 2.514973e+01 3.573708e-01
6.760830e-05 2.350839e+01 8.462993e+00 2.498533e+01 3.599989e-01
6.918310e-05 2.333480e+01 8.459279e+00 2.482080e+01 3.625178e-01
7.079458e-05 2.316222e+01 8.452495e+00 2.465630e+01 3.649259e-01
7.244360e-05 2.299079e+01 8.442727e+00 2.449196e+01 3.672222e-01
7.413102e-05 2.282062e+01 8.430067e+00 2.432790e+01 3.694056e-01
7.585776e-05 2.265185e+01 8.414614e+00 2.416427e+01 3.714758e-01
7.762471e-05 2.248459e+01 8.396476e+00 2.400120e+01 3.734325e-01
7.943282e-05 2.231893e+01 8.375761e+00 2.383879e+01 3.752761e-01
8.128305e-05 2.215498e+01 8.352585e+00 2.367718e+01 3.770072e-01
8.317638e-05 2.199282e+01 8.327068e+00 2.351646e+01 3.786267e-01
8.511380e-05 2.183254e+01 8.299332e+00 2.335677e+01 3.801360e-01
8.709636e-05 2.167420e+01 8.269502e+00 2.319818e+01 3.815367e-01
8.912509e-05 2.151787e+01 8.237704e+00 2.304080e+01 3.828308e-01
9.120108e-05 2.136361e+01 8.204067e+00 2.288472e+01 3.840207e-01
9.332543e-05 2.121145e+01 8.168719e+00 2.273001e+01 3.851090e-01
9.549926e-05 2.106144e+01 8.131790e+00 2.257676e+01 3.860985e-01
9.772372e-05 2.091360e+01 8.093407e+00 2.242503e+01 3.869925e-01
1.000000e-04 2.076796e+01 8.053697e+00 2.227487e+01 3.877944e-01
1.023293e-04 2.062452e+01 8.012785e+00 2.212635e+01 3.885077e-01
1.047129e-04 2.048330e+01 7.970794e+00 2.197951e+01 3.891363e-01
1.071519e-04 2.034428e+01 7.927845e+00 2.183439e+01 3.896842e-01
1.096478e-04 2.020747e+01 7.884053e+00 2.169102e+01 3.901553e-01
1.122018e-04 2.007285e+01 7.839532e+00 2.154942e+01 3.905541e-01
1.148154e-04 1.994038e+01 7.794391e+00 2.140961e+01 3.908847e-01
1.174898e-04 1.981006e+01 7.748736e+00 2.127161e+01 3.911515e-01
1.202264e-04 1.968184e+01 7.702667e+00 2.113542e+01 3.913590e-01
1.230269e-04 1.955570e+01 7.656279e+00 2.100104e+01 3.915115e-01
1.258925e-04 1.943157e+01 7.609662e+00 2.086847e+01 3.916133e-01
1.288250e-04 1.930943e+01 7.562903e+00 2.073769e+01 3.916688e-01
1.318257e-04 1.918923e+01 7.516080e+00 2.060868e+01 3.916823e-01
1.348963e-04 1.907090e+01 7.469269e+00 2.048144e+01 3.916579e-01
1.380384e-04 1.895440e+01 7.422538e+00 2.035592e+01 3.915997e-01
1.412538e-04 1.883968e+01 7.375951e+00 2.023210e+01 3.915116e-01
1.445440e-04 1.872666e+01 7.329565e+00 2.010996e+01 3.913973e-01
1.479108e-04 1.861530e+01 7.283433e+00 1.998945e+01 3.912605e-01
1.513561e-04 1.850554e+01 7.237603e+00 1.987053e+01 3.911046e-01
1.548817e-04 1.839731e+01 7.192114e+00 1.975317e+01 3.909328e-01
1.584893e-04 1.829056e+01 7.147005e+00 1.963732e+01 3.907483e-01
1.621810e-04 1.818523e+01 7.102307e+00 1.952294e+01 3.905537e-01
1.659587e-04 1.808125e+01 7.058046e+00 1.940999e+01 3.903517e-01
1.698244e-04 1.797857e+01 7.014244e+00 1.929841e+01 3.901447e-01
1.737801e-04 1.787714e+01 6.970919e+00 1.918817e+01 3.899349e-01
1.778279e-04 1.777689e+01 6.928084e+00 1.907921e+01 3.897242e-01
1.819701e-04 1.767778e+01 6.885749e+00 1.897149e+01 3.895143e-01
1.862087e-04 1.757976e+01 6.843919e+00 1.886498e+01 3.893067e-01
1.905461e-04 1.748278e+01 6.802597e+00 1.875961e+01 3.891027e-01
1.949845e-04 1.738680e+01 6.761783e+00 1.865536e+01 3.889033e-01
1.995262e-04 1.729176e+01 6.721473e+00 1.855218e+01 3.887095e-01
2.041738e-04 1.719764e+01 6.681662e+00 1.845003e+01 3.885220e-01
2.089296e-04 1.710440e+01 6.642341e+00 1.834887e+01 3.883411e-01
2.137962e-04 1.701200e+01 6.603501e+00 1.824868e+01 3.881673e-01
2.187762e-04 1.692041e+01 6.565132e+00 1.814941e+01 3.880008e-01
2.238721e-04 1.682961e+01 6.527221e+00 1.805105e+01 3.878416e-01
2.290868e-04 1.673957e+01 6.489755e+00 1.795355e+01 3.876895e-01
2.344229e-04 1.665027e+01 6.452721e+00 1.785691e+01 3.875445e-01
2.398833e-04 1.656170e+01 6.416106e+00 1.776109e+01 3.874062e-01
2.454709e-04 1.647384e+01 6.379895e+00 1.766608e+01 3.872744e-01
2.511886e-04 1.638667e+01 6.344077e+00 1.757186e+01 3.871486e-01
2.570396e-04 1.630020e+01 6.308639e+00 1.747843e+01 3.870283e-01
2.630268e-04 1.621441e+01 6.273570e+00 1.738576e+01 3.869133e-01
2.691535e-04 1.612930e+01 6.238859e+00 1.729386e+01 3.868029e-01
2.754229e-04 1.604486e+01 6.204498e+00 1.720272e+01 3.866969e-01
2.818383e-04 1.596111e+01 6.170480e+00 1.711233e+01 3.865948e-01
2.884032e-04 1.587803e+01 6.136800e+00 1.702269e+01 3.864963e-01
2.951209e-04 1.579564e+01 6.103454e+00 1.693382e+01 3.864013e-01
3.019952e-04 1.571393e+01 6.070440e+00 1.684571e+01 3.863095e-01
3.090295e-04 1.563292e+01 6.037761e+00 1.675836e+01 3.862210e-01
3.162278e-04 1.555261e+01 6.005418e+00 1.667179e+01 3.861357e-01
3.235937e-04 1.547300e+01 5.973417e+00 1.658601e+01 3.860541e-01
3.311311e-04 1.539412e+01 5.941765e+00 1.650101e+01 3.859764e-01
3.388442e-04 1.531595e+01 5.910473e+00 1.641682e+01 3.859031e-01
3.467369e-04 1.523851e+01 5.879553e+00 1.633345e+01 3.858350e-01
3.548134e-04 1.516181e+01 5.849018e+00 1.625089e+01 3.857730e-01
3.630781e-04 1.508585e+01 5.818885e+00 1.616918e+01 3.857179e-01
3.715352e-04 1.501064e+01 5.789172e+00 1.608832e+01 3.856712e-01
3.801894e-04 1.493618e+01 5.759900e+00 1.600831e+01 3.856341e-01
3.890451e-04 1.486247e+01 5.731091e+00 1.592917e+01 3.856082e-01
3.981072e-04 1.478952e+01 5.702769e+00 1.585091e+01 3.855954e-01
4.073803e-04 1.471731e+01 5.674958e+00 1.577353e+01 3.855975e-01
4.168694e-04 1.464586e+01 5.647686e+00 1.569705e+01 3.856166e-01
4.265795e-04 1.457515e+01 5.620979e+00 1.562147e+01 3.856551e-01
4.365158e-04 1.450517e+01 5.594867e+00 1.554679e+01 3.857153e-01
4.466836e-04 1.443593e+01 5.569377e+00 1.547301e+01 3.857998e-01
4.570882e-04 1.436740e+01 5.544542e+00 1.540013e+01 3.859114e-01
4.677351e-04 1.429957e+01 5.520389e+00 1.532816e+01 3.860528e-01
4.786301e-04 1.423243e+01 5.496949e+00 1.525708e+01 3.862271e-01
4.897788e-04 1.416595e+01 5.474253e+00 1.518689e+01 3.864373e-01
5.011872e-04 1.410013e+01 5.452330e+00 1.511759e+01 3.866866e-01
5.128614e-04 1.403492e+01 5.431209e+00 1.504916e+01 3.869782e-01
5.248075e-04 1.397032e+01 5.410919e+00 1.498158e+01 3.873154e-01
5.370318e-04 1.390628e+01 5.391487e+00 1.491485e+01 3.877016e-01
5.495409e-04 1.384279e+01 5.372940e+00 1.484895e+01 3.881401e-01
5.623413e-04 1.377980e+01 5.355304e+00 1.478385e+01 3.886345e-01
5.754399e-04 1.371728e+01 5.338602e+00 1.471953e+01 3.891880e-01
5.888437e-04 1.365520e+01 5.322856e+00 1.465597e+01 3.898043e-01
6.025596e-04 1.359352e+01 5.308088e+00 1.459314e+01 3.904866e-01
6.165950e-04 1.353220e+01 5.294317e+00 1.453101e+01 3.912383e-01
6.309573e-04 1.347120e+01 5.281558e+00 1.446956e+01 3.920629e-01
6.456542e-04 1.341048e+01 5.269829e+00 1.440875e+01 3.929636e-01
6.606934e-04 1.334998e+01 5.259140e+00 1.434854e+01 3.939436e-01
6.760830e-04 1.328967e+01 5.249502e+00 1.428890e+01 3.950061e-01
6.918310e-04 1.322951e+01 5.240925e+00 1.422980e+01 3.961543e-01
7.079458e-04 1.316943e+01 5.233414e+00 1.417119e+01 3.973910e-01
7.244360e-04 1.310940e+01 5.226971e+00 1.411303e+01 3.987193e-01
7.413102e-04 1.304937e+01 5.221600e+00 1.405529e+01 4.001419e-01
7.585776e-04 1.298928e+01 5.217296e+00 1.399792e+01 4.016616e-01
7.762471e-04 1.292910e+01 5.214058e+00 1.394088e+01 4.032808e-01
7.943282e-04 1.286877e+01 5.211877e+00 1.388412e+01 4.050021e-01
8.128305e-04 1.280823e+01 5.210746e+00 1.382761e+01 4.068279e-01
8.317638e-04 1.274745e+01 5.210652e+00 1.377129e+01 4.087603e-01
8.511380e-04 1.268638e+01 5.211581e+00 1.371513e+01 4.108014e-01
8.709636e-04 1.262496e+01 5.213516e+00 1.365907e+01 4.129532e-01
8.912509e-04 1.256314e+01 5.216438e+00 1.360308e+01 4.152176e-01
9.120108e-04 1.250089e+01 5.220326e+00 1.354711e+01 4.175962e-01
9.332543e-04 1.243816e+01 5.225156e+00 1.349111e+01 4.200907e-01
9.549926e-04 1.237490e+01 5.230901e+00 1.343505e+01 4.227024e-01
9.772372e-04 1.231107e+01 5.237532e+00 1.337887e+01 4.254328e-01
1.000000e-03 1.224662e+01 5.245019e+00 1.332254e+01 4.282829e-01
1.023293e-03 1.218152e+01 5.253329e+00 1.326601e+01 4.312539e-01
1.047129e-03 1.211573e+01 5.262427e+00 1.320924e+01 4.343467e-01
1.071519e-03 1.204921e+01 5.272277e+00 1.315220e+01 4.375621e-01
1.096478e-03 1.198192e+01 5.282838e+00 1.309484e+01 4.409009e-01
1.122018e-03 1.191383e+01 5.294072e+00 1.303712e+01 4.443636e-01
1.148154e-03 1.184491e+01 5.305935e+00 1.297901e+01 4.479508e-01
1.174898e-03 1.177512e+01 5.318384e+00 1.292048e+01 4.516628e-01
1.202264e-03 1.170445e+01 5.331375e+00 1.286148e+01 4.554999e-01
1.230269e-03 1.163286e+01 5.344859e+00 1.280199e+01 4.594623e-01
1.258925e-03 1.156033e+01 5.358791e+00 1.274197e+01 4.635502e-01
1.288250e-03 1.148683e+01 5.373121e+00 1.268140e+01 4.677634e-01
1.318257e-03 1.141236e+01 5.387800e+00 1.262024e+01 4.721020e-01
1.348963e-03 1.133689e+01 5.402776e+00 1.255847e+01 4.765658e-01
1.380384e-03 1.126041e+01 5.417999e+00 1.249607e+01 4.811545e-01
1.412538e-03 1.118291e+01 5.433417e+00 1.243300e+01 4.858678e-01
1.445440e-03 1.110437e+01 5.448977e+00 1.236926e+01 4.907054e-01
1.479108e-03 1.102480e+01 5.464626e+00 1.230481e+01 4.956668e-01
1.513561e-03 1.094417e+01 5.480312e+00 1.223964e+01 5.007515e-01
1.548817e-03 1.086250e+01 5.495981e+00 1.217373e+01 5.059590e-01
1.584893e-03 1.077978e+01 5.511580e+00 1.210707e+01 5.112885e-01
1.621810e-03 1.069602e+01 5.527055e+00 1.203965e+01 5.167395e-01
1.659587e-03 1.061121e+01 5.542354e+00 1.197145e+01 5.223111e-01
1.698244e-03 1.052537e+01 5.557424e+00 1.190245e+01 5.280027e-01
1.737801e-03 1.043850e+01 5.572212e+00 1.183266e+01 5.338132e-01
1.778279e-03 1.035062e+01 5.586666e+00 1.176207e+01 5.397419e-01
1.819701e-03 1.026174e+01 5.600735e+00 1.169066e+01 5.457878e-01
1.862087e-03 1.017188e+01 5.614367e+00 1.161844e+01 5.519499e-01
1.905461e-03 1.008105e+01 5.627514e+00 1.154541e+01 5.582270e-01
1.949845e-03 9.989272e+00 5.640125e+00 1.147155e+01 5.646182e-01
1.995262e-03 9.896572e+00 5.652152e+00 1.139688e+01 5.711222e-01
2.041738e-03 9.802974e+00 5.663547e+00 1.132140e+01 5.777377e-01
2.089296e-03 9.708503e+00 5.674266e+00 1.124510e+01 5.844635e-01
2.137962e-03 9.613188e+00 5.684261e+00 1.116800e+01 5.912982e-01
2.187762e-03 9.517060e+00 5.693490e+00 1.109010e+01 5.982404e-01
2.238721e-03 9.420151e+00 5.701909e+00 1.101140e+01 6.052885e-01
2.290868e-03 9.322495e+00 5.709478e+00 1.093193e+01 6.124410e-01
2.344229e-03 9.224129e+00 5.716157e+00 1.085168e+01 6.196961e-01
2.398833e-03 9.125088e+00 5.721907e+00 1.077068e+01 6.270522e-01
2.454709e-03 9.025414e+00 5.726693e+00 1.068892e+01 6.345075e-01
2.511886e-03 8.925147e+00 5.730478e+00 1.060644e+01 6.420598e-01
2.570396e-03 8.824329e+00 5.733231e+00 1.052325e+01 6.497073e-01
2.630268e-03 8.723003e+00 5.734920e+00 1.043935e+01 6.574478e-01
2.691535e-03 8.621216e+00 5.735515e+00 1.035478e+01 6.652791e-01
2.754229e-03 8.519014e+00 5.734990e+00 1.026955e+01 6.731988e-01
2.818383e-03 8.416444e+00 5.733319e+00 1.018369e+01 6.812045e-01
2.884032e-03 8.313555e+00 5.730480e+00 1.009721e+01 6.892935e-01
2.951209e-03 8.210397e+00 5.726451e+00 1.001014e+01 6.974634e-01
3.019952e-03 8.107020e+00 5.721214e+00 9.922503e+00 7.057111e-01
3.090295e-03 8.003476e+00 5.714753e+00 9.834330e+00 7.140339e-01
3.162278e-03 7.899817e+00 5.707054e+00 9.745644e+00 7.224286e-01
3.235937e-03 7.796096e+00 5.698105e+00 9.656475e+00 7.308922e-01
3.311311e-03 7.692364e+00 5.687899e+00 9.566852e+00 7.394214e-01
3.388442e-03 7.588677e+00 5.676427e+00 9.476805e+00 7.480127e-01
3.467369e-03 7.485086e+00 5.663686e+00 9.386365e+00 7.566628e-01
3.548134e-03 7.381645e+00 5.649675e+00 9.295564e+00 7.653679e-01
3.630781e-03 7.278408e+00 5.634394e+00 9.204435e+00 7.741245e-01
3.715352e-03 7.175427e+00 5.617847e+00 9.113011e+00 7.829286e-01
3.801894e-03 7.072755e+00 5.600041e+00 9.021326e+00 7.917764e-01
3.890451e-03 6.970444e+00 5.580983e+00 8.929415e+00 8.006640e-01
3.981072e-03 6.868544e+00 5.560685e+00 8.837313e+00 8.095871e-01
4.073803e-03 6.767106e+00 5.539159e+00 8.745056e+00 8.185417e-01
4.168694e-03 6.666180e+00 5.516421e+00 8.652679e+00 8.275236e-01
4.265795e-03 6.565813e+00 5.492489e+00 8.560218e+00 8.365285e-01
4.365158e-03 6.466051e+00 5.467383e+00 8.467709e+00 8.455520e-01
4.466836e-03 6.366942e+00 5.441124e+00 8.375189e+00 8.545899e-01
4.570882e-03 6.268528e+00 5.413738e+00 8.282693e+00 8.636378e-01
4.677351e-03 6.170852e+00 5.385248e+00 8.190257e+00 8.726912e-01
4.786301e-03 6.073954e+00 5.355683e+00 8.097917e+00 8.817457e-01
4.897788e-03 5.977873e+00 5.325071e+00 8.005708e+00 8.907970e-01
5.011872e-03 5.882647e+00 5.293444e+00 7.913664e+00 8.998406e-01
5.128614e-03 5.788309e+00 5.260833e+00 7.821821e+00 9.088722e-01
5.248075e-03 5.694894e+00 5.227271e+00 7.730212e+00 9.178874e-01
5.370318e-03 5.602431e+00 5.192792e+00 7.638869e+00 9.268820e-01
5.495409e-03 5.510950e+00 5.157432e+00 7.547826e+00 9.358516e-01
5.623413e-03 5.420478e+00 5.121225e+00 7.457112e+00 9.447921e-01
5.754399e-03 5.331039e+00 5.084209e+00 7.366760e+00 9.536994e-01
5.888437e-03 5.242656e+00 5.046420e+00 7.276798e+00 9.625693e-01
6.025596e-03 5.155348e+00 5.007895e+00 7.187255e+00 9.713980e-01
6.165950e-03 5.069136e+00 4.968673e+00 7.098158e+00 9.801815e-01
6.309573e-03 4.984034e+00 4.928790e+00 7.009534e+00 9.889159e-01
6.456542e-03 4.900057e+00 4.888284e+00 6.921407e+00 9.975975e-01
6.606934e-03 4.817217e+00 4.847193e+00 6.833803e+00 1.006223e+00
6.760830e-03 4.735526e+00 4.805554e+00 6.746744e+00 1.014788e+00
6.918310e-03 4.654991e+00 4.763404e+00 6.660252e+00 1.023290e+00
7.079458e-03 4.575619e+00 4.720778e+00 6.574347e+00 1.031724e+00
7.244360e-03 4.497416e+00 4.677714e+00 6.489049e+00 1.040089e+00
7.413102e-03 4.420385e+00 4.634245e+00 6.404376e+00 1.048380e+00
7.585776e-03 4.344528e+00 4.590406e+00 6.320344e+00 1.056595e+00
7.762471e-03 4.269845e+00 4.546232e+00 6.236971e+00 1.064730e+00
7.943282e-03 4.196336e+00 4.501756e+00 6.154270e+00 1.072782e+00
8.128305e-03 4.123999e+00 4.457008e+00 6.072255e+00 1.080749e+00
8.317638e-03 4.052830e+00 4.412021e+00 5.990939e+00 1.088627e+00
8.511380e-03 3.982825e+00 4.366824e+00 5.910334e+00 1.096414e+00
8.709636e-03 3.913978e+00 4.321448e+00 5.830449e+00 1.104106e+00
8.912509e-03 3.846284e+00 4.275919e+00 5.751294e+00 1.111702e+00
9.120108e-03 3.779734e+00 4.230267e+00 5.672878e+00 1.119197e+00
9.332543e-03 3.714321e+00 4.184516e+00 5.595208e+00 1.126590e+00
9.549926e-03 3.650037e+00 4.138693e+00 5.518292e+00 1.133877e+00
9.772372e-03 3.586871e+00 4.092821e+00 5.442135e+00 1.141056e+00
1.000000e-02 3.524814e+00 4.046925e+00 5.366742e+00 1.148124e+00
1.023293e-02 3.463856e+00 4.001026e+00 5.292118e+00 1.155079e+00
1.047129e-02 3.403986e+00 3.955147e+00 5.218267e+00 1.161916e+00
1.071519e-02 3.345193e+00 3.909307e+00 5.145191e+00 1.168634e+00
1.096478e-02 3.287465e+00 3.863526e+00 5.072895e+00 1.175230e+00
1.122018e-02 3.230791e+00 3.817824e+00 5.001379e+00 1.181700e+00
1.148154e-02 3.175158e+00 3.772218e+00 4.930645e+00 1.188041e+00
1.174898e-02 3.120555e+00 3.726726e+00 4.860694e+00 1.194251e+00
1.202264e-02 3.066970e+00 3.681363e+00 4.791528e+00 1.200326e+00
1.230269e-02 3.014389e+00 3.636146e+00 4.723145e+00 1.206263e+00
1.258925e-02 2.962801e+00 3.591090e+00 4.655548e+00 1.212059e+00
1.288250e-02 2.912194e+00 3.546210e+00 4.588733e+00 1.217711e+00
1.318257e-02 2.862554e+00 3.501517e+00 4.522703e+00 1.223214e+00
1.348963e-02 2.813869e+00 3.457027e+00 4.457454e+00 1.228567e+00
1.380384e-02 2.766127e+00 3.412751e+00 4.392987e+00 1.233765e+00
1.412538e-02 2.719316e+00 3.368702e+00 4.329299e+00 1.238805e+00
1.445440e-02 2.673422e+00 3.324890e+00 4.266390e+00 1.243683e+00
1.479108e-02 2.628434e+00 3.281328e+00 4.204257e+00 1.248397e+00
1.513561e-02 2.584338e+00 3.238025e+00 4.142898e+00 1.252942e+00
1.548817e-02 2.541123e+00 3.194991e+00 4.082313e+00 1.257314e+00
1.584893e-02 2.498777e+00 3.152237e+00 4.022497e+00 1.261512e+00
1.621810e-02 2.457287e+00 3.109771e+00 3.963449e+00 1.265530e+00
1.659587e-02 2.416640e+00 3.067602e+00 3.905167e+00 1.269366e+00
1.698244e-02 2.376825e+00 3.025739e+00 3.847648e+00 1.273017e+00
1.737801e-02 2.337830e+00 2.984191e+00 3.790890e+00 1.276479e+00
1.778279e-02 2.299642e+00 2.942964e+00 3.734888e+00 1.279749e+00
1.819701e-02 2.262250e+00 2.902067e+00 3.679642e+00 1.282823e+00
1.862087e-02 2.225640e+00 2.861507e+00 3.625147e+00 1.285700e+00
1.905461e-02 2.189802e+00 2.821290e+00 3.571401e+00 1.288377e+00
1.949845e-02 2.154722e+00 2.781423e+00 3.518401e+00 1.290850e+00
1.995262e-02 2.120390e+00 2.741913e+00 3.466142e+00 1.293117e+00
2.041738e-02 2.086793e+00 2.702766e+00 3.414623e+00 1.295177e+00
2.089296e-02 2.053919e+00 2.663987e+00 3.363838e+00 1.297026e+00
2.137962e-02 2.021756e+00 2.625582e+00 3.313786e+00 1.298664e+00
2.187762e-02 1.990291e+00 2.587555e+00 3.264461e+00 1.300089e+00
2.238721e-02 1.959514e+00 2.549913e+00 3.215860e+00 1.301298e+00
2.290868e-02 1.929413e+00 2.512659e+00 3.167979e+00 1.302292e+00
2.344229e-02 1.899974e+00 2.475798e+00 3.120814e+00 1.303069e+00
2.398833e-02 1.871187e+00 2.439334e+00 3.074360e+00 1.303629e+00
2.454709e-02 1.843039e+00 2.403271e+00 3.028614e+00 1.303971e+00
2.511886e-02 1.815519e+00 2.367611e+00 2.983571e+00 1.304096e+00
2.570396e-02 1.788615e+00 2.332360e+00 2.939225e+00 1.304003e+00
2.630268e-02 1.762315e+00 2.297519e+00 2.895574e+00 1.303694e+00
2.691535e-02 1.736607e+00 2.263091e+00 2.852610e+00 1.303168e+00
2.754229e-02 1.711480e+00 2.229080e+00 2.810331e+00 1.302428e+00
2.818383e-02 1.686922e+00 2.195486e+00 2.768730e+00 1.301475e+00
2.884032e-02 1.662921e+00 2.162313e+00 2.727802e+00 1.300310e+00
2.951209e-02 1.639466e+00 2.129561e+00 2.687542e+00 1.298936e+00
3.019952e-02 1.616545e+00 2.097233e+00 2.647944e+00 1.297355e+00
3.090295e-02 1.594148e+00 2.065330e+00 2.609003e+00 1.295570e+00
3.162278e-02 1.572262e+00 2.033853e+00 2.570713e+00 1.293583e+00
3.235937e-02 1.550877e+00 2.002802e+00 2.533068e+00 1.291399e+00
3.311311e-02 1.529982e+00 1.972178e+00 2.496063e+00 1.289021e+00
3.388442e-02 1.509564e+00 1.941983e+00 2.459691e+00 1.286453e+00
3.467369e-02 1.489614e+00 1.912215e+00 2.423946e+00 1.283698e+00
3.548134e-02 1.470120e+00 1.882875e+00 2.388822e+00 1.280763e+00
3.630781e-02 1.451072e+00 1.853962e+00 2.354312e+00 1.277650e+00
3.715352e-02 1.432458e+00 1.825477e+00 2.320410e+00 1.274367e+00
3.801894e-02 1.414269e+00 1.797419e+00 2.287110e+00 1.270917e+00
3.890451e-02 1.396493e+00 1.769787e+00 2.254404e+00 1.267308e+00
3.981072e-02 1.379121e+00 1.742579e+00 2.222287e+00 1.263544e+00
4.073803e-02 1.362142e+00 1.715796e+00 2.190750e+00 1.259631e+00
4.168694e-02 1.345545e+00 1.689435e+00 2.159788e+00 1.255577e+00
4.265795e-02 1.329321e+00 1.663496e+00 2.129392e+00 1.251388e+00
4.365158e-02 1.313459e+00 1.637975e+00 2.099556e+00 1.247070e+00
4.466836e-02 1.297950e+00 1.612873e+00 2.070274e+00 1.242631e+00
4.570882e-02 1.282783e+00 1.588186e+00 2.041536e+00 1.238079e+00
4.677351e-02 1.267950e+00 1.563913e+00 2.013336e+00 1.233419e+00
4.786301e-02 1.253439e+00 1.540052e+00 1.985666e+00 1.228661e+00
4.897788e-02 1.239243e+00 1.516599e+00 1.958519e+00 1.223811e+00
5.011872e-02 1.225351e+00 1.493553e+00 1.931887e+00 1.218878e+00
5.128614e-02 1.211755e+00 1.470911e+00 1.905762e+00 1.213869e+00
5.248075e-02 1.198444e+00 1.448670e+00 1.880136e+00 1.208792e+00
5.370318e-02 1.185410e+00 1.426826e+00 1.855001e+00 1.203657e+00
5.495409e-02 1.172644e+00 1.405378e+00 1.830350e+00 1.198469e+00
5.623413e-02 1.160137e+00 1.384321e+00 1.806173e+00 1.193239e+00
5.754399e-02 1.147880e+00 1.363652e+00 1.782463e+00 1.187974e+00
5.888437e-02 1.135865e+00 1.343368e+00 1.759212e+00 1.182682e+00
6.025596e-02 1.124083e+00 1.323465e+00 1.736411e+00 1.177372e+00
6.165950e-02 1.112526e+00 1.303939e+00 1.714051e+00 1.172052e+00
6.309573e-02 1.101186e+00 1.284786e+00 1.692124e+00 1.166729e+00
6.456542e-02 1.090053e+00 1.266002e+00 1.670622e+00 1.161413e+00
6.606934e-02 1.079122e+00 1.247583e+00 1.649535e+00 1.156110e+00
6.760830e-02 1.068382e+00 1.229525e+00 1.628856e+00 1.150829e+00
6.918310e-02 1.057828e+00 1.211823e+00 1.608575e+00 1.145577e+00
7.079458e-02 1.047450e+00 1.194473e+00 1.588684e+00 1.140362e+00
7.244360e-02 1.037243e+00 1.177469e+00 1.569174e+00 1.135192e+00
7.413102e-02 1.027197e+00 1.160808e+00 1.550035e+00 1.130073e+00
7.585776e-02 1.017307e+00 1.144484e+00 1.531260e+00 1.125013e+00
7.762471e-02 1.007566e+00 1.128492e+00 1.512840e+00 1.120018e+00
7.943282e-02 9.979656e-01 1.112827e+00 1.494764e+00 1.115096e+00
8.128305e-02 9.885003e-01 1.097484e+00 1.477026e+00 1.110252e+00
8.317638e-02 9.791633e-01 1.082458e+00 1.459615e+00 1.105492e+00
8.511380e-02 9.699482e-01 1.067742e+00 1.442523e+00 1.100823e+00
8.709636e-02 9.608491e-01 1.053331e+00 1.425741e+00 1.096251e+00
8.912509e-02 9.518598e-01 1.039221e+00 1.409261e+00 1.091779e+00
9.120108e-02 9.429746e-01 1.025404e+00 1.393074e+00 1.087414e+00
9.332543e-02 9.341880e-01 1.011875e+00 1.377170e+00 1.083160e+00
9.549926e-02 9.254946e-01 9.986288e-01 1.361543e+00 1.079022e+00
9.772372e-02 9.168891e-01 9.856586e-01 1.346183e+00 1.075003e+00
1.000000e-01 9.083667e-01 9.729587e-01 1.331082e+00 1.071108e+00
1.023293e-01 8.999226e-01 9.605230e-01 1.316231e+00 1.067340e+00
1.047129e-01 8.915522e-01 9.483452e-01 1.301624e+00 1.063701e+00
1.071519e-01 8.832512e-01 9.364193e-01 1.287250e+00 1.060196e+00
1.096478e-01 8.750156e-01 9.247389e-01 1.273104e+00 1.056826e+00
1.122018e-01 8.668413e-01 9.132979e-01 1.259177e+00 1.053593e+00
1.148154e-01 8.587249e-01 9.020900e-01 1.245462e+00 1.050499e+00
1.174898e-01 8.506628e-01 8.911090e-01 1.231951e+00 1.047547e+00
1.202264e-01 8.426518e-01 8.803486e-01 1.218637e+00 1.044736e+00
1.230269e-01 8.346891e-01 8.698025e-01 1.205513e+00 1.042068e+00
1.258925e-01 8.267719e-01 8.594645e-01 1.192573e+00 1.039543e+00
1.288250e-01 8.188976e-01 8.493285e-01 1.179810e+00 1.037161e+00
1.318257e-01 8.110640e-01 8.393883e-01 1.167218e+00 1.034922e+00
1.348963e-01 8.032691e-01 8.296379e-01 1.154790e+00 1.032827e+00
1.380384e-01 7.955110e-01 8.200712e-01 1.142521e+00 1.030873e+00
1.412538e-01 7.877881e-01 8.106823e-01 1.130405e+00 1.029061e+00
1.445440e-01 7.800991e-01 8.014653e-01 1.118437e+00 1.027389e+00
1.479108e-01 7.724427e-01 7.924146e-01 1.106611e+00 1.025855e+00
1.513561e-01 7.648180e-01 7.835244e-01 1.094923e+00 1.024459e+00
1.548817e-01 7.572242e-01 7.747893e-01 1.083368e+00 1.023197e+00
1.584893e-01 7.496607e-01 7.662038e-01 1.071942e+00 1.022067e+00
1.621810e-01 7.421272e-01 7.577628e-01 1.060640e+00 1.021069e+00
1.659587e-01 7.346232e-01 7.494611e-01 1.049459e+00 1.020198e+00
1.698244e-01 7.271489e-01 7.412937e-01 1.038394e+00 1.019452e+00
1.737801e-01 7.197043e-01 7.332559e-01 1.027443e+00 1.018829e+00
1.778279e-01 7.122895e-01 7.253429e-01 1.016602e+00 1.018326e+00
1.819701e-01 7.049051e-01 7.175505e-01 1.005868e+00 1.017939e+00
1.862087e-01 6.975513e-01 7.098742e-01 9.952382e-01 1.017666e+00
1.905461e-01 6.902289e-01 7.023099e-01 9.847106e-01 1.017503e+00
1.949845e-01 6.829384e-01 6.948537e-01 9.742826e-01 1.017447e+00
1.995262e-01 6.756807e-01 6.875019e-01 9.639519e-01 1.017495e+00
2.041738e-01 6.684567e-01 6.802509e-01 9.537167e-01 1.017644e+00
2.089296e-01 6.612671e-01 6.730972e-01 9.435752e-01 1.017890e+00
2.137962e-01 6.541130e-01 6.660378e-01 9.335257e-01 1.018230e+00
2.187762e-01 6.469954e-01 6.590695e-01 9.235668e-01 1.018662e+00
2.238721e-01 6.399153e-01 6.521895e-01 9.136973e-01 1.019181e+00
2.290868e-01 6.328737e-01 6.453951e-01 9.039159e-01 1.019785e+00
2.344229e-01 6.258718e-01 6.386838e-01 8.942217e-01 1.020471e+00
2.398833e-01 6.189105e-01 6.320532e-01 8.846137e-01 1.021235e+00
2.454709e-01 6.119908e-01 6.255013e-01 8.750912e-01 1.022076e+00
2.511886e-01 6.051140e-01 6.190258e-01 8.656534e-01 1.022990e+00
2.570396e-01 5.982808e-01 6.126250e-01 8.562998e-01 1.023976e+00
2.630268e-01 5.914924e-01 6.062971e-01 8.470298e-01 1.025029e+00
2.691535e-01 5.847497e-01 6.000405e-01 8.378429e-01 1.026149e+00
2.754229e-01 5.780535e-01 5.938536e-01 8.287387e-01 1.027333e+00
2.818383e-01 5.714046e-01 5.877352e-01 8.197170e-01 1.028580e+00
2.884032e-01 5.648040e-01 5.816839e-01 8.107772e-01 1.029886e+00
2.951209e-01 5.582523e-01 5.756986e-01 8.019192e-01 1.031252e+00
3.019952e-01 5.517501e-01 5.697782e-01 7.931428e-01 1.032674e+00
3.090295e-01 5.452982e-01 5.639218e-01 7.844476e-01 1.034153e+00
3.162278e-01 5.388971e-01 5.581285e-01 7.758334e-01 1.035687e+00
3.235937e-01 5.325472e-01 5.523974e-01 7.673001e-01 1.037274e+00
3.311311e-01 5.262490e-01 5.467278e-01 7.588474e-01 1.038915e+00
3.388442e-01 5.200028e-01 5.411190e-01 7.504750e-01 1.040608e+00
3.467369e-01 5.138090e-01 5.355704e-01 7.421828e-01 1.042353e+00
3.548134e-01 5.076676e-01 5.300814e-01 7.339705e-01 1.044150e+00
3.630781e-01 5.015791e-01 5.246514e-01 7.258379e-01 1.045999e+00
3.715352e-01 4.955433e-01 5.192799e-01 7.177846e-01 1.047900e+00
3.801894e-01 4.895604e-01 5.139664e-01 7.098105e-01 1.049853e+00
3.890451e-01 4.836303e-01 5.087105e-01 7.019150e-01 1.051858e+00
3.981072e-01 4.777530e-01 5.035118e-01 6.940980e-01 1.053916e+00
4.073803e-01 4.719284e-01 4.983697e-01 6.863591e-01 1.056028e+00
4.168694e-01 4.661562e-01 4.932839e-01 6.786977e-01 1.058195e+00
4.265795e-01 4.604362e-01 4.882540e-01 6.711136e-01 1.060416e+00
4.365158e-01 4.547682e-01 4.832796e-01 6.636063e-01 1.062694e+00
4.466836e-01 4.491518e-01 4.783603e-01 6.561752e-01 1.065030e+00
4.570882e-01 4.435867e-01 4.734956e-01 6.488199e-01 1.067425e+00
4.677351e-01 4.380725e-01 4.686852e-01 6.415398e-01 1.069881e+00
4.786301e-01 4.326087e-01 4.639287e-01 6.343344e-01 1.072398e+00
4.897788e-01 4.271950e-01 4.592256e-01 6.272031e-01 1.074979e+00
5.011872e-01 4.218307e-01 4.545755e-01 6.201451e-01 1.077625e+00
5.128614e-01 4.165154e-01 4.499779e-01 6.131600e-01 1.080339e+00
5.248075e-01 4.112485e-01 4.454324e-01 6.062469e-01 1.083122e+00
5.370318e-01 4.060295e-01 4.409385e-01 5.994053e-01 1.085976e+00
5.495409e-01 4.008578e-01 4.364957e-01 5.926344e-01 1.088904e+00
5.623413e-01 3.957329e-01 4.321035e-01 5.859334e-01 1.091907e+00
5.754399e-01 3.906540e-01 4.277614e-01 5.793017e-01 1.094988e+00
5.888437e-01 3.856207e-01 4.234689e-01 5.727383e-01 1.098149e+00
6.025596e-01 3.806323e-01 4.192252e-01 5.662427e-01 1.101392e+00
6.165950e-01 3.756882e-01 4.150300e-01 5.598138e-01 1.104719e+00
6.309573e-01 3.707877e-01 4.108826e-01 5.534510e-01 1.108134e+00
6.456542e-01 3.659303e-01 4.067824e-01 5.471535e-01 1.111639e+00
6.606934e-01 3.611154e-01 4.027287e-01 5.409203e-01 1.115235e+00
6.760830e-01 3.563423e-01 3.987210e-01 5.347507e-01 1.118927e+00
6.918310e-01 3.516105e-01 3.947585e-01 5.286438e-01 1.122715e+00
7.079458e-01 3.469194e-01 3.908406e-01 5.225988e-01 1.126604e+00
7.244360e-01 3.422684e-01 3.869667e-01 5.166148e-01 1.130594e+00
7.413102e-01 3.376569e-01 3.831360e-01 5.106911e-01 1.134690e+00
7.585776e-01 3.330844e-01 3.793479e-01 5.048268e-01 1.138894e+00
7.762471e-01 3.285504e-01 3.756016e-01 4.990210e-01 1.143209e+00
7.943282e-01 3.240544e-01 3.718965e-01 4.932730e-01 1.147636e+00
8.128305e-01 3.195958e-01 3.682319e-01 4.875820e-01 1.152180e+00
8.317638e-01 3.151742e-01 3.646069e-01 4.819471e-01 1.156843e+00
8.511380e-01 3.107891e-01 3.610210e-01 4.763676e-01 1.161627e+00
8.709636e-01 3.064401e-01 3.574735e-01 4.708427e-01 1.166536e+00
8.912509e-01 3.021267e-01 3.539635e-01 4.653716e-01 1.171573e+00
9.120108e-01 2.978486e-01 3.504904e-01 4.599536e-01 1.176740e+00
9.332543e-01 2.936053e-01 3.470536e-01 4.545880e-01 1.182041e+00
9.549926e-01 2.893965e-01 3.436522e-01 4.492740e-01 1.187479e+00
9.772372e-01 2.852217e-01 3.402857e-01 4.440110e-01 1.193057e+00
1.000000e+00 2.810807e-01 3.369533e-01 4.387982e-01 1.198778e+00
1.023293e+00 2.769731e-01 3.336544e-01 4.336351e-01 1.204646e+00
1.047129e+00 2.728985e-01 3.303884e-01 4.285208e-01 1.210664e+00
1.071519e+00 2.688567e-01 3.271545e-01 4.234548e-01 1.216836e+00
1.096478e+00 2.648474e-01 3.239521e-01 4.184365e-01 1.223165e+00
1.122018e+00 2.608702e-01 3.207807e-01 4.134652e-01 1.229656e+00
1.148154e+00 2.569248e-01 3.176395e-01 4.085404e-01 1.236313e+00
1.174898e+00 2.530111e-01 3.145280e-01 4.036613e-01 1.243139e+00
1.202264e+00 2.491287e-01 3.114455e-01 3.988275e-01 1.250139e+00
1.230269e+00 2.452773e-01 3.083915e-01 3.940384e-01 1.257318e+00
1.258925e+00 2.414567e-01 3.053654e-01 3.892934e-01 1.264679e+00
1.288250e+00 2.376667e-01 3.023665e-01 3.845919e-01 1.272229e+00
1.318257e+00 2.339069e-01 2.993944e-01 3.799335e-01 1.279973e+00
1.348963e+00 2.301771e-01 2.964484e-01 3.753174e-01 1.287914e+00
1.380384e+00 2.264771e-01 2.935280e-01 3.707433e-01 1.296060e+00
1.412538e+00 2.228067e-01 2.906327e-01 3.662105e-01 1.304416e+00
1.445440e+00 2.191655e-01 2.877618e-01 3.617186e-01 1.312988e+00
1.479108e+00 2.155534e-01 2.849148e-01 3.572669e-01 1.321783e+00
1.513561e+00 2.119701e-01 2.820911e-01 3.528550e-01 1.330806e+00
1.548817e+00 2.084153e-01 2.792902e-01 3.484824e-01 1.340065e+00
1.584893e+00 2.048890e-01 2.765115e-01 3.441484e-01 1.349568e+00
1.621810e+00 2.013908e-01 2.737545e-01 3.398526e-01 1.359320e+00
1.659587e+00 1.979205e-01 2.710186e-01 3.355944e-01 1.369331e+00
1.698244e+00 1.944779e-01 2.683032e-01 3.313733e-01 1.379607e+00
1.737801e+00 1.910630e-01 2.656077e-01 3.271888e-01 1.390158e+00
1.778279e+00 1.876753e-01 2.629316e-01 3.230403e-01 1.400992e+00
1.819701e+00 1.843149e-01 2.602743e-01 3.189274e-01 1.412117e+00
1.862087e+00 1.809815e-01 2.576351e-01 3.148494e-01 1.423544e+00
1.905461e+00 1.776750e-01 2.550136e-01 3.108060e-01 1.435281e+00
1.949845e+00 1.743953e-01 2.524091e-01 3.067965e-01 1.447339e+00
1.995262e+00 1.711422e-01 2.498210e-01 3.028204e-01 1.459727e+00
2.041738e+00 1.679157e-01 2.472487e-01 2.988772e-01 1.472457e+00
2.089296e+00 1.647158e-01 2.446916e-01 2.949665e-01 1.485538e+00
2.137962e+00 1.615422e-01 2.421491e-01 2.910877e-01 1.498983e+00
2.187762e+00 1.583952e-01 2.396206e-01 2.872404e-01 1.512802e+00
2.238721e+00 1.552745e-01 2.371055e-01 2.834240e-01 1.527008e+00
2.290868e+00 1.521804e-01 2.346032e-01 2.796382e-01 1.541613e+00
2.344229e+00 1.491127e-01 2.321131e-01 2.758824e-01 1.556628e+00
2.398833e+00 1.460716e-01 2.296346e-01 2.721561e-01 1.572068e+00
2.454709e+00 1.430572e-01 2.271671e-01 2.684591e-01 1.587946e+00
2.511886e+00 1.400697e-01 2.247102e-01 2.647908e-01 1.604274e+00
2.570396e+00 1.371091e-01 2.222631e-01 2.611509e-01 1.621068e+00
2.630268e+00 1.341756e-01 2.198254e-01 2.575390e-01 1.638341e+00
2.691535e+00 1.312696e-01 2.173966e-01 2.539547e-01 1.656108e+00
2.754229e+00 1.283911e-01 2.149761e-01 2.503977e-01 1.674384e+00
2.818383e+00 1.255406e-01 2.125634e-01 2.468677e-01 1.693185e+00
2.884032e+00 1.227182e-01 2.101581e-01 2.433643e-01 1.712526e+00
2.951209e+00 1.199243e-01 2.077598e-01 2.398874e-01 1.732425e+00
3.019952e+00 1.171592e-01 2.053680e-01 2.364366e-01 1.752897e+00
3.090295e+00 1.144233e-01 2.029823e-01 2.330118e-01 1.773959e+00
3.162278e+00 1.117170e-01 2.006024e-01 2.296127e-01 1.795630e+00
3.235937e+00 1.090407e-01 1.982280e-01 2.262392e-01 1.817926e+00
3.311311e+00 1.063948e-01 1.958587e-01 2.228912e-01 1.840867e+00
3.388442e+00 1.037798e-01 1.934943e-01 2.195684e-01 1.864470e+00
3.467369e+00 1.011961e-01 1.911347e-01 2.162709e-01 1.888755e+00
3.548134e+00 9.864418e-02 1.887795e-01 2.129985e-01 1.913742e+00
3.630781e+00 9.612454e-02 1.864287e-01 2.097513e-01 1.939450e+00
3.715352e+00 9.363766e-02 1.840823e-01 2.065291e-01 1.965900e+00
3.801894e+00 9.118403e-02 1.817400e-01 2.033321e-01 1.993112e+00
3.890451e+00 8.876414e-02 1.794020e-01 2.001603e-01 2.021109e+00
3.981072e+00 8.637850e-02 1.770682e-01 1.970137e-01 2.049910e+00
4.073803e+00 8.402760e-02 1.747387e-01 1.938924e-01 2.079540e+00
4.168694e+00 8.171191e-02 1.724137e-01 1.907965e-01 2.110019e+00
4.265795e+00 7.943191e-02 1.700933e-01 1.877263e-01 2.141372e+00
4.365158e+00 7.718808e-02 1.677777e-01 1.846817e-01 2.173622e+00
4.466836e+00 7.498085e-02 1.654671e-01 1.816631e-01 2.206792e+00
4.570882e+00 7.281066e-02 1.631619e-01 1.786706e-01 2.240907e+00
4.677351e+00 7.067791e-02 1.608623e-01 1.757045e-01 2.275992e+00
4.786301e+00 6.858300e-02 1.585688e-01 1.727649e-01 2.312072e+00
4.897788e+00 6.652627e-02 1.562817e-01 1.698521e-01 2.349173e+00
5.011872e+00 6.450807e-02 1.540015e-01 1.669663e-01 2.387322e+00
5.128614e+00 6.252869e-02 1.517286e-01 1.641079e-01 2.426544e+00
5.248075e+00 6.058840e-02 1.494636e-01 1.612771e-01 2.466868e+00
5.370318e+00 5.868743e-02 1.472069e-01 1.584743e-01 2.508321e+00
5.495409e+00 5.682598e-02 1.449592e-01 1.556996e-01 2.550931e+00
5.623413e+00 5.500419e-02 1.427209e-01 1.529533e-01 2.594728e+00
5.754399e+00 5.322220e-02 1.404928e-01 1.502359e-01 2.639740e+00
5.888437e+00 5.148006e-02 1.382753e-01 1.475475e-01 2.685998e+00
6.025596e+00 4.977782e-02 1.360693e-01 1.448885e-01 2.733532e+00
6.165950e+00 4.811547e-02 1.338751e-01 1.422591e-01 2.782372e+00
6.309573e+00 4.649295e-02 1.316937e-01 1.396596e-01 2.832551e+00
6.456542e+00 4.491018e-02 1.295255e-01 1.370904e-01 2.884101e+00
6.606934e+00 4.336701e-02 1.273712e-01 1.345516e-01 2.937053e+00
6.760830e+00 4.186326e-02 1.252315e-01 1.320435e-01 2.991443e+00
6.918310e+00 4.039872e-02 1.231071e-01 1.295663e-01 3.047303e+00
7.079458e+00 3.897312e-02 1.209986e-01 1.271203e-01 3.104668e+00
7.244360e+00 3.758616e-02 1.189066e-01 1.247056e-01 3.163574e+00
7.413102e+00 3.623750e-02 1.168317e-01 1.223226e-01 3.224056e+00
7.585776e+00 3.492676e-02 1.147746e-01 1.199712e-01 3.286152e+00
7.762471e+00 3.365354e-02 1.127359e-01 1.176518e-01 3.349898e+00
7.943282e+00 3.241737e-02 1.107161e-01 1.153644e-01 3.415332e+00
8.128305e+00 3.121779e-02 1.087158e-01 1.131091e-01 3.482494e+00
8.317638e+00 3.005428e-02 1.067355e-01 1.108861e-01 3.551423e+00
8.511380e+00 2.892631e-02 1.047757e-01 1.086953e-01 3.622159e+00
8.709636e+00 2.783330e-02 1.028369e-01 1.065370e-01 3.694744e+00
8.912509e+00 2.677468e-02 1.009196e-01 1.044110e-01 3.769219e+00
9.120108e+00 2.574982e-02 9.902423e-02 1.023174e-01 3.845628e+00
9.332543e+00 2.475810e-02 9.715115e-02 1.002562e-01 3.924014e+00
9.549926e+00 2.379888e-02 9.530076e-02 9.822739e-02 4.004422e+00
9.772372e+00 2.287147e-02 9.347339e-02 9.623086e-02 4.086899e+00
1.000000e+01 2.197522e-02 9.166937e-02 9.426656e-02 4.171489e+00
