1.000000e-06 3.174448e+01 1.332722e-01 3.174476e+01 4.198279e-03
1.023293e-06 3.174440e+01 1.363751e-01 3.174469e+01 4.296037e-03
1.047129e-06 3.174431e+01 1.395502e-01 3.174462e+01 4.396069e-03
1.071519e-06 3.174422e+01 1.427991e-01 3.174454e+01 4.498429e-03
1.096478e-06 3.174413e+01 1.461236e-01 3.174446e+01 4.603171e-03
1.122018e-06 3.174403e+01 1.495255e-01 3.174438e+01 4.710349e-03
1.148154e-06 3.174393e+01 1.530064e-01 3.174429e+01 4.820021e-03
1.174898e-06 3.174382e+01 1.565683e-01 3.174420e+01 4.932245e-03
1.202264e-06 3.174370e+01 1.602130e-01 3.174411e+01 5.047078e-03
1.230269e-06 3.174359e+01 1.639424e-01 3.174401e+01 5.164583e-03
1.258925e-06 3.174346e+01 1.677585e-01 3.174391e+01 5.284821e-03
1.288250e-06 3.174333e+01 1.716633e-01 3.174380e+01 5.407855e-03
1.318257e-06 3.174320e+01 1.756589e-01 3.174368e+01 5.533750e-03
1.348963e-06 3.174305e+01 1.797474e-01 3.174356e+01 5.662573e-03
1.380384e-06 3.174290e+01 1.839308e-01 3.174344e+01 5.794391e-03
1.412538e-06 3.174275e+01 1.882114e-01 3.174331e+01 5.929274e-03
1.445440e-06 3.174258e+01 1.925915e-01 3.174317e+01 6.067292e-03
1.479108e-06 3.174241e+01 1.970734e-01 3.174302e+01 6.208519e-03
1.513561e-06 3.174223e+01 2.016593e-01 3.174287e+01 6.353028e-03
1.548817e-06 3.174205e+01 2.063517e-01 3.174272e+01 6.500896e-03
1.584893e-06 3.174185e+01 2.111531e-01 3.174255e+01 6.652200e-03
1.621810e-06 3.174164e+01 2.160660e-01 3.174238e+01 6.807020e-03
1.659587e-06 3.174143e+01 2.210929e-01 3.174220e+01 6.965436e-03
1.698244e-06 3.174120e+01 2.262365e-01 3.174201e+01 7.127533e-03
1.737801e-06 3.174097e+01 2.314994e-01 3.174181e+01 7.293394e-03
1.778279e-06 3.174072e+01 2.368844e-01 3.174160e+01 7.463108e-03
1.819701e-06 3.174046e+01 2.423944e-01 3.174139e+01 7.636763e-03
1.862087e-06 3.174019e+01 2.480321e-01 3.174116e+01 7.814449e-03
1.905461e-06 3.173990e+01 2.538005e-01 3.174092e+01 7.996260e-03
1.949845e-06 3.173961e+01 2.597027e-01 3.174067e+01 8.182291e-03
1.995262e-06 3.173930e+01 2.657417e-01 3.174041e+01 8.372639e-03
2.041738e-06 3.173897e+01 2.719206e-01 3.174013e+01 8.567404e-03
2.089296e-06 3.173863e+01 2.782426e-01 3.173985e+01 8.766687e-03
2.137962e-06 3.173827e+01 2.847111e-01 3.173955e+01 8.970591e-03
2.187762e-06 3.173790e+01 2.913293e-01 3.173923e+01 9.179225e-03
2.238721e-06 3.173751e+01 2.981007e-01 3.173891e+01 9.392695e-03
2.290868e-06 3.173710e+01 3.050288e-01 3.173856e+01 9.611113e-03
2.344229e-06 3.173667e+01 3.121172e-01 3.173820e+01 9.834592e-03
2.398833e-06 3.173622e+01 3.193695e-01 3.173782e+01 1.006325e-02
2.454709e-06 3.173575e+01 3.267894e-01 3.173743e+01 1.029720e-02
2.511886e-06 3.173525e+01 3.343808e-01 3.173701e+01 1.053657e-02
2.570396e-06 3.173474e+01 3.421476e-01 3.173658e+01 1.078148e-02
2.630268e-06 3.173420e+01 3.500937e-01 3.173613e+01 1.103206e-02
2.691535e-06 3.173363e+01 3.582232e-01 3.173565e+01 1.128844e-02
2.754229e-06 3.173304e+01 3.665403e-01 3.173516e+01 1.155075e-02
2.818383e-06 3.173242e+01 3.750492e-01 3.173464e+01 1.181912e-02
2.884032e-06 3.173177e+01 3.837543e-01 3.173409e+01 1.209369e-02
2.951209e-06 3.173109e+01 3.926599e-01 3.173352e+01 1.237461e-02
3.019952e-06 3.173038e+01 4.017705e-01 3.173292e+01 1.266201e-02
3.090295e-06 3.172964e+01 4.110909e-01 3.173230e+01 1.295605e-02
3.162278e-06 3.172886e+01 4.206256e-01 3.173164e+01 1.325688e-02
3.235937e-06 3.172804e+01 4.303795e-01 3.173096e+01 1.356464e-02
3.311311e-06 3.172719e+01 4.403575e-01 3.173024e+01 1.387950e-02
3.388442e-06 3.172629e+01 4.505646e-01 3.172949e+01 1.420162e-02
3.467369e-06 3.172536e+01 4.610059e-01 3.172871e+01 1.453115e-02
3.548134e-06 3.172438e+01 4.716866e-01 3.172788e+01 1.486827e-02
3.630781e-06 3.172335e+01 4.826119e-01 3.172702e+01 1.521314e-02
3.715352e-06 3.172228e+01 4.937874e-01 3.172612e+01 1.556595e-02
3.801894e-06 3.172115e+01 5.052184e-01 3.172518e+01 1.592686e-02
3.890451e-06 3.171998e+01 5.169107e-01 3.172419e+01 1.629606e-02
3.981072e-06 3.171875e+01 5.288700e-01 3.172315e+01 1.667374e-02
4.073803e-06 3.171746e+01 5.411021e-01 3.172207e+01 1.706007e-02
4.168694e-06 3.171611e+01 5.536129e-01 3.172094e+01 1.745526e-02
4.265795e-06 3.171470e+01 5.664085e-01 3.171975e+01 1.785950e-02
4.365158e-06 3.171322e+01 5.794951e-01 3.171851e+01 1.827298e-02
4.466836e-06 3.171167e+01 5.928790e-01 3.171721e+01 1.869592e-02
4.570882e-06 3.171005e+01 6.065665e-01 3.171586e+01 1.912852e-02
4.677351e-06 3.170836e+01 6.205642e-01 3.171443e+01 1.957099e-02
4.786301e-06 3.170659e+01 6.348786e-01 3.171294e+01 2.002355e-02
4.897788e-06 3.170473e+01 6.495164e-01 3.171139e+01 2.048642e-02
5.011872e-06 3.170279e+01 6.644846e-01 3.170975e+01 2.095981e-02
5.128614e-06 3.170076e+01 6.797901e-01 3.170805e+01 2.144397e-02
5.248075e-06 3.169863e+01 6.954399e-01 3.170626e+01 2.193911e-02
5.370318e-06 3.169641e+01 7.114411e-01 3.170439e+01 2.244548e-02
5.495409e-06 3.169408e+01 7.278011e-01 3.170244e+01 2.296331e-02
5.623413e-06 3.169165e+01 7.445273e-01 3.170039e+01 2.349285e-02
5.754399e-06 3.168910e+01 7.616270e-01 3.169825e+01 2.403435e-02
5.888437e-06 3.168643e+01 7.791080e-01 3.169601e+01 2.458806e-02
6.025596e-06 3.168365e+01 7.969778e-01 3.169367e+01 2.515423e-02
6.165950e-06 3.168073e+01 8.152443e-01 3.169122e+01 2.573313e-02
6.309573e-06 3.167768e+01 8.339153e-01 3.168865e+01 2.632501e-02
6.456542e-06 3.167448e+01 8.529989e-01 3.168597e+01 2.693016e-02
6.606934e-06 3.167115e+01 8.725030e-01 3.168316e+01 2.754883e-02
6.760830e-06 3.166765e+01 8.924358e-01 3.168023e+01 2.818130e-02
6.918310e-06 3.166400e+01 9.128055e-01 3.167716e+01 2.882786e-02
7.079458e-06 3.166018e+01 9.336203e-01 3.167394e+01 2.948879e-02
7.244360e-06 3.165619e+01 9.548887e-01 3.167058e+01 3.016436e-02
7.413102e-06 3.165201e+01 9.766191e-01 3.166707e+01 3.085488e-02
7.585776e-06 3.164764e+01 9.988198e-01 3.166340e+01 3.156064e-02
7.762471e-06 3.164307e+01 1.021499e+00 3.165956e+01 3.228193e-02
7.943282e-06 3.163830e+01 1.044666e+00 3.165554e+01 3.301904e-02
8.128305e-06 3.163331e+01 1.068329e+00 3.165134e+01 3.377229e-02
8.317638e-06 3.162809e+01 1.092497e+00 3.164695e+01 3.454198e-02
8.511380e-06 3.162264e+01 1.117178e+00 3.164236e+01 3.532841e-02
8.709636e-06 3.161694e+01 1.142380e+00 3.163757e+01 3.613189e-02
8.912509e-06 3.161098e+01 1.168112e+00 3.163255e+01 3.695274e-02
9.120108e-06 3.160475e+01 1.194383e+00 3.162731e+01 3.779126e-02
9.332543e-06 3.159825e+01 1.221202e+00 3.162184e+01 3.864777e-02
9.549926e-06 3.159145e+01 1.248576e+00 3.161612e+01 3.952258e-02
9.772372e-06 3.158435e+01 1.276513e+00 3.161014e+01 4.041601e-02
1.000000e-05 3.157694e+01 1.305023e+00 3.160389e+01 4.132837e-02
1.023293e-05 3.156919e+01 1.334113e+00 3.159737e+01 4.225997e-02
1.047129e-05 3.156110e+01 1.363791e+00 3.159055e+01 4.321113e-02
1.071519e-05 3.155265e+01 1.394065e+00 3.158344e+01 4.418217e-02
1.096478e-05 3.154384e+01 1.424942e+00 3.157600e+01 4.517338e-02
1.122018e-05 3.153463e+01 1.456429e+00 3.156824e+01 4.618508e-02
1.148154e-05 3.152502e+01 1.488535e+00 3.156014e+01 4.721757e-02
1.174898e-05 3.151499e+01 1.521265e+00 3.155169e+01 4.827115e-02
1.202264e-05 3.150453e+01 1.554626e+00 3.154286e+01 4.934612e-02
1.230269e-05 3.149361e+01 1.588625e+00 3.153365e+01 5.044277e-02
1.258925e-05 3.148222e+01 1.623267e+00 3.152404e+01 5.156138e-02
1.288250e-05 3.147034e+01 1.658557e+00 3.151401e+01 5.270224e-02
1.318257e-05 3.145795e+01 1.694501e+00 3.150356e+01 5.386560e-02
1.348963e-05 3.144504e+01 1.731104e+00 3.149265e+01 5.505174e-02
1.380384e-05 3.143157e+01 1.768369e+00 3.148128e+01 5.626090e-02
1.412538e-05 3.141754e+01 1.806299e+00 3.146943e+01 5.749333e-02
1.445440e-05 3.140293e+01 1.844899e+00 3.145707e+01 5.874926e-02
1.479108e-05 3.138770e+01 1.884169e+00 3.144420e+01 6.002890e-02
1.513561e-05 3.137183e+01 1.924112e+00 3.143078e+01 6.133246e-02
1.548817e-05 3.135532e+01 1.964728e+00 3.141681e+01 6.266012e-02
1.584893e-05 3.133813e+01 2.006018e+00 3.140226e+01 6.401206e-02
1.621810e-05 3.132023e+01 2.047981e+00 3.138712e+01 6.538843e-02
1.659587e-05 3.130161e+01 2.090615e+00 3.137135e+01 6.678937e-02
1.698244e-05 3.128225e+01 2.133918e+00 3.135495e+01 6.821499e-02
1.737801e-05 3.126211e+01 2.177887e+00 3.133788e+01 6.966539e-02
1.778279e-05 3.124117e+01 2.222517e+00 3.132013e+01 7.114064e-02
1.819701e-05 3.121942e+01 2.267803e+00 3.130168e+01 7.264079e-02
1.862087e-05 3.119681e+01 2.313738e+00 3.128249e+01 7.416586e-02
1.905461e-05 3.117333e+01 2.360315e+00 3.126256e+01 7.571584e-02
1.949845e-05 3.114896e+01 2.407525e+00 3.124186e+01 7.729069e-02
1.995262e-05 3.112366e+01 2.455357e+00 3.122036e+01 7.889037e-02
2.041738e-05 3.109741e+01 2.503801e+00 3.119805e+01 8.051477e-02
2.089296e-05 3.107019e+01 2.552844e+00 3.117489e+01 8.216377e-02
2.137962e-05 3.104197e+01 2.602472e+00 3.115087e+01 8.383720e-02
2.187762e-05 3.101273e+01 2.652670e+00 3.112597e+01 8.553488e-02
2.238721e-05 3.098244e+01 2.703421e+00 3.110016e+01 8.725657e-02
2.290868e-05 3.095107e+01 2.754708e+00 3.107342e+01 8.900201e-02
2.344229e-05 3.091861e+01 2.806510e+00 3.104572e+01 9.077089e-02
2.398833e-05 3.088503e+01 2.858807e+00 3.101706e+01 9.256287e-02
2.454709e-05 3.085031e+01 2.911577e+00 3.098740e+01 9.437756e-02
2.511886e-05 3.081443e+01 2.964797e+00 3.095673e+01 9.621455e-02
2.570396e-05 3.077737e+01 3.018440e+00 3.092503e+01 9.807338e-02
2.630268e-05 3.073910e+01 3.072482e+00 3.089227e+01 9.995354e-02
2.691535e-05 3.069961e+01 3.126893e+00 3.085845e+01 1.018545e-01
2.754229e-05 3.065889e+01 3.181646e+00 3.082354e+01 1.037757e-01
2.818383e-05 3.061691e+01 3.236710e+00 3.078753e+01 1.057164e-01
2.884032e-05 3.057367e+01 3.292054e+00 3.075040e+01 1.076761e-01
2.951209e-05 3.052915e+01 3.347646e+00 3.071215e+01 1.096541e-01
3.019952e-05 3.048335e+01 3.403451e+00 3.067276e+01 1.116495e-01
3.090295e-05 3.043624e+01 3.459437e+00 3.063221e+01 1.136618e-01
3.162278e-05 3.038783e+01 3.515568e+00 3.059052e+01 1.156900e-01
3.235937e-05 3.033812e+01 3.571808e+00 3.054766e+01 1.177333e-01
3.311311e-05 3.028709e+01 3.628121e+00 3.050363e+01 1.197910e-01
3.388442e-05 3.023475e+01 3.684472e+00 3.045843e+01 1.218621e-01
3.467369e-05 3.018111e+01 3.740822e+00 3.041206e+01 1.239458e-01
3.548134e-05 3.012616e+01 3.797137e+00 3.036451e+01 1.260412e-01
3.630781e-05 3.006991e+01 3.853379e+00 3.031581e+01 1.281473e-01
3.715352e-05 3.001238e+01 3.909512e+00 3.026594e+01 1.302633e-01
3.801894e-05 2.995357e+01 3.965500e+00 3.021492e+01 1.323882e-01
3.890451e-05 2.989350e+01 4.021310e+00 3.016276e+01 1.345212e-01
3.981072e-05 2.983218e+01 4.076907e+00 3.010947e+01 1.366614e-01
4.073803e-05 2.976964e+01 4.132258e+00 3.005506e+01 1.388078e-01
4.168694e-05 2.970589e+01 4.187332e+00 2.999956e+01 1.409597e-01
4.265795e-05 2.964096e+01 4.242100e+00 2.994297e+01 1.431162e-01
4.365158e-05 2.957487e+01 4.296533e+00 2.988533e+01 1.452765e-01
4.466836e-05 2.950765e+01 4.350606e+00 2.982665e+01 1.474399e-01
4.570882e-05 2.943934e+01 4.404294e+00 2.976697e+01 1.496058e-01
4.677351e-05 2.936995e+01 4.457577e+00 2.970630e+01 1.517734e-01
4.786301e-05 2.929953e+01 4.510435e+00 2.964467e+01 1.539422e-01
4.897788e-05 2.922811e+01 4.562851e+00 2.958212e+01 1.561117e-01
5.011872e-05 2.915572e+01 4.614813e+00 2.951868e+01 1.582816e-01
5.128614e-05 2.908240e+01 4.666309e+00 2.945438e+01 1.604513e-01
5.248075e-05 2.900818e+01 4.717332e+00 2.938924e+01 1.626208e-01
5.370318e-05 2.893310e+01 4.767878e+00 2.932332e+01 1.647897e-01
5.495409e-05 2.885720e+01 4.817944e+00 2.925663e+01 1.669581e-01
5.623413e-05 2.878051e+01 4.867532e+00 2.918922e+01 1.691260e-01
5.754399e-05 2.870307e+01 4.916647e+00 2.912112e+01 1.712934e-01
5.888437e-05 2.862492e+01 4.965297e+00 2.905237e+01 1.734606e-01
6.025596e-05 2.854608e+01 5.013492e+00 2.898299e+01 1.756280e-01
6.165950e-05 2.846660e+01 5.061246e+00 2.891303e+01 1.777960e-01
6.309573e-05 2.838649e+01 5.108577e+00 2.884251e+01 1.799650e-01
6.456542e-05 2.830580e+01 5.155502e+00 2.877147e+01 1.821359e-01
6.606934e-05 2.822455e+01 5.202045e+00 2.869993e+01 1.843093e-01
6.760830e-05 2.814275e+01 5.248229e+00 2.862793e+01 1.864860e-01
6.918310e-05 2.806044e+01 5.294081e+00 2.855549e+01 1.886670e-01
7.079458e-05 2.797764e+01 5.339629e+00 2.848262e+01 1.908535e-01
7.244360e-05 2.789435e+01 5.384903e+00 2.840936e+01 1.930464e-01
7.413102e-05 2.781060e+01 5.429934e+00 2.833573e+01 1.952470e-01
7.585776e-05 2.772638e+01 5.474756e+00 2.826173e+01 1.974565e-01
7.762471e-05 2.764172e+01 5.519401e+00 2.818738e+01 1.996765e-01
7.943282e-05 2.755660e+01 5.563904e+00 2.811269e+01 2.019082e-01
8.128305e-05 2.747104e+01 5.608298e+00 2.803767e+01 2.041531e-01
8.317638e-05 2.738502e+01 5.652618e+00 2.796232e+01 2.064128e-01
8.511380e-05 2.729854e+01 5.696898e+00 2.788664e+01 2.086888e-01
8.709636e-05 2.721158e+01 5.741170e+00 2.781063e+01 2.109826e-01
8.912509e-05 2.712413e+01 5.785466e+00 2.773427e+01 2.132959e-01
9.120108e-05 2.703617e+01 5.829816e+00 2.765757e+01 2.156303e-01
9.332543e-05 2.694768e+01 5.874251e+00 2.758051e+01 2.179873e-01
9.549926e-05 2.685863e+01 5.918795e+00 2.750306e+01 2.203685e-01
9.772372e-05 2.676900e+01 5.963474e+00 2.742521e+01 2.227754e-01
1.000000e-04 2.667874e+01 6.008310e+00 2.734694e+01 2.252096e-01
1.023293e-04 2.658784e+01 6.053321e+00 2.726822e+01 2.276725e-01
1.047129e-04 2.649624e+01 6.098524e+00 2.718902e+01 2.301656e-01
1.071519e-04 2.640392e+01 6.143930e+00 2.710931e+01 2.326901e-01
1.096478e-04 2.631083e+01 6.189549e+00 2.702906e+01 2.352472e-01
1.122018e-04 2.621692e+01 6.235386e+00 2.694822e+01 2.378383e-01
1.148154e-04 2.612215e+01 6.281443e+00 2.686677e+01 2.404642e-01
1.174898e-04 2.602648e+01 6.327715e+00 2.678465e+01 2.431260e-01
1.202264e-04 2.592986e+01 6.374196e+00 2.670183e+01 2.458246e-01
1.230269e-04 2.583224e+01 6.420874e+00 2.661827e+01 2.485605e-01
1.258925e-04 2.573357e+01 6.467733e+00 2.653391e+01 2.513345e-01
1.288250e-04 2.563381e+01 6.514753e+00 2.644871e+01 2.541469e-01
1.318257e-04 2.553292e+01 6.561907e+00 2.636263e+01 2.569980e-01
1.348963e-04 2.543083e+01 6.609167e+00 2.627562e+01 2.598880e-01
1.380384e-04 2.532752e+01 6.656498e+00 2.618764e+01 2.628168e-01
1.412538e-04 2.522294e+01 6.703861e+00 2.609863e+01 2.657843e-01
1.445440e-04 2.511705e+01 6.751213e+00 2.600856e+01 2.687901e-01
1.479108e-04 2.500981e+01 6.798506e+00 2.591737e+01 2.718336e-01
1.513561e-04 2.490118e+01 6.845688e+00 2.582503e+01 2.749142e-01
1.548817e-04 2.479114e+01 6.892705e+00 2.573150e+01 2.780310e-01
1.584893e-04 2.467965e+01 6.939496e+00 2.563673e+01 2.811829e-01
1.621810e-04 2.456670e+01 6.985998e+00 2.554069e+01 2.843687e-01
1.659587e-04 2.445225e+01 7.032146e+00 2.544334e+01 2.875868e-01
1.698244e-04 2.433630e+01 7.077870e+00 2.534466e+01 2.908359e-01
1.737801e-04 2.421884e+01 7.123098e+00 2.524462e+01 2.941139e-01
1.778279e-04 2.409986e+01 7.167757e+00 2.514319e+01 2.974190e-01
1.819701e-04 2.397936e+01 7.211770e+00 2.504035e+01 3.007491e-01
1.862087e-04 2.385734e+01 7.255060e+00 2.493609e+01 3.041018e-01
1.905461e-04 2.373382e+01 7.297548e+00 2.483039e+01 3.074747e-01
1.949845e-04 2.360881e+01 7.339156e+00 2.472325e+01 3.108651e-01
1.995262e-04 2.348234e+01 7.379804e+00 2.461467e+01 3.142704e-01
2.041738e-04 2.335444e+01 7.419414e+00 2.450464e+01 3.176875e-01
2.089296e-04 2.322513e+01 7.457907e+00 2.439318e+01 3.211136e-01
2.137962e-04 2.309447e+01 7.495208e+00 2.428030e+01 3.245455e-01
2.187762e-04 2.296250e+01 7.531241e+00 2.416601e+01 3.279800e-01
2.238721e-04 2.282927e+01 7.565934e+00 2.405034e+01 3.314137e-01
2.290868e-04 2.269485e+01 7.599218e+00 2.393333e+01 3.348433e-01
2.344229e-04 2.255929e+01 7.631027e+00 2.381500e+01 3.382654e-01
2.398833e-04 2.242267e+01 7.661298e+00 2.369539e+01 3.416765e-01
2.454709e-04 2.228506e+01 7.689974e+00 2.357455e+01 3.450732e-01
2.511886e-04 2.214654e+01 7.717003e+00 2.345253e+01 3.484519e-01
2.570396e-04 2.200720e+01 7.742335e+00 2.332939e+01 3.518092e-01
2.630268e-04 2.186712e+01 7.765929e+00 2.320518e+01 3.551418e-01
2.691535e-04 2.172640e+01 7.787748e+00 2.307998e+01 3.584463e-01
2.754229e-04 2.158513e+01 7.807762e+00 2.295384e+01 3.617195e-01
2.818383e-04 2.144341e+01 7.825948e+00 2.282685e+01 3.649582e-01
2.884032e-04 2.130133e+01 7.842288e+00 2.269908e+01 3.681595e-01
2.951209e-04 2.115901e+01 7.856773e+00 2.257061e+01 3.713205e-01
3.019952e-04 2.101653e+01 7.869399e+00 2.244153e+01 3.744385e-01
3.090295e-04 2.087401e+01 7.880171e+00 2.231191e+01 3.775111e-01
3.162278e-04 2.073154e+01 7.889099e+00 2.218185e+01 3.805361e-01
3.235937e-04 2.058922e+01 7.896201e+00 2.205144e+01 3.835114e-01
3.311311e-04 2.044716e+01 7.901504e+00 2.192077e+01 3.864353e-01
3.388442e-04 2.030545e+01 7.905038e+00 2.178992e+01 3.893063e-01
3.467369e-04 2.016418e+01 7.906842e+00 2.165900e+01 3.921231e-01
3.548134e-04 2.002345e+01 7.906961e+00 2.152809e+01 3.948850e-01
3.630781e-04 1.988335e+01 7.905447e+00 2.139728e+01 3.975913e-01
3.715352e-04 1.974396e+01 7.902357e+00 2.126667e+01 4.002417e-01
3.801894e-04 1.960536e+01 7.897752e+00 2.113633e+01 4.028364e-01
3.890451e-04 1.946762e+01 7.891701e+00 2.100636e+01 4.053757e-01
3.981072e-04 1.933082e+01 7.884275e+00 2.087684e+01 4.078603e-01
4.073803e-04 1.919502e+01 7.875551e+00 2.074785e+01 4.102913e-01
4.168694e-04 1.906028e+01 7.865609e+00 2.061946e+01 4.126702e-01
4.265795e-04 1.892664e+01 7.854532e+00 2.049174e+01 4.149987e-01
4.365158e-04 1.879416e+01 7.842407e+00 2.036477e+01 4.172789e-01
4.466836e-04 1.866288e+01 7.829321e+00 2.023861e+01 4.195131e-01
4.570882e-04 1.853282e+01 7.815365e+00 2.011331e+01 4.217040e-01
4.677351e-04 1.840402e+01 7.800629e+00 1.998894e+01 4.238547e-01
4.786301e-04 1.827649e+01 7.785207e+00 1.986553e+01 4.259684e-01
4.897788e-04 1.815025e+01 7.769189e+00 1.974314e+01 4.280487e-01
5.011872e-04 1.802530e+01 7.752667e+00 1.962180e+01 4.300993e-01
5.128614e-04 1.790164e+01 7.735733e+00 1.950155e+01 4.321242e-01
5.248075e-04 1.777928e+01 7.718476e+00 1.938240e+01 4.341277e-01
5.370318e-04 1.765819e+01 7.700984e+00 1.926439e+01 4.361141e-01
5.495409e-04 1.753835e+01 7.683343e+00 1.914752e+01 4.380881e-01
5.623413e-04 1.741975e+01 7.665637e+00 1.903181e+01 4.400543e-01
5.754399e-04 1.730236e+01 7.647946e+00 1.891726e+01 4.420175e-01
5.888437e-04 1.718613e+01 7.630347e+00 1.880387e+01 4.439827e-01
6.025596e-04 1.707104e+01 7.612913e+00 1.869163e+01 4.459548e-01
6.165950e-04 1.695704e+01 7.595716e+00 1.858053e+01 4.479389e-01
6.309573e-04 1.684407e+01 7.578820e+00 1.847055e+01 4.499400e-01
6.456542e-04 1.673209e+01 7.562287e+00 1.836167e+01 4.519631e-01
6.606934e-04 1.662104e+01 7.546173e+00 1.825387e+01 4.540132e-01
6.760830e-04 1.651087e+01 7.530532e+00 1.814711e+01 4.560954e-01
6.918310e-04 1.640151e+01 7.515410e+00 1.804136e+01 4.582146e-01
7.079458e-04 1.629289e+01 7.500849e+00 1.793659e+01 4.603754e-01
7.244360e-04 1.618496e+01 7.486886e+00 1.783274e+01 4.625828e-01
7.413102e-04 1.607765e+01 7.473553e+00 1.772977e+01 4.648412e-01
7.585776e-04 1.597088e+01 7.460877e+00 1.762764e+01 4.671551e-01
7.762471e-04 1.586458e+01 7.448879e+00 1.752629e+01 4.695289e-01
7.943282e-04 1.575869e+01 7.437575e+00 1.742567e+01 4.719665e-01
8.128305e-04 1.565314e+01 7.426976e+00 1.732572e+01 4.744721e-01
8.317638e-04 1.554784e+01 7.417087e+00 1.722639e+01 4.770492e-01
8.511380e-04 1.544275e+01 7.407909e+00 1.712762e+01 4.797015e-01
8.709636e-04 1.533777e+01 7.399437e+00 1.702935e+01 4.824324e-01
8.912509e-04 1.523285e+01 7.391662e+00 1.693152e+01 4.852448e-01
9.120108e-04 1.512792e+01 7.384569e+00 1.683407e+01 4.881417e-01
9.332543e-04 1.502291e+01 7.378139e+00 1.673693e+01 4.911257e-01
9.549926e-04 1.491777e+01 7.372348e+00 1.664005e+01 4.941992e-01
9.772372e-04 1.481242e+01 7.367168e+00 1.654336e+01 4.973643e-01
1.000000e-03 1.470681e+01 7.362567e+00 1.644681e+01 5.006231e-01
1.023293e-03 1.460088e+01 7.358510e+00 1.635034e+01 5.039770e-01
1.047129e-03 1.449459e+01 7.354955e+00 1.625388e+01 5.074276e-01
1.071519e-03 1.438788e+01 7.351860e+00 1.615738e+01 5.109759e-01
1.096478e-03 1.428071e+01 7.349179e+00 1.606079e+01 5.146229e-01
1.122018e-03 1.417303e+01 7.346861e+00 1.596406e+01 5.183692e-01
1.148154e-03 1.406480e+01 7.344855e+00 1.586712e+01 5.222153e-01
1.174898e-03 1.395600e+01 7.343105e+00 1.576994e+01 5.261612e-01
1.202264e-03 1.384659e+01 7.341555e+00 1.567247e+01 5.302069e-01
1.230269e-03 1.373654e+01 7.340146e+00 1.557466e+01 5.343521e-01
1.258925e-03 1.362583e+01 7.338818e+00 1.547648e+01 5.385962e-01
1.288250e-03 1.351444e+01 7.337509e+00 1.537788e+01 5.429384e-01
1.318257e-03 1.340236e+01 7.336157e+00 1.527883e+01 5.473778e-01
1.348963e-03 1.328959e+01 7.334698e+00 1.517929e+01 5.519131e-01
1.380384e-03 1.317611e+01 7.333069e+00 1.507925e+01 5.565428e-01
1.412538e-03 1.306193e+01 7.331207e+00 1.497867e+01 5.612654e-01
1.445440e-03 1.294704e+01 7.329046e+00 1.487753e+01 5.660789e-01
1.479108e-03 1.283146e+01 7.326526e+00 1.477580e+01 5.709814e-01
1.513561e-03 1.271520e+01 7.323584e+00 1.467349e+01 5.759707e-01
1.548817e-03 1.259828e+01 7.320157e+00 1.457056e+01 5.810443e-01
1.584893e-03 1.248071e+01 7.316188e+00 1.446702e+01 5.861996e-01
1.621810e-03 1.236252e+01 7.311618e+00 1.436286e+01 5.914341e-01
1.659587e-03 1.224374e+01 7.306389e+00 1.425807e+01 5.967448e-01
1.698244e-03 1.212440e+01 7.300449e+00 1.415266e+01 6.021286e-01
1.737801e-03 1.200453e+01 7.293745e+00 1.404662e+01 6.075825e-01
1.778279e-03 1.188418e+01 7.286228e+00 1.393997e+01 6.131032e-01
1.819701e-03 1.176338e+01 7.277850e+00 1.383272e+01 6.186872e-01
1.862087e-03 1.164217e+01 7.268567e+00 1.372487e+01 6.243311e-01
1.905461e-03 1.152060e+01 7.258339e+00 1.361645e+01 6.300313e-01
1.949845e-03 1.139873e+01 7.247128e+00 1.350747e+01 6.357840e-01
1.995262e-03 1.127659e+01 7.234898e+00 1.339796e+01 6.415856e-01
2.041738e-03 1.115425e+01 7.221619e+00 1.328793e+01 6.474322e-01
2.089296e-03 1.103175e+01 7.207262e+00 1.317741e+01 6.533200e-01
2.137962e-03 1.090915e+01 7.191803e+00 1.306643e+01 6.592449e-01
2.187762e-03 1.078651e+01 7.175220e+00 1.295502e+01 6.652030e-01
2.238721e-03 1.066389e+01 7.157497e+00 1.284322e+01 6.711903e-01
2.290868e-03 1.054133e+01 7.138618e+00 1.273104e+01 6.772028e-01
2.344229e-03 1.041890e+01 7.118574e+00 1.261854e+01 6.832365e-01
2.398833e-03 1.029666e+01 7.097358e+00 1.250575e+01 6.892874e-01
2.454709e-03 1.017466e+01 7.074965e+00 1.239269e+01 6.953515e-01
2.511886e-03 1.005296e+01 7.051396e+00 1.227942e+01 7.014249e-01
2.570396e-03 9.931616e+00 7.026653e+00 1.216597e+01 7.075035e-01
2.630268e-03 9.810684e+00 7.000743e+00 1.205238e+01 7.135836e-01
2.691535e-03 9.690217e+00 6.973675e+00 1.193870e+01 7.196614e-01
2.754229e-03 9.570270e+00 6.945461e+00 1.182495e+01 7.257331e-01
2.818383e-03 9.450892e+00 6.916115e+00 1.171119e+01 7.317950e-01
2.884032e-03 9.332135e+00 6.885656e+00 1.159746e+01 7.378436e-01
2.951209e-03 9.214047e+00 6.854103e+00 1.148379e+01 7.438754e-01
3.019952e-03 9.096675e+00 6.821479e+00 1.137023e+01 7.498871e-01
3.090295e-03 8.980062e+00 6.787808e+00 1.125681e+01 7.558754e-01
3.162278e-03 8.864251e+00 6.753116e+00 1.114359e+01 7.618372e-01
3.235937e-03 8.749282e+00 6.717431e+00 1.103059e+01 7.677695e-01
3.311311e-03 8.635193e+00 6.680784e+00 1.091785e+01 7.736693e-01
3.388442e-03 8.522021e+00 6.643206e+00 1.080542e+01 7.795340e-01
3.467369e-03 8.409798e+00 6.604727e+00 1.069332e+01 7.853610e-01
3.548134e-03 8.298555e+00 6.565383e+00 1.058160e+01 7.911477e-01
3.630781e-03 8.188322e+00 6.525207e+00 1.047029e+01 7.968918e-01
3.715352e-03 8.079124e+00 6.484233e+00 1.035942e+01 8.025911e-01
3.801894e-03 7.970986e+00 6.442498e+00 1.024902e+01 8.082435e-01
3.890451e-03 7.863930e+00 6.400036e+00 1.013912e+01 8.138471e-01
3.981072e-03 7.757974e+00 6.356884e+00 1.002976e+01 8.194000e-01
4.073803e-03 7.653137e+00 6.313077e+00 9.920960e+00 8.249005e-01
4.168694e-03 7.549435e+00 6.268650e+00 9.812744e+00 8.303470e-01
4.265795e-03 7.446880e+00 6.223640e+00 9.705139e+00 8.357379e-01
4.365158e-03 7.345484e+00 6.178081e+00 9.598168e+00 8.410720e-01
4.466836e-03 7.245257e+00 6.132008e+00 9.491853e+00 8.463478e-01
4.570882e-03 7.146208e+00 6.085454e+00 9.386215e+00 8.515641e-01
4.677351e-03 7.048342e+00 6.038454e+00 9.281274e+00 8.567198e-01
4.786301e-03 6.951664e+00 5.991039e+00 9.177047e+00 8.618137e-01
4.897788e-03 6.856179e+00 5.943243e+00 9.073551e+00 8.668448e-01
5.011872e-03 6.761888e+00 5.895095e+00 8.970802e+00 8.718120e-01
5.128614e-03 6.668794e+00 5.846627e+00 8.868814e+00 8.767143e-01
5.248075e-03 6.576895e+00 5.797867e+00 8.767601e+00 8.815508e-01
5.370318e-03 6.486192e+00 5.748846e+00 8.667175e+00 8.863206e-01
5.495409e-03 6.396683e+00 5.699589e+00 8.567548e+00 8.910226e-01
5.623413e-03 6.308365e+00 5.650126e+00 8.468730e+00 8.956561e-01
5.754399e-03 6.221236e+00 5.600481e+00 8.370732e+00 9.002200e-01
5.888437e-03 6.135291e+00 5.550680e+00 8.273563e+00 9.047135e-01
6.025596e-03 6.050526e+00 5.500749e+00 8.177231e+00 9.091356e-01
6.165950e-03 5.966938e+00 5.450711e+00 8.081745e+00 9.134854e-01
6.309573e-03 5.884520e+00 5.400589e+00 7.987111e+00 9.177621e-01
6.456542e-03 5.803267e+00 5.350407e+00 7.893336e+00 9.219646e-01
6.606934e-03 5.723173e+00 5.300186e+00 7.800429e+00 9.260922e-01
6.760830e-03 5.644232e+00 5.249949e+00 7.708393e+00 9.301440e-01
6.918310e-03 5.566438e+00 5.199716e+00 7.617236e+00 9.341191e-01
7.079458e-03 5.489784e+00 5.149509e+00 7.526963e+00 9.380168e-01
7.244360e-03 5.414261e+00 5.099348e+00 7.437578e+00 9.418362e-01
7.413102e-03 5.339864e+00 5.049252e+00 7.349088e+00 9.455768e-01
7.585776e-03 5.266584e+00 4.999242e+00 7.261496e+00 9.492380e-01
7.762471e-03 5.194413e+00 4.949337e+00 7.174807e+00 9.528191e-01
7.943282e-03 5.123343e+00 4.899555e+00 7.089026e+00 9.563200e-01
8.128305e-03 5.053365e+00 4.849917e+00 7.004155e+00 9.597402e-01
8.317638e-03 4.984469e+00 4.800441e+00 6.920200e+00 9.630797e-01
8.511380e-03 4.916646e+00 4.751144e+00 6.837162e+00 9.663384e-01
8.709636e-03 4.849886e+00 4.702045e+00 6.755044e+00 9.695167e-01
8.912509e-03 4.784178e+00 4.653163e+00 6.673851e+00 9.726149e-01
9.120108e-03 4.719511e+00 4.604513e+00 6.593582e+00 9.756336e-01
9.332543e-03 4.655873e+00 4.556115e+00 6.514241e+00 9.785736e-01
9.549926e-03 4.593253e+00 4.507984e+00 6.435829e+00 9.814360e-01
9.772372e-03 4.531637e+00 4.460137e+00 6.358346e+00 9.842220e-01
1.000000e-02 4.471012e+00 4.412591e+00 6.281792e+00 9.869332e-01
1.023293e-02 4.411365e+00 4.365360e+00 6.206167e+00 9.895714e-01
1.047129e-02 4.352680e+00 4.318462e+00 6.131470e+00 9.921386e-01
1.071519e-02 4.294942e+00 4.271909e+00 6.057700e+00 9.946371e-01
1.096478e-02 4.238136e+00 4.225716e+00 5.984854e+00 9.970695e-01
1.122018e-02 4.182246e+00 4.179898e+00 5.912929e+00 9.994385e-01
1.148154e-02 4.127255e+00 4.134466e+00 5.841921e+00 1.001747e+00
1.174898e-02 4.073145e+00 4.089433e+00 5.771826e+00 1.003999e+00
1.202264e-02 4.019899e+00 4.044811e+00 5.702638e+00 1.006197e+00
1.230269e-02 3.967498e+00 4.000609e+00 5.634351e+00 1.008346e+00
1.258925e-02 3.915924e+00 3.956839e+00 5.566959e+00 1.010448e+00
1.288250e-02 3.865157e+00 3.913508e+00 5.500453e+00 1.012510e+00
1.318257e-02 3.815178e+00 3.870625e+00 5.434825e+00 1.014533e+00
1.348963e-02 3.765969e+00 3.828197e+00 5.370066e+00 1.016524e+00
1.380384e-02 3.717508e+00 3.786231e+00 5.306167e+00 1.018486e+00
1.412538e-02 3.669775e+00 3.744730e+00 5.243115e+00 1.020425e+00
1.445440e-02 3.622752e+00 3.703700e+00 5.180901e+00 1.022344e+00
1.479108e-02 3.576418e+00 3.663144e+00 5.119511e+00 1.024250e+00
1.513561e-02 3.530752e+00 3.623065e+00 5.058933e+00 1.026145e+00
1.548817e-02 3.485735e+00 3.583462e+00 4.999155e+00 1.028036e+00
1.584893e-02 3.441348e+00 3.544337e+00 4.940162e+00 1.029927e+00
1.621810e-02 3.397570e+00 3.505689e+00 4.881940e+00 1.031822e+00
1.659587e-02 3.354384e+00 3.467516e+00 4.824475e+00 1.033727e+00
1.698244e-02 3.311769e+00 3.429817e+00 4.767752e+00 1.035645e+00
1.737801e-02 3.269708e+00 3.392587e+00 4.711755e+00 1.037581e+00
1.778279e-02 3.228183e+00 3.355822e+00 4.656470e+00 1.039539e+00
1.819701e-02 3.187177e+00 3.319519e+00 4.601880e+00 1.041523e+00
1.862087e-02 3.146674e+00 3.283670e+00 4.547971e+00 1.043537e+00
1.905461e-02 3.106656e+00 3.248269e+00 4.494726e+00 1.045584e+00
1.949845e-02 3.067109e+00 3.213311e+00 4.442131e+00 1.047668e+00
1.995262e-02 3.028018e+00 3.178786e+00 4.390168e+00 1.049791e+00
2.041738e-02 2.989369e+00 3.144688e+00 4.338824e+00 1.051957e+00
2.089296e-02 2.951150e+00 3.111008e+00 4.288083e+00 1.054168e+00
2.137962e-02 2.913347e+00 3.077736e+00 4.237930e+00 1.056426e+00
2.187762e-02 2.875949e+00 3.044864e+00 4.188351e+00 1.058734e+00
2.238721e-02 2.838946e+00 3.012382e+00 4.139331e+00 1.061092e+00
2.290868e-02 2.802326e+00 2.980282e+00 4.090857e+00 1.063503e+00
2.344229e-02 2.766082e+00 2.948552e+00 4.042915e+00 1.065967e+00
2.398833e-02 2.730204e+00 2.917183e+00 3.995494e+00 1.068485e+00
2.454709e-02 2.694684e+00 2.886166e+00 3.948579e+00 1.071059e+00
2.511886e-02 2.659516e+00 2.855490e+00 3.902160e+00 1.073688e+00
2.570396e-02 2.624694e+00 2.825146e+00 3.856225e+00 1.076372e+00
2.630268e-02 2.590211e+00 2.795125e+00 3.810763e+00 1.079111e+00
2.691535e-02 2.556063e+00 2.765416e+00 3.765765e+00 1.081905e+00
2.754229e-02 2.522245e+00 2.736012e+00 3.721220e+00 1.084753e+00
2.818383e-02 2.488754e+00 2.706902e+00 3.677120e+00 1.087654e+00
2.884032e-02 2.455586e+00 2.678079e+00 3.633456e+00 1.090607e+00
2.951209e-02 2.422738e+00 2.649533e+00 3.590221e+00 1.093611e+00
3.019952e-02 2.390209e+00 2.621258e+00 3.547406e+00 1.096665e+00
3.090295e-02 2.357995e+00 2.593245e+00 3.505006e+00 1.099767e+00
3.162278e-02 2.326097e+00 2.565488e+00 3.463013e+00 1.102915e+00
3.235937e-02 2.294513e+00 2.537979e+00 3.421422e+00 1.106108e+00
3.311311e-02 2.263241e+00 2.510712e+00 3.380227e+00 1.109344e+00
3.388442e-02 2.232281e+00 2.483682e+00 3.339424e+00 1.112621e+00
3.467369e-02 2.201633e+00 2.456881e+00 3.299008e+00 1.115936e+00
3.548134e-02 2.171296e+00 2.430306e+00 3.258974e+00 1.119288e+00
3.630781e-02 2.141271e+00 2.403951e+00 3.219320e+00 1.122675e+00
3.715352e-02 2.111556e+00 2.377813e+00 3.180041e+00 1.126095e+00
3.801894e-02 2.082154e+00 2.351886e+00 3.141135e+00 1.129545e+00
3.890451e-02 2.053062e+00 2.326167e+00 3.102599e+00 1.133023e+00
3.981072e-02 2.024282e+00 2.300653e+00 3.064429e+00 1.136528e+00
4.073803e-02 1.995814e+00 2.275341e+00 3.026624e+00 1.140056e+00
4.168694e-02 1.967658e+00 2.250227e+00 2.989181e+00 1.143607e+00
4.265795e-02 1.939813e+00 2.225310e+00 2.952098e+00 1.147178e+00
4.365158e-02 1.912280e+00 2.200588e+00 2.915373e+00 1.150766e+00
4.466836e-02 1.885059e+00 2.176057e+00 2.879005e+00 1.154371e+00
4.570882e-02 1.858149e+00 2.151717e+00 2.842992e+00 1.157990e+00
4.677351e-02 1.831549e+00 2.127566e+00 2.807332e+00 1.161621e+00
4.786301e-02 1.805261e+00 2.103603e+00 2.772023e+00 1.165263e+00
4.897788e-02 1.779282e+00 2.079826e+00 2.737065e+00 1.168913e+00
5.011872e-02 1.753613e+00 2.056235e+00 2.702454e+00 1.172570e+00
5.128614e-02 1.728253e+00 2.032828e+00 2.668191e+00 1.176233e+00
5.248075e-02 1.703200e+00 2.009604e+00 2.634274e+00 1.179899e+00
5.370318e-02 1.678454e+00 1.986563e+00 2.600700e+00 1.183567e+00
5.495409e-02 1.654013e+00 1.963705e+00 2.567469e+00 1.187236e+00
5.623413e-02 1.629877e+00 1.941028e+00 2.534579e+00 1.190905e+00
5.754399e-02 1.606045e+00 1.918533e+00 2.502029e+00 1.194570e+00
5.888437e-02 1.582513e+00 1.896218e+00 2.469816e+00 1.198232e+00
6.025596e-02 1.559282e+00 1.874084e+00 2.437940e+00 1.201889e+00
6.165950e-02 1.536350e+00 1.852129e+00 2.406398e+00 1.205538e+00
6.309573e-02 1.513715e+00 1.830354e+00 2.375190e+00 1.209180e+00
6.456542e-02 1.491374e+00 1.808758e+00 2.344313e+00 1.212813e+00
6.606934e-02 1.469328e+00 1.787340e+00 2.313765e+00 1.216434e+00
6.760830e-02 1.447573e+00 1.766101e+00 2.283546e+00 1.220043e+00
6.918310e-02 1.426107e+00 1.745041e+00 2.253652e+00 1.223639e+00
7.079458e-02 1.404930e+00 1.724158e+00 2.224084e+00 1.227220e+00
7.244360e-02 1.384038e+00 1.703452e+00 2.194838e+00 1.230784e+00
7.413102e-02 1.363430e+00 1.682924e+00 2.165912e+00 1.234331e+00
7.585776e-02 1.343104e+00 1.662573e+00 2.137306e+00 1.237858e+00
7.762471e-02 1.323058e+00 1.642398e+00 2.109017e+00 1.241365e+00
7.943282e-02 1.303289e+00 1.622400e+00 2.081044e+00 1.244850e+00
8.128305e-02 1.283795e+00 1.602577e+00 2.053384e+00 1.248312e+00
8.317638e-02 1.264575e+00 1.582931e+00 2.026035e+00 1.251749e+00
8.511380e-02 1.245626e+00 1.563460e+00 1.998997e+00 1.255160e+00
8.709636e-02 1.226945e+00 1.544164e+00 1.972267e+00 1.258544e+00
8.912509e-02 1.208531e+00 1.525043e+00 1.945842e+00 1.261898e+00
9.120108e-02 1.190381e+00 1.506097e+00 1.919723e+00 1.265223e+00
9.332543e-02 1.172493e+00 1.487325e+00 1.893905e+00 1.268515e+00
9.549926e-02 1.154864e+00 1.468728e+00 1.868388e+00 1.271775e+00
9.772372e-02 1.137493e+00 1.450305e+00 1.843170e+00 1.275001e+00
1.000000e-01 1.120376e+00 1.432055e+00 1.818248e+00 1.278191e+00
1.023293e-01 1.103512e+00 1.413979e+00 1.793621e+00 1.281345e+00
1.047129e-01 1.086898e+00 1.396077e+00 1.769287e+00 1.284460e+00
1.071519e-01 1.070530e+00 1.378347e+00 1.745244e+00 1.287537e+00
1.096478e-01 1.054408e+00 1.360790e+00 1.721490e+00 1.290573e+00
1.122018e-01 1.038528e+00 1.343406e+00 1.698022e+00 1.293568e+00
1.148154e-01 1.022887e+00 1.326194e+00 1.674840e+00 1.296520e+00
1.174898e-01 1.007484e+00 1.309154e+00 1.651940e+00 1.299429e+00
1.202264e-01 9.923147e-01 1.292285e+00 1.629322e+00 1.302294e+00
1.230269e-01 9.773774e-01 1.275588e+00 1.606982e+00 1.305113e+00
1.258925e-01 9.626691e-01 1.259061e+00 1.584918e+00 1.307886e+00
1.288250e-01 9.481871e-01 1.242705e+00 1.563130e+00 1.310611e+00
1.318257e-01 9.339289e-01 1.226518e+00 1.541613e+00 1.313289e+00
1.348963e-01 9.198916e-01 1.210502e+00 1.520367e+00 1.315918e+00
1.380384e-01 9.060726e-01 1.194654e+00 1.499388e+00 1.318497e+00
1.412538e-01 8.924691e-01 1.178974e+00 1.478675e+00 1.321025e+00
1.445440e-01 8.790784e-01 1.163462e+00 1.458226e+00 1.323502e+00
1.479108e-01 8.658979e-01 1.148117e+00 1.438038e+00 1.325927e+00
1.513561e-01 8.529248e-01 1.132939e+00 1.418108e+00 1.328299e+00
1.548817e-01 8.401565e-01 1.117926e+00 1.398436e+00 1.330617e+00
1.584893e-01 8.275903e-01 1.103079e+00 1.379017e+00 1.332881e+00
1.621810e-01 8.152236e-01 1.088396e+00 1.359851e+00 1.335089e+00
1.659587e-01 8.030538e-01 1.073876e+00 1.340935e+00 1.337241e+00
1.698244e-01 7.910783e-01 1.059519e+00 1.322265e+00 1.339335e+00
1.737801e-01 7.792945e-01 1.045324e+00 1.303841e+00 1.341372e+00
1.778279e-01 7.677000e-01 1.031290e+00 1.285660e+00 1.343350e+00
1.819701e-01 7.562923e-01 1.017416e+00 1.267720e+00 1.345269e+00
1.862087e-01 7.450689e-01 1.003702e+00 1.250018e+00 1.347126e+00
1.905461e-01 7.340274e-01 9.901458e-01 1.232552e+00 1.348922e+00
1.949845e-01 7.231655e-01 9.767474e-01 1.215321e+00 1.350655e+00
1.995262e-01 7.124808e-01 9.635058e-01 1.198321e+00 1.352325e+00
2.041738e-01 7.019710e-01 9.504201e-01 1.181551e+00 1.353931e+00
2.089296e-01 6.916338e-01 9.374895e-01 1.165008e+00 1.355471e+00
2.137962e-01 6.814669e-01 9.247130e-01 1.148691e+00 1.356945e+00
2.187762e-01 6.714682e-01 9.120901e-01 1.132598e+00 1.358352e+00
2.238721e-01 6.616355e-01 8.996197e-01 1.116726e+00 1.359691e+00
2.290868e-01 6.519665e-01 8.873012e-01 1.101074e+00 1.360961e+00
2.344229e-01 6.424591e-01 8.751339e-01 1.085639e+00 1.362163e+00
2.398833e-01 6.331112e-01 8.631169e-01 1.070421e+00 1.363294e+00
2.454709e-01 6.239205e-01 8.512496e-01 1.055416e+00 1.364356e+00
2.511886e-01 6.148850e-01 8.395314e-01 1.040623e+00 1.365347e+00
2.570396e-01 6.060025e-01 8.279615e-01 1.026041e+00 1.366268e+00
2.630268e-01 5.972708e-01 8.165394e-01 1.011666e+00 1.367118e+00
2.691535e-01 5.886878e-01 8.052644e-01 9.974989e-01 1.367897e+00
2.754229e-01 5.802513e-01 7.941360e-01 9.835362e-01 1.368607e+00
2.818383e-01 5.719591e-01 7.831535e-01 9.697766e-01 1.369247e+00
2.884032e-01 5.638091e-01 7.723165e-01 9.562183e-01 1.369819e+00
2.951209e-01 5.557989e-01 7.616244e-01 9.428595e-01 1.370324e+00
3.019952e-01 5.479264e-01 7.510766e-01 9.296985e-01 1.370762e+00
3.090295e-01 5.401892e-01 7.406726e-01 9.167335e-01 1.371135e+00
3.162278e-01 5.325851e-01 7.304119e-01 9.039626e-01 1.371446e+00
3.235937e-01 5.251117e-01 7.202939e-01 8.913841e-01 1.371696e+00
3.311311e-01 5.177666e-01 7.103180e-01 8.789960e-01 1.371888e+00
3.388442e-01 5.105475e-01 7.004838e-01 8.667966e-01 1.372025e+00
3.467369e-01 5.034519e-01 6.907906e-01 8.547839e-01 1.372108e+00
3.548134e-01 4.964774e-01 6.812377e-01 8.429559e-01 1.372142e+00
3.630781e-01 4.896215e-01 6.718247e-01 8.313108e-01 1.372131e+00
3.715352e-01 4.828818e-01 6.625507e-01 8.198464e-01 1.372076e+00
3.801894e-01 4.762556e-01 6.534150e-01 8.085608e-01 1.371984e+00
3.890451e-01 4.697404e-01 6.444170e-01 7.974518e-01 1.371858e+00
3.981072e-01 4.633338e-01 6.355558e-01 7.865173e-01 1.371702e+00
4.073803e-01 4.570331e-01 6.268306e-01 7.757550e-01 1.371521e+00
4.168694e-01 4.508358e-01 6.182405e-01 7.651629e-01 1.371321e+00
4.265795e-01 4.447392e-01 6.097845e-01 7.547385e-01 1.371106e+00
4.365158e-01 4.387409e-01 6.014617e-01 7.444795e-01 1.370881e+00
4.466836e-01 4.328382e-01 5.932710e-01 7.343836e-01 1.370653e+00
4.570882e-01 4.270286e-01 5.852112e-01 7.244485e-01 1.370426e+00
4.677351e-01 4.213095e-01 5.772814e-01 7.146716e-01 1.370207e+00
4.786301e-01 4.156784e-01 5.694801e-01 7.050504e-01 1.370002e+00
4.897788e-01 4.101328e-01 5.618062e-01 6.955826e-01 1.369815e+00
5.011872e-01 4.046703e-01 5.542582e-01 6.862654e-01 1.369654e+00
5.128614e-01 3.992882e-01 5.468350e-01 6.770964e-01 1.369524e+00
5.248075e-01 3.939844e-01 5.395349e-01 6.680730e-01 1.369432e+00
5.370318e-01 3.887563e-01 5.323565e-01 6.591926e-01 1.369384e+00
5.495409e-01 3.836017e-01 5.252983e-01 6.504526e-01 1.369385e+00
5.623413e-01 3.785182e-01 5.183587e-01 6.418503e-01 1.369442e+00
5.754399e-01 3.735037e-01 5.115361e-01 6.333831e-01 1.369561e+00
5.888437e-01 3.685559e-01 5.048288e-01 6.250484e-01 1.369748e+00
6.025596e-01 3.636727e-01 4.982350e-01 6.168436e-01 1.370009e+00
6.165950e-01 3.588521e-01 4.917532e-01 6.087660e-01 1.370351e+00
6.309573e-01 3.540920e-01 4.853814e-01 6.008130e-01 1.370778e+00
6.456542e-01 3.493905e-01 4.791180e-01 5.929821e-01 1.371296e+00
6.606934e-01 3.447457e-01 4.729610e-01 5.852706e-01 1.371913e+00
6.760830e-01 3.401557e-01 4.669086e-01 5.776760e-01 1.372632e+00
6.918310e-01 3.356189e-01 4.609591e-01 5.701959e-01 1.373460e+00
7.079458e-01 3.311334e-01 4.551104e-01 5.628276e-01 1.374402e+00
7.244360e-01 3.266978e-01 4.493608e-01 5.555687e-01 1.375463e+00
7.413102e-01 3.223103e-01 4.437084e-01 5.484169e-01 1.376650e+00
7.585776e-01 3.179696e-01 4.381512e-01 5.413696e-01 1.377966e+00
7.762471e-01 3.136740e-01 4.326873e-01 5.344247e-01 1.379417e+00
7.943282e-01 3.094224e-01 4.273149e-01 5.275796e-01 1.381008e+00
8.128305e-01 3.052133e-01 4.220322e-01 5.208323e-01 1.382745e+00
8.317638e-01 3.010455e-01 4.168371e-01 5.141805e-01 1.384631e+00
8.511380e-01 2.969178e-01 4.117279e-01 5.076219e-01 1.386673e+00
8.709636e-01 2.928290e-01 4.067027e-01 5.011546e-01 1.388874e+00
8.912509e-01 2.887781e-01 4.017597e-01 4.947763e-01 1.391240e+00
9.120108e-01 2.847640e-01 3.968970e-01 4.884851e-01 1.393775e+00
9.332543e-01 2.807856e-01 3.921129e-01 4.822791e-01 1.396485e+00
9.549926e-01 2.768422e-01 3.874056e-01 4.761561e-01 1.399373e+00
9.772372e-01 2.729327e-01 3.827733e-01 4.701145e-01 1.402446e+00
1.000000e+00 2.690563e-01 3.782143e-01 4.641523e-01 1.405707e+00
1.023293e+00 2.652123e-01 3.737268e-01 4.582677e-01 1.409161e+00
1.047129e+00 2.613998e-01 3.693093e-01 4.524591e-01 1.412814e+00
1.071519e+00 2.576181e-01 3.649600e-01 4.467246e-01 1.416671e+00
1.096478e+00 2.538665e-01 3.606773e-01 4.410627e-01 1.420736e+00
1.122018e+00 2.501443e-01 3.564596e-01 4.354717e-01 1.425016e+00
1.148154e+00 2.464510e-01 3.523053e-01 4.299501e-01 1.429515e+00
1.174898e+00 2.427859e-01 3.482128e-01 4.244964e-01 1.434239e+00
1.202264e+00 2.391484e-01 3.441807e-01 4.191089e-01 1.439193e+00
1.230269e+00 2.355380e-01 3.402073e-01 4.137863e-01 1.444384e+00
1.258925e+00 2.319542e-01 3.362911e-01 4.085272e-01 1.449817e+00
1.288250e+00 2.283964e-01 3.324308e-01 4.033301e-01 1.455499e+00
1.318257e+00 2.248643e-01 3.286249e-01 3.981937e-01 1.461436e+00
1.348963e+00 2.213573e-01 3.248718e-01 3.931167e-01 1.467635e+00
1.380384e+00 2.178751e-01 3.211703e-01 3.880978e-01 1.474103e+00
1.412538e+00 2.144171e-01 3.175189e-01 3.831357e-01 1.480847e+00
1.445440e+00 2.109831e-01 3.139162e-01 3.782291e-01 1.487873e+00
1.479108e+00 2.075727e-01 3.103609e-01 3.733769e-01 1.495191e+00
1.513561e+00 2.041855e-01 3.068516e-01 3.685779e-01 1.502808e+00
1.548817e+00 2.008213e-01 3.033870e-01 3.638308e-01 1.510731e+00
1.584893e+00 1.974796e-01 2.999657e-01 3.591346e-01 1.518971e+00
1.621810e+00 1.941603e-01 2.965865e-01 3.544880e-01 1.527535e+00
1.659587e+00 1.908630e-01 2.932481e-01 3.498902e-01 1.536432e+00
1.698244e+00 1.875875e-01 2.899491e-01 3.453398e-01 1.545674e+00
1.737801e+00 1.843337e-01 2.866883e-01 3.408359e-01 1.555268e+00
1.778279e+00 1.811013e-01 2.834645e-01 3.363775e-01 1.565226e+00
1.819701e+00 1.778902e-01 2.802763e-01 3.319635e-01 1.575558e+00
1.862087e+00 1.747002e-01 2.771226e-01 3.275929e-01 1.586275e+00
1.905461e+00 1.715312e-01 2.740020e-01 3.232647e-01 1.597389e+00
1.949845e+00 1.683831e-01 2.709134e-01 3.189780e-01 1.608911e+00
1.995262e+00 1.652559e-01 2.678556e-01 3.147319e-01 1.620853e+00
2.041738e+00 1.621496e-01 2.648273e-01 3.105254e-01 1.633229e+00
2.089296e+00 1.590641e-01 2.618274e-01 3.063576e-01 1.646050e+00
2.137962e+00 1.559995e-01 2.588547e-01 3.022277e-01 1.659330e+00
2.187762e+00 1.529559e-01 2.559080e-01 2.981349e-01 1.673084e+00
2.238721e+00 1.499333e-01 2.529861e-01 2.940782e-01 1.687325e+00
2.290868e+00 1.469319e-01 2.500880e-01 2.900569e-01 1.702067e+00
2.344229e+00 1.439520e-01 2.472126e-01 2.860703e-01 1.717326e+00
2.398833e+00 1.409937e-01 2.443586e-01 2.821176e-01 1.733118e+00
2.454709e+00 1.380572e-01 2.415251e-01 2.781981e-01 1.749457e+00
2.511886e+00 1.351429e-01 2.387111e-01 2.743111e-01 1.766361e+00
2.570396e+00 1.322510e-01 2.359154e-01 2.704560e-01 1.783845e+00
2.630268e+00 1.293821e-01 2.331372e-01 2.666321e-01 1.801928e+00
2.691535e+00 1.265364e-01 2.303754e-01 2.628389e-01 1.820626e+00
2.754229e+00 1.237144e-01 2.276292e-01 2.590759e-01 1.839958e+00
2.818383e+00 1.209166e-01 2.248976e-01 2.553424e-01 1.859941e+00
2.884032e+00 1.181434e-01 2.221799e-01 2.516382e-01 1.880595e+00
2.951209e+00 1.153956e-01 2.194752e-01 2.479627e-01 1.901938e+00
3.019952e+00 1.126735e-01 2.167828e-01 2.443156e-01 1.923990e+00
3.090295e+00 1.099780e-01 2.141020e-01 2.406965e-01 1.946772e+00
3.162278e+00 1.073095e-01 2.114321e-01 2.371051e-01 1.970302e+00
3.235937e+00 1.046687e-01 2.087725e-01 2.335412e-01 1.994603e+00
3.311311e+00 1.020564e-01 2.061228e-01 2.300045e-01 2.019695e+00
3.388442e+00 9.947320e-02 2.034823e-01 2.264950e-01 2.045599e+00
3.467369e+00 9.691988e-02 2.008508e-01 2.230124e-01 2.072339e+00
3.548134e+00 9.439715e-02 1.982278e-01 2.195566e-01 2.099935e+00
3.630781e+00 9.190576e-02 1.956131e-01 2.161277e-01 2.128410e+00
3.715352e+00 8.944644e-02 1.930065e-01 2.127256e-01 2.157788e+00
3.801894e+00 8.701995e-02 1.904077e-01 2.093503e-01 2.188092e+00
3.890451e+00 8.462701e-02 1.878166e-01 2.060020e-01 2.219346e+00
3.981072e+00 8.226837e-02 1.852333e-01 2.026807e-01 2.251574e+00
4.073803e+00 7.994473e-02 1.826578e-01 1.993866e-01 2.284801e+00
4.168694e+00 7.765680e-02 1.800901e-01 1.961199e-01 2.319051e+00
4.265795e+00 7.540525e-02 1.775304e-01 1.928808e-01 2.354351e+00
4.365158e+00 7.319073e-02 1.749789e-01 1.896695e-01 2.390726e+00
4.466836e+00 7.101386e-02 1.724360e-01 1.864863e-01 2.428202e+00
4.570882e+00 6.887523e-02 1.699018e-01 1.833314e-01 2.466806e+00
4.677351e+00 6.677539e-02 1.673768e-01 1.802053e-01 2.506565e+00
4.786301e+00 6.471484e-02 1.648615e-01 1.771082e-01 2.547507e+00
4.897788e+00 6.269404e-02 1.623562e-01 1.740405e-01 2.589659e+00
5.011872e+00 6.071343e-02 1.598616e-01 1.710024e-01 2.633051e+00
5.128614e+00 5.877335e-02 1.573781e-01 1.679945e-01 2.677711e+00
5.248075e+00 5.687413e-02 1.549063e-01 1.650171e-01 2.723669e+00
5.370318e+00 5.501603e-02 1.524469e-01 1.620704e-01 2.770955e+00
5.495409e+00 5.319926e-02 1.500005e-01 1.591550e-01 2.819598e+00
5.623413e+00 5.142397e-02 1.475678e-01 1.562712e-01 2.869631e+00
5.754399e+00 4.969026e-02 1.451495e-01 1.534193e-01 2.921085e+00
5.888437e+00 4.799817e-02 1.427462e-01 1.505998e-01 2.973992e+00
6.025596e+00 4.634768e-02 1.403586e-01 1.478129e-01 3.028385e+00
6.165950e+00 4.473874e-02 1.379875e-01 1.450590e-01 3.084296e+00
6.309573e+00 4.317120e-02 1.356336e-01 1.423384e-01 3.141761e+00
6.456542e+00 4.164490e-02 1.332976e-01 1.396515e-01 3.200814e+00
6.606934e+00 4.015961e-02 1.309802e-01 1.369985e-01 3.261490e+00
6.760830e+00 3.871503e-02 1.286820e-01 1.343797e-01 3.323825e+00
6.918310e+00 3.731085e-02 1.264038e-01 1.317953e-01 3.387856e+00
7.079458e+00 3.594668e-02 1.241462e-01 1.292456e-01 3.453620e+00
7.244360e+00 3.462210e-02 1.219098e-01 1.267308e-01 3.521156e+00
7.413102e+00 3.333665e-02 1.196953e-01 1.242510e-01 3.590503e+00
7.585776e+00 3.208983e-02 1.175033e-01 1.218063e-01 3.661699e+00
7.762471e+00 3.088110e-02 1.153343e-01 1.193970e-01 3.734788e+00
7.943282e+00 2.970988e-02 1.131889e-01 1.170231e-01 3.809808e+00
8.128305e+00 2.857556e-02 1.110676e-01 1.146847e-01 3.886804e+00
8.317638e+00 2.747753e-02 1.089709e-01 1.123818e-01 3.965818e+00
8.511380e+00 2.641510e-02 1.068991e-01 1.101144e-01 4.046895e+00
8.709636e+00 2.538760e-02 1.048529e-01 1.078826e-01 4.130080e+00
8.912509e+00 2.439434e-02 1.028324e-01 1.056862e-01 4.215420e+00
9.120108e+00 2.343457e-02 1.008380e-01 1.035253e-01 4.302961e+00
9.332543e+00 2.250758e-02 9.887021e-02 1.013997e-01 4.392752e+00
9.549926e+00 2.161261e-02 9.692912e-02 9.930941e-02 4.484842e+00
9.772372e+00 2.074889e-02 9.501504e-02 9.725418e-02 4.579282e+00
1.000000e+01 1.991568e-02 9.312818e-02 9.523388e-02 4.676124e+00
