1.000000e-06 3.216796e+01 1.165849e-01 3.216817e+01 3.624255e-03
1.023293e-06 3.216791e+01 1.192998e-01 3.216813e+01 3.708659e-03
1.047129e-06 3.216786e+01 1.220779e-01 3.216809e+01 3.795027e-03
1.071519e-06 3.216781e+01 1.249207e-01 3.216805e+01 3.883406e-03
1.096478e-06 3.216775e+01 1.278296e-01 3.216801e+01 3.973843e-03
1.122018e-06 3.216770e+01 1.308062e-01 3.216796e+01 4.066384e-03
1.148154e-06 3.216764e+01 1.338521e-01 3.216791e+01 4.161080e-03
1.174898e-06 3.216757e+01 1.369689e-01 3.216786e+01 4.257979e-03
1.202264e-06 3.216751e+01 1.401581e-01 3.216781e+01 4.357134e-03
1.230269e-06 3.216744e+01 1.434216e-01 3.216776e+01 4.458597e-03
1.258925e-06 3.216737e+01 1.467611e-01 3.216770e+01 4.562421e-03
1.288250e-06 3.216729e+01 1.501782e-01 3.216764e+01 4.668661e-03
1.318257e-06 3.216721e+01 1.536748e-01 3.216758e+01 4.777374e-03
1.348963e-06 3.216713e+01 1.572527e-01 3.216751e+01 4.888616e-03
1.380384e-06 3.216704e+01 1.609139e-01 3.216744e+01 5.002447e-03
1.412538e-06 3.216695e+01 1.646603e-01 3.216737e+01 5.118927e-03
1.445440e-06 3.216685e+01 1.684937e-01 3.216730e+01 5.238117e-03
1.479108e-06 3.216675e+01 1.724164e-01 3.216722e+01 5.360079e-03
1.513561e-06 3.216665e+01 1.764302e-01 3.216713e+01 5.484879e-03
1.548817e-06 3.216654e+01 1.805374e-01 3.216705e+01 5.612583e-03
1.584893e-06 3.216643e+01 1.847401e-01 3.216696e+01 5.743257e-03
1.621810e-06 3.216631e+01 1.890404e-01 3.216686e+01 5.876970e-03
1.659587e-06 3.216618e+01 1.934408e-01 3.216676e+01 6.013794e-03
1.698244e-06 3.216605e+01 1.979434e-01 3.216666e+01 6.153800e-03
1.737801e-06 3.216591e+01 2.025507e-01 3.216655e+01 6.297061e-03
1.778279e-06 3.216577e+01 2.072651e-01 3.216644e+01 6.443654e-03
1.819701e-06 3.216562e+01 2.120890e-01 3.216632e+01 6.593656e-03
1.862087e-06 3.216546e+01 2.170250e-01 3.216619e+01 6.747145e-03
1.905461e-06 3.216529e+01 2.220757e-01 3.216606e+01 6.904202e-03
1.949845e-06 3.216512e+01 2.272437e-01 3.216592e+01 7.064910e-03
1.995262e-06 3.216494e+01 2.325317e-01 3.216578e+01 7.229354e-03
2.041738e-06 3.216475e+01 2.379426e-01 3.216563e+01 7.397619e-03
2.089296e-06 3.216455e+01 2.434791e-01 3.216547e+01 7.569795e-03
2.137962e-06 3.216434e+01 2.491441e-01 3.216531e+01 7.745971e-03
2.187762e-06 3.216412e+01 2.549406e-01 3.216514e+01 7.926241e-03
2.238721e-06 3.216390e+01 2.608717e-01 3.216495e+01 8.110699e-03
2.290868e-06 3.216366e+01 2.669404e-01 3.216477e+01 8.299441e-03
2.344229e-06 3.216341e+01 2.731499e-01 3.216457e+01 8.492566e-03
2.398833e-06 3.216315e+01 2.795034e-01 3.216436e+01 8.690176e-03
2.454709e-06 3.216287e+01 2.860043e-01 3.216414e+01 8.892375e-03
2.511886e-06 3.216258e+01 2.926560e-01 3.216392e+01 9.099267e-03
2.570396e-06 3.216228e+01 2.994618e-01 3.216368e+01 9.310962e-03
2.630268e-06 3.216197e+01 3.064254e-01 3.216343e+01 9.527569e-03
2.691535e-06 3.216164e+01 3.135503e-01 3.216317e+01 9.749202e-03
2.754229e-06 3.216130e+01 3.208404e-01 3.216290e+01 9.975977e-03
2.818383e-06 3.216093e+01 3.282992e-01 3.216261e+01 1.020801e-02
2.884032e-06 3.216056e+01 3.359308e-01 3.216231e+01 1.044543e-02
2.951209e-06 3.216016e+01 3.437390e-01 3.216200e+01 1.068835e-02
3.019952e-06 3.215975e+01 3.517279e-01 3.216167e+01 1.093690e-02
3.090295e-06 3.215931e+01 3.599017e-01 3.216133e+01 1.119121e-02
3.162278e-06 3.215886e+01 3.682644e-01 3.216097e+01 1.145141e-02
3.235937e-06 3.215838e+01 3.768205e-01 3.216059e+01 1.171765e-02
3.311311e-06 3.215789e+01 3.855744e-01 3.216020e+01 1.199004e-02
3.388442e-06 3.215736e+01 3.945305e-01 3.215978e+01 1.226874e-02
3.467369e-06 3.215682e+01 4.036934e-01 3.215935e+01 1.255390e-02
3.548134e-06 3.215625e+01 4.130678e-01 3.215890e+01 1.284565e-02
3.630781e-06 3.215565e+01 4.226585e-01 3.215843e+01 1.314414e-02
3.715352e-06 3.215502e+01 4.324705e-01 3.215793e+01 1.344955e-02
3.801894e-06 3.215437e+01 4.425086e-01 3.215741e+01 1.376200e-02
3.890451e-06 3.215368e+01 4.527780e-01 3.215687e+01 1.408168e-02
3.981072e-06 3.215297e+01 4.632840e-01 3.215630e+01 1.440875e-02
4.073803e-06 3.215222e+01 4.740317e-01 3.215571e+01 1.474336e-02
4.168694e-06 3.215143e+01 4.850268e-01 3.215509e+01 1.508570e-02
4.265795e-06 3.215061e+01 4.962746e-01 3.215444e+01 1.543593e-02
4.365158e-06 3.214974e+01 5.077809e-01 3.215375e+01 1.579424e-02
4.466836e-06 3.214884e+01 5.195514e-01 3.215304e+01 1.616081e-02
4.570882e-06 3.214790e+01 5.315920e-01 3.215229e+01 1.653583e-02
4.677351e-06 3.214691e+01 5.439088e-01 3.215151e+01 1.691947e-02
4.786301e-06 3.214588e+01 5.565077e-01 3.215069e+01 1.731195e-02
4.897788e-06 3.214479e+01 5.693952e-01 3.214984e+01 1.771345e-02
5.011872e-06 3.214366e+01 5.825775e-01 3.214894e+01 1.812418e-02
5.128614e-06 3.214248e+01 5.960612e-01 3.214800e+01 1.854435e-02
5.248075e-06 3.214124e+01 6.098528e-01 3.214702e+01 1.897416e-02
5.370318e-06 3.213994e+01 6.239592e-01 3.214599e+01 1.941383e-02
5.495409e-06 3.213858e+01 6.383871e-01 3.214492e+01 1.986358e-02
5.623413e-06 3.213716e+01 6.531436e-01 3.214379e+01 2.032363e-02
5.754399e-06 3.213567e+01 6.682359e-01 3.214262e+01 2.079421e-02
5.888437e-06 3.213411e+01 6.836711e-01 3.214138e+01 2.127555e-02
6.025596e-06 3.213248e+01 6.994566e-01 3.214010e+01 2.176790e-02
6.165950e-06 3.213078e+01 7.156001e-01 3.213875e+01 2.227148e-02
6.309573e-06 3.212900e+01 7.321090e-01 3.213734e+01 2.278655e-02
6.456542e-06 3.212713e+01 7.489913e-01 3.213586e+01 2.331336e-02
6.606934e-06 3.212518e+01 7.662549e-01 3.213432e+01 2.385216e-02
6.760830e-06 3.212314e+01 7.839077e-01 3.213270e+01 2.440321e-02
6.918310e-06 3.212100e+01 8.019579e-01 3.213101e+01 2.496678e-02
7.079458e-06 3.211877e+01 8.204140e-01 3.212924e+01 2.554313e-02
7.244360e-06 3.211643e+01 8.392842e-01 3.212740e+01 2.613255e-02
7.413102e-06 3.211399e+01 8.585772e-01 3.212546e+01 2.673530e-02
7.585776e-06 3.211143e+01 8.783016e-01 3.212344e+01 2.735168e-02
7.762471e-06 3.210876e+01 8.984663e-01 3.212132e+01 2.798197e-02
7.943282e-06 3.210596e+01 9.190802e-01 3.211911e+01 2.862647e-02
8.128305e-06 3.210304e+01 9.401523e-01 3.211680e+01 2.928546e-02
8.317638e-06 3.209998e+01 9.616919e-01 3.211438e+01 2.995927e-02
8.511380e-06 3.209678e+01 9.837082e-01 3.211185e+01 3.064819e-02
8.709636e-06 3.209344e+01 1.006211e+00 3.210921e+01 3.135253e-02
8.912509e-06 3.208995e+01 1.029209e+00 3.210645e+01 3.207262e-02
9.120108e-06 3.208629e+01 1.052712e+00 3.210356e+01 3.280877e-02
9.332543e-06 3.208248e+01 1.076730e+00 3.210054e+01 3.356132e-02
9.549926e-06 3.207849e+01 1.101273e+00 3.209738e+01 3.433058e-02
9.772372e-06 3.207432e+01 1.126351e+00 3.209409e+01 3.511690e-02
1.000000e-05 3.206996e+01 1.151973e+00 3.209064e+01 3.592062e-02
1.023293e-05 3.206540e+01 1.178150e+00 3.208704e+01 3.674208e-02
1.047129e-05 3.206064e+01 1.204891e+00 3.208328e+01 3.758162e-02
1.071519e-05 3.205567e+01 1.232207e+00 3.207935e+01 3.843960e-02
1.096478e-05 3.205048e+01 1.260109e+00 3.207524e+01 3.931638e-02
1.122018e-05 3.204506e+01 1.288606e+00 3.207096e+01 4.021230e-02
1.148154e-05 3.203939e+01 1.317708e+00 3.206648e+01 4.112774e-02
1.174898e-05 3.203348e+01 1.347426e+00 3.206180e+01 4.206306e-02
1.202264e-05 3.202730e+01 1.377771e+00 3.205692e+01 4.301863e-02
1.230269e-05 3.202085e+01 1.408752e+00 3.205183e+01 4.399482e-02
1.258925e-05 3.201412e+01 1.440379e+00 3.204651e+01 4.499200e-02
1.288250e-05 3.200710e+01 1.472664e+00 3.204096e+01 4.601055e-02
1.318257e-05 3.199977e+01 1.505616e+00 3.203517e+01 4.705084e-02
1.348963e-05 3.199212e+01 1.539245e+00 3.202912e+01 4.811326e-02
1.380384e-05 3.198414e+01 1.573562e+00 3.202282e+01 4.919819e-02
1.412538e-05 3.197581e+01 1.608576e+00 3.201625e+01 5.030601e-02
1.445440e-05 3.196713e+01 1.644297e+00 3.200939e+01 5.143711e-02
1.479108e-05 3.195808e+01 1.680735e+00 3.200224e+01 5.259186e-02
1.513561e-05 3.194864e+01 1.717899e+00 3.199479e+01 5.377065e-02
1.548817e-05 3.193880e+01 1.755799e+00 3.198703e+01 5.497386e-02
1.584893e-05 3.192855e+01 1.794445e+00 3.197894e+01 5.620188e-02
1.621810e-05 3.191787e+01 1.833844e+00 3.197051e+01 5.745509e-02
1.659587e-05 3.190674e+01 1.874006e+00 3.196173e+01 5.873386e-02
1.698244e-05 3.189515e+01 1.914940e+00 3.195259e+01 6.003858e-02
1.737801e-05 3.188308e+01 1.956653e+00 3.194307e+01 6.136962e-02
1.778279e-05 3.187052e+01 1.999153e+00 3.193316e+01 6.272735e-02
1.819701e-05 3.185745e+01 2.042449e+00 3.192285e+01 6.411215e-02
1.862087e-05 3.184384e+01 2.086548e+00 3.191213e+01 6.552437e-02
1.905461e-05 3.182969e+01 2.131456e+00 3.190097e+01 6.696439e-02
1.949845e-05 3.181497e+01 2.177180e+00 3.188938e+01 6.843255e-02
1.995262e-05 3.179967e+01 2.223726e+00 3.187732e+01 6.992922e-02
2.041738e-05 3.178376e+01 2.271101e+00 3.186480e+01 7.145474e-02
2.089296e-05 3.176724e+01 2.319308e+00 3.185179e+01 7.300945e-02
2.137962e-05 3.175007e+01 2.368355e+00 3.183828e+01 7.459369e-02
2.187762e-05 3.173224e+01 2.418244e+00 3.182425e+01 7.620780e-02
2.238721e-05 3.171373e+01 2.468980e+00 3.180969e+01 7.785208e-02
2.290868e-05 3.169452e+01 2.520566e+00 3.179459e+01 7.952688e-02
2.344229e-05 3.167459e+01 2.573006e+00 3.177893e+01 8.123249e-02
2.398833e-05 3.165393e+01 2.626302e+00 3.176269e+01 8.296923e-02
2.454709e-05 3.163250e+01 2.680456e+00 3.174586e+01 8.473740e-02
2.511886e-05 3.161029e+01 2.735469e+00 3.172843e+01 8.653729e-02
2.570396e-05 3.158729e+01 2.791343e+00 3.171038e+01 8.836919e-02
2.630268e-05 3.156346e+01 2.848078e+00 3.169170e+01 9.023338e-02
2.691535e-05 3.153880e+01 2.905674e+00 3.167237e+01 9.213015e-02
2.754229e-05 3.151328e+01 2.964132e+00 3.165237e+01 9.405977e-02
2.818383e-05 3.148688e+01 3.023449e+00 3.163170e+01 9.602251e-02
2.884032e-05 3.145958e+01 3.083626e+00 3.161035e+01 9.801865e-02
2.951209e-05 3.143137e+01 3.144660e+00 3.158828e+01 1.000485e-01
3.019952e-05 3.140222e+01 3.206549e+00 3.156551e+01 1.021122e-01
3.090295e-05 3.137212e+01 3.269292e+00 3.154200e+01 1.042101e-01
3.162278e-05 3.134104e+01 3.332886e+00 3.151776e+01 1.063425e-01
3.235937e-05 3.130898e+01 3.397328e+00 3.149277e+01 1.085097e-01
3.311311e-05 3.127591e+01 3.462616e+00 3.146701e+01 1.107119e-01
3.388442e-05 3.124182e+01 3.528746e+00 3.144048e+01 1.129494e-01
3.467369e-05 3.120669e+01 3.595715e+00 3.141316e+01 1.152226e-01
3.548134e-05 3.117050e+01 3.663521e+00 3.138505e+01 1.175317e-01
3.630781e-05 3.113324e+01 3.732161e+00 3.135614e+01 1.198770e-01
3.715352e-05 3.109489e+01 3.801631e+00 3.132642e+01 1.222590e-01
3.801894e-05 3.105544e+01 3.871930e+00 3.129588e+01 1.246780e-01
3.890451e-05 3.101487e+01 3.943055e+00 3.126452e+01 1.271343e-01
3.981072e-05 3.097317e+01 4.015005e+00 3.123231e+01 1.296285e-01
4.073803e-05 3.093032e+01 4.087777e+00 3.119927e+01 1.321608e-01
4.168694e-05 3.088631e+01 4.161372e+00 3.116538e+01 1.347319e-01
4.265795e-05 3.084113e+01 4.235788e+00 3.113064e+01 1.373422e-01
4.365158e-05 3.079475e+01 4.311026e+00 3.109504e+01 1.399922e-01
4.466836e-05 3.074717e+01 4.387087e+00 3.105858e+01 1.426826e-01
4.570882e-05 3.069838e+01 4.463973e+00 3.102124e+01 1.454140e-01
4.677351e-05 3.064835e+01 4.541685e+00 3.098303e+01 1.481870e-01
4.786301e-05 3.059707e+01 4.620228e+00 3.094394e+01 1.510023e-01
4.897788e-05 3.054453e+01 4.699605e+00 3.090396e+01 1.538608e-01
5.011872e-05 3.049071e+01 4.779821e+00 3.086308e+01 1.567632e-01
5.128614e-05 3.043559e+01 4.860882e+00 3.082131e+01 1.597105e-01
5.248075e-05 3.037916e+01 4.942794e+00 3.077864e+01 1.627035e-01
5.370318e-05 3.032139e+01 5.025565e+00 3.073505e+01 1.657432e-01
5.495409e-05 3.026227e+01 5.109202e+00 3.069053e+01 1.688308e-01
5.623413e-05 3.020177e+01 5.193714e+00 3.064509e+01 1.719672e-01
5.754399e-05 3.013987e+01 5.279110e+00 3.059871e+01 1.751537e-01
5.888437e-05 3.007655e+01 5.365400e+00 3.055137e+01 1.783915e-01
6.025596e-05 3.001177e+01 5.452594e+00 3.050307e+01 1.816819e-01
6.165950e-05 2.994552e+01 5.540703e+00 3.045379e+01 1.850261e-01
6.309573e-05 2.987775e+01 5.629735e+00 3.040351e+01 1.884257e-01
6.456542e-05 2.980843e+01 5.719703e+00 3.035222e+01 1.918821e-01
6.606934e-05 2.973753e+01 5.810615e+00 3.029990e+01 1.953967e-01
6.760830e-05 2.966501e+01 5.902482e+00 3.024653e+01 1.989711e-01
6.918310e-05 2.959083e+01 5.995311e+00 3.019207e+01 2.026070e-01
7.079458e-05 2.951495e+01 6.089112e+00 3.013652e+01 2.063060e-01
7.244360e-05 2.943732e+01 6.183891e+00 3.007983e+01 2.100698e-01
7.413102e-05 2.935788e+01 6.279654e+00 3.002198e+01 2.139001e-01
7.585776e-05 2.927659e+01 6.376403e+00 2.996293e+01 2.177987e-01
7.762471e-05 2.919339e+01 6.474141e+00 2.990266e+01 2.217673e-01
7.943282e-05 2.910823e+01 6.572868e+00 2.984111e+01 2.258079e-01
8.128305e-05 2.902104e+01 6.672581e+00 2.977825e+01 2.299222e-01
8.317638e-05 2.893177e+01 6.773274e+00 2.971404e+01 2.341120e-01
8.511380e-05 2.884033e+01 6.874937e+00 2.964843e+01 2.383793e-01
8.709636e-05 2.874668e+01 6.977560e+00 2.958137e+01 2.427258e-01
8.912509e-05 2.865072e+01 7.081125e+00 2.951281e+01 2.471534e-01
9.120108e-05 2.855240e+01 7.185612e+00 2.944270e+01 2.516640e-01
9.332543e-05 2.845163e+01 7.290998e+00 2.937097e+01 2.562594e-01
9.549926e-05 2.834835e+01 7.397254e+00 2.929758e+01 2.609413e-01
9.772372e-05 2.824246e+01 7.504344e+00 2.922245e+01 2.657115e-01
1.000000e-04 2.813389e+01 7.612231e+00 2.914553e+01 2.705716e-01
1.023293e-04 2.802255e+01 7.720869e+00 2.906674e+01 2.755234e-01
1.047129e-04 2.790838e+01 7.830208e+00 2.898602e+01 2.805684e-01
1.071519e-04 2.779127e+01 7.940192e+00 2.890331e+01 2.857082e-01
1.096478e-04 2.767115e+01 8.050759e+00 2.881853e+01 2.909441e-01
1.122018e-04 2.754794e+01 8.161839e+00 2.873160e+01 2.962776e-01
1.148154e-04 2.742156e+01 8.273357e+00 2.864245e+01 3.017100e-01
1.174898e-04 2.729191e+01 8.385231e+00 2.855102e+01 3.072423e-01
1.202264e-04 2.715893e+01 8.497371e+00 2.845721e+01 3.128757e-01
1.230269e-04 2.702254e+01 8.609683e+00 2.836097e+01 3.186111e-01
1.258925e-04 2.688267e+01 8.722062e+00 2.826220e+01 3.244493e-01
1.288250e-04 2.673923e+01 8.834399e+00 2.816085e+01 3.303909e-01
1.318257e-04 2.659217e+01 8.946577e+00 2.805682e+01 3.364365e-01
1.348963e-04 2.644143e+01 9.058472e+00 2.795004e+01 3.425864e-01
1.380384e-04 2.628693e+01 9.169953e+00 2.784045e+01 3.488407e-01
1.412538e-04 2.612864e+01 9.280882e+00 2.772798e+01 3.551996e-01
1.445440e-04 2.596650e+01 9.391115e+00 2.761254e+01 3.616627e-01
1.479108e-04 2.580047e+01 9.500502e+00 2.749407e+01 3.682297e-01
1.513561e-04 2.563053e+01 9.608885e+00 2.737252e+01 3.749000e-01
1.548817e-04 2.545664e+01 9.716103e+00 2.724781e+01 3.816727e-01
1.584893e-04 2.527878e+01 9.821988e+00 2.711989e+01 3.885467e-01
1.621810e-04 2.509696e+01 9.926368e+00 2.698871e+01 3.955207e-01
1.659587e-04 2.491117e+01 1.002907e+01 2.685421e+01 4.025931e-01
1.698244e-04 2.472142e+01 1.012990e+01 2.671635e+01 4.097621e-01
1.737801e-04 2.452773e+01 1.022869e+01 2.657509e+01 4.170254e-01
1.778279e-04 2.433014e+01 1.032524e+01 2.643040e+01 4.243806e-01
1.819701e-04 2.412869e+01 1.041937e+01 2.628225e+01 4.318250e-01
1.862087e-04 2.392343e+01 1.051089e+01 2.613062e+01 4.393555e-01
1.905461e-04 2.371443e+01 1.059961e+01 2.597549e+01 4.469687e-01
1.949845e-04 2.350177e+01 1.068533e+01 2.581685e+01 4.546608e-01
1.995262e-04 2.328555e+01 1.076788e+01 2.565471e+01 4.624277e-01
2.041738e-04 2.306586e+01 1.084706e+01 2.548907e+01 4.702650e-01
2.089296e-04 2.284281e+01 1.092270e+01 2.531994e+01 4.781678e-01
2.137962e-04 2.261655e+01 1.099461e+01 2.514736e+01 4.861310e-01
2.187762e-04 2.238720e+01 1.106261e+01 2.497135e+01 4.941490e-01
2.238721e-04 2.215493e+01 1.112655e+01 2.479195e+01 5.022159e-01
2.290868e-04 2.191988e+01 1.118627e+01 2.460922e+01 5.103252e-01
2.344229e-04 2.168225e+01 1.124160e+01 2.442321e+01 5.184702e-01
2.398833e-04 2.144220e+01 1.129241e+01 2.423399e+01 5.266439e-01
2.454709e-04 2.119995e+01 1.133855e+01 2.404164e+01 5.348387e-01
2.511886e-04 2.095569e+01 1.137992e+01 2.384625e+01 5.430466e-01
2.570396e-04 2.070964e+01 1.141638e+01 2.364789e+01 5.512595e-01
2.630268e-04 2.046202e+01 1.144786e+01 2.344670e+01 5.594686e-01
2.691535e-04 2.021305e+01 1.147424e+01 2.324276e+01 5.676649e-01
2.754229e-04 1.996299e+01 1.149547e+01 2.303620e+01 5.758391e-01
2.818383e-04 1.971206e+01 1.151147e+01 2.282716e+01 5.839814e-01
2.884032e-04 1.946050e+01 1.152221e+01 2.261576e+01 5.920818e-01
2.951209e-04 1.920858e+01 1.152765e+01 2.240215e+01 6.001301e-01
3.019952e-04 1.895654e+01 1.152776e+01 2.218647e+01 6.081155e-01
3.090295e-04 1.870462e+01 1.152256e+01 2.196889e+01 6.160274e-01
3.162278e-04 1.845309e+01 1.151205e+01 2.174957e+01 6.238546e-01
3.235937e-04 1.820219e+01 1.149625e+01 2.152866e+01 6.315859e-01
3.311311e-04 1.795217e+01 1.147521e+01 2.130635e+01 6.392100e-01
3.388442e-04 1.770327e+01 1.144898e+01 2.108281e+01 6.467154e-01
3.467369e-04 1.745573e+01 1.141763e+01 2.085821e+01 6.540906e-01
3.548134e-04 1.720980e+01 1.138125e+01 2.063274e+01 6.613240e-01
3.630781e-04 1.696569e+01 1.133993e+01 2.040658e+01 6.684041e-01
3.715352e-04 1.672362e+01 1.129379e+01 2.017992e+01 6.753195e-01
3.801894e-04 1.648382e+01 1.124293e+01 1.995294e+01 6.820588e-01
3.890451e-04 1.624648e+01 1.118750e+01 1.972583e+01 6.886111e-01
3.981072e-04 1.601179e+01 1.112764e+01 1.949876e+01 6.949653e-01
4.073803e-04 1.577995e+01 1.106350e+01 1.927194e+01 7.011110e-01
4.168694e-04 1.555112e+01 1.099523e+01 1.904554e+01 7.070378e-01
4.265795e-04 1.532547e+01 1.092301e+01 1.881973e+01 7.127360e-01
4.365158e-04 1.510314e+01 1.084702e+01 1.859470e+01 7.181961e-01
4.466836e-04 1.488428e+01 1.076743e+01 1.837061e+01 7.234093e-01
4.570882e-04 1.466901e+01 1.068443e+01 1.814764e+01 7.283674e-01
4.677351e-04 1.445745e+01 1.059821e+01 1.792596e+01 7.330625e-01
4.786301e-04 1.424969e+01 1.050897e+01 1.770571e+01 7.374877e-01
4.897788e-04 1.404583e+01 1.041690e+01 1.748706e+01 7.416367e-01
5.011872e-04 1.384594e+01 1.032220e+01 1.727014e+01 7.455038e-01
5.128614e-04 1.365009e+01 1.022507e+01 1.705511e+01 7.490843e-01
5.248075e-04 1.345833e+01 1.012570e+01 1.684210e+01 7.523741e-01
5.370318e-04 1.327071e+01 1.002429e+01 1.663124e+01 7.553701e-01
5.495409e-04 1.308724e+01 9.921045e+00 1.642264e+01 7.580698e-01
5.623413e-04 1.290797e+01 9.816147e+00 1.621642e+01 7.604720e-01
5.754399e-04 1.273288e+01 9.709790e+00 1.601269e+01 7.625759e-01
5.888437e-04 1.256199e+01 9.602160e+00 1.581155e+01 7.643820e-01
6.025596e-04 1.239528e+01 9.493439e+00 1.561308e+01 7.658913e-01
6.165950e-04 1.223274e+01 9.383805e+00 1.541738e+01 7.671060e-01
6.309573e-04 1.207433e+01 9.273431e+00 1.522452e+01 7.680289e-01
6.456542e-04 1.192001e+01 9.162484e+00 1.503456e+01 7.686638e-01
6.606934e-04 1.176976e+01 9.051126e+00 1.484756e+01 7.690153e-01
6.760830e-04 1.162351e+01 8.939512e+00 1.466359e+01 7.690887e-01
6.918310e-04 1.148122e+01 8.827793e+00 1.448269e+01 7.688901e-01
7.079458e-04 1.134281e+01 8.716111e+00 1.430489e+01 7.684263e-01
7.244360e-04 1.120822e+01 8.604603e+00 1.413023e+01 7.677048e-01
7.413102e-04 1.107738e+01 8.493399e+00 1.395873e+01 7.667336e-01
7.585776e-04 1.095021e+01 8.382623e+00 1.379041e+01 7.655215e-01
7.762471e-04 1.082664e+01 8.272390e+00 1.362529e+01 7.640776e-01
7.943282e-04 1.070657e+01 8.162812e+00 1.346336e+01 7.624115e-01
8.128305e-04 1.058992e+01 8.053991e+00 1.330463e+01 7.605334e-01
8.317638e-04 1.047661e+01 7.946023e+00 1.314910e+01 7.584535e-01
8.511380e-04 1.036654e+01 7.839000e+00 1.299674e+01 7.561826e-01
8.709636e-04 1.025962e+01 7.733005e+00 1.284754e+01 7.537317e-01
8.912509e-04 1.015576e+01 7.628114e+00 1.270148e+01 7.511119e-01
9.120108e-04 1.005486e+01 7.524400e+00 1.255854e+01 7.483343e-01
9.332543e-04 9.956833e+00 7.421927e+00 1.241868e+01 7.454104e-01
9.549926e-04 9.861574e+00 7.320755e+00 1.228186e+01 7.423516e-01
9.772372e-04 9.768993e+00 7.220938e+00 1.214805e+01 7.391691e-01
1.000000e-03 9.678996e+00 7.122523e+00 1.201721e+01 7.358742e-01
1.023293e-03 9.591489e+00 7.025555e+00 1.188928e+01 7.324781e-01
1.047129e-03 9.506377e+00 6.930070e+00 1.176423e+01 7.289917e-01
1.071519e-03 9.423570e+00 6.836103e+00 1.164199e+01 7.254259e-01
1.096478e-03 9.342977e+00 6.743680e+00 1.152252e+01 7.217914e-01
1.122018e-03 9.264509e+00 6.652828e+00 1.140575e+01 7.180983e-01
1.148154e-03 9.188077e+00 6.563564e+00 1.129164e+01 7.143567e-01
1.174898e-03 9.113596e+00 6.475907e+00 1.118012e+01 7.105765e-01
1.202264e-03 9.040981e+00 6.389866e+00 1.107112e+01 7.067669e-01
1.230269e-03 8.970150e+00 6.305452e+00 1.096459e+01 7.029371e-01
1.258925e-03 8.901024e+00 6.222668e+00 1.086047e+01 6.990958e-01
1.288250e-03 8.833523e+00 6.141519e+00 1.075869e+01 6.952513e-01
1.318257e-03 8.767572e+00 6.062001e+00 1.065918e+01 6.914116e-01
1.348963e-03 8.703098e+00 5.984112e+00 1.056189e+01 6.875841e-01
1.380384e-03 8.640029e+00 5.907846e+00 1.046674e+01 6.837762e-01
1.412538e-03 8.578296e+00 5.833194e+00 1.037368e+01 6.799946e-01
1.445440e-03 8.517831e+00 5.760146e+00 1.028264e+01 6.762456e-01
1.479108e-03 8.458571e+00 5.688688e+00 1.019356e+01 6.725354e-01
1.513561e-03 8.400454e+00 5.618807e+00 1.010637e+01 6.688694e-01
1.548817e-03 8.343419e+00 5.550486e+00 1.002100e+01 6.652531e-01
1.584893e-03 8.287410e+00 5.483707e+00 9.937414e+00 6.616913e-01
1.621810e-03 8.232371e+00 5.418452e+00 9.855534e+00 6.581885e-01
1.659587e-03 8.178248e+00 5.354699e+00 9.775303e+00 6.547489e-01
1.698244e-03 8.124992e+00 5.292429e+00 9.696665e+00 6.513765e-01
1.737801e-03 8.072554e+00 5.231618e+00 9.619561e+00 6.480747e-01
1.778279e-03 8.020888e+00 5.172244e+00 9.543938e+00 6.448469e-01
1.819701e-03 7.969948e+00 5.114283e+00 9.469739e+00 6.416959e-01
1.862087e-03 7.919694e+00 5.057711e+00 9.396914e+00 6.386245e-01
1.905461e-03 7.870084e+00 5.002502e+00 9.325409e+00 6.356351e-01
1.949845e-03 7.821081e+00 4.948632e+00 9.255175e+00 6.327300e-01
1.995262e-03 7.772648e+00 4.896076e+00 9.186164e+00 6.299109e-01
2.041738e-03 7.724750e+00 4.844807e+00 9.118329e+00 6.271798e-01
2.089296e-03 7.677355e+00 4.794800e+00 9.051624e+00 6.245381e-01
2.137962e-03 7.630431e+00 4.746030e+00 8.986005e+00 6.219871e-01
2.187762e-03 7.583949e+00 4.698470e+00 8.921429e+00 6.195282e-01
2.238721e-03 7.537880e+00 4.652095e+00 8.857857e+00 6.171623e-01
2.290868e-03 7.492198e+00 4.606880e+00 8.795247e+00 6.148902e-01
2.344229e-03 7.446878e+00 4.562798e+00 8.733563e+00 6.127129e-01
2.398833e-03 7.401896e+00 4.519826e+00 8.672767e+00 6.106308e-01
2.454709e-03 7.357229e+00 4.477938e+00 8.612825e+00 6.086446e-01
2.511886e-03 7.312856e+00 4.437109e+00 8.553701e+00 6.067546e-01
2.570396e-03 7.268757e+00 4.397316e+00 8.495364e+00 6.049613e-01
2.630268e-03 7.224911e+00 4.358536e+00 8.437783e+00 6.032649e-01
2.691535e-03 7.181302e+00 4.320743e+00 8.380926e+00 6.016657e-01
2.754229e-03 7.137912e+00 4.283916e+00 8.324766e+00 6.001638e-01
2.818383e-03 7.094724e+00 4.248032e+00 8.269273e+00 5.987593e-01
2.884032e-03 7.051722e+00 4.213068e+00 8.214422e+00 5.974524e-01
2.951209e-03 7.008893e+00 4.179004e+00 8.160187e+00 5.962431e-01
3.019952e-03 6.966221e+00 4.145817e+00 8.106543e+00 5.951314e-01
3.090295e-03 6.923694e+00 4.113487e+00 8.053466e+00 5.941173e-01
3.162278e-03 6.881298e+00 4.081992e+00 8.000933e+00 5.932009e-01
3.235937e-03 6.839021e+00 4.051314e+00 7.948922e+00 5.923821e-01
3.311311e-03 6.796852e+00 4.021432e+00 7.897412e+00 5.916610e-01
3.388442e-03 6.754779e+00 3.992327e+00 7.846382e+00 5.910374e-01
3.467369e-03 6.712792e+00 3.963980e+00 7.795814e+00 5.905114e-01
3.548134e-03 6.670879e+00 3.936372e+00 7.745686e+00 5.900830e-01
3.630781e-03 6.629031e+00 3.909485e+00 7.695982e+00 5.897521e-01
3.715352e-03 6.587239e+00 3.883301e+00 7.646682e+00 5.895188e-01
3.801894e-03 6.545494e+00 3.857803e+00 7.597771e+00 5.893830e-01
3.890451e-03 6.503785e+00 3.832972e+00 7.549231e+00 5.893448e-01
3.981072e-03 6.462105e+00 3.808792e+00 7.501046e+00 5.894042e-01
4.073803e-03 6.420445e+00 3.785246e+00 7.453201e+00 5.895613e-01
4.168694e-03 6.378798e+00 3.762316e+00 7.405679e+00 5.898159e-01
4.265795e-03 6.337154e+00 3.739988e+00 7.358467e+00 5.901683e-01
4.365158e-03 6.295508e+00 3.718244e+00 7.311550e+00 5.906185e-01
4.466836e-03 6.253851e+00 3.697068e+00 7.264913e+00 5.911666e-01
4.570882e-03 6.212177e+00 3.676444e+00 7.218544e+00 5.918125e-01
4.677351e-03 6.170478e+00 3.656357e+00 7.172430e+00 5.925565e-01
4.786301e-03 6.128749e+00 3.636791e+00 7.126557e+00 5.933985e-01
4.897788e-03 6.086982e+00 3.617730e+00 7.080912e+00 5.943388e-01
5.011872e-03 6.045172e+00 3.599158e+00 7.035485e+00 5.953773e-01
5.128614e-03 6.003313e+00 3.581062e+00 6.990263e+00 5.965143e-01
5.248075e-03 5.961399e+00 3.563425e+00 6.945234e+00 5.977497e-01
5.370318e-03 5.919425e+00 3.546232e+00 6.900388e+00 5.990839e-01
5.495409e-03 5.877386e+00 3.529469e+00 6.855714e+00 6.005168e-01
5.623413e-03 5.835276e+00 3.513120e+00 6.811201e+00 6.020486e-01
5.754399e-03 5.793092e+00 3.497171e+00 6.766840e+00 6.036795e-01
5.888437e-03 5.750828e+00 3.481606e+00 6.722619e+00 6.054095e-01
6.025596e-03 5.708481e+00 3.466412e+00 6.678531e+00 6.072389e-01
6.165950e-03 5.666047e+00 3.451574e+00 6.634565e+00 6.091678e-01
6.309573e-03 5.623521e+00 3.437076e+00 6.590712e+00 6.111964e-01
6.456542e-03 5.580902e+00 3.422905e+00 6.546964e+00 6.133248e-01
6.606934e-03 5.538184e+00 3.409047e+00 6.503313e+00 6.155531e-01
6.760830e-03 5.495366e+00 3.395486e+00 6.459750e+00 6.178817e-01
6.918310e-03 5.452445e+00 3.382209e+00 6.416268e+00 6.203106e-01
7.079458e-03 5.409417e+00 3.369202e+00 6.372858e+00 6.228401e-01
7.244360e-03 5.366282e+00 3.356451e+00 6.329514e+00 6.254704e-01
7.413102e-03 5.323038e+00 3.343941e+00 6.286229e+00 6.282016e-01
7.585776e-03 5.279681e+00 3.331659e+00 6.242995e+00 6.310341e-01
7.762471e-03 5.236212e+00 3.319591e+00 6.199806e+00 6.339680e-01
7.943282e-03 5.192628e+00 3.307722e+00 6.156656e+00 6.370036e-01
8.128305e-03 5.148929e+00 3.296041e+00 6.113538e+00 6.401411e-01
8.317638e-03 5.105113e+00 3.284532e+00 6.070447e+00 6.433808e-01
8.511380e-03 5.061181e+00 3.273182e+00 6.027377e+00 6.467230e-01
8.709636e-03 5.017132e+00 3.261979e+00 5.984323e+00 6.501679e-01
8.912509e-03 4.972967e+00 3.250907e+00 5.941279e+00 6.537159e-01
9.120108e-03 4.928684e+00 3.239954e+00 5.898239e+00 6.573671e-01
9.332543e-03 4.884285e+00 3.229107e+00 5.855200e+00 6.611219e-01
9.549926e-03 4.839770e+00 3.218352e+00 5.812156e+00 6.649805e-01
9.772372e-03 4.795140e+00 3.207677e+00 5.769103e+00 6.689433e-01
1.000000e-02 4.750396e+00 3.197066e+00 5.726037e+00 6.730105e-01
1.023293e-02 4.705540e+00 3.186509e+00 5.682952e+00 6.771824e-01
1.047129e-02 4.660573e+00 3.175991e+00 5.639846e+00 6.814593e-01
1.071519e-02 4.615497e+00 3.165499e+00 5.596713e+00 6.858414e-01
1.096478e-02 4.570315e+00 3.155020e+00 5.553551e+00 6.903289e-01
1.122018e-02 4.525028e+00 3.144542e+00 5.510356e+00 6.949220e-01
1.148154e-02 4.479640e+00 3.134050e+00 5.467124e+00 6.996210e-01
1.174898e-02 4.434154e+00 3.123533e+00 5.423853e+00 7.044259e-01
1.202264e-02 4.388572e+00 3.112976e+00 5.380538e+00 7.093368e-01
1.230269e-02 4.342899e+00 3.102367e+00 5.337177e+00 7.143539e-01
1.258925e-02 4.297139e+00 3.091693e+00 5.293767e+00 7.194770e-01
1.288250e-02 4.251296e+00 3.080941e+00 5.250306e+00 7.247062e-01
1.318257e-02 4.205375e+00 3.070097e+00 5.206791e+00 7.300413e-01
1.348963e-02 4.159380e+00 3.059149e+00 5.163220e+00 7.354820e-01
1.380384e-02 4.113319e+00 3.048085e+00 5.119591e+00 7.410281e-01
1.412538e-02 4.067196e+00 3.036890e+00 5.075902e+00 7.466790e-01
1.445440e-02 4.021018e+00 3.025552e+00 5.032152e+00 7.524344e-01
1.479108e-02 3.974792e+00 3.014059e+00 4.988339e+00 7.582935e-01
1.513561e-02 3.928526e+00 3.002398e+00 4.944463e+00 7.642555e-01
1.548817e-02 3.882228e+00 2.990556e+00 4.900522e+00 7.703195e-01
1.584893e-02 3.835905e+00 2.978521e+00 4.856517e+00 7.764844e-01
1.621810e-02 3.789568e+00 2.966280e+00 4.812447e+00 7.827488e-01
1.659587e-02 3.743226e+00 2.953822e+00 4.768312e+00 7.891114e-01
1.698244e-02 3.696888e+00 2.941135e+00 4.724115e+00 7.955705e-01
1.737801e-02 3.650567e+00 2.928208e+00 4.679855e+00 8.021241e-01
1.778279e-02 3.604273e+00 2.915029e+00 4.635534e+00 8.087703e-01
1.819701e-02 3.558018e+00 2.901587e+00 4.591154e+00 8.155065e-01
1.862087e-02 3.511815e+00 2.887872e+00 4.546719e+00 8.223303e-01
1.905461e-02 3.465678e+00 2.873875e+00 4.502231e+00 8.292388e-01
1.949845e-02 3.419620e+00 2.859585e+00 4.457693e+00 8.362289e-01
1.995262e-02 3.373656e+00 2.844994e+00 4.413111e+00 8.432972e-01
2.041738e-02 3.327800e+00 2.830094e+00 4.368488e+00 8.504399e-01
2.089296e-02 3.282069e+00 2.814877e+00 4.323830e+00 8.576532e-01
2.137962e-02 3.236478e+00 2.799336e+00 4.279144e+00 8.649327e-01
2.187762e-02 3.191045e+00 2.783465e+00 4.234435e+00 8.722738e-01
2.238721e-02 3.145786e+00 2.767259e+00 4.189712e+00 8.796718e-01
2.290868e-02 3.100718e+00 2.750713e+00 4.144982e+00 8.871213e-01
2.344229e-02 3.055861e+00 2.733824e+00 4.100254e+00 8.946168e-01
2.398833e-02 3.011231e+00 2.716590e+00 4.055536e+00 9.021527e-01
2.454709e-02 2.966847e+00 2.699008e+00 4.010839e+00 9.097227e-01
2.511886e-02 2.922729e+00 2.681079e+00 3.966173e+00 9.173205e-01
2.570396e-02 2.878894e+00 2.662802e+00 3.921549e+00 9.249394e-01
2.630268e-02 2.835362e+00 2.644180e+00 3.876979e+00 9.325724e-01
2.691535e-02 2.792151e+00 2.625215e+00 3.832474e+00 9.402125e-01
2.754229e-02 2.749279e+00 2.605910e+00 3.788048e+00 9.478521e-01
2.818383e-02 2.706767e+00 2.586271e+00 3.743713e+00 9.554837e-01
2.884032e-02 2.664631e+00 2.566304e+00 3.699483e+00 9.630993e-01
2.951209e-02 2.622889e+00 2.546015e+00 3.655372e+00 9.706911e-01
3.019952e-02 2.581560e+00 2.525413e+00 3.611394e+00 9.782508e-01
3.090295e-02 2.540660e+00 2.504507e+00 3.567563e+00 9.857702e-01
3.162278e-02 2.500205e+00 2.483306e+00 3.523895e+00 9.932409e-01
3.235937e-02 2.460212e+00 2.461822e+00 3.480404e+00 1.000655e+00
3.311311e-02 2.420695e+00 2.440067e+00 3.437105e+00 1.008003e+00
3.388442e-02 2.381669e+00 2.418054e+00 3.394014e+00 1.015277e+00
3.467369e-02 2.343147e+00 2.395796e+00 3.351145e+00 1.022469e+00
3.548134e-02 2.305143e+00 2.373307e+00 3.308515e+00 1.029571e+00
3.630781e-02 2.267667e+00 2.350603e+00 3.266136e+00 1.036573e+00
3.715352e-02 2.230730e+00 2.327699e+00 3.224026e+00 1.043470e+00
3.801894e-02 2.194343e+00 2.304612e+00 3.182198e+00 1.050251e+00
3.890451e-02 2.158515e+00 2.281358e+00 3.140666e+00 1.056911e+00
3.981072e-02 2.123252e+00 2.257955e+00 3.099445e+00 1.063442e+00
4.073803e-02 2.088561e+00 2.234419e+00 3.058548e+00 1.069836e+00
4.168694e-02 2.054449e+00 2.210768e+00 3.017989e+00 1.076088e+00
4.265795e-02 2.020919e+00 2.187020e+00 2.977780e+00 1.082191e+00
4.365158e-02 1.987976e+00 2.163193e+00 2.937934e+00 1.088139e+00
4.466836e-02 1.955621e+00 2.139305e+00 2.898462e+00 1.093926e+00
4.570882e-02 1.923856e+00 2.115374e+00 2.859376e+00 1.099549e+00
4.677351e-02 1.892681e+00 2.091417e+00 2.820685e+00 1.105002e+00
4.786301e-02 1.862096e+00 2.067451e+00 2.782401e+00 1.110282e+00
4.897788e-02 1.832098e+00 2.043495e+00 2.744532e+00 1.115385e+00
5.011872e-02 1.802686e+00 2.019565e+00 2.707087e+00 1.120309e+00
5.128614e-02 1.773855e+00 1.995678e+00 2.670074e+00 1.125051e+00
5.248075e-02 1.745602e+00 1.971850e+00 2.633500e+00 1.129611e+00
5.370318e-02 1.717921e+00 1.948097e+00 2.597371e+00 1.133986e+00
5.495409e-02 1.690805e+00 1.924434e+00 2.561693e+00 1.138176e+00
5.623413e-02 1.664250e+00 1.900876e+00 2.526471e+00 1.142182e+00
5.754399e-02 1.638246e+00 1.877436e+00 2.491710e+00 1.146004e+00
5.888437e-02 1.612786e+00 1.854129e+00 2.457412e+00 1.149644e+00
6.025596e-02 1.587861e+00 1.830968e+00 2.423581e+00 1.153103e+00
6.165950e-02 1.563463e+00 1.807964e+00 2.390220e+00 1.156384e+00
6.309573e-02 1.539581e+00 1.785129e+00 2.357328e+00 1.159490e+00
6.456542e-02 1.516205e+00 1.762475e+00 2.324908e+00 1.162425e+00
6.606934e-02 1.493325e+00 1.740011e+00 2.292959e+00 1.165192e+00
6.760830e-02 1.470930e+00 1.717747e+00 2.261480e+00 1.167796e+00
6.918310e-02 1.449010e+00 1.695692e+00 2.230471e+00 1.170242e+00
7.079458e-02 1.427551e+00 1.673854e+00 2.199929e+00 1.172535e+00
7.244360e-02 1.406544e+00 1.652240e+00 2.169853e+00 1.174680e+00
7.413102e-02 1.385976e+00 1.630857e+00 2.140239e+00 1.176685e+00
7.585776e-02 1.365836e+00 1.609711e+00 2.111085e+00 1.178554e+00
7.762471e-02 1.346112e+00 1.588808e+00 2.082385e+00 1.180294e+00
7.943282e-02 1.326791e+00 1.568152e+00 2.054136e+00 1.181913e+00
8.128305e-02 1.307863e+00 1.547747e+00 2.026333e+00 1.183417e+00
8.317638e-02 1.289314e+00 1.527597e+00 1.998971e+00 1.184814e+00
8.511380e-02 1.271134e+00 1.507705e+00 1.972044e+00 1.186110e+00
8.709636e-02 1.253311e+00 1.488072e+00 1.945546e+00 1.187313e+00
8.912509e-02 1.235834e+00 1.468701e+00 1.919471e+00 1.188429e+00
9.120108e-02 1.218690e+00 1.449592e+00 1.893812e+00 1.189467e+00
9.332543e-02 1.201870e+00 1.430747e+00 1.868563e+00 1.190434e+00
9.549926e-02 1.185362e+00 1.412165e+00 1.843717e+00 1.191337e+00
9.772372e-02 1.169155e+00 1.393846e+00 1.819266e+00 1.192182e+00
1.000000e-01 1.153240e+00 1.375789e+00 1.795204e+00 1.192977e+00
1.023293e-01 1.137606e+00 1.357993e+00 1.771522e+00 1.193729e+00
1.047129e-01 1.122243e+00 1.340456e+00 1.748214e+00 1.194443e+00
1.071519e-01 1.107143e+00 1.323177e+00 1.725271e+00 1.195128e+00
1.096478e-01 1.092295e+00 1.306153e+00 1.702687e+00 1.195788e+00
1.122018e-01 1.077691e+00 1.289381e+00 1.680453e+00 1.196429e+00
1.148154e-01 1.063323e+00 1.272860e+00 1.658562e+00 1.197058e+00
1.174898e-01 1.049182e+00 1.256584e+00 1.637006e+00 1.197680e+00
1.202264e-01 1.035261e+00 1.240553e+00 1.615778e+00 1.198299e+00
1.230269e-01 1.021553e+00 1.224761e+00 1.594870e+00 1.198921e+00
1.258925e-01 1.008049e+00 1.209205e+00 1.574274e+00 1.199549e+00
1.288250e-01 9.947446e-01 1.193881e+00 1.553985e+00 1.200189e+00
1.318257e-01 9.816318e-01 1.178786e+00 1.533994e+00 1.200843e+00
1.348963e-01 9.687052e-01 1.163915e+00 1.514294e+00 1.201516e+00
1.380384e-01 9.559589e-01 1.149264e+00 1.494879e+00 1.202210e+00
1.412538e-01 9.433875e-01 1.134829e+00 1.475743e+00 1.202930e+00
1.445440e-01 9.309861e-01 1.120606e+00 1.456878e+00 1.203676e+00
1.479108e-01 9.187497e-01 1.106590e+00 1.438278e+00 1.204452e+00
1.513561e-01 9.066740e-01 1.092778e+00 1.419937e+00 1.205260e+00
1.548817e-01 8.947547e-01 1.079165e+00 1.401850e+00 1.206102e+00
1.584893e-01 8.829879e-01 1.065747e+00 1.384010e+00 1.206978e+00
1.621810e-01 8.713700e-01 1.052520e+00 1.366413e+00 1.207891e+00
1.659587e-01 8.598975e-01 1.039480e+00 1.349053e+00 1.208842e+00
1.698244e-01 8.485671e-01 1.026623e+00 1.331924e+00 1.209831e+00
1.737801e-01 8.373760e-01 1.013945e+00 1.315022e+00 1.210860e+00
1.778279e-01 8.263214e-01 1.001442e+00 1.298343e+00 1.211928e+00
1.819701e-01 8.154006e-01 9.891107e-01 1.281881e+00 1.213036e+00
1.862087e-01 8.046113e-01 9.769473e-01 1.265632e+00 1.214185e+00
1.905461e-01 7.939512e-01 9.649482e-01 1.249593e+00 1.215375e+00
1.949845e-01 7.834181e-01 9.531102e-01 1.233760e+00 1.216605e+00
1.995262e-01 7.730102e-01 9.414299e-01 1.218128e+00 1.217875e+00
2.041738e-01 7.627256e-01 9.299042e-01 1.202694e+00 1.219186e+00
2.089296e-01 7.525625e-01 9.185300e-01 1.187454e+00 1.220537e+00
2.137962e-01 7.425193e-01 9.073043e-01 1.172406e+00 1.221927e+00
2.187762e-01 7.325944e-01 8.962243e-01 1.157546e+00 1.223357e+00
2.238721e-01 7.227865e-01 8.852873e-01 1.142871e+00 1.224825e+00
2.290868e-01 7.130941e-01 8.744906e-01 1.128378e+00 1.226333e+00
2.344229e-01 7.035158e-01 8.638318e-01 1.114065e+00 1.227878e+00
2.398833e-01 6.940504e-01 8.533083e-01 1.099928e+00 1.229461e+00
2.454709e-01 6.846968e-01 8.429178e-01 1.085965e+00 1.231082e+00
2.511886e-01 6.754536e-01 8.326582e-01 1.072174e+00 1.232739e+00
2.570396e-01 6.663198e-01 8.225271e-01 1.058552e+00 1.234433e+00
2.630268e-01 6.572943e-01 8.125226e-01 1.045097e+00 1.236163e+00
2.691535e-01 6.483759e-01 8.026426e-01 1.031807e+00 1.237928e+00
2.754229e-01 6.395637e-01 7.928853e-01 1.018680e+00 1.239729e+00
2.818383e-01 6.308565e-01 7.832488e-01 1.005713e+00 1.241564e+00
2.884032e-01 6.222534e-01 7.737312e-01 9.929045e-01 1.243434e+00
2.951209e-01 6.137534e-01 7.643310e-01 9.802525e-01 1.245339e+00
3.019952e-01 6.053554e-01 7.550464e-01 9.677552e-01 1.247278e+00
3.090295e-01 5.970586e-01 7.458758e-01 9.554107e-01 1.249251e+00
3.162278e-01 5.888619e-01 7.368177e-01 9.432172e-01 1.251257e+00
3.235937e-01 5.807644e-01 7.278707e-01 9.311729e-01 1.253298e+00
3.311311e-01 5.727651e-01 7.190332e-01 9.192761e-01 1.255372e+00
3.388442e-01 5.648631e-01 7.103040e-01 9.075253e-01 1.257480e+00
3.467369e-01 5.570575e-01 7.016817e-01 8.959186e-01 1.259622e+00
3.548134e-01 5.493472e-01 6.931650e-01 8.844547e-01 1.261797e+00
3.630781e-01 5.417315e-01 6.847526e-01 8.731318e-01 1.264007e+00
3.715352e-01 5.342092e-01 6.764435e-01 8.619485e-01 1.266252e+00
3.801894e-01 5.267796e-01 6.682364e-01 8.509034e-01 1.268531e+00
3.890451e-01 5.194416e-01 6.601301e-01 8.399949e-01 1.270846e+00
3.981072e-01 5.121943e-01 6.521238e-01 8.292215e-01 1.273196e+00
4.073803e-01 5.050367e-01 6.442162e-01 8.185820e-01 1.275583e+00
4.168694e-01 4.979679e-01 6.364064e-01 8.080749e-01 1.278007e+00
4.265795e-01 4.909868e-01 6.286934e-01 7.976989e-01 1.280469e+00
4.365158e-01 4.840926e-01 6.210763e-01 7.874525e-01 1.282970e+00
4.466836e-01 4.772842e-01 6.135542e-01 7.773346e-01 1.285511e+00
4.570882e-01 4.705607e-01 6.061261e-01 7.673436e-01 1.288094e+00
4.677351e-01 4.639209e-01 5.987913e-01 7.574784e-01 1.290719e+00
4.786301e-01 4.573638e-01 5.915487e-01 7.477376e-01 1.293388e+00
4.897788e-01 4.508885e-01 5.843977e-01 7.381200e-01 1.296103e+00
5.011872e-01 4.444937e-01 5.773374e-01 7.286242e-01 1.298865e+00
5.128614e-01 4.381785e-01 5.703670e-01 7.192489e-01 1.301677e+00
5.248075e-01 4.319418e-01 5.634857e-01 7.099929e-01 1.304541e+00
5.370318e-01 4.257824e-01 5.566928e-01 7.008548e-01 1.307459e+00
5.495409e-01 4.196991e-01 5.499874e-01 6.918334e-01 1.310433e+00
5.623413e-01 4.136909e-01 5.433688e-01 6.829274e-01 1.313466e+00
5.754399e-01 4.077565e-01 5.368362e-01 6.741354e-01 1.316561e+00
5.888437e-01 4.018948e-01 5.303889e-01 6.654561e-01 1.319721e+00
6.025596e-01 3.961046e-01 5.240260e-01 6.568882e-01 1.322948e+00
6.165950e-01 3.903847e-01 5.177467e-01 6.484303e-01 1.326247e+00
6.309573e-01 3.847338e-01 5.115503e-01 6.400811e-01 1.329621e+00
6.456542e-01 3.791507e-01 5.054359e-01 6.318391e-01 1.333074e+00
6.606934e-01 3.736343e-01 4.994027e-01 6.237031e-01 1.336608e+00
6.760830e-01 3.681832e-01 4.934498e-01 6.156716e-01 1.340229e+00
6.918310e-01 3.627961e-01 4.875764e-01 6.077432e-01 1.343941e+00
7.079458e-01 3.574720e-01 4.817817e-01 5.999165e-01 1.347747e+00
7.244360e-01 3.522094e-01 4.760646e-01 5.921900e-01 1.351652e+00
7.413102e-01 3.470073e-01 4.704243e-01 5.845623e-01 1.355661e+00
7.585776e-01 3.418642e-01 4.648598e-01 5.770319e-01 1.359779e+00
7.762471e-01 3.367791e-01 4.593702e-01 5.695974e-01 1.364010e+00
7.943282e-01 3.317507e-01 4.539545e-01 5.622572e-01 1.368360e+00
8.128305e-01 3.267778e-01 4.486116e-01 5.550100e-01 1.372834e+00
8.317638e-01 3.218593e-01 4.433405e-01 5.478542e-01 1.377436e+00
8.511380e-01 3.169939e-01 4.381402e-01 5.407883e-01 1.382173e+00
8.709636e-01 3.121804e-01 4.330096e-01 5.338108e-01 1.387049e+00
8.912509e-01 3.074179e-01 4.279476e-01 5.269202e-01 1.392071e+00
9.120108e-01 3.027052e-01 4.229531e-01 5.201151e-01 1.397244e+00
9.332543e-01 2.980412e-01 4.180249e-01 5.133939e-01 1.402574e+00
9.549926e-01 2.934248e-01 4.131619e-01 5.067552e-01 1.408067e+00
9.772372e-01 2.888551e-01 4.083629e-01 5.001975e-01 1.413729e+00
1.000000e+00 2.843311e-01 4.036268e-01 4.937193e-01 1.419566e+00
1.023293e+00 2.798517e-01 3.989523e-01 4.873191e-01 1.425584e+00
1.047129e+00 2.754162e-01 3.943383e-01 4.809956e-01 1.431790e+00
1.071519e+00 2.710236e-01 3.897835e-01 4.747473e-01 1.438190e+00
1.096478e+00 2.666730e-01 3.852868e-01 4.685727e-01 1.444791e+00
1.122018e+00 2.623636e-01 3.808468e-01 4.624705e-01 1.451599e+00
1.148154e+00 2.580947e-01 3.764624e-01 4.564393e-01 1.458621e+00
1.174898e+00 2.538656e-01 3.721324e-01 4.504778e-01 1.465864e+00
1.202264e+00 2.496754e-01 3.678554e-01 4.445846e-01 1.473335e+00
1.230269e+00 2.455235e-01 3.636304e-01 4.387583e-01 1.481041e+00
1.258925e+00 2.414094e-01 3.594560e-01 4.329978e-01 1.488989e+00
1.288250e+00 2.373323e-01 3.553310e-01 4.273017e-01 1.497188e+00
1.318257e+00 2.332918e-01 3.512542e-01 4.216688e-01 1.505643e+00
1.348963e+00 2.292872e-01 3.472244e-01 4.160979e-01 1.514365e+00
1.380384e+00 2.253182e-01 3.432405e-01 4.105878e-01 1.523359e+00
1.412538e+00 2.213842e-01 3.393011e-01 4.051373e-01 1.532635e+00
1.445440e+00 2.174848e-01 3.354051e-01 3.997453e-01 1.542200e+00
1.479108e+00 2.136197e-01 3.315514e-01 3.944106e-01 1.552064e+00
1.513561e+00 2.097884e-01 3.277388e-01 3.891323e-01 1.562235e+00
1.548817e+00 2.059907e-01 3.239662e-01 3.839092e-01 1.572722e+00
1.584893e+00 2.022262e-01 3.202324e-01 3.787403e-01 1.583536e+00
1.621810e+00 1.984947e-01 3.165362e-01 3.736246e-01 1.594684e+00
1.659587e+00 1.947959e-01 3.128767e-01 3.685611e-01 1.606177e+00
1.698244e+00 1.911296e-01 3.092527e-01 3.635488e-01 1.618026e+00
1.737801e+00 1.874956e-01 3.056632e-01 3.585869e-01 1.630241e+00
1.778279e+00 1.838939e-01 3.021070e-01 3.536744e-01 1.642833e+00
1.819701e+00 1.803242e-01 2.985832e-01 3.488105e-01 1.655813e+00
1.862087e+00 1.767865e-01 2.950908e-01 3.439943e-01 1.669193e+00
1.905461e+00 1.732807e-01 2.916287e-01 3.392249e-01 1.682985e+00
1.949845e+00 1.698067e-01 2.881961e-01 3.345016e-01 1.697200e+00
1.995262e+00 1.663646e-01 2.847918e-01 3.298235e-01 1.711853e+00
2.041738e+00 1.629544e-01 2.814150e-01 3.251900e-01 1.726956e+00
2.089296e+00 1.595760e-01 2.780648e-01 3.206002e-01 1.742523e+00
2.137962e+00 1.562296e-01 2.747402e-01 3.160536e-01 1.758567e+00
2.187762e+00 1.529152e-01 2.714404e-01 3.115493e-01 1.775104e+00
2.238721e+00 1.496330e-01 2.681646e-01 3.070867e-01 1.792149e+00
2.290868e+00 1.463831e-01 2.649118e-01 3.026653e-01 1.809716e+00
2.344229e+00 1.431656e-01 2.616814e-01 2.982843e-01 1.827823e+00
2.398833e+00 1.399808e-01 2.584724e-01 2.939432e-01 1.846484e+00
2.454709e+00 1.368289e-01 2.552842e-01 2.896415e-01 1.865718e+00
2.511886e+00 1.337102e-01 2.521161e-01 2.853786e-01 1.885541e+00
2.570396e+00 1.306248e-01 2.489673e-01 2.811540e-01 1.905972e+00
2.630268e+00 1.275732e-01 2.458371e-01 2.769672e-01 1.927029e+00
2.691535e+00 1.245555e-01 2.427250e-01 2.728177e-01 1.948730e+00
2.754229e+00 1.215722e-01 2.396304e-01 2.687053e-01 1.971095e+00
2.818383e+00 1.186236e-01 2.365527e-01 2.646294e-01 1.994144e+00
2.884032e+00 1.157102e-01 2.334913e-01 2.605898e-01 2.017898e+00
2.951209e+00 1.128322e-01 2.304458e-01 2.565860e-01 2.042376e+00
3.019952e+00 1.099901e-01 2.274158e-01 2.526178e-01 2.067601e+00
3.090295e+00 1.071845e-01 2.244008e-01 2.486850e-01 2.093594e+00
3.162278e+00 1.044156e-01 2.214005e-01 2.447872e-01 2.120378e+00
3.235937e+00 1.016839e-01 2.184146e-01 2.409243e-01 2.147975e+00
3.311311e+00 9.899005e-02 2.154428e-01 2.370962e-01 2.176408e+00
3.388442e+00 9.633435e-02 2.124849e-01 2.333027e-01 2.205702e+00
3.467369e+00 9.371734e-02 2.095408e-01 2.295436e-01 2.235881e+00
3.548134e+00 9.113949e-02 2.066103e-01 2.258190e-01 2.266968e+00
3.630781e+00 8.860126e-02 2.036934e-01 2.221288e-01 2.298990e+00
3.715352e+00 8.610313e-02 2.007901e-01 2.184729e-01 2.331972e+00
3.801894e+00 8.364555e-02 1.979003e-01 2.148514e-01 2.365940e+00
3.890451e+00 8.122897e-02 1.950242e-01 2.112643e-01 2.400920e+00
3.981072e+00 7.885381e-02 1.921620e-01 2.077117e-01 2.436940e+00
4.073803e+00 7.652049e-02 1.893137e-01 2.041937e-01 2.474026e+00
4.168694e+00 7.422939e-02 1.864797e-01 2.007104e-01 2.512208e+00
4.265795e+00 7.198088e-02 1.836601e-01 1.972620e-01 2.551512e+00
4.365158e+00 6.977527e-02 1.808554e-01 1.938485e-01 2.591969e+00
4.466836e+00 6.761288e-02 1.780658e-01 1.904703e-01 2.633607e+00
4.570882e+00 6.549397e-02 1.752918e-01 1.871274e-01 2.676457e+00
4.677351e+00 6.341876e-02 1.725337e-01 1.838201e-01 2.720547e+00
4.786301e+00 6.138744e-02 1.697922e-01 1.805486e-01 2.765910e+00
4.897788e+00 5.940017e-02 1.670675e-01 1.773131e-01 2.812577e+00
5.011872e+00 5.745704e-02 1.643604e-01 1.741139e-01 2.860578e+00
5.128614e+00 5.555812e-02 1.616712e-01 1.709511e-01 2.909947e+00
5.248075e+00 5.370342e-02 1.590006e-01 1.678251e-01 2.960717e+00
5.370318e+00 5.189290e-02 1.563492e-01 1.647360e-01 3.012920e+00
5.495409e+00 5.012649e-02 1.537175e-01 1.616840e-01 3.066591e+00
5.623413e+00 4.840406e-02 1.511061e-01 1.586695e-01 3.121765e+00
5.754399e+00 4.672543e-02 1.485156e-01 1.556925e-01 3.178475e+00
5.888437e+00 4.509039e-02 1.459467e-01 1.527534e-01 3.236759e+00
6.025596e+00 4.349867e-02 1.434000e-01 1.498522e-01 3.296653e+00
6.165950e+00 4.194995e-02 1.408760e-01 1.469893e-01 3.358193e+00
6.309573e+00 4.044387e-02 1.383753e-01 1.441646e-01 3.421417e+00
6.456542e+00 3.898005e-02 1.358986e-01 1.413785e-01 3.486364e+00
6.606934e+00 3.755802e-02 1.334464e-01 1.386309e-01 3.553072e+00
6.760830e+00 3.617732e-02 1.310192e-01 1.359221e-01 3.621582e+00
6.918310e+00 3.483743e-02 1.286175e-01 1.332521e-01 3.691935e+00
7.079458e+00 3.353778e-02 1.262420e-01 1.306209e-01 3.764171e+00
7.244360e+00 3.227780e-02 1.238930e-01 1.280286e-01 3.838333e+00
7.413102e+00 3.105687e-02 1.215710e-01 1.254753e-01 3.914464e+00
7.585776e+00 2.987433e-02 1.192765e-01 1.229608e-01 3.992608e+00
7.762471e+00 2.872952e-02 1.170099e-01 1.204853e-01 4.072810e+00
7.943282e+00 2.762174e-02 1.147715e-01 1.180486e-01 4.155116e+00
8.128305e+00 2.655027e-02 1.125618e-01 1.156506e-01 4.239572e+00
8.317638e+00 2.551437e-02 1.103809e-01 1.132914e-01 4.326226e+00
8.511380e+00 2.451329e-02 1.082293e-01 1.109706e-01 4.415128e+00
8.709636e+00 2.354626e-02 1.061071e-01 1.086883e-01 4.506325e+00
8.912509e+00 2.261251e-02 1.040146e-01 1.064442e-01 4.599871e+00
9.120108e+00 2.171125e-02 1.019520e-01 1.042382e-01 4.695816e+00
9.332543e+00 2.084168e-02 9.991949e-02 1.020700e-01 4.794214e+00
9.549926e+00 2.000301e-02 9.791711e-02 9.993938e-02 4.895119e+00
9.772372e+00 1.919442e-02 9.594499e-02 9.784614e-02 4.998587e+00
1.000000e+01 1.841513e-02 9.400321e-02 9.578998e-02 5.104674e+00
