1.000000e-06 7.791231e+01 1.104335e+00 7.792013e+01 1.417407e-02
1.023293e-06 7.791140e+01 1.130042e+00 7.791959e+01 1.450419e-02
1.047129e-06 7.791045e+01 1.156346e+00 7.791903e+01 1.484199e-02
1.071519e-06 7.790945e+01 1.183262e+00 7.791843e+01 1.518766e-02
1.096478e-06 7.790841e+01 1.210804e+00 7.791781e+01 1.554138e-02
1.122018e-06 7.790731e+01 1.238986e+00 7.791717e+01 1.590333e-02
1.148154e-06 7.790617e+01 1.267822e+00 7.791649e+01 1.627371e-02
1.174898e-06 7.790497e+01 1.297329e+00 7.791577e+01 1.665271e-02
1.202264e-06 7.790372e+01 1.327521e+00 7.791503e+01 1.704054e-02
1.230269e-06 7.790241e+01 1.358415e+00 7.791425e+01 1.743739e-02
1.258925e-06 7.790103e+01 1.390026e+00 7.791343e+01 1.784348e-02
1.288250e-06 7.789959e+01 1.422371e+00 7.791258e+01 1.825903e-02
1.318257e-06 7.789808e+01 1.455468e+00 7.791168e+01 1.868425e-02
1.348963e-06 7.789651e+01 1.489332e+00 7.791074e+01 1.911937e-02
1.380384e-06 7.789485e+01 1.523983e+00 7.790976e+01 1.956462e-02
1.412538e-06 7.789312e+01 1.559439e+00 7.790873e+01 2.002023e-02
1.445440e-06 7.789131e+01 1.595717e+00 7.790766e+01 2.048645e-02
1.479108e-06 7.788942e+01 1.632836e+00 7.790653e+01 2.096352e-02
1.513561e-06 7.788743e+01 1.670817e+00 7.790535e+01 2.145169e-02
1.548817e-06 7.788535e+01 1.709679e+00 7.790411e+01 2.195123e-02
1.584893e-06 7.788317e+01 1.749442e+00 7.790282e+01 2.246239e-02
1.621810e-06 7.788089e+01 1.790127e+00 7.790146e+01 2.298544e-02
1.659587e-06 7.787850e+01 1.831755e+00 7.790004e+01 2.352067e-02
1.698244e-06 7.787600e+01 1.874347e+00 7.789856e+01 2.406835e-02
1.737801e-06 7.787339e+01 1.917927e+00 7.789700e+01 2.462878e-02
1.778279e-06 7.787065e+01 1.962515e+00 7.789537e+01 2.520225e-02
1.819701e-06 7.786778e+01 2.008136e+00 7.789367e+01 2.578906e-02
1.862087e-06 7.786477e+01 2.054814e+00 7.789188e+01 2.638952e-02
1.905461e-06 7.786163e+01 2.102571e+00 7.789001e+01 2.700395e-02
1.949845e-06 7.785833e+01 2.151434e+00 7.788805e+01 2.763267e-02
1.995262e-06 7.785489e+01 2.201426e+00 7.788600e+01 2.827602e-02
2.041738e-06 7.785128e+01 2.252575e+00 7.788386e+01 2.893433e-02
2.089296e-06 7.784750e+01 2.304905e+00 7.788161e+01 2.960796e-02
2.137962e-06 7.784354e+01 2.358445e+00 7.787926e+01 3.029725e-02
2.187762e-06 7.783940e+01 2.413221e+00 7.787679e+01 3.100257e-02
2.238721e-06 7.783506e+01 2.469262e+00 7.787421e+01 3.172429e-02
2.290868e-06 7.783051e+01 2.526596e+00 7.787151e+01 3.246279e-02
2.344229e-06 7.782576e+01 2.585252e+00 7.786869e+01 3.321846e-02
2.398833e-06 7.782078e+01 2.645261e+00 7.786573e+01 3.399170e-02
2.454709e-06 7.781557e+01 2.706652e+00 7.786263e+01 3.478291e-02
2.511886e-06 7.781011e+01 2.769457e+00 7.785938e+01 3.559251e-02
2.570396e-06 7.780440e+01 2.833709e+00 7.785598e+01 3.642093e-02
2.630268e-06 7.779842e+01 2.899438e+00 7.785243e+01 3.726860e-02
2.691535e-06 7.779215e+01 2.966679e+00 7.784870e+01 3.813596e-02
2.754229e-06 7.778560e+01 3.035464e+00 7.784480e+01 3.902348e-02
2.818383e-06 7.777873e+01 3.105830e+00 7.784072e+01 3.993161e-02
2.884032e-06 7.777155e+01 3.177810e+00 7.783644e+01 4.086083e-02
2.951209e-06 7.776403e+01 3.251441e+00 7.783197e+01 4.181164e-02
3.019952e-06 7.775615e+01 3.326760e+00 7.782729e+01 4.278452e-02
3.090295e-06 7.774791e+01 3.403803e+00 7.782238e+01 4.377999e-02
3.162278e-06 7.773928e+01 3.482608e+00 7.781725e+01 4.479857e-02
3.235937e-06 7.773024e+01 3.563216e+00 7.781187e+01 4.584079e-02
3.311311e-06 7.772079e+01 3.645664e+00 7.780624e+01 4.690719e-02
3.388442e-06 7.771089e+01 3.729994e+00 7.780035e+01 4.799834e-02
3.467369e-06 7.770052e+01 3.816246e+00 7.779418e+01 4.911480e-02
3.548134e-06 7.768967e+01 3.904462e+00 7.778773e+01 5.025715e-02
3.630781e-06 7.767832e+01 3.994685e+00 7.778097e+01 5.142599e-02
3.715352e-06 7.766643e+01 4.086958e+00 7.777389e+01 5.262193e-02
3.801894e-06 7.765399e+01 4.181325e+00 7.776648e+01 5.384559e-02
3.890451e-06 7.764097e+01 4.277831e+00 7.775873e+01 5.509760e-02
3.981072e-06 7.762734e+01 4.376522e+00 7.775061e+01 5.637862e-02
4.073803e-06 7.761308e+01 4.477444e+00 7.774212e+01 5.768931e-02
4.168694e-06 7.759814e+01 4.580645e+00 7.773322e+01 5.903034e-02
4.265795e-06 7.758252e+01 4.686172e+00 7.772392e+01 6.040242e-02
4.365158e-06 7.756616e+01 4.794074e+00 7.771417e+01 6.180625e-02
4.466836e-06 7.754904e+01 4.904400e+00 7.770397e+01 6.324256e-02
4.570882e-06 7.753113e+01 5.017201e+00 7.769330e+01 6.471208e-02
4.677351e-06 7.751238e+01 5.132527e+00 7.768213e+01 6.621558e-02
4.786301e-06 7.749277e+01 5.250431e+00 7.767043e+01 6.775382e-02
4.897788e-06 7.747224e+01 5.370964e+00 7.765819e+01 6.932760e-02
5.011872e-06 7.745075e+01 5.494180e+00 7.764538e+01 7.093772e-02
5.128614e-06 7.742828e+01 5.620133e+00 7.763198e+01 7.258502e-02
5.248075e-06 7.740476e+01 5.748876e+00 7.761795e+01 7.427032e-02
5.370318e-06 7.738015e+01 5.880464e+00 7.760327e+01 7.599449e-02
5.495409e-06 7.735440e+01 6.014954e+00 7.758790e+01 7.775840e-02
5.623413e-06 7.732746e+01 6.152401e+00 7.757182e+01 7.956296e-02
5.754399e-06 7.729927e+01 6.292862e+00 7.755500e+01 8.140908e-02
5.888437e-06 7.726979e+01 6.436394e+00 7.753739e+01 8.329769e-02
6.025596e-06 7.723894e+01 6.583055e+00 7.751897e+01 8.522974e-02
6.165950e-06 7.720668e+01 6.732902e+00 7.749970e+01 8.720621e-02
6.309573e-06 7.717293e+01 6.885994e+00 7.747953e+01 8.922810e-02
6.456542e-06 7.713763e+01 7.042388e+00 7.745843e+01 9.129641e-02
6.606934e-06 7.710070e+01 7.202145e+00 7.743636e+01 9.341218e-02
6.760830e-06 7.706209e+01 7.365322e+00 7.741327e+01 9.557646e-02
6.918310e-06 7.702171e+01 7.531979e+00 7.738911e+01 9.779033e-02
7.079458e-06 7.697948e+01 7.702173e+00 7.736384e+01 1.000549e-01
7.244360e-06 7.693532e+01 7.875965e+00 7.733741e+01 1.023713e-01
7.413102e-06 7.688915e+01 8.053412e+00 7.730976e+01 1.047406e-01
7.585776e-06 7.684088e+01 8.234573e+00 7.728084e+01 1.071640e-01
7.762471e-06 7.679041e+01 8.419505e+00 7.725060e+01 1.096427e-01
7.943282e-06 7.673766e+01 8.608265e+00 7.721898e+01 1.121778e-01
8.128305e-06 7.668251e+01 8.800909e+00 7.718590e+01 1.147707e-01
8.317638e-06 7.662487e+01 8.997494e+00 7.715132e+01 1.174226e-01
8.511380e-06 7.656464e+01 9.198073e+00 7.711516e+01 1.201347e-01
8.709636e-06 7.650168e+01 9.402700e+00 7.707735e+01 1.229084e-01
8.912509e-06 7.643591e+01 9.611427e+00 7.703783e+01 1.257449e-01
9.120108e-06 7.636718e+01 9.824304e+00 7.699651e+01 1.286456e-01
9.332543e-06 7.629538e+01 1.004138e+01 7.695332e+01 1.316119e-01
9.549926e-06 7.622037e+01 1.026270e+01 7.690818e+01 1.346451e-01
9.772372e-06 7.614203e+01 1.048831e+01 7.686100e+01 1.377467e-01
1.000000e-05 7.606022e+01 1.071826e+01 7.681170e+01 1.409180e-01
1.023293e-05 7.597478e+01 1.095257e+01 7.676018e+01 1.441606e-01
1.047129e-05 7.588557e+01 1.119129e+01 7.670636e+01 1.474759e-01
1.071519e-05 7.579244e+01 1.143446e+01 7.665012e+01 1.508654e-01
1.096478e-05 7.569523e+01 1.168209e+01 7.659138e+01 1.543306e-01
1.122018e-05 7.559377e+01 1.193422e+01 7.653002e+01 1.578731e-01
1.148154e-05 7.548790e+01 1.219087e+01 7.646594e+01 1.614943e-01
1.174898e-05 7.537743e+01 1.245205e+01 7.639902e+01 1.651960e-01
1.202264e-05 7.526219e+01 1.271778e+01 7.632915e+01 1.689796e-01
1.230269e-05 7.514199e+01 1.298806e+01 7.625620e+01 1.728468e-01
1.258925e-05 7.501665e+01 1.326289e+01 7.618006e+01 1.767993e-01
1.288250e-05 7.488596e+01 1.354227e+01 7.610059e+01 1.808386e-01
1.318257e-05 7.474972e+01 1.382619e+01 7.601765e+01 1.849664e-01
1.348963e-05 7.460773e+01 1.411462e+01 7.593112e+01 1.891845e-01
1.380384e-05 7.445977e+01 1.440755e+01 7.584085e+01 1.934944e-01
1.412538e-05 7.430562e+01 1.470493e+01 7.574669e+01 1.978979e-01
1.445440e-05 7.414508e+01 1.500672e+01 7.564849e+01 2.023967e-01
1.479108e-05 7.397790e+01 1.531287e+01 7.554610e+01 2.069925e-01
1.513561e-05 7.380386e+01 1.562332e+01 7.543936e+01 2.116870e-01
1.548817e-05 7.362272e+01 1.593799e+01 7.532811e+01 2.164819e-01
1.584893e-05 7.343424e+01 1.625680e+01 7.521217e+01 2.213791e-01
1.621810e-05 7.323818e+01 1.657967e+01 7.509139e+01 2.263801e-01
1.659587e-05 7.303430e+01 1.690647e+01 7.496557e+01 2.314867e-01
1.698244e-05 7.282234e+01 1.723710e+01 7.483455e+01 2.367007e-01
1.737801e-05 7.260205e+01 1.757141e+01 7.469814e+01 2.420236e-01
1.778279e-05 7.237318e+01 1.790927e+01 7.455615e+01 2.474573e-01
1.819701e-05 7.213548e+01 1.825052e+01 7.440840e+01 2.530034e-01
1.862087e-05 7.188870e+01 1.859498e+01 7.425468e+01 2.586634e-01
1.905461e-05 7.163257e+01 1.894246e+01 7.409481e+01 2.644392e-01
1.949845e-05 7.136684e+01 1.929275e+01 7.392859e+01 2.703321e-01
1.995262e-05 7.109127e+01 1.964564e+01 7.375581e+01 2.763439e-01
2.041738e-05 7.080560e+01 2.000088e+01 7.357627e+01 2.824760e-01
2.089296e-05 7.050959e+01 2.035822e+01 7.338977e+01 2.887298e-01
2.137962e-05 7.020299e+01 2.071739e+01 7.319611e+01 2.951069e-01
2.187762e-05 6.988558e+01 2.107809e+01 7.299506e+01 3.016086e-01
2.238721e-05 6.955711e+01 2.144001e+01 7.278644e+01 3.082361e-01
2.290868e-05 6.921739e+01 2.180284e+01 7.257004e+01 3.149907e-01
2.344229e-05 6.886618e+01 2.216621e+01 7.234564e+01 3.218736e-01
2.398833e-05 6.850330e+01 2.252976e+01 7.211305e+01 3.288858e-01
2.454709e-05 6.812855e+01 2.289312e+01 7.187206e+01 3.360282e-01
2.511886e-05 6.774175e+01 2.325587e+01 7.162249e+01 3.433018e-01
2.570396e-05 6.734276e+01 2.361760e+01 7.136412e+01 3.507073e-01
2.630268e-05 6.693142e+01 2.397787e+01 7.109679e+01 3.582453e-01
2.691535e-05 6.650761e+01 2.433622e+01 7.082029e+01 3.659163e-01
2.754229e-05 6.607123e+01 2.469218e+01 7.053447e+01 3.737206e-01
2.818383e-05 6.562218e+01 2.504526e+01 7.023913e+01 3.816584e-01
2.884032e-05 6.516041e+01 2.539496e+01 6.993413e+01 3.897298e-01
2.951209e-05 6.468588e+01 2.574075e+01 6.961932e+01 3.979346e-01
3.019952e-05 6.419857e+01 2.608211e+01 6.929454e+01 4.062725e-01
3.090295e-05 6.369850e+01 2.641850e+01 6.895967e+01 4.147428e-01
3.162278e-05 6.318572e+01 2.674935e+01 6.861459e+01 4.233449e-01
3.235937e-05 6.266028e+01 2.707411e+01 6.825920e+01 4.320777e-01
3.311311e-05 6.212231e+01 2.739221e+01 6.789341e+01 4.409400e-01
3.388442e-05 6.157193e+01 2.770307e+01 6.751713e+01 4.499302e-01
3.467369e-05 6.100932e+01 2.800612e+01 6.713032e+01 4.590466e-01
3.548134e-05 6.043467e+01 2.830077e+01 6.673292e+01 4.682870e-01
3.630781e-05 5.984822e+01 2.858645e+01 6.632492e+01 4.776492e-01
3.715352e-05 5.925025e+01 2.886259e+01 6.590630e+01 4.871303e-01
3.801894e-05 5.864106e+01 2.912861e+01 6.547710e+01 4.967272e-01
3.890451e-05 5.802101e+01 2.938397e+01 6.503733e+01 5.064367e-01
3.981072e-05 5.739046e+01 2.962811e+01 6.458707e+01 5.162549e-01
4.073803e-05 5.674984e+01 2.986049e+01 6.412638e+01 5.261776e-01
4.168694e-05 5.609959e+01 3.008061e+01 6.365538e+01 5.362003e-01
4.265795e-05 5.544020e+01 3.028797e+01 6.317418e+01 5.463179e-01
4.365158e-05 5.477219e+01 3.048209e+01 6.268294e+01 5.565250e-01
4.466836e-05 5.409610e+01 3.066253e+01 6.218182e+01 5.668158e-01
4.570882e-05 5.341252e+01 3.082885e+01 6.167103e+01 5.771839e-01
4.677351e-05 5.272206e+01 3.098067e+01 6.115078e+01 5.876225e-01
4.786301e-05 5.202535e+01 3.111763e+01 6.062131e+01 5.981244e-01
4.897788e-05 5.132304e+01 3.123940e+01 6.008290e+01 6.086818e-01
5.011872e-05 5.061583e+01 3.134569e+01 5.953583e+01 6.192863e-01
5.128614e-05 4.990442e+01 3.143625e+01 5.898041e+01 6.299292e-01
5.248075e-05 4.918952e+01 3.151087e+01 5.841698e+01 6.406013e-01
5.370318e-05 4.847186e+01 3.156937e+01 5.784589e+01 6.512927e-01
5.495409e-05 4.775220e+01 3.161163e+01 5.726751e+01 6.619932e-01
5.623413e-05 4.703128e+01 3.163756e+01 5.668224e+01 6.726919e-01
5.754399e-05 4.630986e+01 3.164712e+01 5.609049e+01 6.833775e-01
5.888437e-05 4.558870e+01 3.164030e+01 5.549269e+01 6.940382e-01
6.025596e-05 4.486856e+01 3.161716e+01 5.488928e+01 7.046618e-01
6.165950e-05 4.415019e+01 3.157778e+01 5.428071e+01 7.152354e-01
6.309573e-05 4.343432e+01 3.152229e+01 5.366745e+01 7.257461e-01
6.456542e-05 4.272171e+01 3.145087e+01 5.304999e+01 7.361800e-01
6.606934e-05 4.201305e+01 3.136372e+01 5.242881e+01 7.465233e-01
6.760830e-05 4.130907e+01 3.126112e+01 5.180441e+01 7.567616e-01
6.918310e-05 4.061043e+01 3.114333e+01 5.117728e+01 7.668802e-01
7.079458e-05 3.991780e+01 3.101071e+01 5.054795e+01 7.768641e-01
7.244360e-05 3.923182e+01 3.086360e+01 4.991690e+01 7.866982e-01
7.413102e-05 3.855308e+01 3.070240e+01 4.928466e+01 7.963670e-01
7.585776e-05 3.788218e+01 3.052754e+01 4.865172e+01 8.058549e-01
7.762471e-05 3.721966e+01 3.033947e+01 4.801860e+01 8.151464e-01
7.943282e-05 3.656603e+01 3.013867e+01 4.738580e+01 8.242258e-01
8.128305e-05 3.592179e+01 2.992563e+01 4.675380e+01 8.330773e-01
8.317638e-05 3.528737e+01 2.970087e+01 4.612310e+01 8.416856e-01
8.511380e-05 3.466320e+01 2.946493e+01 4.549417e+01 8.500350e-01
8.709636e-05 3.404965e+01 2.921837e+01 4.486749e+01 8.581106e-01
8.912509e-05 3.344707e+01 2.896173e+01 4.424351e+01 8.658973e-01
9.120108e-05 3.285577e+01 2.869559e+01 4.362268e+01 8.733807e-01
9.332543e-05 3.227600e+01 2.842053e+01 4.300543e+01 8.805468e-01
9.549926e-05 3.170802e+01 2.813712e+01 4.239217e+01 8.873819e-01
9.772372e-05 3.115201e+01 2.784595e+01 4.178331e+01 8.938731e-01
1.000000e-04 3.060816e+01 2.754759e+01 4.117923e+01 9.000081e-01
1.023293e-04 3.007658e+01 2.724263e+01 4.058031e+01 9.057753e-01
1.047129e-04 2.955739e+01 2.693162e+01 3.998689e+01 9.111638e-01
1.071519e-04 2.905065e+01 2.661515e+01 3.939932e+01 9.161637e-01
1.096478e-04 2.855640e+01 2.629376e+01 3.881790e+01 9.207659e-01
1.122018e-04 2.807465e+01 2.596799e+01 3.824294e+01 9.249623e-01
1.148154e-04 2.760539e+01 2.563839e+01 3.767472e+01 9.287457e-01
1.174898e-04 2.714858e+01 2.530546e+01 3.711350e+01 9.321101e-01
1.202264e-04 2.670414e+01 2.496972e+01 3.655951e+01 9.350504e-01
1.230269e-04 2.627200e+01 2.463165e+01 3.601300e+01 9.375628e-01
1.258925e-04 2.585204e+01 2.429173e+01 3.547416e+01 9.396445e-01
1.288250e-04 2.544413e+01 2.395040e+01 3.494318e+01 9.412938e-01
1.318257e-04 2.504813e+01 2.360812e+01 3.442023e+01 9.425102e-01
1.348963e-04 2.466388e+01 2.326530e+01 3.390547e+01 9.432944e-01
1.380384e-04 2.429119e+01 2.292233e+01 3.339903e+01 9.436481e-01
1.412538e-04 2.392987e+01 2.257961e+01 3.290103e+01 9.435743e-01
1.445440e-04 2.357973e+01 2.223750e+01 3.241157e+01 9.430769e-01
1.479108e-04 2.324054e+01 2.189633e+01 3.193074e+01 9.421609e-01
1.513561e-04 2.291209e+01 2.155644e+01 3.145861e+01 9.408325e-01
1.548817e-04 2.259415e+01 2.121814e+01 3.099524e+01 9.390987e-01
1.584893e-04 2.228648e+01 2.088170e+01 3.054067e+01 9.369675e-01
1.621810e-04 2.198883e+01 2.054741e+01 3.009493e+01 9.344479e-01
1.659587e-04 2.170096e+01 2.021552e+01 2.965803e+01 9.315495e-01
1.698244e-04 2.142262e+01 1.988625e+01 2.922998e+01 9.282829e-01
1.737801e-04 2.115356e+01 1.955983e+01 2.881077e+01 9.246592e-01
1.778279e-04 2.089352e+01 1.923647e+01 2.840037e+01 9.206904e-01
1.819701e-04 2.064226e+01 1.891634e+01 2.799876e+01 9.163889e-01
1.862087e-04 2.039951e+01 1.859961e+01 2.760590e+01 9.117675e-01
1.905461e-04 2.016503e+01 1.828645e+01 2.722173e+01 9.068398e-01
1.949845e-04 1.993856e+01 1.797700e+01 2.684621e+01 9.016194e-01
1.995262e-04 1.971986e+01 1.767137e+01 2.647925e+01 8.961204e-01
2.041738e-04 1.950868e+01 1.736970e+01 2.612078e+01 8.903572e-01
2.089296e-04 1.930478e+01 1.707207e+01 2.577073e+01 8.843443e-01
2.137962e-04 1.910792e+01 1.677859e+01 2.542900e+01 8.780962e-01
2.187762e-04 1.891787e+01 1.648934e+01 2.509550e+01 8.716278e-01
2.238721e-04 1.873439e+01 1.620437e+01 2.477012e+01 8.649536e-01
2.290868e-04 1.855726e+01 1.592376e+01 2.445277e+01 8.580884e-01
2.344229e-04 1.838625e+01 1.564756e+01 2.414333e+01 8.510467e-01
2.398833e-04 1.822117e+01 1.537581e+01 2.384169e+01 8.438430e-01
2.454709e-04 1.806179e+01 1.510853e+01 2.354774e+01 8.364916e-01
2.511886e-04 1.790790e+01 1.484577e+01 2.326134e+01 8.290066e-01
2.570396e-04 1.775932e+01 1.458754e+01 2.298238e+01 8.214018e-01
2.630268e-04 1.761584e+01 1.433385e+01 2.271073e+01 8.136909e-01
2.691535e-04 1.747728e+01 1.408471e+01 2.244626e+01 8.058870e-01
2.754229e-04 1.734345e+01 1.384013e+01 2.218884e+01 7.980033e-01
2.818383e-04 1.721418e+01 1.360011e+01 2.193835e+01 7.900523e-01
2.884032e-04 1.708930e+01 1.336463e+01 2.169464e+01 7.820465e-01
2.951209e-04 1.696863e+01 1.313368e+01 2.145759e+01 7.739977e-01
3.019952e-04 1.685202e+01 1.290726e+01 2.122705e+01 7.659177e-01
3.090295e-04 1.673930e+01 1.268534e+01 2.100291e+01 7.578176e-01
3.162278e-04 1.663034e+01 1.246790e+01 2.078501e+01 7.497083e-01
3.235937e-04 1.652497e+01 1.225492e+01 2.057322e+01 7.416004e-01
3.311311e-04 1.642305e+01 1.204637e+01 2.036742e+01 7.335039e-01
3.388442e-04 1.632446e+01 1.184223e+01 2.016746e+01 7.254287e-01
3.467369e-04 1.622905e+01 1.164246e+01 1.997320e+01 7.173841e-01
3.548134e-04 1.613669e+01 1.144703e+01 1.978452e+01 7.093791e-01
3.630781e-04 1.604727e+01 1.125591e+01 1.960128e+01 7.014225e-01
3.715352e-04 1.596065e+01 1.106907e+01 1.942335e+01 6.935224e-01
3.801894e-04 1.587672e+01 1.088646e+01 1.925059e+01 6.856869e-01
3.890451e-04 1.579536e+01 1.070805e+01 1.908287e+01 6.779236e-01
3.981072e-04 1.571647e+01 1.053380e+01 1.892005e+01 6.702397e-01
4.073803e-04 1.563993e+01 1.036368e+01 1.876202e+01 6.626422e-01
4.168694e-04 1.556564e+01 1.019764e+01 1.860863e+01 6.551377e-01
4.265795e-04 1.549350e+01 1.003564e+01 1.845976e+01 6.477324e-01
4.365158e-04 1.542340e+01 9.877648e+00 1.831527e+01 6.404324e-01
4.466836e-04 1.535526e+01 9.723616e+00 1.817506e+01 6.332434e-01
4.570882e-04 1.528897e+01 9.573505e+00 1.803897e+01 6.261707e-01
4.677351e-04 1.522444e+01 9.427272e+00 1.790690e+01 6.192195e-01
4.786301e-04 1.516159e+01 9.284874e+00 1.777871e+01 6.123945e-01
4.897788e-04 1.510032e+01 9.146270e+00 1.765429e+01 6.057003e-01
5.011872e-04 1.504055e+01 9.011416e+00 1.753351e+01 5.991412e-01
5.128614e-04 1.498220e+01 8.880269e+00 1.741624e+01 5.927212e-01
5.248075e-04 1.492518e+01 8.752784e+00 1.730238e+01 5.864440e-01
5.370318e-04 1.486942e+01 8.628919e+00 1.719180e+01 5.803131e-01
5.495409e-04 1.481483e+01 8.508628e+00 1.708438e+01 5.743319e-01
5.623413e-04 1.476133e+01 8.391867e+00 1.698000e+01 5.685033e-01
5.754399e-04 1.470886e+01 8.278591e+00 1.687856e+01 5.628301e-01
5.888437e-04 1.465734e+01 8.168754e+00 1.677993e+01 5.573149e-01
6.025596e-04 1.460669e+01 8.062312e+00 1.668402e+01 5.519600e-01
6.165950e-04 1.455685e+01 7.959217e+00 1.659069e+01 5.467677e-01
6.309573e-04 1.450775e+01 7.859423e+00 1.649986e+01 5.417398e-01
6.456542e-04 1.445931e+01 7.762884e+00 1.641140e+01 5.368780e-01
6.606934e-04 1.441147e+01 7.669552e+00 1.632521e+01 5.321839e-01
6.760830e-04 1.436417e+01 7.579380e+00 1.624119e+01 5.276588e-01
6.918310e-04 1.431733e+01 7.492319e+00 1.615924e+01 5.233040e-01
7.079458e-04 1.427091e+01 7.408320e+00 1.607924e+01 5.191203e-01
7.244360e-04 1.422483e+01 7.327336e+00 1.600112e+01 5.151087e-01
7.413102e-04 1.417904e+01 7.249315e+00 1.592476e+01 5.112697e-01
7.585776e-04 1.413348e+01 7.174209e+00 1.585006e+01 5.076038e-01
7.762471e-04 1.408809e+01 7.101967e+00 1.577695e+01 5.041115e-01
7.943282e-04 1.404281e+01 7.032537e+00 1.570532e+01 5.007928e-01
8.128305e-04 1.399759e+01 6.965870e+00 1.563508e+01 4.976478e-01
8.317638e-04 1.395237e+01 6.901912e+00 1.556615e+01 4.946765e-01
8.511380e-04 1.390711e+01 6.840612e+00 1.549845e+01 4.918786e-01
8.709636e-04 1.386176e+01 6.781918e+00 1.543187e+01 4.892538e-01
8.912509e-04 1.381625e+01 6.725775e+00 1.536636e+01 4.868017e-01
9.120108e-04 1.377055e+01 6.672130e+00 1.530181e+01 4.845216e-01
9.332543e-04 1.372461e+01 6.620931e+00 1.523817e+01 4.824129e-01
9.549926e-04 1.367839e+01 6.572121e+00 1.517534e+01 4.804749e-01
9.772372e-04 1.363183e+01 6.525648e+00 1.511327e+01 4.787067e-01
1.000000e-03 1.358490e+01 6.481456e+00 1.505187e+01 4.771073e-01
1.023293e-03 1.353756e+01 6.439490e+00 1.499108e+01 4.756758e-01
1.047129e-03 1.348977e+01 6.399694e+00 1.493084e+01 4.744110e-01
1.071519e-03 1.344149e+01 6.362014e+00 1.487107e+01 4.733118e-01
1.096478e-03 1.339268e+01 6.326393e+00 1.481172e+01 4.723771e-01
1.122018e-03 1.334331e+01 6.292776e+00 1.475272e+01 4.716055e-01
1.148154e-03 1.329334e+01 6.261107e+00 1.469403e+01 4.709957e-01
1.174898e-03 1.324275e+01 6.231330e+00 1.463557e+01 4.705464e-01
1.202264e-03 1.319151e+01 6.203390e+00 1.457731e+01 4.702563e-01
1.230269e-03 1.313958e+01 6.177229e+00 1.451918e+01 4.701239e-01
1.258925e-03 1.308693e+01 6.152794e+00 1.446115e+01 4.701478e-01
1.288250e-03 1.303355e+01 6.130027e+00 1.440315e+01 4.703266e-01
1.318257e-03 1.297941e+01 6.108874e+00 1.434515e+01 4.706589e-01
1.348963e-03 1.292448e+01 6.089280e+00 1.428711e+01 4.711432e-01
1.380384e-03 1.286874e+01 6.071189e+00 1.422898e+01 4.717780e-01
1.412538e-03 1.281217e+01 6.054547e+00 1.417072e+01 4.725620e-01
1.445440e-03 1.275476e+01 6.039299e+00 1.411230e+01 4.734938e-01
1.479108e-03 1.269648e+01 6.025392e+00 1.405368e+01 4.745719e-01
1.513561e-03 1.263732e+01 6.012771e+00 1.399483e+01 4.757950e-01
1.548817e-03 1.257725e+01 6.001384e+00 1.393571e+01 4.771617e-01
1.584893e-03 1.251628e+01 5.991177e+00 1.387629e+01 4.786707e-01
1.621810e-03 1.245438e+01 5.982097e+00 1.381655e+01 4.803208e-01
1.659587e-03 1.239154e+01 5.974092e+00 1.375645e+01 4.821106e-01
1.698244e-03 1.232775e+01 5.967110e+00 1.369598e+01 4.840389e-01
1.737801e-03 1.226300e+01 5.961100e+00 1.363510e+01 4.861045e-01
1.778279e-03 1.219728e+01 5.956009e+00 1.357379e+01 4.883064e-01
1.819701e-03 1.213058e+01 5.951787e+00 1.351202e+01 4.906432e-01
1.862087e-03 1.206290e+01 5.948383e+00 1.344979e+01 4.931141e-01
1.905461e-03 1.199422e+01 5.945747e+00 1.338705e+01 4.957177e-01
1.949845e-03 1.192454e+01 5.943827e+00 1.332381e+01 4.984533e-01
1.995262e-03 1.185386e+01 5.942574e+00 1.326002e+01 5.013197e-01
2.041738e-03 1.178218e+01 5.941938e+00 1.319569e+01 5.043159e-01
2.089296e-03 1.170948e+01 5.941869e+00 1.313079e+01 5.074410e-01
2.137962e-03 1.163577e+01 5.942316e+00 1.306530e+01 5.106940e-01
2.187762e-03 1.156104e+01 5.943230e+00 1.299922e+01 5.140739e-01
2.238721e-03 1.148530e+01 5.944561e+00 1.293252e+01 5.175799e-01
2.290868e-03 1.140855e+01 5.946259e+00 1.286518e+01 5.212109e-01
2.344229e-03 1.133078e+01 5.948275e+00 1.279721e+01 5.249659e-01
2.398833e-03 1.125201e+01 5.950558e+00 1.272858e+01 5.288441e-01
2.454709e-03 1.117223e+01 5.953060e+00 1.265929e+01 5.328444e-01
2.511886e-03 1.109145e+01 5.955729e+00 1.258932e+01 5.369658e-01
2.570396e-03 1.100968e+01 5.958517e+00 1.251866e+01 5.412072e-01
2.630268e-03 1.092692e+01 5.961373e+00 1.244731e+01 5.455674e-01
2.691535e-03 1.084319e+01 5.964247e+00 1.237526e+01 5.500455e-01
2.754229e-03 1.075849e+01 5.967090e+00 1.230249e+01 5.546401e-01
2.818383e-03 1.067284e+01 5.969852e+00 1.222901e+01 5.593499e-01
2.884032e-03 1.058625e+01 5.972484e+00 1.215480e+01 5.641737e-01
2.951209e-03 1.049874e+01 5.974937e+00 1.207987e+01 5.691100e-01
3.019952e-03 1.041032e+01 5.977161e+00 1.200422e+01 5.741573e-01
3.090295e-03 1.032101e+01 5.979109e+00 1.192783e+01 5.793141e-01
3.162278e-03 1.023084e+01 5.980732e+00 1.185071e+01 5.845786e-01
3.235937e-03 1.013983e+01 5.981984e+00 1.177286e+01 5.899491e-01
3.311311e-03 1.004800e+01 5.982817e+00 1.169429e+01 5.954238e-01
3.388442e-03 9.955372e+00 5.983186e+00 1.161499e+01 6.010007e-01
3.467369e-03 9.861983e+00 5.983046e+00 1.153497e+01 6.066778e-01
3.548134e-03 9.767861e+00 5.982353e+00 1.145424e+01 6.124527e-01
3.630781e-03 9.673037e+00 5.981065e+00 1.137281e+01 6.183234e-01
3.715352e-03 9.577545e+00 5.979140e+00 1.129068e+01 6.242873e-01
3.801894e-03 9.481422e+00 5.976538e+00 1.120787e+01 6.303420e-01
3.890451e-03 9.384704e+00 5.973222e+00 1.112439e+01 6.364849e-01
3.981072e-03 9.287431e+00 5.969155e+00 1.104025e+01 6.427133e-01
4.073803e-03 9.189644e+00 5.964302e+00 1.095548e+01 6.490243e-01
4.168694e-03 9.091385e+00 5.958630e+00 1.087008e+01 6.554150e-01
4.265795e-03 8.992697e+00 5.952108e+00 1.078407e+01 6.618824e-01
4.365158e-03 8.893626e+00 5.944707e+00 1.069748e+01 6.684234e-01
4.466836e-03 8.794218e+00 5.936402e+00 1.061033e+01 6.750347e-01
4.570882e-03 8.694520e+00 5.927168e+00 1.052264e+01 6.817131e-01
4.677351e-03 8.594581e+00 5.916983e+00 1.043444e+01 6.884551e-01
4.786301e-03 8.494449e+00 5.905828e+00 1.034575e+01 6.952573e-01
4.897788e-03 8.394175e+00 5.893685e+00 1.025659e+01 7.021161e-01
5.011872e-03 8.293808e+00 5.880542e+00 1.016701e+01 7.090280e-01
5.128614e-03 8.193399e+00 5.866385e+00 1.007702e+01 7.159891e-01
5.248075e-03 8.093000e+00 5.851206e+00 9.986654e+00 7.229960e-01
5.370318e-03 7.992660e+00 5.834999e+00 9.895950e+00 7.300446e-01
5.495409e-03 7.892431e+00 5.817758e+00 9.804937e+00 7.371313e-01
5.623413e-03 7.792364e+00 5.799483e+00 9.713647e+00 7.442522e-01
5.754399e-03 7.692507e+00 5.780176e+00 9.622115e+00 7.514034e-01
5.888437e-03 7.592911e+00 5.759838e+00 9.530374e+00 7.585810e-01
6.025596e-03 7.493624e+00 5.738477e+00 9.438460e+00 7.657812e-01
6.165950e-03 7.394695e+00 5.716100e+00 9.346407e+00 7.730001e-01
6.309573e-03 7.296171e+00 5.692719e+00 9.254251e+00 7.802338e-01
6.456542e-03 7.198097e+00 5.668346e+00 9.162028e+00 7.874785e-01
6.606934e-03 7.100518e+00 5.642997e+00 9.069772e+00 7.947303e-01
6.760830e-03 7.003478e+00 5.616687e+00 8.977521e+00 8.019855e-01
6.918310e-03 6.907018e+00 5.589437e+00 8.885308e+00 8.092404e-01
7.079458e-03 6.811179e+00 5.561267e+00 8.793171e+00 8.164912e-01
7.244360e-03 6.716000e+00 5.532200e+00 8.701143e+00 8.237345e-01
7.413102e-03 6.621517e+00 5.502260e+00 8.609260e+00 8.309666e-01
7.585776e-03 6.527768e+00 5.471472e+00 8.517556e+00 8.381843e-01
7.762471e-03 6.434784e+00 5.439864e+00 8.426064e+00 8.453841e-01
7.943282e-03 6.342598e+00 5.407464e+00 8.334819e+00 8.525629e-01
8.128305e-03 6.251239e+00 5.374301e+00 8.243852e+00 8.597177e-01
8.317638e-03 6.160736e+00 5.340406e+00 8.153196e+00 8.668454e-01
8.511380e-03 6.071114e+00 5.305810e+00 8.062880e+00 8.739434e-01
8.709636e-03 5.982397e+00 5.270545e+00 7.972937e+00 8.810090e-01
8.912509e-03 5.894607e+00 5.234645e+00 7.883394e+00 8.880398e-01
9.120108e-03 5.807764e+00 5.198142e+00 7.794280e+00 8.950334e-01
9.332543e-03 5.721885e+00 5.161071e+00 7.705622e+00 9.019879e-01
9.549926e-03 5.636986e+00 5.123464e+00 7.617447e+00 9.089013e-01
9.772372e-03 5.553082e+00 5.085357e+00 7.529779e+00 9.157720e-01
1.000000e-02 5.470183e+00 5.046783e+00 7.442642e+00 9.225985e-01
1.023293e-02 5.388300e+00 5.007776e+00 7.356058e+00 9.293796e-01
1.047129e-02 5.307440e+00 4.968371e+00 7.270050e+00 9.361144e-01
1.071519e-02 5.227609e+00 4.928600e+00 7.184636e+00 9.428019e-01
1.096478e-02 5.148813e+00 4.888497e+00 7.099836e+00 9.494417e-01
1.122018e-02 5.071052e+00 4.848095e+00 7.015668e+00 9.560335e-01
1.148154e-02 4.994327e+00 4.807426e+00 6.932146e+00 9.625772e-01
1.174898e-02 4.918639e+00 4.766520e+00 6.849286e+00 9.690730e-01
1.202264e-02 4.843983e+00 4.725409e+00 6.767102e+00 9.755214e-01
1.230269e-02 4.770357e+00 4.684122e+00 6.685605e+00 9.819228e-01
1.258925e-02 4.697754e+00 4.642689e+00 6.604805e+00 9.882783e-01
1.288250e-02 4.626168e+00 4.601135e+00 6.524713e+00 9.945888e-01
1.318257e-02 4.555591e+00 4.559489e+00 6.445336e+00 1.000856e+00
1.348963e-02 4.486014e+00 4.517776e+00 6.366680e+00 1.007080e+00
1.380384e-02 4.417425e+00 4.476020e+00 6.288752e+00 1.013264e+00
1.412538e-02 4.349815e+00 4.434244e+00 6.211555e+00 1.019410e+00
1.445440e-02 4.283172e+00 4.392471e+00 6.135093e+00 1.025518e+00
1.479108e-02 4.217481e+00 4.350720e+00 6.059366e+00 1.031592e+00
1.513561e-02 4.152731e+00 4.309012e+00 5.984376e+00 1.037633e+00
1.548817e-02 4.088906e+00 4.267364e+00 5.910123e+00 1.043644e+00
1.584893e-02 4.025993e+00 4.225793e+00 5.836604e+00 1.049627e+00
1.621810e-02 3.963976e+00 4.184314e+00 5.763818e+00 1.055585e+00
1.659587e-02 3.902841e+00 4.142943e+00 5.691761e+00 1.061520e+00
1.698244e-02 3.842573e+00 4.101690e+00 5.620429e+00 1.067433e+00
1.737801e-02 3.783154e+00 4.060569e+00 5.549818e+00 1.073329e+00
1.778279e-02 3.724572e+00 4.019590e+00 5.479922e+00 1.079209e+00
1.819701e-02 3.666809e+00 3.978762e+00 5.410734e+00 1.085075e+00
1.862087e-02 3.609852e+00 3.938093e+00 5.342247e+00 1.090929e+00
1.905461e-02 3.553684e+00 3.897591e+00 5.274456e+00 1.096775e+00
1.949845e-02 3.498292e+00 3.857261e+00 5.207351e+00 1.102613e+00
1.995262e-02 3.443661e+00 3.817109e+00 5.140926e+00 1.108445e+00
2.041738e-02 3.389777e+00 3.777138e+00 5.075171e+00 1.114273e+00
2.089296e-02 3.336627e+00 3.737352e+00 5.010078e+00 1.120099e+00
2.137962e-02 3.284197e+00 3.697754e+00 4.945638e+00 1.125923e+00
2.187762e-02 3.232476e+00 3.658345e+00 4.881843e+00 1.131747e+00
2.238721e-02 3.181452e+00 3.619127e+00 4.818684e+00 1.137571e+00
2.290868e-02 3.131112e+00 3.580099e+00 4.756151e+00 1.143395e+00
2.344229e-02 3.081448e+00 3.541262e+00 4.694237e+00 1.149220e+00
2.398833e-02 3.032449e+00 3.502615e+00 4.632932e+00 1.155045e+00
2.454709e-02 2.984105e+00 3.464158e+00 4.572228e+00 1.160870e+00
2.511886e-02 2.936407e+00 3.425889e+00 4.512117e+00 1.166694e+00
2.570396e-02 2.889349e+00 3.387806e+00 4.452591e+00 1.172515e+00
2.630268e-02 2.842922e+00 3.349908e+00 4.393642e+00 1.178333e+00
2.691535e-02 2.797120e+00 3.312193e+00 4.335263e+00 1.184144e+00
2.754229e-02 2.751937e+00 3.274659e+00 4.277447e+00 1.189947e+00
2.818383e-02 2.707368e+00 3.237304e+00 4.220187e+00 1.195738e+00
2.884032e-02 2.663407e+00 3.200125e+00 4.163476e+00 1.201516e+00
2.951209e-02 2.620051e+00 3.163121e+00 4.107310e+00 1.207275e+00
3.019952e-02 2.577295e+00 3.126290e+00 4.051683e+00 1.213012e+00
3.090295e-02 2.535137e+00 3.089630e+00 3.996590e+00 1.218723e+00
3.162278e-02 2.493574e+00 3.053140e+00 3.942027e+00 1.224403e+00
3.235937e-02 2.452604e+00 3.016818e+00 3.887989e+00 1.230047e+00
3.311311e-02 2.412226e+00 2.980664e+00 3.834474e+00 1.235649e+00
3.388442e-02 2.372437e+00 2.944677e+00 3.781478e+00 1.241204e+00
3.467369e-02 2.333236e+00 2.908857e+00 3.729000e+00 1.246705e+00
3.548134e-02 2.294624e+00 2.873203e+00 3.677036e+00 1.252146e+00
3.630781e-02 2.256599e+00 2.837716e+00 3.625586e+00 1.257519e+00
3.715352e-02 2.219161e+00 2.802398e+00 3.574648e+00 1.262818e+00
3.801894e-02 2.182311e+00 2.767248e+00 3.524222e+00 1.268036e+00
3.890451e-02 2.146048e+00 2.732270e+00 3.474308e+00 1.273164e+00
3.981072e-02 2.110372e+00 2.697465e+00 3.424906e+00 1.278194e+00
4.073803e-02 2.075283e+00 2.662835e+00 3.376017e+00 1.283119e+00
4.168694e-02 2.040782e+00 2.628384e+00 3.327641e+00 1.287930e+00
4.265795e-02 2.006869e+00 2.594115e+00 3.279780e+00 1.292618e+00
4.365158e-02 1.973543e+00 2.560032e+00 3.232435e+00 1.297176e+00
4.466836e-02 1.940805e+00 2.526139e+00 3.185609e+00 1.301594e+00
4.570882e-02 1.908653e+00 2.492441e+00 3.139303e+00 1.305864e+00
4.677351e-02 1.877089e+00 2.458943e+00 3.093519e+00 1.309977e+00
4.786301e-02 1.846110e+00 2.425650e+00 3.048261e+00 1.313925e+00
4.897788e-02 1.815715e+00 2.392567e+00 3.003531e+00 1.317700e+00
5.011872e-02 1.785904e+00 2.359702e+00 2.959332e+00 1.321293e+00
5.128614e-02 1.756675e+00 2.327059e+00 2.915667e+00 1.324696e+00
5.248075e-02 1.728025e+00 2.294646e+00 2.872537e+00 1.327902e+00
5.370318e-02 1.699952e+00 2.262470e+00 2.829948e+00 1.330902e+00
5.495409e-02 1.672453e+00 2.230536e+00 2.787900e+00 1.333691e+00
5.623413e-02 1.645525e+00 2.198852e+00 2.746398e+00 1.336262e+00
5.754399e-02 1.619165e+00 2.167426e+00 2.705444e+00 1.338608e+00
5.888437e-02 1.593367e+00 2.136264e+00 2.665041e+00 1.340723e+00
6.025596e-02 1.568129e+00 2.105374e+00 2.625191e+00 1.342603e+00
6.165950e-02 1.543444e+00 2.074762e+00 2.585896e+00 1.344242e+00
6.309573e-02 1.519307e+00 2.044437e+00 2.547159e+00 1.345638e+00
6.456542e-02 1.495713e+00 2.014406e+00 2.508981e+00 1.346787e+00
6.606934e-02 1.472654e+00 1.984675e+00 2.471365e+00 1.347685e+00
6.760830e-02 1.450125e+00 1.955251e+00 2.434311e+00 1.348332e+00
6.918310e-02 1.428119e+00 1.926141e+00 2.397821e+00 1.348726e+00
7.079458e-02 1.406627e+00 1.897353e+00 2.361895e+00 1.348867e+00
7.244360e-02 1.385641e+00 1.868892e+00 2.326533e+00 1.348756e+00
7.413102e-02 1.365154e+00 1.840764e+00 2.291737e+00 1.348393e+00
7.585776e-02 1.345157e+00 1.812976e+00 2.257505e+00 1.347780e+00
7.762471e-02 1.325640e+00 1.785532e+00 2.223836e+00 1.346921e+00
7.943282e-02 1.306595e+00 1.758439e+00 2.190730e+00 1.345818e+00
8.128305e-02 1.288011e+00 1.731702e+00 2.158185e+00 1.344478e+00
8.317638e-02 1.269879e+00 1.705325e+00 2.126200e+00 1.342903e+00
8.511380e-02 1.252189e+00 1.679312e+00 2.094771e+00 1.341101e+00
8.709636e-02 1.234930e+00 1.653667e+00 2.063896e+00 1.339078e+00
8.912509e-02 1.218091e+00 1.628394e+00 2.033571e+00 1.336841e+00
9.120108e-02 1.201662e+00 1.603496e+00 2.003794e+00 1.334399e+00
9.332543e-02 1.185632e+00 1.578976e+00 1.974560e+00 1.331759e+00
9.549926e-02 1.169989e+00 1.554836e+00 1.945865e+00 1.328932e+00
9.772372e-02 1.154723e+00 1.531078e+00 1.917703e+00 1.325926e+00
1.000000e-01 1.139823e+00 1.507703e+00 1.890070e+00 1.322752e+00
1.023293e-01 1.125276e+00 1.484712e+00 1.862959e+00 1.319421e+00
1.047129e-01 1.111072e+00 1.462107e+00 1.836365e+00 1.315943e+00
1.071519e-01 1.097199e+00 1.439887e+00 1.810281e+00 1.312329e+00
1.096478e-01 1.083646e+00 1.418051e+00 1.784701e+00 1.308593e+00
1.122018e-01 1.070402e+00 1.396601e+00 1.759618e+00 1.304744e+00
1.148154e-01 1.057456e+00 1.375533e+00 1.735023e+00 1.300795e+00
1.174898e-01 1.044795e+00 1.354848e+00 1.710909e+00 1.296759e+00
1.202264e-01 1.032411e+00 1.334542e+00 1.687269e+00 1.292647e+00
1.230269e-01 1.020291e+00 1.314615e+00 1.664093e+00 1.288471e+00
1.258925e-01 1.008424e+00 1.295062e+00 1.641373e+00 1.284243e+00
1.288250e-01 9.968017e-01 1.275882e+00 1.619101e+00 1.279976e+00
1.318257e-01 9.854121e-01 1.257071e+00 1.597268e+00 1.275681e+00
1.348963e-01 9.742455e-01 1.238626e+00 1.575864e+00 1.271369e+00
1.380384e-01 9.632921e-01 1.220541e+00 1.554880e+00 1.267052e+00
1.412538e-01 9.525423e-01 1.202814e+00 1.534307e+00 1.262741e+00
1.445440e-01 9.419867e-01 1.185440e+00 1.514135e+00 1.258446e+00
1.479108e-01 9.316162e-01 1.168413e+00 1.494355e+00 1.254179e+00
1.513561e-01 9.214221e-01 1.151729e+00 1.474957e+00 1.249948e+00
1.548817e-01 9.113959e-01 1.135383e+00 1.455932e+00 1.245763e+00
1.584893e-01 9.015293e-01 1.119369e+00 1.437269e+00 1.241634e+00
1.621810e-01 8.918146e-01 1.103682e+00 1.418960e+00 1.237568e+00
1.659587e-01 8.822442e-01 1.088315e+00 1.400994e+00 1.233575e+00
1.698244e-01 8.728107e-01 1.073262e+00 1.383362e+00 1.229662e+00
1.737801e-01 8.635074e-01 1.058519e+00 1.366055e+00 1.225837e+00
1.778279e-01 8.543276e-01 1.044078e+00 1.349064e+00 1.222105e+00
1.819701e-01 8.452651e-01 1.029933e+00 1.332380e+00 1.218473e+00
1.862087e-01 8.363140e-01 1.016078e+00 1.315992e+00 1.214948e+00
1.905461e-01 8.274686e-01 1.002507e+00 1.299894e+00 1.211534e+00
1.949845e-01 8.187236e-01 9.892123e-01 1.284075e+00 1.208237e+00
1.995262e-01 8.100741e-01 9.761887e-01 1.268528e+00 1.205061e+00
2.041738e-01 8.015155e-01 9.634295e-01 1.253245e+00 1.202010e+00
2.089296e-01 7.930432e-01 9.509282e-01 1.238217e+00 1.199087e+00
2.137962e-01 7.846533e-01 9.386785e-01 1.223437e+00 1.196297e+00
2.187762e-01 7.763420e-01 9.266743e-01 1.208897e+00 1.193642e+00
2.238721e-01 7.681057e-01 9.149093e-01 1.194590e+00 1.191124e+00
2.290868e-01 7.599411e-01 9.033774e-01 1.180509e+00 1.188747e+00
2.344229e-01 7.518453e-01 8.920726e-01 1.166647e+00 1.186511e+00
2.398833e-01 7.438153e-01 8.809891e-01 1.152997e+00 1.184419e+00
2.454709e-01 7.358487e-01 8.701209e-01 1.139554e+00 1.182473e+00
2.511886e-01 7.279431e-01 8.594626e-01 1.126311e+00 1.180673e+00
2.570396e-01 7.200962e-01 8.490085e-01 1.113263e+00 1.179021e+00
2.630268e-01 7.123061e-01 8.387532e-01 1.100403e+00 1.177518e+00
2.691535e-01 7.045710e-01 8.286915e-01 1.087727e+00 1.176165e+00
2.754229e-01 6.968891e-01 8.188184e-01 1.075229e+00 1.174962e+00
2.818383e-01 6.892590e-01 8.091287e-01 1.062905e+00 1.173911e+00
2.884032e-01 6.816791e-01 7.996177e-01 1.050750e+00 1.173012e+00
2.951209e-01 6.741482e-01 7.902807e-01 1.038759e+00 1.172266e+00
3.019952e-01 6.666651e-01 7.811132e-01 1.026928e+00 1.171673e+00
3.090295e-01 6.592286e-01 7.721107e-01 1.015252e+00 1.171234e+00
3.162278e-01 6.518377e-01 7.632689e-01 1.003729e+00 1.170949e+00
3.235937e-01 6.444915e-01 7.545838e-01 9.923538e-01 1.170820e+00
3.311311e-01 6.371890e-01 7.460513e-01 9.811230e-01 1.170848e+00
3.388442e-01 6.299294e-01 7.376675e-01 9.700331e-01 1.171032e+00
3.467369e-01 6.227118e-01 7.294285e-01 9.590808e-01 1.171374e+00
3.548134e-01 6.155355e-01 7.213308e-01 9.482627e-01 1.171875e+00
3.630781e-01 6.083997e-01 7.133708e-01 9.375757e-01 1.172536e+00
3.715352e-01 6.013038e-01 7.055449e-01 9.270167e-01 1.173359e+00
3.801894e-01 5.942470e-01 6.978499e-01 9.165828e-01 1.174343e+00
3.890451e-01 5.872287e-01 6.902823e-01 9.062710e-01 1.175491e+00
3.981072e-01 5.802483e-01 6.828389e-01 8.960787e-01 1.176805e+00
4.073803e-01 5.733051e-01 6.755167e-01 8.860031e-01 1.178285e+00
4.168694e-01 5.663985e-01 6.683125e-01 8.760415e-01 1.179933e+00
4.265795e-01 5.595279e-01 6.612232e-01 8.661915e-01 1.181752e+00
4.365158e-01 5.526929e-01 6.542460e-01 8.564504e-01 1.183742e+00
4.466836e-01 5.458927e-01 6.473779e-01 8.468158e-01 1.185907e+00
4.570882e-01 5.391270e-01 6.406160e-01 8.372854e-01 1.188247e+00
4.677351e-01 5.323952e-01 6.339576e-01 8.278568e-01 1.190765e+00
4.786301e-01 5.256968e-01 6.273998e-01 8.185277e-01 1.193463e+00
4.897788e-01 5.190313e-01 6.209399e-01 8.092959e-01 1.196344e+00
5.011872e-01 5.123984e-01 6.145753e-01 8.001593e-01 1.199409e+00
5.128614e-01 5.057977e-01 6.083032e-01 7.911157e-01 1.202661e+00
5.248075e-01 4.992286e-01 6.021211e-01 7.821631e-01 1.206103e+00
5.370318e-01 4.926910e-01 5.960264e-01 7.732994e-01 1.209737e+00
5.495409e-01 4.861845e-01 5.900165e-01 7.645226e-01 1.213565e+00
5.623413e-01 4.797089e-01 5.840889e-01 7.558310e-01 1.217590e+00
5.754399e-01 4.732638e-01 5.782413e-01 7.472226e-01 1.221816e+00
5.888437e-01 4.668490e-01 5.724710e-01 7.386955e-01 1.226244e+00
6.025596e-01 4.604645e-01 5.667759e-01 7.302482e-01 1.230879e+00
6.165950e-01 4.541100e-01 5.611534e-01 7.218788e-01 1.235721e+00
6.309573e-01 4.477854e-01 5.556014e-01 7.135858e-01 1.240776e+00
6.456542e-01 4.414907e-01 5.501175e-01 7.053675e-01 1.246045e+00
6.606934e-01 4.352259e-01 5.446995e-01 6.972224e-01 1.251533e+00
6.760830e-01 4.289909e-01 5.393452e-01 6.891491e-01 1.257242e+00
6.918310e-01 4.227857e-01 5.340526e-01 6.811461e-01 1.263176e+00
7.079458e-01 4.166105e-01 5.288194e-01 6.732119e-01 1.269338e+00
7.244360e-01 4.104653e-01 5.236437e-01 6.653454e-01 1.275732e+00
7.413102e-01 4.043502e-01 5.185235e-01 6.575452e-01 1.282362e+00
7.585776e-01 3.982655e-01 5.134568e-01 6.498101e-01 1.289233e+00
7.762471e-01 3.922111e-01 5.084416e-01 6.421390e-01 1.296347e+00
7.943282e-01 3.861875e-01 5.034762e-01 6.345306e-01 1.303709e+00
8.128305e-01 3.801947e-01 4.985587e-01 6.269839e-01 1.311325e+00
8.317638e-01 3.742330e-01 4.936873e-01 6.194978e-01 1.319197e+00
8.511380e-01 3.683028e-01 4.888603e-01 6.120713e-01 1.327332e+00
8.709636e-01 3.624042e-01 4.840760e-01 6.047035e-01 1.335735e+00
8.912509e-01 3.565377e-01 4.793327e-01 5.973935e-01 1.344410e+00
9.120108e-01 3.507034e-01 4.746289e-01 5.901402e-01 1.353363e+00
9.332543e-01 3.449018e-01 4.699630e-01 5.829430e-01 1.362600e+00
9.549926e-01 3.391332e-01 4.653335e-01 5.758008e-01 1.372126e+00
9.772372e-01 3.333980e-01 4.607389e-01 5.687130e-01 1.381949e+00
1.000000e+00 3.276965e-01 4.561777e-01 5.616788e-01 1.392074e+00
1.023293e+00 3.220293e-01 4.516485e-01 5.546974e-01 1.402508e+00
1.047129e+00 3.163966e-01 4.471500e-01 5.477681e-01 1.413258e+00
1.071519e+00 3.107989e-01 4.426808e-01 5.408903e-01 1.424332e+00
1.096478e+00 3.052368e-01 4.382397e-01 5.340632e-01 1.435737e+00
1.122018e+00 2.997105e-01 4.338253e-01 5.272863e-01 1.447481e+00
1.148154e+00 2.942207e-01 4.294364e-01 5.205588e-01 1.459572e+00
1.174898e+00 2.887678e-01 4.250719e-01 5.138803e-01 1.472019e+00
1.202264e+00 2.833524e-01 4.207305e-01 5.072502e-01 1.484831e+00
1.230269e+00 2.779749e-01 4.164112e-01 5.006678e-01 1.498017e+00
1.258925e+00 2.726359e-01 4.121127e-01 4.941328e-01 1.511587e+00
1.288250e+00 2.673359e-01 4.078342e-01 4.876446e-01 1.525549e+00
1.318257e+00 2.620757e-01 4.035745e-01 4.812027e-01 1.539916e+00
1.348963e+00 2.568557e-01 3.993326e-01 4.748066e-01 1.554696e+00
1.380384e+00 2.516765e-01 3.951076e-01 4.684560e-01 1.569902e+00
1.412538e+00 2.465389e-01 3.908985e-01 4.621505e-01 1.585545e+00
1.445440e+00 2.414435e-01 3.867045e-01 4.558896e-01 1.601636e+00
1.479108e+00 2.363910e-01 3.825247e-01 4.496731e-01 1.618187e+00
1.513561e+00 2.313820e-01 3.783584e-01 4.435005e-01 1.635211e+00
1.548817e+00 2.264173e-01 3.742047e-01 4.373716e-01 1.652721e+00
1.584893e+00 2.214977e-01 3.700629e-01 4.312861e-01 1.670730e+00
1.621810e+00 2.166238e-01 3.659323e-01 4.252439e-01 1.689252e+00
1.659587e+00 2.117966e-01 3.618124e-01 4.192445e-01 1.708301e+00
1.698244e+00 2.070167e-01 3.577024e-01 4.132880e-01 1.727892e+00
1.737801e+00 2.022850e-01 3.536020e-01 4.073740e-01 1.748039e+00
1.778279e+00 1.976023e-01 3.495106e-01 4.015026e-01 1.768758e+00
1.819701e+00 1.929694e-01 3.454278e-01 3.956735e-01 1.790065e+00
1.862087e+00 1.883873e-01 3.413531e-01 3.898868e-01 1.811976e+00
1.905461e+00 1.838567e-01 3.372863e-01 3.841424e-01 1.834507e+00
1.949845e+00 1.793785e-01 3.332272e-01 3.784402e-01 1.857677e+00
1.995262e+00 1.749536e-01 3.291755e-01 3.727804e-01 1.881502e+00
2.041738e+00 1.705829e-01 3.251310e-01 3.671630e-01 1.906000e+00
2.089296e+00 1.662672e-01 3.210937e-01 3.615881e-01 1.931191e+00
2.137962e+00 1.620074e-01 3.170636e-01 3.560558e-01 1.957093e+00
2.187762e+00 1.578044e-01 3.130406e-01 3.505662e-01 1.983726e+00
2.238721e+00 1.536590e-01 3.090250e-01 3.451196e-01 2.011109e+00
2.290868e+00 1.495721e-01 3.050169e-01 3.397162e-01 2.039263e+00
2.344229e+00 1.455444e-01 3.010164e-01 3.343562e-01 2.068210e+00
2.398833e+00 1.415769e-01 2.970239e-01 3.290399e-01 2.097970e+00
2.454709e+00 1.376701e-01 2.930398e-01 3.237675e-01 2.128565e+00
2.511886e+00 1.338250e-01 2.890644e-01 3.185395e-01 2.160018e+00
2.570396e+00 1.300422e-01 2.850983e-01 3.133561e-01 2.192352e+00
2.630268e+00 1.263224e-01 2.811419e-01 3.082177e-01 2.225590e+00
2.691535e+00 1.226663e-01 2.771959e-01 3.031247e-01 2.259756e+00
2.754229e+00 1.190744e-01 2.732608e-01 2.980775e-01 2.294875e+00
2.818383e+00 1.155473e-01 2.693374e-01 2.930765e-01 2.330972e+00
2.884032e+00 1.120855e-01 2.654265e-01 2.881222e-01 2.368071e+00
2.951209e+00 1.086895e-01 2.615287e-01 2.832149e-01 2.406200e+00
3.019952e+00 1.053597e-01 2.576451e-01 2.783552e-01 2.445385e+00
3.090295e+00 1.020964e-01 2.537763e-01 2.735436e-01 2.485653e+00
3.162278e+00 9.889996e-02 2.499233e-01 2.687804e-01 2.527032e+00
3.235937e+00 9.577056e-02 2.460872e-01 2.640661e-01 2.569549e+00
3.311311e+00 9.270837e-02 2.422687e-01 2.594012e-01 2.613235e+00
3.388442e+00 8.971350e-02 2.384690e-01 2.547862e-01 2.658117e+00
3.467369e+00 8.678600e-02 2.346891e-01 2.502214e-01 2.704227e+00
3.548134e+00 8.392583e-02 2.309299e-01 2.457075e-01 2.751595e+00
3.630781e+00 8.113290e-02 2.271925e-01 2.412447e-01 2.800251e+00
3.715352e+00 7.840706e-02 2.234780e-01 2.368335e-01 2.850229e+00
3.801894e+00 7.574806e-02 2.197875e-01 2.324743e-01 2.901559e+00
3.890451e+00 7.315563e-02 2.161219e-01 2.281675e-01 2.954275e+00
3.981072e+00 7.062941e-02 2.124823e-01 2.239135e-01 3.008412e+00
4.073803e+00 6.816897e-02 2.088699e-01 2.197126e-01 3.064002e+00
4.168694e+00 6.577382e-02 2.052855e-01 2.155651e-01 3.121081e+00
4.265795e+00 6.344343e-02 2.017302e-01 2.114714e-01 3.179686e+00
4.365158e+00 6.117719e-02 1.982050e-01 2.074316e-01 3.239851e+00
4.466836e+00 5.897444e-02 1.947108e-01 2.034461e-01 3.301614e+00
4.570882e+00 5.683446e-02 1.912487e-01 1.995150e-01 3.365013e+00
4.677351e+00 5.475648e-02 1.878195e-01 1.956385e-01 3.430087e+00
4.786301e+00 5.273968e-02 1.844240e-01 1.918168e-01 3.496874e+00
4.897788e+00 5.078320e-02 1.810632e-01 1.880500e-01 3.565414e+00
5.011872e+00 4.888613e-02 1.777377e-01 1.843381e-01 3.635750e+00
5.128614e+00 4.704752e-02 1.744485e-01 1.806813e-01 3.707921e+00
5.248075e+00 4.526638e-02 1.711961e-01 1.770795e-01 3.781971e+00
5.370318e+00 4.354169e-02 1.679814e-01 1.735328e-01 3.857943e+00
5.495409e+00 4.187240e-02 1.648048e-01 1.700409e-01 3.935882e+00
5.623413e+00 4.025743e-02 1.616670e-01 1.666040e-01 4.015831e+00
5.754399e+00 3.869568e-02 1.585686e-01 1.632218e-01 4.097838e+00
5.888437e+00 3.718601e-02 1.555100e-01 1.598942e-01 4.181950e+00
6.025596e+00 3.572729e-02 1.524917e-01 1.566211e-01 4.268214e+00
6.165950e+00 3.431836e-02 1.495141e-01 1.534021e-01 4.356679e+00
6.309573e+00 3.295805e-02 1.465775e-01 1.502371e-01 4.447396e+00
6.456542e+00 3.164517e-02 1.436822e-01 1.471258e-01 4.540416e+00
6.606934e+00 3.037855e-02 1.408286e-01 1.440678e-01 4.635790e+00
6.760830e+00 2.915699e-02 1.380167e-01 1.410629e-01 4.733573e+00
6.918310e+00 2.797931e-02 1.352469e-01 1.381107e-01 4.833818e+00
7.079458e+00 2.684431e-02 1.325191e-01 1.352107e-01 4.936581e+00
7.244360e+00 2.575082e-02 1.298336e-01 1.323626e-01 5.041920e+00
7.413102e+00 2.469766e-02 1.271903e-01 1.295660e-01 5.149892e+00
7.585776e+00 2.368365e-02 1.245892e-01 1.268203e-01 5.260557e+00
7.762471e+00 2.270765e-02 1.220303e-01 1.241251e-01 5.373975e+00
7.943282e+00 2.176849e-02 1.195136e-01 1.214799e-01 5.490210e+00
8.128305e+00 2.086507e-02 1.170389e-01 1.188842e-01 5.609323e+00
8.317638e+00 1.999624e-02 1.146061e-01 1.163374e-01 5.731381e+00
8.511380e+00 1.916092e-02 1.122150e-01 1.138391e-01 5.856449e+00
8.709636e+00 1.835802e-02 1.098653e-01 1.113885e-01 5.984596e+00
8.912509e+00 1.758648e-02 1.075570e-01 1.089853e-01 6.115891e+00
9.120108e+00 1.684525e-02 1.052896e-01 1.066286e-01 6.250405e+00
9.332543e+00 1.613331e-02 1.030630e-01 1.043181e-01 6.388211e+00
9.549926e+00 1.544966e-02 1.008767e-01 1.020530e-01 6.529383e+00
9.772372e+00 1.479331e-02 9.873053e-02 9.983266e-02 6.673998e+00
1.000000e+01 1.416332e-02 9.662404e-02 9.765657e-02 6.822132e+00
