1.000000e-06 9.812596e+01 1.484736e+00 9.813720e+01 1.513092e-02
1.023293e-06 9.812474e+01 1.519298e+00 9.813650e+01 1.548334e-02
1.047129e-06 9.812346e+01 1.554664e+00 9.813577e+01 1.584396e-02
1.071519e-06 9.812212e+01 1.590851e+00 9.813501e+01 1.621298e-02
1.096478e-06 9.812071e+01 1.627880e+00 9.813422e+01 1.659059e-02
1.122018e-06 9.811924e+01 1.665769e+00 9.813338e+01 1.697699e-02
1.148154e-06 9.811770e+01 1.704539e+00 9.813251e+01 1.737239e-02
1.174898e-06 9.811609e+01 1.744210e+00 9.813159e+01 1.777700e-02
1.202264e-06 9.811440e+01 1.784802e+00 9.813063e+01 1.819103e-02
1.230269e-06 9.811263e+01 1.826337e+00 9.812963e+01 1.861470e-02
1.258925e-06 9.811078e+01 1.868837e+00 9.812858e+01 1.904823e-02
1.288250e-06 9.810884e+01 1.912324e+00 9.812748e+01 1.949186e-02
1.318257e-06 9.810682e+01 1.956821e+00 9.812633e+01 1.994582e-02
1.348963e-06 9.810469e+01 2.002351e+00 9.812512e+01 2.041034e-02
1.380384e-06 9.810246e+01 2.048937e+00 9.812386e+01 2.088569e-02
1.412538e-06 9.810014e+01 2.096605e+00 9.812254e+01 2.137210e-02
1.445440e-06 9.809770e+01 2.145380e+00 9.812115e+01 2.186983e-02
1.479108e-06 9.809514e+01 2.195286e+00 9.811970e+01 2.237915e-02
1.513561e-06 9.809247e+01 2.246349e+00 9.811818e+01 2.290033e-02
1.548817e-06 9.808967e+01 2.298597e+00 9.811659e+01 2.343364e-02
1.584893e-06 9.808673e+01 2.352057e+00 9.811493e+01 2.397936e-02
1.621810e-06 9.808366e+01 2.406756e+00 9.811319e+01 2.453779e-02
1.659587e-06 9.808045e+01 2.462723e+00 9.811136e+01 2.510921e-02
1.698244e-06 9.807708e+01 2.519987e+00 9.810945e+01 2.569394e-02
1.737801e-06 9.807356e+01 2.578577e+00 9.810745e+01 2.629228e-02
1.778279e-06 9.806987e+01 2.638525e+00 9.810536e+01 2.690454e-02
1.819701e-06 9.806601e+01 2.699861e+00 9.810316e+01 2.753106e-02
1.862087e-06 9.806196e+01 2.762616e+00 9.810087e+01 2.817215e-02
1.905461e-06 9.805772e+01 2.826824e+00 9.809846e+01 2.882816e-02
1.949845e-06 9.805329e+01 2.892517e+00 9.809594e+01 2.949944e-02
1.995262e-06 9.804865e+01 2.959730e+00 9.809331e+01 3.018634e-02
2.041738e-06 9.804379e+01 3.028497e+00 9.809055e+01 3.088923e-02
2.089296e-06 9.803870e+01 3.098853e+00 9.808766e+01 3.160847e-02
2.137962e-06 9.803337e+01 3.170834e+00 9.808463e+01 3.234444e-02
2.187762e-06 9.802779e+01 3.244478e+00 9.808146e+01 3.309754e-02
2.238721e-06 9.802194e+01 3.319822e+00 9.807815e+01 3.386815e-02
2.290868e-06 9.801583e+01 3.396905e+00 9.807467e+01 3.465670e-02
2.344229e-06 9.800943e+01 3.475765e+00 9.807104e+01 3.546358e-02
2.398833e-06 9.800272e+01 3.556444e+00 9.806723e+01 3.628924e-02
2.454709e-06 9.799570e+01 3.638982e+00 9.806324e+01 3.713410e-02
2.511886e-06 9.798835e+01 3.723420e+00 9.805907e+01 3.799860e-02
2.570396e-06 9.798066e+01 3.809803e+00 9.805470e+01 3.888321e-02
2.630268e-06 9.797261e+01 3.898173e+00 9.805013e+01 3.978839e-02
2.691535e-06 9.796417e+01 3.988574e+00 9.804534e+01 4.071462e-02
2.754229e-06 9.795534e+01 4.081053e+00 9.804032e+01 4.166238e-02
2.818383e-06 9.794610e+01 4.175656e+00 9.803507e+01 4.263218e-02
2.884032e-06 9.793643e+01 4.272429e+00 9.802957e+01 4.362452e-02
2.951209e-06 9.792630e+01 4.371422e+00 9.802382e+01 4.463992e-02
3.019952e-06 9.791569e+01 4.472683e+00 9.801779e+01 4.567892e-02
3.090295e-06 9.790459e+01 4.576263e+00 9.801149e+01 4.674207e-02
3.162278e-06 9.789297e+01 4.682213e+00 9.800488e+01 4.782992e-02
3.235937e-06 9.788081e+01 4.790584e+00 9.799797e+01 4.894304e-02
3.311311e-06 9.786807e+01 4.901431e+00 9.799073e+01 5.008202e-02
3.388442e-06 9.785474e+01 5.014807e+00 9.798315e+01 5.124746e-02
3.467369e-06 9.784079e+01 5.130767e+00 9.797522e+01 5.243996e-02
3.548134e-06 9.782618e+01 5.249368e+00 9.796692e+01 5.366016e-02
3.630781e-06 9.781089e+01 5.370667e+00 9.795823e+01 5.490868e-02
3.715352e-06 9.779488e+01 5.494722e+00 9.794913e+01 5.618619e-02
3.801894e-06 9.777813e+01 5.621592e+00 9.793960e+01 5.749335e-02
3.890451e-06 9.776060e+01 5.751338e+00 9.792963e+01 5.883084e-02
3.981072e-06 9.774224e+01 5.884021e+00 9.791919e+01 6.019937e-02
4.073803e-06 9.772303e+01 6.019704e+00 9.790826e+01 6.159964e-02
4.168694e-06 9.770293e+01 6.158449e+00 9.789683e+01 6.303239e-02
4.265795e-06 9.768189e+01 6.300322e+00 9.788485e+01 6.449836e-02
4.365158e-06 9.765986e+01 6.445387e+00 9.787232e+01 6.599832e-02
4.466836e-06 9.763681e+01 6.593712e+00 9.785921e+01 6.753305e-02
4.570882e-06 9.761269e+01 6.745363e+00 9.784548e+01 6.910334e-02
4.677351e-06 9.758745e+01 6.900410e+00 9.783111e+01 7.071001e-02
4.786301e-06 9.756103e+01 7.058921e+00 9.781607e+01 7.235390e-02
4.897788e-06 9.753339e+01 7.220967e+00 9.780033e+01 7.403585e-02
5.011872e-06 9.750446e+01 7.386620e+00 9.778385e+01 7.575674e-02
5.128614e-06 9.747419e+01 7.555951e+00 9.776661e+01 7.751745e-02
5.248075e-06 9.744252e+01 7.729033e+00 9.774857e+01 7.931890e-02
5.370318e-06 9.740938e+01 7.905941e+00 9.772969e+01 8.116201e-02
5.495409e-06 9.737471e+01 8.086749e+00 9.770993e+01 8.304773e-02
5.623413e-06 9.733843e+01 8.271532e+00 9.768925e+01 8.497703e-02
5.754399e-06 9.730048e+01 8.460366e+00 9.766761e+01 8.695091e-02
5.888437e-06 9.726078e+01 8.653328e+00 9.764497e+01 8.897038e-02
6.025596e-06 9.721925e+01 8.850496e+00 9.762127e+01 9.103646e-02
6.165950e-06 9.717580e+01 9.051947e+00 9.759648e+01 9.315022e-02
6.309573e-06 9.713035e+01 9.257760e+00 9.757055e+01 9.531274e-02
6.456542e-06 9.708282e+01 9.468012e+00 9.754341e+01 9.752511e-02
6.606934e-06 9.703310e+01 9.682783e+00 9.751502e+01 9.978846e-02
6.760830e-06 9.698111e+01 9.902152e+00 9.748532e+01 1.021039e-01
6.918310e-06 9.692673e+01 1.012620e+01 9.745425e+01 1.044727e-01
7.079458e-06 9.686987e+01 1.035500e+01 9.742175e+01 1.068960e-01
7.244360e-06 9.681041e+01 1.058864e+01 9.738775e+01 1.093750e-01
7.413102e-06 9.674824e+01 1.082719e+01 9.735219e+01 1.119109e-01
7.585776e-06 9.668324e+01 1.107073e+01 9.731500e+01 1.145051e-01
7.762471e-06 9.661528e+01 1.131933e+01 9.727610e+01 1.171588e-01
7.943282e-06 9.654424e+01 1.157309e+01 9.723542e+01 1.198734e-01
8.128305e-06 9.646999e+01 1.183206e+01 9.719288e+01 1.226502e-01
8.317638e-06 9.639238e+01 1.209633e+01 9.714840e+01 1.254906e-01
8.511380e-06 9.631126e+01 1.236597e+01 9.710189e+01 1.283959e-01
8.709636e-06 9.622650e+01 1.264105e+01 9.705326e+01 1.313677e-01
8.912509e-06 9.613792e+01 1.292164e+01 9.700242e+01 1.344073e-01
9.120108e-06 9.604538e+01 1.320780e+01 9.694927e+01 1.375163e-01
9.332543e-06 9.594870e+01 1.349961e+01 9.689372e+01 1.406961e-01
9.549926e-06 9.584770e+01 1.379712e+01 9.683565e+01 1.439484e-01
9.772372e-06 9.574221e+01 1.410040e+01 9.677496e+01 1.472746e-01
1.000000e-05 9.563205e+01 1.440950e+01 9.671154e+01 1.506765e-01
1.023293e-05 9.551700e+01 1.472447e+01 9.664527e+01 1.541555e-01
1.047129e-05 9.539688e+01 1.504536e+01 9.657602e+01 1.577134e-01
1.071519e-05 9.527148e+01 1.537222e+01 9.650368e+01 1.613518e-01
1.096478e-05 9.514058e+01 1.570509e+01 9.642811e+01 1.650725e-01
1.122018e-05 9.500396e+01 1.604399e+01 9.634917e+01 1.688771e-01
1.148154e-05 9.486140e+01 1.638897e+01 9.626673e+01 1.727675e-01
1.174898e-05 9.471265e+01 1.674003e+01 9.618064e+01 1.767455e-01
1.202264e-05 9.455748e+01 1.709721e+01 9.609075e+01 1.808128e-01
1.230269e-05 9.439563e+01 1.746049e+01 9.599690e+01 1.849714e-01
1.258925e-05 9.422685e+01 1.782989e+01 9.589893e+01 1.892231e-01
1.288250e-05 9.405088e+01 1.820540e+01 9.579668e+01 1.935697e-01
1.318257e-05 9.386743e+01 1.858700e+01 9.568997e+01 1.980133e-01
1.348963e-05 9.367624e+01 1.897467e+01 9.557863e+01 2.025559e-01
1.380384e-05 9.347701e+01 1.936836e+01 9.546248e+01 2.071992e-01
1.412538e-05 9.326946e+01 1.976804e+01 9.534132e+01 2.119455e-01
1.445440e-05 9.305328e+01 2.017364e+01 9.521496e+01 2.167966e-01
1.479108e-05 9.282817e+01 2.058508e+01 9.508320e+01 2.217547e-01
1.513561e-05 9.259383e+01 2.100230e+01 9.494584e+01 2.268218e-01
1.548817e-05 9.234992e+01 2.142518e+01 9.480267e+01 2.320000e-01
1.584893e-05 9.209614e+01 2.185362e+01 9.465347e+01 2.372914e-01
1.621810e-05 9.183215e+01 2.228749e+01 9.449802e+01 2.426982e-01
1.659587e-05 9.155762e+01 2.272665e+01 9.433609e+01 2.482224e-01
1.698244e-05 9.127222e+01 2.317093e+01 9.416746e+01 2.538662e-01
1.737801e-05 9.097561e+01 2.362015e+01 9.399188e+01 2.596317e-01
1.778279e-05 9.066745e+01 2.407413e+01 9.380911e+01 2.655212e-01
1.819701e-05 9.034739e+01 2.453264e+01 9.361892e+01 2.715368e-01
1.862087e-05 9.001510e+01 2.499545e+01 9.342104e+01 2.776806e-01
1.905461e-05 8.967023e+01 2.546230e+01 9.321523e+01 2.839549e-01
1.949845e-05 8.931244e+01 2.593292e+01 9.300123e+01 2.903618e-01
1.995262e-05 8.894140e+01 2.640700e+01 9.277878e+01 2.969034e-01
2.041738e-05 8.855676e+01 2.688423e+01 9.254762e+01 3.035819e-01
2.089296e-05 8.815820e+01 2.736425e+01 9.230747e+01 3.103994e-01
2.137962e-05 8.774538e+01 2.784671e+01 9.205809e+01 3.173581e-01
2.187762e-05 8.731801e+01 2.833120e+01 9.179919e+01 3.244600e-01
2.238721e-05 8.687576e+01 2.881731e+01 9.153051e+01 3.317071e-01
2.290868e-05 8.641835e+01 2.930459e+01 9.125179e+01 3.391015e-01
2.344229e-05 8.594548e+01 2.979258e+01 9.096276e+01 3.466451e-01
2.398833e-05 8.545689e+01 3.028079e+01 9.066315e+01 3.543399e-01
2.454709e-05 8.495233e+01 3.076869e+01 9.035270e+01 3.621877e-01
2.511886e-05 8.443156e+01 3.125575e+01 9.003116e+01 3.701903e-01
2.570396e-05 8.389437e+01 3.174139e+01 8.969827e+01 3.783495e-01
2.630268e-05 8.334055e+01 3.222503e+01 8.935379e+01 3.866668e-01
2.691535e-05 8.276996e+01 3.270605e+01 8.899748e+01 3.951440e-01
2.754229e-05 8.218243e+01 3.318381e+01 8.862910e+01 4.037823e-01
2.818383e-05 8.157786e+01 3.365766e+01 8.824843e+01 4.125832e-01
2.884032e-05 8.095617e+01 3.412691e+01 8.785527e+01 4.215480e-01
2.951209e-05 8.031730e+01 3.459087e+01 8.744940e+01 4.306776e-01
3.019952e-05 7.966124e+01 3.504881e+01 8.703064e+01 4.399732e-01
3.090295e-05 7.898801e+01 3.550001e+01 8.659882e+01 4.494354e-01
3.162278e-05 7.829766e+01 3.594371e+01 8.615378e+01 4.590650e-01
3.235937e-05 7.759029e+01 3.637917e+01 8.569537e+01 4.688624e-01
3.311311e-05 7.686605e+01 3.680560e+01 8.522348e+01 4.788278e-01
3.388442e-05 7.612512e+01 3.722225e+01 8.473800e+01 4.889615e-01
3.467369e-05 7.536772e+01 3.762832e+01 8.423885e+01 4.992631e-01
3.548134e-05 7.459413e+01 3.802304e+01 8.372596e+01 5.097324e-01
3.630781e-05 7.380468e+01 3.840563e+01 8.319930e+01 5.203686e-01
3.715352e-05 7.299972e+01 3.877532e+01 8.265885e+01 5.311708e-01
3.801894e-05 7.217968e+01 3.913134e+01 8.210462e+01 5.421378e-01
3.890451e-05 7.134502e+01 3.947293e+01 8.153665e+01 5.532682e-01
3.981072e-05 7.049626e+01 3.979937e+01 8.095500e+01 5.645600e-01
4.073803e-05 6.963395e+01 4.010993e+01 8.035977e+01 5.760110e-01
4.168694e-05 6.875870e+01 4.040391e+01 7.975108e+01 5.876188e-01
4.265795e-05 6.787117e+01 4.068065e+01 7.912908e+01 5.993803e-01
4.365158e-05 6.697206e+01 4.093950e+01 7.849395e+01 6.112923e-01
4.466836e-05 6.606210e+01 4.117987e+01 7.784589e+01 6.233509e-01
4.570882e-05 6.514208e+01 4.140117e+01 7.718515e+01 6.355519e-01
4.677351e-05 6.421282e+01 4.160289e+01 7.651200e+01 6.478907e-01
4.786301e-05 6.327517e+01 4.178453e+01 7.582674e+01 6.603621e-01
4.897788e-05 6.233004e+01 4.194565e+01 7.512969e+01 6.729604e-01
5.011872e-05 6.137833e+01 4.208586e+01 7.442123e+01 6.856795e-01
5.128614e-05 6.042100e+01 4.220483e+01 7.370173e+01 6.985126e-01
5.248075e-05 5.945901e+01 4.230226e+01 7.297161e+01 7.114525e-01
5.370318e-05 5.849336e+01 4.237793e+01 7.223131e+01 7.244913e-01
5.495409e-05 5.752505e+01 4.243166e+01 7.148131e+01 7.376205e-01
5.623413e-05 5.655510e+01 4.246333e+01 7.072208e+01 7.508311e-01
5.754399e-05 5.558452e+01 4.247288e+01 6.995416e+01 7.641136e-01
5.888437e-05 5.461433e+01 4.246032e+01 6.917806e+01 7.774574e-01
6.025596e-05 5.364558e+01 4.242571e+01 6.839436e+01 7.908519e-01
6.165950e-05 5.267925e+01 4.236915e+01 6.760362e+01 8.042854e-01
6.309573e-05 5.171637e+01 4.229084e+01 6.680643e+01 8.177457e-01
6.456542e-05 5.075792e+01 4.219101e+01 6.600339e+01 8.312201e-01
6.606934e-05 4.980488e+01 4.206993e+01 6.519513e+01 8.446950e-01
6.760830e-05 4.885818e+01 4.192796e+01 6.438226e+01 8.581565e-01
6.918310e-05 4.791875e+01 4.176549e+01 6.356542e+01 8.715897e-01
7.079458e-05 4.698748e+01 4.158296e+01 6.274525e+01 8.849794e-01
7.244360e-05 4.606524e+01 4.138085e+01 6.192238e+01 8.983097e-01
7.413102e-05 4.515284e+01 4.115971e+01 6.109746e+01 9.115642e-01
7.585776e-05 4.425106e+01 4.092010e+01 6.027114e+01 9.247259e-01
7.762471e-05 4.336065e+01 4.066263e+01 5.944405e+01 9.377774e-01
7.943282e-05 4.248230e+01 4.038795e+01 5.861683e+01 9.507007e-01
8.128305e-05 4.161668e+01 4.009673e+01 5.779010e+01 9.634775e-01
8.317638e-05 4.076438e+01 3.978967e+01 5.696448e+01 9.760890e-01
8.511380e-05 3.992598e+01 3.946748e+01 5.614059e+01 9.885164e-01
8.709636e-05 3.910197e+01 3.913092e+01 5.531902e+01 1.000740e+00
8.912509e-05 3.829284e+01 3.878074e+01 5.450034e+01 1.012741e+00
9.120108e-05 3.749899e+01 3.841770e+01 5.368514e+01 1.024500e+00
9.332543e-05 3.672079e+01 3.804259e+01 5.287395e+01 1.035996e+00
9.549926e-05 3.595856e+01 3.765618e+01 5.206732e+01 1.047210e+00
9.772372e-05 3.521258e+01 3.725927e+01 5.126577e+01 1.058124e+00
1.000000e-04 3.448308e+01 3.685262e+01 5.046978e+01 1.068716e+00
1.023293e-04 3.377023e+01 3.643703e+01 4.967983e+01 1.078969e+00
1.047129e-04 3.307417e+01 3.601327e+01 4.889638e+01 1.088864e+00
1.071519e-04 3.239501e+01 3.558209e+01 4.811987e+01 1.098382e+00
1.096478e-04 3.173280e+01 3.514425e+01 4.735070e+01 1.107506e+00
1.122018e-04 3.108755e+01 3.470049e+01 4.658926e+01 1.116218e+00
1.148154e-04 3.045925e+01 3.425151e+01 4.583593e+01 1.124503e+00
1.174898e-04 2.984785e+01 3.379804e+01 4.509104e+01 1.132344e+00
1.202264e-04 2.925325e+01 3.334075e+01 4.435491e+01 1.139728e+00
1.230269e-04 2.867535e+01 3.288030e+01 4.362786e+01 1.146640e+00
1.258925e-04 2.811400e+01 3.241734e+01 4.291015e+01 1.153068e+00
1.288250e-04 2.756902e+01 3.195248e+01 4.220204e+01 1.158999e+00
1.318257e-04 2.704023e+01 3.148632e+01 4.150376e+01 1.164425e+00
1.348963e-04 2.652739e+01 3.101943e+01 4.081553e+01 1.169336e+00
1.380384e-04 2.603029e+01 3.055235e+01 4.013753e+01 1.173723e+00
1.412538e-04 2.554864e+01 3.008560e+01 3.946995e+01 1.177581e+00
1.445440e-04 2.508220e+01 2.961968e+01 3.881291e+01 1.180904e+00
1.479108e-04 2.463067e+01 2.915506e+01 3.816657e+01 1.183690e+00
1.513561e-04 2.419374e+01 2.869218e+01 3.753103e+01 1.185934e+00
1.548817e-04 2.377111e+01 2.823147e+01 3.690639e+01 1.187638e+00
1.584893e-04 2.336247e+01 2.777331e+01 3.629272e+01 1.188800e+00
1.621810e-04 2.296748e+01 2.731808e+01 3.569009e+01 1.189424e+00
1.659587e-04 2.258581e+01 2.686612e+01 3.509854e+01 1.189514e+00
1.698244e-04 2.221712e+01 2.641777e+01 3.451809e+01 1.189073e+00
1.737801e-04 2.186107e+01 2.597330e+01 3.394877e+01 1.188108e+00
1.778279e-04 2.151732e+01 2.553302e+01 3.339057e+01 1.186626e+00
1.819701e-04 2.118553e+01 2.509717e+01 3.284349e+01 1.184637e+00
1.862087e-04 2.086534e+01 2.466599e+01 3.230748e+01 1.182151e+00
1.905461e-04 2.055643e+01 2.423969e+01 3.178253e+01 1.179178e+00
1.949845e-04 2.025843e+01 2.381848e+01 3.126858e+01 1.175732e+00
1.995262e-04 1.997102e+01 2.340253e+01 3.076557e+01 1.171824e+00
2.041738e-04 1.969387e+01 2.299201e+01 3.027343e+01 1.167470e+00
2.089296e-04 1.942663e+01 2.258705e+01 2.979209e+01 1.162685e+00
2.137962e-04 1.916898e+01 2.218780e+01 2.932146e+01 1.157485e+00
2.187762e-04 1.892060e+01 2.179435e+01 2.886144e+01 1.151885e+00
2.238721e-04 1.868117e+01 2.140682e+01 2.841193e+01 1.145904e+00
2.290868e-04 1.845038e+01 2.102529e+01 2.797283e+01 1.139558e+00
2.344229e-04 1.822793e+01 2.064983e+01 2.754402e+01 1.132867e+00
2.398833e-04 1.801352e+01 2.028050e+01 2.712537e+01 1.125849e+00
2.454709e-04 1.780686e+01 1.991736e+01 2.671676e+01 1.118522e+00
2.511886e-04 1.760765e+01 1.956045e+01 2.631807e+01 1.110906e+00
2.570396e-04 1.741564e+01 1.920979e+01 2.592914e+01 1.103020e+00
2.630268e-04 1.723053e+01 1.886541e+01 2.554985e+01 1.094882e+00
2.691535e-04 1.705208e+01 1.852731e+01 2.518005e+01 1.086514e+00
2.754229e-04 1.688001e+01 1.819552e+01 2.481958e+01 1.077933e+00
2.818383e-04 1.671409e+01 1.787001e+01 2.446831e+01 1.069158e+00
2.884032e-04 1.655408e+01 1.755079e+01 2.412608e+01 1.060210e+00
2.951209e-04 1.639972e+01 1.723784e+01 2.379273e+01 1.051106e+00
3.019952e-04 1.625080e+01 1.693114e+01 2.346811e+01 1.041865e+00
3.090295e-04 1.610710e+01 1.663066e+01 2.315205e+01 1.032505e+00
3.162278e-04 1.596839e+01 1.633637e+01 2.284440e+01 1.023045e+00
3.235937e-04 1.583447e+01 1.604824e+01 2.254499e+01 1.013500e+00
3.311311e-04 1.570513e+01 1.576623e+01 2.225365e+01 1.003890e+00
3.388442e-04 1.558019e+01 1.549029e+01 2.197024e+01 9.942302e-01
3.467369e-04 1.545944e+01 1.522038e+01 2.169457e+01 9.845369e-01
3.548134e-04 1.534270e+01 1.495646e+01 2.142648e+01 9.748259e-01
3.630781e-04 1.522979e+01 1.469846e+01 2.116581e+01 9.651126e-01
3.715352e-04 1.512054e+01 1.444635e+01 2.091238e+01 9.554118e-01
3.801894e-04 1.501478e+01 1.420005e+01 2.066604e+01 9.457378e-01
3.890451e-04 1.491235e+01 1.395951e+01 2.042660e+01 9.361044e-01
3.981072e-04 1.481308e+01 1.372468e+01 2.019391e+01 9.265248e-01
4.073803e-04 1.471682e+01 1.349549e+01 1.996780e+01 9.170118e-01
4.168694e-04 1.462341e+01 1.327189e+01 1.974809e+01 9.075778e-01
4.265795e-04 1.453272e+01 1.305379e+01 1.953463e+01 8.982343e-01
4.365158e-04 1.444461e+01 1.284115e+01 1.932723e+01 8.889927e-01
4.466836e-04 1.435892e+01 1.263389e+01 1.912574e+01 8.798636e-01
4.570882e-04 1.427553e+01 1.243195e+01 1.892998e+01 8.708572e-01
4.677351e-04 1.419431e+01 1.223526e+01 1.873980e+01 8.619833e-01
4.786301e-04 1.411513e+01 1.204375e+01 1.855502e+01 8.532509e-01
4.897788e-04 1.403786e+01 1.185735e+01 1.837548e+01 8.446689e-01
5.011872e-04 1.396239e+01 1.167598e+01 1.820101e+01 8.362455e-01
5.128614e-04 1.388859e+01 1.149959e+01 1.803146e+01 8.279884e-01
5.248075e-04 1.381635e+01 1.132810e+01 1.786666e+01 8.199049e-01
5.370318e-04 1.374557e+01 1.116142e+01 1.770644e+01 8.120018e-01
5.495409e-04 1.367612e+01 1.099950e+01 1.755065e+01 8.042856e-01
5.623413e-04 1.360790e+01 1.084226e+01 1.739912e+01 7.967622e-01
5.754399e-04 1.354081e+01 1.068962e+01 1.725171e+01 7.894371e-01
5.888437e-04 1.347474e+01 1.054150e+01 1.710824e+01 7.823155e-01
6.025596e-04 1.340960e+01 1.039783e+01 1.696857e+01 7.754020e-01
6.165950e-04 1.334529e+01 1.025854e+01 1.683254e+01 7.687011e-01
6.309573e-04 1.328171e+01 1.012354e+01 1.670000e+01 7.622166e-01
6.456542e-04 1.321878e+01 9.992760e+00 1.657080e+01 7.559521e-01
6.606934e-04 1.315639e+01 9.866118e+00 1.644478e+01 7.499108e-01
6.760830e-04 1.309447e+01 9.743533e+00 1.632181e+01 7.440955e-01
6.918310e-04 1.303292e+01 9.624926e+00 1.620173e+01 7.385088e-01
7.079458e-04 1.297166e+01 9.510214e+00 1.608441e+01 7.331529e-01
7.244360e-04 1.291062e+01 9.399315e+00 1.596970e+01 7.280296e-01
7.413102e-04 1.284971e+01 9.292146e+00 1.585746e+01 7.231403e-01
7.585776e-04 1.278886e+01 9.188623e+00 1.574756e+01 7.184865e-01
7.762471e-04 1.272799e+01 9.088660e+00 1.563987e+01 7.140689e-01
7.943282e-04 1.266702e+01 8.992171e+00 1.553424e+01 7.098882e-01
8.128305e-04 1.260590e+01 8.899070e+00 1.543056e+01 7.059449e-01
8.317638e-04 1.254455e+01 8.809268e+00 1.532869e+01 7.022389e-01
8.511380e-04 1.248290e+01 8.722677e+00 1.522852e+01 6.987702e-01
8.709636e-04 1.242089e+01 8.639207e+00 1.512992e+01 6.955383e-01
8.912509e-04 1.235847e+01 8.558768e+00 1.503278e+01 6.925425e-01
9.120108e-04 1.229558e+01 8.481268e+00 1.493697e+01 6.897819e-01
9.332543e-04 1.223216e+01 8.406616e+00 1.484240e+01 6.872554e-01
9.549926e-04 1.216815e+01 8.334718e+00 1.474895e+01 6.849617e-01
9.772372e-04 1.210352e+01 8.265481e+00 1.465651e+01 6.828990e-01
1.000000e-03 1.203821e+01 8.198811e+00 1.456499e+01 6.810657e-01
1.023293e-03 1.197218e+01 8.134613e+00 1.447429e+01 6.794597e-01
1.047129e-03 1.190539e+01 8.072792e+00 1.438431e+01 6.780788e-01
1.071519e-03 1.183780e+01 8.013252e+00 1.429496e+01 6.769206e-01
1.096478e-03 1.176938e+01 7.955897e+00 1.420615e+01 6.759825e-01
1.122018e-03 1.170010e+01 7.900631e+00 1.411780e+01 6.752617e-01
1.148154e-03 1.162993e+01 7.847358e+00 1.402984e+01 6.747553e-01
1.174898e-03 1.155884e+01 7.795981e+00 1.394217e+01 6.744602e-01
1.202264e-03 1.148682e+01 7.746404e+00 1.385474e+01 6.743730e-01
1.230269e-03 1.141385e+01 7.698531e+00 1.376747e+01 6.744904e-01
1.258925e-03 1.133991e+01 7.652266e+00 1.368030e+01 6.748087e-01
1.288250e-03 1.126498e+01 7.607516e+00 1.359317e+01 6.753241e-01
1.318257e-03 1.118908e+01 7.564184e+00 1.350601e+01 6.760329e-01
1.348963e-03 1.111218e+01 7.522178e+00 1.341878e+01 6.769309e-01
1.380384e-03 1.103429e+01 7.481406e+00 1.333143e+01 6.780141e-01
1.412538e-03 1.095542e+01 7.441776e+00 1.324391e+01 6.792782e-01
1.445440e-03 1.087556e+01 7.403197e+00 1.315618e+01 6.807188e-01
1.479108e-03 1.079473e+01 7.365582e+00 1.306821e+01 6.823313e-01
1.513561e-03 1.071294e+01 7.328844e+00 1.297995e+01 6.841113e-01
1.548817e-03 1.063021e+01 7.292897e+00 1.289138e+01 6.860539e-01
1.584893e-03 1.054655e+01 7.257658e+00 1.280248e+01 6.881546e-01
1.621810e-03 1.046199e+01 7.223047e+00 1.271321e+01 6.904083e-01
1.659587e-03 1.037656e+01 7.188984e+00 1.262357e+01 6.928101e-01
1.698244e-03 1.029027e+01 7.155393e+00 1.253353e+01 6.953551e-01
1.737801e-03 1.020317e+01 7.122200e+00 1.244308e+01 6.980382e-01
1.778279e-03 1.011527e+01 7.089333e+00 1.235222e+01 7.008543e-01
1.819701e-03 1.002663e+01 7.056726e+00 1.226094e+01 7.037982e-01
1.862087e-03 9.937276e+00 7.024310e+00 1.216924e+01 7.068648e-01
1.905461e-03 9.847247e+00 6.992025e+00 1.207711e+01 7.100487e-01
1.949845e-03 9.756585e+00 6.959810e+00 1.198457e+01 7.133449e-01
1.995262e-03 9.665335e+00 6.927609e+00 1.189161e+01 7.167479e-01
2.041738e-03 9.573542e+00 6.895369e+00 1.179825e+01 7.202527e-01
2.089296e-03 9.481250e+00 6.863039e+00 1.170450e+01 7.238538e-01
2.137962e-03 9.388509e+00 6.830573e+00 1.161038e+01 7.275461e-01
2.187762e-03 9.295366e+00 6.797927e+00 1.151589e+01 7.313244e-01
2.238721e-03 9.201870e+00 6.765062e+00 1.142105e+01 7.351834e-01
2.290868e-03 9.108072e+00 6.731940e+00 1.132590e+01 7.391179e-01
2.344229e-03 9.014022e+00 6.698527e+00 1.123044e+01 7.431230e-01
2.398833e-03 8.919770e+00 6.664794e+00 1.113471e+01 7.471934e-01
2.454709e-03 8.825368e+00 6.630713e+00 1.103873e+01 7.513242e-01
2.511886e-03 8.730866e+00 6.596260e+00 1.094252e+01 7.555105e-01
2.570396e-03 8.636314e+00 6.561416e+00 1.084611e+01 7.597473e-01
2.630268e-03 8.541762e+00 6.526161e+00 1.074953e+01 7.640298e-01
2.691535e-03 8.447260e+00 6.490481e+00 1.065282e+01 7.683534e-01
2.754229e-03 8.352856e+00 6.454365e+00 1.055599e+01 7.727135e-01
2.818383e-03 8.258599e+00 6.417802e+00 1.045909e+01 7.771055e-01
2.884032e-03 8.164534e+00 6.380788e+00 1.036215e+01 7.815250e-01
2.951209e-03 8.070709e+00 6.343317e+00 1.026518e+01 7.859678e-01
3.019952e-03 7.977168e+00 6.305389e+00 1.016824e+01 7.904296e-01
3.090295e-03 7.883953e+00 6.267005e+00 1.007135e+01 7.949064e-01
3.162278e-03 7.791107e+00 6.228167e+00 9.974539e+00 7.993944e-01
3.235937e-03 7.698671e+00 6.188882e+00 9.877844e+00 8.038896e-01
3.311311e-03 7.606683e+00 6.149155e+00 9.781295e+00 8.083885e-01
3.388442e-03 7.515180e+00 6.108998e+00 9.684926e+00 8.128877e-01
3.467369e-03 7.424199e+00 6.068419e+00 9.588766e+00 8.173837e-01
3.548134e-03 7.333772e+00 6.027432e+00 9.492847e+00 8.218733e-01
3.630781e-03 7.243933e+00 5.986050e+00 9.397200e+00 8.263537e-01
3.715352e-03 7.154711e+00 5.944290e+00 9.301853e+00 8.308218e-01
3.801894e-03 7.066134e+00 5.902166e+00 9.206835e+00 8.352751e-01
3.890451e-03 6.978230e+00 5.859697e+00 9.112176e+00 8.397110e-01
3.981072e-03 6.891024e+00 5.816900e+00 9.017901e+00 8.441272e-01
4.073803e-03 6.804537e+00 5.773796e+00 8.924038e+00 8.485215e-01
4.168694e-03 6.718792e+00 5.730404e+00 8.830611e+00 8.528920e-01
4.265795e-03 6.633808e+00 5.686745e+00 8.737647e+00 8.572369e-01
4.365158e-03 6.549601e+00 5.642839e+00 8.645166e+00 8.615546e-01
4.466836e-03 6.466188e+00 5.598708e+00 8.553193e+00 8.658437e-01
4.570882e-03 6.383582e+00 5.554374e+00 8.461748e+00 8.701030e-01
4.677351e-03 6.301796e+00 5.509857e+00 8.370852e+00 8.743314e-01
4.786301e-03 6.220839e+00 5.465181e+00 8.280522e+00 8.785280e-01
4.897788e-03 6.140721e+00 5.420367e+00 8.190777e+00 8.826922e-01
5.011872e-03 6.061449e+00 5.375435e+00 8.101633e+00 8.868236e-01
5.128614e-03 5.983027e+00 5.330409e+00 8.013106e+00 8.909217e-01
5.248075e-03 5.905461e+00 5.285307e+00 7.925209e+00 8.949864e-01
5.370318e-03 5.828753e+00 5.240152e+00 7.837956e+00 8.990176e-01
5.495409e-03 5.752904e+00 5.194962e+00 7.751357e+00 9.030157e-01
5.623413e-03 5.677913e+00 5.149758e+00 7.665422e+00 9.069807e-01
5.754399e-03 5.603780e+00 5.104557e+00 7.580162e+00 9.109131e-01
5.888437e-03 5.530503e+00 5.059379e+00 7.495584e+00 9.148136e-01
6.025596e-03 5.458077e+00 5.014240e+00 7.411694e+00 9.186826e-01
6.165950e-03 5.386498e+00 4.969157e+00 7.328498e+00 9.225209e-01
6.309573e-03 5.315762e+00 4.924146e+00 7.246001e+00 9.263293e-01
6.456542e-03 5.245861e+00 4.879221e+00 7.164206e+00 9.301088e-01
6.606934e-03 5.176789e+00 4.834396e+00 7.083116e+00 9.338601e-01
6.760830e-03 5.108538e+00 4.789685e+00 7.002731e+00 9.375843e-01
6.918310e-03 5.041101e+00 4.745099e+00 6.923053e+00 9.412822e-01
7.079458e-03 4.974469e+00 4.700649e+00 6.844081e+00 9.449549e-01
7.244360e-03 4.908633e+00 4.656345e+00 6.765813e+00 9.486032e-01
7.413102e-03 4.843584e+00 4.612197e+00 6.688249e+00 9.522281e-01
7.585776e-03 4.779314e+00 4.568213e+00 6.611385e+00 9.558304e-01
7.762471e-03 4.715812e+00 4.524400e+00 6.535218e+00 9.594107e-01
7.943282e-03 4.653069e+00 4.480766e+00 6.459746e+00 9.629699e-01
8.128305e-03 4.591077e+00 4.437315e+00 6.384963e+00 9.665085e-01
8.317638e-03 4.529826e+00 4.394053e+00 6.310865e+00 9.700269e-01
8.511380e-03 4.469306e+00 4.350983e+00 6.237448e+00 9.735255e-01
8.709636e-03 4.409510e+00 4.308111e+00 6.164706e+00 9.770044e-01
8.912509e-03 4.350429e+00 4.265437e+00 6.092634e+00 9.804637e-01
9.120108e-03 4.292054e+00 4.222966e+00 6.021227e+00 9.839032e-01
9.332543e-03 4.234379e+00 4.180699e+00 5.950479e+00 9.873228e-01
9.549926e-03 4.177395e+00 4.138637e+00 5.880386e+00 9.907219e-01
9.772372e-03 4.121095e+00 4.096781e+00 5.810942e+00 9.941000e-01
1.000000e-02 4.065474e+00 4.055133e+00 5.742141e+00 9.974562e-01
1.023293e-02 4.010525e+00 4.013692e+00 5.673979e+00 1.000790e+00
1.047129e-02 3.956242e+00 3.972460e+00 5.606450e+00 1.004099e+00
1.071519e-02 3.902620e+00 3.931436e+00 5.539552e+00 1.007384e+00
1.096478e-02 3.849655e+00 3.890620e+00 5.473278e+00 1.010641e+00
1.122018e-02 3.797341e+00 3.850014e+00 5.407625e+00 1.013871e+00
1.148154e-02 3.745676e+00 3.809616e+00 5.342589e+00 1.017070e+00
1.174898e-02 3.694654e+00 3.769427e+00 5.278168e+00 1.020238e+00
1.202264e-02 3.644274e+00 3.729448e+00 5.214357e+00 1.023372e+00
1.230269e-02 3.594531e+00 3.689679e+00 5.151154e+00 1.026470e+00
1.258925e-02 3.545423e+00 3.650122e+00 5.088557e+00 1.029531e+00
1.288250e-02 3.496947e+00 3.610775e+00 5.026563e+00 1.032551e+00
1.318257e-02 3.449102e+00 3.571642e+00 4.965172e+00 1.035528e+00
1.348963e-02 3.401884e+00 3.532724e+00 4.904381e+00 1.038461e+00
1.380384e-02 3.355291e+00 3.494021e+00 4.844189e+00 1.041347e+00
1.412538e-02 3.309322e+00 3.455537e+00 4.784595e+00 1.044183e+00
1.445440e-02 3.263974e+00 3.417272e+00 4.725598e+00 1.046967e+00
1.479108e-02 3.219245e+00 3.379231e+00 4.667199e+00 1.049697e+00
1.513561e-02 3.175133e+00 3.341415e+00 4.609395e+00 1.052370e+00
1.548817e-02 3.131636e+00 3.303828e+00 4.552188e+00 1.054985e+00
1.584893e-02 3.088750e+00 3.266472e+00 4.495578e+00 1.057538e+00
1.621810e-02 3.046475e+00 3.229351e+00 4.439563e+00 1.060029e+00
1.659587e-02 3.004806e+00 3.192469e+00 4.384144e+00 1.062454e+00
1.698244e-02 2.963741e+00 3.155830e+00 4.329321e+00 1.064813e+00
1.737801e-02 2.923277e+00 3.119436e+00 4.275094e+00 1.067103e+00
1.778279e-02 2.883410e+00 3.083294e+00 4.221463e+00 1.069322e+00
1.819701e-02 2.844137e+00 3.047405e+00 4.168428e+00 1.071469e+00
1.862087e-02 2.805455e+00 3.011776e+00 4.115989e+00 1.073543e+00
1.905461e-02 2.767358e+00 2.976409e+00 4.064146e+00 1.075542e+00
1.949845e-02 2.729843e+00 2.941309e+00 4.012897e+00 1.077465e+00
1.995262e-02 2.692906e+00 2.906481e+00 3.962243e+00 1.079310e+00
2.041738e-02 2.656540e+00 2.871928e+00 3.912183e+00 1.081078e+00
2.089296e-02 2.620743e+00 2.837656e+00 3.862717e+00 1.082768e+00
2.137962e-02 2.585507e+00 2.803667e+00 3.813843e+00 1.084378e+00
2.187762e-02 2.550828e+00 2.769967e+00 3.765560e+00 1.085909e+00
2.238721e-02 2.516700e+00 2.736558e+00 3.717866e+00 1.087360e+00
2.290868e-02 2.483118e+00 2.703446e+00 3.670762e+00 1.088731e+00
2.344229e-02 2.450074e+00 2.670633e+00 3.624244e+00 1.090022e+00
2.398833e-02 2.417563e+00 2.638125e+00 3.578311e+00 1.091233e+00
2.454709e-02 2.385579e+00 2.605923e+00 3.532962e+00 1.092365e+00
2.511886e-02 2.354114e+00 2.574031e+00 3.488193e+00 1.093418e+00
2.570396e-02 2.323162e+00 2.542454e+00 3.444003e+00 1.094393e+00
2.630268e-02 2.292717e+00 2.511193e+00 3.400389e+00 1.095291e+00
2.691535e-02 2.262771e+00 2.480253e+00 3.357348e+00 1.096113e+00
2.754229e-02 2.233316e+00 2.449635e+00 3.314878e+00 1.096860e+00
2.818383e-02 2.204347e+00 2.419343e+00 3.272975e+00 1.097533e+00
2.884032e-02 2.175854e+00 2.389380e+00 3.231637e+00 1.098134e+00
2.951209e-02 2.147831e+00 2.359747e+00 3.190859e+00 1.098665e+00
3.019952e-02 2.120270e+00 2.330446e+00 3.150639e+00 1.099127e+00
3.090295e-02 2.093163e+00 2.301481e+00 3.110973e+00 1.099523e+00
3.162278e-02 2.066503e+00 2.272853e+00 3.071856e+00 1.099855e+00
3.235937e-02 2.040281e+00 2.244564e+00 3.033284e+00 1.100125e+00
3.311311e-02 2.014489e+00 2.216615e+00 2.995255e+00 1.100336e+00
3.388442e-02 1.989120e+00 2.189008e+00 2.957762e+00 1.100491e+00
3.467369e-02 1.964164e+00 2.161744e+00 2.920801e+00 1.100593e+00
3.548134e-02 1.939613e+00 2.134824e+00 2.884367e+00 1.100644e+00
3.630781e-02 1.915460e+00 2.108249e+00 2.848456e+00 1.100649e+00
3.715352e-02 1.891694e+00 2.082020e+00 2.813062e+00 1.100611e+00
3.801894e-02 1.868309e+00 2.056137e+00 2.778179e+00 1.100534e+00
3.890451e-02 1.845295e+00 2.030601e+00 2.743802e+00 1.100421e+00
3.981072e-02 1.822643e+00 2.005410e+00 2.709926e+00 1.100276e+00
4.073803e-02 1.800345e+00 1.980566e+00 2.676543e+00 1.100104e+00
4.168694e-02 1.778391e+00 1.956067e+00 2.643647e+00 1.099908e+00
4.265795e-02 1.756773e+00 1.931913e+00 2.611233e+00 1.099694e+00
4.365158e-02 1.735482e+00 1.908102e+00 2.579293e+00 1.099465e+00
4.466836e-02 1.714510e+00 1.884634e+00 2.547821e+00 1.099227e+00
4.570882e-02 1.693846e+00 1.861507e+00 2.516808e+00 1.098983e+00
4.677351e-02 1.673483e+00 1.838720e+00 2.486249e+00 1.098738e+00
4.786301e-02 1.653412e+00 1.816269e+00 2.456135e+00 1.098498e+00
4.897788e-02 1.633623e+00 1.794152e+00 2.426460e+00 1.098266e+00
5.011872e-02 1.614109e+00 1.772368e+00 2.397214e+00 1.098047e+00
5.128614e-02 1.594860e+00 1.750912e+00 2.368390e+00 1.097847e+00
5.248075e-02 1.575869e+00 1.729782e+00 2.339980e+00 1.097669e+00
5.370318e-02 1.557126e+00 1.708974e+00 2.311977e+00 1.097518e+00
5.495409e-02 1.538625e+00 1.688485e+00 2.284370e+00 1.097399e+00
5.623413e-02 1.520356e+00 1.668310e+00 2.257153e+00 1.097315e+00
5.754399e-02 1.502313e+00 1.648445e+00 2.230317e+00 1.097272e+00
5.888437e-02 1.484486e+00 1.628886e+00 2.203853e+00 1.097272e+00
6.025596e-02 1.466870e+00 1.609628e+00 2.177753e+00 1.097321e+00
6.165950e-02 1.449457e+00 1.590665e+00 2.152009e+00 1.097421e+00
6.309573e-02 1.432241e+00 1.571993e+00 2.126611e+00 1.097576e+00
6.456542e-02 1.415213e+00 1.553607e+00 2.101552e+00 1.097790e+00
6.606934e-02 1.398369e+00 1.535500e+00 2.076824e+00 1.098065e+00
6.760830e-02 1.381701e+00 1.517668e+00 2.052417e+00 1.098405e+00
6.918310e-02 1.365205e+00 1.500104e+00 2.028324e+00 1.098812e+00
7.079458e-02 1.348875e+00 1.482803e+00 2.004536e+00 1.099289e+00
7.244360e-02 1.332705e+00 1.465758e+00 1.981047e+00 1.099837e+00
7.413102e-02 1.316690e+00 1.448963e+00 1.957847e+00 1.100459e+00
7.585776e-02 1.300826e+00 1.432413e+00 1.934930e+00 1.101156e+00
7.762471e-02 1.285109e+00 1.416100e+00 1.912288e+00 1.101930e+00
7.943282e-02 1.269535e+00 1.400020e+00 1.889914e+00 1.102782e+00
8.128305e-02 1.254099e+00 1.384165e+00 1.867800e+00 1.103712e+00
8.317638e-02 1.238799e+00 1.368529e+00 1.845940e+00 1.104722e+00
8.511380e-02 1.223632e+00 1.353107e+00 1.824328e+00 1.105812e+00
8.709636e-02 1.208594e+00 1.337891e+00 1.802956e+00 1.106982e+00
8.912509e-02 1.193683e+00 1.322876e+00 1.781819e+00 1.108231e+00
9.120108e-02 1.178896e+00 1.308056e+00 1.760911e+00 1.109560e+00
9.332543e-02 1.164233e+00 1.293425e+00 1.740226e+00 1.110967e+00
9.549926e-02 1.149691e+00 1.278977e+00 1.719759e+00 1.112452e+00
9.772372e-02 1.135269e+00 1.264706e+00 1.699504e+00 1.114014e+00
1.000000e-01 1.120965e+00 1.250606e+00 1.679458e+00 1.115652e+00
1.023293e-01 1.106779e+00 1.236673e+00 1.659614e+00 1.117363e+00
1.047129e-01 1.092709e+00 1.222901e+00 1.639969e+00 1.119145e+00
1.071519e-01 1.078756e+00 1.209284e+00 1.620519e+00 1.120998e+00
1.096478e-01 1.064919e+00 1.195818e+00 1.601260e+00 1.122919e+00
1.122018e-01 1.051198e+00 1.182498e+00 1.582187e+00 1.124905e+00
1.148154e-01 1.037592e+00 1.169319e+00 1.563299e+00 1.126954e+00
1.174898e-01 1.024103e+00 1.156277e+00 1.544592e+00 1.129062e+00
1.202264e-01 1.010731e+00 1.143367e+00 1.526062e+00 1.131228e+00
1.230269e-01 9.974751e-01 1.130586e+00 1.507707e+00 1.133448e+00
1.258925e-01 9.843372e-01 1.117930e+00 1.489526e+00 1.135718e+00
1.288250e-01 9.713177e-01 1.105395e+00 1.471515e+00 1.138036e+00
1.318257e-01 9.584175e-01 1.092978e+00 1.453673e+00 1.140398e+00
1.348963e-01 9.456374e-01 1.080675e+00 1.435997e+00 1.142800e+00
1.380384e-01 9.329785e-01 1.068484e+00 1.418487e+00 1.145239e+00
1.412538e-01 9.204419e-01 1.056402e+00 1.401142e+00 1.147711e+00
1.445440e-01 9.080285e-01 1.044426e+00 1.383958e+00 1.150213e+00
1.479108e-01 8.957395e-01 1.032554e+00 1.366937e+00 1.152739e+00
1.513561e-01 8.835760e-01 1.020784e+00 1.350077e+00 1.155287e+00
1.548817e-01 8.715392e-01 1.009115e+00 1.333376e+00 1.157853e+00
1.584893e-01 8.596301e-01 9.975433e-01 1.316836e+00 1.160433e+00
1.621810e-01 8.478499e-01 9.860689e-01 1.300454e+00 1.163023e+00
1.659587e-01 8.361996e-01 9.746901e-01 1.284231e+00 1.165619e+00
1.698244e-01 8.246801e-01 9.634058e-01 1.268167e+00 1.168218e+00
1.737801e-01 8.132925e-01 9.522150e-01 1.252261e+00 1.170815e+00
1.778279e-01 8.020376e-01 9.411170e-01 1.236513e+00 1.173408e+00
1.819701e-01 7.909162e-01 9.301112e-01 1.220924e+00 1.175992e+00
1.862087e-01 7.799290e-01 9.191970e-01 1.205493e+00 1.178565e+00
1.905461e-01 7.690766e-01 9.083741e-01 1.190220e+00 1.181123e+00
1.949845e-01 7.583597e-01 8.976424e-01 1.175105e+00 1.183663e+00
1.995262e-01 7.477785e-01 8.870017e-01 1.160149e+00 1.186182e+00
2.041738e-01 7.373335e-01 8.764521e-01 1.145351e+00 1.188678e+00
2.089296e-01 7.270248e-01 8.659936e-01 1.130712e+00 1.191147e+00
2.137962e-01 7.168526e-01 8.556265e-01 1.116232e+00 1.193588e+00
2.187762e-01 7.068169e-01 8.453509e-01 1.101911e+00 1.195997e+00
2.238721e-01 6.969175e-01 8.351673e-01 1.087749e+00 1.198373e+00
2.290868e-01 6.871543e-01 8.250761e-01 1.073747e+00 1.200714e+00
2.344229e-01 6.775268e-01 8.150776e-01 1.059903e+00 1.203019e+00
2.398833e-01 6.680347e-01 8.051724e-01 1.046218e+00 1.205285e+00
2.454709e-01 6.586775e-01 7.953609e-01 1.032693e+00 1.207512e+00
2.511886e-01 6.494543e-01 7.856437e-01 1.019327e+00 1.209698e+00
2.570396e-01 6.403645e-01 7.760213e-01 1.006119e+00 1.211843e+00
2.630268e-01 6.314073e-01 7.664942e-01 9.930703e-01 1.213946e+00
2.691535e-01 6.225816e-01 7.570630e-01 9.801797e-01 1.216006e+00
2.754229e-01 6.138865e-01 7.477283e-01 9.674473e-01 1.218024e+00
2.818383e-01 6.053207e-01 7.384905e-01 9.548724e-01 1.219999e+00
2.884032e-01 5.968832e-01 7.293501e-01 9.424549e-01 1.221931e+00
2.951209e-01 5.885725e-01 7.203078e-01 9.301940e-01 1.223822e+00
3.019952e-01 5.803874e-01 7.113638e-01 9.180893e-01 1.225671e+00
3.090295e-01 5.723263e-01 7.025186e-01 9.061400e-01 1.227479e+00
3.162278e-01 5.643878e-01 6.937727e-01 8.943456e-01 1.229248e+00
3.235937e-01 5.565703e-01 6.851264e-01 8.827053e-01 1.230979e+00
3.311311e-01 5.488722e-01 6.765800e-01 8.712182e-01 1.232673e+00
3.388442e-01 5.412918e-01 6.681339e-01 8.598835e-01 1.234332e+00
3.467369e-01 5.338274e-01 6.597882e-01 8.487002e-01 1.235958e+00
3.548134e-01 5.264771e-01 6.515431e-01 8.376674e-01 1.237553e+00
3.630781e-01 5.192393e-01 6.433989e-01 8.267839e-01 1.239118e+00
3.715352e-01 5.121120e-01 6.353556e-01 8.160487e-01 1.240658e+00
3.801894e-01 5.050933e-01 6.274133e-01 8.054606e-01 1.242173e+00
3.890451e-01 4.981814e-01 6.195720e-01 7.950183e-01 1.243668e+00
3.981072e-01 4.913742e-01 6.118317e-01 7.847207e-01 1.245144e+00
4.073803e-01 4.846699e-01 6.041922e-01 7.745664e-01 1.246606e+00
4.168694e-01 4.780664e-01 5.966534e-01 7.645540e-01 1.248056e+00
4.265795e-01 4.715617e-01 5.892152e-01 7.546820e-01 1.249497e+00
4.365158e-01 4.651539e-01 5.818772e-01 7.449492e-01 1.250935e+00
4.466836e-01 4.588408e-01 5.746393e-01 7.353538e-01 1.252372e+00
4.570882e-01 4.526205e-01 5.675010e-01 7.258945e-01 1.253812e+00
4.677351e-01 4.464910e-01 5.604620e-01 7.165695e-01 1.255259e+00
4.786301e-01 4.404501e-01 5.535218e-01 7.073773e-01 1.256718e+00
4.897788e-01 4.344959e-01 5.466799e-01 6.983162e-01 1.258193e+00
5.011872e-01 4.286263e-01 5.399357e-01 6.893846e-01 1.259689e+00
5.128614e-01 4.228393e-01 5.332887e-01 6.805806e-01 1.261209e+00
5.248075e-01 4.171329e-01 5.267383e-01 6.719026e-01 1.262759e+00
5.370318e-01 4.115052e-01 5.202837e-01 6.633488e-01 1.264343e+00
5.495409e-01 4.059540e-01 5.139241e-01 6.549173e-01 1.265967e+00
5.623413e-01 4.004775e-01 5.076589e-01 6.466064e-01 1.267634e+00
5.754399e-01 3.950736e-01 5.014872e-01 6.384141e-01 1.269351e+00
5.888437e-01 3.897406e-01 4.954081e-01 6.303387e-01 1.271123e+00
6.025596e-01 3.844764e-01 4.894207e-01 6.223783e-01 1.272954e+00
6.165950e-01 3.792793e-01 4.835240e-01 6.145309e-01 1.274850e+00
6.309573e-01 3.741473e-01 4.777171e-01 6.067947e-01 1.276816e+00
6.456542e-01 3.690786e-01 4.719989e-01 5.991678e-01 1.278857e+00
6.606934e-01 3.640715e-01 4.663684e-01 5.916482e-01 1.280980e+00
6.760830e-01 3.591242e-01 4.608245e-01 5.842340e-01 1.283190e+00
6.918310e-01 3.542349e-01 4.553660e-01 5.769234e-01 1.285492e+00
7.079458e-01 3.494021e-01 4.499919e-01 5.697144e-01 1.287891e+00
7.244360e-01 3.446239e-01 4.447008e-01 5.626050e-01 1.290394e+00
7.413102e-01 3.398989e-01 4.394916e-01 5.555935e-01 1.293007e+00
7.585776e-01 3.352255e-01 4.343630e-01 5.486778e-01 1.295734e+00
7.762471e-01 3.306020e-01 4.293138e-01 5.418561e-01 1.298582e+00
7.943282e-01 3.260270e-01 4.243427e-01 5.351265e-01 1.301557e+00
8.128305e-01 3.214991e-01 4.194484e-01 5.284871e-01 1.304664e+00
8.317638e-01 3.170168e-01 4.146295e-01 5.219361e-01 1.307910e+00
8.511380e-01 3.125787e-01 4.098847e-01 5.154715e-01 1.311301e+00
8.709636e-01 3.081835e-01 4.052126e-01 5.090917e-01 1.314842e+00
8.912509e-01 3.038299e-01 4.006119e-01 5.027947e-01 1.318540e+00
9.120108e-01 2.995166e-01 3.960812e-01 4.965788e-01 1.322401e+00
9.332543e-01 2.952424e-01 3.916189e-01 4.904421e-01 1.326432e+00
9.549926e-01 2.910061e-01 3.872238e-01 4.843830e-01 1.330638e+00
9.772372e-01 2.868067e-01 3.828944e-01 4.783997e-01 1.335026e+00
1.000000e+00 2.826429e-01 3.786293e-01 4.724904e-01 1.339603e+00
1.023293e+00 2.785138e-01 3.744269e-01 4.666535e-01 1.344375e+00
1.047129e+00 2.744183e-01 3.702860e-01 4.608873e-01 1.349348e+00
1.071519e+00 2.703555e-01 3.662048e-01 4.551902e-01 1.354531e+00
1.096478e+00 2.663245e-01 3.621821e-01 4.495605e-01 1.359928e+00
1.122018e+00 2.623242e-01 3.582164e-01 4.439966e-01 1.365548e+00
1.148154e+00 2.583540e-01 3.543061e-01 4.384970e-01 1.371397e+00
1.174898e+00 2.544131e-01 3.504498e-01 4.330601e-01 1.377483e+00
1.202264e+00 2.505005e-01 3.466460e-01 4.276844e-01 1.383813e+00
1.230269e+00 2.466158e-01 3.428932e-01 4.223685e-01 1.390395e+00
1.258925e+00 2.427581e-01 3.391900e-01 4.171107e-01 1.397235e+00
1.288250e+00 2.389269e-01 3.355349e-01 4.119098e-01 1.404341e+00
1.318257e+00 2.351215e-01 3.319263e-01 4.067643e-01 1.411723e+00
1.348963e+00 2.313415e-01 3.283629e-01 4.016728e-01 1.419386e+00
1.380384e+00 2.275863e-01 3.248431e-01 3.966340e-01 1.427340e+00
1.412538e+00 2.238555e-01 3.213655e-01 3.916466e-01 1.435594e+00
1.445440e+00 2.201487e-01 3.179287e-01 3.867093e-01 1.444155e+00
1.479108e+00 2.164655e-01 3.145312e-01 3.818209e-01 1.453032e+00
1.513561e+00 2.128056e-01 3.111715e-01 3.769800e-01 1.462234e+00
1.548817e+00 2.091687e-01 3.078483e-01 3.721856e-01 1.471770e+00
1.584893e+00 2.055547e-01 3.045602e-01 3.674366e-01 1.481650e+00
1.621810e+00 2.019632e-01 3.013057e-01 3.627317e-01 1.491884e+00
1.659587e+00 1.983943e-01 2.980834e-01 3.580698e-01 1.502480e+00
1.698244e+00 1.948477e-01 2.948921e-01 3.534501e-01 1.513449e+00
1.737801e+00 1.913235e-01 2.917303e-01 3.488714e-01 1.524801e+00
1.778279e+00 1.878216e-01 2.885967e-01 3.443327e-01 1.536547e+00
1.819701e+00 1.843420e-01 2.854901e-01 3.398332e-01 1.548698e+00
1.862087e+00 1.808849e-01 2.824091e-01 3.353718e-01 1.561264e+00
1.905461e+00 1.774504e-01 2.793525e-01 3.309479e-01 1.574257e+00
1.949845e+00 1.740386e-01 2.763191e-01 3.265604e-01 1.587689e+00
1.995262e+00 1.706497e-01 2.733077e-01 3.222087e-01 1.601572e+00
2.041738e+00 1.672840e-01 2.703171e-01 3.178919e-01 1.615917e+00
2.089296e+00 1.639418e-01 2.673461e-01 3.136094e-01 1.630738e+00
2.137962e+00 1.606233e-01 2.643937e-01 3.093605e-01 1.646048e+00
2.187762e+00 1.573291e-01 2.614588e-01 3.051445e-01 1.661859e+00
2.238721e+00 1.540594e-01 2.585403e-01 3.009608e-01 1.678186e+00
2.290868e+00 1.508147e-01 2.556373e-01 2.968089e-01 1.695043e+00
2.344229e+00 1.475955e-01 2.527489e-01 2.926882e-01 1.712443e+00
2.398833e+00 1.444022e-01 2.498740e-01 2.885984e-01 1.730402e+00
2.454709e+00 1.412355e-01 2.470118e-01 2.845388e-01 1.748935e+00
2.511886e+00 1.380960e-01 2.441616e-01 2.805092e-01 1.768058e+00
2.570396e+00 1.349841e-01 2.413226e-01 2.765091e-01 1.787785e+00
2.630268e+00 1.319005e-01 2.384939e-01 2.725383e-01 1.808134e+00
2.691535e+00 1.288460e-01 2.356750e-01 2.685964e-01 1.829122e+00
2.754229e+00 1.258211e-01 2.328653e-01 2.646832e-01 1.850765e+00
2.818383e+00 1.228266e-01 2.300642e-01 2.607986e-01 1.873082e+00
2.884032e+00 1.198631e-01 2.272711e-01 2.569422e-01 1.896089e+00
2.951209e+00 1.169314e-01 2.244857e-01 2.531141e-01 1.919806e+00
3.019952e+00 1.140323e-01 2.217075e-01 2.493142e-01 1.944252e+00
3.090295e+00 1.111664e-01 2.189362e-01 2.455423e-01 1.969445e+00
3.162278e+00 1.083346e-01 2.161715e-01 2.417985e-01 1.995406e+00
3.235937e+00 1.055375e-01 2.134133e-01 2.380827e-01 2.022155e+00
3.311311e+00 1.027760e-01 2.106613e-01 2.343952e-01 2.049712e+00
3.388442e+00 1.000508e-01 2.079155e-01 2.307358e-01 2.078099e+00
3.467369e+00 9.736259e-02 2.051758e-01 2.271048e-01 2.107337e+00
3.548134e+00 9.471213e-02 2.024423e-01 2.235023e-01 2.137449e+00
3.630781e+00 9.210014e-02 1.997151e-01 2.199285e-01 2.168456e+00
3.715352e+00 8.952730e-02 1.969943e-01 2.163837e-01 2.200382e+00
3.801894e+00 8.699428e-02 1.942801e-01 2.128679e-01 2.233251e+00
3.890451e+00 8.450174e-02 1.915727e-01 2.093816e-01 2.267086e+00
3.981072e+00 8.205029e-02 1.888725e-01 2.059249e-01 2.301912e+00
4.073803e+00 7.964051e-02 1.861798e-01 2.024983e-01 2.337753e+00
4.168694e+00 7.727295e-02 1.834951e-01 1.991019e-01 2.374636e+00
4.265795e+00 7.494813e-02 1.808188e-01 1.957362e-01 2.412585e+00
4.365158e+00 7.266652e-02 1.781513e-01 1.924014e-01 2.451629e+00
4.466836e+00 7.042854e-02 1.754933e-01 1.890981e-01 2.491793e+00
4.570882e+00 6.823457e-02 1.728453e-01 1.858264e-01 2.533105e+00
4.677351e+00 6.608495e-02 1.702079e-01 1.825869e-01 2.575593e+00
4.786301e+00 6.397997e-02 1.675818e-01 1.793798e-01 2.619286e+00
4.897788e+00 6.191986e-02 1.649676e-01 1.762055e-01 2.664212e+00
5.011872e+00 5.990480e-02 1.623661e-01 1.730645e-01 2.710402e+00
5.128614e+00 5.793492e-02 1.597779e-01 1.699571e-01 2.757886e+00
5.248075e+00 5.601029e-02 1.572038e-01 1.668837e-01 2.806694e+00
5.370318e+00 5.413095e-02 1.546444e-01 1.638446e-01 2.856858e+00
5.495409e+00 5.229685e-02 1.521007e-01 1.608402e-01 2.908410e+00
5.623413e+00 5.050792e-02 1.495733e-01 1.578709e-01 2.961382e+00
5.754399e+00 4.876401e-02 1.470629e-01 1.549368e-01 3.015808e+00
5.888437e+00 4.706493e-02 1.445704e-01 1.520385e-01 3.071722e+00
6.025596e+00 4.541045e-02 1.420964e-01 1.491761e-01 3.129157e+00
6.165950e+00 4.380026e-02 1.396418e-01 1.463499e-01 3.188150e+00
6.309573e+00 4.223404e-02 1.372072e-01 1.435602e-01 3.248736e+00
6.456542e+00 4.071139e-02 1.347934e-01 1.408073e-01 3.310951e+00
6.606934e+00 3.923187e-02 1.324011e-01 1.380912e-01 3.374834e+00
6.760830e+00 3.779503e-02 1.300308e-01 1.354123e-01 3.440421e+00
6.918310e+00 3.640034e-02 1.276834e-01 1.327706e-01 3.507752e+00
7.079458e+00 3.504724e-02 1.253593e-01 1.301663e-01 3.576867e+00
7.244360e+00 3.373515e-02 1.230593e-01 1.275995e-01 3.647805e+00
7.413102e+00 3.246345e-02 1.207838e-01 1.250704e-01 3.720608e+00
7.585776e+00 3.123149e-02 1.185335e-01 1.225789e-01 3.795319e+00
7.762471e+00 3.003857e-02 1.163087e-01 1.201251e-01 3.871979e+00
7.943282e+00 2.888401e-02 1.141101e-01 1.177090e-01 3.950633e+00
8.128305e+00 2.776705e-02 1.119380e-01 1.153305e-01 4.031326e+00
8.317638e+00 2.668697e-02 1.097929e-01 1.129897e-01 4.114103e+00
8.511380e+00 2.564298e-02 1.076751e-01 1.106865e-01 4.199011e+00
8.709636e+00 2.463430e-02 1.055850e-01 1.084207e-01 4.286098e+00
8.912509e+00 2.366015e-02 1.035229e-01 1.061923e-01 4.375412e+00
9.120108e+00 2.271971e-02 1.014890e-01 1.040010e-01 4.467003e+00
9.332543e+00 2.181217e-02 9.948365e-02 1.018468e-01 4.560923e+00
9.549926e+00 2.093672e-02 9.750696e-02 9.972940e-02 4.657223e+00
9.772372e+00 2.009252e-02 9.555913e-02 9.764864e-02 4.755956e+00
1.000000e+01 1.927875e-02 9.364030e-02 9.560427e-02 4.857177e+00
