1.000000e-06 3.990329e+01 3.057355e-01 3.990446e+01 7.661911e-03
1.023293e-06 3.990307e+01 3.128531e-01 3.990430e+01 7.840326e-03
1.047129e-06 3.990284e+01 3.201362e-01 3.990412e+01 8.022893e-03
1.071519e-06 3.990260e+01 3.275887e-01 3.990394e+01 8.209708e-03
1.096478e-06 3.990234e+01 3.352144e-01 3.990375e+01 8.400871e-03
1.122018e-06 3.990208e+01 3.430175e-01 3.990355e+01 8.596481e-03
1.148154e-06 3.990180e+01 3.510019e-01 3.990334e+01 8.796643e-03
1.174898e-06 3.990150e+01 3.591719e-01 3.990312e+01 9.001462e-03
1.202264e-06 3.990120e+01 3.675318e-01 3.990289e+01 9.211046e-03
1.230269e-06 3.990088e+01 3.760859e-01 3.990265e+01 9.425505e-03
1.258925e-06 3.990054e+01 3.848389e-01 3.990240e+01 9.644954e-03
1.288250e-06 3.990019e+01 3.937952e-01 3.990214e+01 9.869506e-03
1.318257e-06 3.989983e+01 4.029596e-01 3.990186e+01 1.009928e-02
1.348963e-06 3.989944e+01 4.123368e-01 3.990157e+01 1.033440e-02
1.380384e-06 3.989904e+01 4.219319e-01 3.990127e+01 1.057499e-02
1.412538e-06 3.989862e+01 4.317497e-01 3.990095e+01 1.082117e-02
1.445440e-06 3.989817e+01 4.417955e-01 3.990062e+01 1.107308e-02
1.479108e-06 3.989771e+01 4.520745e-01 3.990027e+01 1.133084e-02
1.513561e-06 3.989723e+01 4.625922e-01 3.989991e+01 1.159459e-02
1.548817e-06 3.989672e+01 4.733539e-01 3.989953e+01 1.186448e-02
1.584893e-06 3.989619e+01 4.843653e-01 3.989913e+01 1.214064e-02
1.621810e-06 3.989563e+01 4.956322e-01 3.989871e+01 1.242322e-02
1.659587e-06 3.989505e+01 5.071604e-01 3.989827e+01 1.271236e-02
1.698244e-06 3.989444e+01 5.189559e-01 3.989782e+01 1.300823e-02
1.737801e-06 3.989380e+01 5.310250e-01 3.989734e+01 1.331096e-02
1.778279e-06 3.989313e+01 5.433738e-01 3.989683e+01 1.362073e-02
1.819701e-06 3.989243e+01 5.560088e-01 3.989631e+01 1.393770e-02
1.862087e-06 3.989170e+01 5.689366e-01 3.989576e+01 1.426203e-02
1.905461e-06 3.989093e+01 5.821638e-01 3.989518e+01 1.459389e-02
1.949845e-06 3.989013e+01 5.956973e-01 3.989458e+01 1.493345e-02
1.995262e-06 3.988929e+01 6.095441e-01 3.989395e+01 1.528090e-02
2.041738e-06 3.988841e+01 6.237115e-01 3.989329e+01 1.563641e-02
2.089296e-06 3.988749e+01 6.382066e-01 3.989259e+01 1.600017e-02
2.137962e-06 3.988652e+01 6.530370e-01 3.989187e+01 1.637237e-02
2.187762e-06 3.988551e+01 6.682104e-01 3.989111e+01 1.675321e-02
2.238721e-06 3.988445e+01 6.837344e-01 3.989032e+01 1.714288e-02
2.290868e-06 3.988335e+01 6.996172e-01 3.988948e+01 1.754159e-02
2.344229e-06 3.988219e+01 7.158668e-01 3.988861e+01 1.794954e-02
2.398833e-06 3.988097e+01 7.324916e-01 3.988770e+01 1.836695e-02
2.454709e-06 3.987970e+01 7.495001e-01 3.988674e+01 1.879403e-02
2.511886e-06 3.987837e+01 7.669010e-01 3.988574e+01 1.923100e-02
2.570396e-06 3.987698e+01 7.847031e-01 3.988470e+01 1.967810e-02
2.630268e-06 3.987552e+01 8.029155e-01 3.988360e+01 2.013555e-02
2.691535e-06 3.987399e+01 8.215474e-01 3.988245e+01 2.060359e-02
2.754229e-06 3.987239e+01 8.406084e-01 3.988125e+01 2.108247e-02
2.818383e-06 3.987072e+01 8.601079e-01 3.988000e+01 2.157242e-02
2.884032e-06 3.986897e+01 8.800558e-01 3.987868e+01 2.207371e-02
2.951209e-06 3.986713e+01 9.004623e-01 3.987730e+01 2.258658e-02
3.019952e-06 3.986521e+01 9.213375e-01 3.987586e+01 2.311131e-02
3.090295e-06 3.986320e+01 9.426918e-01 3.987435e+01 2.364817e-02
3.162278e-06 3.986110e+01 9.645360e-01 3.987276e+01 2.419743e-02
3.235937e-06 3.985889e+01 9.868808e-01 3.987111e+01 2.475936e-02
3.311311e-06 3.985659e+01 1.009737e+00 3.986937e+01 2.533427e-02
3.388442e-06 3.985417e+01 1.033117e+00 3.986756e+01 2.592244e-02
3.467369e-06 3.985164e+01 1.057032e+00 3.986566e+01 2.652417e-02
3.548134e-06 3.984900e+01 1.081492e+00 3.986367e+01 2.713976e-02
3.630781e-06 3.984623e+01 1.106511e+00 3.986159e+01 2.776954e-02
3.715352e-06 3.984333e+01 1.132101e+00 3.985941e+01 2.841381e-02
3.801894e-06 3.984029e+01 1.158274e+00 3.985713e+01 2.907292e-02
3.890451e-06 3.983712e+01 1.185042e+00 3.985474e+01 2.974717e-02
3.981072e-06 3.983379e+01 1.212418e+00 3.985224e+01 3.043693e-02
4.073803e-06 3.983031e+01 1.240416e+00 3.984962e+01 3.114252e-02
4.168694e-06 3.982667e+01 1.269050e+00 3.984689e+01 3.186431e-02
4.265795e-06 3.982286e+01 1.298331e+00 3.984402e+01 3.260266e-02
4.365158e-06 3.981887e+01 1.328275e+00 3.984102e+01 3.335793e-02
4.466836e-06 3.981470e+01 1.358895e+00 3.983788e+01 3.413050e-02
4.570882e-06 3.981033e+01 1.390206e+00 3.983459e+01 3.492075e-02
4.677351e-06 3.980575e+01 1.422222e+00 3.983115e+01 3.572906e-02
4.786301e-06 3.980097e+01 1.454958e+00 3.982755e+01 3.655585e-02
4.897788e-06 3.979596e+01 1.488428e+00 3.982378e+01 3.740150e-02
5.011872e-06 3.979072e+01 1.522649e+00 3.981984e+01 3.826643e-02
5.128614e-06 3.978523e+01 1.557635e+00 3.981571e+01 3.915107e-02
5.248075e-06 3.977950e+01 1.593401e+00 3.981140e+01 4.005584e-02
5.370318e-06 3.977349e+01 1.629964e+00 3.980688e+01 4.098117e-02
5.495409e-06 3.976721e+01 1.667340e+00 3.980215e+01 4.192752e-02
5.623413e-06 3.976064e+01 1.705545e+00 3.979720e+01 4.289532e-02
5.754399e-06 3.975376e+01 1.744595e+00 3.979202e+01 4.388504e-02
5.888437e-06 3.974657e+01 1.784507e+00 3.978660e+01 4.489714e-02
6.025596e-06 3.973904e+01 1.825298e+00 3.978094e+01 4.593210e-02
6.165950e-06 3.973117e+01 1.866983e+00 3.977501e+01 4.699040e-02
6.309573e-06 3.972293e+01 1.909582e+00 3.976880e+01 4.807253e-02
6.456542e-06 3.971432e+01 1.953110e+00 3.976231e+01 4.917899e-02
6.606934e-06 3.970531e+01 1.997585e+00 3.975552e+01 5.031029e-02
6.760830e-06 3.969588e+01 2.043025e+00 3.974842e+01 5.146692e-02
6.918310e-06 3.968603e+01 2.089447e+00 3.974099e+01 5.264943e-02
7.079458e-06 3.967572e+01 2.136868e+00 3.973322e+01 5.385832e-02
7.244360e-06 3.966494e+01 2.185306e+00 3.972510e+01 5.509414e-02
7.413102e-06 3.965367e+01 2.234779e+00 3.971660e+01 5.635743e-02
7.585776e-06 3.964189e+01 2.285305e+00 3.970771e+01 5.764873e-02
7.762471e-06 3.962957e+01 2.336900e+00 3.969841e+01 5.896860e-02
7.943282e-06 3.961669e+01 2.389584e+00 3.968869e+01 6.031760e-02
8.128305e-06 3.960323e+01 2.443373e+00 3.967853e+01 6.169630e-02
8.317638e-06 3.958916e+01 2.498284e+00 3.966791e+01 6.310526e-02
8.511380e-06 3.957445e+01 2.554336e+00 3.965680e+01 6.454507e-02
8.709636e-06 3.955908e+01 2.611544e+00 3.964519e+01 6.601630e-02
8.912509e-06 3.954301e+01 2.669926e+00 3.963305e+01 6.751955e-02
9.120108e-06 3.952623e+01 2.729499e+00 3.962036e+01 6.905540e-02
9.332543e-06 3.950869e+01 2.790279e+00 3.960710e+01 7.062444e-02
9.549926e-06 3.949038e+01 2.852282e+00 3.959325e+01 7.222727e-02
9.772372e-06 3.947124e+01 2.915523e+00 3.957877e+01 7.386449e-02
1.000000e-05 3.945125e+01 2.980017e+00 3.956364e+01 7.553669e-02
1.023293e-05 3.943038e+01 3.045779e+00 3.954784e+01 7.724449e-02
1.047129e-05 3.940858e+01 3.112823e+00 3.953133e+01 7.898846e-02
1.071519e-05 3.938583e+01 3.181163e+00 3.951409e+01 8.076922e-02
1.096478e-05 3.936207e+01 3.250810e+00 3.949608e+01 8.258736e-02
1.122018e-05 3.933728e+01 3.321776e+00 3.947728e+01 8.444347e-02
1.148154e-05 3.931140e+01 3.394073e+00 3.945764e+01 8.633814e-02
1.174898e-05 3.928439e+01 3.467710e+00 3.943715e+01 8.827195e-02
1.202264e-05 3.925622e+01 3.542696e+00 3.941575e+01 9.024548e-02
1.230269e-05 3.922683e+01 3.619040e+00 3.939342e+01 9.225930e-02
1.258925e-05 3.919618e+01 3.696746e+00 3.937012e+01 9.431395e-02
1.288250e-05 3.916421e+01 3.775822e+00 3.934581e+01 9.641000e-02
1.318257e-05 3.913089e+01 3.856270e+00 3.932044e+01 9.854798e-02
1.348963e-05 3.909615e+01 3.938092e+00 3.929399e+01 1.007284e-01
1.380384e-05 3.905995e+01 4.021290e+00 3.926640e+01 1.029518e-01
1.412538e-05 3.902222e+01 4.105862e+00 3.923763e+01 1.052186e-01
1.445440e-05 3.898293e+01 4.191805e+00 3.920765e+01 1.075293e-01
1.479108e-05 3.894200e+01 4.279114e+00 3.917640e+01 1.098843e-01
1.513561e-05 3.889938e+01 4.367781e+00 3.914383e+01 1.122841e-01
1.548817e-05 3.885502e+01 4.457798e+00 3.910990e+01 1.147290e-01
1.584893e-05 3.880885e+01 4.549152e+00 3.907456e+01 1.172195e-01
1.621810e-05 3.876081e+01 4.641829e+00 3.903776e+01 1.197557e-01
1.659587e-05 3.871084e+01 4.735812e+00 3.899945e+01 1.223381e-01
1.698244e-05 3.865888e+01 4.831081e+00 3.895958e+01 1.249669e-01
1.737801e-05 3.860487e+01 4.927614e+00 3.891809e+01 1.276423e-01
1.778279e-05 3.854874e+01 5.025384e+00 3.887492e+01 1.303644e-01
1.819701e-05 3.849042e+01 5.124363e+00 3.883004e+01 1.331335e-01
1.862087e-05 3.842986e+01 5.224517e+00 3.878337e+01 1.359494e-01
1.905461e-05 3.836698e+01 5.325812e+00 3.873486e+01 1.388124e-01
1.949845e-05 3.830173e+01 5.428209e+00 3.868447e+01 1.417223e-01
1.995262e-05 3.823404e+01 5.531663e+00 3.863212e+01 1.446790e-01
2.041738e-05 3.816384e+01 5.636128e+00 3.857777e+01 1.476824e-01
2.089296e-05 3.809107e+01 5.741553e+00 3.852135e+01 1.507323e-01
2.137962e-05 3.801566e+01 5.847884e+00 3.846282e+01 1.538283e-01
2.187762e-05 3.793757e+01 5.955062e+00 3.840211e+01 1.569700e-01
2.238721e-05 3.785672e+01 6.063023e+00 3.833917e+01 1.601571e-01
2.290868e-05 3.777306e+01 6.171700e+00 3.827393e+01 1.633889e-01
2.344229e-05 3.768653e+01 6.281023e+00 3.820636e+01 1.666649e-01
2.398833e-05 3.759708e+01 6.390915e+00 3.813639e+01 1.699844e-01
2.454709e-05 3.750465e+01 6.501297e+00 3.806396e+01 1.733464e-01
2.511886e-05 3.740919e+01 6.612084e+00 3.798904e+01 1.767502e-01
2.570396e-05 3.731067e+01 6.723188e+00 3.791157e+01 1.801948e-01
2.630268e-05 3.720903e+01 6.834517e+00 3.783150e+01 1.836790e-01
2.691535e-05 3.710424e+01 6.945975e+00 3.774879e+01 1.872016e-01
2.754229e-05 3.699626e+01 7.057461e+00 3.766339e+01 1.907614e-01
2.818383e-05 3.688507e+01 7.168871e+00 3.757527e+01 1.943570e-01
2.884032e-05 3.677064e+01 7.280099e+00 3.748439e+01 1.979867e-01
2.951209e-05 3.665295e+01 7.391033e+00 3.739072e+01 2.016491e-01
3.019952e-05 3.653198e+01 7.501561e+00 3.729422e+01 2.053423e-01
3.090295e-05 3.640773e+01 7.611566e+00 3.719488e+01 2.090645e-01
3.162278e-05 3.628020e+01 7.720929e+00 3.709266e+01 2.128139e-01
3.235937e-05 3.614939e+01 7.829530e+00 3.698756e+01 2.165882e-01
3.311311e-05 3.601531e+01 7.937248e+00 3.687956e+01 2.203854e-01
3.388442e-05 3.587798e+01 8.043958e+00 3.676866e+01 2.242032e-01
3.467369e-05 3.573742e+01 8.149536e+00 3.665485e+01 2.280393e-01
3.548134e-05 3.559368e+01 8.253860e+00 3.653815e+01 2.318912e-01
3.630781e-05 3.544678e+01 8.356804e+00 3.641855e+01 2.357563e-01
3.715352e-05 3.529679e+01 8.458247e+00 3.629608e+01 2.396322e-01
3.801894e-05 3.514375e+01 8.558067e+00 3.617076e+01 2.435160e-01
3.890451e-05 3.498773e+01 8.656144e+00 3.604262e+01 2.474051e-01
3.981072e-05 3.482880e+01 8.752362e+00 3.591169e+01 2.512967e-01
4.073803e-05 3.466704e+01 8.846608e+00 3.577801e+01 2.551878e-01
4.168694e-05 3.450254e+01 8.938772e+00 3.564165e+01 2.590758e-01
4.265795e-05 3.433539e+01 9.028749e+00 3.550264e+01 2.629575e-01
4.365158e-05 3.416570e+01 9.116440e+00 3.536106e+01 2.668302e-01
4.466836e-05 3.399356e+01 9.201749e+00 3.521696e+01 2.706910e-01
4.570882e-05 3.381910e+01 9.284590e+00 3.507043e+01 2.745369e-01
4.677351e-05 3.364243e+01 9.364880e+00 3.492155e+01 2.783651e-01
4.786301e-05 3.346369e+01 9.442547e+00 3.477039e+01 2.821729e-01
4.897788e-05 3.328300e+01 9.517524e+00 3.461707e+01 2.859575e-01
5.011872e-05 3.310049e+01 9.589752e+00 3.446166e+01 2.897163e-01
5.128614e-05 3.291631e+01 9.659184e+00 3.430428e+01 2.934467e-01
5.248075e-05 3.273060e+01 9.725778e+00 3.414503e+01 2.971463e-01
5.370318e-05 3.254350e+01 9.789503e+00 3.398402e+01 3.008129e-01
5.495409e-05 3.235515e+01 9.850337e+00 3.382137e+01 3.044442e-01
5.623413e-05 3.216570e+01 9.908268e+00 3.365719e+01 3.080383e-01
5.754399e-05 3.197531e+01 9.963293e+00 3.349161e+01 3.115933e-01
5.888437e-05 3.178411e+01 1.001542e+01 3.332474e+01 3.151078e-01
6.025596e-05 3.159225e+01 1.006466e+01 3.315671e+01 3.185802e-01
6.165950e-05 3.139987e+01 1.011105e+01 3.298765e+01 3.220094e-01
6.309573e-05 3.120711e+01 1.015462e+01 3.281767e+01 3.253944e-01
6.456542e-05 3.101410e+01 1.019540e+01 3.264691e+01 3.287345e-01
6.606934e-05 3.082098e+01 1.023347e+01 3.247548e+01 3.320292e-01
6.760830e-05 3.062787e+01 1.026886e+01 3.230350e+01 3.352784e-01
6.918310e-05 3.043490e+01 1.030167e+01 3.213110e+01 3.384820e-01
7.079458e-05 3.024217e+01 1.033195e+01 3.195838e+01 3.416404e-01
7.244360e-05 3.004979e+01 1.035979e+01 3.178545e+01 3.447541e-01
7.413102e-05 2.985786e+01 1.038528e+01 3.161243e+01 3.478239e-01
7.585776e-05 2.966648e+01 1.040851e+01 3.143942e+01 3.508509e-01
7.762471e-05 2.947572e+01 1.042959e+01 3.126650e+01 3.538365e-01
7.943282e-05 2.928566e+01 1.044860e+01 3.109378e+01 3.567823e-01
8.128305e-05 2.909637e+01 1.046567e+01 3.092133e+01 3.596899e-01
8.317638e-05 2.890790e+01 1.048089e+01 3.074924e+01 3.625615e-01
8.511380e-05 2.872030e+01 1.049438e+01 3.057757e+01 3.653994e-01
8.709636e-05 2.853361e+01 1.050624e+01 3.040639e+01 3.682059e-01
8.912509e-05 2.834787e+01 1.051660e+01 3.023575e+01 3.709837e-01
9.120108e-05 2.816308e+01 1.052554e+01 3.006570e+01 3.737355e-01
9.332543e-05 2.797926e+01 1.053320e+01 2.989628e+01 3.764644e-01
9.549926e-05 2.779642e+01 1.053966e+01 2.972753e+01 3.791734e-01
9.772372e-05 2.761456e+01 1.054505e+01 2.955946e+01 3.818656e-01
1.000000e-04 2.743364e+01 1.054945e+01 2.939210e+01 3.845442e-01
1.023293e-04 2.725367e+01 1.055296e+01 2.922546e+01 3.872127e-01
1.047129e-04 2.707459e+01 1.055569e+01 2.905953e+01 3.898743e-01
1.071519e-04 2.689640e+01 1.055771e+01 2.889431e+01 3.925323e-01
1.096478e-04 2.671903e+01 1.055910e+01 2.872979e+01 3.951903e-01
1.122018e-04 2.654244e+01 1.055995e+01 2.856595e+01 3.978513e-01
1.148154e-04 2.636658e+01 1.056031e+01 2.840276e+01 4.005188e-01
1.174898e-04 2.619139e+01 1.056026e+01 2.824019e+01 4.031959e-01
1.202264e-04 2.601682e+01 1.055985e+01 2.807820e+01 4.058857e-01
1.230269e-04 2.584278e+01 1.055913e+01 2.791674e+01 4.085910e-01
1.258925e-04 2.566922e+01 1.055813e+01 2.775578e+01 4.113148e-01
1.288250e-04 2.549607e+01 1.055689e+01 2.759524e+01 4.140597e-01
1.318257e-04 2.532324e+01 1.055544e+01 2.743509e+01 4.168281e-01
1.348963e-04 2.515068e+01 1.055379e+01 2.727525e+01 4.196223e-01
1.380384e-04 2.497830e+01 1.055194e+01 2.711566e+01 4.224442e-01
1.412538e-04 2.480603e+01 1.054990e+01 2.695625e+01 4.252958e-01
1.445440e-04 2.463381e+01 1.054766e+01 2.679697e+01 4.281784e-01
1.479108e-04 2.446155e+01 1.054521e+01 2.663773e+01 4.310934e-01
1.513561e-04 2.428919e+01 1.054252e+01 2.647847e+01 4.340416e-01
1.548817e-04 2.411667e+01 1.053956e+01 2.631912e+01 4.370239e-01
1.584893e-04 2.394393e+01 1.053630e+01 2.615961e+01 4.400405e-01
1.621810e-04 2.377090e+01 1.053269e+01 2.599987e+01 4.430915e-01
1.659587e-04 2.359755e+01 1.052867e+01 2.583983e+01 4.461765e-01
1.698244e-04 2.342380e+01 1.052420e+01 2.567944e+01 4.492951e-01
1.737801e-04 2.324964e+01 1.051921e+01 2.551861e+01 4.524462e-01
1.778279e-04 2.307502e+01 1.051363e+01 2.535730e+01 4.556285e-01
1.819701e-04 2.289991e+01 1.050740e+01 2.519546e+01 4.588404e-01
1.862087e-04 2.272428e+01 1.050043e+01 2.503302e+01 4.620799e-01
1.905461e-04 2.254814e+01 1.049266e+01 2.486995e+01 4.653447e-01
1.949845e-04 2.237146e+01 1.048399e+01 2.470620e+01 4.686321e-01
1.995262e-04 2.219426e+01 1.047434e+01 2.454174e+01 4.719391e-01
2.041738e-04 2.201653e+01 1.046363e+01 2.437653e+01 4.752625e-01
2.089296e-04 2.183830e+01 1.045177e+01 2.421055e+01 4.785985e-01
2.137962e-04 2.165958e+01 1.043869e+01 2.404379e+01 4.819432e-01
2.187762e-04 2.148042e+01 1.042429e+01 2.387622e+01 4.852925e-01
2.238721e-04 2.130085e+01 1.040848e+01 2.370786e+01 4.886417e-01
2.290868e-04 2.112092e+01 1.039120e+01 2.353870e+01 4.919861e-01
2.344229e-04 2.094069e+01 1.037236e+01 2.336875e+01 4.953208e-01
2.398833e-04 2.076023e+01 1.035189e+01 2.319803e+01 4.986403e-01
2.454709e-04 2.057959e+01 1.032971e+01 2.302656e+01 5.019394e-01
2.511886e-04 2.039887e+01 1.030576e+01 2.285438e+01 5.052124e-01
2.570396e-04 2.021815e+01 1.027999e+01 2.268152e+01 5.084535e-01
2.630268e-04 2.003750e+01 1.025233e+01 2.250804e+01 5.116568e-01
2.691535e-04 1.985704e+01 1.022273e+01 2.233397e+01 5.148164e-01
2.754229e-04 1.967686e+01 1.019117e+01 2.215940e+01 5.179263e-01
2.818383e-04 1.949707e+01 1.015759e+01 2.198437e+01 5.209804e-01
2.884032e-04 1.931777e+01 1.012198e+01 2.180896e+01 5.239726e-01
2.951209e-04 1.913907e+01 1.008432e+01 2.163325e+01 5.268970e-01
3.019952e-04 1.896109e+01 1.004460e+01 2.145733e+01 5.297477e-01
3.090295e-04 1.878395e+01 1.000281e+01 2.128128e+01 5.325188e-01
3.162278e-04 1.860775e+01 9.958954e+00 2.110519e+01 5.352046e-01
3.235937e-04 1.843262e+01 9.913058e+00 2.092917e+01 5.377998e-01
3.311311e-04 1.825866e+01 9.865139e+00 2.075331e+01 5.402991e-01
3.388442e-04 1.808600e+01 9.815228e+00 2.057771e+01 5.426975e-01
3.467369e-04 1.791474e+01 9.763364e+00 2.040248e+01 5.449904e-01
3.548134e-04 1.774500e+01 9.709593e+00 2.022774e+01 5.471734e-01
3.630781e-04 1.757688e+01 9.653971e+00 2.005358e+01 5.492425e-01
3.715352e-04 1.741048e+01 9.596558e+00 1.988011e+01 5.511942e-01
3.801894e-04 1.724591e+01 9.537423e+00 1.970745e+01 5.530253e-01
3.890451e-04 1.708325e+01 9.476642e+00 1.953571e+01 5.547331e-01
3.981072e-04 1.692259e+01 9.414296e+00 1.936500e+01 5.563153e-01
4.073803e-04 1.676402e+01 9.350470e+00 1.919541e+01 5.577701e-01
4.168694e-04 1.660761e+01 9.285257e+00 1.902706e+01 5.590964e-01
4.265795e-04 1.645344e+01 9.218753e+00 1.886004e+01 5.602934e-01
4.365158e-04 1.630156e+01 9.151058e+00 1.869446e+01 5.613608e-01
4.466836e-04 1.615204e+01 9.082276e+00 1.853041e+01 5.622991e-01
4.570882e-04 1.600491e+01 9.012513e+00 1.836798e+01 5.631091e-01
4.677351e-04 1.586024e+01 8.941879e+00 1.820726e+01 5.637923e-01
4.786301e-04 1.571804e+01 8.870483e+00 1.804833e+01 5.643504e-01
4.897788e-04 1.557835e+01 8.798438e+00 1.789127e+01 5.647861e-01
5.011872e-04 1.544120e+01 8.725856e+00 1.773615e+01 5.651023e-01
5.128614e-04 1.530658e+01 8.652850e+00 1.758304e+01 5.653025e-01
5.248075e-04 1.517452e+01 8.579533e+00 1.743200e+01 5.653906e-01
5.370318e-04 1.504501e+01 8.506016e+00 1.728308e+01 5.653711e-01
5.495409e-04 1.491805e+01 8.432409e+00 1.713633e+01 5.652488e-01
5.623413e-04 1.479361e+01 8.358821e+00 1.699179e+01 5.650290e-01
5.754399e-04 1.467169e+01 8.285358e+00 1.684950e+01 5.647172e-01
5.888437e-04 1.455226e+01 8.212126e+00 1.670950e+01 5.643196e-01
6.025596e-04 1.443529e+01 8.139225e+00 1.657180e+01 5.638423e-01
6.165950e-04 1.432073e+01 8.066754e+00 1.643642e+01 5.632920e-01
6.309573e-04 1.420856e+01 7.994808e+00 1.630338e+01 5.626755e-01
6.456542e-04 1.409872e+01 7.923479e+00 1.617268e+01 5.619998e-01
6.606934e-04 1.399117e+01 7.852853e+00 1.604431e+01 5.612722e-01
6.760830e-04 1.388584e+01 7.783014e+00 1.591829e+01 5.605001e-01
6.918310e-04 1.378268e+01 7.714043e+00 1.579458e+01 5.596910e-01
7.079458e-04 1.368164e+01 7.646014e+00 1.567319e+01 5.588523e-01
7.244360e-04 1.358264e+01 7.578999e+00 1.555407e+01 5.579917e-01
7.413102e-04 1.348561e+01 7.513062e+00 1.543722e+01 5.571169e-01
7.585776e-04 1.339049e+01 7.448266e+00 1.532260e+01 5.562355e-01
7.762471e-04 1.329721e+01 7.384669e+00 1.521016e+01 5.553549e-01
7.943282e-04 1.320568e+01 7.322322e+00 1.509988e+01 5.544827e-01
8.128305e-04 1.311584e+01 7.261274e+00 1.499171e+01 5.536263e-01
8.317638e-04 1.302761e+01 7.201568e+00 1.488560e+01 5.527929e-01
8.511380e-04 1.294090e+01 7.143242e+00 1.478150e+01 5.519896e-01
8.709636e-04 1.285564e+01 7.086331e+00 1.467936e+01 5.512235e-01
8.912509e-04 1.277175e+01 7.030864e+00 1.457912e+01 5.505011e-01
9.120108e-04 1.268915e+01 6.976867e+00 1.448072e+01 5.498291e-01
9.332543e-04 1.260777e+01 6.924360e+00 1.438411e+01 5.492138e-01
9.549926e-04 1.252751e+01 6.873360e+00 1.428921e+01 5.486614e-01
9.772372e-04 1.244830e+01 6.823880e+00 1.419597e+01 5.481777e-01
1.000000e-03 1.237007e+01 6.775929e+00 1.410432e+01 5.477682e-01
1.023293e-03 1.229273e+01 6.729510e+00 1.401419e+01 5.474384e-01
1.047129e-03 1.221620e+01 6.684625e+00 1.392551e+01 5.471934e-01
1.071519e-03 1.214042e+01 6.641270e+00 1.383822e+01 5.470379e-01
1.096478e-03 1.206530e+01 6.599440e+00 1.375224e+01 5.469766e-01
1.122018e-03 1.199078e+01 6.559123e+00 1.366752e+01 5.470138e-01
1.148154e-03 1.191678e+01 6.520308e+00 1.358397e+01 5.471533e-01
1.174898e-03 1.184324e+01 6.482977e+00 1.350153e+01 5.473991e-01
1.202264e-03 1.177007e+01 6.447111e+00 1.342013e+01 5.477545e-01
1.230269e-03 1.169723e+01 6.412688e+00 1.333971e+01 5.482228e-01
1.258925e-03 1.162464e+01 6.379683e+00 1.326019e+01 5.488070e-01
1.288250e-03 1.155224e+01 6.348068e+00 1.318151e+01 5.495097e-01
1.318257e-03 1.147997e+01 6.317813e+00 1.310361e+01 5.503335e-01
1.348963e-03 1.140778e+01 6.288886e+00 1.302642e+01 5.512805e-01
1.380384e-03 1.133561e+01 6.261253e+00 1.294987e+01 5.523527e-01
1.412538e-03 1.126340e+01 6.234876e+00 1.287392e+01 5.535519e-01
1.445440e-03 1.119111e+01 6.209719e+00 1.279850e+01 5.548797e-01
1.479108e-03 1.111869e+01 6.185740e+00 1.272354e+01 5.563374e-01
1.513561e-03 1.104609e+01 6.162899e+00 1.264900e+01 5.579261e-01
1.548817e-03 1.097326e+01 6.141152e+00 1.257483e+01 5.596468e-01
1.584893e-03 1.090018e+01 6.120456e+00 1.250096e+01 5.615003e-01
1.621810e-03 1.082680e+01 6.100765e+00 1.242735e+01 5.634871e-01
1.659587e-03 1.075309e+01 6.082032e+00 1.235395e+01 5.656078e-01
1.698244e-03 1.067901e+01 6.064211e+00 1.228071e+01 5.678626e-01
1.737801e-03 1.060454e+01 6.047254e+00 1.220760e+01 5.702517e-01
1.778279e-03 1.052964e+01 6.031113e+00 1.213456e+01 5.727750e-01
1.819701e-03 1.045429e+01 6.015737e+00 1.206156e+01 5.754326e-01
1.862087e-03 1.037847e+01 6.001079e+00 1.198856e+01 5.782241e-01
1.905461e-03 1.030215e+01 5.987089e+00 1.191552e+01 5.811493e-01
1.949845e-03 1.022533e+01 5.973717e+00 1.184241e+01 5.842077e-01
1.995262e-03 1.014798e+01 5.960913e+00 1.176920e+01 5.873988e-01
2.041738e-03 1.007010e+01 5.948628e+00 1.169585e+01 5.907221e-01
2.089296e-03 9.991660e+00 5.936812e+00 1.162235e+01 5.941767e-01
2.137962e-03 9.912667e+00 5.925416e+00 1.154866e+01 5.977621e-01
2.187762e-03 9.833109e+00 5.914392e+00 1.147476e+01 6.014773e-01
2.238721e-03 9.752982e+00 5.903690e+00 1.140062e+01 6.053215e-01
2.290868e-03 9.672284e+00 5.893262e+00 1.132624e+01 6.092938e-01
2.344229e-03 9.591015e+00 5.883062e+00 1.125158e+01 6.133931e-01
2.398833e-03 9.509177e+00 5.873043e+00 1.117663e+01 6.176184e-01
2.454709e-03 9.426772e+00 5.863158e+00 1.110138e+01 6.219687e-01
2.511886e-03 9.343807e+00 5.853361e+00 1.102581e+01 6.264429e-01
2.570396e-03 9.260288e+00 5.843609e+00 1.094992e+01 6.310396e-01
2.630268e-03 9.176225e+00 5.833857e+00 1.087368e+01 6.357578e-01
2.691535e-03 9.091627e+00 5.824062e+00 1.079710e+01 6.405962e-01
2.754229e-03 9.006508e+00 5.814183e+00 1.072016e+01 6.455535e-01
2.818383e-03 8.920881e+00 5.804178e+00 1.064287e+01 6.506284e-01
2.884032e-03 8.834760e+00 5.794008e+00 1.056520e+01 6.558195e-01
2.951209e-03 8.748164e+00 5.783633e+00 1.048717e+01 6.611253e-01
3.019952e-03 8.661109e+00 5.773015e+00 1.040877e+01 6.665445e-01
3.090295e-03 8.573616e+00 5.762118e+00 1.033000e+01 6.720755e-01
3.162278e-03 8.485705e+00 5.750905e+00 1.025086e+01 6.777169e-01
3.235937e-03 8.397398e+00 5.739344e+00 1.017135e+01 6.834669e-01
3.311311e-03 8.308718e+00 5.727399e+00 1.009148e+01 6.893241e-01
3.388442e-03 8.219690e+00 5.715040e+00 1.001124e+01 6.952866e-01
3.467369e-03 8.130339e+00 5.702236e+00 9.930655e+00 7.013527e-01
3.548134e-03 8.040692e+00 5.688957e+00 9.849719e+00 7.075208e-01
3.630781e-03 7.950776e+00 5.675175e+00 9.768442e+00 7.137888e-01
3.715352e-03 7.860620e+00 5.660863e+00 9.686832e+00 7.201548e-01
3.801894e-03 7.770252e+00 5.645997e+00 9.604900e+00 7.266170e-01
3.890451e-03 7.679704e+00 5.630553e+00 9.522656e+00 7.331732e-01
3.981072e-03 7.589005e+00 5.614508e+00 9.440111e+00 7.398213e-01
4.073803e-03 7.498188e+00 5.597840e+00 9.357277e+00 7.465591e-01
4.168694e-03 7.407284e+00 5.580532e+00 9.274168e+00 7.533844e-01
4.265795e-03 7.316327e+00 5.562565e+00 9.190798e+00 7.602948e-01
4.365158e-03 7.225349e+00 5.543922e+00 9.107181e+00 7.672878e-01
4.466836e-03 7.134385e+00 5.524589e+00 9.023333e+00 7.743609e-01
4.570882e-03 7.043469e+00 5.504553e+00 8.939271e+00 7.815116e-01
4.677351e-03 6.952635e+00 5.483802e+00 8.855011e+00 7.887372e-01
4.786301e-03 6.861918e+00 5.462325e+00 8.770571e+00 7.960348e-01
4.897788e-03 6.771352e+00 5.440115e+00 8.685969e+00 8.034015e-01
5.011872e-03 6.680974e+00 5.417164e+00 8.601225e+00 8.108345e-01
5.128614e-03 6.590817e+00 5.393467e+00 8.516358e+00 8.183306e-01
5.248075e-03 6.500917e+00 5.369020e+00 8.431388e+00 8.258866e-01
5.370318e-03 6.411309e+00 5.343822e+00 8.346335e+00 8.334993e-01
5.495409e-03 6.322028e+00 5.317870e+00 8.261221e+00 8.411653e-01
5.623413e-03 6.233107e+00 5.291167e+00 8.176067e+00 8.488811e-01
5.754399e-03 6.144583e+00 5.263714e+00 8.090895e+00 8.566431e-01
5.888437e-03 6.056487e+00 5.235516e+00 8.005727e+00 8.644476e-01
6.025596e-03 5.968855e+00 5.206578e+00 7.920586e+00 8.722909e-01
6.165950e-03 5.881718e+00 5.176906e+00 7.835494e+00 8.801691e-01
6.309573e-03 5.795109e+00 5.146509e+00 7.750474e+00 8.880780e-01
6.456542e-03 5.709061e+00 5.115397e+00 7.665551e+00 8.960138e-01
6.606934e-03 5.623604e+00 5.083581e+00 7.580746e+00 9.039722e-01
6.760830e-03 5.538768e+00 5.051073e+00 7.496085e+00 9.119488e-01
6.918310e-03 5.454583e+00 5.017886e+00 7.411590e+00 9.199395e-01
7.079458e-03 5.371078e+00 4.984036e+00 7.327284e+00 9.279396e-01
7.244360e-03 5.288281e+00 4.949539e+00 7.243193e+00 9.359448e-01
7.413102e-03 5.206217e+00 4.914411e+00 7.159339e+00 9.439504e-01
7.585776e-03 5.124914e+00 4.878671e+00 7.075745e+00 9.519518e-01
7.762471e-03 5.044395e+00 4.842338e+00 6.992436e+00 9.599443e-01
7.943282e-03 4.964685e+00 4.805433e+00 6.909435e+00 9.679231e-01
8.128305e-03 4.885805e+00 4.767977e+00 6.826763e+00 9.758835e-01
8.317638e-03 4.807778e+00 4.729991e+00 6.744445e+00 9.838206e-01
8.511380e-03 4.730621e+00 4.691498e+00 6.662502e+00 9.917297e-01
8.709636e-03 4.654356e+00 4.652522e+00 6.580956e+00 9.996060e-01
8.912509e-03 4.578998e+00 4.613086e+00 6.499830e+00 1.007444e+00
9.120108e-03 4.504565e+00 4.573216e+00 6.419144e+00 1.015240e+00
9.332543e-03 4.431070e+00 4.532936e+00 6.338919e+00 1.022989e+00
9.549926e-03 4.358527e+00 4.492271e+00 6.259174e+00 1.030686e+00
9.772372e-03 4.286949e+00 4.451248e+00 6.179931e+00 1.038325e+00
1.000000e-02 4.216347e+00 4.409892e+00 6.101207e+00 1.045904e+00
1.023293e-02 4.146728e+00 4.368230e+00 6.023022e+00 1.053416e+00
1.047129e-02 4.078103e+00 4.326287e+00 5.945392e+00 1.060858e+00
1.071519e-02 4.010478e+00 4.284091e+00 5.868336e+00 1.068225e+00
1.096478e-02 3.943857e+00 4.241666e+00 5.791869e+00 1.075512e+00
1.122018e-02 3.878247e+00 4.199040e+00 5.716007e+00 1.082716e+00
1.148154e-02 3.813648e+00 4.156238e+00 5.640765e+00 1.089833e+00
1.174898e-02 3.750065e+00 4.113286e+00 5.566157e+00 1.096857e+00
1.202264e-02 3.687496e+00 4.070209e+00 5.492197e+00 1.103787e+00
1.230269e-02 3.625942e+00 4.027033e+00 5.418898e+00 1.110617e+00
1.258925e-02 3.565401e+00 3.983782e+00 5.346270e+00 1.117345e+00
1.288250e-02 3.505870e+00 3.940480e+00 5.274326e+00 1.123966e+00
1.318257e-02 3.447346e+00 3.897152e+00 5.203075e+00 1.130479e+00
1.348963e-02 3.389825e+00 3.853819e+00 5.132527e+00 1.136879e+00
1.380384e-02 3.333300e+00 3.810506e+00 5.062691e+00 1.143163e+00
1.412538e-02 3.277765e+00 3.767234e+00 4.993575e+00 1.149330e+00
1.445440e-02 3.223214e+00 3.724024e+00 4.925186e+00 1.155376e+00
1.479108e-02 3.169637e+00 3.680897e+00 4.857530e+00 1.161299e+00
1.513561e-02 3.117027e+00 3.637873e+00 4.790613e+00 1.167097e+00
1.548817e-02 3.065373e+00 3.594972e+00 4.724441e+00 1.172768e+00
1.584893e-02 3.014667e+00 3.552213e+00 4.659016e+00 1.178310e+00
1.621810e-02 2.964896e+00 3.509613e+00 4.594343e+00 1.183722e+00
1.659587e-02 2.916051e+00 3.467189e+00 4.530425e+00 1.189002e+00
1.698244e-02 2.868119e+00 3.424959e+00 4.467264e+00 1.194148e+00
1.737801e-02 2.821088e+00 3.382938e+00 4.404861e+00 1.199161e+00
1.778279e-02 2.774945e+00 3.341140e+00 4.343218e+00 1.204038e+00
1.819701e-02 2.729679e+00 3.299581e+00 4.282334e+00 1.208780e+00
1.862087e-02 2.685274e+00 3.258274e+00 4.222209e+00 1.213386e+00
1.905461e-02 2.641719e+00 3.217231e+00 4.162842e+00 1.217855e+00
1.949845e-02 2.598999e+00 3.176465e+00 4.104232e+00 1.222188e+00
1.995262e-02 2.557099e+00 3.135986e+00 4.046377e+00 1.226384e+00
2.041738e-02 2.516007e+00 3.095806e+00 3.989274e+00 1.230444e+00
2.089296e-02 2.475708e+00 3.055935e+00 3.932921e+00 1.234368e+00
2.137962e-02 2.436186e+00 3.016381e+00 3.877313e+00 1.238157e+00
2.187762e-02 2.397428e+00 2.977153e+00 3.822448e+00 1.241811e+00
2.238721e-02 2.359420e+00 2.938260e+00 3.768319e+00 1.245331e+00
2.290868e-02 2.322146e+00 2.899707e+00 3.714924e+00 1.248718e+00
2.344229e-02 2.285593e+00 2.861501e+00 3.662256e+00 1.251973e+00
2.398833e-02 2.249745e+00 2.823649e+00 3.610311e+00 1.255097e+00
2.454709e-02 2.214589e+00 2.786155e+00 3.559082e+00 1.258091e+00
2.511886e-02 2.180110e+00 2.749025e+00 3.508563e+00 1.260957e+00
2.570396e-02 2.146294e+00 2.712261e+00 3.458748e+00 1.263695e+00
2.630268e-02 2.113127e+00 2.675869e+00 3.409631e+00 1.266307e+00
2.691535e-02 2.080596e+00 2.639850e+00 3.361203e+00 1.268795e+00
2.754229e-02 2.048687e+00 2.604207e+00 3.313459e+00 1.271159e+00
2.818383e-02 2.017386e+00 2.568943e+00 3.266392e+00 1.273401e+00
2.884032e-02 1.986681e+00 2.534058e+00 3.219992e+00 1.275523e+00
2.951209e-02 1.956559e+00 2.499554e+00 3.174255e+00 1.277525e+00
3.019952e-02 1.927007e+00 2.465431e+00 3.129170e+00 1.279410e+00
3.090295e-02 1.898013e+00 2.431690e+00 3.084732e+00 1.281177e+00
3.162278e-02 1.869565e+00 2.398331e+00 3.040931e+00 1.282829e+00
3.235937e-02 1.841651e+00 2.365354e+00 2.997762e+00 1.284366e+00
3.311311e-02 1.814260e+00 2.332757e+00 2.955214e+00 1.285790e+00
3.388442e-02 1.787381e+00 2.300540e+00 2.913282e+00 1.287101e+00
3.467369e-02 1.761003e+00 2.268701e+00 2.871957e+00 1.288301e+00
3.548134e-02 1.735116e+00 2.237240e+00 2.831231e+00 1.289390e+00
3.630781e-02 1.709709e+00 2.206155e+00 2.791098e+00 1.290369e+00
3.715352e-02 1.684773e+00 2.175444e+00 2.751548e+00 1.291239e+00
3.801894e-02 1.660299e+00 2.145105e+00 2.712576e+00 1.292000e+00
3.890451e-02 1.636276e+00 2.115137e+00 2.674173e+00 1.292652e+00
3.981072e-02 1.612697e+00 2.085536e+00 2.636333e+00 1.293198e+00
4.073803e-02 1.589553e+00 2.056302e+00 2.599049e+00 1.293635e+00
4.168694e-02 1.566834e+00 2.027431e+00 2.562312e+00 1.293967e+00
4.265795e-02 1.544534e+00 1.998922e+00 2.526118e+00 1.294191e+00
4.365158e-02 1.522643e+00 1.970772e+00 2.490459e+00 1.294310e+00
4.466836e-02 1.501155e+00 1.942980e+00 2.455328e+00 1.294323e+00
4.570882e-02 1.480062e+00 1.915542e+00 2.420720e+00 1.294231e+00
4.677351e-02 1.459357e+00 1.888457e+00 2.386628e+00 1.294033e+00
4.786301e-02 1.439032e+00 1.861722e+00 2.353045e+00 1.293732e+00
4.897788e-02 1.419081e+00 1.835335e+00 2.319967e+00 1.293326e+00
5.011872e-02 1.399497e+00 1.809295e+00 2.287387e+00 1.292817e+00
5.128614e-02 1.380274e+00 1.783598e+00 2.255300e+00 1.292206e+00
5.248075e-02 1.361404e+00 1.758243e+00 2.223699e+00 1.291493e+00
5.370318e-02 1.342881e+00 1.733228e+00 2.192581e+00 1.290679e+00
5.495409e-02 1.324699e+00 1.708551e+00 2.161938e+00 1.289765e+00
5.623413e-02 1.306852e+00 1.684210e+00 2.131766e+00 1.288753e+00
5.754399e-02 1.289334e+00 1.660203e+00 2.102060e+00 1.287644e+00
5.888437e-02 1.272137e+00 1.636528e+00 2.072814e+00 1.286439e+00
6.025596e-02 1.255257e+00 1.613183e+00 2.044023e+00 1.285141e+00
6.165950e-02 1.238687e+00 1.590167e+00 2.015683e+00 1.283751e+00
6.309573e-02 1.222422e+00 1.567477e+00 1.987788e+00 1.282272e+00
6.456542e-02 1.206454e+00 1.545112e+00 1.960332e+00 1.280706e+00
6.606934e-02 1.190778e+00 1.523070e+00 1.933312e+00 1.279055e+00
6.760830e-02 1.175388e+00 1.501350e+00 1.906722e+00 1.277323e+00
6.918310e-02 1.160277e+00 1.479948e+00 1.880556e+00 1.275513e+00
7.079458e-02 1.145441e+00 1.458864e+00 1.854810e+00 1.273627e+00
7.244360e-02 1.130872e+00 1.438096e+00 1.829479e+00 1.271669e+00
7.413102e-02 1.116566e+00 1.417641e+00 1.804556e+00 1.269644e+00
7.585776e-02 1.102515e+00 1.397497e+00 1.780038e+00 1.267554e+00
7.762471e-02 1.088713e+00 1.377663e+00 1.755919e+00 1.265405e+00
7.943282e-02 1.075156e+00 1.358136e+00 1.732193e+00 1.263199e+00
8.128305e-02 1.061836e+00 1.338913e+00 1.708855e+00 1.260942e+00
8.317638e-02 1.048748e+00 1.319994e+00 1.685899e+00 1.258638e+00
8.511380e-02 1.035885e+00 1.301375e+00 1.663320e+00 1.256292e+00
8.709636e-02 1.023243e+00 1.283053e+00 1.641112e+00 1.253909e+00
8.912509e-02 1.010814e+00 1.265026e+00 1.619270e+00 1.251492e+00
9.120108e-02 9.985937e-01 1.247292e+00 1.597788e+00 1.249048e+00
9.332543e-02 9.865757e-01 1.229847e+00 1.576659e+00 1.246581e+00
9.549926e-02 9.747543e-01 1.212689e+00 1.555879e+00 1.244097e+00
9.772372e-02 9.631239e-01 1.195814e+00 1.535441e+00 1.241599e+00
1.000000e-01 9.516789e-01 1.179220e+00 1.515339e+00 1.239094e+00
1.023293e-01 9.404137e-01 1.162903e+00 1.495567e+00 1.236586e+00
1.047129e-01 9.293230e-01 1.146860e+00 1.476119e+00 1.234081e+00
1.071519e-01 9.184014e-01 1.131087e+00 1.456990e+00 1.231583e+00
1.096478e-01 9.076438e-01 1.115582e+00 1.438173e+00 1.229097e+00
1.122018e-01 8.970449e-01 1.100340e+00 1.419661e+00 1.226628e+00
1.148154e-01 8.865998e-01 1.085358e+00 1.401450e+00 1.224181e+00
1.174898e-01 8.763036e-01 1.070632e+00 1.383532e+00 1.221760e+00
1.202264e-01 8.661515e-01 1.056159e+00 1.365903e+00 1.219369e+00
1.230269e-01 8.561390e-01 1.041933e+00 1.348554e+00 1.217014e+00
1.258925e-01 8.462614e-01 1.027952e+00 1.331482e+00 1.214698e+00
1.288250e-01 8.365144e-01 1.014212e+00 1.314679e+00 1.212426e+00
1.318257e-01 8.268938e-01 1.000708e+00 1.298141e+00 1.210201e+00
1.348963e-01 8.173954e-01 9.874356e-01 1.281860e+00 1.208027e+00
1.380384e-01 8.080154e-01 9.743917e-01 1.265831e+00 1.205907e+00
1.412538e-01 7.987498e-01 9.615717e-01 1.250049e+00 1.203846e+00
1.445440e-01 7.895951e-01 9.489713e-01 1.234507e+00 1.201846e+00
1.479108e-01 7.805476e-01 9.365864e-01 1.219200e+00 1.199909e+00
1.513561e-01 7.716041e-01 9.244127e-01 1.204123e+00 1.198040e+00
1.548817e-01 7.627612e-01 9.124459e-01 1.189270e+00 1.196241e+00
1.584893e-01 7.540160e-01 9.006818e-01 1.174635e+00 1.194513e+00
1.621810e-01 7.453654e-01 8.891161e-01 1.160214e+00 1.192859e+00
1.659587e-01 7.368067e-01 8.777446e-01 1.146002e+00 1.191282e+00
1.698244e-01 7.283372e-01 8.665630e-01 1.131992e+00 1.189783e+00
1.737801e-01 7.199545e-01 8.555671e-01 1.118181e+00 1.188363e+00
1.778279e-01 7.116561e-01 8.447527e-01 1.104564e+00 1.187024e+00
1.819701e-01 7.034398e-01 8.341156e-01 1.091135e+00 1.185767e+00
1.862087e-01 6.953036e-01 8.236519e-01 1.077891e+00 1.184593e+00
1.905461e-01 6.872456e-01 8.133572e-01 1.064827e+00 1.183503e+00
1.949845e-01 6.792639e-01 8.032277e-01 1.051938e+00 1.182497e+00
1.995262e-01 6.713568e-01 7.932594e-01 1.039221e+00 1.181576e+00
2.041738e-01 6.635228e-01 7.834482e-01 1.026671e+00 1.180741e+00
2.089296e-01 6.557605e-01 7.737905e-01 1.014285e+00 1.179990e+00
2.137962e-01 6.480685e-01 7.642824e-01 1.002058e+00 1.179323e+00
2.187762e-01 6.404458e-01 7.549201e-01 9.899875e-01 1.178742e+00
2.238721e-01 6.328911e-01 7.457002e-01 9.780695e-01 1.178244e+00
2.290868e-01 6.254036e-01 7.366189e-01 9.663007e-01 1.177830e+00
2.344229e-01 6.179824e-01 7.276729e-01 9.546780e-01 1.177498e+00
2.398833e-01 6.106267e-01 7.188587e-01 9.431982e-01 1.177247e+00
2.454709e-01 6.033359e-01 7.101731e-01 9.318584e-01 1.177078e+00
2.511886e-01 5.961093e-01 7.016130e-01 9.206558e-01 1.176987e+00
2.570396e-01 5.889465e-01 6.931751e-01 9.095877e-01 1.176975e+00
2.630268e-01 5.818471e-01 6.848566e-01 8.986516e-01 1.177039e+00
2.691535e-01 5.748107e-01 6.766545e-01 8.878450e-01 1.177178e+00
2.754229e-01 5.678369e-01 6.685661e-01 8.771656e-01 1.177391e+00
2.818383e-01 5.609257e-01 6.605887e-01 8.666113e-01 1.177676e+00
2.884032e-01 5.540767e-01 6.527198e-01 8.561800e-01 1.178031e+00
2.951209e-01 5.472899e-01 6.449568e-01 8.458697e-01 1.178455e+00
3.019952e-01 5.405652e-01 6.372975e-01 8.356786e-01 1.178947e+00
3.090295e-01 5.339025e-01 6.297395e-01 8.256051e-01 1.179503e+00
3.162278e-01 5.273017e-01 6.222808e-01 8.156473e-01 1.180123e+00
3.235937e-01 5.207629e-01 6.149193e-01 8.058038e-01 1.180805e+00
3.311311e-01 5.142861e-01 6.076531e-01 7.960732e-01 1.181547e+00
3.388442e-01 5.078712e-01 6.004804e-01 7.864540e-01 1.182348e+00
3.467369e-01 5.015183e-01 5.933994e-01 7.769449e-01 1.183206e+00
3.548134e-01 4.952273e-01 5.864085e-01 7.675448e-01 1.184120e+00
3.630781e-01 4.889984e-01 5.795062e-01 7.582525e-01 1.185088e+00
3.715352e-01 4.828315e-01 5.726909e-01 7.490668e-01 1.186109e+00
3.801894e-01 4.767265e-01 5.659614e-01 7.399868e-01 1.187183e+00
3.890451e-01 4.706834e-01 5.593164e-01 7.310114e-01 1.188307e+00
3.981072e-01 4.647022e-01 5.527546e-01 7.221397e-01 1.189481e+00
4.073803e-01 4.587827e-01 5.462750e-01 7.133708e-01 1.190705e+00
4.168694e-01 4.529248e-01 5.398764e-01 7.047038e-01 1.191978e+00
4.265795e-01 4.471284e-01 5.335578e-01 6.961378e-01 1.193299e+00
4.365158e-01 4.413933e-01 5.273184e-01 6.876720e-01 1.194668e+00
4.466836e-01 4.357192e-01 5.211572e-01 6.793055e-01 1.196085e+00
4.570882e-01 4.301058e-01 5.150734e-01 6.710377e-01 1.197551e+00
4.677351e-01 4.245528e-01 5.090662e-01 6.628676e-01 1.199064e+00
4.786301e-01 4.190599e-01 5.031348e-01 6.547945e-01 1.200627e+00
4.897788e-01 4.136267e-01 4.972785e-01 6.468176e-01 1.202240e+00
5.011872e-01 4.082527e-01 4.914967e-01 6.389361e-01 1.203903e+00
5.128614e-01 4.029375e-01 4.857886e-01 6.311491e-01 1.205618e+00
5.248075e-01 3.976805e-01 4.801536e-01 6.234559e-01 1.207385e+00
5.370318e-01 3.924811e-01 4.745911e-01 6.158556e-01 1.209208e+00
5.495409e-01 3.873388e-01 4.691004e-01 6.083474e-01 1.211086e+00
5.623413e-01 3.822528e-01 4.636810e-01 6.009303e-01 1.213022e+00
5.754399e-01 3.772226e-01 4.583322e-01 5.936036e-01 1.215018e+00
5.888437e-01 3.722474e-01 4.530533e-01 5.863663e-01 1.217076e+00
6.025596e-01 3.673265e-01 4.478439e-01 5.792175e-01 1.219198e+00
6.165950e-01 3.624591e-01 4.427033e-01 5.721563e-01 1.221388e+00
6.309573e-01 3.576444e-01 4.376308e-01 5.651816e-01 1.223648e+00
6.456542e-01 3.528816e-01 4.326257e-01 5.582925e-01 1.225980e+00
6.606934e-01 3.481699e-01 4.276876e-01 5.514879e-01 1.228388e+00
6.760830e-01 3.435083e-01 4.228155e-01 5.447669e-01 1.230874e+00
6.918310e-01 3.388961e-01 4.180090e-01 5.381284e-01 1.233443e+00
7.079458e-01 3.343324e-01 4.132673e-01 5.315712e-01 1.236097e+00
7.244360e-01 3.298162e-01 4.085895e-01 5.250944e-01 1.238840e+00
7.413102e-01 3.253467e-01 4.039751e-01 5.186968e-01 1.241676e+00
7.585776e-01 3.209230e-01 3.994232e-01 5.123773e-01 1.244608e+00
7.762471e-01 3.165442e-01 3.949331e-01 5.061348e-01 1.247640e+00
7.943282e-01 3.122094e-01 3.905040e-01 4.999680e-01 1.250776e+00
8.128305e-01 3.079177e-01 3.861349e-01 4.938759e-01 1.254020e+00
8.317638e-01 3.036682e-01 3.818251e-01 4.878574e-01 1.257376e+00
8.511380e-01 2.994601e-01 3.775738e-01 4.819111e-01 1.260848e+00
8.709636e-01 2.952925e-01 3.733800e-01 4.760360e-01 1.264441e+00
8.912509e-01 2.911647e-01 3.692428e-01 4.702309e-01 1.268158e+00
9.120108e-01 2.870756e-01 3.651614e-01 4.644946e-01 1.272004e+00
9.332543e-01 2.830247e-01 3.611348e-01 4.588260e-01 1.275984e+00
9.549926e-01 2.790110e-01 3.571621e-01 4.532239e-01 1.280100e+00
9.772372e-01 2.750338e-01 3.532423e-01 4.476871e-01 1.284360e+00
1.000000e+00 2.710924e-01 3.493745e-01 4.422144e-01 1.288765e+00
1.023293e+00 2.671860e-01 3.455577e-01 4.368049e-01 1.293322e+00
1.047129e+00 2.633141e-01 3.417909e-01 4.314572e-01 1.298035e+00
1.071519e+00 2.594757e-01 3.380732e-01 4.261704e-01 1.302909e+00
1.096478e+00 2.556705e-01 3.344036e-01 4.209432e-01 1.307948e+00
1.122018e+00 2.518977e-01 3.307811e-01 4.157747e-01 1.313157e+00
1.148154e+00 2.481566e-01 3.272048e-01 4.106637e-01 1.318541e+00
1.174898e+00 2.444469e-01 3.236736e-01 4.056092e-01 1.324106e+00
1.202264e+00 2.407678e-01 3.201865e-01 4.006102e-01 1.329856e+00
1.230269e+00 2.371189e-01 3.167427e-01 3.956657e-01 1.335797e+00
1.258925e+00 2.334997e-01 3.133411e-01 3.907745e-01 1.341934e+00
1.288250e+00 2.299096e-01 3.099807e-01 3.859359e-01 1.348272e+00
1.318257e+00 2.263483e-01 3.066607e-01 3.811487e-01 1.354818e+00
1.348963e+00 2.228153e-01 3.033800e-01 3.764121e-01 1.361576e+00
1.380384e+00 2.193102e-01 3.001377e-01 3.717251e-01 1.368553e+00
1.412538e+00 2.158325e-01 2.969328e-01 3.670869e-01 1.375756e+00
1.445440e+00 2.123820e-01 2.937645e-01 3.624965e-01 1.383189e+00
1.479108e+00 2.089582e-01 2.906318e-01 3.579530e-01 1.390861e+00
1.513561e+00 2.055608e-01 2.875338e-01 3.534557e-01 1.398777e+00
1.548817e+00 2.021896e-01 2.844695e-01 3.490036e-01 1.406945e+00
1.584893e+00 1.988441e-01 2.814382e-01 3.445960e-01 1.415371e+00
1.621810e+00 1.955241e-01 2.784388e-01 3.402320e-01 1.424064e+00
1.659587e+00 1.922293e-01 2.754705e-01 3.359109e-01 1.433031e+00
1.698244e+00 1.889595e-01 2.725324e-01 3.316318e-01 1.442279e+00
1.737801e+00 1.857145e-01 2.696237e-01 3.273940e-01 1.451818e+00
1.778279e+00 1.824940e-01 2.667435e-01 3.231968e-01 1.461656e+00
1.819701e+00 1.792978e-01 2.638909e-01 3.190393e-01 1.471802e+00
1.862087e+00 1.761257e-01 2.610650e-01 3.149210e-01 1.482266e+00
1.905461e+00 1.729776e-01 2.582651e-01 3.108410e-01 1.493055e+00
1.949845e+00 1.698533e-01 2.554902e-01 3.067986e-01 1.504182e+00
1.995262e+00 1.667526e-01 2.527396e-01 3.027932e-01 1.515656e+00
2.041738e+00 1.636755e-01 2.500123e-01 2.988241e-01 1.527488e+00
2.089296e+00 1.606219e-01 2.473076e-01 2.948906e-01 1.539688e+00
2.137962e+00 1.575917e-01 2.446246e-01 2.909920e-01 1.552269e+00
2.187762e+00 1.545848e-01 2.419625e-01 2.871277e-01 1.565241e+00
2.238721e+00 1.516012e-01 2.393205e-01 2.832971e-01 1.578618e+00
2.290868e+00 1.486410e-01 2.366978e-01 2.794995e-01 1.592412e+00
2.344229e+00 1.457041e-01 2.340935e-01 2.757344e-01 1.606636e+00
2.398833e+00 1.427906e-01 2.315069e-01 2.720011e-01 1.621304e+00
2.454709e+00 1.399006e-01 2.289372e-01 2.682991e-01 1.636428e+00
2.511886e+00 1.370341e-01 2.263835e-01 2.646278e-01 1.652023e+00
2.570396e+00 1.341913e-01 2.238452e-01 2.609866e-01 1.668105e+00
2.630268e+00 1.313725e-01 2.213216e-01 2.573751e-01 1.684688e+00
2.691535e+00 1.285777e-01 2.188117e-01 2.537928e-01 1.701786e+00
2.754229e+00 1.258072e-01 2.163150e-01 2.502391e-01 1.719417e+00
2.818383e+00 1.230612e-01 2.138308e-01 2.467137e-01 1.737597e+00
2.884032e+00 1.203401e-01 2.113583e-01 2.432161e-01 1.756341e+00
2.951209e+00 1.176442e-01 2.088969e-01 2.397458e-01 1.775667e+00
3.019952e+00 1.149738e-01 2.064460e-01 2.363026e-01 1.795592e+00
3.090295e+00 1.123293e-01 2.040051e-01 2.328861e-01 1.816135e+00
3.162278e+00 1.097110e-01 2.015735e-01 2.294959e-01 1.837313e+00
3.235937e+00 1.071195e-01 1.991507e-01 2.261318e-01 1.859145e+00
3.311311e+00 1.045552e-01 1.967363e-01 2.227936e-01 1.881649e+00
3.388442e+00 1.020186e-01 1.943298e-01 2.194809e-01 1.904846e+00
3.467369e+00 9.951018e-02 1.919308e-01 2.161936e-01 1.928755e+00
3.548134e+00 9.703042e-02 1.895389e-01 2.129316e-01 1.953396e+00
3.630781e+00 9.457991e-02 1.871538e-01 2.096948e-01 1.978790e+00
3.715352e+00 9.215918e-02 1.847752e-01 2.064829e-01 2.004957e+00
3.801894e+00 8.976880e-02 1.824030e-01 2.032961e-01 2.031920e+00
3.890451e+00 8.740935e-02 1.800369e-01 2.001342e-01 2.059699e+00
3.981072e+00 8.508138e-02 1.776769e-01 1.969972e-01 2.088317e+00
4.073803e+00 8.278549e-02 1.753228e-01 1.938853e-01 2.117796e+00
4.168694e+00 8.052223e-02 1.729746e-01 1.907985e-01 2.148160e+00
4.265795e+00 7.829218e-02 1.706324e-01 1.877368e-01 2.179431e+00
4.365158e+00 7.609590e-02 1.682963e-01 1.847004e-01 2.211634e+00
4.466836e+00 7.393391e-02 1.659663e-01 1.816894e-01 2.244793e+00
4.570882e+00 7.180677e-02 1.636427e-01 1.787041e-01 2.278932e+00
4.677351e+00 6.971495e-02 1.613257e-01 1.757446e-01 2.314077e+00
4.786301e+00 6.765896e-02 1.590156e-01 1.728112e-01 2.350252e+00
4.897788e+00 6.563924e-02 1.567127e-01 1.699040e-01 2.387484e+00
5.011872e+00 6.365623e-02 1.544173e-01 1.670234e-01 2.425800e+00
5.128614e+00 6.171031e-02 1.521299e-01 1.641696e-01 2.465226e+00
5.248075e+00 5.980185e-02 1.498508e-01 1.613429e-01 2.505789e+00
5.370318e+00 5.793116e-02 1.475807e-01 1.585436e-01 2.547518e+00
5.495409e+00 5.609852e-02 1.453199e-01 1.557720e-01 2.590441e+00
5.623413e+00 5.430419e-02 1.430690e-01 1.530284e-01 2.634586e+00
5.754399e+00 5.254835e-02 1.408287e-01 1.503131e-01 2.679982e+00
5.888437e+00 5.083116e-02 1.385993e-01 1.476265e-01 2.726661e+00
6.025596e+00 4.915272e-02 1.363817e-01 1.449688e-01 2.774652e+00
6.165950e+00 4.751311e-02 1.341763e-01 1.423404e-01 2.823986e+00
6.309573e+00 4.591232e-02 1.319839e-01 1.397415e-01 2.874694e+00
6.456542e+00 4.435034e-02 1.298050e-01 1.371725e-01 2.926810e+00
6.606934e+00 4.282708e-02 1.276403e-01 1.346336e-01 2.980364e+00
6.760830e+00 4.134242e-02 1.254904e-01 1.321251e-01 3.035392e+00
6.918310e+00 3.989619e-02 1.233561e-01 1.296473e-01 3.091927e+00
7.079458e+00 3.848817e-02 1.212379e-01 1.272005e-01 3.150003e+00
7.244360e+00 3.711812e-02 1.191364e-01 1.247847e-01 3.209655e+00
7.413102e+00 3.578573e-02 1.170523e-01 1.224004e-01 3.270921e+00
7.585776e+00 3.449066e-02 1.149862e-01 1.200476e-01 3.333836e+00
7.762471e+00 3.323254e-02 1.129387e-01 1.177266e-01 3.398437e+00
7.943282e+00 3.201094e-02 1.109103e-01 1.154374e-01 3.464764e+00
8.128305e+00 3.082542e-02 1.089017e-01 1.131803e-01 3.532854e+00
8.317638e+00 2.967549e-02 1.069133e-01 1.109554e-01 3.602748e+00
8.511380e+00 2.856064e-02 1.049457e-01 1.087626e-01 3.674486e+00
8.709636e+00 2.748034e-02 1.029993e-01 1.066022e-01 3.748110e+00
8.912509e+00 2.643400e-02 1.010747e-01 1.044741e-01 3.823662e+00
9.120108e+00 2.542103e-02 9.917213e-02 1.023784e-01 3.901184e+00
9.332543e+00 2.444083e-02 9.729214e-02 1.003151e-01 3.980721e+00
9.549926e+00 2.349276e-02 9.543507e-02 9.828409e-02 4.062318e+00
9.772372e+00 2.257617e-02 9.360126e-02 9.628541e-02 4.146021e+00
1.000000e+01 2.169038e-02 9.179103e-02 9.431896e-02 4.231877e+00
