1.000000e-06 8.405635e+01 1.237099e+00 8.406545e+01 1.471749e-02
1.023293e-06 8.405533e+01 1.265896e+00 8.406486e+01 1.506027e-02
1.047129e-06 8.405426e+01 1.295363e+00 8.406425e+01 1.541103e-02
1.071519e-06 8.405315e+01 1.325515e+00 8.406360e+01 1.576996e-02
1.096478e-06 8.405198e+01 1.356368e+00 8.406292e+01 1.613725e-02
1.122018e-06 8.405075e+01 1.387937e+00 8.406221e+01 1.651309e-02
1.148154e-06 8.404947e+01 1.420241e+00 8.406147e+01 1.689768e-02
1.174898e-06 8.404813e+01 1.453295e+00 8.406069e+01 1.729122e-02
1.202264e-06 8.404672e+01 1.487116e+00 8.405987e+01 1.769393e-02
1.230269e-06 8.404525e+01 1.521724e+00 8.405902e+01 1.810601e-02
1.258925e-06 8.404370e+01 1.557135e+00 8.405813e+01 1.852769e-02
1.288250e-06 8.404209e+01 1.593369e+00 8.405719e+01 1.895918e-02
1.318257e-06 8.404040e+01 1.630445e+00 8.405621e+01 1.940072e-02
1.348963e-06 8.403863e+01 1.668381e+00 8.405519e+01 1.985254e-02
1.380384e-06 8.403677e+01 1.707197e+00 8.405411e+01 2.031488e-02
1.412538e-06 8.403483e+01 1.746915e+00 8.405299e+01 2.078798e-02
1.445440e-06 8.403280e+01 1.787554e+00 8.405181e+01 2.127210e-02
1.479108e-06 8.403067e+01 1.829136e+00 8.405058e+01 2.176748e-02
1.513561e-06 8.402844e+01 1.871683e+00 8.404929e+01 2.227440e-02
1.548817e-06 8.402611e+01 1.915217e+00 8.404793e+01 2.279311e-02
1.584893e-06 8.402367e+01 1.959760e+00 8.404652e+01 2.332390e-02
1.621810e-06 8.402111e+01 2.005336e+00 8.404504e+01 2.386705e-02
1.659587e-06 8.401843e+01 2.051968e+00 8.404348e+01 2.442283e-02
1.698244e-06 8.401563e+01 2.099681e+00 8.404186e+01 2.499155e-02
1.737801e-06 8.401269e+01 2.148499e+00 8.404016e+01 2.557351e-02
1.778279e-06 8.400962e+01 2.198448e+00 8.403838e+01 2.616900e-02
1.819701e-06 8.400640e+01 2.249554e+00 8.403651e+01 2.677836e-02
1.862087e-06 8.400303e+01 2.301842e+00 8.403456e+01 2.740190e-02
1.905461e-06 8.399950e+01 2.355341e+00 8.403251e+01 2.803994e-02
1.949845e-06 8.399580e+01 2.410077e+00 8.403037e+01 2.869283e-02
1.995262e-06 8.399194e+01 2.466080e+00 8.402813e+01 2.936091e-02
2.041738e-06 8.398789e+01 2.523377e+00 8.402578e+01 3.004454e-02
2.089296e-06 8.398365e+01 2.581999e+00 8.402333e+01 3.074406e-02
2.137962e-06 8.397921e+01 2.641974e+00 8.402075e+01 3.145986e-02
2.187762e-06 8.397456e+01 2.703335e+00 8.401806e+01 3.219231e-02
2.238721e-06 8.396969e+01 2.766113e+00 8.401524e+01 3.294180e-02
2.290868e-06 8.396459e+01 2.830339e+00 8.401228e+01 3.370872e-02
2.344229e-06 8.395926e+01 2.896046e+00 8.400919e+01 3.449347e-02
2.398833e-06 8.395367e+01 2.963269e+00 8.400595e+01 3.529647e-02
2.454709e-06 8.394783e+01 3.032040e+00 8.400256e+01 3.611815e-02
2.511886e-06 8.394170e+01 3.102395e+00 8.399901e+01 3.695893e-02
2.570396e-06 8.393529e+01 3.174370e+00 8.399530e+01 3.781925e-02
2.630268e-06 8.392858e+01 3.248001e+00 8.399141e+01 3.869958e-02
2.691535e-06 8.392156e+01 3.323324e+00 8.398733e+01 3.960037e-02
2.754229e-06 8.391420e+01 3.400379e+00 8.398307e+01 4.052209e-02
2.818383e-06 8.390650e+01 3.479203e+00 8.397860e+01 4.146523e-02
2.884032e-06 8.389844e+01 3.559836e+00 8.397393e+01 4.243030e-02
2.951209e-06 8.389000e+01 3.642318e+00 8.396904e+01 4.341778e-02
3.019952e-06 8.388117e+01 3.726690e+00 8.396391e+01 4.442820e-02
3.090295e-06 8.387192e+01 3.812994e+00 8.395855e+01 4.546210e-02
3.162278e-06 8.386224e+01 3.901272e+00 8.395293e+01 4.652001e-02
3.235937e-06 8.385210e+01 3.991569e+00 8.394705e+01 4.760249e-02
3.311311e-06 8.384149e+01 4.083927e+00 8.394090e+01 4.871010e-02
3.388442e-06 8.383039e+01 4.178393e+00 8.393446e+01 4.984342e-02
3.467369e-06 8.381876e+01 4.275013e+00 8.392771e+01 5.100305e-02
3.548134e-06 8.380659e+01 4.373833e+00 8.392065e+01 5.218960e-02
3.630781e-06 8.379385e+01 4.474900e+00 8.391326e+01 5.340368e-02
3.715352e-06 8.378052e+01 4.578264e+00 8.390552e+01 5.464593e-02
3.801894e-06 8.376656e+01 4.683974e+00 8.389742e+01 5.591699e-02
3.890451e-06 8.375195e+01 4.792080e+00 8.388894e+01 5.721753e-02
3.981072e-06 8.373666e+01 4.902633e+00 8.388006e+01 5.854822e-02
4.073803e-06 8.372066e+01 5.015685e+00 8.387077e+01 5.990977e-02
4.168694e-06 8.370391e+01 5.131289e+00 8.386104e+01 6.130287e-02
4.265795e-06 8.368638e+01 5.249499e+00 8.385086e+01 6.272824e-02
4.365158e-06 8.366803e+01 5.370370e+00 8.384020e+01 6.418664e-02
4.466836e-06 8.364883e+01 5.493956e+00 8.382905e+01 6.567881e-02
4.570882e-06 8.362873e+01 5.620314e+00 8.381738e+01 6.720554e-02
4.677351e-06 8.360770e+01 5.749500e+00 8.380516e+01 6.876759e-02
4.786301e-06 8.358569e+01 5.881574e+00 8.379237e+01 7.036580e-02
4.897788e-06 8.356266e+01 6.016593e+00 8.377898e+01 7.200097e-02
5.011872e-06 8.353856e+01 6.154617e+00 8.376497e+01 7.367396e-02
5.128614e-06 8.351334e+01 6.295705e+00 8.375031e+01 7.538562e-02
5.248075e-06 8.348696e+01 6.439920e+00 8.373496e+01 7.713684e-02
5.370318e-06 8.345935e+01 6.587321e+00 8.371891e+01 7.892850e-02
5.495409e-06 8.343046e+01 6.737973e+00 8.370210e+01 8.076154e-02
5.623413e-06 8.340024e+01 6.891936e+00 8.368452e+01 8.263689e-02
5.754399e-06 8.336862e+01 7.049275e+00 8.366612e+01 8.455550e-02
5.888437e-06 8.333554e+01 7.210054e+00 8.364686e+01 8.651836e-02
6.025596e-06 8.330094e+01 7.374337e+00 8.362671e+01 8.852646e-02
6.165950e-06 8.326474e+01 7.542189e+00 8.360563e+01 9.058082e-02
6.309573e-06 8.322688e+01 7.713675e+00 8.358358e+01 9.268249e-02
6.456542e-06 8.318728e+01 7.888860e+00 8.356050e+01 9.483253e-02
6.606934e-06 8.314586e+01 8.067810e+00 8.353636e+01 9.703202e-02
6.760830e-06 8.310254e+01 8.250591e+00 8.351110e+01 9.928206e-02
6.918310e-06 8.305724e+01 8.437269e+00 8.348468e+01 1.015838e-01
7.079458e-06 8.300986e+01 8.627910e+00 8.345704e+01 1.039384e-01
7.244360e-06 8.296032e+01 8.822579e+00 8.342813e+01 1.063470e-01
7.413102e-06 8.290853e+01 9.021342e+00 8.339789e+01 1.088108e-01
7.585776e-06 8.285437e+01 9.224263e+00 8.336627e+01 1.113310e-01
7.762471e-06 8.279776e+01 9.431408e+00 8.333319e+01 1.139090e-01
7.943282e-06 8.273857e+01 9.642839e+00 8.329860e+01 1.165459e-01
8.128305e-06 8.267671e+01 9.858621e+00 8.326242e+01 1.192430e-01
8.317638e-06 8.261205e+01 1.007881e+01 8.322460e+01 1.220018e-01
8.511380e-06 8.254447e+01 1.030348e+01 8.318504e+01 1.248234e-01
8.709636e-06 8.247385e+01 1.053268e+01 8.314369e+01 1.277093e-01
8.912509e-06 8.240006e+01 1.076647e+01 8.310046e+01 1.306610e-01
9.120108e-06 8.232296e+01 1.100491e+01 8.305527e+01 1.336797e-01
9.332543e-06 8.224241e+01 1.124805e+01 8.300803e+01 1.367670e-01
9.549926e-06 8.215827e+01 1.149594e+01 8.295865e+01 1.399243e-01
9.772372e-06 8.207038e+01 1.174864e+01 8.290705e+01 1.431532e-01
1.000000e-05 8.197860e+01 1.200618e+01 8.285312e+01 1.464551e-01
1.023293e-05 8.188275e+01 1.226862e+01 8.279676e+01 1.498316e-01
1.047129e-05 8.178268e+01 1.253600e+01 8.273788e+01 1.532842e-01
1.071519e-05 8.167820e+01 1.280834e+01 8.267637e+01 1.568147e-01
1.096478e-05 8.156915e+01 1.308569e+01 8.261211e+01 1.604245e-01
1.122018e-05 8.145533e+01 1.336807e+01 8.254499e+01 1.641154e-01
1.148154e-05 8.133655e+01 1.365551e+01 8.247489e+01 1.678890e-01
1.174898e-05 8.121263e+01 1.394803e+01 8.240169e+01 1.717470e-01
1.202264e-05 8.108335e+01 1.424563e+01 8.232526e+01 1.756912e-01
1.230269e-05 8.094851e+01 1.454833e+01 8.224546e+01 1.797232e-01
1.258925e-05 8.080789e+01 1.485612e+01 8.216216e+01 1.838449e-01
1.288250e-05 8.066128e+01 1.516900e+01 8.207522e+01 1.880581e-01
1.318257e-05 8.050845e+01 1.548696e+01 8.198449e+01 1.923644e-01
1.348963e-05 8.034916e+01 1.580997e+01 8.188982e+01 1.967659e-01
1.380384e-05 8.018318e+01 1.613801e+01 8.179106e+01 2.012643e-01
1.412538e-05 8.001026e+01 1.647103e+01 8.168804e+01 2.058615e-01
1.445440e-05 7.983016e+01 1.680898e+01 8.158061e+01 2.105593e-01
1.479108e-05 7.964262e+01 1.715181e+01 8.146859e+01 2.153597e-01
1.513561e-05 7.944738e+01 1.749945e+01 8.135180e+01 2.202646e-01
1.548817e-05 7.924417e+01 1.785180e+01 8.123008e+01 2.252759e-01
1.584893e-05 7.903274e+01 1.820879e+01 8.110323e+01 2.303956e-01
1.621810e-05 7.881280e+01 1.857031e+01 8.097107e+01 2.356255e-01
1.659587e-05 7.858409e+01 1.893622e+01 8.083340e+01 2.409677e-01
1.698244e-05 7.834631e+01 1.930641e+01 8.069004e+01 2.464240e-01
1.737801e-05 7.809920e+01 1.968072e+01 8.054077e+01 2.519964e-01
1.778279e-05 7.784246e+01 2.005899e+01 8.038539e+01 2.576870e-01
1.819701e-05 7.757581e+01 2.044103e+01 8.022370e+01 2.634975e-01
1.862087e-05 7.729897e+01 2.082666e+01 8.005549e+01 2.694300e-01
1.905461e-05 7.701166e+01 2.121566e+01 7.988053e+01 2.754864e-01
1.949845e-05 7.671357e+01 2.160780e+01 7.969862e+01 2.816685e-01
1.995262e-05 7.640445e+01 2.200282e+01 7.950952e+01 2.879783e-01
2.041738e-05 7.608399e+01 2.240047e+01 7.931302e+01 2.944176e-01
2.089296e-05 7.575194e+01 2.280045e+01 7.910889e+01 3.009883e-01
2.137962e-05 7.540802e+01 2.320245e+01 7.889691e+01 3.076920e-01
2.187762e-05 7.505196e+01 2.360615e+01 7.867685e+01 3.145307e-01
2.238721e-05 7.468352e+01 2.401120e+01 7.844849e+01 3.215060e-01
2.290868e-05 7.430243e+01 2.441723e+01 7.821159e+01 3.286195e-01
2.344229e-05 7.390848e+01 2.482385e+01 7.796593e+01 3.358728e-01
2.398833e-05 7.350143e+01 2.523065e+01 7.771129e+01 3.432674e-01
2.454709e-05 7.308106e+01 2.563720e+01 7.744745e+01 3.508049e-01
2.511886e-05 7.264720e+01 2.604304e+01 7.717419e+01 3.584865e-01
2.570396e-05 7.219965e+01 2.644771e+01 7.689129e+01 3.663136e-01
2.630268e-05 7.173826e+01 2.685071e+01 7.659856e+01 3.742872e-01
2.691535e-05 7.126288e+01 2.725154e+01 7.629577e+01 3.824085e-01
2.754229e-05 7.077340e+01 2.764964e+01 7.598275e+01 3.906785e-01
2.818383e-05 7.026973e+01 2.804449e+01 7.565929e+01 3.990978e-01
2.884032e-05 6.975178e+01 2.843551e+01 7.532523e+01 4.076672e-01
2.951209e-05 6.921953e+01 2.882212e+01 7.498038e+01 4.163871e-01
3.019952e-05 6.867295e+01 2.920372e+01 7.462461e+01 4.252580e-01
3.090295e-05 6.811207e+01 2.957971e+01 7.425775e+01 4.342799e-01
3.162278e-05 6.753693e+01 2.994945e+01 7.387968e+01 4.434529e-01
3.235937e-05 6.694761e+01 3.031232e+01 7.349027e+01 4.527768e-01
3.311311e-05 6.634424e+01 3.066768e+01 7.308943e+01 4.622509e-01
3.388442e-05 6.572695e+01 3.101489e+01 7.267706e+01 4.718747e-01
3.467369e-05 6.509596e+01 3.135328e+01 7.225311e+01 4.816472e-01
3.548134e-05 6.445147e+01 3.168223e+01 7.181752e+01 4.915672e-01
3.630781e-05 6.379377e+01 3.200106e+01 7.137025e+01 5.016331e-01
3.715352e-05 6.312315e+01 3.230915e+01 7.091131e+01 5.118432e-01
3.801894e-05 6.243997e+01 3.260586e+01 7.044069e+01 5.221953e-01
3.890451e-05 6.174460e+01 3.289055e+01 6.995845e+01 5.326870e-01
3.981072e-05 6.103749e+01 3.316261e+01 6.946462e+01 5.433154e-01
4.073803e-05 6.031910e+01 3.342144e+01 6.895931e+01 5.540773e-01
4.168694e-05 5.958992e+01 3.366647e+01 6.844261e+01 5.649692e-01
4.265795e-05 5.885052e+01 3.389714e+01 6.791465e+01 5.759870e-01
4.365158e-05 5.810146e+01 3.411290e+01 6.737559e+01 5.871264e-01
4.466836e-05 5.734337e+01 3.431327e+01 6.682562e+01 5.983825e-01
4.570882e-05 5.657690e+01 3.449776e+01 6.626493e+01 6.097498e-01
4.677351e-05 5.580274e+01 3.466593e+01 6.569378e+01 6.212227e-01
4.786301e-05 5.502159e+01 3.481737e+01 6.511240e+01 6.327948e-01
4.897788e-05 5.423420e+01 3.495173e+01 6.452110e+01 6.444592e-01
5.011872e-05 5.344134e+01 3.506867e+01 6.392018e+01 6.562087e-01
5.128614e-05 5.264380e+01 3.516792e+01 6.330997e+01 6.680353e-01
5.248075e-05 5.184238e+01 3.524922e+01 6.269083e+01 6.799306e-01
5.370318e-05 5.103791e+01 3.531239e+01 6.206314e+01 6.918856e-01
5.495409e-05 5.023122e+01 3.535729e+01 6.142731e+01 7.038907e-01
5.623413e-05 4.942317e+01 3.538382e+01 6.078375e+01 7.159358e-01
5.754399e-05 4.861460e+01 3.539192e+01 6.013292e+01 7.280101e-01
5.888437e-05 4.780637e+01 3.538161e+01 5.947526e+01 7.401023e-01
6.025596e-05 4.699932e+01 3.535292e+01 5.881127e+01 7.522006e-01
6.165950e-05 4.619431e+01 3.530596e+01 5.814143e+01 7.642924e-01
6.309573e-05 4.539217e+01 3.524088e+01 5.746624e+01 7.763647e-01
6.456542e-05 4.459372e+01 3.515787e+01 5.678623e+01 7.884040e-01
6.606934e-05 4.379978e+01 3.505717e+01 5.610192e+01 8.003960e-01
6.760830e-05 4.301113e+01 3.493906e+01 5.541386e+01 8.123261e-01
6.918310e-05 4.222854e+01 3.480388e+01 5.472257e+01 8.241791e-01
7.079458e-05 4.145276e+01 3.465200e+01 5.402862e+01 8.359394e-01
7.244360e-05 4.068449e+01 3.448381e+01 5.333255e+01 8.475909e-01
7.413102e-05 3.992443e+01 3.429977e+01 5.263492e+01 8.591171e-01
7.585776e-05 3.917323e+01 3.410034e+01 5.193626e+01 8.705012e-01
7.762471e-05 3.843150e+01 3.388605e+01 5.123714e+01 8.817259e-01
7.943282e-05 3.769983e+01 3.365743e+01 5.053810e+01 8.927739e-01
8.128305e-05 3.697876e+01 3.341502e+01 4.983967e+01 9.036274e-01
8.317638e-05 3.626881e+01 3.315943e+01 4.914239e+01 9.142686e-01
8.511380e-05 3.557043e+01 3.289125e+01 4.844677e+01 9.246797e-01
8.709636e-05 3.488405e+01 3.261110e+01 4.775333e+01 9.348427e-01
8.912509e-05 3.421007e+01 3.231961e+01 4.706257e+01 9.447396e-01
9.120108e-05 3.354882e+01 3.201741e+01 4.637497e+01 9.543528e-01
9.332543e-05 3.290063e+01 3.170517e+01 4.569102e+01 9.636646e-01
9.549926e-05 3.226574e+01 3.138353e+01 4.501115e+01 9.726578e-01
9.772372e-05 3.164440e+01 3.105314e+01 4.433582e+01 9.813154e-01
1.000000e-04 3.103679e+01 3.071465e+01 4.366546e+01 9.896209e-01
1.023293e-04 3.044306e+01 3.036873e+01 4.300046e+01 9.975583e-01
1.047129e-04 2.986333e+01 3.001600e+01 4.234122e+01 1.005112e+00
1.071519e-04 2.929769e+01 2.965712e+01 4.168812e+01 1.012268e+00
1.096478e-04 2.874617e+01 2.929269e+01 4.104149e+01 1.019012e+00
1.122018e-04 2.820879e+01 2.892334e+01 4.040168e+01 1.025331e+00
1.148154e-04 2.768554e+01 2.854966e+01 3.976899e+01 1.031212e+00
1.174898e-04 2.717638e+01 2.817225e+01 3.914373e+01 1.036645e+00
1.202264e-04 2.668123e+01 2.779168e+01 3.852616e+01 1.041619e+00
1.230269e-04 2.619999e+01 2.740849e+01 3.791655e+01 1.046126e+00
1.258925e-04 2.573255e+01 2.702322e+01 3.731512e+01 1.050157e+00
1.288250e-04 2.527876e+01 2.663638e+01 3.672210e+01 1.053706e+00
1.318257e-04 2.483846e+01 2.624848e+01 3.613768e+01 1.056768e+00
1.348963e-04 2.441146e+01 2.585999e+01 3.556204e+01 1.059338e+00
1.380384e-04 2.399758e+01 2.547136e+01 3.499534e+01 1.061414e+00
1.412538e-04 2.359659e+01 2.508302e+01 3.443773e+01 1.062994e+00
1.445440e-04 2.320827e+01 2.469540e+01 3.388933e+01 1.064078e+00
1.479108e-04 2.283238e+01 2.430888e+01 3.335025e+01 1.064667e+00
1.513561e-04 2.246867e+01 2.392384e+01 3.282059e+01 1.064765e+00
1.548817e-04 2.211688e+01 2.354062e+01 3.230042e+01 1.064374e+00
1.584893e-04 2.177675e+01 2.315955e+01 3.178980e+01 1.063499e+00
1.621810e-04 2.144800e+01 2.278095e+01 3.128879e+01 1.062148e+00
1.659587e-04 2.113035e+01 2.240510e+01 3.079741e+01 1.060328e+00
1.698244e-04 2.082354e+01 2.203228e+01 3.031569e+01 1.058047e+00
1.737801e-04 2.052726e+01 2.166272e+01 2.984362e+01 1.055315e+00
1.778279e-04 2.024123e+01 2.129668e+01 2.938122e+01 1.052143e+00
1.819701e-04 1.996518e+01 2.093436e+01 2.892846e+01 1.048544e+00
1.862087e-04 1.969880e+01 2.057596e+01 2.848531e+01 1.044529e+00
1.905461e-04 1.944182e+01 2.022167e+01 2.805174e+01 1.040112e+00
1.949845e-04 1.919394e+01 1.987164e+01 2.762769e+01 1.035308e+00
1.995262e-04 1.895489e+01 1.952603e+01 2.721312e+01 1.030131e+00
2.041738e-04 1.872439e+01 1.918497e+01 2.680794e+01 1.024598e+00
2.089296e-04 1.850215e+01 1.884859e+01 2.641210e+01 1.018724e+00
2.137962e-04 1.828792e+01 1.851700e+01 2.602551e+01 1.012526e+00
2.187762e-04 1.808140e+01 1.819028e+01 2.564807e+01 1.006021e+00
2.238721e-04 1.788236e+01 1.786853e+01 2.527970e+01 9.992268e-01
2.290868e-04 1.769051e+01 1.755182e+01 2.492028e+01 9.921600e-01
2.344229e-04 1.750562e+01 1.724021e+01 2.456972e+01 9.848385e-01
2.398833e-04 1.732742e+01 1.693375e+01 2.422790e+01 9.772803e-01
2.454709e-04 1.715568e+01 1.663248e+01 2.389470e+01 9.695029e-01
2.511886e-04 1.699016e+01 1.633645e+01 2.357001e+01 9.615242e-01
2.570396e-04 1.683063e+01 1.604568e+01 2.325368e+01 9.533618e-01
2.630268e-04 1.667685e+01 1.576018e+01 2.294560e+01 9.450331e-01
2.691535e-04 1.652862e+01 1.547997e+01 2.264563e+01 9.365555e-01
2.754229e-04 1.638571e+01 1.520505e+01 2.235364e+01 9.279459e-01
2.818383e-04 1.624792e+01 1.493543e+01 2.206948e+01 9.192211e-01
2.884032e-04 1.611504e+01 1.467109e+01 2.179301e+01 9.103976e-01
2.951209e-04 1.598687e+01 1.441203e+01 2.152410e+01 9.014914e-01
3.019952e-04 1.586323e+01 1.415823e+01 2.126259e+01 8.925182e-01
3.090295e-04 1.574393e+01 1.390966e+01 2.100833e+01 8.834934e-01
3.162278e-04 1.562879e+01 1.366631e+01 2.076119e+01 8.744318e-01
3.235937e-04 1.551763e+01 1.342815e+01 2.052101e+01 8.653478e-01
3.311311e-04 1.541028e+01 1.319514e+01 2.028764e+01 8.562555e-01
3.388442e-04 1.530658e+01 1.296725e+01 2.006093e+01 8.471683e-01
3.467369e-04 1.520636e+01 1.274444e+01 1.984072e+01 8.380992e-01
3.548134e-04 1.510948e+01 1.252668e+01 1.962687e+01 8.290609e-01
3.630781e-04 1.501578e+01 1.231392e+01 1.941922e+01 8.200654e-01
3.715352e-04 1.492511e+01 1.210612e+01 1.921762e+01 8.111242e-01
3.801894e-04 1.483733e+01 1.190323e+01 1.902192e+01 8.022485e-01
3.890451e-04 1.475231e+01 1.170521e+01 1.883196e+01 7.934490e-01
3.981072e-04 1.466991e+01 1.151200e+01 1.864759e+01 7.847356e-01
4.073803e-04 1.459000e+01 1.132357e+01 1.846866e+01 7.761182e-01
4.168694e-04 1.451246e+01 1.113985e+01 1.829502e+01 7.676059e-01
4.265795e-04 1.443715e+01 1.096079e+01 1.812651e+01 7.592074e-01
4.365158e-04 1.436397e+01 1.078635e+01 1.796299e+01 7.509310e-01
4.466836e-04 1.429279e+01 1.061647e+01 1.780431e+01 7.427846e-01
4.570882e-04 1.422351e+01 1.045109e+01 1.765031e+01 7.347755e-01
4.677351e-04 1.415601e+01 1.029015e+01 1.750085e+01 7.269107e-01
4.786301e-04 1.409017e+01 1.013361e+01 1.735578e+01 7.191969e-01
4.897788e-04 1.402591e+01 9.981403e+00 1.721495e+01 7.116401e-01
5.011872e-04 1.396312e+01 9.833473e+00 1.707823e+01 7.042462e-01
5.128614e-04 1.390169e+01 9.689762e+00 1.694546e+01 6.970204e-01
5.248075e-04 1.384153e+01 9.550212e+00 1.681650e+01 6.899679e-01
5.370318e-04 1.378255e+01 9.414763e+00 1.669121e+01 6.830932e-01
5.495409e-04 1.372464e+01 9.283357e+00 1.656945e+01 6.764006e-01
5.623413e-04 1.366773e+01 9.155932e+00 1.645108e+01 6.698941e-01
5.754399e-04 1.361172e+01 9.032428e+00 1.633596e+01 6.635774e-01
5.888437e-04 1.355652e+01 8.912783e+00 1.622396e+01 6.574537e-01
6.025596e-04 1.350205e+01 8.796937e+00 1.611495e+01 6.515260e-01
6.165950e-04 1.344823e+01 8.684825e+00 1.600878e+01 6.457970e-01
6.309573e-04 1.339497e+01 8.576386e+00 1.590533e+01 6.402691e-01
6.456542e-04 1.334220e+01 8.471555e+00 1.580448e+01 6.349443e-01
6.606934e-04 1.328984e+01 8.370268e+00 1.570609e+01 6.298247e-01
6.760830e-04 1.323781e+01 8.272460e+00 1.561003e+01 6.249117e-01
6.918310e-04 1.318603e+01 8.178065e+00 1.551619e+01 6.202067e-01
7.079458e-04 1.313444e+01 8.087017e+00 1.542444e+01 6.157107e-01
7.244360e-04 1.308297e+01 7.999249e+00 1.533467e+01 6.114245e-01
7.413102e-04 1.303154e+01 7.914692e+00 1.524675e+01 6.073489e-01
7.585776e-04 1.298009e+01 7.833278e+00 1.516057e+01 6.034841e-01
7.762471e-04 1.292855e+01 7.754938e+00 1.507602e+01 5.998304e-01
7.943282e-04 1.287686e+01 7.679600e+00 1.499299e+01 5.963877e-01
8.128305e-04 1.282495e+01 7.607194e+00 1.491137e+01 5.931556e-01
8.317638e-04 1.277277e+01 7.537647e+00 1.483104e+01 5.901339e-01
8.511380e-04 1.272026e+01 7.470887e+00 1.475192e+01 5.873219e-01
8.709636e-04 1.266736e+01 7.406840e+00 1.467390e+01 5.847186e-01
8.912509e-04 1.261401e+01 7.345431e+00 1.459687e+01 5.823231e-01
9.120108e-04 1.256017e+01 7.286584e+00 1.452075e+01 5.801343e-01
9.332543e-04 1.250578e+01 7.230223e+00 1.444543e+01 5.781507e-01
9.549926e-04 1.245079e+01 7.176272e+00 1.437084e+01 5.763708e-01
9.772372e-04 1.239516e+01 7.124651e+00 1.429688e+01 5.747930e-01
1.000000e-03 1.233884e+01 7.075282e+00 1.422346e+01 5.734153e-01
1.023293e-03 1.228180e+01 7.028085e+00 1.415050e+01 5.722358e-01
1.047129e-03 1.222399e+01 6.982981e+00 1.407792e+01 5.712523e-01
1.071519e-03 1.216537e+01 6.939888e+00 1.400565e+01 5.704624e-01
1.096478e-03 1.210592e+01 6.898725e+00 1.393362e+01 5.698638e-01
1.122018e-03 1.204559e+01 6.859409e+00 1.386174e+01 5.694539e-01
1.148154e-03 1.198437e+01 6.821859e+00 1.378995e+01 5.692298e-01
1.174898e-03 1.192221e+01 6.785991e+00 1.371820e+01 5.691888e-01
1.202264e-03 1.185911e+01 6.751722e+00 1.364640e+01 5.693278e-01
1.230269e-03 1.179504e+01 6.718969e+00 1.357452e+01 5.696437e-01
1.258925e-03 1.172997e+01 6.687649e+00 1.350248e+01 5.701333e-01
1.288250e-03 1.166391e+01 6.657677e+00 1.343024e+01 5.707931e-01
1.318257e-03 1.159682e+01 6.628971e+00 1.335775e+01 5.716196e-01
1.348963e-03 1.152871e+01 6.601448e+00 1.328496e+01 5.726094e-01
1.380384e-03 1.145957e+01 6.575024e+00 1.321184e+01 5.737585e-01
1.412538e-03 1.138939e+01 6.549618e+00 1.313833e+01 5.750633e-01
1.445440e-03 1.131817e+01 6.525149e+00 1.306440e+01 5.765197e-01
1.479108e-03 1.124592e+01 6.501535e+00 1.299002e+01 5.781237e-01
1.513561e-03 1.117265e+01 6.478696e+00 1.291517e+01 5.798712e-01
1.548817e-03 1.109835e+01 6.456555e+00 1.283980e+01 5.817580e-01
1.584893e-03 1.102305e+01 6.435032e+00 1.276390e+01 5.837797e-01
1.621810e-03 1.094676e+01 6.414053e+00 1.268746e+01 5.859319e-01
1.659587e-03 1.086949e+01 6.393543e+00 1.261044e+01 5.882102e-01
1.698244e-03 1.079126e+01 6.373428e+00 1.253283e+01 5.906100e-01
1.737801e-03 1.071211e+01 6.353637e+00 1.245464e+01 5.931266e-01
1.778279e-03 1.063205e+01 6.334100e+00 1.237584e+01 5.957553e-01
1.819701e-03 1.055111e+01 6.314751e+00 1.229643e+01 5.984914e-01
1.862087e-03 1.046933e+01 6.295525e+00 1.221640e+01 6.013301e-01
1.905461e-03 1.038674e+01 6.276357e+00 1.213577e+01 6.042665e-01
1.949845e-03 1.030337e+01 6.257189e+00 1.205453e+01 6.072956e-01
1.995262e-03 1.021925e+01 6.237962e+00 1.197269e+01 6.104126e-01
2.041738e-03 1.013444e+01 6.218620e+00 1.189026e+01 6.136124e-01
2.089296e-03 1.004897e+01 6.199112e+00 1.180724e+01 6.168900e-01
2.137962e-03 9.962890e+00 6.179387e+00 1.172365e+01 6.202405e-01
2.187762e-03 9.876235e+00 6.159399e+00 1.163951e+01 6.236586e-01
2.238721e-03 9.789057e+00 6.139104e+00 1.155484e+01 6.271394e-01
2.290868e-03 9.701402e+00 6.118460e+00 1.146964e+01 6.306779e-01
2.344229e-03 9.613319e+00 6.097430e+00 1.138396e+01 6.342690e-01
2.398833e-03 9.524857e+00 6.075978e+00 1.129781e+01 6.379076e-01
2.454709e-03 9.436067e+00 6.054074e+00 1.121121e+01 6.415887e-01
2.511886e-03 9.346999e+00 6.031688e+00 1.112419e+01 6.453075e-01
2.570396e-03 9.257705e+00 6.008796e+00 1.103679e+01 6.490589e-01
2.630268e-03 9.168235e+00 5.985373e+00 1.094903e+01 6.528381e-01
2.691535e-03 9.078643e+00 5.961402e+00 1.086094e+01 6.566402e-01
2.754229e-03 8.988978e+00 5.936865e+00 1.077256e+01 6.604605e-01
2.818383e-03 8.899292e+00 5.911749e+00 1.068392e+01 6.642943e-01
2.884032e-03 8.809637e+00 5.886044e+00 1.059506e+01 6.681370e-01
2.951209e-03 8.720061e+00 5.859743e+00 1.050600e+01 6.719842e-01
3.019952e-03 8.630615e+00 5.832840e+00 1.041679e+01 6.758313e-01
3.090295e-03 8.541348e+00 5.805334e+00 1.032747e+01 6.796742e-01
3.162278e-03 8.452307e+00 5.777226e+00 1.023806e+01 6.835088e-01
3.235937e-03 8.363539e+00 5.748519e+00 1.014861e+01 6.873309e-01
3.311311e-03 8.275090e+00 5.719218e+00 1.005915e+01 6.911367e-01
3.388442e-03 8.187003e+00 5.689333e+00 9.969730e+00 6.949225e-01
3.467369e-03 8.099321e+00 5.658873e+00 9.880377e+00 6.986849e-01
3.548134e-03 8.012085e+00 5.627852e+00 9.791130e+00 7.024203e-01
3.630781e-03 7.925335e+00 5.596283e+00 9.702027e+00 7.061258e-01
3.715352e-03 7.839109e+00 5.564185e+00 9.613105e+00 7.097982e-01
3.801894e-03 7.753441e+00 5.531575e+00 9.524399e+00 7.134349e-01
3.890451e-03 7.668367e+00 5.498474e+00 9.435946e+00 7.170333e-01
3.981072e-03 7.583918e+00 5.464904e+00 9.347780e+00 7.205911e-01
4.073803e-03 7.500125e+00 5.430887e+00 9.259936e+00 7.241063e-01
4.168694e-03 7.417014e+00 5.396449e+00 9.172446e+00 7.275770e-01
4.265795e-03 7.334613e+00 5.361615e+00 9.085344e+00 7.310018e-01
4.365158e-03 7.252945e+00 5.326412e+00 8.998660e+00 7.343793e-01
4.466836e-03 7.172031e+00 5.290867e+00 8.912424e+00 7.377084e-01
4.570882e-03 7.091890e+00 5.255009e+00 8.826666e+00 7.409886e-01
4.677351e-03 7.012540e+00 5.218867e+00 8.741413e+00 7.442192e-01
4.786301e-03 6.933996e+00 5.182470e+00 8.656691e+00 7.474002e-01
4.897788e-03 6.856271e+00 5.145848e+00 8.572526e+00 7.505316e-01
5.011872e-03 6.779374e+00 5.109030e+00 8.488940e+00 7.536138e-01
5.128614e-03 6.703316e+00 5.072047e+00 8.405956e+00 7.566475e-01
5.248075e-03 6.628101e+00 5.034929e+00 8.323595e+00 7.596338e-01
5.370318e-03 6.553734e+00 4.997705e+00 8.241874e+00 7.625737e-01
5.495409e-03 6.480218e+00 4.960405e+00 8.160812e+00 7.654689e-01
5.623413e-03 6.407552e+00 4.923058e+00 8.080423e+00 7.683212e-01
5.754399e-03 6.335736e+00 4.885692e+00 8.000721e+00 7.711325e-01
5.888437e-03 6.264765e+00 4.848335e+00 7.921719e+00 7.739053e-01
6.025596e-03 6.194635e+00 4.811014e+00 7.843427e+00 7.766420e-01
6.165950e-03 6.125337e+00 4.773754e+00 7.765854e+00 7.793456e-01
6.309573e-03 6.056865e+00 4.736582e+00 7.689006e+00 7.820188e-01
6.456542e-03 5.989206e+00 4.699521e+00 7.612890e+00 7.846651e-01
6.606934e-03 5.922351e+00 4.662595e+00 7.537508e+00 7.872878e-01
6.760830e-03 5.856286e+00 4.625824e+00 7.462864e+00 7.898904e-01
6.918310e-03 5.790997e+00 4.589230e+00 7.388956e+00 7.924767e-01
7.079458e-03 5.726468e+00 4.552832e+00 7.315785e+00 7.950506e-01
7.244360e-03 5.662683e+00 4.516647e+00 7.243347e+00 7.976161e-01
7.413102e-03 5.599624e+00 4.480692e+00 7.171638e+00 8.001772e-01
7.585776e-03 5.537275e+00 4.444981e+00 7.100653e+00 8.027381e-01
7.762471e-03 5.475615e+00 4.409529e+00 7.030384e+00 8.053030e-01
7.943282e-03 5.414625e+00 4.374347e+00 6.960824e+00 8.078763e-01
8.128305e-03 5.354285e+00 4.339445e+00 6.891963e+00 8.104620e-01
8.317638e-03 5.294575e+00 4.304831e+00 6.823789e+00 8.130645e-01
8.511380e-03 5.235475e+00 4.270514e+00 6.756292e+00 8.156879e-01
8.709636e-03 5.176963e+00 4.236498e+00 6.689459e+00 8.183365e-01
8.912509e-03 5.119018e+00 4.202787e+00 6.623275e+00 8.210142e-01
9.120108e-03 5.061621e+00 4.169384e+00 6.557726e+00 8.237251e-01
9.332543e-03 5.004750e+00 4.136290e+00 6.492797e+00 8.264728e-01
9.549926e-03 4.948384e+00 4.103503e+00 6.428472e+00 8.292612e-01
9.772372e-03 4.892505e+00 4.071023e+00 6.364734e+00 8.320936e-01
1.000000e-02 4.837093e+00 4.038845e+00 6.301566e+00 8.349735e-01
1.023293e-02 4.782129e+00 4.006964e+00 6.238952e+00 8.379037e-01
1.047129e-02 4.727595e+00 3.975374e+00 6.176873e+00 8.408872e-01
1.071519e-02 4.673474e+00 3.944069e+00 6.115312e+00 8.439265e-01
1.096478e-02 4.619749e+00 3.913038e+00 6.054251e+00 8.470240e-01
1.122018e-02 4.566405e+00 3.882274e+00 5.993672e+00 8.501816e-01
1.148154e-02 4.513428e+00 3.851764e+00 5.933559e+00 8.534009e-01
1.174898e-02 4.460805e+00 3.821498e+00 5.873893e+00 8.566835e-01
1.202264e-02 4.408522e+00 3.791462e+00 5.814659e+00 8.600302e-01
1.230269e-02 4.356570e+00 3.761645e+00 5.755838e+00 8.634419e-01
1.258925e-02 4.304939e+00 3.732032e+00 5.697417e+00 8.669187e-01
1.288250e-02 4.253620e+00 3.702609e+00 5.639379e+00 8.704608e-01
1.318257e-02 4.202607e+00 3.673362e+00 5.581711e+00 8.740676e-01
1.348963e-02 4.151893e+00 3.644276e+00 5.524397e+00 8.777384e-01
1.380384e-02 4.101475e+00 3.615336e+00 5.467427e+00 8.814721e-01
1.412538e-02 4.051350e+00 3.586527e+00 5.410787e+00 8.852672e-01
1.445440e-02 4.001516e+00 3.557835e+00 5.354467e+00 8.891217e-01
1.479108e-02 3.951972e+00 3.529244e+00 5.298457e+00 8.930336e-01
1.513561e-02 3.902721e+00 3.500740e+00 5.242748e+00 8.970000e-01
1.548817e-02 3.853763e+00 3.472311e+00 5.187333e+00 9.010183e-01
1.584893e-02 3.805102e+00 3.443941e+00 5.132205e+00 9.050850e-01
1.621810e-02 3.756743e+00 3.415618e+00 5.077358e+00 9.091967e-01
1.659587e-02 3.708692e+00 3.387331e+00 5.022789e+00 9.133494e-01
1.698244e-02 3.660954e+00 3.359068e+00 4.968493e+00 9.175390e-01
1.737801e-02 3.613538e+00 3.330819e+00 4.914470e+00 9.217612e-01
1.778279e-02 3.566452e+00 3.302574e+00 4.860718e+00 9.260113e-01
1.819701e-02 3.519704e+00 3.274325e+00 4.807236e+00 9.302844e-01
1.862087e-02 3.473304e+00 3.246065e+00 4.754027e+00 9.345755e-01
1.905461e-02 3.427263e+00 3.217786e+00 4.701093e+00 9.388794e-01
1.949845e-02 3.381590e+00 3.189485e+00 4.648437e+00 9.431908e-01
1.995262e-02 3.336297e+00 3.161156e+00 4.596062e+00 9.475043e-01
2.041738e-02 3.291394e+00 3.132797e+00 4.543973e+00 9.518144e-01
2.089296e-02 3.246894e+00 3.104405e+00 4.492177e+00 9.561155e-01
2.137962e-02 3.202806e+00 3.075981e+00 4.440678e+00 9.604021e-01
2.187762e-02 3.159141e+00 3.047525e+00 4.389485e+00 9.646686e-01
2.238721e-02 3.115912e+00 3.019037e+00 4.338605e+00 9.689096e-01
2.290868e-02 3.073127e+00 2.990521e+00 4.288045e+00 9.731196e-01
2.344229e-02 3.030798e+00 2.961979e+00 4.237813e+00 9.772934e-01
2.398833e-02 2.988934e+00 2.933417e+00 4.187919e+00 9.814257e-01
2.454709e-02 2.947545e+00 2.904839e+00 4.138370e+00 9.855115e-01
2.511886e-02 2.906638e+00 2.876252e+00 4.089177e+00 9.895459e-01
2.570396e-02 2.866222e+00 2.847661e+00 4.040347e+00 9.935243e-01
2.630268e-02 2.826304e+00 2.819076e+00 3.991890e+00 9.974424e-01
2.691535e-02 2.786892e+00 2.790503e+00 3.943815e+00 1.001296e+00
2.754229e-02 2.747990e+00 2.761951e+00 3.896129e+00 1.005081e+00
2.818383e-02 2.709604e+00 2.733430e+00 3.848843e+00 1.008793e+00
2.884032e-02 2.671738e+00 2.704949e+00 3.801964e+00 1.012430e+00
2.951209e-02 2.634396e+00 2.676517e+00 3.755500e+00 1.015989e+00
3.019952e-02 2.597580e+00 2.648144e+00 3.709459e+00 1.019466e+00
3.090295e-02 2.561293e+00 2.619840e+00 3.663848e+00 1.022859e+00
3.162278e-02 2.525534e+00 2.591617e+00 3.618674e+00 1.026166e+00
3.235937e-02 2.490306e+00 2.563482e+00 3.573943e+00 1.029384e+00
3.311311e-02 2.455607e+00 2.535448e+00 3.529661e+00 1.032514e+00
3.388442e-02 2.421436e+00 2.507524e+00 3.485833e+00 1.035552e+00
3.467369e-02 2.387792e+00 2.479719e+00 3.442464e+00 1.038499e+00
3.548134e-02 2.354672e+00 2.452044e+00 3.399559e+00 1.041353e+00
3.630781e-02 2.322072e+00 2.424508e+00 3.357121e+00 1.044114e+00
3.715352e-02 2.289990e+00 2.397120e+00 3.315153e+00 1.046782e+00
3.801894e-02 2.258420e+00 2.369889e+00 3.273658e+00 1.049357e+00
3.890451e-02 2.227359e+00 2.342824e+00 3.232639e+00 1.051839e+00
3.981072e-02 2.196801e+00 2.315933e+00 3.192096e+00 1.054230e+00
4.073803e-02 2.166741e+00 2.289223e+00 3.152032e+00 1.056528e+00
4.168694e-02 2.137172e+00 2.262702e+00 3.112446e+00 1.058737e+00
4.265795e-02 2.108088e+00 2.236377e+00 3.073340e+00 1.060856e+00
4.365158e-02 2.079483e+00 2.210255e+00 3.034712e+00 1.062887e+00
4.466836e-02 2.051349e+00 2.184342e+00 2.996562e+00 1.064832e+00
4.570882e-02 2.023681e+00 2.158643e+00 2.958889e+00 1.066691e+00
4.677351e-02 1.996470e+00 2.133165e+00 2.921692e+00 1.068468e+00
4.786301e-02 1.969709e+00 2.107911e+00 2.884968e+00 1.070164e+00
4.897788e-02 1.943390e+00 2.082887e+00 2.848716e+00 1.071780e+00
5.011872e-02 1.917506e+00 2.058098e+00 2.812934e+00 1.073320e+00
5.128614e-02 1.892050e+00 2.033546e+00 2.777618e+00 1.074784e+00
5.248075e-02 1.867013e+00 2.009235e+00 2.742765e+00 1.076176e+00
5.370318e-02 1.842387e+00 1.985169e+00 2.708373e+00 1.077498e+00
5.495409e-02 1.818165e+00 1.961350e+00 2.674438e+00 1.078752e+00
5.623413e-02 1.794339e+00 1.937782e+00 2.640957e+00 1.079941e+00
5.754399e-02 1.770902e+00 1.914465e+00 2.607924e+00 1.081068e+00
5.888437e-02 1.747844e+00 1.891402e+00 2.575337e+00 1.082134e+00
6.025596e-02 1.725159e+00 1.868596e+00 2.543192e+00 1.083144e+00
6.165950e-02 1.702839e+00 1.846046e+00 2.511483e+00 1.084099e+00
6.309573e-02 1.680876e+00 1.823755e+00 2.480207e+00 1.085003e+00
6.456542e-02 1.659263e+00 1.801723e+00 2.449359e+00 1.085858e+00
6.606934e-02 1.637991e+00 1.779951e+00 2.418934e+00 1.086667e+00
6.760830e-02 1.617054e+00 1.758440e+00 2.388927e+00 1.087434e+00
6.918310e-02 1.596443e+00 1.737189e+00 2.359334e+00 1.088162e+00
7.079458e-02 1.576152e+00 1.716199e+00 2.330149e+00 1.088853e+00
7.244360e-02 1.556174e+00 1.695469e+00 2.301367e+00 1.089512e+00
7.413102e-02 1.536500e+00 1.675000e+00 2.272984e+00 1.090140e+00
7.585776e-02 1.517123e+00 1.654790e+00 2.244993e+00 1.090742e+00
7.762471e-02 1.498037e+00 1.634839e+00 2.217389e+00 1.091321e+00
7.943282e-02 1.479235e+00 1.615146e+00 2.190167e+00 1.091879e+00
8.128305e-02 1.460708e+00 1.595710e+00 2.163321e+00 1.092422e+00
8.317638e-02 1.442452e+00 1.576529e+00 2.136846e+00 1.092951e+00
8.511380e-02 1.424458e+00 1.557601e+00 2.110735e+00 1.093470e+00
8.709636e-02 1.406720e+00 1.538926e+00 2.084983e+00 1.093982e+00
8.912509e-02 1.389232e+00 1.520501e+00 2.059585e+00 1.094491e+00
9.120108e-02 1.371986e+00 1.502325e+00 2.034533e+00 1.095000e+00
9.332543e-02 1.354977e+00 1.484394e+00 2.009823e+00 1.095512e+00
9.549926e-02 1.338199e+00 1.466707e+00 1.985448e+00 1.096030e+00
9.772372e-02 1.321645e+00 1.449260e+00 1.961403e+00 1.096558e+00
1.000000e-01 1.305309e+00 1.432052e+00 1.937680e+00 1.097098e+00
1.023293e-01 1.289186e+00 1.415079e+00 1.914275e+00 1.097653e+00
1.047129e-01 1.273270e+00 1.398338e+00 1.891181e+00 1.098225e+00
1.071519e-01 1.257556e+00 1.381825e+00 1.868392e+00 1.098818e+00
1.096478e-01 1.242038e+00 1.365539e+00 1.845902e+00 1.099434e+00
1.122018e-01 1.226711e+00 1.349475e+00 1.823705e+00 1.100075e+00
1.148154e-01 1.211571e+00 1.333629e+00 1.801796e+00 1.100744e+00
1.174898e-01 1.196612e+00 1.317998e+00 1.780169e+00 1.101441e+00
1.202264e-01 1.181831e+00 1.302579e+00 1.758817e+00 1.102170e+00
1.230269e-01 1.167224e+00 1.287367e+00 1.737735e+00 1.102931e+00
1.258925e-01 1.152785e+00 1.272358e+00 1.716919e+00 1.103725e+00
1.288250e-01 1.138512e+00 1.257549e+00 1.696361e+00 1.104555e+00
1.318257e-01 1.124401e+00 1.242936e+00 1.676057e+00 1.105421e+00
1.348963e-01 1.110449e+00 1.228515e+00 1.656003e+00 1.106323e+00
1.380384e-01 1.096652e+00 1.214282e+00 1.636192e+00 1.107263e+00
1.412538e-01 1.083007e+00 1.200232e+00 1.616621e+00 1.108240e+00
1.445440e-01 1.069513e+00 1.186363e+00 1.597283e+00 1.109255e+00
1.479108e-01 1.056166e+00 1.172669e+00 1.578176e+00 1.110307e+00
1.513561e-01 1.042965e+00 1.159149e+00 1.559295e+00 1.111397e+00
1.548817e-01 1.029907e+00 1.145796e+00 1.540635e+00 1.112524e+00
1.584893e-01 1.016990e+00 1.132609e+00 1.522193e+00 1.113688e+00
1.621810e-01 1.004213e+00 1.119584e+00 1.503966e+00 1.114887e+00
1.659587e-01 9.915747e-01 1.106717e+00 1.485948e+00 1.116120e+00
1.698244e-01 9.790731e-01 1.094004e+00 1.468138e+00 1.117388e+00
1.737801e-01 9.667073e-01 1.081443e+00 1.450532e+00 1.118688e+00
1.778279e-01 9.544762e-01 1.069031e+00 1.433127e+00 1.120019e+00
1.819701e-01 9.423791e-01 1.056765e+00 1.415920e+00 1.121380e+00
1.862087e-01 9.304149e-01 1.044642e+00 1.398910e+00 1.122770e+00
1.905461e-01 9.185831e-01 1.032659e+00 1.382093e+00 1.124187e+00
1.949845e-01 9.068830e-01 1.020814e+00 1.365467e+00 1.125630e+00
1.995262e-01 8.953141e-01 1.009106e+00 1.349030e+00 1.127097e+00
2.041738e-01 8.838758e-01 9.975303e-01 1.332780e+00 1.128586e+00
2.089296e-01 8.725677e-01 9.860867e-01 1.316716e+00 1.130098e+00
2.137962e-01 8.613895e-01 9.747731e-01 1.300836e+00 1.131629e+00
2.187762e-01 8.503406e-01 9.635878e-01 1.285138e+00 1.133179e+00
2.238721e-01 8.394207e-01 9.525293e-01 1.269622e+00 1.134746e+00
2.290868e-01 8.286294e-01 9.415963e-01 1.254285e+00 1.136330e+00
2.344229e-01 8.179662e-01 9.307877e-01 1.239126e+00 1.137929e+00
2.398833e-01 8.074308e-01 9.201022e-01 1.224146e+00 1.139543e+00
2.454709e-01 7.970225e-01 9.095392e-01 1.209341e+00 1.141171e+00
2.511886e-01 7.867410e-01 8.990976e-01 1.194712e+00 1.142813e+00
2.570396e-01 7.765854e-01 8.887770e-01 1.180258e+00 1.144468e+00
2.630268e-01 7.665553e-01 8.785767e-01 1.165978e+00 1.146136e+00
2.691535e-01 7.566498e-01 8.684962e-01 1.151870e+00 1.147818e+00
2.754229e-01 7.468682e-01 8.585352e-01 1.137934e+00 1.149514e+00
2.818383e-01 7.372094e-01 8.486934e-01 1.124170e+00 1.151224e+00
2.884032e-01 7.276726e-01 8.389706e-01 1.110576e+00 1.152951e+00
2.951209e-01 7.182566e-01 8.293665e-01 1.097151e+00 1.154694e+00
3.019952e-01 7.089603e-01 8.198811e-01 1.083896e+00 1.156456e+00
3.090295e-01 6.997823e-01 8.105144e-01 1.070808e+00 1.158238e+00
3.162278e-01 6.907213e-01 8.012661e-01 1.057886e+00 1.160043e+00
3.235937e-01 6.817758e-01 7.921365e-01 1.045131e+00 1.161872e+00
3.311311e-01 6.729442e-01 7.831254e-01 1.032540e+00 1.163730e+00
3.388442e-01 6.642248e-01 7.742328e-01 1.020113e+00 1.165619e+00
3.467369e-01 6.556158e-01 7.654587e-01 1.007849e+00 1.167542e+00
3.548134e-01 6.471153e-01 7.568030e-01 9.957455e-01 1.169503e+00
3.630781e-01 6.387214e-01 7.482658e-01 9.838022e-01 1.171506e+00
3.715352e-01 6.304320e-01 7.398469e-01 9.720174e-01 1.173555e+00
3.801894e-01 6.222449e-01 7.315461e-01 9.603897e-01 1.175656e+00
3.890451e-01 6.141579e-01 7.233633e-01 9.489174e-01 1.177813e+00
3.981072e-01 6.061686e-01 7.152982e-01 9.375990e-01 1.180032e+00
4.073803e-01 5.982748e-01 7.073504e-01 9.264326e-01 1.182317e+00
4.168694e-01 5.904739e-01 6.995197e-01 9.154164e-01 1.184675e+00
4.265795e-01 5.827635e-01 6.918054e-01 9.045485e-01 1.187112e+00
4.365158e-01 5.751409e-01 6.842072e-01 8.938269e-01 1.189634e+00
4.466836e-01 5.676036e-01 6.767242e-01 8.832494e-01 1.192248e+00
4.570882e-01 5.601490e-01 6.693557e-01 8.728138e-01 1.194960e+00
4.677351e-01 5.527743e-01 6.621010e-01 8.625179e-01 1.197778e+00
4.786301e-01 5.454768e-01 6.549591e-01 8.523593e-01 1.200709e+00
4.897788e-01 5.382540e-01 6.479289e-01 8.423355e-01 1.203760e+00
5.011872e-01 5.311029e-01 6.410092e-01 8.324441e-01 1.206940e+00
5.128614e-01 5.240210e-01 6.341989e-01 8.226824e-01 1.210255e+00
5.248075e-01 5.170055e-01 6.274965e-01 8.130477e-01 1.213713e+00
5.370318e-01 5.100537e-01 6.209006e-01 8.035374e-01 1.217324e+00
5.495409e-01 5.031630e-01 6.144096e-01 7.941487e-01 1.221094e+00
5.623413e-01 4.963308e-01 6.080218e-01 7.848788e-01 1.225033e+00
5.754399e-01 4.895544e-01 6.017353e-01 7.757248e-01 1.229149e+00
5.888437e-01 4.828314e-01 5.955484e-01 7.666838e-01 1.233450e+00
6.025596e-01 4.761592e-01 5.894589e-01 7.577528e-01 1.237945e+00
6.165950e-01 4.695354e-01 5.834647e-01 7.489290e-01 1.242643e+00
6.309573e-01 4.629578e-01 5.775637e-01 7.402093e-01 1.247552e+00
6.456542e-01 4.564240e-01 5.717536e-01 7.315908e-01 1.252681e+00
6.606934e-01 4.499319e-01 5.660319e-01 7.230704e-01 1.258039e+00
6.760830e-01 4.434794e-01 5.603962e-01 7.146453e-01 1.263635e+00
6.918310e-01 4.370646e-01 5.548438e-01 7.063123e-01 1.269478e+00
7.079458e-01 4.306855e-01 5.493723e-01 6.980687e-01 1.275577e+00
7.244360e-01 4.243404e-01 5.439788e-01 6.899114e-01 1.281940e+00
7.413102e-01 4.180277e-01 5.386607e-01 6.818376e-01 1.288577e+00
7.585776e-01 4.117458e-01 5.334150e-01 6.738443e-01 1.295496e+00
7.762471e-01 4.054934e-01 5.282390e-01 6.659289e-01 1.302707e+00
7.943282e-01 3.992691e-01 5.231297e-01 6.580885e-01 1.310218e+00
8.128305e-01 3.930720e-01 5.180841e-01 6.503205e-01 1.318039e+00
8.317638e-01 3.869008e-01 5.130994e-01 6.426222e-01 1.326178e+00
8.511380e-01 3.807550e-01 5.081725e-01 6.349911e-01 1.334645e+00
8.709636e-01 3.746336e-01 5.033005e-01 6.274246e-01 1.343447e+00
8.912509e-01 3.685361e-01 4.984802e-01 6.199205e-01 1.352595e+00
9.120108e-01 3.624621e-01 4.937088e-01 6.124763e-01 1.362098e+00
9.332543e-01 3.564114e-01 4.889833e-01 6.050898e-01 1.371963e+00
9.549926e-01 3.503837e-01 4.843006e-01 5.977590e-01 1.382201e+00
9.772372e-01 3.443791e-01 4.796580e-01 5.904818e-01 1.392820e+00
1.000000e+00 3.383977e-01 4.750525e-01 5.832563e-01 1.403829e+00
1.023293e+00 3.324398e-01 4.704813e-01 5.760806e-01 1.415237e+00
1.047129e+00 3.265058e-01 4.659416e-01 5.689531e-01 1.427055e+00
1.071519e+00 3.205962e-01 4.614307e-01 5.618721e-01 1.439289e+00
1.096478e+00 3.147118e-01 4.569460e-01 5.548362e-01 1.451951e+00
1.122018e+00 3.088532e-01 4.524850e-01 5.478439e-01 1.465049e+00
1.148154e+00 3.030214e-01 4.480452e-01 5.408941e-01 1.478592e+00
1.174898e+00 2.972175e-01 4.436241e-01 5.339856e-01 1.492591e+00
1.202264e+00 2.914426e-01 4.392197e-01 5.271174e-01 1.507054e+00
1.230269e+00 2.856978e-01 4.348296e-01 5.202884e-01 1.521991e+00
1.258925e+00 2.799846e-01 4.304520e-01 5.134981e-01 1.537413e+00
1.288250e+00 2.743043e-01 4.260848e-01 5.067456e-01 1.553329e+00
1.318257e+00 2.686584e-01 4.217262e-01 5.000303e-01 1.569749e+00
1.348963e+00 2.630485e-01 4.173746e-01 4.933519e-01 1.586683e+00
1.380384e+00 2.574761e-01 4.130285e-01 4.867099e-01 1.604143e+00
1.412538e+00 2.519430e-01 4.086865e-01 4.801041e-01 1.622139e+00
1.445440e+00 2.464509e-01 4.043472e-01 4.735343e-01 1.640681e+00
1.479108e+00 2.410015e-01 4.000096e-01 4.670004e-01 1.659781e+00
1.513561e+00 2.355966e-01 3.956726e-01 4.605025e-01 1.679450e+00
1.548817e+00 2.302380e-01 3.913354e-01 4.540407e-01 1.699700e+00
1.584893e+00 2.249274e-01 3.869973e-01 4.476151e-01 1.720543e+00
1.621810e+00 2.196668e-01 3.826577e-01 4.412261e-01 1.741991e+00
1.659587e+00 2.144579e-01 3.783162e-01 4.348739e-01 1.764058e+00
1.698244e+00 2.093025e-01 3.739723e-01 4.285590e-01 1.786755e+00
1.737801e+00 2.042023e-01 3.696260e-01 4.222819e-01 1.810097e+00
1.778279e+00 1.991591e-01 3.652772e-01 4.160431e-01 1.834097e+00
1.819701e+00 1.941746e-01 3.609260e-01 4.098431e-01 1.858770e+00
1.862087e+00 1.892505e-01 3.565725e-01 4.036826e-01 1.884130e+00
1.905461e+00 1.843882e-01 3.522169e-01 3.975623e-01 1.910192e+00
1.949845e+00 1.795895e-01 3.478598e-01 3.914829e-01 1.936972e+00
1.995262e+00 1.748557e-01 3.435016e-01 3.854451e-01 1.964486e+00
2.041738e+00 1.701883e-01 3.391430e-01 3.794496e-01 1.992751e+00
2.089296e+00 1.655886e-01 3.347845e-01 3.734974e-01 2.021784e+00
2.137962e+00 1.610580e-01 3.304271e-01 3.675891e-01 2.051603e+00
2.187762e+00 1.565976e-01 3.260715e-01 3.617256e-01 2.082226e+00
2.238721e+00 1.522084e-01 3.217186e-01 3.559077e-01 2.113671e+00
2.290868e+00 1.478917e-01 3.173696e-01 3.501362e-01 2.145960e+00
2.344229e+00 1.436482e-01 3.130254e-01 3.444121e-01 2.179111e+00
2.398833e+00 1.394789e-01 3.086871e-01 3.387360e-01 2.213145e+00
2.454709e+00 1.353846e-01 3.043560e-01 3.331089e-01 2.248085e+00
2.511886e+00 1.313658e-01 3.000332e-01 3.275315e-01 2.283952e+00
2.570396e+00 1.274233e-01 2.957200e-01 3.220047e-01 2.320769e+00
2.630268e+00 1.235575e-01 2.914177e-01 3.165292e-01 2.358559e+00
2.691535e+00 1.197689e-01 2.871275e-01 3.111058e-01 2.397347e+00
2.754229e+00 1.160577e-01 2.828509e-01 3.057352e-01 2.437157e+00
2.818383e+00 1.124243e-01 2.785891e-01 3.004182e-01 2.478015e+00
2.884032e+00 1.088687e-01 2.743435e-01 2.951554e-01 2.519948e+00
2.951209e+00 1.053911e-01 2.701154e-01 2.899476e-01 2.562983e+00
3.019952e+00 1.019913e-01 2.659063e-01 2.847954e-01 2.607146e+00
3.090295e+00 9.866948e-02 2.617175e-01 2.796994e-01 2.652467e+00
3.162278e+00 9.542526e-02 2.575504e-01 2.746601e-01 2.698975e+00
3.235937e+00 9.225845e-02 2.534062e-01 2.696782e-01 2.746699e+00
3.311311e+00 8.916870e-02 2.492864e-01 2.647542e-01 2.795672e+00
3.388442e+00 8.615563e-02 2.451922e-01 2.598885e-01 2.845923e+00
3.467369e+00 8.321875e-02 2.411250e-01 2.550816e-01 2.897485e+00
3.548134e+00 8.035751e-02 2.370860e-01 2.503340e-01 2.950391e+00
3.630781e+00 7.757130e-02 2.330765e-01 2.456460e-01 3.004674e+00
3.715352e+00 7.485945e-02 2.290976e-01 2.410179e-01 3.060370e+00
3.801894e+00 7.222122e-02 2.251506e-01 2.364502e-01 3.117513e+00
3.890451e+00 6.965582e-02 2.212365e-01 2.319430e-01 3.176139e+00
3.981072e+00 6.716239e-02 2.173566e-01 2.274965e-01 3.236284e+00
4.073803e+00 6.474003e-02 2.135118e-01 2.231111e-01 3.297988e+00
4.168694e+00 6.238778e-02 2.097032e-01 2.187868e-01 3.361287e+00
4.265795e+00 6.010466e-02 2.059318e-01 2.145238e-01 3.426220e+00
4.365158e+00 5.788961e-02 2.021985e-01 2.103222e-01 3.492829e+00
4.466836e+00 5.574156e-02 1.985042e-01 2.061820e-01 3.561152e+00
4.570882e+00 5.365937e-02 1.948497e-01 2.021033e-01 3.631233e+00
4.677351e+00 5.164191e-02 1.912358e-01 1.980859e-01 3.703113e+00
4.786301e+00 4.968799e-02 1.876634e-01 1.941299e-01 3.776835e+00
4.897788e+00 4.779639e-02 1.841330e-01 1.902352e-01 3.852445e+00
5.011872e+00 4.596588e-02 1.806452e-01 1.864016e-01 3.929985e+00
5.128614e+00 4.419521e-02 1.772008e-01 1.826290e-01 4.009503e+00
5.248075e+00 4.248309e-02 1.738003e-01 1.789171e-01 4.091046e+00
5.370318e+00 4.082823e-02 1.704440e-01 1.752658e-01 4.174661e+00
5.495409e+00 3.922934e-02 1.671325e-01 1.716748e-01 4.260396e+00
5.623413e+00 3.768510e-02 1.638662e-01 1.681437e-01 4.348302e+00
5.754399e+00 3.619419e-02 1.606454e-01 1.646723e-01 4.438430e+00
5.888437e+00 3.475528e-02 1.574703e-01 1.612601e-01 4.530831e+00
6.025596e+00 3.336706e-02 1.543413e-01 1.579069e-01 4.625558e+00
6.165950e+00 3.202820e-02 1.512584e-01 1.546122e-01 4.722665e+00
6.309573e+00 3.073737e-02 1.482219e-01 1.513755e-01 4.822206e+00
6.456542e+00 2.949327e-02 1.452319e-01 1.481964e-01 4.924240e+00
6.606934e+00 2.829458e-02 1.422884e-01 1.450744e-01 5.028822e+00
6.760830e+00 2.714001e-02 1.393914e-01 1.420090e-01 5.136012e+00
6.918310e+00 2.602828e-02 1.365409e-01 1.389996e-01 5.245869e+00
7.079458e+00 2.495811e-02 1.337369e-01 1.360458e-01 5.358454e+00
7.244360e+00 2.392824e-02 1.309791e-01 1.331469e-01 5.473831e+00
7.413102e+00 2.293744e-02 1.282676e-01 1.303023e-01 5.592062e+00
7.585776e+00 2.198447e-02 1.256020e-01 1.275115e-01 5.713214e+00
7.762471e+00 2.106815e-02 1.229822e-01 1.247738e-01 5.837352e+00
7.943282e+00 2.018729e-02 1.204080e-01 1.220885e-01 5.964546e+00
8.128305e+00 1.934071e-02 1.178790e-01 1.194551e-01 6.094864e+00
8.317638e+00 1.852730e-02 1.153950e-01 1.168729e-01 6.228378e+00
8.511380e+00 1.774592e-02 1.129557e-01 1.143411e-01 6.365161e+00
8.709636e+00 1.699549e-02 1.105606e-01 1.118592e-01 6.505287e+00
8.912509e+00 1.627494e-02 1.082094e-01 1.094264e-01 6.648832e+00
9.120108e+00 1.558323e-02 1.059017e-01 1.070421e-01 6.795875e+00
9.332543e+00 1.491934e-02 1.036371e-01 1.047055e-01 6.946494e+00
9.549926e+00 1.428227e-02 1.014151e-01 1.024159e-01 7.100771e+00
9.772372e+00 1.367106e-02 9.923532e-02 1.001726e-01 7.258790e+00
1.000000e+01 1.308476e-02 9.709723e-02 9.797491e-02 7.420635e+00
