1.000000e-06 8.221166e+01 1.254869e+00 8.222124e+01 1.526388e-02
1.023293e-06 8.221062e+01 1.284080e+00 8.222065e+01 1.561939e-02
1.047129e-06 8.220954e+01 1.313970e+00 8.222004e+01 1.598318e-02
1.071519e-06 8.220840e+01 1.344555e+00 8.221940e+01 1.635544e-02
1.096478e-06 8.220721e+01 1.375850e+00 8.221873e+01 1.673637e-02
1.122018e-06 8.220597e+01 1.407874e+00 8.221802e+01 1.712617e-02
1.148154e-06 8.220466e+01 1.440641e+00 8.221729e+01 1.752505e-02
1.174898e-06 8.220330e+01 1.474169e+00 8.221652e+01 1.793322e-02
1.202264e-06 8.220187e+01 1.508477e+00 8.221571e+01 1.835089e-02
1.230269e-06 8.220037e+01 1.543582e+00 8.221486e+01 1.877828e-02
1.258925e-06 8.219881e+01 1.579502e+00 8.221398e+01 1.921563e-02
1.288250e-06 8.219716e+01 1.616256e+00 8.221305e+01 1.966316e-02
1.318257e-06 8.219545e+01 1.653864e+00 8.221208e+01 2.012111e-02
1.348963e-06 8.219365e+01 1.692344e+00 8.221107e+01 2.058972e-02
1.380384e-06 8.219176e+01 1.731718e+00 8.221000e+01 2.106925e-02
1.412538e-06 8.218979e+01 1.772006e+00 8.220889e+01 2.155993e-02
1.445440e-06 8.218773e+01 1.813229e+00 8.220772e+01 2.206205e-02
1.479108e-06 8.218556e+01 1.855409e+00 8.220650e+01 2.257585e-02
1.513561e-06 8.218330e+01 1.898566e+00 8.220522e+01 2.310161e-02
1.548817e-06 8.218093e+01 1.942725e+00 8.220389e+01 2.363961e-02
1.584893e-06 8.217844e+01 1.987908e+00 8.220248e+01 2.419014e-02
1.621810e-06 8.217584e+01 2.034138e+00 8.220102e+01 2.475348e-02
1.659587e-06 8.217312e+01 2.081440e+00 8.219948e+01 2.532994e-02
1.698244e-06 8.217027e+01 2.129838e+00 8.219787e+01 2.591981e-02
1.737801e-06 8.216729e+01 2.179357e+00 8.219619e+01 2.652342e-02
1.778279e-06 8.216417e+01 2.230024e+00 8.219442e+01 2.714107e-02
1.819701e-06 8.216089e+01 2.281863e+00 8.219257e+01 2.777310e-02
1.862087e-06 8.215747e+01 2.334902e+00 8.219064e+01 2.841984e-02
1.905461e-06 8.215388e+01 2.389169e+00 8.218862e+01 2.908163e-02
1.949845e-06 8.215013e+01 2.444692e+00 8.218650e+01 2.975883e-02
1.995262e-06 8.214620e+01 2.501498e+00 8.218428e+01 3.045178e-02
2.041738e-06 8.214208e+01 2.559618e+00 8.218195e+01 3.116086e-02
2.089296e-06 8.213777e+01 2.619081e+00 8.217952e+01 3.188644e-02
2.137962e-06 8.213326e+01 2.679918e+00 8.217697e+01 3.262890e-02
2.187762e-06 8.212854e+01 2.742159e+00 8.217430e+01 3.338863e-02
2.238721e-06 8.212359e+01 2.805838e+00 8.217151e+01 3.416604e-02
2.290868e-06 8.211841e+01 2.870986e+00 8.216858e+01 3.496154e-02
2.344229e-06 8.211299e+01 2.937637e+00 8.216552e+01 3.577554e-02
2.398833e-06 8.210731e+01 3.005824e+00 8.216231e+01 3.660848e-02
2.454709e-06 8.210137e+01 3.075582e+00 8.215896e+01 3.746079e-02
2.511886e-06 8.209515e+01 3.146947e+00 8.215544e+01 3.833293e-02
2.570396e-06 8.208863e+01 3.219955e+00 8.215176e+01 3.922535e-02
2.630268e-06 8.208181e+01 3.294642e+00 8.214791e+01 4.013852e-02
2.691535e-06 8.207467e+01 3.371047e+00 8.214387e+01 4.107293e-02
2.754229e-06 8.206720e+01 3.449207e+00 8.213965e+01 4.202906e-02
2.818383e-06 8.205937e+01 3.529162e+00 8.213523e+01 4.300742e-02
2.884032e-06 8.205118e+01 3.610952e+00 8.213060e+01 4.400853e-02
2.951209e-06 8.204261e+01 3.694618e+00 8.212575e+01 4.503291e-02
3.019952e-06 8.203363e+01 3.780200e+00 8.212068e+01 4.608110e-02
3.090295e-06 8.202423e+01 3.867742e+00 8.211537e+01 4.715365e-02
3.162278e-06 8.201439e+01 3.957287e+00 8.210981e+01 4.825113e-02
3.235937e-06 8.200409e+01 4.048879e+00 8.210398e+01 4.937411e-02
3.311311e-06 8.199331e+01 4.142562e+00 8.209789e+01 5.052317e-02
3.388442e-06 8.198202e+01 4.238383e+00 8.209151e+01 5.169893e-02
3.467369e-06 8.197021e+01 4.336388e+00 8.208483e+01 5.290201e-02
3.548134e-06 8.195784e+01 4.436625e+00 8.207784e+01 5.413302e-02
3.630781e-06 8.194489e+01 4.539142e+00 8.207051e+01 5.539261e-02
3.715352e-06 8.193134e+01 4.643988e+00 8.206285e+01 5.668146e-02
3.801894e-06 8.191716e+01 4.751213e+00 8.205483e+01 5.800022e-02
3.890451e-06 8.190231e+01 4.860869e+00 8.204643e+01 5.934959e-02
3.981072e-06 8.188677e+01 4.973007e+00 8.203764e+01 6.073028e-02
4.073803e-06 8.187051e+01 5.087679e+00 8.202844e+01 6.214300e-02
4.168694e-06 8.185349e+01 5.204940e+00 8.201881e+01 6.358850e-02
4.265795e-06 8.183567e+01 5.324844e+00 8.200872e+01 6.506752e-02
4.365158e-06 8.181702e+01 5.447446e+00 8.199817e+01 6.658084e-02
4.466836e-06 8.179751e+01 5.572803e+00 8.198712e+01 6.812924e-02
4.570882e-06 8.177709e+01 5.700970e+00 8.197556e+01 6.971354e-02
4.677351e-06 8.175571e+01 5.832007e+00 8.196346e+01 7.133455e-02
4.786301e-06 8.173335e+01 5.965972e+00 8.195079e+01 7.299312e-02
4.897788e-06 8.170994e+01 6.102924e+00 8.193754e+01 7.469011e-02
5.011872e-06 8.168545e+01 6.242924e+00 8.192366e+01 7.642639e-02
5.128614e-06 8.165982e+01 6.386032e+00 8.190914e+01 7.820286e-02
5.248075e-06 8.163301e+01 6.532310e+00 8.189395e+01 8.002045e-02
5.370318e-06 8.160495e+01 6.681821e+00 8.187805e+01 8.188009e-02
5.495409e-06 8.157559e+01 6.834627e+00 8.186140e+01 8.378275e-02
5.623413e-06 8.154488e+01 6.990793e+00 8.184399e+01 8.572939e-02
5.754399e-06 8.151275e+01 7.150382e+00 8.182577e+01 8.772103e-02
5.888437e-06 8.147913e+01 7.313460e+00 8.180670e+01 8.975868e-02
6.025596e-06 8.144397e+01 7.480091e+00 8.178674e+01 9.184340e-02
6.165950e-06 8.140718e+01 7.650341e+00 8.176587e+01 9.397624e-02
6.309573e-06 8.136870e+01 7.824277e+00 8.174402e+01 9.615830e-02
6.456542e-06 8.132846e+01 8.001964e+00 8.172117e+01 9.839070e-02
6.606934e-06 8.128636e+01 8.183469e+00 8.169726e+01 1.006746e-01
6.760830e-06 8.124234e+01 8.368860e+00 8.167225e+01 1.030111e-01
6.918310e-06 8.119630e+01 8.558202e+00 8.164608e+01 1.054014e-01
7.079458e-06 8.114816e+01 8.751562e+00 8.161871e+01 1.078467e-01
7.244360e-06 8.109782e+01 8.949007e+00 8.159008e+01 1.103483e-01
7.413102e-06 8.104518e+01 9.150603e+00 8.156013e+01 1.129074e-01
7.585776e-06 8.099014e+01 9.356416e+00 8.152880e+01 1.155254e-01
7.762471e-06 8.093261e+01 9.566512e+00 8.149604e+01 1.182034e-01
7.943282e-06 8.087246e+01 9.780954e+00 8.146178e+01 1.209429e-01
8.128305e-06 8.080959e+01 9.999807e+00 8.142596e+01 1.237453e-01
8.317638e-06 8.074388e+01 1.022313e+01 8.138849e+01 1.266119e-01
8.511380e-06 8.067521e+01 1.045100e+01 8.134932e+01 1.295441e-01
8.709636e-06 8.060344e+01 1.068345e+01 8.130837e+01 1.325434e-01
8.912509e-06 8.052845e+01 1.092056e+01 8.126555e+01 1.356113e-01
9.120108e-06 8.045009e+01 1.116239e+01 8.122079e+01 1.387492e-01
9.332543e-06 8.036824e+01 1.140898e+01 8.117400e+01 1.419588e-01
9.549926e-06 8.028273e+01 1.166038e+01 8.112510e+01 1.452415e-01
9.772372e-06 8.019342e+01 1.191666e+01 8.107398e+01 1.485990e-01
1.000000e-05 8.010014e+01 1.217785e+01 8.102057e+01 1.520329e-01
1.023293e-05 8.000274e+01 1.244401e+01 8.096475e+01 1.555448e-01
1.047129e-05 7.990104e+01 1.271516e+01 8.090644e+01 1.591364e-01
1.071519e-05 7.979487e+01 1.299136e+01 8.084551e+01 1.628095e-01
1.096478e-05 7.968404e+01 1.327263e+01 8.078186e+01 1.665657e-01
1.122018e-05 7.956837e+01 1.355899e+01 8.071538e+01 1.704068e-01
1.148154e-05 7.944767e+01 1.385048e+01 8.064594e+01 1.743347e-01
1.174898e-05 7.932173e+01 1.414712e+01 8.057343e+01 1.783511e-01
1.202264e-05 7.919036e+01 1.444891e+01 8.049772e+01 1.824579e-01
1.230269e-05 7.905333e+01 1.475586e+01 8.041868e+01 1.866570e-01
1.258925e-05 7.891043e+01 1.506797e+01 8.033617e+01 1.909503e-01
1.288250e-05 7.876144e+01 1.538524e+01 8.025005e+01 1.953398e-01
1.318257e-05 7.860613e+01 1.570765e+01 8.016017e+01 1.998273e-01
1.348963e-05 7.844425e+01 1.603518e+01 8.006640e+01 2.044150e-01
1.380384e-05 7.827558e+01 1.636780e+01 7.996856e+01 2.091048e-01
1.412538e-05 7.809985e+01 1.670546e+01 7.986651e+01 2.138988e-01
1.445440e-05 7.791683e+01 1.704812e+01 7.976008e+01 2.187990e-01
1.479108e-05 7.772625e+01 1.739572e+01 7.964911e+01 2.238075e-01
1.513561e-05 7.752784e+01 1.774818e+01 7.953341e+01 2.289265e-01
1.548817e-05 7.732134e+01 1.810542e+01 7.941282e+01 2.341581e-01
1.584893e-05 7.710648e+01 1.846734e+01 7.928715e+01 2.395044e-01
1.621810e-05 7.688298e+01 1.883384e+01 7.915621e+01 2.449677e-01
1.659587e-05 7.665055e+01 1.920480e+01 7.901982e+01 2.505500e-01
1.698244e-05 7.640893e+01 1.958007e+01 7.887777e+01 2.562537e-01
1.737801e-05 7.615781e+01 1.995951e+01 7.872988e+01 2.620809e-01
1.778279e-05 7.589691e+01 2.034295e+01 7.857593e+01 2.680339e-01
1.819701e-05 7.562595e+01 2.073020e+01 7.841572e+01 2.741150e-01
1.862087e-05 7.534463e+01 2.112108e+01 7.824904e+01 2.803262e-01
1.905461e-05 7.505266e+01 2.151535e+01 7.807568e+01 2.866700e-01
1.949845e-05 7.474975e+01 2.191278e+01 7.789541e+01 2.931485e-01
1.995262e-05 7.443562e+01 2.231312e+01 7.770802e+01 2.997640e-01
2.041738e-05 7.410998e+01 2.271610e+01 7.751329e+01 3.065187e-01
2.089296e-05 7.377256e+01 2.312142e+01 7.731100e+01 3.134149e-01
2.137962e-05 7.342307e+01 2.352876e+01 7.710091e+01 3.204546e-01
2.187762e-05 7.306126e+01 2.393781e+01 7.688281e+01 3.276402e-01
2.238721e-05 7.268686e+01 2.434819e+01 7.665647e+01 3.349738e-01
2.290868e-05 7.229962e+01 2.475954e+01 7.642166e+01 3.424575e-01
2.344229e-05 7.189930e+01 2.517146e+01 7.617816e+01 3.500933e-01
2.398833e-05 7.148568e+01 2.558353e+01 7.592575e+01 3.578834e-01
2.454709e-05 7.105853e+01 2.599531e+01 7.566420e+01 3.658296e-01
2.511886e-05 7.061766e+01 2.640635e+01 7.539330e+01 3.739340e-01
2.570396e-05 7.016290e+01 2.681615e+01 7.511283e+01 3.821984e-01
2.630268e-05 6.969407e+01 2.722422e+01 7.482260e+01 3.906246e-01
2.691535e-05 6.921103e+01 2.763004e+01 7.452238e+01 3.992143e-01
2.754229e-05 6.871367e+01 2.803306e+01 7.421200e+01 4.079692e-01
2.818383e-05 6.820188e+01 2.843273e+01 7.389125e+01 4.168907e-01
2.884032e-05 6.767560e+01 2.882847e+01 7.355996e+01 4.259802e-01
2.951209e-05 6.713479e+01 2.921968e+01 7.321796e+01 4.352391e-01
3.019952e-05 6.657943e+01 2.960577e+01 7.286509e+01 4.446685e-01
3.090295e-05 6.600954e+01 2.998611e+01 7.250121e+01 4.542693e-01
3.162278e-05 6.542516e+01 3.036005e+01 7.212617e+01 4.640425e-01
3.235937e-05 6.482639e+01 3.072698e+01 7.173986e+01 4.739887e-01
3.311311e-05 6.421334e+01 3.108622e+01 7.134218e+01 4.841084e-01
3.388442e-05 6.358617e+01 3.143712e+01 7.093302e+01 4.944019e-01
3.467369e-05 6.294507e+01 3.177903e+01 7.051233e+01 5.048692e-01
3.548134e-05 6.229028e+01 3.211128e+01 7.008005e+01 5.155102e-01
3.630781e-05 6.162207e+01 3.243321e+01 6.963614e+01 5.263246e-01
3.715352e-05 6.094075e+01 3.274416e+01 6.918060e+01 5.373115e-01
3.801894e-05 6.024667e+01 3.304350e+01 6.871342e+01 5.484701e-01
3.890451e-05 5.954023e+01 3.333057e+01 6.823464e+01 5.597990e-01
3.981072e-05 5.882187e+01 3.360475e+01 6.774431e+01 5.712968e-01
4.073803e-05 5.809206e+01 3.386543e+01 6.724251e+01 5.829615e-01
4.168694e-05 5.735132e+01 3.411203e+01 6.672934e+01 5.947907e-01
4.265795e-05 5.660019e+01 3.434397e+01 6.620491e+01 6.067819e-01
4.365158e-05 5.583928e+01 3.456072e+01 6.566939e+01 6.189320e-01
4.466836e-05 5.506922e+01 3.476175e+01 6.512294e+01 6.312374e-01
4.570882e-05 5.429066e+01 3.494658e+01 6.456577e+01 6.436943e-01
4.677351e-05 5.350430e+01 3.511477e+01 6.399810e+01 6.562982e-01
4.786301e-05 5.271087e+01 3.526590e+01 6.342019e+01 6.690442e-01
4.897788e-05 5.191113e+01 3.539960e+01 6.283230e+01 6.819270e-01
5.011872e-05 5.110586e+01 3.551554e+01 6.223474e+01 6.949406e-01
5.128614e-05 5.029586e+01 3.561342e+01 6.162783e+01 7.080785e-01
5.248075e-05 4.948196e+01 3.569301e+01 6.101193e+01 7.213338e-01
5.370318e-05 4.866499e+01 3.575410e+01 6.038739e+01 7.346987e-01
5.495409e-05 4.784580e+01 3.579655e+01 5.975462e+01 7.481649e-01
5.623413e-05 4.702527e+01 3.582026e+01 5.911402e+01 7.617238e-01
5.754399e-05 4.620424e+01 3.582518e+01 5.846602e+01 7.753656e-01
5.888437e-05 4.538360e+01 3.581131e+01 5.781109e+01 7.890804e-01
6.025596e-05 4.456422e+01 3.577870e+01 5.714967e+01 8.028571e-01
6.165950e-05 4.374694e+01 3.572744e+01 5.648225e+01 8.166844e-01
6.309573e-05 4.293263e+01 3.565770e+01 5.580934e+01 8.305501e-01
6.456542e-05 4.212212e+01 3.556966e+01 5.513142e+01 8.444413e-01
6.606934e-05 4.131624e+01 3.546356e+01 5.444902e+01 8.583444e-01
6.760830e-05 4.051580e+01 3.533971e+01 5.376267e+01 8.722452e-01
6.918310e-05 3.972157e+01 3.519843e+01 5.307290e+01 8.861288e-01
7.079458e-05 3.893432e+01 3.504009e+01 5.238023e+01 8.999796e-01
7.244360e-05 3.815476e+01 3.486511e+01 5.168522e+01 9.137814e-01
7.413102e-05 3.738361e+01 3.467395e+01 5.098840e+01 9.275173e-01
7.585776e-05 3.662153e+01 3.446708e+01 5.029031e+01 9.411698e-01
7.762471e-05 3.586914e+01 3.424502e+01 4.959150e+01 9.547208e-01
7.943282e-05 3.512705e+01 3.400831e+01 4.889248e+01 9.681517e-01
8.128305e-05 3.439580e+01 3.375753e+01 4.819380e+01 9.814434e-01
8.317638e-05 3.367592e+01 3.349327e+01 4.749597e+01 9.945763e-01
8.511380e-05 3.296789e+01 3.321615e+01 4.679951e+01 1.007530e+00
8.709636e-05 3.227213e+01 3.292678e+01 4.610491e+01 1.020285e+00
8.912509e-05 3.158906e+01 3.262581e+01 4.541268e+01 1.032820e+00
9.120108e-05 3.091901e+01 3.231389e+01 4.472329e+01 1.045114e+00
9.332543e-05 3.026232e+01 3.199169e+01 4.403721e+01 1.057146e+00
9.549926e-05 2.961925e+01 3.165986e+01 4.335489e+01 1.068895e+00
9.772372e-05 2.899003e+01 3.131907e+01 4.267676e+01 1.080339e+00
1.000000e-04 2.837486e+01 3.096999e+01 4.200325e+01 1.091459e+00
1.023293e-04 2.777391e+01 3.061327e+01 4.133476e+01 1.102231e+00
1.047129e-04 2.718728e+01 3.024958e+01 4.067168e+01 1.112637e+00
1.071519e-04 2.661507e+01 2.987956e+01 4.001437e+01 1.122656e+00
1.096478e-04 2.605732e+01 2.950384e+01 3.936319e+01 1.132267e+00
1.122018e-04 2.551406e+01 2.912306e+01 3.871847e+01 1.141451e+00
1.148154e-04 2.498527e+01 2.873782e+01 3.808052e+01 1.150191e+00
1.174898e-04 2.447091e+01 2.834873e+01 3.744964e+01 1.158467e+00
1.202264e-04 2.397090e+01 2.795636e+01 3.682611e+01 1.166262e+00
1.230269e-04 2.348516e+01 2.756129e+01 3.621018e+01 1.173562e+00
1.258925e-04 2.301355e+01 2.716405e+01 3.560209e+01 1.180350e+00
1.288250e-04 2.255595e+01 2.676517e+01 3.500207e+01 1.186612e+00
1.318257e-04 2.211218e+01 2.636516e+01 3.441032e+01 1.192336e+00
1.348963e-04 2.168206e+01 2.596450e+01 3.382702e+01 1.197511e+00
1.380384e-04 2.126540e+01 2.556367e+01 3.325234e+01 1.202125e+00
1.412538e-04 2.086197e+01 2.516310e+01 3.268644e+01 1.206171e+00
1.445440e-04 2.047155e+01 2.476323e+01 3.212945e+01 1.209641e+00
1.479108e-04 2.009390e+01 2.436444e+01 3.158149e+01 1.212529e+00
1.513561e-04 1.972876e+01 2.396712e+01 3.104266e+01 1.214832e+00
1.548817e-04 1.937587e+01 2.357164e+01 3.051306e+01 1.216546e+00
1.584893e-04 1.903496e+01 2.317833e+01 2.999275e+01 1.217671e+00
1.621810e-04 1.870577e+01 2.278750e+01 2.948179e+01 1.218208e+00
1.659587e-04 1.838799e+01 2.239947e+01 2.898024e+01 1.218158e+00
1.698244e-04 1.808135e+01 2.201450e+01 2.848813e+01 1.217525e+00
1.737801e-04 1.778557e+01 2.163286e+01 2.800548e+01 1.216315e+00
1.778279e-04 1.750033e+01 2.125478e+01 2.753230e+01 1.214536e+00
1.819701e-04 1.722537e+01 2.088049e+01 2.706858e+01 1.212194e+00
1.862087e-04 1.696037e+01 2.051020e+01 2.661433e+01 1.209301e+00
1.905461e-04 1.670506e+01 2.014409e+01 2.616951e+01 1.205868e+00
1.949845e-04 1.645913e+01 1.978233e+01 2.573409e+01 1.201906e+00
1.995262e-04 1.622230e+01 1.942509e+01 2.530804e+01 1.197431e+00
2.041738e-04 1.599428e+01 1.907250e+01 2.489130e+01 1.192457e+00
2.089296e-04 1.577479e+01 1.872469e+01 2.448383e+01 1.187001e+00
2.137962e-04 1.556354e+01 1.838177e+01 2.408554e+01 1.181079e+00
2.187762e-04 1.536027e+01 1.804385e+01 2.369638e+01 1.174709e+00
2.238721e-04 1.516469e+01 1.771102e+01 2.331626e+01 1.167911e+00
2.290868e-04 1.497654e+01 1.738334e+01 2.294510e+01 1.160704e+00
2.344229e-04 1.479557e+01 1.706090e+01 2.258280e+01 1.153109e+00
2.398833e-04 1.462150e+01 1.674373e+01 2.222928e+01 1.145145e+00
2.454709e-04 1.445409e+01 1.643190e+01 2.188442e+01 1.136834e+00
2.511886e-04 1.429309e+01 1.612543e+01 2.154813e+01 1.128198e+00
2.570396e-04 1.413827e+01 1.582436e+01 2.122029e+01 1.119257e+00
2.630268e-04 1.398937e+01 1.552870e+01 2.090079e+01 1.110035e+00
2.691535e-04 1.384619e+01 1.523847e+01 2.058951e+01 1.100553e+00
2.754229e-04 1.370849e+01 1.495367e+01 2.028632e+01 1.090832e+00
2.818383e-04 1.357606e+01 1.467430e+01 1.999110e+01 1.080896e+00
2.884032e-04 1.344867e+01 1.440035e+01 1.970373e+01 1.070764e+00
2.951209e-04 1.332614e+01 1.413182e+01 1.942407e+01 1.060459e+00
3.019952e-04 1.320825e+01 1.386868e+01 1.915198e+01 1.050001e+00
3.090295e-04 1.309482e+01 1.361091e+01 1.888733e+01 1.039412e+00
3.162278e-04 1.298565e+01 1.335848e+01 1.862998e+01 1.028711e+00
3.235937e-04 1.288056e+01 1.311137e+01 1.837980e+01 1.017919e+00
3.311311e-04 1.277938e+01 1.286953e+01 1.813663e+01 1.007055e+00
3.388442e-04 1.268192e+01 1.263293e+01 1.790034e+01 9.961371e-01
3.467369e-04 1.258803e+01 1.240153e+01 1.767078e+01 9.851842e-01
3.548134e-04 1.249754e+01 1.217528e+01 1.744781e+01 9.742139e-01
3.630781e-04 1.241030e+01 1.195413e+01 1.723128e+01 9.632431e-01
3.715352e-04 1.232615e+01 1.173804e+01 1.702103e+01 9.522882e-01
3.801894e-04 1.224494e+01 1.152695e+01 1.681693e+01 9.413650e-01
3.890451e-04 1.216653e+01 1.132081e+01 1.661882e+01 9.304886e-01
3.981072e-04 1.209078e+01 1.111957e+01 1.642656e+01 9.196733e-01
4.073803e-04 1.201756e+01 1.092316e+01 1.623999e+01 9.089329e-01
4.168694e-04 1.194674e+01 1.073152e+01 1.605896e+01 8.982805e-01
4.265795e-04 1.187819e+01 1.054461e+01 1.588333e+01 8.877286e-01
4.365158e-04 1.181179e+01 1.036235e+01 1.571295e+01 8.772888e-01
4.466836e-04 1.174742e+01 1.018469e+01 1.554766e+01 8.669723e-01
4.570882e-04 1.168497e+01 1.001156e+01 1.538733e+01 8.567895e-01
4.677351e-04 1.162432e+01 9.842894e+00 1.523179e+01 8.467502e-01
4.786301e-04 1.156537e+01 9.678634e+00 1.508090e+01 8.368636e-01
4.897788e-04 1.150800e+01 9.518711e+00 1.493452e+01 8.271384e-01
5.011872e-04 1.145213e+01 9.363061e+00 1.479251e+01 8.175824e-01
5.128614e-04 1.139765e+01 9.211616e+00 1.465470e+01 8.082031e-01
5.248075e-04 1.134446e+01 9.064310e+00 1.452097e+01 7.990074e-01
5.370318e-04 1.129248e+01 8.921076e+00 1.439117e+01 7.900015e-01
5.495409e-04 1.124161e+01 8.781845e+00 1.426515e+01 7.811911e-01
5.623413e-04 1.119176e+01 8.646550e+00 1.414279e+01 7.725816e-01
5.754399e-04 1.114286e+01 8.515122e+00 1.402393e+01 7.641776e-01
5.888437e-04 1.109481e+01 8.387492e+00 1.390844e+01 7.559835e-01
6.025596e-04 1.104754e+01 8.263592e+00 1.379620e+01 7.480031e-01
6.165950e-04 1.100097e+01 8.143351e+00 1.368705e+01 7.402396e-01
6.309573e-04 1.095502e+01 8.026701e+00 1.358088e+01 7.326961e-01
6.456542e-04 1.090963e+01 7.913570e+00 1.347756e+01 7.253750e-01
6.606934e-04 1.086471e+01 7.803890e+00 1.337695e+01 7.182785e-01
6.760830e-04 1.082021e+01 7.697589e+00 1.327893e+01 7.114083e-01
6.918310e-04 1.077606e+01 7.594596e+00 1.318337e+01 7.047658e-01
7.079458e-04 1.073218e+01 7.494841e+00 1.309016e+01 6.983520e-01
7.244360e-04 1.068853e+01 7.398252e+00 1.299918e+01 6.921675e-01
7.413102e-04 1.064503e+01 7.304757e+00 1.291031e+01 6.862128e-01
7.585776e-04 1.060164e+01 7.214285e+00 1.282344e+01 6.804879e-01
7.762471e-04 1.055828e+01 7.126763e+00 1.273845e+01 6.749925e-01
7.943282e-04 1.051492e+01 7.042119e+00 1.265524e+01 6.697261e-01
8.128305e-04 1.047150e+01 6.960280e+00 1.257370e+01 6.646879e-01
8.317638e-04 1.042797e+01 6.881173e+00 1.249372e+01 6.598768e-01
8.511380e-04 1.038427e+01 6.804726e+00 1.241521e+01 6.552915e-01
8.709636e-04 1.034037e+01 6.730864e+00 1.233807e+01 6.509305e-01
8.912509e-04 1.029623e+01 6.659515e+00 1.226219e+01 6.467919e-01
9.120108e-04 1.025179e+01 6.590604e+00 1.218750e+01 6.428738e-01
9.332543e-04 1.020702e+01 6.524058e+00 1.211390e+01 6.391738e-01
9.549926e-04 1.016188e+01 6.459802e+00 1.204130e+01 6.356897e-01
9.772372e-04 1.011634e+01 6.397763e+00 1.196962e+01 6.324188e-01
1.000000e-03 1.007036e+01 6.337867e+00 1.189877e+01 6.293582e-01
1.023293e-03 1.002392e+01 6.280039e+00 1.182869e+01 6.265051e-01
1.047129e-03 9.976987e+00 6.224206e+00 1.175929e+01 6.238563e-01
1.071519e-03 9.929529e+00 6.170295e+00 1.169051e+01 6.214086e-01
1.096478e-03 9.881527e+00 6.118230e+00 1.162228e+01 6.191584e-01
1.122018e-03 9.832957e+00 6.067940e+00 1.155452e+01 6.171022e-01
1.148154e-03 9.783802e+00 6.019351e+00 1.148718e+01 6.152363e-01
1.174898e-03 9.734043e+00 5.972390e+00 1.142020e+01 6.135570e-01
1.202264e-03 9.683667e+00 5.926986e+00 1.135353e+01 6.120601e-01
1.230269e-03 9.632660e+00 5.883068e+00 1.128710e+01 6.107418e-01
1.258925e-03 9.581012e+00 5.840564e+00 1.122087e+01 6.095978e-01
1.288250e-03 9.528715e+00 5.799404e+00 1.115480e+01 6.086239e-01
1.318257e-03 9.475764e+00 5.759519e+00 1.108883e+01 6.078158e-01
1.348963e-03 9.422155e+00 5.720842e+00 1.102293e+01 6.071691e-01
1.380384e-03 9.367887e+00 5.683304e+00 1.095706e+01 6.066794e-01
1.412538e-03 9.312960e+00 5.646839e+00 1.089119e+01 6.063420e-01
1.445440e-03 9.257378e+00 5.611383e+00 1.082528e+01 6.061525e-01
1.479108e-03 9.201145e+00 5.576871e+00 1.075930e+01 6.061062e-01
1.513561e-03 9.144269e+00 5.543242e+00 1.069323e+01 6.061985e-01
1.548817e-03 9.086758e+00 5.510433e+00 1.062704e+01 6.064246e-01
1.584893e-03 9.028623e+00 5.478386e+00 1.056072e+01 6.067798e-01
1.621810e-03 8.969876e+00 5.447043e+00 1.049423e+01 6.072595e-01
1.659587e-03 8.910533e+00 5.416346e+00 1.042758e+01 6.078588e-01
1.698244e-03 8.850607e+00 5.386241e+00 1.036074e+01 6.085731e-01
1.737801e-03 8.790118e+00 5.356676e+00 1.029369e+01 6.093975e-01
1.778279e-03 8.729083e+00 5.327598e+00 1.022645e+01 6.103273e-01
1.819701e-03 8.667524e+00 5.298958e+00 1.015898e+01 6.113578e-01
1.862087e-03 8.605461e+00 5.270709e+00 1.009130e+01 6.124842e-01
1.905461e-03 8.542917e+00 5.242804e+00 1.002339e+01 6.137019e-01
1.949845e-03 8.479916e+00 5.215201e+00 9.955265e+00 6.150062e-01
1.995262e-03 8.416483e+00 5.187856e+00 9.886912e+00 6.163923e-01
2.041738e-03 8.352644e+00 5.160729e+00 9.818339e+00 6.178558e-01
2.089296e-03 8.288424e+00 5.133783e+00 9.749549e+00 6.193920e-01
2.137962e-03 8.223852e+00 5.106982e+00 9.680547e+00 6.209963e-01
2.187762e-03 8.158955e+00 5.080290e+00 9.611342e+00 6.226643e-01
2.238721e-03 8.093761e+00 5.053676e+00 9.541939e+00 6.243915e-01
2.290868e-03 8.028300e+00 5.027109e+00 9.472350e+00 6.261735e-01
2.344229e-03 7.962600e+00 5.000560e+00 9.402585e+00 6.280060e-01
2.398833e-03 7.896692e+00 4.974004e+00 9.332656e+00 6.298845e-01
2.454709e-03 7.830605e+00 4.947415e+00 9.262574e+00 6.318049e-01
2.511886e-03 7.764369e+00 4.920770e+00 9.192355e+00 6.337630e-01
2.570396e-03 7.698014e+00 4.894048e+00 9.122013e+00 6.357546e-01
2.630268e-03 7.631570e+00 4.867229e+00 9.051562e+00 6.377756e-01
2.691535e-03 7.565067e+00 4.840297e+00 8.981019e+00 6.398221e-01
2.754229e-03 7.498534e+00 4.813235e+00 8.910401e+00 6.418901e-01
2.818383e-03 7.432002e+00 4.786028e+00 8.839724e+00 6.439757e-01
2.884032e-03 7.365499e+00 4.758665e+00 8.769006e+00 6.460751e-01
2.951209e-03 7.299055e+00 4.731134e+00 8.698266e+00 6.481845e-01
3.019952e-03 7.232698e+00 4.703426e+00 8.627522e+00 6.503004e-01
3.090295e-03 7.166457e+00 4.675533e+00 8.556793e+00 6.524190e-01
3.162278e-03 7.100358e+00 4.647447e+00 8.486097e+00 6.545371e-01
3.235937e-03 7.034430e+00 4.619165e+00 8.415455e+00 6.566510e-01
3.311311e-03 6.968698e+00 4.590682e+00 8.344885e+00 6.587574e-01
3.388442e-03 6.903189e+00 4.561995e+00 8.274407e+00 6.608532e-01
3.467369e-03 6.837928e+00 4.533103e+00 8.204041e+00 6.629352e-01
3.548134e-03 6.772940e+00 4.504007e+00 8.133806e+00 6.650002e-01
3.630781e-03 6.708249e+00 4.474706e+00 8.063721e+00 6.670454e-01
3.715352e-03 6.643878e+00 4.445204e+00 7.993807e+00 6.690677e-01
3.801894e-03 6.579849e+00 4.415504e+00 7.924083e+00 6.710646e-01
3.890451e-03 6.516184e+00 4.385609e+00 7.854567e+00 6.730332e-01
3.981072e-03 6.452905e+00 4.355524e+00 7.785279e+00 6.749711e-01
4.073803e-03 6.390030e+00 4.325256e+00 7.716238e+00 6.768757e-01
4.168694e-03 6.327580e+00 4.294811e+00 7.647462e+00 6.787447e-01
4.265795e-03 6.265572e+00 4.264197e+00 7.578969e+00 6.805758e-01
4.365158e-03 6.204025e+00 4.233422e+00 7.510778e+00 6.823669e-01
4.466836e-03 6.142955e+00 4.202494e+00 7.442907e+00 6.841160e-01
4.570882e-03 6.082378e+00 4.171424e+00 7.375372e+00 6.858213e-01
4.677351e-03 6.022309e+00 4.140222e+00 7.308190e+00 6.874808e-01
4.786301e-03 5.962762e+00 4.108898e+00 7.241379e+00 6.890931e-01
4.897788e-03 5.903750e+00 4.077463e+00 7.174954e+00 6.906565e-01
5.011872e-03 5.845285e+00 4.045929e+00 7.108931e+00 6.921697e-01
5.128614e-03 5.787381e+00 4.014309e+00 7.043327e+00 6.936314e-01
5.248075e-03 5.730046e+00 3.982614e+00 6.978154e+00 6.950405e-01
5.370318e-03 5.673291e+00 3.950857e+00 6.913429e+00 6.963960e-01
5.495409e-03 5.617124e+00 3.919052e+00 6.849165e+00 6.976972e-01
5.623413e-03 5.561555e+00 3.887212e+00 6.785375e+00 6.989432e-01
5.754399e-03 5.506591e+00 3.855350e+00 6.722073e+00 7.001337e-01
5.888437e-03 5.452237e+00 3.823481e+00 6.659271e+00 7.012682e-01
6.025596e-03 5.398500e+00 3.791618e+00 6.596982e+00 7.023465e-01
6.165950e-03 5.345385e+00 3.759776e+00 6.535217e+00 7.033686e-01
6.309573e-03 5.292895e+00 3.727969e+00 6.473986e+00 7.043346e-01
6.456542e-03 5.241035e+00 3.696212e+00 6.413301e+00 7.052448e-01
6.606934e-03 5.189805e+00 3.664520e+00 6.353171e+00 7.060996e-01
6.760830e-03 5.139209e+00 3.632906e+00 6.293606e+00 7.068998e-01
6.918310e-03 5.089247e+00 3.601385e+00 6.234614e+00 7.076461e-01
7.079458e-03 5.039918e+00 3.569973e+00 6.176203e+00 7.083395e-01
7.244360e-03 4.991223e+00 3.538684e+00 6.118381e+00 7.089813e-01
7.413102e-03 4.943160e+00 3.507532e+00 6.061155e+00 7.095728e-01
7.585776e-03 4.895726e+00 3.476531e+00 6.004531e+00 7.101156e-01
7.762471e-03 4.848918e+00 3.445697e+00 5.948515e+00 7.106115e-01
7.943282e-03 4.802733e+00 3.415043e+00 5.893111e+00 7.110624e-01
8.128305e-03 4.757166e+00 3.384583e+00 5.838324e+00 7.114704e-01
8.317638e-03 4.712211e+00 3.354330e+00 5.784157e+00 7.118378e-01
8.511380e-03 4.667864e+00 3.324299e+00 5.730612e+00 7.121672e-01
8.709636e-03 4.624116e+00 3.294503e+00 5.677693e+00 7.124612e-01
8.912509e-03 4.580960e+00 3.264954e+00 5.625399e+00 7.127227e-01
9.120108e-03 4.538388e+00 3.235665e+00 5.573732e+00 7.129546e-01
9.332543e-03 4.496392e+00 3.206647e+00 5.522692e+00 7.131602e-01
9.549926e-03 4.454961e+00 3.177914e+00 5.472277e+00 7.133426e-01
9.772372e-03 4.414086e+00 3.149474e+00 5.422485e+00 7.135055e-01
1.000000e-02 4.373755e+00 3.121341e+00 5.373314e+00 7.136524e-01
1.023293e-02 4.333958e+00 3.093522e+00 5.324760e+00 7.137869e-01
1.047129e-02 4.294682e+00 3.066029e+00 5.276820e+00 7.139129e-01
1.071519e-02 4.255916e+00 3.038870e+00 5.229489e+00 7.140343e-01
1.096478e-02 4.217646e+00 3.012053e+00 5.182760e+00 7.141552e-01
1.122018e-02 4.179858e+00 2.985587e+00 5.136628e+00 7.142795e-01
1.148154e-02 4.142540e+00 2.959478e+00 5.091085e+00 7.144115e-01
1.174898e-02 4.105676e+00 2.933732e+00 5.046124e+00 7.145552e-01
1.202264e-02 4.069253e+00 2.908356e+00 5.001736e+00 7.147149e-01
1.230269e-02 4.033256e+00 2.883354e+00 4.957911e+00 7.148949e-01
1.258925e-02 3.997670e+00 2.858731e+00 4.914642e+00 7.150993e-01
1.288250e-02 3.962478e+00 2.834489e+00 4.871916e+00 7.153324e-01
1.318257e-02 3.927667e+00 2.810632e+00 4.829723e+00 7.155983e-01
1.348963e-02 3.893221e+00 2.787161e+00 4.788052e+00 7.159011e-01
1.380384e-02 3.859124e+00 2.764078e+00 4.746890e+00 7.162451e-01
1.412538e-02 3.825360e+00 2.741384e+00 4.706226e+00 7.166342e-01
1.445440e-02 3.791914e+00 2.719076e+00 4.666046e+00 7.170723e-01
1.479108e-02 3.758770e+00 2.697156e+00 4.626338e+00 7.175633e-01
1.513561e-02 3.725913e+00 2.675619e+00 4.587087e+00 7.181110e-01
1.548817e-02 3.693328e+00 2.654465e+00 4.548281e+00 7.187189e-01
1.584893e-02 3.661000e+00 2.633690e+00 4.509905e+00 7.193907e-01
1.621810e-02 3.628914e+00 2.613288e+00 4.471945e+00 7.201297e-01
1.659587e-02 3.597054e+00 2.593257e+00 4.434386e+00 7.209391e-01
1.698244e-02 3.565408e+00 2.573590e+00 4.397215e+00 7.218221e-01
1.737801e-02 3.533960e+00 2.554281e+00 4.360416e+00 7.227815e-01
1.778279e-02 3.502699e+00 2.535324e+00 4.323975e+00 7.238201e-01
1.819701e-02 3.471609e+00 2.516710e+00 4.287878e+00 7.249406e-01
1.862087e-02 3.440679e+00 2.498433e+00 4.252110e+00 7.261453e-01
1.905461e-02 3.409897e+00 2.480484e+00 4.216657e+00 7.274366e-01
1.949845e-02 3.379250e+00 2.462853e+00 4.181504e+00 7.288164e-01
1.995262e-02 3.348728e+00 2.445531e+00 4.146637e+00 7.302866e-01
2.041738e-02 3.318319e+00 2.428509e+00 4.112043e+00 7.318490e-01
2.089296e-02 3.288014e+00 2.411775e+00 4.077707e+00 7.335050e-01
2.137962e-02 3.257804e+00 2.395320e+00 4.043617e+00 7.352560e-01
2.187762e-02 3.227678e+00 2.379131e+00 4.009760e+00 7.371029e-01
2.238721e-02 3.197630e+00 2.363198e+00 3.976121e+00 7.390467e-01
2.290868e-02 3.167651e+00 2.347508e+00 3.942690e+00 7.410881e-01
2.344229e-02 3.137734e+00 2.332051e+00 3.909455e+00 7.432276e-01
2.398833e-02 3.107873e+00 2.316812e+00 3.876402e+00 7.454654e-01
2.454709e-02 3.078063e+00 2.301780e+00 3.843522e+00 7.478017e-01
2.511886e-02 3.048298e+00 2.286943e+00 3.810804e+00 7.502362e-01
2.570396e-02 3.018573e+00 2.272288e+00 3.778237e+00 7.527687e-01
2.630268e-02 2.988887e+00 2.257801e+00 3.745812e+00 7.553986e-01
2.691535e-02 2.959234e+00 2.243470e+00 3.713519e+00 7.581252e-01
2.754229e-02 2.929614e+00 2.229282e+00 3.681350e+00 7.609474e-01
2.818383e-02 2.900024e+00 2.215225e+00 3.649296e+00 7.638642e-01
2.884032e-02 2.870465e+00 2.201285e+00 3.617350e+00 7.668742e-01
2.951209e-02 2.840934e+00 2.187451e+00 3.585505e+00 7.699757e-01
3.019952e-02 2.811434e+00 2.173708e+00 3.553754e+00 7.731670e-01
3.090295e-02 2.781965e+00 2.160046e+00 3.522092e+00 7.764462e-01
3.162278e-02 2.752530e+00 2.146453e+00 3.490513e+00 7.798110e-01
3.235937e-02 2.723129e+00 2.132915e+00 3.459012e+00 7.832590e-01
3.311311e-02 2.693767e+00 2.119423e+00 3.427585e+00 7.867877e-01
3.388442e-02 2.664448e+00 2.105965e+00 3.396229e+00 7.903943e-01
3.467369e-02 2.635175e+00 2.092529e+00 3.364940e+00 7.940759e-01
3.548134e-02 2.605953e+00 2.079106e+00 3.333718e+00 7.978294e-01
3.630781e-02 2.576788e+00 2.065686e+00 3.302558e+00 8.016514e-01
3.715352e-02 2.547685e+00 2.052258e+00 3.271462e+00 8.055385e-01
3.801894e-02 2.518651e+00 2.038815e+00 3.240428e+00 8.094870e-01
3.890451e-02 2.489693e+00 2.025348e+00 3.209456e+00 8.134932e-01
3.981072e-02 2.460817e+00 2.011849e+00 3.178546e+00 8.175531e-01
4.073803e-02 2.432032e+00 1.998310e+00 3.147701e+00 8.216627e-01
4.168694e-02 2.403344e+00 1.984724e+00 3.116921e+00 8.258178e-01
4.265795e-02 2.374763e+00 1.971087e+00 3.086208e+00 8.300141e-01
4.365158e-02 2.346296e+00 1.957391e+00 3.055566e+00 8.342471e-01
4.466836e-02 2.317953e+00 1.943632e+00 3.024998e+00 8.385124e-01
4.570882e-02 2.289741e+00 1.929806e+00 2.994506e+00 8.428054e-01
4.677351e-02 2.261671e+00 1.915910e+00 2.964096e+00 8.471215e-01
4.786301e-02 2.233750e+00 1.901939e+00 2.933771e+00 8.514559e-01
4.897788e-02 2.205988e+00 1.887893e+00 2.903536e+00 8.558039e-01
5.011872e-02 2.178393e+00 1.873768e+00 2.873396e+00 8.601607e-01
5.128614e-02 2.150976e+00 1.859565e+00 2.843357e+00 8.645216e-01
5.248075e-02 2.123744e+00 1.845282e+00 2.813424e+00 8.688818e-01
5.370318e-02 2.096706e+00 1.830920e+00 2.783603e+00 8.732366e-01
5.495409e-02 2.069872e+00 1.816480e+00 2.753901e+00 8.775811e-01
5.623413e-02 2.043248e+00 1.801963e+00 2.724322e+00 8.819108e-01
5.754399e-02 2.016844e+00 1.787370e+00 2.694875e+00 8.862210e-01
5.888437e-02 1.990668e+00 1.772704e+00 2.665565e+00 8.905072e-01
6.025596e-02 1.964726e+00 1.757968e+00 2.636399e+00 8.947650e-01
6.165950e-02 1.939027e+00 1.743165e+00 2.607384e+00 8.989899e-01
6.309573e-02 1.913576e+00 1.728299e+00 2.578525e+00 9.031778e-01
6.456542e-02 1.888381e+00 1.713375e+00 2.549831e+00 9.073246e-01
6.606934e-02 1.863449e+00 1.698396e+00 2.521307e+00 9.114263e-01
6.760830e-02 1.838783e+00 1.683368e+00 2.492960e+00 9.154791e-01
6.918310e-02 1.814391e+00 1.668295e+00 2.464797e+00 9.194793e-01
7.079458e-02 1.790277e+00 1.653184e+00 2.436823e+00 9.234236e-01
7.244360e-02 1.766445e+00 1.638039e+00 2.409045e+00 9.273086e-01
7.413102e-02 1.742899e+00 1.622868e+00 2.381470e+00 9.311312e-01
7.585776e-02 1.719644e+00 1.607676e+00 2.354102e+00 9.348886e-01
7.762471e-02 1.696682e+00 1.592469e+00 2.326948e+00 9.385781e-01
7.943282e-02 1.674017e+00 1.577254e+00 2.300013e+00 9.421971e-01
8.128305e-02 1.651649e+00 1.562037e+00 2.273303e+00 9.457435e-01
8.317638e-02 1.629583e+00 1.546825e+00 2.246821e+00 9.492153e-01
8.511380e-02 1.607818e+00 1.531624e+00 2.220574e+00 9.526106e-01
8.709636e-02 1.586356e+00 1.516442e+00 2.194566e+00 9.559279e-01
8.912509e-02 1.565197e+00 1.501284e+00 2.168800e+00 9.591660e-01
9.120108e-02 1.544343e+00 1.486157e+00 2.143282e+00 9.623236e-01
9.332543e-02 1.523792e+00 1.471069e+00 2.118014e+00 9.654001e-01
9.549926e-02 1.503544e+00 1.456024e+00 2.093001e+00 9.683949e-01
9.772372e-02 1.483599e+00 1.441031e+00 2.068245e+00 9.713076e-01
1.000000e-01 1.463955e+00 1.426094e+00 2.043749e+00 9.741381e-01
1.023293e-01 1.444611e+00 1.411221e+00 2.019516e+00 9.768867e-01
1.047129e-01 1.425564e+00 1.396417e+00 1.995549e+00 9.795537e-01
1.071519e-01 1.406814e+00 1.381688e+00 1.971849e+00 9.821399e-01
1.096478e-01 1.388357e+00 1.367040e+00 1.948418e+00 9.846462e-01
1.122018e-01 1.370190e+00 1.352478e+00 1.925258e+00 9.870736e-01
1.148154e-01 1.352311e+00 1.338009e+00 1.902370e+00 9.894237e-01
1.174898e-01 1.334717e+00 1.323636e+00 1.879755e+00 9.916981e-01
1.202264e-01 1.317403e+00 1.309365e+00 1.857415e+00 9.938986e-01
1.230269e-01 1.300367e+00 1.295201e+00 1.835348e+00 9.960274e-01
1.258925e-01 1.283605e+00 1.281149e+00 1.813556e+00 9.980869e-01
1.288250e-01 1.267112e+00 1.267213e+00 1.792038e+00 1.000079e+00
1.318257e-01 1.250885e+00 1.253396e+00 1.770795e+00 1.002008e+00
1.348963e-01 1.234918e+00 1.239704e+00 1.749825e+00 1.003875e+00
1.380384e-01 1.219208e+00 1.226139e+00 1.729129e+00 1.005685e+00
1.412538e-01 1.203750e+00 1.212706e+00 1.708704e+00 1.007440e+00
1.445440e-01 1.188539e+00 1.199407e+00 1.688550e+00 1.009144e+00
1.479108e-01 1.173570e+00 1.186246e+00 1.668666e+00 1.010801e+00
1.513561e-01 1.158839e+00 1.173225e+00 1.649049e+00 1.012414e+00
1.548817e-01 1.144340e+00 1.160347e+00 1.629699e+00 1.013988e+00
1.584893e-01 1.130068e+00 1.147615e+00 1.610613e+00 1.015527e+00
1.621810e-01 1.116018e+00 1.135030e+00 1.591788e+00 1.017035e+00
1.659587e-01 1.102186e+00 1.122595e+00 1.573223e+00 1.018517e+00
1.698244e-01 1.088564e+00 1.110311e+00 1.554916e+00 1.019977e+00
1.737801e-01 1.075150e+00 1.098180e+00 1.536862e+00 1.021420e+00
1.778279e-01 1.061936e+00 1.086203e+00 1.519061e+00 1.022851e+00
1.819701e-01 1.048919e+00 1.074381e+00 1.501508e+00 1.024274e+00
1.862087e-01 1.036092e+00 1.062715e+00 1.484200e+00 1.025695e+00
1.905461e-01 1.023451e+00 1.051206e+00 1.467135e+00 1.027119e+00
1.949845e-01 1.010990e+00 1.039854e+00 1.450309e+00 1.028550e+00
1.995262e-01 9.987041e-01 1.028660e+00 1.433719e+00 1.029995e+00
2.041738e-01 9.865881e-01 1.017623e+00 1.417361e+00 1.031457e+00
2.089296e-01 9.746370e-01 1.006744e+00 1.401232e+00 1.032943e+00
2.137962e-01 9.628457e-01 9.960226e-01 1.385328e+00 1.034457e+00
2.187762e-01 9.512092e-01 9.854580e-01 1.369645e+00 1.036005e+00
2.238721e-01 9.397227e-01 9.750497e-01 1.354179e+00 1.037593e+00
2.290868e-01 9.283812e-01 9.647971e-01 1.338927e+00 1.039225e+00
2.344229e-01 9.171799e-01 9.546994e-01 1.323884e+00 1.040907e+00
2.398833e-01 9.061143e-01 9.447554e-01 1.309048e+00 1.042645e+00
2.454709e-01 8.951796e-01 9.349640e-01 1.294413e+00 1.044443e+00
2.511886e-01 8.843713e-01 9.253240e-01 1.279975e+00 1.046307e+00
2.570396e-01 8.736850e-01 9.158339e-01 1.265732e+00 1.048243e+00
2.630268e-01 8.631163e-01 9.064922e-01 1.251678e+00 1.050255e+00
2.691535e-01 8.526610e-01 8.972972e-01 1.237810e+00 1.052349e+00
2.754229e-01 8.423149e-01 8.882471e-01 1.224123e+00 1.054531e+00
2.818383e-01 8.320739e-01 8.793401e-01 1.210614e+00 1.056805e+00
2.884032e-01 8.219342e-01 8.705742e-01 1.197278e+00 1.059178e+00
2.951209e-01 8.118918e-01 8.619473e-01 1.184112e+00 1.061653e+00
3.019952e-01 8.019429e-01 8.534572e-01 1.171111e+00 1.064237e+00
3.090295e-01 7.920840e-01 8.451016e-01 1.158272e+00 1.066934e+00
3.162278e-01 7.823116e-01 8.368783e-01 1.145590e+00 1.069751e+00
3.235937e-01 7.726221e-01 8.287848e-01 1.133062e+00 1.072691e+00
3.311311e-01 7.630123e-01 8.208185e-01 1.120683e+00 1.075761e+00
3.388442e-01 7.534789e-01 8.129771e-01 1.108450e+00 1.078965e+00
3.467369e-01 7.440190e-01 8.052577e-01 1.096360e+00 1.082308e+00
3.548134e-01 7.346295e-01 7.976577e-01 1.084407e+00 1.085796e+00
3.630781e-01 7.253075e-01 7.901744e-01 1.072589e+00 1.089434e+00
3.715352e-01 7.160503e-01 7.828049e-01 1.060901e+00 1.093226e+00
3.801894e-01 7.068554e-01 7.755464e-01 1.049341e+00 1.097178e+00
3.890451e-01 6.977201e-01 7.683960e-01 1.037905e+00 1.101296e+00
3.981072e-01 6.886421e-01 7.613508e-01 1.026588e+00 1.105583e+00
4.073803e-01 6.796192e-01 7.544078e-01 1.015388e+00 1.110045e+00
4.168694e-01 6.706491e-01 7.475639e-01 1.004302e+00 1.114687e+00
4.265795e-01 6.617299e-01 7.408162e-01 9.933253e-01 1.119514e+00
4.365158e-01 6.528596e-01 7.341615e-01 9.824555e-01 1.124532e+00
4.466836e-01 6.440365e-01 7.275969e-01 9.716894e-01 1.129745e+00
4.570882e-01 6.352589e-01 7.211191e-01 9.610238e-01 1.135158e+00
4.677351e-01 6.265253e-01 7.147252e-01 9.504557e-01 1.140776e+00
4.786301e-01 6.178342e-01 7.084119e-01 9.399822e-01 1.146605e+00
4.897788e-01 6.091843e-01 7.021761e-01 9.296004e-01 1.152650e+00
5.011872e-01 6.005745e-01 6.960148e-01 9.193076e-01 1.158915e+00
5.128614e-01 5.920037e-01 6.899248e-01 9.091010e-01 1.165406e+00
5.248075e-01 5.834710e-01 6.839031e-01 8.989782e-01 1.172129e+00
5.370318e-01 5.749755e-01 6.779465e-01 8.889366e-01 1.179087e+00
5.495409e-01 5.665166e-01 6.720519e-01 8.789738e-01 1.186288e+00
5.623413e-01 5.580937e-01 6.662164e-01 8.690874e-01 1.193736e+00
5.754399e-01 5.497062e-01 6.604370e-01 8.592752e-01 1.201436e+00
5.888437e-01 5.413539e-01 6.547106e-01 8.495352e-01 1.209395e+00
6.025596e-01 5.330365e-01 6.490343e-01 8.398651e-01 1.217617e+00
6.165950e-01 5.247539e-01 6.434052e-01 8.302631e-01 1.226109e+00
6.309573e-01 5.165060e-01 6.378205e-01 8.207274e-01 1.234875e+00
6.456542e-01 5.082929e-01 6.322773e-01 8.112560e-01 1.243923e+00
6.606934e-01 5.001148e-01 6.267730e-01 8.018474e-01 1.253258e+00
6.760830e-01 4.919721e-01 6.213047e-01 7.924999e-01 1.262886e+00
6.918310e-01 4.838649e-01 6.158700e-01 7.832120e-01 1.272814e+00
7.079458e-01 4.757940e-01 6.104661e-01 7.739824e-01 1.283047e+00
7.244360e-01 4.677597e-01 6.050907e-01 7.648097e-01 1.293593e+00
7.413102e-01 4.597627e-01 5.997412e-01 7.556926e-01 1.304458e+00
7.585776e-01 4.518038e-01 5.944154e-01 7.466300e-01 1.315649e+00
7.762471e-01 4.438838e-01 5.891108e-01 7.376208e-01 1.327174e+00
7.943282e-01 4.360036e-01 5.838254e-01 7.286640e-01 1.339038e+00
8.128305e-01 4.281641e-01 5.785570e-01 7.197588e-01 1.351251e+00
8.317638e-01 4.203663e-01 5.733035e-01 7.109042e-01 1.363819e+00
8.511380e-01 4.126114e-01 5.680631e-01 7.020996e-01 1.376751e+00
8.709636e-01 4.049006e-01 5.628337e-01 6.933442e-01 1.390054e+00
8.912509e-01 3.972349e-01 5.576136e-01 6.846375e-01 1.403738e+00
9.120108e-01 3.896158e-01 5.524012e-01 6.759790e-01 1.417810e+00
9.332543e-01 3.820445e-01 5.471948e-01 6.673681e-01 1.432280e+00
9.549926e-01 3.745224e-01 5.419929e-01 6.588045e-01 1.447157e+00
9.772372e-01 3.670510e-01 5.367940e-01 6.502878e-01 1.462451e+00
1.000000e+00 3.596316e-01 5.315969e-01 6.418179e-01 1.478171e+00
1.023293e+00 3.522658e-01 5.264003e-01 6.333944e-01 1.494327e+00
1.047129e+00 3.449551e-01 5.212031e-01 6.250174e-01 1.510930e+00
1.071519e+00 3.377011e-01 5.160042e-01 6.166866e-01 1.527991e+00
1.096478e+00 3.305053e-01 5.108027e-01 6.084021e-01 1.545520e+00
1.122018e+00 3.233694e-01 5.055977e-01 6.001640e-01 1.563530e+00
1.148154e+00 3.162950e-01 5.003885e-01 5.919723e-01 1.582031e+00
1.174898e+00 3.092837e-01 4.951745e-01 5.838272e-01 1.601037e+00
1.202264e+00 3.023371e-01 4.899551e-01 5.757289e-01 1.620559e+00
1.230269e+00 2.954570e-01 4.847298e-01 5.676776e-01 1.640610e+00
1.258925e+00 2.886450e-01 4.794983e-01 5.596736e-01 1.661205e+00
1.288250e+00 2.819027e-01 4.742605e-01 5.517174e-01 1.682355e+00
1.318257e+00 2.752318e-01 4.690160e-01 5.438093e-01 1.704077e+00
1.348963e+00 2.686339e-01 4.637649e-01 5.359497e-01 1.726383e+00
1.380384e+00 2.621106e-01 4.585072e-01 5.281391e-01 1.749289e+00
1.412538e+00 2.556637e-01 4.532432e-01 5.203780e-01 1.772810e+00
1.445440e+00 2.492946e-01 4.479730e-01 5.126671e-01 1.796962e+00
1.479108e+00 2.430049e-01 4.426969e-01 5.050069e-01 1.821762e+00
1.513561e+00 2.367961e-01 4.374156e-01 4.973980e-01 1.847225e+00
1.548817e+00 2.306697e-01 4.321294e-01 4.898411e-01 1.873369e+00
1.584893e+00 2.246272e-01 4.268390e-01 4.823369e-01 1.900211e+00
1.621810e+00 2.186699e-01 4.215452e-01 4.748862e-01 1.927770e+00
1.659587e+00 2.127992e-01 4.162487e-01 4.674896e-01 1.956063e+00
1.698244e+00 2.070164e-01 4.109505e-01 4.601479e-01 1.985111e+00
1.737801e+00 2.013228e-01 4.056515e-01 4.528620e-01 2.014931e+00
1.778279e+00 1.957194e-01 4.003529e-01 4.456327e-01 2.045545e+00
1.819701e+00 1.902074e-01 3.950556e-01 4.384607e-01 2.076973e+00
1.862087e+00 1.847879e-01 3.897610e-01 4.313470e-01 2.109235e+00
1.905461e+00 1.794617e-01 3.844704e-01 4.242923e-01 2.142354e+00
1.949845e+00 1.742298e-01 3.791850e-01 4.172976e-01 2.176350e+00
1.995262e+00 1.690929e-01 3.739063e-01 4.103636e-01 2.211248e+00
2.041738e+00 1.640518e-01 3.686357e-01 4.034913e-01 2.247069e+00
2.089296e+00 1.591071e-01 3.633747e-01 3.966816e-01 2.283838e+00
2.137962e+00 1.542593e-01 3.581250e-01 3.899352e-01 2.321578e+00
2.187762e+00 1.495088e-01 3.528880e-01 3.832530e-01 2.360315e+00
2.238721e+00 1.448561e-01 3.476654e-01 3.766358e-01 2.400074e+00
2.290868e+00 1.403014e-01 3.424589e-01 3.700845e-01 2.440881e+00
2.344229e+00 1.358447e-01 3.372701e-01 3.635999e-01 2.482762e+00
2.398833e+00 1.314862e-01 3.321008e-01 3.571828e-01 2.525745e+00
2.454709e+00 1.272259e-01 3.269526e-01 3.508339e-01 2.569858e+00
2.511886e+00 1.230637e-01 3.218272e-01 3.445540e-01 2.615128e+00
2.570396e+00 1.189992e-01 3.167265e-01 3.383437e-01 2.661586e+00
2.630268e+00 1.150322e-01 3.116520e-01 3.322038e-01 2.709259e+00
2.691535e+00 1.111622e-01 3.066055e-01 3.261349e-01 2.758180e+00
2.754229e+00 1.073888e-01 3.015886e-01 3.201376e-01 2.808379e+00
2.818383e+00 1.037114e-01 2.966031e-01 3.142125e-01 2.859888e+00
2.884032e+00 1.001293e-01 2.916506e-01 3.083601e-01 2.912739e+00
2.951209e+00 9.664172e-02 2.867326e-01 3.025809e-01 2.966965e+00
3.019952e+00 9.324779e-02 2.818508e-01 2.968755e-01 3.022601e+00
3.090295e+00 8.994662e-02 2.770067e-01 2.912441e-01 3.079679e+00
3.162278e+00 8.673719e-02 2.722018e-01 2.856872e-01 3.138237e+00
3.235937e+00 8.361842e-02 2.674376e-01 2.802051e-01 3.198309e+00
3.311311e+00 8.058919e-02 2.627154e-01 2.747981e-01 3.259934e+00
3.388442e+00 7.764827e-02 2.580366e-01 2.694664e-01 3.323147e+00
3.467369e+00 7.479439e-02 2.534025e-01 2.642102e-01 3.387987e+00
3.548134e+00 7.202624e-02 2.488143e-01 2.590296e-01 3.454495e+00
3.630781e+00 6.934243e-02 2.442732e-01 2.539247e-01 3.522709e+00
3.715352e+00 6.674153e-02 2.397803e-01 2.488956e-01 3.592670e+00
3.801894e+00 6.422208e-02 2.353367e-01 2.439423e-01 3.664420e+00
3.890451e+00 6.178256e-02 2.309433e-01 2.390646e-01 3.738001e+00
3.981072e+00 5.942143e-02 2.266011e-01 2.342626e-01 3.813458e+00
4.073803e+00 5.713710e-02 2.223109e-01 2.295360e-01 3.890833e+00
4.168694e+00 5.492798e-02 2.180735e-01 2.248848e-01 3.970173e+00
4.265795e+00 5.279242e-02 2.138897e-01 2.203085e-01 4.051523e+00
4.365158e+00 5.072880e-02 2.097600e-01 2.158071e-01 4.134930e+00
4.466836e+00 4.873544e-02 2.056852e-01 2.113801e-01 4.220444e+00
4.570882e+00 4.681066e-02 2.016656e-01 2.070271e-01 4.308112e+00
4.677351e+00 4.495280e-02 1.977017e-01 2.027479e-01 4.397985e+00
4.786301e+00 4.316015e-02 1.937940e-01 1.985420e-01 4.490114e+00
4.897788e+00 4.143104e-02 1.899427e-01 1.944088e-01 4.584552e+00
5.011872e+00 3.976378e-02 1.861482e-01 1.903479e-01 4.681351e+00
5.128614e+00 3.815669e-02 1.824106e-01 1.863587e-01 4.780567e+00
5.248075e+00 3.660811e-02 1.787301e-01 1.824407e-01 4.882255e+00
5.370318e+00 3.511637e-02 1.751068e-01 1.785933e-01 4.986472e+00
5.495409e+00 3.367983e-02 1.715407e-01 1.748157e-01 5.093277e+00
5.623413e+00 3.229685e-02 1.680318e-01 1.711074e-01 5.202728e+00
5.754399e+00 3.096584e-02 1.645799e-01 1.674677e-01 5.314887e+00
5.888437e+00 2.968520e-02 1.611851e-01 1.638959e-01 5.429815e+00
6.025596e+00 2.845336e-02 1.578472e-01 1.603911e-01 5.547576e+00
6.165950e+00 2.726877e-02 1.545658e-01 1.569528e-01 5.668235e+00
6.309573e+00 2.612993e-02 1.513408e-01 1.535800e-01 5.791857e+00
6.456542e+00 2.503534e-02 1.481719e-01 1.502720e-01 5.918512e+00
6.606934e+00 2.398352e-02 1.450588e-01 1.470281e-01 6.048267e+00
6.760830e+00 2.297307e-02 1.420010e-01 1.438473e-01 6.181194e+00
6.918310e+00 2.200255e-02 1.389982e-01 1.407288e-01 6.317366e+00
7.079458e+00 2.107061e-02 1.360499e-01 1.376719e-01 6.456855e+00
7.244360e+00 2.017590e-02 1.331557e-01 1.346755e-01 6.599738e+00
7.413102e+00 1.931711e-02 1.303151e-01 1.317390e-01 6.746093e+00
7.585776e+00 1.849297e-02 1.275275e-01 1.288614e-01 6.895998e+00
7.762471e+00 1.770222e-02 1.247924e-01 1.260417e-01 7.049535e+00
7.943282e+00 1.694366e-02 1.221093e-01 1.232793e-01 7.206785e+00
8.128305e+00 1.621611e-02 1.194776e-01 1.205731e-01 7.367835e+00
8.317638e+00 1.551842e-02 1.168967e-01 1.179222e-01 7.532770e+00
8.511380e+00 1.484947e-02 1.143659e-01 1.153259e-01 7.701680e+00
8.709636e+00 1.420819e-02 1.118846e-01 1.127831e-01 7.874654e+00
8.912509e+00 1.359352e-02 1.094521e-01 1.102930e-01 8.051787e+00
9.120108e+00 1.300446e-02 1.070679e-01 1.078548e-01 8.233172e+00
9.332543e+00 1.244001e-02 1.047313e-01 1.054675e-01 8.418907e+00
9.549926e+00 1.189922e-02 1.024415e-01 1.031302e-01 8.609091e+00
9.772372e+00 1.138117e-02 1.001979e-01 1.008422e-01 8.803826e+00
1.000000e+01 1.088497e-02 9.799973e-02 9.860239e-02 9.003217e+00
