1.000000e-06 7.899380e+01 1.113681e+00 7.900165e+01 1.409834e-02
1.023293e-06 7.899289e+01 1.139606e+00 7.900111e+01 1.442669e-02
1.047129e-06 7.899194e+01 1.166133e+00 7.900054e+01 1.476269e-02
1.071519e-06 7.899094e+01 1.193277e+00 7.899995e+01 1.510651e-02
1.096478e-06 7.898990e+01 1.221052e+00 7.899933e+01 1.545833e-02
1.122018e-06 7.898881e+01 1.249473e+00 7.899869e+01 1.581835e-02
1.148154e-06 7.898766e+01 1.278554e+00 7.899801e+01 1.618675e-02
1.174898e-06 7.898646e+01 1.308310e+00 7.899730e+01 1.656373e-02
1.202264e-06 7.898521e+01 1.338758e+00 7.899655e+01 1.694948e-02
1.230269e-06 7.898390e+01 1.369914e+00 7.899577e+01 1.734421e-02
1.258925e-06 7.898252e+01 1.401793e+00 7.899496e+01 1.774814e-02
1.288250e-06 7.898108e+01 1.434412e+00 7.899411e+01 1.816146e-02
1.318257e-06 7.897957e+01 1.467789e+00 7.899321e+01 1.858441e-02
1.348963e-06 7.897799e+01 1.501941e+00 7.899227e+01 1.901721e-02
1.380384e-06 7.897634e+01 1.536886e+00 7.899129e+01 1.946008e-02
1.412538e-06 7.897461e+01 1.572641e+00 7.899027e+01 1.991325e-02
1.445440e-06 7.897280e+01 1.609227e+00 7.898919e+01 2.037698e-02
1.479108e-06 7.897090e+01 1.646662e+00 7.898807e+01 2.085150e-02
1.513561e-06 7.896891e+01 1.684965e+00 7.898689e+01 2.133706e-02
1.548817e-06 7.896683e+01 1.724156e+00 7.898565e+01 2.183393e-02
1.584893e-06 7.896466e+01 1.764256e+00 7.898436e+01 2.234235e-02
1.621810e-06 7.896237e+01 1.805286e+00 7.898301e+01 2.286261e-02
1.659587e-06 7.895999e+01 1.847267e+00 7.898159e+01 2.339498e-02
1.698244e-06 7.895749e+01 1.890221e+00 7.898011e+01 2.393973e-02
1.737801e-06 7.895487e+01 1.934170e+00 7.897856e+01 2.449716e-02
1.778279e-06 7.895213e+01 1.979138e+00 7.897693e+01 2.506757e-02
1.819701e-06 7.894926e+01 2.025146e+00 7.897523e+01 2.565124e-02
1.862087e-06 7.894625e+01 2.072220e+00 7.897344e+01 2.624849e-02
1.905461e-06 7.894311e+01 2.120383e+00 7.897158e+01 2.685963e-02
1.949845e-06 7.893981e+01 2.169660e+00 7.896962e+01 2.748500e-02
1.995262e-06 7.893636e+01 2.220078e+00 7.896758e+01 2.812490e-02
2.041738e-06 7.893275e+01 2.271661e+00 7.896543e+01 2.877970e-02
2.089296e-06 7.892897e+01 2.324436e+00 7.896319e+01 2.944972e-02
2.137962e-06 7.892501e+01 2.378431e+00 7.896084e+01 3.013532e-02
2.187762e-06 7.892087e+01 2.433673e+00 7.895838e+01 3.083687e-02
2.238721e-06 7.891653e+01 2.490190e+00 7.895581e+01 3.155473e-02
2.290868e-06 7.891198e+01 2.548011e+00 7.895311e+01 3.228928e-02
2.344229e-06 7.890723e+01 2.607167e+00 7.895029e+01 3.304091e-02
2.398833e-06 7.890225e+01 2.667686e+00 7.894733e+01 3.381002e-02
2.454709e-06 7.889703e+01 2.729600e+00 7.894424e+01 3.459700e-02
2.511886e-06 7.889157e+01 2.792941e+00 7.894099e+01 3.540227e-02
2.570396e-06 7.888586e+01 2.857739e+00 7.893760e+01 3.622625e-02
2.630268e-06 7.887987e+01 2.924029e+00 7.893405e+01 3.706939e-02
2.691535e-06 7.887361e+01 2.991842e+00 7.893033e+01 3.793211e-02
2.754229e-06 7.886705e+01 3.061215e+00 7.892644e+01 3.881488e-02
2.818383e-06 7.886019e+01 3.132181e+00 7.892236e+01 3.971815e-02
2.884032e-06 7.885300e+01 3.204775e+00 7.891810e+01 4.064240e-02
2.951209e-06 7.884547e+01 3.279035e+00 7.891363e+01 4.158812e-02
3.019952e-06 7.883760e+01 3.354997e+00 7.890895e+01 4.255579e-02
3.090295e-06 7.882935e+01 3.432698e+00 7.890405e+01 4.354594e-02
3.162278e-06 7.882072e+01 3.512177e+00 7.889893e+01 4.455906e-02
3.235937e-06 7.881168e+01 3.593474e+00 7.889356e+01 4.559570e-02
3.311311e-06 7.880222e+01 3.676628e+00 7.888794e+01 4.665640e-02
3.388442e-06 7.879232e+01 3.761679e+00 7.888206e+01 4.774170e-02
3.467369e-06 7.878195e+01 3.848670e+00 7.887590e+01 4.885218e-02
3.548134e-06 7.877110e+01 3.937643e+00 7.886946e+01 4.998842e-02
3.630781e-06 7.875974e+01 4.028639e+00 7.886271e+01 5.115100e-02
3.715352e-06 7.874785e+01 4.121704e+00 7.885564e+01 5.234053e-02
3.801894e-06 7.873541e+01 4.216882e+00 7.884825e+01 5.355763e-02
3.890451e-06 7.872238e+01 4.314218e+00 7.884051e+01 5.480294e-02
3.981072e-06 7.870874e+01 4.413757e+00 7.883240e+01 5.607709e-02
4.073803e-06 7.869447e+01 4.515548e+00 7.882392e+01 5.738075e-02
4.168694e-06 7.867954e+01 4.619638e+00 7.881504e+01 5.871460e-02
4.265795e-06 7.866391e+01 4.726074e+00 7.880575e+01 6.007933e-02
4.365158e-06 7.864755e+01 4.834907e+00 7.879602e+01 6.147563e-02
4.466836e-06 7.863042e+01 4.946187e+00 7.878584e+01 6.290423e-02
4.570882e-06 7.861250e+01 5.059963e+00 7.877518e+01 6.436588e-02
4.677351e-06 7.859375e+01 5.176287e+00 7.876403e+01 6.586131e-02
4.786301e-06 7.857413e+01 5.295213e+00 7.875235e+01 6.739130e-02
4.897788e-06 7.855359e+01 5.416791e+00 7.874013e+01 6.895663e-02
5.011872e-06 7.853210e+01 5.541077e+00 7.872734e+01 7.055812e-02
5.128614e-06 7.850962e+01 5.668125e+00 7.871396e+01 7.219656e-02
5.248075e-06 7.848609e+01 5.797988e+00 7.869995e+01 7.387282e-02
5.370318e-06 7.846147e+01 5.930724e+00 7.868529e+01 7.558773e-02
5.495409e-06 7.843571e+01 6.066388e+00 7.866995e+01 7.734217e-02
5.623413e-06 7.840876e+01 6.205036e+00 7.865390e+01 7.913703e-02
5.754399e-06 7.838057e+01 6.346727e+00 7.863711e+01 8.097322e-02
5.888437e-06 7.835107e+01 6.491518e+00 7.861953e+01 8.285168e-02
6.025596e-06 7.832022e+01 6.639467e+00 7.860114e+01 8.477335e-02
6.165950e-06 7.828794e+01 6.790633e+00 7.858190e+01 8.673919e-02
6.309573e-06 7.825418e+01 6.945074e+00 7.856176e+01 8.875020e-02
6.456542e-06 7.821887e+01 7.102850e+00 7.854070e+01 9.080738e-02
6.606934e-06 7.818193e+01 7.264020e+00 7.851866e+01 9.291175e-02
6.760830e-06 7.814330e+01 7.428645e+00 7.849561e+01 9.506438e-02
6.918310e-06 7.810291e+01 7.596783e+00 7.847149e+01 9.726633e-02
7.079458e-06 7.806066e+01 7.768494e+00 7.844627e+01 9.951868e-02
7.244360e-06 7.801649e+01 7.943838e+00 7.841988e+01 1.018225e-01
7.413102e-06 7.797030e+01 8.122874e+00 7.839228e+01 1.041791e-01
7.585776e-06 7.792201e+01 8.305661e+00 7.836341e+01 1.065894e-01
7.762471e-06 7.787153e+01 8.492257e+00 7.833322e+01 1.090547e-01
7.943282e-06 7.781875e+01 8.682722e+00 7.830165e+01 1.115762e-01
8.128305e-06 7.776359e+01 8.877111e+00 7.826863e+01 1.141551e-01
8.317638e-06 7.770593e+01 9.075481e+00 7.823410e+01 1.167927e-01
8.511380e-06 7.764566e+01 9.277889e+00 7.819801e+01 1.194901e-01
8.709636e-06 7.758269e+01 9.484387e+00 7.816027e+01 1.222488e-01
8.912509e-06 7.751688e+01 9.695030e+00 7.812081e+01 1.250699e-01
9.120108e-06 7.744813e+01 9.909869e+00 7.807956e+01 1.279549e-01
9.332543e-06 7.737630e+01 1.012895e+01 7.803645e+01 1.309051e-01
9.549926e-06 7.730127e+01 1.035233e+01 7.799139e+01 1.339219e-01
9.772372e-06 7.722289e+01 1.058005e+01 7.794429e+01 1.370066e-01
1.000000e-05 7.714104e+01 1.081215e+01 7.789507e+01 1.401608e-01
1.023293e-05 7.705557e+01 1.104867e+01 7.784365e+01 1.433857e-01
1.047129e-05 7.696632e+01 1.128965e+01 7.778992e+01 1.466830e-01
1.071519e-05 7.687315e+01 1.153513e+01 7.773378e+01 1.500540e-01
1.096478e-05 7.677590e+01 1.178513e+01 7.767514e+01 1.535004e-01
1.122018e-05 7.667439e+01 1.203969e+01 7.761389e+01 1.570236e-01
1.148154e-05 7.656847e+01 1.229882e+01 7.754993e+01 1.606251e-01
1.174898e-05 7.645795e+01 1.256254e+01 7.748313e+01 1.643066e-01
1.202264e-05 7.634266e+01 1.283087e+01 7.741339e+01 1.680695e-01
1.230269e-05 7.622240e+01 1.310382e+01 7.734057e+01 1.719156e-01
1.258925e-05 7.609699e+01 1.338139e+01 7.726457e+01 1.758465e-01
1.288250e-05 7.596624e+01 1.366357e+01 7.718525e+01 1.798637e-01
1.318257e-05 7.582993e+01 1.395035e+01 7.710247e+01 1.839689e-01
1.348963e-05 7.568786e+01 1.424172e+01 7.701610e+01 1.881639e-01
1.380384e-05 7.553983e+01 1.453765e+01 7.692600e+01 1.924502e-01
1.412538e-05 7.538560e+01 1.483811e+01 7.683201e+01 1.968295e-01
1.445440e-05 7.522497e+01 1.514306e+01 7.673401e+01 2.013036e-01
1.479108e-05 7.505769e+01 1.545244e+01 7.663182e+01 2.058741e-01
1.513561e-05 7.488355e+01 1.576620e+01 7.652528e+01 2.105428e-01
1.548817e-05 7.470230e+01 1.608426e+01 7.641425e+01 2.153114e-01
1.584893e-05 7.451371e+01 1.640655e+01 7.629855e+01 2.201816e-01
1.621810e-05 7.431753e+01 1.673297e+01 7.617800e+01 2.251551e-01
1.659587e-05 7.411352e+01 1.706342e+01 7.605244e+01 2.302335e-01
1.698244e-05 7.390142e+01 1.739778e+01 7.592169e+01 2.354187e-01
1.737801e-05 7.368099e+01 1.773592e+01 7.578556e+01 2.407123e-01
1.778279e-05 7.345197e+01 1.807770e+01 7.564387e+01 2.461160e-01
1.819701e-05 7.321410e+01 1.842297e+01 7.549642e+01 2.516314e-01
1.862087e-05 7.296713e+01 1.877154e+01 7.534304e+01 2.572602e-01
1.905461e-05 7.271081e+01 1.912324e+01 7.518351e+01 2.630041e-01
1.949845e-05 7.244488e+01 1.947786e+01 7.501765e+01 2.688645e-01
1.995262e-05 7.216909e+01 1.983517e+01 7.484525e+01 2.748431e-01
2.041738e-05 7.188319e+01 2.019496e+01 7.466612e+01 2.809413e-01
2.089296e-05 7.158693e+01 2.055695e+01 7.448004e+01 2.871607e-01
2.137962e-05 7.128007e+01 2.092089e+01 7.428682e+01 2.935026e-01
2.187762e-05 7.096237e+01 2.128648e+01 7.408625e+01 2.999685e-01
2.238721e-05 7.063361e+01 2.165341e+01 7.387812e+01 3.065596e-01
2.290868e-05 7.029355e+01 2.202137e+01 7.366223e+01 3.132772e-01
2.344229e-05 6.994200e+01 2.239000e+01 7.343838e+01 3.201224e-01
2.398833e-05 6.957875e+01 2.275895e+01 7.320636e+01 3.270963e-01
2.454709e-05 6.920360e+01 2.312783e+01 7.296598e+01 3.341998e-01
2.511886e-05 6.881638e+01 2.349625e+01 7.271704e+01 3.414340e-01
2.570396e-05 6.841694e+01 2.386379e+01 7.245935e+01 3.487995e-01
2.630268e-05 6.800511e+01 2.423001e+01 7.219272e+01 3.562969e-01
2.691535e-05 6.758078e+01 2.459447e+01 7.191697e+01 3.639269e-01
2.754229e-05 6.714384e+01 2.495668e+01 7.163192e+01 3.716898e-01
2.818383e-05 6.669420e+01 2.531617e+01 7.133741e+01 3.795858e-01
2.884032e-05 6.623180e+01 2.567244e+01 7.103327e+01 3.876151e-01
2.951209e-05 6.575659e+01 2.602497e+01 7.071936e+01 3.957774e-01
3.019952e-05 6.526855e+01 2.637324e+01 7.039554e+01 4.040727e-01
3.090295e-05 6.476771e+01 2.671670e+01 7.006167e+01 4.125003e-01
3.162278e-05 6.425409e+01 2.705480e+01 6.971765e+01 4.210596e-01
3.235937e-05 6.372777e+01 2.738700e+01 6.936337e+01 4.297498e-01
3.311311e-05 6.318885e+01 2.771271e+01 6.899874e+01 4.385696e-01
3.388442e-05 6.263746e+01 2.803137e+01 6.862368e+01 4.475177e-01
3.467369e-05 6.207377e+01 2.834241e+01 6.823815e+01 4.565924e-01
3.548134e-05 6.149796e+01 2.864526e+01 6.784210e+01 4.657919e-01
3.630781e-05 6.091029e+01 2.893933e+01 6.743551e+01 4.751140e-01
3.715352e-05 6.031100e+01 2.922406e+01 6.701837e+01 4.845560e-01
3.801894e-05 5.970042e+01 2.949889e+01 6.659072e+01 4.941152e-01
3.890451e-05 5.907887e+01 2.976326e+01 6.615258e+01 5.037885e-01
3.981072e-05 5.844673e+01 3.001662e+01 6.570402e+01 5.135724e-01
4.073803e-05 5.780441e+01 3.025846e+01 6.524511e+01 5.234629e-01
4.168694e-05 5.715236e+01 3.048826e+01 6.477596e+01 5.334558e-01
4.265795e-05 5.649105e+01 3.070552e+01 6.429671e+01 5.435466e-01
4.365158e-05 5.582099e+01 3.090977e+01 6.380750e+01 5.537303e-01
4.466836e-05 5.514273e+01 3.110057e+01 6.330850e+01 5.640014e-01
4.570882e-05 5.445684e+01 3.127750e+01 6.279992e+01 5.743540e-01
4.677351e-05 5.376392e+01 3.144017e+01 6.228197e+01 5.847821e-01
4.786301e-05 5.306460e+01 3.158823e+01 6.175490e+01 5.952788e-01
4.897788e-05 5.235952e+01 3.172134e+01 6.121898e+01 6.058370e-01
5.011872e-05 5.164938e+01 3.183922e+01 6.067449e+01 6.164493e-01
5.128614e-05 5.093485e+01 3.194163e+01 6.012176e+01 6.271076e-01
5.248075e-05 5.021665e+01 3.202835e+01 5.956112e+01 6.378034e-01
5.370318e-05 4.949550e+01 3.209921e+01 5.899291e+01 6.485279e-01
5.495409e-05 4.877213e+01 3.215409e+01 5.841752e+01 6.592717e-01
5.623413e-05 4.804730e+01 3.219290e+01 5.783533e+01 6.700252e-01
5.754399e-05 4.732174e+01 3.221560e+01 5.724676e+01 6.807780e-01
5.888437e-05 4.659621e+01 3.222219e+01 5.665224e+01 6.915197e-01
6.025596e-05 4.587144e+01 3.221273e+01 5.605220e+01 7.022392e-01
6.165950e-05 4.514819e+01 3.218728e+01 5.544709e+01 7.129253e-01
6.309573e-05 4.442718e+01 3.214600e+01 5.483739e+01 7.235661e-01
6.456542e-05 4.370914e+01 3.208905e+01 5.422357e+01 7.341497e-01
6.606934e-05 4.299477e+01 3.201664e+01 5.360611e+01 7.446637e-01
6.760830e-05 4.228476e+01 3.192903e+01 5.298551e+01 7.550956e-01
6.918310e-05 4.157979e+01 3.182652e+01 5.236225e+01 7.654324e-01
7.079458e-05 4.088049e+01 3.170941e+01 5.173685e+01 7.756612e-01
7.244360e-05 4.018750e+01 3.157808e+01 5.110979e+01 7.857688e-01
7.413102e-05 3.950140e+01 3.143292e+01 5.048158e+01 7.957420e-01
7.585776e-05 3.882277e+01 3.127435e+01 4.985271e+01 8.055672e-01
7.762471e-05 3.815214e+01 3.110282e+01 4.922369e+01 8.152313e-01
7.943282e-05 3.749001e+01 3.091880e+01 4.859499e+01 8.247209e-01
8.128305e-05 3.683685e+01 3.072277e+01 4.796710e+01 8.340227e-01
8.317638e-05 3.619310e+01 3.051527e+01 4.734049e+01 8.431239e-01
8.511380e-05 3.555916e+01 3.029681e+01 4.671563e+01 8.520113e-01
8.709636e-05 3.493539e+01 3.006793e+01 4.609297e+01 8.606727e-01
8.912509e-05 3.432212e+01 2.982920e+01 4.547295e+01 8.690956e-01
9.120108e-05 3.371964e+01 2.958117e+01 4.485599e+01 8.772682e-01
9.332543e-05 3.312821e+01 2.932440e+01 4.424250e+01 8.851792e-01
9.549926e-05 3.254805e+01 2.905948e+01 4.363289e+01 8.928177e-01
9.772372e-05 3.197935e+01 2.878696e+01 4.302752e+01 9.001732e-01
1.000000e-04 3.142226e+01 2.850741e+01 4.242677e+01 9.072361e-01
1.023293e-04 3.087690e+01 2.822140e+01 4.183097e+01 9.139973e-01
1.047129e-04 3.034335e+01 2.792949e+01 4.124045e+01 9.204484e-01
1.071519e-04 2.982167e+01 2.763222e+01 4.065552e+01 9.265819e-01
1.096478e-04 2.931189e+01 2.733013e+01 4.007646e+01 9.323908e-01
1.122018e-04 2.881400e+01 2.702376e+01 3.950355e+01 9.378692e-01
1.148154e-04 2.832798e+01 2.671362e+01 3.893702e+01 9.430118e-01
1.174898e-04 2.785377e+01 2.640020e+01 3.837712e+01 9.478143e-01
1.202264e-04 2.739130e+01 2.608400e+01 3.782404e+01 9.522733e-01
1.230269e-04 2.694045e+01 2.576548e+01 3.727798e+01 9.563862e-01
1.258925e-04 2.650113e+01 2.544509e+01 3.673911e+01 9.601513e-01
1.288250e-04 2.607317e+01 2.512327e+01 3.620758e+01 9.635677e-01
1.318257e-04 2.565644e+01 2.480042e+01 3.568352e+01 9.666355e-01
1.348963e-04 2.525075e+01 2.447695e+01 3.516705e+01 9.693556e-01
1.380384e-04 2.485592e+01 2.415324e+01 3.465827e+01 9.717297e-01
1.412538e-04 2.447176e+01 2.382962e+01 3.415725e+01 9.737602e-01
1.445440e-04 2.409804e+01 2.350645e+01 3.366406e+01 9.754506e-01
1.479108e-04 2.373457e+01 2.318403e+01 3.317875e+01 9.768046e-01
1.513561e-04 2.338110e+01 2.286267e+01 3.270134e+01 9.778270e-01
1.548817e-04 2.303741e+01 2.254264e+01 3.223187e+01 9.785231e-01
1.584893e-04 2.270327e+01 2.222420e+01 3.177032e+01 9.788987e-01
1.621810e-04 2.237842e+01 2.190758e+01 3.131670e+01 9.789602e-01
1.659587e-04 2.206263e+01 2.159301e+01 3.087099e+01 9.787145e-01
1.698244e-04 2.175565e+01 2.128069e+01 3.043314e+01 9.781687e-01
1.737801e-04 2.145723e+01 2.097081e+01 3.000312e+01 9.773306e-01
1.778279e-04 2.116713e+01 2.066352e+01 2.958088e+01 9.762081e-01
1.819701e-04 2.088511e+01 2.035900e+01 2.916636e+01 9.748093e-01
1.862087e-04 2.061091e+01 2.005736e+01 2.875948e+01 9.731426e-01
1.905461e-04 2.034432e+01 1.975874e+01 2.836017e+01 9.712165e-01
1.949845e-04 2.008508e+01 1.946324e+01 2.796834e+01 9.690395e-01
1.995262e-04 1.983297e+01 1.917095e+01 2.758391e+01 9.666203e-01
2.041738e-04 1.958777e+01 1.888197e+01 2.720679e+01 9.639675e-01
2.089296e-04 1.934924e+01 1.859636e+01 2.683687e+01 9.610898e-01
2.137962e-04 1.911719e+01 1.831418e+01 2.647406e+01 9.579955e-01
2.187762e-04 1.889139e+01 1.803548e+01 2.611825e+01 9.546931e-01
2.238721e-04 1.867165e+01 1.776030e+01 2.576933e+01 9.511909e-01
2.290868e-04 1.845776e+01 1.748867e+01 2.542720e+01 9.474970e-01
2.344229e-04 1.824955e+01 1.722063e+01 2.509175e+01 9.436192e-01
2.398833e-04 1.804683e+01 1.695617e+01 2.476287e+01 9.395654e-01
2.454709e-04 1.784942e+01 1.669533e+01 2.444045e+01 9.353430e-01
2.511886e-04 1.765715e+01 1.643809e+01 2.412438e+01 9.309595e-01
2.570396e-04 1.746987e+01 1.618447e+01 2.381456e+01 9.264219e-01
2.630268e-04 1.728741e+01 1.593445e+01 2.351088e+01 9.217371e-01
2.691535e-04 1.710964e+01 1.568803e+01 2.321323e+01 9.169120e-01
2.754229e-04 1.693640e+01 1.544521e+01 2.292152e+01 9.119531e-01
2.818383e-04 1.676757e+01 1.520595e+01 2.263564e+01 9.068667e-01
2.884032e-04 1.660301e+01 1.497025e+01 2.235550e+01 9.016592e-01
2.951209e-04 1.644259e+01 1.473810e+01 2.208100e+01 8.963364e-01
3.019952e-04 1.628621e+01 1.450946e+01 2.181204e+01 8.909046e-01
3.090295e-04 1.613375e+01 1.428433e+01 2.154855e+01 8.853694e-01
3.162278e-04 1.598509e+01 1.406267e+01 2.129042e+01 8.797367e-01
3.235937e-04 1.584014e+01 1.384448e+01 2.103758e+01 8.740122e-01
3.311311e-04 1.569880e+01 1.362973e+01 2.078995e+01 8.682016e-01
3.388442e-04 1.556097e+01 1.341839e+01 2.054743e+01 8.623105e-01
3.467369e-04 1.542656e+01 1.321045e+01 2.030997e+01 8.563446e-01
3.548134e-04 1.529548e+01 1.300589e+01 2.007748e+01 8.503095e-01
3.630781e-04 1.516765e+01 1.280469e+01 1.984988e+01 8.442108e-01
3.715352e-04 1.504298e+01 1.260683e+01 1.962711e+01 8.380544e-01
3.801894e-04 1.492139e+01 1.241230e+01 1.940909e+01 8.318460e-01
3.890451e-04 1.480280e+01 1.222107e+01 1.919577e+01 8.255914e-01
3.981072e-04 1.468714e+01 1.203313e+01 1.898706e+01 8.192965e-01
4.073803e-04 1.457434e+01 1.184846e+01 1.878290e+01 8.129674e-01
4.168694e-04 1.446431e+01 1.166706e+01 1.858323e+01 8.066100e-01
4.265795e-04 1.435698e+01 1.148890e+01 1.838798e+01 8.002306e-01
4.365158e-04 1.425229e+01 1.131397e+01 1.819708e+01 7.938353e-01
4.466836e-04 1.415016e+01 1.114227e+01 1.801048e+01 7.874303e-01
4.570882e-04 1.405052e+01 1.097377e+01 1.782809e+01 7.810222e-01
4.677351e-04 1.395331e+01 1.080847e+01 1.764987e+01 7.746172e-01
4.786301e-04 1.385844e+01 1.064636e+01 1.747573e+01 7.682219e-01
4.897788e-04 1.376585e+01 1.048741e+01 1.730562e+01 7.618427e-01
5.011872e-04 1.367547e+01 1.033163e+01 1.713946e+01 7.554862e-01
5.128614e-04 1.358724e+01 1.017900e+01 1.697719e+01 7.491587e-01
5.248075e-04 1.350107e+01 1.002950e+01 1.681873e+01 7.428670e-01
5.370318e-04 1.341690e+01 9.883125e+00 1.666402e+01 7.366174e-01
5.495409e-04 1.333467e+01 9.739860e+00 1.651297e+01 7.304165e-01
5.623413e-04 1.325429e+01 9.599692e+00 1.636552e+01 7.242705e-01
5.754399e-04 1.317571e+01 9.462605e+00 1.622159e+01 7.181858e-01
5.888437e-04 1.309884e+01 9.328583e+00 1.608111e+01 7.121687e-01
6.025596e-04 1.302362e+01 9.197610e+00 1.594399e+01 7.062252e-01
6.165950e-04 1.294998e+01 9.069668e+00 1.581015e+01 7.003613e-01
6.309573e-04 1.287785e+01 8.944737e+00 1.567952e+01 6.945829e-01
6.456542e-04 1.280716e+01 8.822798e+00 1.555201e+01 6.888957e-01
6.606934e-04 1.273784e+01 8.703830e+00 1.542755e+01 6.833051e-01
6.760830e-04 1.266981e+01 8.587809e+00 1.530603e+01 6.778166e-01
6.918310e-04 1.260302e+01 8.474712e+00 1.518739e+01 6.724351e-01
7.079458e-04 1.253738e+01 8.364512e+00 1.507153e+01 6.671658e-01
7.244360e-04 1.247284e+01 8.257183e+00 1.495837e+01 6.620132e-01
7.413102e-04 1.240932e+01 8.152697e+00 1.484782e+01 6.569818e-01
7.585776e-04 1.234676e+01 8.051022e+00 1.473979e+01 6.520759e-01
7.762471e-04 1.228508e+01 7.952128e+00 1.463419e+01 6.472995e-01
7.943282e-04 1.222423e+01 7.855981e+00 1.453094e+01 6.426563e-01
8.128305e-04 1.216414e+01 7.762548e+00 1.442995e+01 6.381499e-01
8.317638e-04 1.210475e+01 7.671791e+00 1.433113e+01 6.337835e-01
8.511380e-04 1.204599e+01 7.583675e+00 1.423439e+01 6.295601e-01
8.709636e-04 1.198780e+01 7.498159e+00 1.413965e+01 6.254824e-01
8.912509e-04 1.193012e+01 7.415203e+00 1.404682e+01 6.215530e-01
9.120108e-04 1.187290e+01 7.334767e+00 1.395580e+01 6.177740e-01
9.332543e-04 1.181606e+01 7.256806e+00 1.386653e+01 6.141475e-01
9.549926e-04 1.175957e+01 7.181278e+00 1.377890e+01 6.106752e-01
9.772372e-04 1.170336e+01 7.108136e+00 1.369285e+01 6.073587e-01
1.000000e-03 1.164738e+01 7.037334e+00 1.360829e+01 6.041990e-01
1.023293e-03 1.159157e+01 6.968824e+00 1.352513e+01 6.011974e-01
1.047129e-03 1.153590e+01 6.902558e+00 1.344330e+01 5.983547e-01
1.071519e-03 1.148030e+01 6.838486e+00 1.336272e+01 5.956713e-01
1.096478e-03 1.142474e+01 6.776558e+00 1.328331e+01 5.931477e-01
1.122018e-03 1.136917e+01 6.716723e+00 1.320501e+01 5.907842e-01
1.148154e-03 1.131354e+01 6.658929e+00 1.312774e+01 5.885806e-01
1.174898e-03 1.125781e+01 6.603123e+00 1.305142e+01 5.865369e-01
1.202264e-03 1.120195e+01 6.549251e+00 1.297600e+01 5.846526e-01
1.230269e-03 1.114592e+01 6.497262e+00 1.290140e+01 5.829272e-01
1.258925e-03 1.108968e+01 6.447099e+00 1.282755e+01 5.813601e-01
1.288250e-03 1.103320e+01 6.398709e+00 1.275441e+01 5.799504e-01
1.318257e-03 1.097645e+01 6.352038e+00 1.268191e+01 5.786972e-01
1.348963e-03 1.091939e+01 6.307030e+00 1.260998e+01 5.775993e-01
1.380384e-03 1.086200e+01 6.263630e+00 1.253858e+01 5.766556e-01
1.412538e-03 1.080425e+01 6.221784e+00 1.246765e+01 5.758647e-01
1.445440e-03 1.074611e+01 6.181436e+00 1.239714e+01 5.752253e-01
1.479108e-03 1.068758e+01 6.142532e+00 1.232700e+01 5.747358e-01
1.513561e-03 1.062861e+01 6.105016e+00 1.225719e+01 5.743945e-01
1.548817e-03 1.056920e+01 6.068834e+00 1.218765e+01 5.741999e-01
1.584893e-03 1.050933e+01 6.033932e+00 1.211835e+01 5.741502e-01
1.621810e-03 1.044897e+01 6.000256e+00 1.204924e+01 5.742436e-01
1.659587e-03 1.038813e+01 5.967751e+00 1.198028e+01 5.744781e-01
1.698244e-03 1.032677e+01 5.936365e+00 1.191145e+01 5.748518e-01
1.737801e-03 1.026490e+01 5.906044e+00 1.184270e+01 5.753629e-01
1.778279e-03 1.020250e+01 5.876735e+00 1.177400e+01 5.760091e-01
1.819701e-03 1.013957e+01 5.848387e+00 1.170532e+01 5.767884e-01
1.862087e-03 1.007610e+01 5.820949e+00 1.163663e+01 5.776987e-01
1.905461e-03 1.001208e+01 5.794368e+00 1.156790e+01 5.787379e-01
1.949845e-03 9.947504e+00 5.768594e+00 1.149911e+01 5.799037e-01
1.995262e-03 9.882379e+00 5.743577e+00 1.143023e+01 5.811938e-01
2.041738e-03 9.816700e+00 5.719268e+00 1.136123e+01 5.826060e-01
2.089296e-03 9.750467e+00 5.695617e+00 1.129211e+01 5.841379e-01
2.137962e-03 9.683683e+00 5.672577e+00 1.122283e+01 5.857871e-01
2.187762e-03 9.616351e+00 5.650099e+00 1.115338e+01 5.875512e-01
2.238721e-03 9.548474e+00 5.628135e+00 1.108374e+01 5.894278e-01
2.290868e-03 9.480059e+00 5.606641e+00 1.101390e+01 5.914142e-01
2.344229e-03 9.411112e+00 5.585569e+00 1.094384e+01 5.935079e-01
2.398833e-03 9.341643e+00 5.564875e+00 1.087355e+01 5.957062e-01
2.454709e-03 9.271661e+00 5.544514e+00 1.080302e+01 5.980065e-01
2.511886e-03 9.201177e+00 5.524442e+00 1.073225e+01 6.004060e-01
2.570396e-03 9.130203e+00 5.504616e+00 1.066121e+01 6.029019e-01
2.630268e-03 9.058754e+00 5.484995e+00 1.058991e+01 6.054911e-01
2.691535e-03 8.986844e+00 5.465536e+00 1.051834e+01 6.081708e-01
2.754229e-03 8.914490e+00 5.446200e+00 1.044649e+01 6.109379e-01
2.818383e-03 8.841710e+00 5.426947e+00 1.037437e+01 6.137893e-01
2.884032e-03 8.768522e+00 5.407739e+00 1.030197e+01 6.167218e-01
2.951209e-03 8.694949e+00 5.388538e+00 1.022929e+01 6.197320e-01
3.019952e-03 8.621010e+00 5.369309e+00 1.015634e+01 6.228167e-01
3.090295e-03 8.546729e+00 5.350016e+00 1.008312e+01 6.259723e-01
3.162278e-03 8.472131e+00 5.330626e+00 1.000962e+01 6.291953e-01
3.235937e-03 8.397242e+00 5.311106e+00 9.935870e+00 6.324822e-01
3.311311e-03 8.322087e+00 5.291427e+00 9.861862e+00 6.358293e-01
3.388442e-03 8.246695e+00 5.271558e+00 9.787610e+00 6.392328e-01
3.467369e-03 8.171095e+00 5.251473e+00 9.713123e+00 6.426889e-01
3.548134e-03 8.095317e+00 5.231144e+00 9.638414e+00 6.461939e-01
3.630781e-03 8.019392e+00 5.210549e+00 9.563497e+00 6.497437e-01
3.715352e-03 7.943351e+00 5.189665e+00 9.488385e+00 6.533345e-01
3.801894e-03 7.867228e+00 5.168472e+00 9.413096e+00 6.569623e-01
3.890451e-03 7.791055e+00 5.146951e+00 9.337646e+00 6.606231e-01
3.981072e-03 7.714867e+00 5.125085e+00 9.262055e+00 6.643129e-01
4.073803e-03 7.638697e+00 5.102861e+00 9.186342e+00 6.680277e-01
4.168694e-03 7.562580e+00 5.080267e+00 9.110529e+00 6.717637e-01
4.265795e-03 7.486552e+00 5.057292e+00 9.034637e+00 6.755169e-01
4.365158e-03 7.410647e+00 5.033929e+00 8.958690e+00 6.792834e-01
4.466836e-03 7.334899e+00 5.010172e+00 8.882712e+00 6.830594e-01
4.570882e-03 7.259344e+00 4.986018e+00 8.806728e+00 6.868413e-01
4.677351e-03 7.184016e+00 4.961465e+00 8.730763e+00 6.906255e-01
4.786301e-03 7.108948e+00 4.936514e+00 8.654843e+00 6.944086e-01
4.897788e-03 7.034173e+00 4.911170e+00 8.578997e+00 6.981872e-01
5.011872e-03 6.959725e+00 4.885435e+00 8.503249e+00 7.019581e-01
5.128614e-03 6.885633e+00 4.859319e+00 8.427629e+00 7.057185e-01
5.248075e-03 6.811929e+00 4.832830e+00 8.352163e+00 7.094657e-01
5.370318e-03 6.738642e+00 4.805979e+00 8.276879e+00 7.131969e-01
5.495409e-03 6.665799e+00 4.778778e+00 8.201804e+00 7.169100e-01
5.623413e-03 6.593426e+00 4.751243e+00 8.126966e+00 7.206030e-01
5.754399e-03 6.521549e+00 4.723389e+00 8.052391e+00 7.242740e-01
5.888437e-03 6.450191e+00 4.695233e+00 7.978106e+00 7.279216e-01
6.025596e-03 6.379372e+00 4.666795e+00 7.904136e+00 7.315445e-01
6.165950e-03 6.309113e+00 4.638093e+00 7.830505e+00 7.351419e-01
6.309573e-03 6.239431e+00 4.609149e+00 7.757239e+00 7.387131e-01
6.456542e-03 6.170342e+00 4.579985e+00 7.684359e+00 7.422579e-01
6.606934e-03 6.101859e+00 4.550622e+00 7.611889e+00 7.457763e-01
6.760830e-03 6.033995e+00 4.521084e+00 7.539848e+00 7.492687e-01
6.918310e-03 5.966760e+00 4.491394e+00 7.468255e+00 7.527358e-01
7.079458e-03 5.900160e+00 4.461574e+00 7.397130e+00 7.561785e-01
7.244360e-03 5.834202e+00 4.431649e+00 7.326488e+00 7.595982e-01
7.413102e-03 5.768890e+00 4.401642e+00 7.256345e+00 7.629965e-01
7.585776e-03 5.704225e+00 4.371576e+00 7.186714e+00 7.663752e-01
7.762471e-03 5.640208e+00 4.341474e+00 7.117608e+00 7.697365e-01
7.943282e-03 5.576837e+00 4.311357e+00 7.049036e+00 7.730829e-01
8.128305e-03 5.514108e+00 4.281247e+00 6.981007e+00 7.764170e-01
8.317638e-03 5.452016e+00 4.251165e+00 6.913529e+00 7.797418e-01
8.511380e-03 5.390556e+00 4.221131e+00 6.846608e+00 7.830604e-01
8.709636e-03 5.329718e+00 4.191163e+00 6.780246e+00 7.863761e-01
8.912509e-03 5.269494e+00 4.161278e+00 6.714447e+00 7.896923e-01
9.120108e-03 5.209872e+00 4.131494e+00 6.649211e+00 7.930127e-01
9.332543e-03 5.150841e+00 4.101826e+00 6.584538e+00 7.963409e-01
9.549926e-03 5.092389e+00 4.072286e+00 6.520425e+00 7.996809e-01
9.772372e-03 5.034502e+00 4.042888e+00 6.456869e+00 8.030364e-01
1.000000e-02 4.977166e+00 4.013643e+00 6.393865e+00 8.064113e-01
1.023293e-02 4.920366e+00 3.984560e+00 6.331408e+00 8.098096e-01
1.047129e-02 4.864088e+00 3.955647e+00 6.269489e+00 8.132351e-01
1.071519e-02 4.808315e+00 3.926911e+00 6.208101e+00 8.166917e-01
1.096478e-02 4.753032e+00 3.898357e+00 6.147235e+00 8.201832e-01
1.122018e-02 4.698224e+00 3.869989e+00 6.086881e+00 8.237131e-01
1.148154e-02 4.643875e+00 3.841809e+00 6.027028e+00 8.272852e-01
1.174898e-02 4.589969e+00 3.813818e+00 5.967665e+00 8.309026e-01
1.202264e-02 4.536492e+00 3.786015e+00 5.908779e+00 8.345688e-01
1.230269e-02 4.483429e+00 3.758399e+00 5.850359e+00 8.382867e-01
1.258925e-02 4.430766e+00 3.730968e+00 5.792393e+00 8.420592e-01
1.288250e-02 4.378490e+00 3.703716e+00 5.734866e+00 8.458889e-01
1.318257e-02 4.326587e+00 3.676639e+00 5.677767e+00 8.497782e-01
1.348963e-02 4.275046e+00 3.649732e+00 5.621082e+00 8.537291e-01
1.380384e-02 4.223856e+00 3.622986e+00 5.564799e+00 8.577437e-01
1.412538e-02 4.173007e+00 3.596395e+00 5.508905e+00 8.618234e-01
1.445440e-02 4.122488e+00 3.569949e+00 5.453388e+00 8.659695e-01
1.479108e-02 4.072293e+00 3.543641e+00 5.398236e+00 8.701831e-01
1.513561e-02 4.022413e+00 3.517459e+00 5.343438e+00 8.744650e-01
1.548817e-02 3.972843e+00 3.491396e+00 5.288982e+00 8.788154e-01
1.584893e-02 3.923578e+00 3.465440e+00 5.234858e+00 8.832346e-01
1.621810e-02 3.874614e+00 3.439581e+00 5.181057e+00 8.877223e-01
1.659587e-02 3.825947e+00 3.413809e+00 5.127569e+00 8.922783e-01
1.698244e-02 3.777576e+00 3.388114e+00 5.074386e+00 8.969016e-01
1.737801e-02 3.729500e+00 3.362485e+00 5.021501e+00 9.015914e-01
1.778279e-02 3.681719e+00 3.336912e+00 4.968907e+00 9.063464e-01
1.819701e-02 3.634234e+00 3.311386e+00 4.916598e+00 9.111650e-01
1.862087e-02 3.587047e+00 3.285898e+00 4.864569e+00 9.160455e-01
1.905461e-02 3.540161e+00 3.260439e+00 4.812816e+00 9.209859e-01
1.949845e-02 3.493580e+00 3.234999e+00 4.761336e+00 9.259841e-01
1.995262e-02 3.447307e+00 3.209573e+00 4.710126e+00 9.310377e-01
2.041738e-02 3.401349e+00 3.184153e+00 4.659185e+00 9.361442e-01
2.089296e-02 3.355709e+00 3.158732e+00 4.608510e+00 9.413009e-01
2.137962e-02 3.310394e+00 3.133305e+00 4.558104e+00 9.465049e-01
2.187762e-02 3.265411e+00 3.107866e+00 4.507965e+00 9.517534e-01
2.238721e-02 3.220766e+00 3.082413e+00 4.458095e+00 9.570434e-01
2.290868e-02 3.176467e+00 3.056942e+00 4.408496e+00 9.623719e-01
2.344229e-02 3.132519e+00 3.031450e+00 4.359170e+00 9.677356e-01
2.398833e-02 3.088930e+00 3.005936e+00 4.310121e+00 9.731316e-01
2.454709e-02 3.045708e+00 2.980398e+00 4.261351e+00 9.785567e-01
2.511886e-02 3.002859e+00 2.954837e+00 4.212864e+00 9.840078e-01
2.570396e-02 2.960391e+00 2.929253e+00 4.164666e+00 9.894819e-01
2.630268e-02 2.918310e+00 2.903648e+00 4.116759e+00 9.949759e-01
2.691535e-02 2.876621e+00 2.878023e+00 4.069148e+00 1.000487e+00
2.754229e-02 2.835333e+00 2.852381e+00 4.021839e+00 1.006013e+00
2.818383e-02 2.794450e+00 2.826724e+00 3.974836e+00 1.011550e+00
2.884032e-02 2.753977e+00 2.801058e+00 3.928144e+00 1.017096e+00
2.951209e-02 2.713919e+00 2.775385e+00 3.881767e+00 1.022648e+00
3.019952e-02 2.674281e+00 2.749710e+00 3.835712e+00 1.028205e+00
3.090295e-02 2.635067e+00 2.724037e+00 3.789981e+00 1.033764e+00
3.162278e-02 2.596280e+00 2.698373e+00 3.744581e+00 1.039323e+00
3.235937e-02 2.557922e+00 2.672721e+00 3.699514e+00 1.044880e+00
3.311311e-02 2.519996e+00 2.647088e+00 3.654786e+00 1.050433e+00
3.388442e-02 2.482505e+00 2.621479e+00 3.610399e+00 1.055982e+00
3.467369e-02 2.445448e+00 2.595899e+00 3.566358e+00 1.061523e+00
3.548134e-02 2.408827e+00 2.570354e+00 3.522665e+00 1.067057e+00
3.630781e-02 2.372642e+00 2.544850e+00 3.479323e+00 1.072581e+00
3.715352e-02 2.336893e+00 2.519391e+00 3.436335e+00 1.078094e+00
3.801894e-02 2.301579e+00 2.493983e+00 3.393703e+00 1.083596e+00
3.890451e-02 2.266700e+00 2.468631e+00 3.351428e+00 1.089086e+00
3.981072e-02 2.232255e+00 2.443341e+00 3.309513e+00 1.094562e+00
4.073803e-02 2.198240e+00 2.418115e+00 3.267957e+00 1.100023e+00
4.168694e-02 2.164656e+00 2.392959e+00 3.226762e+00 1.105469e+00
4.265795e-02 2.131499e+00 2.367877e+00 3.185927e+00 1.110898e+00
4.365158e-02 2.098768e+00 2.342873e+00 3.145454e+00 1.116309e+00
4.466836e-02 2.066460e+00 2.317950e+00 3.105342e+00 1.121701e+00
4.570882e-02 2.034572e+00 2.293112e+00 3.065590e+00 1.127074e+00
4.677351e-02 2.003101e+00 2.268361e+00 3.026198e+00 1.132424e+00
4.786301e-02 1.972046e+00 2.243700e+00 2.987165e+00 1.137752e+00
4.897788e-02 1.941404e+00 2.219131e+00 2.948490e+00 1.143055e+00
5.011872e-02 1.911172e+00 2.194658e+00 2.910172e+00 1.148331e+00
5.128614e-02 1.881347e+00 2.170281e+00 2.872209e+00 1.153578e+00
5.248075e-02 1.851927e+00 2.146003e+00 2.834601e+00 1.158794e+00
5.370318e-02 1.822910e+00 2.121825e+00 2.797345e+00 1.163976e+00
5.495409e-02 1.794294e+00 2.097748e+00 2.760442e+00 1.169122e+00
5.623413e-02 1.766077e+00 2.073775e+00 2.723888e+00 1.174227e+00
5.754399e-02 1.738256e+00 2.049906e+00 2.687684e+00 1.179289e+00
5.888437e-02 1.710830e+00 2.026142e+00 2.651828e+00 1.184304e+00
6.025596e-02 1.683797e+00 2.002485e+00 2.616318e+00 1.189267e+00
6.165950e-02 1.657157e+00 1.978937e+00 2.581155e+00 1.194176e+00
6.309573e-02 1.630908e+00 1.955497e+00 2.546337e+00 1.199024e+00
6.456542e-02 1.605049e+00 1.932169e+00 2.511863e+00 1.203807e+00
6.606934e-02 1.579579e+00 1.908952e+00 2.477734e+00 1.208520e+00
6.760830e-02 1.554497e+00 1.885849e+00 2.443949e+00 1.213157e+00
6.918310e-02 1.529802e+00 1.862862e+00 2.410508e+00 1.217714e+00
7.079458e-02 1.505495e+00 1.839991e+00 2.377411e+00 1.222184e+00
7.244360e-02 1.481574e+00 1.817240e+00 2.344659e+00 1.226561e+00
7.413102e-02 1.458039e+00 1.794611e+00 2.312252e+00 1.230839e+00
7.585776e-02 1.434890e+00 1.772106e+00 2.280191e+00 1.235012e+00
7.762471e-02 1.412126e+00 1.749728e+00 2.248476e+00 1.239073e+00
7.943282e-02 1.389746e+00 1.727479e+00 2.217110e+00 1.243018e+00
8.128305e-02 1.367750e+00 1.705363e+00 2.186093e+00 1.246838e+00
8.317638e-02 1.346137e+00 1.683383e+00 2.155427e+00 1.250529e+00
8.511380e-02 1.324907e+00 1.661543e+00 2.125113e+00 1.254083e+00
8.709636e-02 1.304058e+00 1.639847e+00 2.095153e+00 1.257495e+00
8.912509e-02 1.283589e+00 1.618298e+00 2.065548e+00 1.260760e+00
9.120108e-02 1.263499e+00 1.596900e+00 2.036301e+00 1.263872e+00
9.332543e-02 1.243786e+00 1.575659e+00 2.007412e+00 1.266825e+00
9.549926e-02 1.224448e+00 1.554577e+00 1.978884e+00 1.269614e+00
9.772372e-02 1.205484e+00 1.533661e+00 1.950719e+00 1.272237e+00
1.000000e-01 1.186890e+00 1.512913e+00 1.922918e+00 1.274687e+00
1.023293e-01 1.168665e+00 1.492340e+00 1.895483e+00 1.276962e+00
1.047129e-01 1.150804e+00 1.471946e+00 1.868415e+00 1.279059e+00
1.071519e-01 1.133306e+00 1.451736e+00 1.841716e+00 1.280974e+00
1.096478e-01 1.116166e+00 1.431714e+00 1.815387e+00 1.282707e+00
1.122018e-01 1.099380e+00 1.411885e+00 1.789429e+00 1.284255e+00
1.148154e-01 1.082945e+00 1.392254e+00 1.763842e+00 1.285618e+00
1.174898e-01 1.066855e+00 1.372825e+00 1.738628e+00 1.286796e+00
1.202264e-01 1.051106e+00 1.353603e+00 1.713786e+00 1.287789e+00
1.230269e-01 1.035693e+00 1.334592e+00 1.689318e+00 1.288599e+00
1.258925e-01 1.020610e+00 1.315797e+00 1.665222e+00 1.289226e+00
1.288250e-01 1.005852e+00 1.297221e+00 1.641499e+00 1.289674e+00
1.318257e-01 9.914124e-01 1.278868e+00 1.618148e+00 1.289946e+00
1.348963e-01 9.772858e-01 1.260742e+00 1.595167e+00 1.290044e+00
1.380384e-01 9.634656e-01 1.242846e+00 1.572556e+00 1.289975e+00
1.412538e-01 9.499452e-01 1.225184e+00 1.550313e+00 1.289741e+00
1.445440e-01 9.367178e-01 1.207757e+00 1.528436e+00 1.289350e+00
1.479108e-01 9.237766e-01 1.190569e+00 1.506923e+00 1.288806e+00
1.513561e-01 9.111144e-01 1.173622e+00 1.485772e+00 1.288117e+00
1.548817e-01 8.987241e-01 1.156918e+00 1.464979e+00 1.287289e+00
1.584893e-01 8.865985e-01 1.140458e+00 1.444542e+00 1.286330e+00
1.621810e-01 8.747302e-01 1.124245e+00 1.424458e+00 1.285247e+00
1.659587e-01 8.631117e-01 1.108278e+00 1.404722e+00 1.284050e+00
1.698244e-01 8.517357e-01 1.092560e+00 1.385331e+00 1.282745e+00
1.737801e-01 8.405947e-01 1.077090e+00 1.366280e+00 1.281342e+00
1.778279e-01 8.296812e-01 1.061868e+00 1.347566e+00 1.279851e+00
1.819701e-01 8.189878e-01 1.046895e+00 1.329184e+00 1.278279e+00
1.862087e-01 8.085071e-01 1.032170e+00 1.311129e+00 1.276637e+00
1.905461e-01 7.982317e-01 1.017692e+00 1.293395e+00 1.274933e+00
1.949845e-01 7.881544e-01 1.003461e+00 1.275979e+00 1.273178e+00
1.995262e-01 7.782681e-01 9.894750e-01 1.258873e+00 1.271381e+00
2.041738e-01 7.685656e-01 9.757328e-01 1.242074e+00 1.269550e+00
2.089296e-01 7.590400e-01 9.622326e-01 1.225575e+00 1.267697e+00
2.137962e-01 7.496845e-01 9.489724e-01 1.209370e+00 1.265829e+00
2.187762e-01 7.404925e-01 9.359502e-01 1.193454e+00 1.263956e+00
2.238721e-01 7.314574e-01 9.231634e-01 1.177820e+00 1.262088e+00
2.290868e-01 7.225729e-01 9.106096e-01 1.162463e+00 1.260232e+00
2.344229e-01 7.138327e-01 8.982858e-01 1.147377e+00 1.258398e+00
2.398833e-01 7.052310e-01 8.861893e-01 1.132556e+00 1.256594e+00
2.454709e-01 6.967619e-01 8.743168e-01 1.117992e+00 1.254829e+00
2.511886e-01 6.884197e-01 8.626652e-01 1.103682e+00 1.253109e+00
2.570396e-01 6.801991e-01 8.512310e-01 1.089617e+00 1.251444e+00
2.630268e-01 6.720948e-01 8.400107e-01 1.075792e+00 1.249840e+00
2.691535e-01 6.641017e-01 8.290007e-01 1.062202e+00 1.248304e+00
2.754229e-01 6.562151e-01 8.181974e-01 1.048840e+00 1.246843e+00
2.818383e-01 6.484304e-01 8.075969e-01 1.035700e+00 1.245464e+00
2.884032e-01 6.407430e-01 7.971954e-01 1.022777e+00 1.244173e+00
2.951209e-01 6.331488e-01 7.869889e-01 1.010064e+00 1.242976e+00
3.019952e-01 6.256437e-01 7.769736e-01 9.975560e-01 1.241879e+00
3.090295e-01 6.182239e-01 7.671454e-01 9.852476e-01 1.240886e+00
3.162278e-01 6.108858e-01 7.575002e-01 9.731331e-01 1.240003e+00
3.235937e-01 6.036258e-01 7.480341e-01 9.612071e-01 1.239235e+00
3.311311e-01 5.964408e-01 7.387430e-01 9.494645e-01 1.238586e+00
3.388442e-01 5.893276e-01 7.296229e-01 9.379001e-01 1.238060e+00
3.467369e-01 5.822834e-01 7.206696e-01 9.265088e-01 1.237661e+00
3.548134e-01 5.753053e-01 7.118793e-01 9.152859e-01 1.237394e+00
3.630781e-01 5.683909e-01 7.032479e-01 9.042266e-01 1.237261e+00
3.715352e-01 5.615377e-01 6.947713e-01 8.933262e-01 1.237266e+00
3.801894e-01 5.547435e-01 6.864458e-01 8.825804e-01 1.237411e+00
3.890451e-01 5.480062e-01 6.782674e-01 8.719847e-01 1.237700e+00
3.981072e-01 5.413238e-01 6.702322e-01 8.615350e-01 1.238135e+00
4.073803e-01 5.346945e-01 6.623364e-01 8.512272e-01 1.238719e+00
4.168694e-01 5.281168e-01 6.545765e-01 8.410575e-01 1.239454e+00
4.265795e-01 5.215890e-01 6.469485e-01 8.310219e-01 1.240342e+00
4.365158e-01 5.151097e-01 6.394490e-01 8.211170e-01 1.241384e+00
4.466836e-01 5.086777e-01 6.320745e-01 8.113391e-01 1.242583e+00
4.570882e-01 5.022918e-01 6.248213e-01 8.016849e-01 1.243941e+00
4.677351e-01 4.959509e-01 6.176862e-01 7.921512e-01 1.245459e+00
4.786301e-01 4.896540e-01 6.106659e-01 7.827348e-01 1.247137e+00
4.897788e-01 4.834004e-01 6.037570e-01 7.734329e-01 1.248979e+00
5.011872e-01 4.771891e-01 5.969565e-01 7.642424e-01 1.250985e+00
5.128614e-01 4.710197e-01 5.902612e-01 7.551608e-01 1.253156e+00
5.248075e-01 4.648914e-01 5.836683e-01 7.461854e-01 1.255494e+00
5.370318e-01 4.588037e-01 5.771748e-01 7.373137e-01 1.257999e+00
5.495409e-01 4.527562e-01 5.707778e-01 7.285434e-01 1.260674e+00
5.623413e-01 4.467485e-01 5.644748e-01 7.198722e-01 1.263518e+00
5.754399e-01 4.407802e-01 5.582630e-01 7.112979e-01 1.266534e+00
5.888437e-01 4.348510e-01 5.521399e-01 7.028186e-01 1.269722e+00
6.025596e-01 4.289608e-01 5.461031e-01 6.944321e-01 1.273084e+00
6.165950e-01 4.231093e-01 5.401502e-01 6.861368e-01 1.276621e+00
6.309573e-01 4.172963e-01 5.342789e-01 6.779308e-01 1.280335e+00
6.456542e-01 4.115217e-01 5.284871e-01 6.698125e-01 1.284226e+00
6.606934e-01 4.057855e-01 5.227726e-01 6.617802e-01 1.288298e+00
6.760830e-01 4.000874e-01 5.171333e-01 6.538324e-01 1.292551e+00
6.918310e-01 3.944275e-01 5.115674e-01 6.459677e-01 1.296987e+00
7.079458e-01 3.888056e-01 5.060730e-01 6.381847e-01 1.301609e+00
7.244360e-01 3.832217e-01 5.006482e-01 6.304820e-01 1.306419e+00
7.413102e-01 3.776757e-01 4.952914e-01 6.228583e-01 1.311420e+00
7.585776e-01 3.721676e-01 4.900008e-01 6.153125e-01 1.316613e+00
7.762471e-01 3.666973e-01 4.847748e-01 6.078433e-01 1.322003e+00
7.943282e-01 3.612647e-01 4.796119e-01 6.004496e-01 1.327592e+00
8.128305e-01 3.558697e-01 4.745106e-01 5.931303e-01 1.333383e+00
8.317638e-01 3.505123e-01 4.694694e-01 5.858843e-01 1.339381e+00
8.511380e-01 3.451923e-01 4.644868e-01 5.787104e-01 1.345589e+00
8.709636e-01 3.399097e-01 4.595616e-01 5.716078e-01 1.352011e+00
8.912509e-01 3.346642e-01 4.546924e-01 5.645753e-01 1.358653e+00
9.120108e-01 3.294558e-01 4.498778e-01 5.576120e-01 1.365518e+00
9.332543e-01 3.242842e-01 4.451166e-01 5.507168e-01 1.372613e+00
9.549926e-01 3.191493e-01 4.404075e-01 5.438888e-01 1.379942e+00
9.772372e-01 3.140509e-01 4.357493e-01 5.371270e-01 1.387511e+00
1.000000e+00 3.089889e-01 4.311406e-01 5.304304e-01 1.395327e+00
1.023293e+00 3.039630e-01 4.265804e-01 5.237980e-01 1.403396e+00
1.047129e+00 2.989730e-01 4.220674e-01 5.172289e-01 1.411724e+00
1.071519e+00 2.940187e-01 4.176003e-01 5.107221e-01 1.420319e+00
1.096478e+00 2.890998e-01 4.131781e-01 5.042765e-01 1.429188e+00
1.122018e+00 2.842163e-01 4.087994e-01 4.978914e-01 1.438339e+00
1.148154e+00 2.793678e-01 4.044631e-01 4.915656e-01 1.447780e+00
1.174898e+00 2.745542e-01 4.001679e-01 4.852982e-01 1.457519e+00
1.202264e+00 2.697753e-01 3.959127e-01 4.790882e-01 1.467565e+00
1.230269e+00 2.650308e-01 3.916962e-01 4.729347e-01 1.477927e+00
1.258925e+00 2.603208e-01 3.875173e-01 4.668367e-01 1.488614e+00
1.288250e+00 2.556449e-01 3.833747e-01 4.607933e-01 1.499637e+00
1.318257e+00 2.510032e-01 3.792671e-01 4.548034e-01 1.511005e+00
1.348963e+00 2.463955e-01 3.751935e-01 4.488662e-01 1.522728e+00
1.380384e+00 2.418218e-01 3.711525e-01 4.429807e-01 1.534818e+00
1.412538e+00 2.372820e-01 3.671429e-01 4.371460e-01 1.547285e+00
1.445440e+00 2.327762e-01 3.631635e-01 4.313612e-01 1.560140e+00
1.479108e+00 2.283044e-01 3.592132e-01 4.256255e-01 1.573396e+00
1.513561e+00 2.238667e-01 3.552907e-01 4.199378e-01 1.587063e+00
1.548817e+00 2.194632e-01 3.513947e-01 4.142974e-01 1.601156e+00
1.584893e+00 2.150941e-01 3.475243e-01 4.087036e-01 1.615685e+00
1.621810e+00 2.107596e-01 3.436781e-01 4.031554e-01 1.630664e+00
1.659587e+00 2.064600e-01 3.398550e-01 3.976521e-01 1.646106e+00
1.698244e+00 2.021955e-01 3.360540e-01 3.921930e-01 1.662025e+00
1.737801e+00 1.979665e-01 3.322739e-01 3.867773e-01 1.678435e+00
1.778279e+00 1.937734e-01 3.285137e-01 3.814045e-01 1.695350e+00
1.819701e+00 1.896166e-01 3.247724e-01 3.760739e-01 1.712785e+00
1.862087e+00 1.854965e-01 3.210489e-01 3.707848e-01 1.730754e+00
1.905461e+00 1.814138e-01 3.173424e-01 3.655368e-01 1.749273e+00
1.949845e+00 1.773690e-01 3.136518e-01 3.603293e-01 1.768358e+00
1.995262e+00 1.733625e-01 3.099764e-01 3.551619e-01 1.788024e+00
2.041738e+00 1.693952e-01 3.063154e-01 3.500341e-01 1.808288e+00
2.089296e+00 1.654676e-01 3.026679e-01 3.449455e-01 1.829167e+00
2.137962e+00 1.615805e-01 2.990334e-01 3.398959e-01 1.850678e+00
2.187762e+00 1.577345e-01 2.954110e-01 3.348848e-01 1.872837e+00
2.238721e+00 1.539304e-01 2.918004e-01 3.299122e-01 1.895664e+00
2.290868e+00 1.501690e-01 2.882009e-01 3.249777e-01 1.919177e+00
2.344229e+00 1.464511e-01 2.846121e-01 3.200812e-01 1.943393e+00
2.398833e+00 1.427775e-01 2.810336e-01 3.152226e-01 1.968333e+00
2.454709e+00 1.391489e-01 2.774651e-01 3.104019e-01 1.994016e+00
2.511886e+00 1.355663e-01 2.739064e-01 3.056189e-01 2.020461e+00
2.570396e+00 1.320304e-01 2.703572e-01 3.008738e-01 2.047690e+00
2.630268e+00 1.285420e-01 2.668175e-01 2.961666e-01 2.075722e+00
2.691535e+00 1.251021e-01 2.632872e-01 2.914973e-01 2.104579e+00
2.754229e+00 1.217113e-01 2.597663e-01 2.868662e-01 2.134283e+00
2.818383e+00 1.183705e-01 2.562550e-01 2.822733e-01 2.164856e+00
2.884032e+00 1.150804e-01 2.527534e-01 2.777189e-01 2.196321e+00
2.951209e+00 1.118418e-01 2.492618e-01 2.732032e-01 2.228700e+00
3.019952e+00 1.086554e-01 2.457803e-01 2.687266e-01 2.262017e+00
3.090295e+00 1.055219e-01 2.423095e-01 2.642892e-01 2.296297e+00
3.162278e+00 1.024419e-01 2.388497e-01 2.598914e-01 2.331563e+00
3.235937e+00 9.941605e-02 2.354014e-01 2.555335e-01 2.367841e+00
3.311311e+00 9.644493e-02 2.319651e-01 2.512159e-01 2.405156e+00
3.388442e+00 9.352905e-02 2.285415e-01 2.469391e-01 2.443535e+00
3.467369e+00 9.066887e-02 2.251311e-01 2.427033e-01 2.483004e+00
3.548134e+00 8.786481e-02 2.217347e-01 2.385089e-01 2.523589e+00
3.630781e+00 8.511723e-02 2.183529e-01 2.343564e-01 2.565320e+00
3.715352e+00 8.242645e-02 2.149866e-01 2.302463e-01 2.608223e+00
3.801894e+00 7.979270e-02 2.116364e-01 2.261788e-01 2.652328e+00
3.890451e+00 7.721618e-02 2.083033e-01 2.221545e-01 2.697664e+00
3.981072e+00 7.469701e-02 2.049881e-01 2.181737e-01 2.744262e+00
4.073803e+00 7.223525e-02 2.016917e-01 2.142369e-01 2.792150e+00
4.168694e+00 6.983090e-02 1.984148e-01 2.103445e-01 2.841361e+00
4.265795e+00 6.748390e-02 1.951585e-01 2.064968e-01 2.891926e+00
4.365158e+00 6.519413e-02 1.919236e-01 2.026942e-01 2.943878e+00
4.466836e+00 6.296138e-02 1.887110e-01 1.989371e-01 2.997250e+00
4.570882e+00 6.078541e-02 1.855216e-01 1.952259e-01 3.052075e+00
4.677351e+00 5.866592e-02 1.823564e-01 1.915608e-01 3.108387e+00
4.786301e+00 5.660252e-02 1.792161e-01 1.879422e-01 3.166222e+00
4.897788e+00 5.459479e-02 1.761017e-01 1.843703e-01 3.225615e+00
5.011872e+00 5.264224e-02 1.730141e-01 1.808455e-01 3.286602e+00
5.128614e+00 5.074434e-02 1.699540e-01 1.773679e-01 3.349221e+00
5.248075e+00 4.890049e-02 1.669223e-01 1.739377e-01 3.413510e+00
5.370318e+00 4.711006e-02 1.639198e-01 1.705551e-01 3.479507e+00
5.495409e+00 4.537236e-02 1.609472e-01 1.672203e-01 3.547251e+00
5.623413e+00 4.368667e-02 1.580052e-01 1.639334e-01 3.616783e+00
5.754399e+00 4.205220e-02 1.550946e-01 1.606945e-01 3.688144e+00
5.888437e+00 4.046817e-02 1.522160e-01 1.575036e-01 3.761376e+00
6.025596e+00 3.893371e-02 1.493700e-01 1.543607e-01 3.836521e+00
6.165950e+00 3.744797e-02 1.465572e-01 1.512659e-01 3.913622e+00
6.309573e+00 3.601004e-02 1.437782e-01 1.482191e-01 3.992726e+00
6.456542e+00 3.461898e-02 1.410334e-01 1.452202e-01 4.073876e+00
6.606934e+00 3.327386e-02 1.383234e-01 1.422692e-01 4.157119e+00
6.760830e+00 3.197369e-02 1.356485e-01 1.393658e-01 4.242504e+00
6.918310e+00 3.071750e-02 1.330091e-01 1.365101e-01 4.330077e+00
7.079458e+00 2.950428e-02 1.304056e-01 1.337017e-01 4.419889e+00
7.244360e+00 2.833302e-02 1.278383e-01 1.309404e-01 4.511991e+00
7.413102e+00 2.720270e-02 1.253074e-01 1.282261e-01 4.606433e+00
7.585776e+00 2.611230e-02 1.228131e-01 1.255584e-01 4.703268e+00
7.762471e+00 2.506078e-02 1.203557e-01 1.229371e-01 4.802551e+00
7.943282e+00 2.404712e-02 1.179352e-01 1.203618e-01 4.904336e+00
8.128305e+00 2.307029e-02 1.155517e-01 1.178323e-01 5.008681e+00
8.317638e+00 2.212927e-02 1.132054e-01 1.153480e-01 5.115641e+00
8.511380e+00 2.122303e-02 1.108962e-01 1.129087e-01 5.225277e+00
8.709636e+00 2.035056e-02 1.086241e-01 1.105140e-01 5.337648e+00
8.912509e+00 1.951086e-02 1.063891e-01 1.081634e-01 5.452816e+00
9.120108e+00 1.870294e-02 1.041912e-01 1.058565e-01 5.570844e+00
9.332543e+00 1.792582e-02 1.020301e-01 1.035929e-01 5.691796e+00
9.549926e+00 1.717853e-02 9.990582e-02 1.013720e-01 5.815738e+00
9.772372e+00 1.646011e-02 9.781812e-02 9.919335e-02 5.942737e+00
1.000000e+01 1.576964e-02 9.576684e-02 9.705653e-02 6.072862e+00
