1.000000e-06 7.992722e+01 1.073362e+00 7.993442e+01 1.342924e-02
1.023293e-06 7.992635e+01 1.098348e+00 7.993390e+01 1.374201e-02
1.047129e-06 7.992544e+01 1.123916e+00 7.993334e+01 1.406205e-02
1.071519e-06 7.992449e+01 1.150077e+00 7.993276e+01 1.438955e-02
1.096478e-06 7.992350e+01 1.176847e+00 7.993216e+01 1.472467e-02
1.122018e-06 7.992245e+01 1.204239e+00 7.993153e+01 1.506759e-02
1.148154e-06 7.992136e+01 1.232267e+00 7.993086e+01 1.541849e-02
1.174898e-06 7.992022e+01 1.260947e+00 7.993017e+01 1.577757e-02
1.202264e-06 7.991902e+01 1.290293e+00 7.992944e+01 1.614500e-02
1.230269e-06 7.991777e+01 1.320321e+00 7.992868e+01 1.652099e-02
1.258925e-06 7.991646e+01 1.351046e+00 7.992788e+01 1.690573e-02
1.288250e-06 7.991508e+01 1.382485e+00 7.992704e+01 1.729942e-02
1.318257e-06 7.991365e+01 1.414654e+00 7.992617e+01 1.770228e-02
1.348963e-06 7.991214e+01 1.447570e+00 7.992525e+01 1.811452e-02
1.380384e-06 7.991056e+01 1.481250e+00 7.992429e+01 1.853635e-02
1.412538e-06 7.990891e+01 1.515712e+00 7.992329e+01 1.896800e-02
1.445440e-06 7.990718e+01 1.550974e+00 7.992223e+01 1.940969e-02
1.479108e-06 7.990537e+01 1.587054e+00 7.992113e+01 1.986167e-02
1.513561e-06 7.990348e+01 1.623971e+00 7.991998e+01 2.032416e-02
1.548817e-06 7.990149e+01 1.661744e+00 7.991877e+01 2.079741e-02
1.584893e-06 7.989941e+01 1.700394e+00 7.991751e+01 2.128168e-02
1.621810e-06 7.989724e+01 1.739939e+00 7.991618e+01 2.177721e-02
1.659587e-06 7.989496e+01 1.780401e+00 7.991480e+01 2.228428e-02
1.698244e-06 7.989257e+01 1.821801e+00 7.991334e+01 2.280314e-02
1.737801e-06 7.989008e+01 1.864161e+00 7.991182e+01 2.333407e-02
1.778279e-06 7.988746e+01 1.907501e+00 7.991023e+01 2.387735e-02
1.819701e-06 7.988472e+01 1.951846e+00 7.990857e+01 2.443328e-02
1.862087e-06 7.988186e+01 1.997216e+00 7.990682e+01 2.500213e-02
1.905461e-06 7.987886e+01 2.043638e+00 7.990499e+01 2.558421e-02
1.949845e-06 7.987571e+01 2.091133e+00 7.990308e+01 2.617983e-02
1.995262e-06 7.987242e+01 2.139727e+00 7.990108e+01 2.678931e-02
2.041738e-06 7.986898e+01 2.189444e+00 7.989898e+01 2.741295e-02
2.089296e-06 7.986537e+01 2.240311e+00 7.989678e+01 2.805110e-02
2.137962e-06 7.986159e+01 2.292353e+00 7.989449e+01 2.870408e-02
2.187762e-06 7.985764e+01 2.345598e+00 7.989208e+01 2.937224e-02
2.238721e-06 7.985350e+01 2.400072e+00 7.988956e+01 3.005594e-02
2.290868e-06 7.984916e+01 2.455803e+00 7.988692e+01 3.075553e-02
2.344229e-06 7.984463e+01 2.512820e+00 7.988416e+01 3.147137e-02
2.398833e-06 7.983987e+01 2.571152e+00 7.988126e+01 3.220385e-02
2.454709e-06 7.983490e+01 2.630828e+00 7.987824e+01 3.295336e-02
2.511886e-06 7.982969e+01 2.691879e+00 7.987506e+01 3.372027e-02
2.570396e-06 7.982424e+01 2.754336e+00 7.987174e+01 3.450500e-02
2.630268e-06 7.981853e+01 2.818230e+00 7.986827e+01 3.530796e-02
2.691535e-06 7.981256e+01 2.883593e+00 7.986463e+01 3.612957e-02
2.754229e-06 7.980630e+01 2.950460e+00 7.986082e+01 3.697026e-02
2.818383e-06 7.979975e+01 3.018862e+00 7.985683e+01 3.783047e-02
2.884032e-06 7.979289e+01 3.088834e+00 7.985265e+01 3.871064e-02
2.951209e-06 7.978571e+01 3.160412e+00 7.984828e+01 3.961125e-02
3.019952e-06 7.977820e+01 3.233630e+00 7.984370e+01 4.053276e-02
3.090295e-06 7.977033e+01 3.308526e+00 7.983891e+01 4.147564e-02
3.162278e-06 7.976209e+01 3.385136e+00 7.983390e+01 4.244041e-02
3.235937e-06 7.975347e+01 3.463498e+00 7.982864e+01 4.342755e-02
3.311311e-06 7.974445e+01 3.543650e+00 7.982314e+01 4.443758e-02
3.388442e-06 7.973500e+01 3.625632e+00 7.981739e+01 4.547103e-02
3.467369e-06 7.972511e+01 3.709484e+00 7.981136e+01 4.652843e-02
3.548134e-06 7.971476e+01 3.795247e+00 7.980505e+01 4.761034e-02
3.630781e-06 7.970392e+01 3.882961e+00 7.979845e+01 4.871732e-02
3.715352e-06 7.969258e+01 3.972670e+00 7.979154e+01 4.984994e-02
3.801894e-06 7.968071e+01 4.064416e+00 7.978430e+01 5.100878e-02
3.890451e-06 7.966828e+01 4.158243e+00 7.977672e+01 5.219446e-02
3.981072e-06 7.965527e+01 4.254195e+00 7.976879e+01 5.340758e-02
4.073803e-06 7.964166e+01 4.352318e+00 7.976049e+01 5.464876e-02
4.168694e-06 7.962741e+01 4.452657e+00 7.975180e+01 5.591865e-02
4.265795e-06 7.961249e+01 4.555260e+00 7.974271e+01 5.721791e-02
4.365158e-06 7.959689e+01 4.660174e+00 7.973319e+01 5.854719e-02
4.466836e-06 7.958055e+01 4.767447e+00 7.972322e+01 5.990719e-02
4.570882e-06 7.956345e+01 4.877129e+00 7.971280e+01 6.129860e-02
4.677351e-06 7.954556e+01 4.989268e+00 7.970188e+01 6.272214e-02
4.786301e-06 7.952684e+01 5.103915e+00 7.969045e+01 6.417853e-02
4.897788e-06 7.950725e+01 5.221123e+00 7.967850e+01 6.566851e-02
5.011872e-06 7.948675e+01 5.340941e+00 7.966598e+01 6.719285e-02
5.128614e-06 7.946530e+01 5.463423e+00 7.965289e+01 6.875232e-02
5.248075e-06 7.944285e+01 5.588622e+00 7.963918e+01 7.034771e-02
5.370318e-06 7.941936e+01 5.716592e+00 7.962483e+01 7.197982e-02
5.495409e-06 7.939479e+01 5.847386e+00 7.960982e+01 7.364950e-02
5.623413e-06 7.936908e+01 5.981061e+00 7.959412e+01 7.535757e-02
5.754399e-06 7.934218e+01 6.117670e+00 7.957768e+01 7.710489e-02
5.888437e-06 7.931404e+01 6.257271e+00 7.956048e+01 7.889235e-02
6.025596e-06 7.928460e+01 6.399919e+00 7.954249e+01 8.072083e-02
6.165950e-06 7.925381e+01 6.545671e+00 7.952366e+01 8.259125e-02
6.309573e-06 7.922160e+01 6.694585e+00 7.950396e+01 8.450455e-02
6.456542e-06 7.918791e+01 6.846717e+00 7.948334e+01 8.646165e-02
6.606934e-06 7.915267e+01 7.002126e+00 7.946178e+01 8.846355e-02
6.760830e-06 7.911581e+01 7.160869e+00 7.943922e+01 9.051122e-02
6.918310e-06 7.907727e+01 7.323003e+00 7.941563e+01 9.260566e-02
7.079458e-06 7.903697e+01 7.488588e+00 7.939094e+01 9.474791e-02
7.244360e-06 7.899483e+01 7.657680e+00 7.936512e+01 9.693900e-02
7.413102e-06 7.895076e+01 7.830337e+00 7.933812e+01 9.918000e-02
7.585776e-06 7.890469e+01 8.006616e+00 7.930987e+01 1.014720e-01
7.762471e-06 7.885652e+01 8.186575e+00 7.928033e+01 1.038161e-01
7.943282e-06 7.880617e+01 8.370270e+00 7.924944e+01 1.062134e-01
8.128305e-06 7.875353e+01 8.557756e+00 7.921713e+01 1.086650e-01
8.317638e-06 7.869852e+01 8.749090e+00 7.918336e+01 1.111722e-01
8.511380e-06 7.864103e+01 8.944324e+00 7.914804e+01 1.137361e-01
8.709636e-06 7.858094e+01 9.143512e+00 7.911111e+01 1.163579e-01
8.912509e-06 7.851816e+01 9.346705e+00 7.907251e+01 1.190388e-01
9.120108e-06 7.845256e+01 9.553955e+00 7.903216e+01 1.217800e-01
9.332543e-06 7.838402e+01 9.765310e+00 7.898998e+01 1.245829e-01
9.549926e-06 7.831243e+01 9.980817e+00 7.894589e+01 1.274487e-01
9.772372e-06 7.823765e+01 1.020052e+01 7.889982e+01 1.303787e-01
1.000000e-05 7.815956e+01 1.042446e+01 7.885167e+01 1.333742e-01
1.023293e-05 7.807800e+01 1.065269e+01 7.880136e+01 1.364365e-01
1.047129e-05 7.799285e+01 1.088523e+01 7.874879e+01 1.395670e-01
1.071519e-05 7.790395e+01 1.112212e+01 7.869388e+01 1.427671e-01
1.096478e-05 7.781115e+01 1.136339e+01 7.863652e+01 1.460381e-01
1.122018e-05 7.771430e+01 1.160908e+01 7.857661e+01 1.493815e-01
1.148154e-05 7.761323e+01 1.185920e+01 7.851404e+01 1.527987e-01
1.174898e-05 7.750778e+01 1.211377e+01 7.844870e+01 1.562910e-01
1.202264e-05 7.739776e+01 1.237281e+01 7.838048e+01 1.598600e-01
1.230269e-05 7.728302e+01 1.263632e+01 7.830927e+01 1.635071e-01
1.258925e-05 7.716335e+01 1.290432e+01 7.823493e+01 1.672338e-01
1.288250e-05 7.703858e+01 1.317680e+01 7.815735e+01 1.710415e-01
1.318257e-05 7.690851e+01 1.345374e+01 7.807639e+01 1.749318e-01
1.348963e-05 7.677295e+01 1.373515e+01 7.799192e+01 1.789061e-01
1.380384e-05 7.663168e+01 1.402099e+01 7.790380e+01 1.829660e-01
1.412538e-05 7.648451e+01 1.431124e+01 7.781190e+01 1.871129e-01
1.445440e-05 7.633122e+01 1.460585e+01 7.771606e+01 1.913483e-01
1.479108e-05 7.617159e+01 1.490479e+01 7.761613e+01 1.956738e-01
1.513561e-05 7.600541e+01 1.520799e+01 7.751197e+01 2.000909e-01
1.548817e-05 7.583244e+01 1.551540e+01 7.740340e+01 2.046011e-01
1.584893e-05 7.565246e+01 1.582694e+01 7.729027e+01 2.092058e-01
1.621810e-05 7.546524e+01 1.614251e+01 7.717242e+01 2.139066e-01
1.659587e-05 7.527053e+01 1.646204e+01 7.704967e+01 2.187050e-01
1.698244e-05 7.506811e+01 1.678540e+01 7.692185e+01 2.236023e-01
1.737801e-05 7.485773e+01 1.711248e+01 7.678878e+01 2.286001e-01
1.778279e-05 7.463914e+01 1.744315e+01 7.665028e+01 2.336997e-01
1.819701e-05 7.441211e+01 1.777725e+01 7.650616e+01 2.389026e-01
1.862087e-05 7.417639e+01 1.811462e+01 7.635625e+01 2.442101e-01
1.905461e-05 7.393173e+01 1.845510e+01 7.620034e+01 2.496235e-01
1.949845e-05 7.367790e+01 1.879848e+01 7.603825e+01 2.551441e-01
1.995262e-05 7.341465e+01 1.914457e+01 7.586979e+01 2.607731e-01
2.041738e-05 7.314174e+01 1.949314e+01 7.569476e+01 2.665118e-01
2.089296e-05 7.285893e+01 1.984395e+01 7.551295e+01 2.723613e-01
2.137962e-05 7.256599e+01 2.019676e+01 7.532418e+01 2.783226e-01
2.187762e-05 7.226270e+01 2.055128e+01 7.512824e+01 2.843968e-01
2.238721e-05 7.194883e+01 2.090723e+01 7.492494e+01 2.905847e-01
2.290868e-05 7.162418e+01 2.126430e+01 7.471408e+01 2.968872e-01
2.344229e-05 7.128853e+01 2.162218e+01 7.449546e+01 3.033051e-01
2.398833e-05 7.094170e+01 2.198051e+01 7.426889e+01 3.098390e-01
2.454709e-05 7.058350e+01 2.233894e+01 7.403417e+01 3.164895e-01
2.511886e-05 7.021375e+01 2.269709e+01 7.379112e+01 3.232570e-01
2.570396e-05 6.983231e+01 2.305457e+01 7.353955e+01 3.301419e-01
2.630268e-05 6.943904e+01 2.341097e+01 7.327928e+01 3.371442e-01
2.691535e-05 6.903380e+01 2.376586e+01 7.301014e+01 3.442641e-01
2.754229e-05 6.861649e+01 2.411880e+01 7.273197e+01 3.515014e-01
2.818383e-05 6.818703e+01 2.446932e+01 7.244459e+01 3.588560e-01
2.884032e-05 6.774535e+01 2.481697e+01 7.214786e+01 3.663272e-01
2.951209e-05 6.729141e+01 2.516124e+01 7.184164e+01 3.739146e-01
3.019952e-05 6.682519e+01 2.550165e+01 7.152580e+01 3.816173e-01
3.090295e-05 6.634670e+01 2.583767e+01 7.120021e+01 3.894342e-01
3.162278e-05 6.585596e+01 2.616881e+01 7.086476e+01 3.973642e-01
3.235937e-05 6.535306e+01 2.649451e+01 7.051937e+01 4.054058e-01
3.311311e-05 6.483807e+01 2.681426e+01 7.016395e+01 4.135573e-01
3.388442e-05 6.431111e+01 2.712751e+01 6.979843e+01 4.218168e-01
3.467369e-05 6.377234e+01 2.743371e+01 6.942277e+01 4.301820e-01
3.548134e-05 6.322195e+01 2.773233e+01 6.903693e+01 4.386504e-01
3.630781e-05 6.266015e+01 2.802283e+01 6.864090e+01 4.472193e-01
3.715352e-05 6.208719e+01 2.830466e+01 6.823469e+01 4.558857e-01
3.801894e-05 6.150336e+01 2.857730e+01 6.781832e+01 4.646462e-01
3.890451e-05 6.090897e+01 2.884021e+01 6.739184e+01 4.734970e-01
3.981072e-05 6.030437e+01 2.909290e+01 6.695531e+01 4.824343e-01
4.073803e-05 5.968995e+01 2.933485e+01 6.650882e+01 4.914537e-01
4.168694e-05 5.906613e+01 2.956558e+01 6.605248e+01 5.005505e-01
4.265795e-05 5.843335e+01 2.978463e+01 6.558643e+01 5.097198e-01
4.365158e-05 5.779209e+01 2.999156e+01 6.511082e+01 5.189561e-01
4.466836e-05 5.714287e+01 3.018593e+01 6.462583e+01 5.282537e-01
4.570882e-05 5.648622e+01 3.036737e+01 6.413166e+01 5.376066e-01
4.677351e-05 5.582271e+01 3.053549e+01 6.362854e+01 5.470084e-01
4.786301e-05 5.515293e+01 3.068997e+01 6.311671e+01 5.564522e-01
4.897788e-05 5.447749e+01 3.083050e+01 6.259645e+01 5.659309e-01
5.011872e-05 5.379702e+01 3.095680e+01 6.206805e+01 5.754371e-01
5.128614e-05 5.311218e+01 3.106865e+01 6.153182e+01 5.849629e-01
5.248075e-05 5.242364e+01 3.116585e+01 6.098810e+01 5.945001e-01
5.370318e-05 5.173206e+01 3.124824e+01 6.043723e+01 6.040402e-01
5.495409e-05 5.103816e+01 3.131571e+01 5.987960e+01 6.135744e-01
5.623413e-05 5.034261e+01 3.136816e+01 5.931560e+01 6.230937e-01
5.754399e-05 4.964613e+01 3.140557e+01 5.874562e+01 6.325886e-01
5.888437e-05 4.894941e+01 3.142795e+01 5.817010e+01 6.420495e-01
6.025596e-05 4.825316e+01 3.143533e+01 5.758947e+01 6.514667e-01
6.165950e-05 4.755807e+01 3.142780e+01 5.700418e+01 6.608300e-01
6.309573e-05 4.686483e+01 3.140549e+01 5.641468e+01 6.701292e-01
6.456542e-05 4.617410e+01 3.136856e+01 5.582145e+01 6.793540e-01
6.606934e-05 4.548656e+01 3.131722e+01 5.522496e+01 6.884939e-01
6.760830e-05 4.480285e+01 3.125171e+01 5.462568e+01 6.975384e-01
6.918310e-05 4.412359e+01 3.117231e+01 5.402411e+01 7.064770e-01
7.079458e-05 4.344939e+01 3.107932e+01 5.342072e+01 7.152992e-01
7.244360e-05 4.278083e+01 3.097309e+01 5.281601e+01 7.239946e-01
7.413102e-05 4.211845e+01 3.085399e+01 5.221046e+01 7.325527e-01
7.585776e-05 4.146279e+01 3.072241e+01 5.160455e+01 7.409635e-01
7.762471e-05 4.081434e+01 3.057879e+01 5.099875e+01 7.492169e-01
7.943282e-05 4.017357e+01 3.042357e+01 5.039354e+01 7.573032e-01
8.128305e-05 3.954090e+01 3.025721e+01 4.978937e+01 7.652131e-01
8.317638e-05 3.891674e+01 3.008021e+01 4.918670e+01 7.729375e-01
8.511380e-05 3.830145e+01 2.989304e+01 4.858596e+01 7.804676e-01
8.709636e-05 3.769537e+01 2.969624e+01 4.798758e+01 7.877954e-01
8.912509e-05 3.709880e+01 2.949032e+01 4.739198e+01 7.949130e-01
9.120108e-05 3.651198e+01 2.927580e+01 4.679954e+01 8.018133e-01
9.332543e-05 3.593517e+01 2.905321e+01 4.621066e+01 8.084896e-01
9.549926e-05 3.536854e+01 2.882309e+01 4.562570e+01 8.149359e-01
9.772372e-05 3.481226e+01 2.858598e+01 4.504500e+01 8.211468e-01
1.000000e-04 3.426646e+01 2.834239e+01 4.446888e+01 8.271175e-01
1.023293e-04 3.373125e+01 2.809286e+01 4.389767e+01 8.328439e-01
1.047129e-04 3.320667e+01 2.783791e+01 4.333165e+01 8.383227e-01
1.071519e-04 3.269278e+01 2.757803e+01 4.277109e+01 8.435512e-01
1.096478e-04 3.218958e+01 2.731374e+01 4.221622e+01 8.485275e-01
1.122018e-04 3.169706e+01 2.704552e+01 4.166730e+01 8.532503e-01
1.148154e-04 3.121516e+01 2.677384e+01 4.112451e+01 8.577192e-01
1.174898e-04 3.074384e+01 2.649917e+01 4.058805e+01 8.619342e-01
1.202264e-04 3.028299e+01 2.622193e+01 4.005808e+01 8.658964e-01
1.230269e-04 2.983252e+01 2.594257e+01 3.953475e+01 8.696071e-01
1.258925e-04 2.939229e+01 2.566148e+01 3.901818e+01 8.730686e-01
1.288250e-04 2.896216e+01 2.537907e+01 3.850849e+01 8.762837e-01
1.318257e-04 2.854196e+01 2.509569e+01 3.800575e+01 8.792558e-01
1.348963e-04 2.813154e+01 2.481170e+01 3.751005e+01 8.819887e-01
1.380384e-04 2.773069e+01 2.452743e+01 3.702142e+01 8.844869e-01
1.412538e-04 2.733922e+01 2.424320e+01 3.653992e+01 8.867552e-01
1.445440e-04 2.695693e+01 2.395929e+01 3.606555e+01 8.887987e-01
1.479108e-04 2.658361e+01 2.367598e+01 3.559832e+01 8.906232e-01
1.513561e-04 2.621903e+01 2.339352e+01 3.513821e+01 8.922344e-01
1.548817e-04 2.586296e+01 2.311214e+01 3.468521e+01 8.936384e-01
1.584893e-04 2.551519e+01 2.283206e+01 3.423927e+01 8.948416e-01
1.621810e-04 2.517549e+01 2.255347e+01 3.380036e+01 8.958503e-01
1.659587e-04 2.484361e+01 2.227655e+01 3.336839e+01 8.966711e-01
1.698244e-04 2.451934e+01 2.200146e+01 3.294332e+01 8.973105e-01
1.737801e-04 2.420244e+01 2.172834e+01 3.252505e+01 8.977748e-01
1.778279e-04 2.389269e+01 2.145732e+01 3.211350e+01 8.980707e-01
1.819701e-04 2.358986e+01 2.118851e+01 3.170858e+01 8.982042e-01
1.862087e-04 2.329373e+01 2.092200e+01 3.131019e+01 8.981816e-01
1.905461e-04 2.300410e+01 2.065788e+01 3.091823e+01 8.980087e-01
1.949845e-04 2.272075e+01 2.039622e+01 3.053258e+01 8.976912e-01
1.995262e-04 2.244349e+01 2.013707e+01 3.015314e+01 8.972346e-01
2.041738e-04 2.217210e+01 1.988048e+01 2.977979e+01 8.966439e-01
2.089296e-04 2.190642e+01 1.962649e+01 2.941242e+01 8.959239e-01
2.137962e-04 2.164625e+01 1.937511e+01 2.905091e+01 8.950791e-01
2.187762e-04 2.139143e+01 1.912637e+01 2.869515e+01 8.941136e-01
2.238721e-04 2.114179e+01 1.888028e+01 2.834502e+01 8.930312e-01
2.290868e-04 2.089717e+01 1.863684e+01 2.800042e+01 8.918352e-01
2.344229e-04 2.065743e+01 1.839604e+01 2.766123e+01 8.905287e-01
2.398833e-04 2.042243e+01 1.815788e+01 2.732735e+01 8.891145e-01
2.454709e-04 2.019203e+01 1.792234e+01 2.699868e+01 8.875948e-01
2.511886e-04 1.996612e+01 1.768942e+01 2.667511e+01 8.859718e-01
2.570396e-04 1.974457e+01 1.745908e+01 2.635655e+01 8.842472e-01
2.630268e-04 1.952728e+01 1.723131e+01 2.604291e+01 8.824225e-01
2.691535e-04 1.931416e+01 1.700610e+01 2.573410e+01 8.804989e-01
2.754229e-04 1.910510e+01 1.678340e+01 2.543005e+01 8.784774e-01
2.818383e-04 1.890003e+01 1.656321e+01 2.513068e+01 8.763589e-01
2.884032e-04 1.869886e+01 1.634550e+01 2.483592e+01 8.741441e-01
2.951209e-04 1.850152e+01 1.613025e+01 2.454569e+01 8.718335e-01
3.019952e-04 1.830795e+01 1.591743e+01 2.425996e+01 8.694277e-01
3.090295e-04 1.811807e+01 1.570704e+01 2.397865e+01 8.669270e-01
3.162278e-04 1.793184e+01 1.549906e+01 2.370172e+01 8.643320e-01
3.235937e-04 1.774919e+01 1.529347e+01 2.342912e+01 8.616431e-01
3.311311e-04 1.757008e+01 1.509026e+01 2.316082e+01 8.588611e-01
3.388442e-04 1.739446e+01 1.488942e+01 2.289677e+01 8.559864e-01
3.467369e-04 1.722229e+01 1.469096e+01 2.263695e+01 8.530202e-01
3.548134e-04 1.705352e+01 1.449486e+01 2.238132e+01 8.499633e-01
3.630781e-04 1.688811e+01 1.430114e+01 2.212986e+01 8.468170e-01
3.715352e-04 1.672601e+01 1.410978e+01 2.188254e+01 8.435830e-01
3.801894e-04 1.656720e+01 1.392081e+01 2.163934e+01 8.402629e-01
3.890451e-04 1.641163e+01 1.373422e+01 2.140025e+01 8.368590e-01
3.981072e-04 1.625927e+01 1.355004e+01 2.116524e+01 8.333735e-01
4.073803e-04 1.611006e+01 1.336828e+01 2.093430e+01 8.298094e-01
4.168694e-04 1.596397e+01 1.318895e+01 2.070741e+01 8.261696e-01
4.265795e-04 1.582096e+01 1.301207e+01 2.048455e+01 8.224577e-01
4.365158e-04 1.568099e+01 1.283768e+01 2.026572e+01 8.186775e-01
4.466836e-04 1.554401e+01 1.266577e+01 2.005088e+01 8.148333e-01
4.570882e-04 1.540997e+01 1.249639e+01 1.984003e+01 8.109294e-01
4.677351e-04 1.527882e+01 1.232956e+01 1.963314e+01 8.069710e-01
4.786301e-04 1.515051e+01 1.216530e+01 1.943020e+01 8.029631e-01
4.897788e-04 1.502500e+01 1.200364e+01 1.923117e+01 7.989115e-01
5.011872e-04 1.490221e+01 1.184461e+01 1.903604e+01 7.948221e-01
5.128614e-04 1.478210e+01 1.168822e+01 1.884477e+01 7.907010e-01
5.248075e-04 1.466461e+01 1.153452e+01 1.865733e+01 7.865547e-01
5.370318e-04 1.454967e+01 1.138352e+01 1.847369e+01 7.823901e-01
5.495409e-04 1.443722e+01 1.123524e+01 1.829382e+01 7.782140e-01
5.623413e-04 1.432718e+01 1.108972e+01 1.811767e+01 7.740336e-01
5.754399e-04 1.421950e+01 1.094697e+01 1.794520e+01 7.698562e-01
5.888437e-04 1.411409e+01 1.080701e+01 1.777636e+01 7.656895e-01
6.025596e-04 1.401089e+01 1.066986e+01 1.761111e+01 7.615408e-01
6.165950e-04 1.390982e+01 1.053555e+01 1.744938e+01 7.574181e-01
6.309573e-04 1.381080e+01 1.040407e+01 1.729112e+01 7.533289e-01
6.456542e-04 1.371375e+01 1.027546e+01 1.713628e+01 7.492810e-01
6.606934e-04 1.361860e+01 1.014970e+01 1.698478e+01 7.452822e-01
6.760830e-04 1.352526e+01 1.002682e+01 1.683656e+01 7.413403e-01
6.918310e-04 1.343365e+01 9.906820e+00 1.669156e+01 7.374629e-01
7.079458e-04 1.334369e+01 9.789697e+00 1.654969e+01 7.336576e-01
7.244360e-04 1.325528e+01 9.675453e+00 1.641088e+01 7.299318e-01
7.413102e-04 1.316836e+01 9.564084e+00 1.627505e+01 7.262929e-01
7.585776e-04 1.308282e+01 9.455583e+00 1.614213e+01 7.227480e-01
7.762471e-04 1.299859e+01 9.349942e+00 1.601202e+01 7.193042e-01
7.943282e-04 1.291558e+01 9.247146e+00 1.588465e+01 7.159683e-01
8.128305e-04 1.283371e+01 9.147182e+00 1.575991e+01 7.127468e-01
8.317638e-04 1.275288e+01 9.050029e+00 1.563774e+01 7.096461e-01
8.511380e-04 1.267301e+01 8.955668e+00 1.551803e+01 7.066723e-01
8.709636e-04 1.259403e+01 8.864072e+00 1.540069e+01 7.038314e-01
8.912509e-04 1.251584e+01 8.775214e+00 1.528563e+01 7.011288e-01
9.120108e-04 1.243836e+01 8.689064e+00 1.517276e+01 6.985699e-01
9.332543e-04 1.236151e+01 8.605588e+00 1.506198e+01 6.961598e-01
9.549926e-04 1.228521e+01 8.524750e+00 1.495319e+01 6.939033e-01
9.772372e-04 1.220939e+01 8.446511e+00 1.484630e+01 6.918047e-01
1.000000e-03 1.213395e+01 8.370827e+00 1.474122e+01 6.898683e-01
1.023293e-03 1.205883e+01 8.297656e+00 1.463784e+01 6.880979e-01
1.047129e-03 1.198395e+01 8.226948e+00 1.453608e+01 6.864972e-01
1.071519e-03 1.190924e+01 8.158654e+00 1.443584e+01 6.850694e-01
1.096478e-03 1.183462e+01 8.092722e+00 1.433703e+01 6.838174e-01
1.122018e-03 1.176004e+01 8.029096e+00 1.423955e+01 6.827441e-01
1.148154e-03 1.168541e+01 7.967719e+00 1.414332e+01 6.818518e-01
1.174898e-03 1.161068e+01 7.908532e+00 1.404823e+01 6.811426e-01
1.202264e-03 1.153579e+01 7.851472e+00 1.395422e+01 6.806183e-01
1.230269e-03 1.146068e+01 7.796476e+00 1.386117e+01 6.802805e-01
1.258925e-03 1.138528e+01 7.743477e+00 1.376903e+01 6.801305e-01
1.288250e-03 1.130955e+01 7.692409e+00 1.367769e+01 6.801693e-01
1.318257e-03 1.123344e+01 7.643202e+00 1.358708e+01 6.803976e-01
1.348963e-03 1.115689e+01 7.595785e+00 1.349711e+01 6.808158e-01
1.380384e-03 1.107986e+01 7.550086e+00 1.340773e+01 6.814243e-01
1.412538e-03 1.100231e+01 7.506030e+00 1.331883e+01 6.822229e-01
1.445440e-03 1.092421e+01 7.463543e+00 1.323037e+01 6.832115e-01
1.479108e-03 1.084550e+01 7.422549e+00 1.314227e+01 6.843895e-01
1.513561e-03 1.076618e+01 7.382971e+00 1.305446e+01 6.857561e-01
1.548817e-03 1.068619e+01 7.344731e+00 1.296687e+01 6.873104e-01
1.584893e-03 1.060553e+01 7.307751e+00 1.287946e+01 6.890512e-01
1.621810e-03 1.052416e+01 7.271953e+00 1.279216e+01 6.909770e-01
1.659587e-03 1.044207e+01 7.237257e+00 1.270491e+01 6.930864e-01
1.698244e-03 1.035924e+01 7.203584e+00 1.261767e+01 6.953774e-01
1.737801e-03 1.027567e+01 7.170857e+00 1.253039e+01 6.978481e-01
1.778279e-03 1.019134e+01 7.138995e+00 1.244302e+01 7.004961e-01
1.819701e-03 1.010625e+01 7.107921e+00 1.235552e+01 7.033192e-01
1.862087e-03 1.002040e+01 7.077557e+00 1.226785e+01 7.063148e-01
1.905461e-03 9.933793e+00 7.047828e+00 1.217999e+01 7.094800e-01
1.949845e-03 9.846433e+00 7.018655e+00 1.209189e+01 7.128120e-01
1.995262e-03 9.758330e+00 6.989967e+00 1.200353e+01 7.163077e-01
2.041738e-03 9.669498e+00 6.961688e+00 1.191488e+01 7.199637e-01
2.089296e-03 9.579953e+00 6.933749e+00 1.182592e+01 7.237769e-01
2.137962e-03 9.489714e+00 6.906078e+00 1.173663e+01 7.277435e-01
2.187762e-03 9.398804e+00 6.878608e+00 1.164701e+01 7.318600e-01
2.238721e-03 9.307247e+00 6.851274e+00 1.155702e+01 7.361224e-01
2.290868e-03 9.215073e+00 6.824011e+00 1.146668e+01 7.405270e-01
2.344229e-03 9.122313e+00 6.796759e+00 1.137596e+01 7.450697e-01
2.398833e-03 9.028999e+00 6.769459e+00 1.128487e+01 7.497463e-01
2.454709e-03 8.935168e+00 6.742055e+00 1.119341e+01 7.545526e-01
2.511886e-03 8.840859e+00 6.714494e+00 1.110159e+01 7.594844e-01
2.570396e-03 8.746110e+00 6.686727e+00 1.100939e+01 7.645372e-01
2.630268e-03 8.650965e+00 6.658705e+00 1.091685e+01 7.697067e-01
2.691535e-03 8.555466e+00 6.630387e+00 1.082396e+01 7.749884e-01
2.754229e-03 8.459659e+00 6.601730e+00 1.073074e+01 7.803777e-01
2.818383e-03 8.363591e+00 6.572697e+00 1.063720e+01 7.858703e-01
2.884032e-03 8.267308e+00 6.543255e+00 1.054337e+01 7.914614e-01
2.951209e-03 8.170859e+00 6.513373e+00 1.044926e+01 7.971467e-01
3.019952e-03 8.074292e+00 6.483024e+00 1.035489e+01 8.029217e-01
3.090295e-03 7.977655e+00 6.452183e+00 1.026029e+01 8.087819e-01
3.162278e-03 7.880999e+00 6.420830e+00 1.016549e+01 8.147228e-01
3.235937e-03 7.784371e+00 6.388947e+00 1.007051e+01 8.207403e-01
3.311311e-03 7.687821e+00 6.356520e+00 9.975367e+00 8.268299e-01
3.388442e-03 7.591396e+00 6.323539e+00 9.880103e+00 8.329877e-01
3.467369e-03 7.495143e+00 6.289995e+00 9.784743e+00 8.392094e-01
3.548134e-03 7.399109e+00 6.255882e+00 9.689318e+00 8.454913e-01
3.630781e-03 7.303339e+00 6.221199e+00 9.593856e+00 8.518295e-01
3.715352e-03 7.207876e+00 6.185946e+00 9.498390e+00 8.582203e-01
3.801894e-03 7.112764e+00 6.150124e+00 9.402949e+00 8.646602e-01
3.890451e-03 7.018043e+00 6.113741e+00 9.307564e+00 8.711460e-01
3.981072e-03 6.923753e+00 6.076801e+00 9.212267e+00 8.776745e-01
4.073803e-03 6.829931e+00 6.039315e+00 9.117087e+00 8.842426e-01
4.168694e-03 6.736612e+00 6.001294e+00 9.022055e+00 8.908475e-01
4.265795e-03 6.643831e+00 5.962750e+00 8.927198e+00 8.974867e-01
4.365158e-03 6.551619e+00 5.923696e+00 8.832547e+00 9.041576e-01
4.466836e-03 6.460006e+00 5.884149e+00 8.738128e+00 9.108580e-01
4.570882e-03 6.369020e+00 5.844124e+00 8.643969e+00 9.175859e-01
4.677351e-03 6.278687e+00 5.803638e+00 8.550095e+00 9.243393e-01
4.786301e-03 6.189031e+00 5.762709e+00 8.456532e+00 9.311165e-01
4.897788e-03 6.100073e+00 5.721356e+00 8.363302e+00 9.379160e-01
5.011872e-03 6.011834e+00 5.679597e+00 8.270428e+00 9.447362e-01
5.128614e-03 5.924332e+00 5.637452e+00 8.177932e+00 9.515759e-01
5.248075e-03 5.837582e+00 5.594938e+00 8.085833e+00 9.584341e-01
5.370318e-03 5.751601e+00 5.552075e+00 7.994151e+00 9.653095e-01
5.495409e-03 5.666401e+00 5.508883e+00 7.902903e+00 9.722014e-01
5.623413e-03 5.581993e+00 5.465378e+00 7.812106e+00 9.791088e-01
5.754399e-03 5.498387e+00 5.421580e+00 7.721774e+00 9.860310e-01
5.888437e-03 5.415594e+00 5.377507e+00 7.631922e+00 9.929671e-01
6.025596e-03 5.333619e+00 5.333174e+00 7.542562e+00 9.999166e-01
6.165950e-03 5.252471e+00 5.288600e+00 7.453707e+00 1.006879e+00
6.309573e-03 5.172154e+00 5.243801e+00 7.365367e+00 1.013852e+00
6.456542e-03 5.092674e+00 5.198791e+00 7.277551e+00 1.020837e+00
6.606934e-03 5.014034e+00 5.153585e+00 7.190269e+00 1.027832e+00
6.760830e-03 4.936238e+00 5.108198e+00 7.103529e+00 1.034836e+00
6.918310e-03 4.859288e+00 5.062643e+00 7.017338e+00 1.041849e+00
7.079458e-03 4.783188e+00 5.016934e+00 6.931703e+00 1.048868e+00
7.244360e-03 4.707938e+00 4.971081e+00 6.846629e+00 1.055893e+00
7.413102e-03 4.633541e+00 4.925098e+00 6.762122e+00 1.062923e+00
7.585776e-03 4.559998e+00 4.878995e+00 6.678187e+00 1.069955e+00
7.762471e-03 4.487311e+00 4.832783e+00 6.594828e+00 1.076989e+00
7.943282e-03 4.415481e+00 4.786472e+00 6.512049e+00 1.084021e+00
8.128305e-03 4.344508e+00 4.740071e+00 6.429854e+00 1.091049e+00
8.317638e-03 4.274395e+00 4.693592e+00 6.348248e+00 1.098072e+00
8.511380e-03 4.205142e+00 4.647042e+00 6.267233e+00 1.105086e+00
8.709636e-03 4.136750e+00 4.600430e+00 6.186813e+00 1.112088e+00
8.912509e-03 4.069222e+00 4.553766e+00 6.106992e+00 1.119075e+00
9.120108e-03 4.002558e+00 4.507057e+00 6.027772e+00 1.126044e+00
9.332543e-03 3.936761e+00 4.460314e+00 5.949158e+00 1.132991e+00
9.549926e-03 3.871831e+00 4.413543e+00 5.871153e+00 1.139911e+00
9.772372e-03 3.807770e+00 4.366754e+00 5.793760e+00 1.146801e+00
1.000000e-02 3.744581e+00 4.319955e+00 5.716984e+00 1.153655e+00
1.023293e-02 3.682266e+00 4.273156e+00 5.640828e+00 1.160469e+00
1.047129e-02 3.620825e+00 4.226364e+00 5.565297e+00 1.167238e+00
1.071519e-02 3.560261e+00 4.179590e+00 5.490395e+00 1.173956e+00
1.096478e-02 3.500576e+00 4.132843e+00 5.416126e+00 1.180618e+00
1.122018e-02 3.441772e+00 4.086132e+00 5.342496e+00 1.187217e+00
1.148154e-02 3.383850e+00 4.039467e+00 5.269510e+00 1.193749e+00
1.174898e-02 3.326812e+00 3.992859e+00 5.197172e+00 1.200206e+00
1.202264e-02 3.270659e+00 3.946317e+00 5.125489e+00 1.206582e+00
1.230269e-02 3.215393e+00 3.899854e+00 5.054465e+00 1.212870e+00
1.258925e-02 3.161014e+00 3.853479e+00 4.984106e+00 1.219064e+00
1.288250e-02 3.107522e+00 3.807205e+00 4.914418e+00 1.225158e+00
1.318257e-02 3.054919e+00 3.761043e+00 4.845407e+00 1.231143e+00
1.348963e-02 3.003204e+00 3.715004e+00 4.777079e+00 1.237014e+00
1.380384e-02 2.952375e+00 3.669102e+00 4.709441e+00 1.242763e+00
1.412538e-02 2.902433e+00 3.623349e+00 4.642497e+00 1.248383e+00
1.445440e-02 2.853376e+00 3.577757e+00 4.576254e+00 1.253868e+00
1.479108e-02 2.805202e+00 3.532340e+00 4.510719e+00 1.259210e+00
1.513561e-02 2.757908e+00 3.487110e+00 4.445896e+00 1.264404e+00
1.548817e-02 2.711491e+00 3.442081e+00 4.381792e+00 1.269442e+00
1.584893e-02 2.665947e+00 3.397265e+00 4.318413e+00 1.274318e+00
1.621810e-02 2.621273e+00 3.352677e+00 4.255763e+00 1.279026e+00
1.659587e-02 2.577463e+00 3.308330e+00 4.193848e+00 1.283561e+00
1.698244e-02 2.534511e+00 3.264236e+00 4.132673e+00 1.287915e+00
1.737801e-02 2.492412e+00 3.220409e+00 4.072242e+00 1.292086e+00
1.778279e-02 2.451158e+00 3.176863e+00 4.012560e+00 1.296066e+00
1.819701e-02 2.410743e+00 3.133610e+00 3.953631e+00 1.299852e+00
1.862087e-02 2.371158e+00 3.090664e+00 3.895458e+00 1.303441e+00
1.905461e-02 2.332394e+00 3.048035e+00 3.838044e+00 1.306827e+00
1.949845e-02 2.294443e+00 3.005738e+00 3.781392e+00 1.310008e+00
1.995262e-02 2.257293e+00 2.963784e+00 3.725505e+00 1.312981e+00
2.041738e-02 2.220936e+00 2.922184e+00 3.670384e+00 1.315744e+00
2.089296e-02 2.185359e+00 2.880950e+00 3.616029e+00 1.318296e+00
2.137962e-02 2.150551e+00 2.840092e+00 3.562442e+00 1.320635e+00
2.187762e-02 2.116501e+00 2.799622e+00 3.509624e+00 1.322760e+00
2.238721e-02 2.083195e+00 2.759548e+00 3.457572e+00 1.324671e+00
2.290868e-02 2.050620e+00 2.719880e+00 3.406287e+00 1.326369e+00
2.344229e-02 2.018764e+00 2.680626e+00 3.355766e+00 1.327855e+00
2.398833e-02 1.987612e+00 2.641796e+00 3.306008e+00 1.329130e+00
2.454709e-02 1.957150e+00 2.603396e+00 3.257009e+00 1.330197e+00
2.511886e-02 1.927365e+00 2.565433e+00 3.208767e+00 1.331058e+00
2.570396e-02 1.898240e+00 2.527915e+00 3.161276e+00 1.331715e+00
2.630268e-02 1.869762e+00 2.490846e+00 3.114534e+00 1.332173e+00
2.691535e-02 1.841915e+00 2.454231e+00 3.068534e+00 1.332435e+00
2.754229e-02 1.814684e+00 2.418076e+00 3.023271e+00 1.332505e+00
2.818383e-02 1.788054e+00 2.382383e+00 2.978739e+00 1.332389e+00
2.884032e-02 1.762009e+00 2.347156e+00 2.934930e+00 1.332091e+00
2.951209e-02 1.736535e+00 2.312397e+00 2.891839e+00 1.331616e+00
3.019952e-02 1.711615e+00 2.278109e+00 2.849457e+00 1.330970e+00
3.090295e-02 1.687235e+00 2.244292e+00 2.807776e+00 1.330160e+00
3.162278e-02 1.663379e+00 2.210946e+00 2.766788e+00 1.329190e+00
3.235937e-02 1.640033e+00 2.178073e+00 2.726483e+00 1.328066e+00
3.311311e-02 1.617182e+00 2.145670e+00 2.686853e+00 1.326796e+00
3.388442e-02 1.594811e+00 2.113738e+00 2.647888e+00 1.325385e+00
3.467369e-02 1.572905e+00 2.082274e+00 2.609577e+00 1.323839e+00
3.548134e-02 1.551452e+00 2.051275e+00 2.571912e+00 1.322165e+00
3.630781e-02 1.530436e+00 2.020740e+00 2.534882e+00 1.320369e+00
3.715352e-02 1.509845e+00 1.990665e+00 2.498475e+00 1.318456e+00
3.801894e-02 1.489666e+00 1.961045e+00 2.462682e+00 1.316433e+00
3.890451e-02 1.469886e+00 1.931878e+00 2.427492e+00 1.314305e+00
3.981072e-02 1.450493e+00 1.903159e+00 2.392894e+00 1.312078e+00
4.073803e-02 1.431474e+00 1.874883e+00 2.358878e+00 1.309757e+00
4.168694e-02 1.412819e+00 1.847044e+00 2.325431e+00 1.307347e+00
4.265795e-02 1.394516e+00 1.819638e+00 2.292544e+00 1.304853e+00
4.365158e-02 1.376555e+00 1.792659e+00 2.260206e+00 1.302279e+00
4.466836e-02 1.358926e+00 1.766100e+00 2.228405e+00 1.299629e+00
4.570882e-02 1.341619e+00 1.739957e+00 2.197133e+00 1.296908e+00
4.677351e-02 1.324626e+00 1.714222e+00 2.166377e+00 1.294118e+00
4.786301e-02 1.307936e+00 1.688890e+00 2.136129e+00 1.291264e+00
4.897788e-02 1.291542e+00 1.663955e+00 2.106378e+00 1.288347e+00
5.011872e-02 1.275436e+00 1.639409e+00 2.077114e+00 1.285371e+00
5.128614e-02 1.259611e+00 1.615247e+00 2.048327e+00 1.282338e+00
5.248075e-02 1.244060e+00 1.591462e+00 2.020009e+00 1.279249e+00
5.370318e-02 1.228775e+00 1.568049e+00 1.992151e+00 1.276107e+00
5.495409e-02 1.213752e+00 1.545000e+00 1.964743e+00 1.272913e+00
5.623413e-02 1.198982e+00 1.522309e+00 1.937778e+00 1.269668e+00
5.754399e-02 1.184463e+00 1.499972e+00 1.911247e+00 1.266373e+00
5.888437e-02 1.170187e+00 1.477980e+00 1.885143e+00 1.263029e+00
6.025596e-02 1.156150e+00 1.456330e+00 1.859457e+00 1.259637e+00
6.165950e-02 1.142348e+00 1.435016e+00 1.834184e+00 1.256198e+00
6.309573e-02 1.128776e+00 1.414031e+00 1.809315e+00 1.252711e+00
6.456542e-02 1.115430e+00 1.393371e+00 1.784844e+00 1.249178e+00
6.606934e-02 1.102306e+00 1.373031e+00 1.760765e+00 1.245598e+00
6.760830e-02 1.089401e+00 1.353006e+00 1.737072e+00 1.241973e+00
6.918310e-02 1.076710e+00 1.333291e+00 1.713759e+00 1.238301e+00
7.079458e-02 1.064230e+00 1.313882e+00 1.690820e+00 1.234585e+00
7.244360e-02 1.051958e+00 1.294775e+00 1.668250e+00 1.230824e+00
7.413102e-02 1.039891e+00 1.275966e+00 1.646045e+00 1.227019e+00
7.585776e-02 1.028025e+00 1.257451e+00 1.624198e+00 1.223172e+00
7.762471e-02 1.016358e+00 1.239227e+00 1.602706e+00 1.219282e+00
7.943282e-02 1.004887e+00 1.221289e+00 1.581564e+00 1.215351e+00
8.128305e-02 9.936070e-01 1.203636e+00 1.560767e+00 1.211380e+00
8.317638e-02 9.825167e-01 1.186263e+00 1.540311e+00 1.207372e+00
8.511380e-02 9.716126e-01 1.169168e+00 1.520192e+00 1.203327e+00
8.709636e-02 9.608916e-01 1.152348e+00 1.500406e+00 1.199249e+00
8.912509e-02 9.503505e-01 1.135801e+00 1.480949e+00 1.195139e+00
9.120108e-02 9.399861e-01 1.119523e+00 1.461816e+00 1.190999e+00
9.332543e-02 9.297953e-01 1.103513e+00 1.443004e+00 1.186834e+00
9.549926e-02 9.197748e-01 1.087768e+00 1.424509e+00 1.182646e+00
9.772372e-02 9.099211e-01 1.072286e+00 1.406326e+00 1.178439e+00
1.000000e-01 9.002308e-01 1.057065e+00 1.388453e+00 1.174215e+00
1.023293e-01 8.907005e-01 1.042102e+00 1.370884e+00 1.169980e+00
1.047129e-01 8.813266e-01 1.027396e+00 1.353617e+00 1.165738e+00
1.071519e-01 8.721053e-01 1.012943e+00 1.336646e+00 1.161492e+00
1.096478e-01 8.630331e-01 9.987434e-01 1.319968e+00 1.157248e+00
1.122018e-01 8.541061e-01 9.847932e-01 1.303578e+00 1.153010e+00
1.148154e-01 8.453205e-01 9.710909e-01 1.287472e+00 1.148784e+00
1.174898e-01 8.366724e-01 9.576342e-01 1.271646e+00 1.144575e+00
1.202264e-01 8.281578e-01 9.444208e-01 1.256096e+00 1.140387e+00
1.230269e-01 8.197728e-01 9.314485e-01 1.240816e+00 1.136228e+00
1.258925e-01 8.115134e-01 9.187148e-01 1.225802e+00 1.132101e+00
1.288250e-01 8.033754e-01 9.062174e-01 1.211050e+00 1.128012e+00
1.318257e-01 7.953548e-01 8.939538e-01 1.196554e+00 1.123968e+00
1.348963e-01 7.874476e-01 8.819213e-01 1.182311e+00 1.119975e+00
1.380384e-01 7.796497e-01 8.701172e-01 1.168314e+00 1.116036e+00
1.412538e-01 7.719570e-01 8.585389e-01 1.154559e+00 1.112159e+00
1.445440e-01 7.643655e-01 8.471835e-01 1.141041e+00 1.108349e+00
1.479108e-01 7.568711e-01 8.360480e-01 1.127754e+00 1.104611e+00
1.513561e-01 7.494700e-01 8.251293e-01 1.114694e+00 1.100950e+00
1.548817e-01 7.421581e-01 8.144244e-01 1.101856e+00 1.097373e+00
1.584893e-01 7.349316e-01 8.039299e-01 1.089233e+00 1.093884e+00
1.621810e-01 7.277867e-01 7.936427e-01 1.076820e+00 1.090488e+00
1.659587e-01 7.207197e-01 7.835592e-01 1.064614e+00 1.087190e+00
1.698244e-01 7.137269e-01 7.736761e-01 1.052607e+00 1.083995e+00
1.737801e-01 7.068049e-01 7.639896e-01 1.040795e+00 1.080906e+00
1.778279e-01 6.999500e-01 7.544962e-01 1.029172e+00 1.077929e+00
1.819701e-01 6.931590e-01 7.451922e-01 1.017733e+00 1.075067e+00
1.862087e-01 6.864287e-01 7.360737e-01 1.006473e+00 1.072324e+00
1.905461e-01 6.797559e-01 7.271369e-01 9.953875e-01 1.069703e+00
1.949845e-01 6.731376e-01 7.183779e-01 9.844700e-01 1.067208e+00
1.995262e-01 6.665710e-01 7.097928e-01 9.737160e-01 1.064842e+00
2.041738e-01 6.600533e-01 7.013776e-01 9.631204e-01 1.062607e+00
2.089296e-01 6.535819e-01 6.931282e-01 9.526783e-01 1.060507e+00
2.137962e-01 6.471543e-01 6.850406e-01 9.423849e-01 1.058543e+00
2.187762e-01 6.407682e-01 6.771107e-01 9.322353e-01 1.056717e+00
2.238721e-01 6.344214e-01 6.693344e-01 9.222251e-01 1.055031e+00
2.290868e-01 6.281118e-01 6.617078e-01 9.123495e-01 1.053487e+00
2.344229e-01 6.218376e-01 6.542265e-01 9.026042e-01 1.052086e+00
2.398833e-01 6.155969e-01 6.468867e-01 8.929849e-01 1.050828e+00
2.454709e-01 6.093882e-01 6.396842e-01 8.834874e-01 1.049715e+00
2.511886e-01 6.032100e-01 6.326150e-01 8.741076e-01 1.048747e+00
2.570396e-01 5.970610e-01 6.256751e-01 8.648417e-01 1.047925e+00
2.630268e-01 5.909398e-01 6.188606e-01 8.556859e-01 1.047248e+00
2.691535e-01 5.848456e-01 6.121675e-01 8.466365e-01 1.046717e+00
2.754229e-01 5.787772e-01 6.055920e-01 8.376902e-01 1.046330e+00
2.818383e-01 5.727340e-01 5.991303e-01 8.288434e-01 1.046088e+00
2.884032e-01 5.667153e-01 5.927786e-01 8.200931e-01 1.045990e+00
2.951209e-01 5.607204e-01 5.865334e-01 8.114362e-01 1.046035e+00
3.019952e-01 5.547490e-01 5.803909e-01 8.028699e-01 1.046222e+00
3.090295e-01 5.488007e-01 5.743477e-01 7.943913e-01 1.046551e+00
3.162278e-01 5.428753e-01 5.684004e-01 7.859978e-01 1.047018e+00
3.235937e-01 5.369727e-01 5.625456e-01 7.776871e-01 1.047624e+00
3.311311e-01 5.310928e-01 5.567802e-01 7.694568e-01 1.048367e+00
3.388442e-01 5.252357e-01 5.511009e-01 7.613047e-01 1.049245e+00
3.467369e-01 5.194016e-01 5.455048e-01 7.532287e-01 1.050256e+00
3.548134e-01 5.135906e-01 5.399889e-01 7.452270e-01 1.051399e+00
3.630781e-01 5.078031e-01 5.345503e-01 7.372978e-01 1.052672e+00
3.715352e-01 5.020394e-01 5.291864e-01 7.294394e-01 1.054073e+00
3.801894e-01 4.962999e-01 5.238946e-01 7.216503e-01 1.055601e+00
3.890451e-01 4.905852e-01 5.186722e-01 7.139290e-01 1.057252e+00
3.981072e-01 4.848956e-01 5.135170e-01 7.062743e-01 1.059026e+00
4.073803e-01 4.792317e-01 5.084266e-01 6.986849e-01 1.060920e+00
4.168694e-01 4.735942e-01 5.033988e-01 6.911598e-01 1.062933e+00
4.265795e-01 4.679837e-01 4.984315e-01 6.836978e-01 1.065062e+00
4.365158e-01 4.624007e-01 4.935228e-01 6.762982e-01 1.067306e+00
4.466836e-01 4.568460e-01 4.886708e-01 6.689599e-01 1.069662e+00
4.570882e-01 4.513201e-01 4.838737e-01 6.616824e-01 1.072130e+00
4.677351e-01 4.458239e-01 4.791297e-01 6.544648e-01 1.074706e+00
4.786301e-01 4.403578e-01 4.744374e-01 6.473066e-01 1.077391e+00
4.897788e-01 4.349228e-01 4.697952e-01 6.402073e-01 1.080181e+00
5.011872e-01 4.295193e-01 4.652017e-01 6.331662e-01 1.083075e+00
5.128614e-01 4.241481e-01 4.606556e-01 6.261830e-01 1.086072e+00
5.248075e-01 4.188099e-01 4.561556e-01 6.192574e-01 1.089171e+00
5.370318e-01 4.135052e-01 4.517007e-01 6.123888e-01 1.092370e+00
5.495409e-01 4.082347e-01 4.472897e-01 6.055771e-01 1.095668e+00
5.623413e-01 4.029990e-01 4.429216e-01 5.988220e-01 1.099064e+00
5.754399e-01 3.977988e-01 4.385955e-01 5.921232e-01 1.102556e+00
5.888437e-01 3.926344e-01 4.343105e-01 5.854805e-01 1.106145e+00
6.025596e-01 3.875066e-01 4.300659e-01 5.788938e-01 1.109829e+00
6.165950e-01 3.824157e-01 4.258609e-01 5.723629e-01 1.113607e+00
6.309573e-01 3.773623e-01 4.216949e-01 5.658877e-01 1.117480e+00
6.456542e-01 3.723467e-01 4.175672e-01 5.594680e-01 1.121447e+00
6.606934e-01 3.673695e-01 4.134773e-01 5.531038e-01 1.125508e+00
6.760830e-01 3.624310e-01 4.094247e-01 5.467950e-01 1.129663e+00
6.918310e-01 3.575314e-01 4.054089e-01 5.405414e-01 1.133911e+00
7.079458e-01 3.526711e-01 4.014294e-01 5.343431e-01 1.138254e+00
7.244360e-01 3.478504e-01 3.974861e-01 5.281998e-01 1.142693e+00
7.413102e-01 3.430694e-01 3.935784e-01 5.221117e-01 1.147227e+00
7.585776e-01 3.383284e-01 3.897061e-01 5.160784e-01 1.151857e+00
7.762471e-01 3.336274e-01 3.858689e-01 5.101001e-01 1.156586e+00
7.943282e-01 3.289666e-01 3.820666e-01 5.041765e-01 1.161414e+00
8.128305e-01 3.243460e-01 3.782990e-01 4.983076e-01 1.166344e+00
8.317638e-01 3.197656e-01 3.745658e-01 4.924932e-01 1.171376e+00
8.511380e-01 3.152253e-01 3.708668e-01 4.867332e-01 1.176514e+00
8.709636e-01 3.107251e-01 3.672020e-01 4.810274e-01 1.181759e+00
8.912509e-01 3.062648e-01 3.635711e-01 4.753757e-01 1.187114e+00
9.120108e-01 3.018443e-01 3.599740e-01 4.697779e-01 1.192582e+00
9.332543e-01 2.974633e-01 3.564106e-01 4.642337e-01 1.198166e+00
9.549926e-01 2.931217e-01 3.528806e-01 4.587429e-01 1.203871e+00
9.772372e-01 2.888190e-01 3.493839e-01 4.533051e-01 1.209698e+00
1.000000e+00 2.845550e-01 3.459204e-01 4.479202e-01 1.215654e+00
1.023293e+00 2.803294e-01 3.424898e-01 4.425877e-01 1.221741e+00
1.047129e+00 2.761416e-01 3.390920e-01 4.373072e-01 1.227964e+00
1.071519e+00 2.719914e-01 3.357268e-01 4.320785e-01 1.234329e+00
1.096478e+00 2.678782e-01 3.323939e-01 4.269010e-01 1.240840e+00
1.122018e+00 2.638016e-01 3.290931e-01 4.217743e-01 1.247502e+00
1.148154e+00 2.597610e-01 3.258241e-01 4.166979e-01 1.254323e+00
1.174898e+00 2.557560e-01 3.225866e-01 4.116713e-01 1.261306e+00
1.202264e+00 2.517860e-01 3.193803e-01 4.066940e-01 1.268459e+00
1.230269e+00 2.478505e-01 3.162048e-01 4.017653e-01 1.275789e+00
1.258925e+00 2.439488e-01 3.130597e-01 3.968846e-01 1.283300e+00
1.288250e+00 2.400805e-01 3.099445e-01 3.920514e-01 1.291002e+00
1.318257e+00 2.362450e-01 3.068589e-01 3.872649e-01 1.298901e+00
1.348963e+00 2.324418e-01 3.038024e-01 3.825246e-01 1.307004e+00
1.380384e+00 2.286702e-01 3.007743e-01 3.778296e-01 1.315319e+00
1.412538e+00 2.249297e-01 2.977742e-01 3.731794e-01 1.323855e+00
1.445440e+00 2.212198e-01 2.948015e-01 3.685731e-01 1.332618e+00
1.479108e+00 2.175400e-01 2.918556e-01 3.640100e-01 1.341618e+00
1.513561e+00 2.138897e-01 2.889358e-01 3.594895e-01 1.350863e+00
1.548817e+00 2.102686e-01 2.860414e-01 3.550106e-01 1.360362e+00
1.584893e+00 2.066760e-01 2.831718e-01 3.505728e-01 1.370124e+00
1.621810e+00 2.031118e-01 2.803263e-01 3.461751e-01 1.380158e+00
1.659587e+00 1.995753e-01 2.775040e-01 3.418169e-01 1.390473e+00
1.698244e+00 1.960663e-01 2.747043e-01 3.374974e-01 1.401079e+00
1.737801e+00 1.925845e-01 2.719264e-01 3.332158e-01 1.411985e+00
1.778279e+00 1.891294e-01 2.691695e-01 3.289713e-01 1.423202e+00
1.819701e+00 1.857010e-01 2.664327e-01 3.247634e-01 1.434740e+00
1.862087e+00 1.822989e-01 2.637153e-01 3.205912e-01 1.446609e+00
1.905461e+00 1.789231e-01 2.610165e-01 3.164539e-01 1.458820e+00
1.949845e+00 1.755732e-01 2.583355e-01 3.123511e-01 1.471383e+00
1.995262e+00 1.722494e-01 2.556714e-01 3.082819e-01 1.484310e+00
2.041738e+00 1.689514e-01 2.530235e-01 3.042457e-01 1.497611e+00
2.089296e+00 1.656793e-01 2.503908e-01 3.002419e-01 1.511299e+00
2.137962e+00 1.624330e-01 2.477728e-01 2.962699e-01 1.525384e+00
2.187762e+00 1.592128e-01 2.451685e-01 2.923291e-01 1.539879e+00
2.238721e+00 1.560186e-01 2.425771e-01 2.884189e-01 1.554796e+00
2.290868e+00 1.528506e-01 2.399981e-01 2.845389e-01 1.570148e+00
2.344229e+00 1.497090e-01 2.374305e-01 2.806885e-01 1.585947e+00
2.398833e+00 1.465940e-01 2.348738e-01 2.768673e-01 1.602206e+00
2.454709e+00 1.435059e-01 2.323272e-01 2.730748e-01 1.618939e+00
2.511886e+00 1.404448e-01 2.297901e-01 2.693107e-01 1.636159e+00
2.570396e+00 1.374113e-01 2.272618e-01 2.655745e-01 1.653881e+00
2.630268e+00 1.344055e-01 2.247418e-01 2.618658e-01 1.672118e+00
2.691535e+00 1.314279e-01 2.222295e-01 2.581845e-01 1.690886e+00
2.754229e+00 1.284789e-01 2.197244e-01 2.545302e-01 1.710199e+00
2.818383e+00 1.255588e-01 2.172260e-01 2.509026e-01 1.730073e+00
2.884032e+00 1.226683e-01 2.147337e-01 2.473016e-01 1.750524e+00
2.951209e+00 1.198076e-01 2.122474e-01 2.437269e-01 1.771568e+00
3.019952e+00 1.169774e-01 2.097664e-01 2.401784e-01 1.793222e+00
3.090295e+00 1.141780e-01 2.072906e-01 2.366559e-01 1.815503e+00
3.162278e+00 1.114102e-01 2.048195e-01 2.331593e-01 1.838428e+00
3.235937e+00 1.086742e-01 2.023531e-01 2.296886e-01 1.862015e+00
3.311311e+00 1.059708e-01 1.998910e-01 2.262438e-01 1.886283e+00
3.388442e+00 1.033005e-01 1.974332e-01 2.228247e-01 1.911251e+00
3.467369e+00 1.006638e-01 1.949794e-01 2.194315e-01 1.936937e+00
3.548134e+00 9.806123e-02 1.925297e-01 2.160641e-01 1.963362e+00
3.630781e+00 9.549340e-02 1.900840e-01 2.127226e-01 1.990546e+00
3.715352e+00 9.296084e-02 1.876423e-01 2.094071e-01 2.018509e+00
3.801894e+00 9.046409e-02 1.852047e-01 2.061177e-01 2.047273e+00
3.890451e+00 8.800370e-02 1.827713e-01 2.028546e-01 2.076859e+00
3.981072e+00 8.558019e-02 1.803423e-01 1.996179e-01 2.107290e+00
4.073803e+00 8.319405e-02 1.779178e-01 1.964078e-01 2.138588e+00
4.168694e+00 8.084580e-02 1.754982e-01 1.932244e-01 2.170777e+00
4.265795e+00 7.853590e-02 1.730837e-01 1.900680e-01 2.203880e+00
4.365158e+00 7.626480e-02 1.706746e-01 1.869389e-01 2.237921e+00
4.466836e+00 7.403294e-02 1.682713e-01 1.838372e-01 2.272925e+00
4.570882e+00 7.184070e-02 1.658742e-01 1.807632e-01 2.308917e+00
4.677351e+00 6.968846e-02 1.634838e-01 1.777172e-01 2.345923e+00
4.786301e+00 6.757656e-02 1.611004e-01 1.746996e-01 2.383969e+00
4.897788e+00 6.550532e-02 1.587247e-01 1.717104e-01 2.423081e+00
5.011872e+00 6.347498e-02 1.563571e-01 1.687502e-01 2.463287e+00
5.128614e+00 6.148580e-02 1.539983e-01 1.658191e-01 2.504615e+00
5.248075e+00 5.953796e-02 1.516487e-01 1.629175e-01 2.547093e+00
5.370318e+00 5.763162e-02 1.493091e-01 1.600457e-01 2.590750e+00
5.495409e+00 5.576689e-02 1.469800e-01 1.572039e-01 2.635615e+00
5.623413e+00 5.394384e-02 1.446621e-01 1.543926e-01 2.681717e+00
5.754399e+00 5.216250e-02 1.423561e-01 1.516120e-01 2.729089e+00
5.888437e+00 5.042286e-02 1.400626e-01 1.488623e-01 2.777760e+00
6.025596e+00 4.872485e-02 1.377823e-01 1.461440e-01 2.827762e+00
6.165950e+00 4.706837e-02 1.355158e-01 1.434572e-01 2.879127e+00
6.309573e+00 4.545327e-02 1.332639e-01 1.408023e-01 2.931889e+00
6.456542e+00 4.387937e-02 1.310273e-01 1.381794e-01 2.986080e+00
6.606934e+00 4.234642e-02 1.288066e-01 1.355889e-01 3.041735e+00
6.760830e+00 4.085415e-02 1.266025e-01 1.330310e-01 3.098888e+00
6.918310e+00 3.940226e-02 1.244156e-01 1.305059e-01 3.157575e+00
7.079458e+00 3.799037e-02 1.222466e-01 1.280137e-01 3.217832e+00
7.244360e+00 3.661809e-02 1.200962e-01 1.255547e-01 3.279695e+00
7.413102e+00 3.528501e-02 1.179649e-01 1.231290e-01 3.343202e+00
7.585776e+00 3.399064e-02 1.158534e-01 1.207368e-01 3.408390e+00
7.762471e+00 3.273449e-02 1.137622e-01 1.183781e-01 3.475300e+00
7.943282e+00 3.151602e-02 1.116918e-01 1.160531e-01 3.543969e+00
8.128305e+00 3.033469e-02 1.096429e-01 1.137619e-01 3.614440e+00
8.317638e+00 2.918990e-02 1.076159e-01 1.115044e-01 3.686752e+00
8.511380e+00 2.808104e-02 1.056113e-01 1.092808e-01 3.760949e+00
8.709636e+00 2.700746e-02 1.036296e-01 1.070911e-01 3.837072e+00
8.912509e+00 2.596853e-02 1.016711e-01 1.049351e-01 3.915166e+00
9.120108e+00 2.496356e-02 9.973630e-02 1.028130e-01 3.995276e+00
9.332543e+00 2.399185e-02 9.782551e-02 1.007246e-01 4.077447e+00
9.549926e+00 2.305272e-02 9.593908e-02 9.866982e-02 4.161725e+00
9.772372e+00 2.214543e-02 9.407730e-02 9.664863e-02 4.248159e+00
1.000000e+01 2.126926e-02 9.224044e-02 9.466087e-02 4.336796e+00
