1.000000e-06 2.995338e+01 1.246274e-01 2.995364e+01 4.160712e-03
1.023293e-06 2.995331e+01 1.275290e-01 2.995358e+01 4.257595e-03
1.047129e-06 2.995322e+01 1.304981e-01 2.995351e+01 4.356731e-03
1.071519e-06 2.995314e+01 1.335363e-01 2.995344e+01 4.458174e-03
1.096478e-06 2.995305e+01 1.366451e-01 2.995336e+01 4.561978e-03
1.122018e-06 2.995296e+01 1.398263e-01 2.995328e+01 4.668196e-03
1.148154e-06 2.995286e+01 1.430814e-01 2.995320e+01 4.776886e-03
1.174898e-06 2.995275e+01 1.464122e-01 2.995311e+01 4.888103e-03
1.202264e-06 2.995265e+01 1.498204e-01 2.995302e+01 5.001908e-03
1.230269e-06 2.995253e+01 1.533078e-01 2.995293e+01 5.118360e-03
1.258925e-06 2.995242e+01 1.568764e-01 2.995283e+01 5.237520e-03
1.288250e-06 2.995229e+01 1.605279e-01 2.995272e+01 5.359451e-03
1.318257e-06 2.995216e+01 1.642642e-01 2.995261e+01 5.484218e-03
1.348963e-06 2.995203e+01 1.680874e-01 2.995250e+01 5.611886e-03
1.380384e-06 2.995189e+01 1.719994e-01 2.995238e+01 5.742522e-03
1.412538e-06 2.995174e+01 1.760023e-01 2.995226e+01 5.876195e-03
1.445440e-06 2.995158e+01 1.800981e-01 2.995212e+01 6.012976e-03
1.479108e-06 2.995142e+01 1.842892e-01 2.995199e+01 6.152936e-03
1.513561e-06 2.995125e+01 1.885775e-01 2.995184e+01 6.296149e-03
1.548817e-06 2.995107e+01 1.929655e-01 2.995169e+01 6.442690e-03
1.584893e-06 2.995089e+01 1.974553e-01 2.995154e+01 6.592636e-03
1.621810e-06 2.995069e+01 2.020493e-01 2.995137e+01 6.746066e-03
1.659587e-06 2.995049e+01 2.067500e-01 2.995120e+01 6.903061e-03
1.698244e-06 2.995027e+01 2.115598e-01 2.995102e+01 7.063702e-03
1.737801e-06 2.995005e+01 2.164812e-01 2.995083e+01 7.228075e-03
1.778279e-06 2.994981e+01 2.215167e-01 2.995063e+01 7.396264e-03
1.819701e-06 2.994957e+01 2.266691e-01 2.995042e+01 7.568359e-03
1.862087e-06 2.994931e+01 2.319409e-01 2.995021e+01 7.744449e-03
1.905461e-06 2.994904e+01 2.373349e-01 2.994998e+01 7.924626e-03
1.949845e-06 2.994876e+01 2.428540e-01 2.994974e+01 8.108985e-03
1.995262e-06 2.994846e+01 2.485010e-01 2.994949e+01 8.297622e-03
2.041738e-06 2.994815e+01 2.542788e-01 2.994923e+01 8.490635e-03
2.089296e-06 2.994783e+01 2.601905e-01 2.994896e+01 8.688125e-03
2.137962e-06 2.994749e+01 2.662390e-01 2.994867e+01 8.890195e-03
2.187762e-06 2.994713e+01 2.724276e-01 2.994837e+01 9.096951e-03
2.238721e-06 2.994676e+01 2.787594e-01 2.994806e+01 9.308499e-03
2.290868e-06 2.994637e+01 2.852377e-01 2.994773e+01 9.524950e-03
2.344229e-06 2.994596e+01 2.918658e-01 2.994739e+01 9.746417e-03
2.398833e-06 2.994554e+01 2.986472e-01 2.994703e+01 9.973013e-03
2.454709e-06 2.994509e+01 3.055854e-01 2.994665e+01 1.020486e-02
2.511886e-06 2.994462e+01 3.126838e-01 2.994625e+01 1.044207e-02
2.570396e-06 2.994413e+01 3.199462e-01 2.994584e+01 1.068477e-02
2.630268e-06 2.994362e+01 3.273763e-01 2.994541e+01 1.093309e-02
2.691535e-06 2.994308e+01 3.349778e-01 2.994496e+01 1.118715e-02
2.754229e-06 2.994252e+01 3.427547e-01 2.994448e+01 1.144709e-02
2.818383e-06 2.994193e+01 3.507109e-01 2.994399e+01 1.171304e-02
2.884032e-06 2.994132e+01 3.588504e-01 2.994347e+01 1.198513e-02
2.951209e-06 2.994067e+01 3.671775e-01 2.994292e+01 1.226350e-02
3.019952e-06 2.993999e+01 3.756962e-01 2.994235e+01 1.254831e-02
3.090295e-06 2.993929e+01 3.844110e-01 2.994176e+01 1.283968e-02
3.162278e-06 2.993855e+01 3.933261e-01 2.994113e+01 1.313778e-02
3.235937e-06 2.993777e+01 4.024462e-01 2.994048e+01 1.344276e-02
3.311311e-06 2.993696e+01 4.117757e-01 2.993979e+01 1.375476e-02
3.388442e-06 2.993611e+01 4.213194e-01 2.993908e+01 1.407395e-02
3.467369e-06 2.993522e+01 4.310819e-01 2.993833e+01 1.440049e-02
3.548134e-06 2.993429e+01 4.410682e-01 2.993754e+01 1.473454e-02
3.630781e-06 2.993332e+01 4.512832e-01 2.993672e+01 1.507628e-02
3.715352e-06 2.993230e+01 4.617319e-01 2.993586e+01 1.542588e-02
3.801894e-06 2.993123e+01 4.724196e-01 2.993496e+01 1.578350e-02
3.890451e-06 2.993012e+01 4.833514e-01 2.993402e+01 1.614933e-02
3.981072e-06 2.992895e+01 4.945327e-01 2.993303e+01 1.652356e-02
4.073803e-06 2.992772e+01 5.059690e-01 2.993200e+01 1.690636e-02
4.168694e-06 2.992644e+01 5.176657e-01 2.993092e+01 1.729794e-02
4.265795e-06 2.992510e+01 5.296286e-01 2.992979e+01 1.769847e-02
4.365158e-06 2.992370e+01 5.418635e-01 2.992861e+01 1.810817e-02
4.466836e-06 2.992223e+01 5.543760e-01 2.992737e+01 1.852723e-02
4.570882e-06 2.992070e+01 5.671723e-01 2.992607e+01 1.895585e-02
4.677351e-06 2.991909e+01 5.802584e-01 2.992471e+01 1.939425e-02
4.786301e-06 2.991740e+01 5.936404e-01 2.992329e+01 1.984264e-02
4.897788e-06 2.991564e+01 6.073247e-01 2.992181e+01 2.030124e-02
5.011872e-06 2.991380e+01 6.213175e-01 2.992025e+01 2.077026e-02
5.128614e-06 2.991187e+01 6.356254e-01 2.991862e+01 2.124994e-02
5.248075e-06 2.990985e+01 6.502550e-01 2.991692e+01 2.174049e-02
5.370318e-06 2.990774e+01 6.652128e-01 2.991514e+01 2.224216e-02
5.495409e-06 2.990553e+01 6.805058e-01 2.991327e+01 2.275518e-02
5.623413e-06 2.990322e+01 6.961407e-01 2.991132e+01 2.327979e-02
5.754399e-06 2.990080e+01 7.121246e-01 2.990928e+01 2.381624e-02
5.888437e-06 2.989827e+01 7.284644e-01 2.990714e+01 2.436477e-02
6.025596e-06 2.989562e+01 7.451674e-01 2.990491e+01 2.492564e-02
6.165950e-06 2.989285e+01 7.622408e-01 2.990257e+01 2.549910e-02
6.309573e-06 2.988995e+01 7.796919e-01 2.990012e+01 2.608542e-02
6.456542e-06 2.988692e+01 7.975282e-01 2.989756e+01 2.668485e-02
6.606934e-06 2.988375e+01 8.157570e-01 2.989489e+01 2.729768e-02
6.760830e-06 2.988044e+01 8.343860e-01 2.989209e+01 2.792416e-02
6.918310e-06 2.987697e+01 8.534228e-01 2.988916e+01 2.856457e-02
7.079458e-06 2.987334e+01 8.728751e-01 2.988609e+01 2.921920e-02
7.244360e-06 2.986955e+01 8.927506e-01 2.988289e+01 2.988832e-02
7.413102e-06 2.986558e+01 9.130571e-01 2.987954e+01 3.057222e-02
7.585776e-06 2.986144e+01 9.338025e-01 2.987604e+01 3.127118e-02
7.762471e-06 2.985710e+01 9.549947e-01 2.987237e+01 3.198551e-02
7.943282e-06 2.985257e+01 9.766415e-01 2.986854e+01 3.271549e-02
8.128305e-06 2.984783e+01 9.987509e-01 2.986454e+01 3.346142e-02
8.317638e-06 2.984288e+01 1.021331e+00 2.986035e+01 3.422360e-02
8.511380e-06 2.983770e+01 1.044389e+00 2.985597e+01 3.500233e-02
8.709636e-06 2.983229e+01 1.067934e+00 2.985140e+01 3.579792e-02
8.912509e-06 2.982663e+01 1.091973e+00 2.984661e+01 3.661066e-02
9.120108e-06 2.982072e+01 1.116514e+00 2.984162e+01 3.744086e-02
9.332543e-06 2.981455e+01 1.141564e+00 2.983639e+01 3.828883e-02
9.549926e-06 2.980810e+01 1.167133e+00 2.983094e+01 3.915489e-02
9.772372e-06 2.980136e+01 1.193226e+00 2.982524e+01 4.003932e-02
1.000000e-05 2.979432e+01 1.219852e+00 2.981928e+01 4.094245e-02
1.023293e-05 2.978696e+01 1.247019e+00 2.981306e+01 4.186458e-02
1.047129e-05 2.977929e+01 1.274732e+00 2.980656e+01 4.280601e-02
1.071519e-05 2.977127e+01 1.303000e+00 2.979977e+01 4.376704e-02
1.096478e-05 2.976290e+01 1.331830e+00 2.979268e+01 4.474799e-02
1.122018e-05 2.975416e+01 1.361227e+00 2.978528e+01 4.574914e-02
1.148154e-05 2.974504e+01 1.391199e+00 2.977755e+01 4.677079e-02
1.174898e-05 2.973552e+01 1.421752e+00 2.976949e+01 4.781324e-02
1.202264e-05 2.972559e+01 1.452891e+00 2.976107e+01 4.887677e-02
1.230269e-05 2.971522e+01 1.484622e+00 2.975229e+01 4.996165e-02
1.258925e-05 2.970441e+01 1.516950e+00 2.974312e+01 5.106817e-02
1.288250e-05 2.969314e+01 1.549881e+00 2.973356e+01 5.219658e-02
1.318257e-05 2.968138e+01 1.583417e+00 2.972359e+01 5.334716e-02
1.348963e-05 2.966913e+01 1.617565e+00 2.971319e+01 5.452014e-02
1.380384e-05 2.965635e+01 1.652326e+00 2.970235e+01 5.571576e-02
1.412538e-05 2.964304e+01 1.687704e+00 2.969104e+01 5.693426e-02
1.445440e-05 2.962917e+01 1.723702e+00 2.967926e+01 5.817585e-02
1.479108e-05 2.961472e+01 1.760320e+00 2.966699e+01 5.944072e-02
1.513561e-05 2.959967e+01 1.797560e+00 2.965420e+01 6.072908e-02
1.548817e-05 2.958399e+01 1.835423e+00 2.964088e+01 6.204109e-02
1.584893e-05 2.956768e+01 1.873908e+00 2.962700e+01 6.337690e-02
1.621810e-05 2.955071e+01 1.913014e+00 2.961256e+01 6.473666e-02
1.659587e-05 2.953304e+01 1.952739e+00 2.959753e+01 6.612048e-02
1.698244e-05 2.951467e+01 1.993080e+00 2.958189e+01 6.752845e-02
1.737801e-05 2.949557e+01 2.034034e+00 2.956562e+01 6.896066e-02
1.778279e-05 2.947571e+01 2.075595e+00 2.954870e+01 7.041715e-02
1.819701e-05 2.945507e+01 2.117759e+00 2.953110e+01 7.189794e-02
1.862087e-05 2.943363e+01 2.160518e+00 2.951282e+01 7.340304e-02
1.905461e-05 2.941136e+01 2.203864e+00 2.949382e+01 7.493242e-02
1.949845e-05 2.938824e+01 2.247790e+00 2.947408e+01 7.648602e-02
1.995262e-05 2.936425e+01 2.292283e+00 2.945359e+01 7.806374e-02
2.041738e-05 2.933936e+01 2.337334e+00 2.943232e+01 7.966548e-02
2.089296e-05 2.931355e+01 2.382930e+00 2.941025e+01 8.129107e-02
2.137962e-05 2.928680e+01 2.429056e+00 2.938736e+01 8.294032e-02
2.187762e-05 2.925907e+01 2.475698e+00 2.936362e+01 8.461302e-02
2.238721e-05 2.923035e+01 2.522839e+00 2.933902e+01 8.630889e-02
2.290868e-05 2.920062e+01 2.570462e+00 2.931354e+01 8.802764e-02
2.344229e-05 2.916985e+01 2.618546e+00 2.928715e+01 8.976892e-02
2.398833e-05 2.913803e+01 2.667073e+00 2.925984e+01 9.153237e-02
2.454709e-05 2.910513e+01 2.716019e+00 2.923158e+01 9.331755e-02
2.511886e-05 2.907113e+01 2.765362e+00 2.920236e+01 9.512402e-02
2.570396e-05 2.903601e+01 2.815077e+00 2.917215e+01 9.695126e-02
2.630268e-05 2.899976e+01 2.865139e+00 2.914095e+01 9.879873e-02
2.691535e-05 2.896235e+01 2.915520e+00 2.910873e+01 1.006659e-01
2.754229e-05 2.892378e+01 2.966192e+00 2.907548e+01 1.025520e-01
2.818383e-05 2.888403e+01 3.017125e+00 2.904118e+01 1.044565e-01
2.884032e-05 2.884308e+01 3.068290e+00 2.900582e+01 1.063787e-01
2.951209e-05 2.880093e+01 3.119653e+00 2.896940e+01 1.083178e-01
3.019952e-05 2.875757e+01 3.171184e+00 2.893189e+01 1.102730e-01
3.090295e-05 2.871299e+01 3.222848e+00 2.889329e+01 1.122436e-01
3.162278e-05 2.866718e+01 3.274611e+00 2.885360e+01 1.142286e-01
3.235937e-05 2.862014e+01 3.326440e+00 2.881280e+01 1.162273e-01
3.311311e-05 2.857186e+01 3.378297e+00 2.877089e+01 1.182386e-01
3.388442e-05 2.852236e+01 3.430149e+00 2.872788e+01 1.202618e-01
3.467369e-05 2.847163e+01 3.481959e+00 2.868376e+01 1.222957e-01
3.548134e-05 2.841968e+01 3.533692e+00 2.863853e+01 1.243396e-01
3.630781e-05 2.836651e+01 3.585313e+00 2.859219e+01 1.263924e-01
3.715352e-05 2.831214e+01 3.636785e+00 2.854477e+01 1.284532e-01
3.801894e-05 2.825658e+01 3.688075e+00 2.849625e+01 1.305209e-01
3.890451e-05 2.819984e+01 3.739148e+00 2.844666e+01 1.325946e-01
3.981072e-05 2.814194e+01 3.789972e+00 2.839600e+01 1.346734e-01
4.073803e-05 2.808290e+01 3.840514e+00 2.834429e+01 1.367563e-01
4.168694e-05 2.802273e+01 3.890745e+00 2.829155e+01 1.388424e-01
4.265795e-05 2.796148e+01 3.940634e+00 2.823779e+01 1.409308e-01
4.365158e-05 2.789915e+01 3.990156e+00 2.818304e+01 1.430207e-01
4.466836e-05 2.783578e+01 4.039283e+00 2.812732e+01 1.451112e-01
4.570882e-05 2.777139e+01 4.087994e+00 2.807066e+01 1.472016e-01
4.677351e-05 2.770603e+01 4.136267e+00 2.801308e+01 1.492912e-01
4.786301e-05 2.763971e+01 4.184082e+00 2.795461e+01 1.513794e-01
4.897788e-05 2.757248e+01 4.231425e+00 2.789528e+01 1.534655e-01
5.011872e-05 2.750437e+01 4.278281e+00 2.783512e+01 1.555491e-01
5.128614e-05 2.743541e+01 4.324640e+00 2.777417e+01 1.576298e-01
5.248075e-05 2.736565e+01 4.370494e+00 2.771245e+01 1.597073e-01
5.370318e-05 2.729512e+01 4.415839e+00 2.765001e+01 1.617813e-01
5.495409e-05 2.722385e+01 4.460671e+00 2.758687e+01 1.638516e-01
5.623413e-05 2.715188e+01 4.504994e+00 2.752307e+01 1.659183e-01
5.754399e-05 2.707925e+01 4.548810e+00 2.745865e+01 1.679814e-01
5.888437e-05 2.700600e+01 4.592127e+00 2.739364e+01 1.700410e-01
6.025596e-05 2.693215e+01 4.634956e+00 2.732808e+01 1.720975e-01
6.165950e-05 2.685775e+01 4.677308e+00 2.726199e+01 1.741512e-01
6.309573e-05 2.678283e+01 4.719202e+00 2.719541e+01 1.762025e-01
6.456542e-05 2.670740e+01 4.760654e+00 2.712838e+01 1.782522e-01
6.606934e-05 2.663151e+01 4.801686e+00 2.706093e+01 1.803009e-01
6.760830e-05 2.655519e+01 4.842321e+00 2.699307e+01 1.823494e-01
6.918310e-05 2.647844e+01 4.882586e+00 2.692485e+01 1.843985e-01
7.079458e-05 2.640130e+01 4.922506e+00 2.685628e+01 1.864494e-01
7.244360e-05 2.632378e+01 4.962113e+00 2.678738e+01 1.885031e-01
7.413102e-05 2.624590e+01 5.001436e+00 2.671819e+01 1.905607e-01
7.585776e-05 2.616766e+01 5.040508e+00 2.664870e+01 1.926235e-01
7.762471e-05 2.608909e+01 5.079360e+00 2.657895e+01 1.946929e-01
7.943282e-05 2.601018e+01 5.118028e+00 2.650894e+01 1.967702e-01
8.128305e-05 2.593094e+01 5.156544e+00 2.643868e+01 1.988568e-01
8.317638e-05 2.585137e+01 5.194943e+00 2.636817e+01 2.009543e-01
8.511380e-05 2.577145e+01 5.233258e+00 2.629743e+01 2.030641e-01
8.709636e-05 2.569119e+01 5.271522e+00 2.622644e+01 2.051879e-01
8.912509e-05 2.561057e+01 5.309769e+00 2.615521e+01 2.073272e-01
9.120108e-05 2.552958e+01 5.348028e+00 2.608373e+01 2.094836e-01
9.332543e-05 2.544820e+01 5.386330e+00 2.601198e+01 2.116586e-01
9.549926e-05 2.536640e+01 5.424703e+00 2.593996e+01 2.138539e-01
9.772372e-05 2.528417e+01 5.463173e+00 2.586765e+01 2.160709e-01
1.000000e-04 2.520148e+01 5.501764e+00 2.579503e+01 2.183112e-01
1.023293e-04 2.511829e+01 5.540497e+00 2.572208e+01 2.205762e-01
1.047129e-04 2.503458e+01 5.579390e+00 2.564878e+01 2.228673e-01
1.071519e-04 2.495031e+01 5.618459e+00 2.557509e+01 2.251859e-01
1.096478e-04 2.486545e+01 5.657716e+00 2.550099e+01 2.275333e-01
1.122018e-04 2.477995e+01 5.697172e+00 2.542644e+01 2.299105e-01
1.148154e-04 2.469378e+01 5.736830e+00 2.535141e+01 2.323188e-01
1.174898e-04 2.460690e+01 5.776692e+00 2.527588e+01 2.347590e-01
1.202264e-04 2.451927e+01 5.816758e+00 2.519978e+01 2.372321e-01
1.230269e-04 2.443083e+01 5.857020e+00 2.512310e+01 2.397388e-01
1.258925e-04 2.434156e+01 5.897469e+00 2.504579e+01 2.422798e-01
1.288250e-04 2.425141e+01 5.938091e+00 2.496781e+01 2.448555e-01
1.318257e-04 2.416033e+01 5.978867e+00 2.488912e+01 2.474663e-01
1.348963e-04 2.406829e+01 6.019776e+00 2.480968e+01 2.501123e-01
1.380384e-04 2.397524e+01 6.060790e+00 2.472944e+01 2.527937e-01
1.412538e-04 2.388115e+01 6.101881e+00 2.464837e+01 2.555104e-01
1.445440e-04 2.378597e+01 6.143013e+00 2.456642e+01 2.582620e-01
1.479108e-04 2.368968e+01 6.184148e+00 2.448356e+01 2.610482e-01
1.513561e-04 2.359224e+01 6.225245e+00 2.439975e+01 2.638683e-01
1.548817e-04 2.349362e+01 6.266258e+00 2.431494e+01 2.667217e-01
1.584893e-04 2.339380e+01 6.307138e+00 2.422911e+01 2.696073e-01
1.621810e-04 2.329274e+01 6.347832e+00 2.414222e+01 2.725241e-01
1.659587e-04 2.319043e+01 6.388287e+00 2.405424e+01 2.754708e-01
1.698244e-04 2.308686e+01 6.428444e+00 2.396514e+01 2.784460e-01
1.737801e-04 2.298201e+01 6.468243e+00 2.387491e+01 2.814481e-01
1.778279e-04 2.287588e+01 6.507622e+00 2.378350e+01 2.844753e-01
1.819701e-04 2.276846e+01 6.546517e+00 2.369092e+01 2.875257e-01
1.862087e-04 2.265975e+01 6.584863e+00 2.359713e+01 2.905974e-01
1.905461e-04 2.254976e+01 6.622593e+00 2.350214e+01 2.936880e-01
1.949845e-04 2.243851e+01 6.659642e+00 2.340593e+01 2.967952e-01
1.995262e-04 2.232600e+01 6.695940e+00 2.330850e+01 2.999166e-01
2.041738e-04 2.221227e+01 6.731423e+00 2.320985e+01 3.030497e-01
2.089296e-04 2.209735e+01 6.766023e+00 2.310999e+01 3.061916e-01
2.137962e-04 2.198125e+01 6.799675e+00 2.300894e+01 3.093397e-01
2.187762e-04 2.186403e+01 6.832317e+00 2.290669e+01 3.124911e-01
2.238721e-04 2.174573e+01 6.863887e+00 2.280329e+01 3.156429e-01
2.290868e-04 2.162640e+01 6.894325e+00 2.269874e+01 3.187921e-01
2.344229e-04 2.150608e+01 6.923576e+00 2.259308e+01 3.219358e-01
2.398833e-04 2.138484e+01 6.951587e+00 2.248635e+01 3.250708e-01
2.454709e-04 2.126274e+01 6.978309e+00 2.237858e+01 3.281943e-01
2.511886e-04 2.113985e+01 7.003698e+00 2.226982e+01 3.313031e-01
2.570396e-04 2.101623e+01 7.027711e+00 2.216012e+01 3.343944e-01
2.630268e-04 2.089197e+01 7.050315e+00 2.204952e+01 3.374653e-01
2.691535e-04 2.076714e+01 7.071479e+00 2.193809e+01 3.405130e-01
2.754229e-04 2.064181e+01 7.091177e+00 2.182588e+01 3.435346e-01
2.818383e-04 2.051607e+01 7.109389e+00 2.171296e+01 3.465278e-01
2.884032e-04 2.039001e+01 7.126103e+00 2.159939e+01 3.494900e-01
2.951209e-04 2.026370e+01 7.141311e+00 2.148525e+01 3.524188e-01
3.019952e-04 2.013724e+01 7.155010e+00 2.137060e+01 3.553123e-01
3.090295e-04 2.001071e+01 7.167206e+00 2.125552e+01 3.581685e-01
3.162278e-04 1.988419e+01 7.177909e+00 2.114009e+01 3.609857e-01
3.235937e-04 1.975777e+01 7.187135e+00 2.102438e+01 3.637624e-01
3.311311e-04 1.963154e+01 7.194908e+00 2.090847e+01 3.664974e-01
3.388442e-04 1.950557e+01 7.201256e+00 2.079243e+01 3.691898e-01
3.467369e-04 1.937994e+01 7.206213e+00 2.067635e+01 3.718388e-01
3.548134e-04 1.925473e+01 7.209820e+00 2.056030e+01 3.744441e-01
3.630781e-04 1.913002e+01 7.212122e+00 2.044437e+01 3.770055e-01
3.715352e-04 1.900586e+01 7.213168e+00 2.032862e+01 3.795233e-01
3.801894e-04 1.888234e+01 7.213015e+00 2.021312e+01 3.819979e-01
3.890451e-04 1.875951e+01 7.211721e+00 2.009796e+01 3.844301e-01
3.981072e-04 1.863743e+01 7.209349e+00 1.998320e+01 3.868211e-01
4.073803e-04 1.851614e+01 7.205967e+00 1.986891e+01 3.891722e-01
4.168694e-04 1.839570e+01 7.201645e+00 1.975514e+01 3.914852e-01
4.265795e-04 1.827615e+01 7.196455e+00 1.964196e+01 3.937620e-01
4.365158e-04 1.815752e+01 7.190472e+00 1.952943e+01 3.960051e-01
4.466836e-04 1.803985e+01 7.183773e+00 1.941759e+01 3.982169e-01
4.570882e-04 1.792315e+01 7.176436e+00 1.930649e+01 4.004004e-01
4.677351e-04 1.780745e+01 7.168541e+00 1.919618e+01 4.025586e-01
4.786301e-04 1.769276e+01 7.160168e+00 1.908669e+01 4.046949e-01
4.897788e-04 1.757908e+01 7.151395e+00 1.897805e+01 4.068128e-01
5.011872e-04 1.746642e+01 7.142302e+00 1.887030e+01 4.089162e-01
5.128614e-04 1.735477e+01 7.132967e+00 1.876346e+01 4.110090e-01
5.248075e-04 1.724412e+01 7.123468e+00 1.865753e+01 4.130954e-01
5.370318e-04 1.713446e+01 7.113879e+00 1.855255e+01 4.151796e-01
5.495409e-04 1.702577e+01 7.104275e+00 1.844851e+01 4.172661e-01
5.623413e-04 1.691801e+01 7.094726e+00 1.834542e+01 4.193593e-01
5.754399e-04 1.681117e+01 7.085301e+00 1.824327e+01 4.214640e-01
5.888437e-04 1.670519e+01 7.076064e+00 1.814206e+01 4.235847e-01
6.025596e-04 1.660006e+01 7.067077e+00 1.804177e+01 4.257261e-01
6.165950e-04 1.649571e+01 7.058400e+00 1.794239e+01 4.278931e-01
6.309573e-04 1.639211e+01 7.050086e+00 1.784390e+01 4.300903e-01
6.456542e-04 1.628920e+01 7.042185e+00 1.774628e+01 4.323224e-01
6.606934e-04 1.618693e+01 7.034745e+00 1.764948e+01 4.345942e-01
6.760830e-04 1.608524e+01 7.027806e+00 1.755349e+01 4.369102e-01
6.918310e-04 1.598408e+01 7.021405e+00 1.745826e+01 4.392749e-01
7.079458e-04 1.588338e+01 7.015577e+00 1.736376e+01 4.416928e-01
7.244360e-04 1.578309e+01 7.010347e+00 1.726994e+01 4.441682e-01
7.413102e-04 1.568313e+01 7.005740e+00 1.717676e+01 4.467053e-01
7.585776e-04 1.558345e+01 7.001772e+00 1.708417e+01 4.493082e-01
7.762471e-04 1.548397e+01 6.998458e+00 1.699211e+01 4.519808e-01
7.943282e-04 1.538464e+01 6.995806e+00 1.690054e+01 4.547267e-01
8.128305e-04 1.528538e+01 6.993818e+00 1.680941e+01 4.575496e-01
8.317638e-04 1.518613e+01 6.992494e+00 1.671866e+01 4.604527e-01
8.511380e-04 1.508682e+01 6.991827e+00 1.662822e+01 4.634394e-01
8.709636e-04 1.498739e+01 6.991806e+00 1.653806e+01 4.665125e-01
8.912509e-04 1.488778e+01 6.992416e+00 1.644810e+01 4.696748e-01
9.120108e-04 1.478792e+01 6.993636e+00 1.635829e+01 4.729289e-01
9.332543e-04 1.468776e+01 6.995442e+00 1.626857e+01 4.762770e-01
9.549926e-04 1.458723e+01 6.997805e+00 1.617889e+01 4.797212e-01
9.772372e-04 1.448629e+01 7.000693e+00 1.608920e+01 4.832634e-01
1.000000e-03 1.438487e+01 7.004069e+00 1.599942e+01 4.869053e-01
1.023293e-03 1.428293e+01 7.007892e+00 1.590951e+01 4.906481e-01
1.047129e-03 1.418042e+01 7.012120e+00 1.581942e+01 4.944931e-01
1.071519e-03 1.407730e+01 7.016704e+00 1.572910e+01 4.984411e-01
1.096478e-03 1.397352e+01 7.021596e+00 1.563848e+01 5.024929e-01
1.122018e-03 1.386905e+01 7.026742e+00 1.554753e+01 5.066490e-01
1.148154e-03 1.376386e+01 7.032087e+00 1.545620e+01 5.109095e-01
1.174898e-03 1.365792e+01 7.037574e+00 1.536444e+01 5.152744e-01
1.202264e-03 1.355119e+01 7.043143e+00 1.527222e+01 5.197435e-01
1.230269e-03 1.344367e+01 7.048734e+00 1.517949e+01 5.243163e-01
1.258925e-03 1.333533e+01 7.054285e+00 1.508622e+01 5.289922e-01
1.288250e-03 1.322616e+01 7.059730e+00 1.499237e+01 5.337703e-01
1.318257e-03 1.311615e+01 7.065008e+00 1.489791e+01 5.386495e-01
1.348963e-03 1.300530e+01 7.070052e+00 1.480282e+01 5.436285e-01
1.380384e-03 1.289361e+01 7.074797e+00 1.470707e+01 5.487058e-01
1.412538e-03 1.278108e+01 7.079179e+00 1.461064e+01 5.538797e-01
1.445440e-03 1.266772e+01 7.083134e+00 1.451351e+01 5.591483e-01
1.479108e-03 1.255355e+01 7.086597e+00 1.441566e+01 5.645096e-01
1.513561e-03 1.243857e+01 7.089505e+00 1.431709e+01 5.699612e-01
1.548817e-03 1.232282e+01 7.091797e+00 1.421779e+01 5.755009e-01
1.584893e-03 1.220632e+01 7.093412e+00 1.411775e+01 5.811261e-01
1.621810e-03 1.208910e+01 7.094293e+00 1.401696e+01 5.868339e-01
1.659587e-03 1.197118e+01 7.094381e+00 1.391544e+01 5.926217e-01
1.698244e-03 1.185261e+01 7.093624e+00 1.381318e+01 5.984862e-01
1.737801e-03 1.173342e+01 7.091969e+00 1.371019e+01 6.044245e-01
1.778279e-03 1.161366e+01 7.089366e+00 1.360648e+01 6.104332e-01
1.819701e-03 1.149337e+01 7.085769e+00 1.350207e+01 6.165090e-01
1.862087e-03 1.137260e+01 7.081134e+00 1.339696e+01 6.226484e-01
1.905461e-03 1.125140e+01 7.075421e+00 1.329119e+01 6.288478e-01
1.949845e-03 1.112983e+01 7.068592e+00 1.318477e+01 6.351034e-01
1.995262e-03 1.100793e+01 7.060613e+00 1.307772e+01 6.414117e-01
2.041738e-03 1.088576e+01 7.051453e+00 1.297007e+01 6.477687e-01
2.089296e-03 1.076338e+01 7.041086e+00 1.286185e+01 6.541705e-01
2.137962e-03 1.064085e+01 7.029488e+00 1.275309e+01 6.606132e-01
2.187762e-03 1.051823e+01 7.016638e+00 1.264383e+01 6.670929e-01
2.238721e-03 1.039558e+01 7.002522e+00 1.253409e+01 6.736055e-01
2.290868e-03 1.027296e+01 6.987124e+00 1.242392e+01 6.801470e-01
2.344229e-03 1.015043e+01 6.970438e+00 1.231334e+01 6.867133e-01
2.398833e-03 1.002806e+01 6.952457e+00 1.220240e+01 6.933004e-01
2.454709e-03 9.905896e+00 6.933179e+00 1.209114e+01 6.999043e-01
2.511886e-03 9.784006e+00 6.912605e+00 1.197960e+01 7.065209e-01
2.570396e-03 9.662450e+00 6.890741e+00 1.186782e+01 7.131463e-01
2.630268e-03 9.541285e+00 6.867593e+00 1.175585e+01 7.197766e-01
2.691535e-03 9.420568e+00 6.843174e+00 1.164372e+01 7.264078e-01
2.754229e-03 9.300356e+00 6.817496e+00 1.153147e+01 7.330361e-01
2.818383e-03 9.180703e+00 6.790578e+00 1.141916e+01 7.396578e-01
2.884032e-03 9.061661e+00 6.762439e+00 1.130682e+01 7.462692e-01
2.951209e-03 8.943282e+00 6.733100e+00 1.119450e+01 7.528668e-01
3.019952e-03 8.825614e+00 6.702586e+00 1.108224e+01 7.594469e-01
3.090295e-03 8.708705e+00 6.670924e+00 1.097008e+01 7.660064e-01
3.162278e-03 8.592598e+00 6.638142e+00 1.085807e+01 7.725419e-01
3.235937e-03 8.477336e+00 6.604270e+00 1.074624e+01 7.790501e-01
3.311311e-03 8.362960e+00 6.569341e+00 1.063463e+01 7.855283e-01
3.388442e-03 8.249505e+00 6.533388e+00 1.052328e+01 7.919733e-01
3.467369e-03 8.137009e+00 6.496445e+00 1.041224e+01 7.983824e-01
3.548134e-03 8.025503e+00 6.458547e+00 1.030153e+01 8.047530e-01
3.630781e-03 7.915017e+00 6.419732e+00 1.019119e+01 8.110825e-01
3.715352e-03 7.805580e+00 6.380035e+00 1.008127e+01 8.173686e-01
3.801894e-03 7.697216e+00 6.339495e+00 9.971777e+00 8.236089e-01
3.890451e-03 7.589950e+00 6.298150e+00 9.862760e+00 8.298012e-01
3.981072e-03 7.483801e+00 6.256036e+00 9.754243e+00 8.359436e-01
4.073803e-03 7.378788e+00 6.213192e+00 9.646257e+00 8.420342e-01
4.168694e-03 7.274928e+00 6.169655e+00 9.538827e+00 8.480709e-01
4.265795e-03 7.172235e+00 6.125463e+00 9.431980e+00 8.540522e-01
4.365158e-03 7.070721e+00 6.080653e+00 9.325740e+00 8.599764e-01
4.466836e-03 6.970397e+00 6.035261e+00 9.220130e+00 8.658418e-01
4.570882e-03 6.871271e+00 5.989323e+00 9.115171e+00 8.716471e-01
4.677351e-03 6.773350e+00 5.942874e+00 9.010884e+00 8.773906e-01
4.786301e-03 6.676641e+00 5.895948e+00 8.907286e+00 8.830710e-01
4.897788e-03 6.581147e+00 5.848579e+00 8.804395e+00 8.886870e-01
5.011872e-03 6.486871e+00 5.800801e+00 8.702228e+00 8.942371e-01
5.128614e-03 6.393814e+00 5.752643e+00 8.600800e+00 8.997201e-01
5.248075e-03 6.301978e+00 5.704138e+00 8.500125e+00 9.051346e-01
5.370318e-03 6.211361e+00 5.655316e+00 8.400215e+00 9.104794e-01
5.495409e-03 6.121963e+00 5.606206e+00 8.301083e+00 9.157530e-01
5.623413e-03 6.033781e+00 5.556835e+00 8.202739e+00 9.209540e-01
5.754399e-03 5.946813e+00 5.507232e+00 8.105195e+00 9.260813e-01
5.888437e-03 5.861054e+00 5.457422e+00 8.008459e+00 9.311332e-01
6.025596e-03 5.776502e+00 5.407433e+00 7.912541e+00 9.361085e-01
6.165950e-03 5.693152e+00 5.357288e+00 7.817449e+00 9.410056e-01
6.309573e-03 5.610998e+00 5.307012e+00 7.723191e+00 9.458231e-01
6.456542e-03 5.530037e+00 5.256628e+00 7.629774e+00 9.505594e-01
6.606934e-03 5.450262e+00 5.206161e+00 7.537205e+00 9.552130e-01
6.760830e-03 5.371667e+00 5.155631e+00 7.445491e+00 9.597824e-01
6.918310e-03 5.294246e+00 5.105061e+00 7.354637e+00 9.642660e-01
7.079458e-03 5.217993e+00 5.054473e+00 7.264651e+00 9.686622e-01
7.244360e-03 5.142902e+00 5.003887e+00 7.175537e+00 9.729696e-01
7.413102e-03 5.068965e+00 4.953324e+00 7.087300e+00 9.771865e-01
7.585776e-03 4.996175e+00 4.902805e+00 6.999947e+00 9.813116e-01
7.762471e-03 4.924525e+00 4.852349e+00 6.913482e+00 9.853435e-01
7.943282e-03 4.854008e+00 4.801976e+00 6.827911e+00 9.892807e-01
8.128305e-03 4.784614e+00 4.751706e+00 6.743236e+00 9.931221e-01
8.317638e-03 4.716336e+00 4.701557e+00 6.659464e+00 9.968665e-01
8.511380e-03 4.649164e+00 4.651549e+00 6.576598e+00 1.000513e+00
8.709636e-03 4.583090e+00 4.601701e+00 6.494641e+00 1.004061e+00
8.912509e-03 4.518105e+00 4.552030e+00 6.413599e+00 1.007509e+00
9.120108e-03 4.454197e+00 4.502556e+00 6.333473e+00 1.010857e+00
9.332543e-03 4.391357e+00 4.453296e+00 6.254267e+00 1.014105e+00
9.549926e-03 4.329573e+00 4.404268e+00 6.175984e+00 1.017252e+00
9.772372e-03 4.268834e+00 4.355490e+00 6.098625e+00 1.020300e+00
1.000000e-02 4.209127e+00 4.306978e+00 6.022193e+00 1.023247e+00
1.023293e-02 4.150441e+00 4.258749e+00 5.946689e+00 1.026096e+00
1.047129e-02 4.092761e+00 4.210821e+00 5.872112e+00 1.028846e+00
1.071519e-02 4.036074e+00 4.163208e+00 5.798464e+00 1.031499e+00
1.096478e-02 3.980365e+00 4.115926e+00 5.725745e+00 1.034057e+00
1.122018e-02 3.925620e+00 4.068990e+00 5.653952e+00 1.036522e+00
1.148154e-02 3.871822e+00 4.022415e+00 5.583084e+00 1.038894e+00
1.174898e-02 3.818957e+00 3.976214e+00 5.513140e+00 1.041178e+00
1.202264e-02 3.767006e+00 3.930400e+00 5.444114e+00 1.043375e+00
1.230269e-02 3.715954e+00 3.884986e+00 5.376005e+00 1.045488e+00
1.258925e-02 3.665782e+00 3.839984e+00 5.308807e+00 1.047521e+00
1.288250e-02 3.616473e+00 3.795404e+00 5.242515e+00 1.049477e+00
1.318257e-02 3.568007e+00 3.751256e+00 5.177123e+00 1.051359e+00
1.348963e-02 3.520368e+00 3.707550e+00 5.112623e+00 1.053171e+00
1.380384e-02 3.473534e+00 3.664294e+00 5.049009e+00 1.054918e+00
1.412538e-02 3.427488e+00 3.621496e+00 4.986272e+00 1.056604e+00
1.445440e-02 3.382210e+00 3.579162e+00 4.924403e+00 1.058232e+00
1.479108e-02 3.337680e+00 3.537299e+00 4.863393e+00 1.059808e+00
1.513561e-02 3.293879e+00 3.495910e+00 4.803231e+00 1.061335e+00
1.548817e-02 3.250787e+00 3.455000e+00 4.743906e+00 1.062819e+00
1.584893e-02 3.208385e+00 3.414571e+00 4.685406e+00 1.064265e+00
1.621810e-02 3.166654e+00 3.374626e+00 4.627721e+00 1.065676e+00
1.659587e-02 3.125573e+00 3.335166e+00 4.570836e+00 1.067057e+00
1.698244e-02 3.085125e+00 3.296191e+00 4.514740e+00 1.068414e+00
1.737801e-02 3.045291e+00 3.257701e+00 4.459418e+00 1.069750e+00
1.778279e-02 3.006051e+00 3.219693e+00 4.404857e+00 1.071071e+00
1.819701e-02 2.967389e+00 3.182167e+00 4.351044e+00 1.072380e+00
1.862087e-02 2.929286e+00 3.145119e+00 4.297964e+00 1.073681e+00
1.905461e-02 2.891727e+00 3.108545e+00 4.245602e+00 1.074979e+00
1.949845e-02 2.854693e+00 3.072442e+00 4.193945e+00 1.076277e+00
1.995262e-02 2.818170e+00 3.036803e+00 4.142977e+00 1.077580e+00
2.041738e-02 2.782142e+00 3.001625e+00 4.092685e+00 1.078890e+00
2.089296e-02 2.746595e+00 2.966900e+00 4.043053e+00 1.080210e+00
2.137962e-02 2.711513e+00 2.932622e+00 3.994068e+00 1.081544e+00
2.187762e-02 2.676885e+00 2.898785e+00 3.945715e+00 1.082895e+00
2.238721e-02 2.642696e+00 2.865381e+00 3.897980e+00 1.084264e+00
2.290868e-02 2.608935e+00 2.832403e+00 3.850850e+00 1.085655e+00
2.344229e-02 2.575591e+00 2.799843e+00 3.804312e+00 1.087068e+00
2.398833e-02 2.542652e+00 2.767693e+00 3.758351e+00 1.088506e+00
2.454709e-02 2.510109e+00 2.735944e+00 3.712956e+00 1.089970e+00
2.511886e-02 2.477952e+00 2.704590e+00 3.668113e+00 1.091462e+00
2.570396e-02 2.446173e+00 2.673621e+00 3.623812e+00 1.092981e+00
2.630268e-02 2.414763e+00 2.643029e+00 3.580039e+00 1.094530e+00
2.691535e-02 2.383714e+00 2.612807e+00 3.536785e+00 1.096108e+00
2.754229e-02 2.353020e+00 2.582945e+00 3.494039e+00 1.097715e+00
2.818383e-02 2.322673e+00 2.553437e+00 3.451789e+00 1.099352e+00
2.884032e-02 2.292669e+00 2.524273e+00 3.410027e+00 1.101019e+00
2.951209e-02 2.263002e+00 2.495447e+00 3.368743e+00 1.102715e+00
3.019952e-02 2.233666e+00 2.466951e+00 3.327929e+00 1.104440e+00
3.090295e-02 2.204657e+00 2.438777e+00 3.287575e+00 1.106193e+00
3.162278e-02 2.175971e+00 2.410919e+00 3.247674e+00 1.107974e+00
3.235937e-02 2.147604e+00 2.383370e+00 3.208217e+00 1.109781e+00
3.311311e-02 2.119553e+00 2.356124e+00 3.169199e+00 1.111614e+00
3.388442e-02 2.091813e+00 2.329173e+00 3.130612e+00 1.113471e+00
3.467369e-02 2.064383e+00 2.302513e+00 3.092450e+00 1.115352e+00
3.548134e-02 2.037259e+00 2.276138e+00 3.054706e+00 1.117255e+00
3.630781e-02 2.010440e+00 2.250041e+00 3.017375e+00 1.119179e+00
3.715352e-02 1.983921e+00 2.224219e+00 2.980452e+00 1.121123e+00
3.801894e-02 1.957702e+00 2.198665e+00 2.943931e+00 1.123085e+00
3.890451e-02 1.931780e+00 2.173377e+00 2.907807e+00 1.125064e+00
3.981072e-02 1.906153e+00 2.148348e+00 2.872076e+00 1.127060e+00
4.073803e-02 1.880819e+00 2.123576e+00 2.836733e+00 1.129070e+00
4.168694e-02 1.855776e+00 2.099056e+00 2.801774e+00 1.131093e+00
4.265795e-02 1.831022e+00 2.074784e+00 2.767196e+00 1.133129e+00
4.365158e-02 1.806556e+00 2.050758e+00 2.732993e+00 1.135176e+00
4.466836e-02 1.782374e+00 2.026974e+00 2.699163e+00 1.137232e+00
4.570882e-02 1.758477e+00 2.003428e+00 2.665702e+00 1.139297e+00
4.677351e-02 1.734861e+00 1.980119e+00 2.632605e+00 1.141370e+00
4.786301e-02 1.711524e+00 1.957042e+00 2.599871e+00 1.143450e+00
4.897788e-02 1.688466e+00 1.934196e+00 2.567495e+00 1.145534e+00
5.011872e-02 1.665683e+00 1.911577e+00 2.535474e+00 1.147624e+00
5.128614e-02 1.643174e+00 1.889184e+00 2.503805e+00 1.149717e+00
5.248075e-02 1.620936e+00 1.867015e+00 2.472484e+00 1.151812e+00
5.370318e-02 1.598969e+00 1.845065e+00 2.441509e+00 1.153910e+00
5.495409e-02 1.577268e+00 1.823335e+00 2.410876e+00 1.156008e+00
5.623413e-02 1.555834e+00 1.801820e+00 2.380583e+00 1.158106e+00
5.754399e-02 1.534662e+00 1.780520e+00 2.350625e+00 1.160203e+00
5.888437e-02 1.513752e+00 1.759432e+00 2.321001e+00 1.162299e+00
6.025596e-02 1.493100e+00 1.738555e+00 2.291707e+00 1.164392e+00
6.165950e-02 1.472706e+00 1.717885e+00 2.262740e+00 1.166482e+00
6.309573e-02 1.452566e+00 1.697422e+00 2.234096e+00 1.168568e+00
6.456542e-02 1.432678e+00 1.677162e+00 2.205774e+00 1.170649e+00
6.606934e-02 1.413041e+00 1.657106e+00 2.177770e+00 1.172723e+00
6.760830e-02 1.393652e+00 1.637249e+00 2.150081e+00 1.174791e+00
6.918310e-02 1.374508e+00 1.617591e+00 2.122705e+00 1.176851e+00
7.079458e-02 1.355609e+00 1.598130e+00 2.095637e+00 1.178902e+00
7.244360e-02 1.336952e+00 1.578864e+00 2.068877e+00 1.180943e+00
7.413102e-02 1.318534e+00 1.559791e+00 2.042420e+00 1.182974e+00
7.585776e-02 1.300353e+00 1.540909e+00 2.016264e+00 1.184992e+00
7.762471e-02 1.282409e+00 1.522217e+00 1.990406e+00 1.186998e+00
7.943282e-02 1.264698e+00 1.503713e+00 1.964844e+00 1.188990e+00
8.128305e-02 1.247219e+00 1.485395e+00 1.939575e+00 1.190966e+00
8.317638e-02 1.229969e+00 1.467262e+00 1.914597e+00 1.192926e+00
8.511380e-02 1.212947e+00 1.449312e+00 1.889906e+00 1.194868e+00
8.709636e-02 1.196152e+00 1.431543e+00 1.865501e+00 1.196791e+00
8.912509e-02 1.179580e+00 1.413955e+00 1.841379e+00 1.198693e+00
9.120108e-02 1.163230e+00 1.396545e+00 1.817537e+00 1.200575e+00
9.332543e-02 1.147101e+00 1.379313e+00 1.793974e+00 1.202433e+00
9.549926e-02 1.131191e+00 1.362256e+00 1.770688e+00 1.204267e+00
9.772372e-02 1.115497e+00 1.345375e+00 1.747675e+00 1.206076e+00
1.000000e-01 1.100018e+00 1.328666e+00 1.724933e+00 1.207858e+00
1.023293e-01 1.084753e+00 1.312131e+00 1.702462e+00 1.209613e+00
1.047129e-01 1.069699e+00 1.295766e+00 1.680257e+00 1.211338e+00
1.071519e-01 1.054854e+00 1.279572e+00 1.658319e+00 1.213032e+00
1.096478e-01 1.040217e+00 1.263547e+00 1.636644e+00 1.214695e+00
1.122018e-01 1.025787e+00 1.247690e+00 1.615230e+00 1.216325e+00
1.148154e-01 1.011560e+00 1.232000e+00 1.594076e+00 1.217921e+00
1.174898e-01 9.975354e-01 1.216477e+00 1.573179e+00 1.219482e+00
1.202264e-01 9.837114e-01 1.201119e+00 1.552538e+00 1.221008e+00
1.230269e-01 9.700858e-01 1.185926e+00 1.532151e+00 1.222496e+00
1.258925e-01 9.566568e-01 1.170898e+00 1.512016e+00 1.223947e+00
1.288250e-01 9.434224e-01 1.156032e+00 1.492131e+00 1.225360e+00
1.318257e-01 9.303806e-01 1.141329e+00 1.472494e+00 1.226733e+00
1.348963e-01 9.175295e-01 1.126788e+00 1.453104e+00 1.228067e+00
1.380384e-01 9.048669e-01 1.112408e+00 1.433958e+00 1.229360e+00
1.412538e-01 8.923908e-01 1.098188e+00 1.415054e+00 1.230613e+00
1.445440e-01 8.800992e-01 1.084128e+00 1.396391e+00 1.231825e+00
1.479108e-01 8.679899e-01 1.070227e+00 1.377967e+00 1.232995e+00
1.513561e-01 8.560607e-01 1.056485e+00 1.359780e+00 1.234124e+00
1.548817e-01 8.443095e-01 1.042901e+00 1.341827e+00 1.235212e+00
1.584893e-01 8.327341e-01 1.029474e+00 1.324108e+00 1.236257e+00
1.621810e-01 8.213323e-01 1.016203e+00 1.306620e+00 1.237261e+00
1.659587e-01 8.101019e-01 1.003088e+00 1.289360e+00 1.238224e+00
1.698244e-01 7.990406e-01 9.901279e-01 1.272328e+00 1.239146e+00
1.737801e-01 7.881461e-01 9.773224e-01 1.255521e+00 1.240027e+00
1.778279e-01 7.774162e-01 9.646705e-01 1.238937e+00 1.240868e+00
1.819701e-01 7.668486e-01 9.521716e-01 1.222574e+00 1.241668e+00
1.862087e-01 7.564410e-01 9.398248e-01 1.206430e+00 1.242430e+00
1.905461e-01 7.461912e-01 9.276295e-01 1.190503e+00 1.243153e+00
1.949845e-01 7.360968e-01 9.155847e-01 1.174791e+00 1.243837e+00
1.995262e-01 7.261555e-01 9.036897e-01 1.159292e+00 1.244485e+00
2.041738e-01 7.163650e-01 8.919437e-01 1.144003e+00 1.245097e+00
2.089296e-01 7.067232e-01 8.803459e-01 1.128923e+00 1.245673e+00
2.137962e-01 6.972276e-01 8.688953e-01 1.114049e+00 1.246215e+00
2.187762e-01 6.878760e-01 8.575911e-01 1.099380e+00 1.246724e+00
2.238721e-01 6.786661e-01 8.464325e-01 1.084913e+00 1.247200e+00
2.290868e-01 6.695957e-01 8.354185e-01 1.070646e+00 1.247646e+00
2.344229e-01 6.606626e-01 8.245481e-01 1.056577e+00 1.248062e+00
2.398833e-01 6.518644e-01 8.138206e-01 1.042704e+00 1.248451e+00
2.454709e-01 6.431990e-01 8.032349e-01 1.029024e+00 1.248812e+00
2.511886e-01 6.346641e-01 7.927900e-01 1.015537e+00 1.249149e+00
2.570396e-01 6.262576e-01 7.824851e-01 1.002238e+00 1.249462e+00
2.630268e-01 6.179772e-01 7.723192e-01 9.891273e-01 1.249754e+00
2.691535e-01 6.098208e-01 7.622912e-01 9.762015e-01 1.250025e+00
2.754229e-01 6.017862e-01 7.524002e-01 9.634587e-01 1.250278e+00
2.818383e-01 5.938712e-01 7.426452e-01 9.508969e-01 1.250516e+00
2.884032e-01 5.860737e-01 7.330252e-01 9.385139e-01 1.250739e+00
2.951209e-01 5.783916e-01 7.235391e-01 9.263076e-01 1.250950e+00
3.019952e-01 5.708227e-01 7.141860e-01 9.142757e-01 1.251152e+00
3.090295e-01 5.633649e-01 7.049648e-01 9.024163e-01 1.251347e+00
3.162278e-01 5.560161e-01 6.958744e-01 8.907272e-01 1.251536e+00
3.235937e-01 5.487742e-01 6.869137e-01 8.792062e-01 1.251724e+00
3.311311e-01 5.416371e-01 6.780819e-01 8.678512e-01 1.251912e+00
3.388442e-01 5.346028e-01 6.693776e-01 8.566601e-01 1.252103e+00
3.467369e-01 5.276692e-01 6.607999e-01 8.456307e-01 1.252300e+00
3.548134e-01 5.208342e-01 6.523477e-01 8.347609e-01 1.252506e+00
3.630781e-01 5.140958e-01 6.440198e-01 8.240485e-01 1.252723e+00
3.715352e-01 5.074519e-01 6.358150e-01 8.134914e-01 1.252956e+00
3.801894e-01 5.009006e-01 6.277323e-01 8.030874e-01 1.253207e+00
3.890451e-01 4.944399e-01 6.197705e-01 7.928344e-01 1.253480e+00
3.981072e-01 4.880677e-01 6.119284e-01 7.827301e-01 1.253778e+00
4.073803e-01 4.817821e-01 6.042048e-01 7.727726e-01 1.254104e+00
4.168694e-01 4.755811e-01 5.965985e-01 7.629595e-01 1.254462e+00
4.265795e-01 4.694628e-01 5.891082e-01 7.532887e-01 1.254856e+00
4.365158e-01 4.634252e-01 5.817328e-01 7.437580e-01 1.255289e+00
4.466836e-01 4.574666e-01 5.744709e-01 7.343653e-01 1.255766e+00
4.570882e-01 4.515849e-01 5.673212e-01 7.251084e-01 1.256289e+00
4.677351e-01 4.457783e-01 5.602825e-01 7.159852e-01 1.256864e+00
4.786301e-01 4.400450e-01 5.533535e-01 7.069934e-01 1.257493e+00
4.897788e-01 4.343831e-01 5.465328e-01 6.981309e-01 1.258181e+00
5.011872e-01 4.287909e-01 5.398191e-01 6.893956e-01 1.258933e+00
5.128614e-01 4.232667e-01 5.332109e-01 6.807852e-01 1.259752e+00
5.248075e-01 4.178086e-01 5.267070e-01 6.722977e-01 1.260642e+00
5.370318e-01 4.124149e-01 5.203059e-01 6.639309e-01 1.261608e+00
5.495409e-01 4.070840e-01 5.140062e-01 6.556827e-01 1.262654e+00
5.623413e-01 4.018142e-01 5.078065e-01 6.475509e-01 1.263784e+00
5.754399e-01 3.966039e-01 5.017053e-01 6.395334e-01 1.265003e+00
5.888437e-01 3.914515e-01 4.957013e-01 6.316281e-01 1.266316e+00
6.025596e-01 3.863554e-01 4.897929e-01 6.238330e-01 1.267726e+00
6.165950e-01 3.813141e-01 4.839786e-01 6.161459e-01 1.269239e+00
6.309573e-01 3.763261e-01 4.782570e-01 6.085648e-01 1.270858e+00
6.456542e-01 3.713898e-01 4.726266e-01 6.010876e-01 1.272589e+00
6.606934e-01 3.665039e-01 4.670859e-01 5.937123e-01 1.274436e+00
6.760830e-01 3.616670e-01 4.616333e-01 5.864370e-01 1.276404e+00
6.918310e-01 3.568776e-01 4.562674e-01 5.792595e-01 1.278498e+00
7.079458e-01 3.521344e-01 4.509866e-01 5.721779e-01 1.280723e+00
7.244360e-01 3.474362e-01 4.457893e-01 5.651902e-01 1.283083e+00
7.413102e-01 3.427816e-01 4.406741e-01 5.582946e-01 1.285583e+00
7.585776e-01 3.381694e-01 4.356393e-01 5.514890e-01 1.288228e+00
7.762471e-01 3.335983e-01 4.306835e-01 5.447716e-01 1.291024e+00
7.943282e-01 3.290673e-01 4.258050e-01 5.381405e-01 1.293975e+00
8.128305e-01 3.245752e-01 4.210023e-01 5.315938e-01 1.297087e+00
8.317638e-01 3.201209e-01 4.162738e-01 5.251298e-01 1.300365e+00
8.511380e-01 3.157032e-01 4.116180e-01 5.187465e-01 1.303813e+00
8.709636e-01 3.113212e-01 4.070333e-01 5.124422e-01 1.307438e+00
8.912509e-01 3.069740e-01 4.025180e-01 5.062152e-01 1.311245e+00
9.120108e-01 3.026604e-01 3.980707e-01 5.000636e-01 1.315239e+00
9.332543e-01 2.983796e-01 3.936898e-01 4.939859e-01 1.319426e+00
9.549926e-01 2.941308e-01 3.893736e-01 4.879802e-01 1.323811e+00
9.772372e-01 2.899130e-01 3.851205e-01 4.820450e-01 1.328400e+00
1.000000e+00 2.857256e-01 3.809291e-01 4.761787e-01 1.333199e+00
1.023293e+00 2.815676e-01 3.767978e-01 4.703795e-01 1.338215e+00
1.047129e+00 2.774383e-01 3.727249e-01 4.646460e-01 1.343451e+00
1.071519e+00 2.733371e-01 3.687089e-01 4.589765e-01 1.348916e+00
1.096478e+00 2.692634e-01 3.647483e-01 4.533697e-01 1.354615e+00
1.122018e+00 2.652164e-01 3.608414e-01 4.478239e-01 1.360555e+00
1.148154e+00 2.611957e-01 3.569868e-01 4.423378e-01 1.366741e+00
1.174898e+00 2.572006e-01 3.531829e-01 4.369100e-01 1.373181e+00
1.202264e+00 2.532307e-01 3.494282e-01 4.315389e-01 1.379881e+00
1.230269e+00 2.492855e-01 3.457211e-01 4.262233e-01 1.386848e+00
1.258925e+00 2.453645e-01 3.420601e-01 4.209618e-01 1.394089e+00
1.288250e+00 2.414675e-01 3.384438e-01 4.157532e-01 1.401612e+00
1.318257e+00 2.375940e-01 3.348706e-01 4.105962e-01 1.409423e+00
1.348963e+00 2.337438e-01 3.313390e-01 4.054895e-01 1.417531e+00
1.380384e+00 2.299165e-01 3.278476e-01 4.004319e-01 1.425942e+00
1.412538e+00 2.261120e-01 3.243950e-01 3.954223e-01 1.434665e+00
1.445440e+00 2.223301e-01 3.209797e-01 3.904595e-01 1.443708e+00
1.479108e+00 2.185705e-01 3.176002e-01 3.855424e-01 1.453079e+00
1.513561e+00 2.148332e-01 3.142552e-01 3.806700e-01 1.462787e+00
1.548817e+00 2.111180e-01 3.109434e-01 3.758412e-01 1.472841e+00
1.584893e+00 2.074251e-01 3.076632e-01 3.710550e-01 1.483250e+00
1.621810e+00 2.037543e-01 3.044134e-01 3.663104e-01 1.494022e+00
1.659587e+00 2.001056e-01 3.011927e-01 3.616066e-01 1.505169e+00
1.698244e+00 1.964793e-01 2.979997e-01 3.569425e-01 1.516698e+00
1.737801e+00 1.928753e-01 2.948332e-01 3.523173e-01 1.528621e+00
1.778279e+00 1.892938e-01 2.916920e-01 3.477303e-01 1.540949e+00
1.819701e+00 1.857350e-01 2.885747e-01 3.431804e-01 1.553690e+00
1.862087e+00 1.821991e-01 2.854801e-01 3.386671e-01 1.566858e+00
1.905461e+00 1.786864e-01 2.824072e-01 3.341896e-01 1.580463e+00
1.949845e+00 1.751972e-01 2.793547e-01 3.297471e-01 1.594516e+00
1.995262e+00 1.717318e-01 2.763216e-01 3.253389e-01 1.609030e+00
2.041738e+00 1.682905e-01 2.733067e-01 3.209646e-01 1.624018e+00
2.089296e+00 1.648738e-01 2.703091e-01 3.166234e-01 1.639491e+00
2.137962e+00 1.614821e-01 2.673276e-01 3.123148e-01 1.655463e+00
2.187762e+00 1.581158e-01 2.643614e-01 3.080382e-01 1.671947e+00
2.238721e+00 1.547756e-01 2.614094e-01 3.037933e-01 1.688958e+00
2.290868e+00 1.514618e-01 2.584709e-01 2.995795e-01 1.706509e+00
2.344229e+00 1.481750e-01 2.555449e-01 2.953964e-01 1.724615e+00
2.398833e+00 1.449159e-01 2.526306e-01 2.912436e-01 1.743290e+00
2.454709e+00 1.416851e-01 2.497272e-01 2.871208e-01 1.762551e+00
2.511886e+00 1.384831e-01 2.468342e-01 2.830277e-01 1.782413e+00
2.570396e+00 1.353107e-01 2.439507e-01 2.789640e-01 1.802893e+00
2.630268e+00 1.321685e-01 2.410762e-01 2.749295e-01 1.824006e+00
2.691535e+00 1.290573e-01 2.382101e-01 2.709240e-01 1.845770e+00
2.754229e+00 1.259777e-01 2.353519e-01 2.669474e-01 1.868202e+00
2.818383e+00 1.229305e-01 2.325012e-01 2.629994e-01 1.891321e+00
2.884032e+00 1.199165e-01 2.296575e-01 2.590801e-01 1.915145e+00
2.951209e+00 1.169363e-01 2.268205e-01 2.551894e-01 1.939692e+00
3.019952e+00 1.139908e-01 2.239899e-01 2.513273e-01 1.964982e+00
3.090295e+00 1.110807e-01 2.211656e-01 2.474937e-01 1.991035e+00
3.162278e+00 1.082068e-01 2.183473e-01 2.436888e-01 2.017870e+00
3.235937e+00 1.053698e-01 2.155349e-01 2.399127e-01 2.045509e+00
3.311311e+00 1.025705e-01 2.127284e-01 2.361654e-01 2.073972e+00
3.388442e+00 9.980965e-02 2.099278e-01 2.324471e-01 2.103281e+00
3.467369e+00 9.708793e-02 2.071331e-01 2.287580e-01 2.133459e+00
3.548134e+00 9.440609e-02 2.043446e-01 2.250982e-01 2.164528e+00
3.630781e+00 9.176480e-02 2.015623e-01 2.214681e-01 2.196510e+00
3.715352e+00 8.916474e-02 1.987865e-01 2.178679e-01 2.229430e+00
3.801894e+00 8.660655e-02 1.960175e-01 2.142979e-01 2.263311e+00
3.890451e+00 8.409084e-02 1.932557e-01 2.107582e-01 2.298178e+00
3.981072e+00 8.161819e-02 1.905014e-01 2.072494e-01 2.334056e+00
4.073803e+00 7.918913e-02 1.877551e-01 2.037717e-01 2.370971e+00
4.168694e+00 7.680418e-02 1.850173e-01 2.003254e-01 2.408948e+00
4.265795e+00 7.446379e-02 1.822884e-01 1.969109e-01 2.448014e+00
4.365158e+00 7.216839e-02 1.795691e-01 1.935287e-01 2.488197e+00
4.466836e+00 6.991833e-02 1.768600e-01 1.901790e-01 2.529523e+00
4.570882e+00 6.771395e-02 1.741617e-01 1.868622e-01 2.572021e+00
4.677351e+00 6.555553e-02 1.714749e-01 1.835788e-01 2.615720e+00
4.786301e+00 6.344327e-02 1.688002e-01 1.803290e-01 2.660648e+00
4.897788e+00 6.137736e-02 1.661384e-01 1.771134e-01 2.706836e+00
5.011872e+00 5.935790e-02 1.634903e-01 1.739323e-01 2.754314e+00
5.128614e+00 5.738497e-02 1.608565e-01 1.707860e-01 2.803113e+00
5.248075e+00 5.545856e-02 1.582379e-01 1.676750e-01 2.853264e+00
5.370318e+00 5.357865e-02 1.556352e-01 1.645995e-01 2.904799e+00
5.495409e+00 5.174511e-02 1.530492e-01 1.615599e-01 2.957752e+00
5.623413e+00 4.995781e-02 1.504807e-01 1.585566e-01 3.012155e+00
5.754399e+00 4.821653e-02 1.479303e-01 1.555899e-01 3.068042e+00
5.888437e+00 4.652102e-02 1.453990e-01 1.526600e-01 3.125448e+00
6.025596e+00 4.487097e-02 1.428875e-01 1.497673e-01 3.184408e+00
6.165950e+00 4.326603e-02 1.403965e-01 1.469120e-01 3.244959e+00
6.309573e+00 4.170578e-02 1.379267e-01 1.440942e-01 3.307136e+00
6.456542e+00 4.018979e-02 1.354789e-01 1.413143e-01 3.370977e+00
6.606934e+00 3.871755e-02 1.330537e-01 1.385725e-01 3.436521e+00
6.760830e+00 3.728854e-02 1.306518e-01 1.358688e-01 3.503805e+00
6.918310e+00 3.590218e-02 1.282738e-01 1.332034e-01 3.572870e+00
7.079458e+00 3.455786e-02 1.259204e-01 1.305764e-01 3.643757e+00
7.244360e+00 3.325495e-02 1.235922e-01 1.279880e-01 3.716505e+00
7.413102e+00 3.199277e-02 1.212897e-01 1.254381e-01 3.791158e+00
7.585776e+00 3.077062e-02 1.190134e-01 1.229268e-01 3.867759e+00
7.762471e+00 2.958778e-02 1.167637e-01 1.204542e-01 3.946350e+00
7.943282e+00 2.844348e-02 1.145413e-01 1.180201e-01 4.026978e+00
8.128305e+00 2.733697e-02 1.123464e-01 1.156245e-01 4.109688e+00
8.317638e+00 2.626745e-02 1.101795e-01 1.132674e-01 4.194526e+00
8.511380e+00 2.523412e-02 1.080409e-01 1.109486e-01 4.281540e+00
8.709636e+00 2.423616e-02 1.059309e-01 1.086681e-01 4.370779e+00
8.912509e+00 2.327275e-02 1.038498e-01 1.064256e-01 4.462293e+00
9.120108e+00 2.234306e-02 1.017979e-01 1.042211e-01 4.556132e+00
9.332543e+00 2.144623e-02 9.977535e-02 1.020542e-01 4.652349e+00
9.549926e+00 2.058143e-02 9.778230e-02 9.992484e-02 4.750997e+00
9.772372e+00 1.974781e-02 9.581893e-02 9.783273e-02 4.852130e+00
1.000000e+01 1.894452e-02 9.388533e-02 9.577761e-02 4.955803e+00
