1.000000e-06 5.048493e+01 5.972605e-01 5.048846e+01 1.183047e-02
1.023293e-06 5.048446e+01 6.111640e-01 5.048815e+01 1.210598e-02
1.047129e-06 5.048396e+01 6.253908e-01 5.048783e+01 1.238791e-02
1.071519e-06 5.048344e+01 6.399483e-01 5.048750e+01 1.267640e-02
1.096478e-06 5.048290e+01 6.548442e-01 5.048714e+01 1.297161e-02
1.122018e-06 5.048233e+01 6.700863e-01 5.048677e+01 1.327368e-02
1.148154e-06 5.048173e+01 6.856827e-01 5.048639e+01 1.358279e-02
1.174898e-06 5.048111e+01 7.016415e-01 5.048598e+01 1.389909e-02
1.202264e-06 5.048045e+01 7.179712e-01 5.048556e+01 1.422276e-02
1.230269e-06 5.047977e+01 7.346802e-01 5.048511e+01 1.455395e-02
1.258925e-06 5.047905e+01 7.517774e-01 5.048465e+01 1.489286e-02
1.288250e-06 5.047830e+01 7.692716e-01 5.048416e+01 1.523965e-02
1.318257e-06 5.047751e+01 7.871722e-01 5.048365e+01 1.559451e-02
1.348963e-06 5.047669e+01 8.054885e-01 5.048312e+01 1.595763e-02
1.380384e-06 5.047583e+01 8.242300e-01 5.048256e+01 1.632920e-02
1.412538e-06 5.047493e+01 8.434065e-01 5.048197e+01 1.670942e-02
1.445440e-06 5.047398e+01 8.630282e-01 5.048136e+01 1.709848e-02
1.479108e-06 5.047299e+01 8.831052e-01 5.048072e+01 1.749659e-02
1.513561e-06 5.047196e+01 9.036480e-01 5.048005e+01 1.790396e-02
1.548817e-06 5.047087e+01 9.246674e-01 5.047934e+01 1.832081e-02
1.584893e-06 5.046974e+01 9.461743e-01 5.047861e+01 1.874736e-02
1.621810e-06 5.046855e+01 9.681799e-01 5.047783e+01 1.918383e-02
1.659587e-06 5.046730e+01 9.906957e-01 5.047703e+01 1.963045e-02
1.698244e-06 5.046600e+01 1.013733e+00 5.047618e+01 2.008745e-02
1.737801e-06 5.046464e+01 1.037305e+00 5.047530e+01 2.055509e-02
1.778279e-06 5.046321e+01 1.061423e+00 5.047437e+01 2.103359e-02
1.819701e-06 5.046171e+01 1.086099e+00 5.047340e+01 2.152323e-02
1.862087e-06 5.046014e+01 1.111346e+00 5.047238e+01 2.202424e-02
1.905461e-06 5.045850e+01 1.137179e+00 5.047132e+01 2.253691e-02
1.949845e-06 5.045679e+01 1.163609e+00 5.047020e+01 2.306149e-02
1.995262e-06 5.045499e+01 1.190650e+00 5.046903e+01 2.359826e-02
2.041738e-06 5.045311e+01 1.218317e+00 5.046781e+01 2.414751e-02
2.089296e-06 5.045113e+01 1.246623e+00 5.046653e+01 2.470952e-02
2.137962e-06 5.044907e+01 1.275584e+00 5.046519e+01 2.528459e-02
2.187762e-06 5.044691e+01 1.305214e+00 5.046379e+01 2.587301e-02
2.238721e-06 5.044465e+01 1.335528e+00 5.046232e+01 2.647511e-02
2.290868e-06 5.044228e+01 1.366541e+00 5.046079e+01 2.709119e-02
2.344229e-06 5.043980e+01 1.398271e+00 5.045918e+01 2.772158e-02
2.398833e-06 5.043720e+01 1.430732e+00 5.045749e+01 2.836661e-02
2.454709e-06 5.043448e+01 1.463942e+00 5.045573e+01 2.902661e-02
2.511886e-06 5.043164e+01 1.497917e+00 5.045388e+01 2.970193e-02
2.570396e-06 5.042866e+01 1.532675e+00 5.045195e+01 3.039293e-02
2.630268e-06 5.042554e+01 1.568232e+00 5.044992e+01 3.109996e-02
2.691535e-06 5.042227e+01 1.604608e+00 5.044780e+01 3.182339e-02
2.754229e-06 5.041886e+01 1.641820e+00 5.044558e+01 3.256360e-02
2.818383e-06 5.041528e+01 1.679887e+00 5.044326e+01 3.332099e-02
2.884032e-06 5.041153e+01 1.718828e+00 5.044082e+01 3.409593e-02
2.951209e-06 5.040761e+01 1.758663e+00 5.043828e+01 3.488884e-02
3.019952e-06 5.040350e+01 1.799411e+00 5.043561e+01 3.570012e-02
3.090295e-06 5.039920e+01 1.841093e+00 5.043282e+01 3.653021e-02
3.162278e-06 5.039470e+01 1.883730e+00 5.042990e+01 3.737952e-02
3.235937e-06 5.038999e+01 1.927342e+00 5.042684e+01 3.824850e-02
3.311311e-06 5.038506e+01 1.971951e+00 5.042363e+01 3.913761e-02
3.388442e-06 5.037990e+01 2.017578e+00 5.042028e+01 4.004729e-02
3.467369e-06 5.037449e+01 2.064247e+00 5.041677e+01 4.097802e-02
3.548134e-06 5.036883e+01 2.111980e+00 5.041309e+01 4.193029e-02
3.630781e-06 5.036291e+01 2.160799e+00 5.040925e+01 4.290457e-02
3.715352e-06 5.035671e+01 2.210729e+00 5.040522e+01 4.390138e-02
3.801894e-06 5.035023e+01 2.261794e+00 5.040100e+01 4.492123e-02
3.890451e-06 5.034344e+01 2.314017e+00 5.039659e+01 4.596463e-02
3.981072e-06 5.033633e+01 2.367425e+00 5.039197e+01 4.703213e-02
4.073803e-06 5.032889e+01 2.422041e+00 5.038713e+01 4.812426e-02
4.168694e-06 5.032110e+01 2.477891e+00 5.038207e+01 4.924160e-02
4.265795e-06 5.031295e+01 2.535003e+00 5.037678e+01 5.038470e-02
4.365158e-06 5.030442e+01 2.593402e+00 5.037123e+01 5.155415e-02
4.466836e-06 5.029550e+01 2.653115e+00 5.036543e+01 5.275055e-02
4.570882e-06 5.028616e+01 2.714170e+00 5.035935e+01 5.397449e-02
4.677351e-06 5.027638e+01 2.776594e+00 5.035299e+01 5.522661e-02
4.786301e-06 5.026615e+01 2.840415e+00 5.034634e+01 5.650752e-02
4.897788e-06 5.025544e+01 2.905663e+00 5.033937e+01 5.781788e-02
5.011872e-06 5.024424e+01 2.972366e+00 5.033208e+01 5.915835e-02
5.128614e-06 5.023252e+01 3.040553e+00 5.032445e+01 6.052959e-02
5.248075e-06 5.022025e+01 3.110255e+00 5.031647e+01 6.193229e-02
5.370318e-06 5.020741e+01 3.181501e+00 5.030811e+01 6.336715e-02
5.495409e-06 5.019398e+01 3.254321e+00 5.029937e+01 6.483488e-02
5.623413e-06 5.017994e+01 3.328747e+00 5.029022e+01 6.633621e-02
5.754399e-06 5.016524e+01 3.404809e+00 5.028065e+01 6.787189e-02
5.888437e-06 5.014986e+01 3.482539e+00 5.027063e+01 6.944265e-02
6.025596e-06 5.013377e+01 3.561968e+00 5.026015e+01 7.104928e-02
6.165950e-06 5.011694e+01 3.643129e+00 5.024918e+01 7.269256e-02
6.309573e-06 5.009934e+01 3.726053e+00 5.023771e+01 7.437328e-02
6.456542e-06 5.008093e+01 3.810772e+00 5.022571e+01 7.609227e-02
6.606934e-06 5.006167e+01 3.897319e+00 5.021315e+01 7.785035e-02
6.760830e-06 5.004153e+01 3.985726e+00 5.020001e+01 7.964835e-02
6.918310e-06 5.002047e+01 4.076026e+00 5.018627e+01 8.148715e-02
7.079458e-06 4.999844e+01 4.168251e+00 5.017189e+01 8.336761e-02
7.244360e-06 4.997541e+01 4.262434e+00 5.015686e+01 8.529062e-02
7.413102e-06 4.995133e+01 4.358608e+00 5.014113e+01 8.725709e-02
7.585776e-06 4.992615e+01 4.456804e+00 5.012468e+01 8.926792e-02
7.762471e-06 4.989983e+01 4.557055e+00 5.010748e+01 9.132407e-02
7.943282e-06 4.987231e+01 4.659393e+00 5.008949e+01 9.342646e-02
8.128305e-06 4.984355e+01 4.763850e+00 5.007068e+01 9.557607e-02
8.317638e-06 4.981348e+01 4.870456e+00 5.005102e+01 9.777386e-02
8.511380e-06 4.978206e+01 4.979243e+00 5.003045e+01 1.000208e-01
8.709636e-06 4.974922e+01 5.090241e+00 5.000895e+01 1.023180e-01
8.912509e-06 4.971491e+01 5.203479e+00 4.998648e+01 1.046664e-01
9.120108e-06 4.967905e+01 5.318985e+00 4.996299e+01 1.070670e-01
9.332543e-06 4.964160e+01 5.436789e+00 4.993843e+01 1.095208e-01
9.549926e-06 4.960247e+01 5.556917e+00 4.991277e+01 1.120290e-01
9.772372e-06 4.956160e+01 5.679395e+00 4.988594e+01 1.145927e-01
1.000000e-05 4.951891e+01 5.804247e+00 4.985792e+01 1.172127e-01
1.023293e-05 4.947434e+01 5.931498e+00 4.982863e+01 1.198904e-01
1.047129e-05 4.942780e+01 6.061169e+00 4.979804e+01 1.226267e-01
1.071519e-05 4.937921e+01 6.193281e+00 4.976608e+01 1.254228e-01
1.096478e-05 4.932848e+01 6.327851e+00 4.973270e+01 1.282799e-01
1.122018e-05 4.927554e+01 6.464897e+00 4.969783e+01 1.311989e-01
1.148154e-05 4.922030e+01 6.604433e+00 4.966142e+01 1.341811e-01
1.174898e-05 4.916266e+01 6.746472e+00 4.962340e+01 1.372276e-01
1.202264e-05 4.910252e+01 6.891022e+00 4.958370e+01 1.403395e-01
1.230269e-05 4.903980e+01 7.038092e+00 4.954227e+01 1.435180e-01
1.258925e-05 4.897438e+01 7.187685e+00 4.949902e+01 1.467642e-01
1.288250e-05 4.890618e+01 7.339803e+00 4.945389e+01 1.500793e-01
1.318257e-05 4.883507e+01 7.494442e+00 4.940679e+01 1.534643e-01
1.348963e-05 4.876096e+01 7.651597e+00 4.935766e+01 1.569205e-01
1.380384e-05 4.868374e+01 7.811258e+00 4.930641e+01 1.604490e-01
1.412538e-05 4.860328e+01 7.973412e+00 4.925296e+01 1.640509e-01
1.445440e-05 4.851947e+01 8.138040e+00 4.919722e+01 1.677273e-01
1.479108e-05 4.843220e+01 8.305120e+00 4.913912e+01 1.714793e-01
1.513561e-05 4.834134e+01 8.474623e+00 4.907855e+01 1.753080e-01
1.548817e-05 4.824677e+01 8.646517e+00 4.901543e+01 1.792144e-01
1.584893e-05 4.814836e+01 8.820763e+00 4.894967e+01 1.831997e-01
1.621810e-05 4.804599e+01 8.997318e+00 4.888117e+01 1.872647e-01
1.659587e-05 4.793952e+01 9.176131e+00 4.880983e+01 1.914106e-01
1.698244e-05 4.782883e+01 9.357145e+00 4.873554e+01 1.956382e-01
1.737801e-05 4.771378e+01 9.540297e+00 4.865822e+01 1.999484e-01
1.778279e-05 4.759425e+01 9.725518e+00 4.857775e+01 2.043423e-01
1.819701e-05 4.747009e+01 9.912729e+00 4.849404e+01 2.088205e-01
1.862087e-05 4.734117e+01 1.010185e+01 4.840696e+01 2.133840e-01
1.905461e-05 4.720736e+01 1.029278e+01 4.831642e+01 2.180333e-01
1.949845e-05 4.706852e+01 1.048542e+01 4.822230e+01 2.227692e-01
1.995262e-05 4.692453e+01 1.067966e+01 4.812449e+01 2.275924e-01
2.041738e-05 4.677524e+01 1.087539e+01 4.802289e+01 2.325032e-01
2.089296e-05 4.662054e+01 1.107248e+01 4.791737e+01 2.375023e-01
2.137962e-05 4.646028e+01 1.127080e+01 4.780783e+01 2.425899e-01
2.187762e-05 4.629435e+01 1.147019e+01 4.769415e+01 2.477665e-01
2.238721e-05 4.612262e+01 1.167050e+01 4.757622e+01 2.530320e-01
2.290868e-05 4.594498e+01 1.187158e+01 4.745393e+01 2.583868e-01
2.344229e-05 4.576131e+01 1.207324e+01 4.732716e+01 2.638307e-01
2.398833e-05 4.557150e+01 1.227530e+01 4.719581e+01 2.693636e-01
2.454709e-05 4.537546e+01 1.247758e+01 4.705977e+01 2.749853e-01
2.511886e-05 4.517308e+01 1.267988e+01 4.691894e+01 2.806954e-01
2.570396e-05 4.496429e+01 1.288197e+01 4.677320e+01 2.864933e-01
2.630268e-05 4.474900e+01 1.308364e+01 4.662247e+01 2.923784e-01
2.691535e-05 4.452714e+01 1.328466e+01 4.646664e+01 2.983498e-01
2.754229e-05 4.429865e+01 1.348480e+01 4.630561e+01 3.044066e-01
2.818383e-05 4.406347e+01 1.368381e+01 4.613931e+01 3.105476e-01
2.884032e-05 4.382159e+01 1.388143e+01 4.596766e+01 3.167714e-01
2.951209e-05 4.357295e+01 1.407740e+01 4.579056e+01 3.230765e-01
3.019952e-05 4.331757e+01 1.427146e+01 4.560796e+01 3.294612e-01
3.090295e-05 4.305542e+01 1.446332e+01 4.541979e+01 3.359234e-01
3.162278e-05 4.278653e+01 1.465273e+01 4.522599e+01 3.424612e-01
3.235937e-05 4.251093e+01 1.483938e+01 4.502651e+01 3.490720e-01
3.311311e-05 4.222867e+01 1.502299e+01 4.482132e+01 3.557534e-01
3.388442e-05 4.193980e+01 1.520328e+01 4.461039e+01 3.625024e-01
3.467369e-05 4.164441e+01 1.537994e+01 4.439369e+01 3.693160e-01
3.548134e-05 4.134259e+01 1.555270e+01 4.417121e+01 3.761908e-01
3.630781e-05 4.103445e+01 1.572126e+01 4.394296e+01 3.831234e-01
3.715352e-05 4.072013e+01 1.588532e+01 4.370895e+01 3.901098e-01
3.801894e-05 4.039978e+01 1.604461e+01 4.346920e+01 3.971460e-01
3.890451e-05 4.007355e+01 1.619884e+01 4.322375e+01 4.042277e-01
3.981072e-05 3.974165e+01 1.634774e+01 4.297264e+01 4.113502e-01
4.073803e-05 3.940427e+01 1.649103e+01 4.271593e+01 4.185087e-01
4.168694e-05 3.906164e+01 1.662847e+01 4.245371e+01 4.256982e-01
4.265795e-05 3.871398e+01 1.675979e+01 4.218605e+01 4.329132e-01
4.365158e-05 3.836157e+01 1.688477e+01 4.191307e+01 4.401481e-01
4.466836e-05 3.800466e+01 1.700317e+01 4.163486e+01 4.473971e-01
4.570882e-05 3.764354e+01 1.711479e+01 4.135157e+01 4.546540e-01
4.677351e-05 3.727852e+01 1.721942e+01 4.106332e+01 4.619127e-01
4.786301e-05 3.690991e+01 1.731690e+01 4.077028e+01 4.691666e-01
4.897788e-05 3.653803e+01 1.740705e+01 4.047262e+01 4.764090e-01
5.011872e-05 3.616322e+01 1.748973e+01 4.017050e+01 4.836330e-01
5.128614e-05 3.578583e+01 1.756482e+01 3.986412e+01 4.908316e-01
5.248075e-05 3.540621e+01 1.763221e+01 3.955369e+01 4.979976e-01
5.370318e-05 3.502473e+01 1.769182e+01 3.923942e+01 5.051238e-01
5.495409e-05 3.464174e+01 1.774359e+01 3.892153e+01 5.122027e-01
5.623413e-05 3.425763e+01 1.778748e+01 3.860025e+01 5.192269e-01
5.754399e-05 3.387276e+01 1.782347e+01 3.827584e+01 5.261890e-01
5.888437e-05 3.348750e+01 1.785157e+01 3.794853e+01 5.330815e-01
6.025596e-05 3.310222e+01 1.787179e+01 3.761859e+01 5.398970e-01
6.165950e-05 3.271730e+01 1.788419e+01 3.728627e+01 5.466280e-01
6.309573e-05 3.233309e+01 1.788885e+01 3.695186e+01 5.532674e-01
6.456542e-05 3.194996e+01 1.788584e+01 3.661561e+01 5.598079e-01
6.606934e-05 3.156824e+01 1.787528e+01 3.627781e+01 5.662425e-01
6.760830e-05 3.118828e+01 1.785731e+01 3.593873e+01 5.725646e-01
6.918310e-05 3.081041e+01 1.783206e+01 3.559865e+01 5.787675e-01
7.079458e-05 3.043493e+01 1.779972e+01 3.525784e+01 5.848451e-01
7.244360e-05 3.006216e+01 1.776046e+01 3.491658e+01 5.907913e-01
7.413102e-05 2.969238e+01 1.771449e+01 3.457515e+01 5.966006e-01
7.585776e-05 2.932587e+01 1.766202e+01 3.423381e+01 6.022677e-01
7.762471e-05 2.896287e+01 1.760328e+01 3.389282e+01 6.077878e-01
7.943282e-05 2.860364e+01 1.753851e+01 3.355246e+01 6.131566e-01
8.128305e-05 2.824838e+01 1.746795e+01 3.321295e+01 6.183702e-01
8.317638e-05 2.789730e+01 1.739188e+01 3.287456e+01 6.234251e-01
8.511380e-05 2.755059e+01 1.731054e+01 3.253752e+01 6.283184e-01
8.709636e-05 2.720841e+01 1.722422e+01 3.220204e+01 6.330477e-01
8.912509e-05 2.687091e+01 1.713320e+01 3.186836e+01 6.376112e-01
9.120108e-05 2.653822e+01 1.703774e+01 3.153667e+01 6.420076e-01
9.332543e-05 2.621044e+01 1.693813e+01 3.120717e+01 6.462360e-01
9.549926e-05 2.588767e+01 1.683466e+01 3.088004e+01 6.502964e-01
9.772372e-05 2.556997e+01 1.672759e+01 3.055545e+01 6.541890e-01
1.000000e-04 2.525741e+01 1.661722e+01 3.023357e+01 6.579147e-01
1.023293e-04 2.495001e+01 1.650381e+01 2.991452e+01 6.614749e-01
1.047129e-04 2.464781e+01 1.638763e+01 2.959846e+01 6.648716e-01
1.071519e-04 2.435080e+01 1.626894e+01 2.928549e+01 6.681071e-01
1.096478e-04 2.405897e+01 1.614801e+01 2.897572e+01 6.711844e-01
1.122018e-04 2.377231e+01 1.602508e+01 2.866925e+01 6.741067e-01
1.148154e-04 2.349077e+01 1.590038e+01 2.836615e+01 6.768778e-01
1.174898e-04 2.321431e+01 1.577416e+01 2.806650e+01 6.795018e-01
1.202264e-04 2.294286e+01 1.564664e+01 2.777034e+01 6.819830e-01
1.230269e-04 2.267634e+01 1.551802e+01 2.747773e+01 6.843263e-01
1.258925e-04 2.241469e+01 1.538851e+01 2.718868e+01 6.865366e-01
1.288250e-04 2.215780e+01 1.525829e+01 2.690323e+01 6.886191e-01
1.318257e-04 2.190559e+01 1.512754e+01 2.662137e+01 6.905792e-01
1.348963e-04 2.165794e+01 1.499644e+01 2.634311e+01 6.924223e-01
1.380384e-04 2.141474e+01 1.486513e+01 2.606843e+01 6.941540e-01
1.412538e-04 2.117588e+01 1.473375e+01 2.579731e+01 6.957800e-01
1.445440e-04 2.094124e+01 1.460245e+01 2.552973e+01 6.973057e-01
1.479108e-04 2.071070e+01 1.447133e+01 2.526564e+01 6.987366e-01
1.513561e-04 2.048414e+01 1.434050e+01 2.500500e+01 7.000783e-01
1.548817e-04 2.026142e+01 1.421006e+01 2.474775e+01 7.013360e-01
1.584893e-04 2.004243e+01 1.408010e+01 2.449384e+01 7.025147e-01
1.621810e-04 1.982704e+01 1.395069e+01 2.424321e+01 7.036193e-01
1.659587e-04 1.961513e+01 1.382189e+01 2.399579e+01 7.046544e-01
1.698244e-04 1.940657e+01 1.369375e+01 2.375150e+01 7.056245e-01
1.737801e-04 1.920125e+01 1.356632e+01 2.351027e+01 7.065333e-01
1.778279e-04 1.899905e+01 1.343964e+01 2.327203e+01 7.073848e-01
1.819701e-04 1.879985e+01 1.331372e+01 2.303670e+01 7.081820e-01
1.862087e-04 1.860356e+01 1.318859e+01 2.280420e+01 7.089280e-01
1.905461e-04 1.841007e+01 1.306425e+01 2.257444e+01 7.096252e-01
1.949845e-04 1.821928e+01 1.294072e+01 2.234736e+01 7.102757e-01
1.995262e-04 1.803111e+01 1.281798e+01 2.212287e+01 7.108813e-01
2.041738e-04 1.784545e+01 1.269602e+01 2.190089e+01 7.114431e-01
2.089296e-04 1.766224e+01 1.257485e+01 2.168136e+01 7.119620e-01
2.137962e-04 1.748140e+01 1.245442e+01 2.146421e+01 7.124385e-01
2.187762e-04 1.730287e+01 1.233474e+01 2.124935e+01 7.128723e-01
2.238721e-04 1.712658e+01 1.221576e+01 2.103674e+01 7.132632e-01
2.290868e-04 1.695247e+01 1.209746e+01 2.082630e+01 7.136104e-01
2.344229e-04 1.678051e+01 1.197982e+01 2.061800e+01 7.139125e-01
2.398833e-04 1.661065e+01 1.186280e+01 2.041176e+01 7.141682e-01
2.454709e-04 1.644286e+01 1.174638e+01 2.020755e+01 7.143754e-01
2.511886e-04 1.627711e+01 1.163051e+01 2.000533e+01 7.145321e-01
2.570396e-04 1.611337e+01 1.151519e+01 1.980505e+01 7.146357e-01
2.630268e-04 1.595162e+01 1.140036e+01 1.960670e+01 7.146836e-01
2.691535e-04 1.579187e+01 1.128602e+01 1.941024e+01 7.146729e-01
2.754229e-04 1.563409e+01 1.117213e+01 1.921565e+01 7.146006e-01
2.818383e-04 1.547829e+01 1.105867e+01 1.902292e+01 7.144633e-01
2.884032e-04 1.532447e+01 1.094562e+01 1.883205e+01 7.142580e-01
2.951209e-04 1.517263e+01 1.083297e+01 1.864302e+01 7.139811e-01
3.019952e-04 1.502279e+01 1.072071e+01 1.845583e+01 7.136295e-01
3.090295e-04 1.487495e+01 1.060881e+01 1.827050e+01 7.131997e-01
3.162278e-04 1.472914e+01 1.049729e+01 1.808703e+01 7.126887e-01
3.235937e-04 1.458536e+01 1.038614e+01 1.790543e+01 7.120933e-01
3.311311e-04 1.444364e+01 1.027536e+01 1.772573e+01 7.114106e-01
3.388442e-04 1.430399e+01 1.016495e+01 1.754794e+01 7.106379e-01
3.467369e-04 1.416643e+01 1.005494e+01 1.737209e+01 7.097727e-01
3.548134e-04 1.403098e+01 9.945341e+00 1.719821e+01 7.088128e-01
3.630781e-04 1.389767e+01 9.836164e+00 1.702631e+01 7.077564e-01
3.715352e-04 1.376650e+01 9.727439e+00 1.685644e+01 7.066019e-01
3.801894e-04 1.363751e+01 9.619191e+00 1.668863e+01 7.053482e-01
3.890451e-04 1.351069e+01 9.511452e+00 1.652291e+01 7.039945e-01
3.981072e-04 1.338607e+01 9.404257e+00 1.635931e+01 7.025406e-01
4.073803e-04 1.326366e+01 9.297643e+00 1.619786e+01 7.009864e-01
4.168694e-04 1.314346e+01 9.191651e+00 1.603861e+01 6.993328e-01
4.265795e-04 1.302548e+01 9.086324e+00 1.588158e+01 6.975806e-01
4.365158e-04 1.290973e+01 8.981707e+00 1.572680e+01 6.957315e-01
4.466836e-04 1.279621e+01 8.877848e+00 1.557431e+01 6.937874e-01
4.570882e-04 1.268491e+01 8.774795e+00 1.542413e+01 6.917510e-01
4.677351e-04 1.257582e+01 8.672600e+00 1.527630e+01 6.896251e-01
4.786301e-04 1.246894e+01 8.571312e+00 1.513082e+01 6.874132e-01
4.897788e-04 1.236425e+01 8.470986e+00 1.498774e+01 6.851193e-01
5.011872e-04 1.226174e+01 8.371673e+00 1.484706e+01 6.827478e-01
5.128614e-04 1.216138e+01 8.273425e+00 1.470880e+01 6.803033e-01
5.248075e-04 1.206315e+01 8.176297e+00 1.457297e+01 6.777913e-01
5.370318e-04 1.196702e+01 8.080338e+00 1.443958e+01 6.752171e-01
5.495409e-04 1.187297e+01 7.985602e+00 1.430864e+01 6.725868e-01
5.623413e-04 1.178095e+01 7.892138e+00 1.418015e+01 6.699066e-01
5.754399e-04 1.169094e+01 7.799995e+00 1.405411e+01 6.671832e-01
5.888437e-04 1.160288e+01 7.709221e+00 1.393050e+01 6.644233e-01
6.025596e-04 1.151673e+01 7.619863e+00 1.380933e+01 6.616340e-01
6.165950e-04 1.143246e+01 7.531963e+00 1.369057e+01 6.588226e-01
6.309573e-04 1.135000e+01 7.445565e+00 1.357421e+01 6.559966e-01
6.456542e-04 1.126932e+01 7.360708e+00 1.346022e+01 6.531636e-01
6.606934e-04 1.119035e+01 7.277430e+00 1.334859e+01 6.503312e-01
6.760830e-04 1.111303e+01 7.195767e+00 1.323928e+01 6.475071e-01
6.918310e-04 1.103732e+01 7.115750e+00 1.313226e+01 6.446993e-01
7.079458e-04 1.096314e+01 7.037410e+00 1.302749e+01 6.419154e-01
7.244360e-04 1.089044e+01 6.960774e+00 1.292494e+01 6.391634e-01
7.413102e-04 1.081916e+01 6.885866e+00 1.282457e+01 6.364508e-01
7.585776e-04 1.074924e+01 6.812709e+00 1.272631e+01 6.337855e-01
7.762471e-04 1.068059e+01 6.741321e+00 1.263014e+01 6.311748e-01
7.943282e-04 1.061317e+01 6.671717e+00 1.253600e+01 6.286263e-01
8.128305e-04 1.054690e+01 6.603911e+00 1.244382e+01 6.261471e-01
8.317638e-04 1.048172e+01 6.537912e+00 1.235357e+01 6.237445e-01
8.511380e-04 1.041755e+01 6.473728e+00 1.226517e+01 6.214253e-01
8.709636e-04 1.035433e+01 6.411363e+00 1.217858e+01 6.191962e-01
8.912509e-04 1.029200e+01 6.350816e+00 1.209372e+01 6.170636e-01
9.120108e-04 1.023047e+01 6.292087e+00 1.201053e+01 6.150339e-01
9.332543e-04 1.016969e+01 6.235171e+00 1.192896e+01 6.131130e-01
9.549926e-04 1.010959e+01 6.180060e+00 1.184892e+01 6.113065e-01
9.772372e-04 1.005010e+01 6.126743e+00 1.177037e+01 6.096201e-01
1.000000e-03 9.991151e+00 6.075208e+00 1.169321e+01 6.080588e-01
1.023293e-03 9.932679e+00 6.025437e+00 1.161740e+01 6.066276e-01
1.047129e-03 9.874617e+00 5.977412e+00 1.154286e+01 6.053310e-01
1.071519e-03 9.816904e+00 5.931112e+00 1.146951e+01 6.041734e-01
1.096478e-03 9.759474e+00 5.886512e+00 1.139730e+01 6.031588e-01
1.122018e-03 9.702266e+00 5.843586e+00 1.132614e+01 6.022909e-01
1.148154e-03 9.645220e+00 5.802305e+00 1.125598e+01 6.015731e-01
1.174898e-03 9.588275e+00 5.762636e+00 1.118673e+01 6.010086e-01
1.202264e-03 9.531375e+00 5.724546e+00 1.111834e+01 6.006002e-01
1.230269e-03 9.474463e+00 5.687998e+00 1.105074e+01 6.003505e-01
1.258925e-03 9.417485e+00 5.652955e+00 1.098385e+01 6.002616e-01
1.288250e-03 9.360389e+00 5.619374e+00 1.091761e+01 6.003355e-01
1.318257e-03 9.303123e+00 5.587213e+00 1.085196e+01 6.005739e-01
1.348963e-03 9.245640e+00 5.556429e+00 1.078683e+01 6.009782e-01
1.380384e-03 9.187893e+00 5.526973e+00 1.072216e+01 6.015495e-01
1.412538e-03 9.129837e+00 5.498797e+00 1.065789e+01 6.022886e-01
1.445440e-03 9.071432e+00 5.471852e+00 1.059396e+01 6.031961e-01
1.479108e-03 9.012637e+00 5.446086e+00 1.053031e+01 6.042722e-01
1.513561e-03 8.953416e+00 5.421446e+00 1.046689e+01 6.055170e-01
1.548817e-03 8.893735e+00 5.397876e+00 1.040363e+01 6.069302e-01
1.584893e-03 8.833561e+00 5.375323e+00 1.034050e+01 6.085114e-01
1.621810e-03 8.772866e+00 5.353728e+00 1.027743e+01 6.102599e-01
1.659587e-03 8.711623e+00 5.333035e+00 1.021438e+01 6.121746e-01
1.698244e-03 8.649809e+00 5.313184e+00 1.015131e+01 6.142545e-01
1.737801e-03 8.587403e+00 5.294117e+00 1.008817e+01 6.164980e-01
1.778279e-03 8.524388e+00 5.275774e+00 1.002492e+01 6.189036e-01
1.819701e-03 8.460749e+00 5.258096e+00 9.961518e+00 6.214693e-01
1.862087e-03 8.396474e+00 5.241021e+00 9.897933e+00 6.241931e-01
1.905461e-03 8.331554e+00 5.224491e+00 9.834129e+00 6.270728e-01
1.949845e-03 8.265983e+00 5.208444e+00 9.770075e+00 6.301058e-01
1.995262e-03 8.199759e+00 5.192821e+00 9.705742e+00 6.332895e-01
2.041738e-03 8.132880e+00 5.177563e+00 9.641104e+00 6.366211e-01
2.089296e-03 8.065350e+00 5.162611e+00 9.576138e+00 6.400976e-01
2.137962e-03 7.997174e+00 5.147907e+00 9.510822e+00 6.437157e-01
2.187762e-03 7.928361e+00 5.133393e+00 9.445139e+00 6.474722e-01
2.238721e-03 7.858922e+00 5.119015e+00 9.379071e+00 6.513635e-01
2.290868e-03 7.788871e+00 5.104717e+00 9.312607e+00 6.553860e-01
2.344229e-03 7.718224e+00 5.090446e+00 9.245735e+00 6.595360e-01
2.398833e-03 7.646999e+00 5.076150e+00 9.178447e+00 6.638094e-01
2.454709e-03 7.575218e+00 5.061779e+00 9.110738e+00 6.682024e-01
2.511886e-03 7.502905e+00 5.047284e+00 9.042602e+00 6.727107e-01
2.570396e-03 7.430084e+00 5.032619e+00 8.974041e+00 6.773300e-01
2.630268e-03 7.356784e+00 5.017739e+00 8.905054e+00 6.820561e-01
2.691535e-03 7.283033e+00 5.002603e+00 8.835644e+00 6.868845e-01
2.754229e-03 7.208864e+00 4.987168e+00 8.765818e+00 6.918106e-01
2.818383e-03 7.134308e+00 4.971398e+00 8.695582e+00 6.968298e-01
2.884032e-03 7.059399e+00 4.955257e+00 8.624946e+00 7.019375e-01
2.951209e-03 6.984173e+00 4.938711e+00 8.553920e+00 7.071289e-01
3.019952e-03 6.908667e+00 4.921729e+00 8.482517e+00 7.123993e-01
3.090295e-03 6.832917e+00 4.904283e+00 8.410752e+00 7.177437e-01
3.162278e-03 6.756963e+00 4.886347e+00 8.338641e+00 7.231572e-01
3.235937e-03 6.680842e+00 4.867896e+00 8.266200e+00 7.286351e-01
3.311311e-03 6.604595e+00 4.848911e+00 8.193449e+00 7.341723e-01
3.388442e-03 6.528260e+00 4.829371e+00 8.120407e+00 7.397638e-01
3.467369e-03 6.451878e+00 4.809261e+00 8.047094e+00 7.454048e-01
3.548134e-03 6.375489e+00 4.788566e+00 7.973533e+00 7.510901e-01
3.630781e-03 6.299132e+00 4.767276e+00 7.899746e+00 7.568148e-01
3.715352e-03 6.222847e+00 4.745380e+00 7.825756e+00 7.625738e-01
3.801894e-03 6.146673e+00 4.722872e+00 7.751587e+00 7.683623e-01
3.890451e-03 6.070649e+00 4.699745e+00 7.677264e+00 7.741751e-01
3.981072e-03 5.994813e+00 4.675999e+00 7.602812e+00 7.800074e-01
4.073803e-03 5.919203e+00 4.651630e+00 7.528255e+00 7.858542e-01
4.168694e-03 5.843855e+00 4.626641e+00 7.453620e+00 7.917104e-01
4.265795e-03 5.768806e+00 4.601034e+00 7.378931e+00 7.975712e-01
4.365158e-03 5.694090e+00 4.574813e+00 7.304216e+00 8.034318e-01
4.466836e-03 5.619741e+00 4.547984e+00 7.229499e+00 8.092871e-01
4.570882e-03 5.545793e+00 4.520555e+00 7.154805e+00 8.151324e-01
4.677351e-03 5.472277e+00 4.492536e+00 7.080162e+00 8.209628e-01
4.786301e-03 5.399224e+00 4.463935e+00 7.005593e+00 8.267735e-01
4.897788e-03 5.326664e+00 4.434766e+00 6.931125e+00 8.325598e-01
5.011872e-03 5.254624e+00 4.405040e+00 6.856781e+00 8.383169e-01
5.128614e-03 5.183132e+00 4.374772e+00 6.782587e+00 8.440401e-01
5.248075e-03 5.112215e+00 4.343975e+00 6.708566e+00 8.497248e-01
5.370318e-03 5.041896e+00 4.312667e+00 6.634742e+00 8.553661e-01
5.495409e-03 4.972198e+00 4.280862e+00 6.561139e+00 8.609597e-01
5.623413e-03 4.903145e+00 4.248579e+00 6.487778e+00 8.665008e-01
5.754399e-03 4.834757e+00 4.215835e+00 6.414682e+00 8.719849e-01
5.888437e-03 4.767053e+00 4.182648e+00 6.341872e+00 8.774075e-01
6.025596e-03 4.700052e+00 4.149037e+00 6.269370e+00 8.827640e-01
6.165950e-03 4.633772e+00 4.115022e+00 6.197197e+00 8.880501e-01
6.309573e-03 4.568227e+00 4.080621e+00 6.125371e+00 8.932614e-01
6.456542e-03 4.503434e+00 4.045855e+00 6.053913e+00 8.983933e-01
6.606934e-03 4.439405e+00 4.010744e+00 5.982841e+00 9.034416e-01
6.760830e-03 4.376154e+00 3.975307e+00 5.912173e+00 9.084020e-01
6.918310e-03 4.313692e+00 3.939566e+00 5.841927e+00 9.132702e-01
7.079458e-03 4.252028e+00 3.903541e+00 5.772120e+00 9.180420e-01
7.244360e-03 4.191174e+00 3.867251e+00 5.702769e+00 9.227132e-01
7.413102e-03 4.131136e+00 3.830719e+00 5.633888e+00 9.272798e-01
7.585776e-03 4.071923e+00 3.793964e+00 5.565494e+00 9.317377e-01
7.762471e-03 4.013541e+00 3.757007e+00 5.497601e+00 9.360828e-01
7.943282e-03 3.955996e+00 3.719867e+00 5.430222e+00 9.403113e-01
8.128305e-03 3.899291e+00 3.682566e+00 5.363373e+00 9.444193e-01
8.317638e-03 3.843432e+00 3.645123e+00 5.297065e+00 9.484031e-01
8.511380e-03 3.788421e+00 3.607559e+00 5.231311e+00 9.522590e-01
8.709636e-03 3.734261e+00 3.569892e+00 5.166123e+00 9.559835e-01
8.912509e-03 3.680952e+00 3.532142e+00 5.101513e+00 9.595730e-01
9.120108e-03 3.628495e+00 3.494329e+00 5.037491e+00 9.630242e-01
9.332543e-03 3.576891e+00 3.456472e+00 4.974068e+00 9.663339e-01
9.549926e-03 3.526139e+00 3.418588e+00 4.911253e+00 9.694990e-01
9.772372e-03 3.476237e+00 3.380698e+00 4.849056e+00 9.725166e-01
1.000000e-02 3.427183e+00 3.342819e+00 4.787486e+00 9.753839e-01
1.023293e-02 3.378975e+00 3.304969e+00 4.726552e+00 9.780982e-01
1.047129e-02 3.331609e+00 3.267166e+00 4.666261e+00 9.806571e-01
1.071519e-02 3.285081e+00 3.229427e+00 4.606621e+00 9.830584e-01
1.096478e-02 3.239387e+00 3.191768e+00 4.547638e+00 9.853000e-01
1.122018e-02 3.194522e+00 3.154207e+00 4.489320e+00 9.873800e-01
1.148154e-02 3.150480e+00 3.116760e+00 4.431672e+00 9.892970e-01
1.174898e-02 3.107255e+00 3.079444e+00 4.374701e+00 9.910494e-01
1.202264e-02 3.064841e+00 3.042272e+00 4.318410e+00 9.926362e-01
1.230269e-02 3.023230e+00 3.005261e+00 4.262806e+00 9.940566e-01
1.258925e-02 2.982415e+00 2.968426e+00 4.207892e+00 9.953098e-01
1.288250e-02 2.942387e+00 2.931781e+00 4.153671e+00 9.963955e-01
1.318257e-02 2.903139e+00 2.895341e+00 4.100148e+00 9.973138e-01
1.348963e-02 2.864661e+00 2.859118e+00 4.047325e+00 9.980648e-01
1.380384e-02 2.826945e+00 2.823126e+00 3.995204e+00 9.986492e-01
1.412538e-02 2.789980e+00 2.787378e+00 3.943788e+00 9.990677e-01
1.445440e-02 2.753756e+00 2.751887e+00 3.893077e+00 9.993215e-01
1.479108e-02 2.718262e+00 2.716664e+00 3.843073e+00 9.994120e-01
1.513561e-02 2.683489e+00 2.681721e+00 3.793777e+00 9.993411e-01
1.548817e-02 2.649425e+00 2.647069e+00 3.745187e+00 9.991108e-01
1.584893e-02 2.616058e+00 2.612719e+00 3.697304e+00 9.987236e-01
1.621810e-02 2.583377e+00 2.578680e+00 3.650127e+00 9.981820e-01
1.659587e-02 2.551369e+00 2.544963e+00 3.603654e+00 9.974892e-01
1.698244e-02 2.520023e+00 2.511577e+00 3.557883e+00 9.966484e-01
1.737801e-02 2.489325e+00 2.478530e+00 3.512812e+00 9.956633e-01
1.778279e-02 2.459264e+00 2.445831e+00 3.468439e+00 9.945376e-01
1.819701e-02 2.429826e+00 2.413487e+00 3.424758e+00 9.932757e-01
1.862087e-02 2.400997e+00 2.381505e+00 3.381768e+00 9.918817e-01
1.905461e-02 2.372765e+00 2.349893e+00 3.339463e+00 9.903605e-01
1.949845e-02 2.345117e+00 2.318657e+00 3.297839e+00 9.887169e-01
1.995262e-02 2.318038e+00 2.287801e+00 3.256890e+00 9.869560e-01
2.041738e-02 2.291515e+00 2.257332e+00 3.216611e+00 9.850831e-01
2.089296e-02 2.265534e+00 2.227254e+00 3.176996e+00 9.831036e-01
2.137962e-02 2.240081e+00 2.197571e+00 3.138038e+00 9.810232e-01
2.187762e-02 2.215142e+00 2.168287e+00 3.099730e+00 9.788476e-01
2.238721e-02 2.190705e+00 2.139404e+00 3.062064e+00 9.765828e-01
2.290868e-02 2.166753e+00 2.110926e+00 3.025034e+00 9.742347e-01
2.344229e-02 2.143275e+00 2.082855e+00 2.988630e+00 9.718094e-01
2.398833e-02 2.120255e+00 2.055191e+00 2.952845e+00 9.693128e-01
2.454709e-02 2.097681e+00 2.027936e+00 2.917669e+00 9.667513e-01
2.511886e-02 2.075539e+00 2.001091e+00 2.883093e+00 9.641308e-01
2.570396e-02 2.053814e+00 1.974655e+00 2.849108e+00 9.614576e-01
2.630268e-02 2.032495e+00 1.948629e+00 2.815704e+00 9.587375e-01
2.691535e-02 2.011567e+00 1.923011e+00 2.782871e+00 9.559767e-01
2.754229e-02 1.991017e+00 1.897799e+00 2.750598e+00 9.531809e-01
2.818383e-02 1.970833e+00 1.872993e+00 2.718876e+00 9.503561e-01
2.884032e-02 1.951003e+00 1.848590e+00 2.687694e+00 9.475077e-01
2.951209e-02 1.931513e+00 1.824587e+00 2.657040e+00 9.446414e-01
3.019952e-02 1.912352e+00 1.800981e+00 2.626904e+00 9.417624e-01
3.090295e-02 1.893508e+00 1.777769e+00 2.597275e+00 9.388759e-01
3.162278e-02 1.874970e+00 1.754947e+00 2.568142e+00 9.359868e-01
3.235937e-02 1.856726e+00 1.732511e+00 2.539493e+00 9.330998e-01
3.311311e-02 1.838766e+00 1.710456e+00 2.511318e+00 9.302195e-01
3.388442e-02 1.821079e+00 1.688777e+00 2.483605e+00 9.273500e-01
3.467369e-02 1.803655e+00 1.667470e+00 2.456344e+00 9.244954e-01
3.548134e-02 1.786484e+00 1.646530e+00 2.429524e+00 9.216594e-01
3.630781e-02 1.769557e+00 1.625950e+00 2.403132e+00 9.188456e-01
3.715352e-02 1.752866e+00 1.605725e+00 2.377160e+00 9.160571e-01
3.801894e-02 1.736400e+00 1.585849e+00 2.351596e+00 9.132968e-01
3.890451e-02 1.720154e+00 1.566316e+00 2.326430e+00 9.105676e-01
3.981072e-02 1.704117e+00 1.547120e+00 2.301651e+00 9.078719e-01
4.073803e-02 1.688285e+00 1.528255e+00 2.277250e+00 9.052118e-01
4.168694e-02 1.672648e+00 1.509714e+00 2.253217e+00 9.025893e-01
4.265795e-02 1.657201e+00 1.491491e+00 2.229543e+00 9.000061e-01
4.365158e-02 1.641938e+00 1.473580e+00 2.206218e+00 8.974637e-01
4.466836e-02 1.626853e+00 1.455973e+00 2.183233e+00 8.949633e-01
4.570882e-02 1.611940e+00 1.438666e+00 2.160581e+00 8.925059e-01
4.677351e-02 1.597194e+00 1.421651e+00 2.138252e+00 8.900925e-01
4.786301e-02 1.582611e+00 1.404922e+00 2.116238e+00 8.877238e-01
4.897788e-02 1.568187e+00 1.388473e+00 2.094533e+00 8.854001e-01
5.011872e-02 1.553917e+00 1.372298e+00 2.073128e+00 8.831221e-01
5.128614e-02 1.539797e+00 1.356392e+00 2.052017e+00 8.808898e-01
5.248075e-02 1.525825e+00 1.340748e+00 2.031193e+00 8.787036e-01
5.370318e-02 1.511997e+00 1.325361e+00 2.010650e+00 8.765633e-01
5.495409e-02 1.498309e+00 1.310225e+00 1.990382e+00 8.744692e-01
5.623413e-02 1.484760e+00 1.295336e+00 1.970383e+00 8.724210e-01
5.754399e-02 1.471347e+00 1.280688e+00 1.950647e+00 8.704189e-01
5.888437e-02 1.458067e+00 1.266277e+00 1.931169e+00 8.684626e-01
6.025596e-02 1.444918e+00 1.252097e+00 1.911946e+00 8.665522e-01
6.165950e-02 1.431899e+00 1.238145e+00 1.892971e+00 8.646875e-01
6.309573e-02 1.419007e+00 1.224416e+00 1.874240e+00 8.628686e-01
6.456542e-02 1.406240e+00 1.210907e+00 1.855750e+00 8.610955e-01
6.606934e-02 1.393597e+00 1.197613e+00 1.837496e+00 8.593684e-01
6.760830e-02 1.381076e+00 1.184531e+00 1.819474e+00 8.576874e-01
6.918310e-02 1.368675e+00 1.171658e+00 1.801681e+00 8.560528e-01
7.079458e-02 1.356393e+00 1.158990e+00 1.784113e+00 8.544651e-01
7.244360e-02 1.344227e+00 1.146525e+00 1.766767e+00 8.529247e-01
7.413102e-02 1.332177e+00 1.134258e+00 1.749639e+00 8.514321e-01
7.585776e-02 1.320240e+00 1.122189e+00 1.732727e+00 8.499882e-01
7.762471e-02 1.308415e+00 1.110313e+00 1.716026e+00 8.485937e-01
7.943282e-02 1.296700e+00 1.098629e+00 1.699534e+00 8.472496e-01
8.128305e-02 1.285093e+00 1.087133e+00 1.683248e+00 8.459570e-01
8.317638e-02 1.273592e+00 1.075825e+00 1.667164e+00 8.447170e-01
8.511380e-02 1.262196e+00 1.064701e+00 1.651280e+00 8.435308e-01
8.709636e-02 1.250901e+00 1.053759e+00 1.635592e+00 8.423999e-01
8.912509e-02 1.239707e+00 1.042998e+00 1.620098e+00 8.413258e-01
9.120108e-02 1.228611e+00 1.032414e+00 1.604794e+00 8.403099e-01
9.332543e-02 1.217610e+00 1.022006e+00 1.589677e+00 8.393539e-01
9.549926e-02 1.206703e+00 1.011772e+00 1.574743e+00 8.384596e-01
9.772372e-02 1.195888e+00 1.001710e+00 1.559990e+00 8.376285e-01
1.000000e-01 1.185161e+00 9.918167e-01 1.545415e+00 8.368626e-01
1.023293e-01 1.174520e+00 9.820911e-01 1.531013e+00 8.361636e-01
1.047129e-01 1.163964e+00 9.725306e-01 1.516782e+00 8.355334e-01
1.071519e-01 1.153489e+00 9.631331e-01 1.502718e+00 8.349738e-01
1.096478e-01 1.143093e+00 9.538961e-01 1.488818e+00 8.344866e-01
1.122018e-01 1.132774e+00 9.448174e-01 1.475079e+00 8.340738e-01
1.148154e-01 1.122530e+00 9.358946e-01 1.461496e+00 8.337371e-01
1.174898e-01 1.112357e+00 9.271252e-01 1.448067e+00 8.334783e-01
1.202264e-01 1.102253e+00 9.185068e-01 1.434788e+00 8.332992e-01
1.230269e-01 1.092217e+00 9.100367e-01 1.421656e+00 8.332014e-01
1.258925e-01 1.082245e+00 9.017124e-01 1.408666e+00 8.331867e-01
1.288250e-01 1.072336e+00 8.935311e-01 1.395816e+00 8.332566e-01
1.318257e-01 1.062487e+00 8.854903e-01 1.383102e+00 8.334127e-01
1.348963e-01 1.052697e+00 8.775872e-01 1.370522e+00 8.336564e-01
1.380384e-01 1.042962e+00 8.698189e-01 1.358070e+00 8.339892e-01
1.412538e-01 1.033281e+00 8.621827e-01 1.345745e+00 8.344124e-01
1.445440e-01 1.023653e+00 8.546758e-01 1.333543e+00 8.349273e-01
1.479108e-01 1.014075e+00 8.472952e-01 1.321460e+00 8.355352e-01
1.513561e-01 1.004545e+00 8.400382e-01 1.309494e+00 8.362372e-01
1.548817e-01 9.950626e-01 8.329018e-01 1.297642e+00 8.370346e-01
1.584893e-01 9.856252e-01 8.258831e-01 1.285900e+00 8.379282e-01
1.621810e-01 9.762315e-01 8.189794e-01 1.274267e+00 8.389193e-01
1.659587e-01 9.668802e-01 8.121878e-01 1.262738e+00 8.400087e-01
1.698244e-01 9.575699e-01 8.055053e-01 1.251311e+00 8.411974e-01
1.737801e-01 9.482994e-01 7.989293e-01 1.239984e+00 8.424864e-01
1.778279e-01 9.390673e-01 7.924568e-01 1.228754e+00 8.438765e-01
1.819701e-01 9.298726e-01 7.860851e-01 1.217618e+00 8.453686e-01
1.862087e-01 9.207142e-01 7.798115e-01 1.206574e+00 8.469637e-01
1.905461e-01 9.115912e-01 7.736333e-01 1.195620e+00 8.486625e-01
1.949845e-01 9.025025e-01 7.675476e-01 1.184753e+00 8.504659e-01
1.995262e-01 8.934473e-01 7.615520e-01 1.173972e+00 8.523748e-01
2.041738e-01 8.844248e-01 7.556438e-01 1.163273e+00 8.543900e-01
2.089296e-01 8.754342e-01 7.498203e-01 1.152656e+00 8.565124e-01
2.137962e-01 8.664747e-01 7.440790e-01 1.142117e+00 8.587429e-01
2.187762e-01 8.575457e-01 7.384174e-01 1.131656e+00 8.610823e-01
2.238721e-01 8.486465e-01 7.328329e-01 1.121269e+00 8.635315e-01
2.290868e-01 8.397765e-01 7.273232e-01 1.110956e+00 8.660914e-01
2.344229e-01 8.309351e-01 7.218856e-01 1.100714e+00 8.687629e-01
2.398833e-01 8.221219e-01 7.165178e-01 1.090542e+00 8.715468e-01
2.454709e-01 8.133364e-01 7.112173e-01 1.080438e+00 8.744442e-01
2.511886e-01 8.045781e-01 7.059817e-01 1.070400e+00 8.774558e-01
2.570396e-01 7.958466e-01 7.008087e-01 1.060427e+00 8.805826e-01
2.630268e-01 7.871417e-01 6.956958e-01 1.050516e+00 8.838255e-01
2.691535e-01 7.784629e-01 6.906408e-01 1.040668e+00 8.871852e-01
2.754229e-01 7.698101e-01 6.856412e-01 1.030879e+00 8.906627e-01
2.818383e-01 7.611831e-01 6.806946e-01 1.021149e+00 8.942587e-01
2.884032e-01 7.525818e-01 6.757989e-01 1.011476e+00 8.979741e-01
2.951209e-01 7.440060e-01 6.709517e-01 1.001859e+00 9.018095e-01
3.019952e-01 7.354558e-01 6.661506e-01 9.922962e-01 9.057657e-01
3.090295e-01 7.269311e-01 6.613934e-01 9.827869e-01 9.098433e-01
3.162278e-01 7.184322e-01 6.566779e-01 9.733298e-01 9.140430e-01
3.235937e-01 7.099593e-01 6.520019e-01 9.639236e-01 9.183652e-01
3.311311e-01 7.015125e-01 6.473631e-01 9.545673e-01 9.228106e-01
3.388442e-01 6.930922e-01 6.427594e-01 9.452600e-01 9.273794e-01
3.467369e-01 6.846987e-01 6.381887e-01 9.360006e-01 9.320722e-01
3.548134e-01 6.763327e-01 6.336489e-01 9.267884e-01 9.368892e-01
3.630781e-01 6.679946e-01 6.291379e-01 9.176226e-01 9.418308e-01
3.715352e-01 6.596851e-01 6.246538e-01 9.085025e-01 9.468970e-01
3.801894e-01 6.514048e-01 6.201947e-01 8.994274e-01 9.520881e-01
3.890451e-01 6.431545e-01 6.157588e-01 8.903969e-01 9.574041e-01
3.981072e-01 6.349350e-01 6.113442e-01 8.814103e-01 9.628452e-01
4.073803e-01 6.267473e-01 6.069492e-01 8.724675e-01 9.684114e-01
4.168694e-01 6.185922e-01 6.025723e-01 8.635680e-01 9.741026e-01
4.265795e-01 6.104709e-01 5.982119e-01 8.547117e-01 9.799188e-01
4.365158e-01 6.023842e-01 5.938665e-01 8.458984e-01 9.858600e-01
4.466836e-01 5.943334e-01 5.895348e-01 8.371281e-01 9.919262e-01
4.570882e-01 5.863195e-01 5.852156e-01 8.284007e-01 9.981172e-01
4.677351e-01 5.783437e-01 5.809076e-01 8.197165e-01 1.004433e+00
4.786301e-01 5.704072e-01 5.766099e-01 8.110755e-01 1.010874e+00
4.897788e-01 5.625113e-01 5.723214e-01 8.024779e-01 1.017440e+00
5.011872e-01 5.546570e-01 5.680414e-01 7.939241e-01 1.024131e+00
5.128614e-01 5.468457e-01 5.637691e-01 7.854144e-01 1.030947e+00
5.248075e-01 5.390785e-01 5.595038e-01 7.769492e-01 1.037889e+00
5.370318e-01 5.313566e-01 5.552450e-01 7.685290e-01 1.044957e+00
5.495409e-01 5.236812e-01 5.509922e-01 7.601542e-01 1.052152e+00
5.623413e-01 5.160534e-01 5.467451e-01 7.518253e-01 1.059474e+00
5.754399e-01 5.084743e-01 5.425035e-01 7.435430e-01 1.066924e+00
5.888437e-01 5.009450e-01 5.382672e-01 7.353078e-01 1.074503e+00
6.025596e-01 4.934666e-01 5.340361e-01 7.271202e-01 1.082213e+00
6.165950e-01 4.860399e-01 5.298101e-01 7.189809e-01 1.090055e+00
6.309573e-01 4.786659e-01 5.255894e-01 7.108905e-01 1.098030e+00
6.456542e-01 4.713455e-01 5.213741e-01 7.028496e-01 1.106140e+00
6.606934e-01 4.640793e-01 5.171643e-01 6.948587e-01 1.114388e+00
6.760830e-01 4.568682e-01 5.129604e-01 6.869185e-01 1.122776e+00
6.918310e-01 4.497127e-01 5.087626e-01 6.790294e-01 1.131306e+00
7.079458e-01 4.426135e-01 5.045713e-01 6.711921e-01 1.139982e+00
7.244360e-01 4.355709e-01 5.003867e-01 6.634070e-01 1.148807e+00
7.413102e-01 4.285855e-01 4.962093e-01 6.556746e-01 1.157784e+00
7.585776e-01 4.216575e-01 4.920395e-01 6.479953e-01 1.166917e+00
7.762471e-01 4.147872e-01 4.878777e-01 6.403695e-01 1.176212e+00
7.943282e-01 4.079748e-01 4.837242e-01 6.327975e-01 1.185672e+00
8.128305e-01 4.012205e-01 4.795796e-01 6.252795e-01 1.195302e+00
8.317638e-01 3.945242e-01 4.754442e-01 6.178159e-01 1.205108e+00
8.511380e-01 3.878860e-01 4.713183e-01 6.104069e-01 1.215095e+00
8.709636e-01 3.813058e-01 4.672024e-01 6.030524e-01 1.225270e+00
8.912509e-01 3.747834e-01 4.630967e-01 5.957526e-01 1.235638e+00
9.120108e-01 3.683186e-01 4.590015e-01 5.885075e-01 1.246208e+00
9.332543e-01 3.619113e-01 4.549172e-01 5.813170e-01 1.256985e+00
9.549926e-01 3.555611e-01 4.508438e-01 5.741810e-01 1.267978e+00
9.772372e-01 3.492678e-01 4.467816e-01 5.670994e-01 1.279195e+00
1.000000e+00 3.430309e-01 4.427306e-01 5.600720e-01 1.290644e+00
1.023293e+00 3.368502e-01 4.386910e-01 5.530984e-01 1.302333e+00
1.047129e+00 3.307252e-01 4.346627e-01 5.461784e-01 1.314272e+00
1.071519e+00 3.246555e-01 4.306457e-01 5.393116e-01 1.326470e+00
1.096478e+00 3.186408e-01 4.266399e-01 5.324975e-01 1.338937e+00
1.122018e+00 3.126807e-01 4.226452e-01 5.257359e-01 1.351683e+00
1.148154e+00 3.067747e-01 4.186613e-01 5.190261e-01 1.364719e+00
1.174898e+00 3.009225e-01 4.146881e-01 5.123676e-01 1.378056e+00
1.202264e+00 2.951238e-01 4.107251e-01 5.057599e-01 1.391705e+00
1.230269e+00 2.893781e-01 4.067720e-01 4.992025e-01 1.405677e+00
1.258925e+00 2.836852e-01 4.028285e-01 4.926948e-01 1.419984e+00
1.288250e+00 2.780449e-01 3.988941e-01 4.862360e-01 1.434639e+00
1.318257e+00 2.724569e-01 3.949684e-01 4.798258e-01 1.449654e+00
1.348963e+00 2.669211e-01 3.910508e-01 4.734634e-01 1.465043e+00
1.380384e+00 2.614372e-01 3.871408e-01 4.671482e-01 1.480817e+00
1.412538e+00 2.560054e-01 3.832378e-01 4.608796e-01 1.496992e+00
1.445440e+00 2.506254e-01 3.793414e-01 4.546570e-01 1.513579e+00
1.479108e+00 2.452974e-01 3.754509e-01 4.484799e-01 1.530595e+00
1.513561e+00 2.400215e-01 3.715658e-01 4.423477e-01 1.548052e+00
1.548817e+00 2.347978e-01 3.676854e-01 4.362598e-01 1.565966e+00
1.584893e+00 2.296266e-01 3.638092e-01 4.302157e-01 1.584351e+00
1.621810e+00 2.245081e-01 3.599367e-01 4.242149e-01 1.603223e+00
1.659587e+00 2.194427e-01 3.560673e-01 4.182571e-01 1.622598e+00
1.698244e+00 2.144308e-01 3.522004e-01 4.123417e-01 1.642490e+00
1.737801e+00 2.094728e-01 3.483358e-01 4.064685e-01 1.662917e+00
1.778279e+00 2.045692e-01 3.444728e-01 4.006371e-01 1.683894e+00
1.819701e+00 1.997207e-01 3.406111e-01 3.948471e-01 1.705437e+00
1.862087e+00 1.949277e-01 3.367504e-01 3.890985e-01 1.727565e+00
1.905461e+00 1.901911e-01 3.328903e-01 3.833909e-01 1.750294e+00
1.949845e+00 1.855115e-01 3.290307e-01 3.777244e-01 1.773641e+00
1.995262e+00 1.808895e-01 3.251714e-01 3.720987e-01 1.797624e+00
2.041738e+00 1.763261e-01 3.213122e-01 3.665139e-01 1.822261e+00
2.089296e+00 1.718219e-01 3.174532e-01 3.609699e-01 1.847571e+00
2.137962e+00 1.673778e-01 3.135943e-01 3.554669e-01 1.873572e+00
2.187762e+00 1.629945e-01 3.097358e-01 3.500049e-01 1.900283e+00
2.238721e+00 1.586730e-01 3.058777e-01 3.445842e-01 1.927724e+00
2.290868e+00 1.544140e-01 3.020204e-01 3.392049e-01 1.955913e+00
2.344229e+00 1.502184e-01 2.981641e-01 3.338673e-01 1.984871e+00
2.398833e+00 1.460869e-01 2.943094e-01 3.285718e-01 2.014618e+00
2.454709e+00 1.420204e-01 2.904566e-01 3.233185e-01 2.045175e+00
2.511886e+00 1.380196e-01 2.866064e-01 3.181080e-01 2.076563e+00
2.570396e+00 1.340853e-01 2.827595e-01 3.129405e-01 2.108803e+00
2.630268e+00 1.302181e-01 2.789164e-01 3.078167e-01 2.141916e+00
2.691535e+00 1.264188e-01 2.750780e-01 3.027369e-01 2.175926e+00
2.754229e+00 1.226879e-01 2.712451e-01 2.977016e-01 2.210855e+00
2.818383e+00 1.190259e-01 2.674186e-01 2.927113e-01 2.246725e+00
2.884032e+00 1.154335e-01 2.635995e-01 2.877666e-01 2.283561e+00
2.951209e+00 1.119110e-01 2.597888e-01 2.828680e-01 2.321387e+00
3.019952e+00 1.084589e-01 2.559875e-01 2.780161e-01 2.360226e+00
3.090295e+00 1.050774e-01 2.521967e-01 2.732113e-01 2.400104e+00
3.162278e+00 1.017668e-01 2.484176e-01 2.684544e-01 2.441047e+00
3.235937e+00 9.852731e-02 2.446512e-01 2.637458e-01 2.483080e+00
3.311311e+00 9.535901e-02 2.408989e-01 2.590861e-01 2.526231e+00
3.388442e+00 9.226196e-02 2.371617e-01 2.544758e-01 2.570526e+00
3.467369e+00 8.923611e-02 2.334410e-01 2.499156e-01 2.615993e+00
3.548134e+00 8.628136e-02 2.297379e-01 2.454058e-01 2.662660e+00
3.630781e+00 8.339753e-02 2.260537e-01 2.409470e-01 2.710557e+00
3.715352e+00 8.058435e-02 2.223897e-01 2.365397e-01 2.759713e+00
3.801894e+00 7.784151e-02 2.187470e-01 2.321843e-01 2.810158e+00
3.890451e+00 7.516861e-02 2.151269e-01 2.278813e-01 2.861924e+00
3.981072e+00 7.256517e-02 2.115306e-01 2.236311e-01 2.915042e+00
4.073803e+00 7.003068e-02 2.079592e-01 2.194341e-01 2.969545e+00
4.168694e+00 6.756451e-02 2.044140e-01 2.152906e-01 3.025464e+00
4.265795e+00 6.516602e-02 2.008961e-01 2.112010e-01 3.082836e+00
4.365158e+00 6.283449e-02 1.974066e-01 2.071655e-01 3.141693e+00
4.466836e+00 6.056913e-02 1.939466e-01 2.031844e-01 3.202071e+00
4.570882e+00 5.836911e-02 1.905171e-01 1.992580e-01 3.264006e+00
4.677351e+00 5.623355e-02 1.871192e-01 1.953863e-01 3.327536e+00
4.786301e+00 5.416153e-02 1.837537e-01 1.915695e-01 3.392698e+00
4.897788e+00 5.215206e-02 1.804216e-01 1.878079e-01 3.459530e+00
5.011872e+00 5.020414e-02 1.771238e-01 1.841013e-01 3.528072e+00
5.128614e+00 4.831671e-02 1.738611e-01 1.804500e-01 3.598365e+00
5.248075e+00 4.648868e-02 1.706343e-01 1.768538e-01 3.670449e+00
5.370318e+00 4.471894e-02 1.674441e-01 1.733127e-01 3.744366e+00
5.495409e+00 4.300636e-02 1.642912e-01 1.698268e-01 3.820160e+00
5.623413e+00 4.134976e-02 1.611762e-01 1.663958e-01 3.897875e+00
5.754399e+00 3.974795e-02 1.580997e-01 1.630196e-01 3.977555e+00
5.888437e+00 3.819975e-02 1.550622e-01 1.596981e-01 4.059246e+00
6.025596e+00 3.670392e-02 1.520642e-01 1.564311e-01 4.142996e+00
6.165950e+00 3.525925e-02 1.491061e-01 1.532183e-01 4.228852e+00
6.309573e+00 3.386449e-02 1.461884e-01 1.500595e-01 4.316863e+00
6.456542e+00 3.251842e-02 1.433113e-01 1.469543e-01 4.407080e+00
6.606934e+00 3.121979e-02 1.404751e-01 1.439025e-01 4.499553e+00
6.760830e+00 2.996735e-02 1.376801e-01 1.409037e-01 4.594335e+00
6.918310e+00 2.875988e-02 1.349264e-01 1.379574e-01 4.691479e+00
7.079458e+00 2.759613e-02 1.322142e-01 1.350634e-01 4.791040e+00
7.244360e+00 2.647488e-02 1.295435e-01 1.322212e-01 4.893073e+00
7.413102e+00 2.539492e-02 1.269146e-01 1.294303e-01 4.997637e+00
7.585776e+00 2.435503e-02 1.243273e-01 1.266903e-01 5.104788e+00
7.762471e+00 2.335403e-02 1.217816e-01 1.240007e-01 5.214587e+00
7.943282e+00 2.239074e-02 1.192775e-01 1.213609e-01 5.327094e+00
8.128305e+00 2.146398e-02 1.168150e-01 1.187705e-01 5.442372e+00
8.317638e+00 2.057262e-02 1.143938e-01 1.162289e-01 5.560484e+00
8.511380e+00 1.971554e-02 1.120137e-01 1.137356e-01 5.681496e+00
8.709636e+00 1.889161e-02 1.096747e-01 1.112899e-01 5.805474e+00
8.912509e+00 1.809975e-02 1.073765e-01 1.088913e-01 5.932485e+00
9.120108e+00 1.733891e-02 1.051189e-01 1.065393e-01 6.062600e+00
9.332543e+00 1.660802e-02 1.029015e-01 1.042331e-01 6.195890e+00
9.549926e+00 1.590607e-02 1.007240e-01 1.019722e-01 6.332427e+00
9.772372e+00 1.523206e-02 9.858622e-02 9.975599e-02 6.472285e+00
1.000000e+01 1.458501e-02 9.648772e-02 9.758382e-02 6.615541e+00
