1.000000e-06 9.228662e+01 1.338651e+00 9.229633e+01 1.450536e-02
1.023293e-06 9.228553e+01 1.369812e+00 9.229569e+01 1.484319e-02
1.047129e-06 9.228438e+01 1.401698e+00 9.229503e+01 1.518890e-02
1.071519e-06 9.228318e+01 1.434325e+00 9.229433e+01 1.554265e-02
1.096478e-06 9.228193e+01 1.467711e+00 9.229360e+01 1.590464e-02
1.122018e-06 9.228061e+01 1.501872e+00 9.229283e+01 1.627506e-02
1.148154e-06 9.227924e+01 1.536828e+00 9.229203e+01 1.665410e-02
1.174898e-06 9.227779e+01 1.572595e+00 9.229119e+01 1.704197e-02
1.202264e-06 9.227629e+01 1.609194e+00 9.229032e+01 1.743887e-02
1.230269e-06 9.227470e+01 1.646643e+00 9.228940e+01 1.784501e-02
1.258925e-06 9.227305e+01 1.684962e+00 9.228843e+01 1.826060e-02
1.288250e-06 9.227132e+01 1.724170e+00 9.228742e+01 1.868587e-02
1.318257e-06 9.226950e+01 1.764289e+00 9.228637e+01 1.912105e-02
1.348963e-06 9.226760e+01 1.805340e+00 9.228526e+01 1.956635e-02
1.380384e-06 9.226561e+01 1.847344e+00 9.228410e+01 2.002202e-02
1.412538e-06 9.226353e+01 1.890322e+00 9.228289e+01 2.048829e-02
1.445440e-06 9.226135e+01 1.934298e+00 9.228162e+01 2.096542e-02
1.479108e-06 9.225906e+01 1.979295e+00 9.228029e+01 2.145366e-02
1.513561e-06 9.225667e+01 2.025335e+00 9.227890e+01 2.195326e-02
1.548817e-06 9.225417e+01 2.072443e+00 9.227744e+01 2.246449e-02
1.584893e-06 9.225155e+01 2.120644e+00 9.227592e+01 2.298762e-02
1.621810e-06 9.224880e+01 2.169962e+00 9.227432e+01 2.352293e-02
1.659587e-06 9.224593e+01 2.220423e+00 9.227265e+01 2.407069e-02
1.698244e-06 9.224292e+01 2.272054e+00 9.227089e+01 2.463120e-02
1.737801e-06 9.223976e+01 2.324881e+00 9.226906e+01 2.520475e-02
1.778279e-06 9.223647e+01 2.378931e+00 9.226714e+01 2.579166e-02
1.819701e-06 9.223301e+01 2.434233e+00 9.226513e+01 2.639221e-02
1.862087e-06 9.222939e+01 2.490816e+00 9.226302e+01 2.700675e-02
1.905461e-06 9.222561e+01 2.548708e+00 9.226082e+01 2.763558e-02
1.949845e-06 9.222164e+01 2.607939e+00 9.225851e+01 2.827904e-02
1.995262e-06 9.221749e+01 2.668541e+00 9.225609e+01 2.893747e-02
2.041738e-06 9.221314e+01 2.730544e+00 9.225356e+01 2.961122e-02
2.089296e-06 9.220859e+01 2.793980e+00 9.225091e+01 3.030064e-02
2.137962e-06 9.220383e+01 2.858881e+00 9.224814e+01 3.100610e-02
2.187762e-06 9.219884e+01 2.925282e+00 9.224523e+01 3.172797e-02
2.238721e-06 9.219361e+01 2.993215e+00 9.224219e+01 3.246662e-02
2.290868e-06 9.218814e+01 3.062717e+00 9.223901e+01 3.322246e-02
2.344229e-06 9.218242e+01 3.133821e+00 9.223567e+01 3.399587e-02
2.398833e-06 9.217642e+01 3.206565e+00 9.223218e+01 3.478726e-02
2.454709e-06 9.217015e+01 3.280986e+00 9.222853e+01 3.559705e-02
2.511886e-06 9.216358e+01 3.357120e+00 9.222470e+01 3.642567e-02
2.570396e-06 9.215670e+01 3.435008e+00 9.222069e+01 3.727355e-02
2.630268e-06 9.214950e+01 3.514687e+00 9.221650e+01 3.814114e-02
2.691535e-06 9.214196e+01 3.596199e+00 9.221211e+01 3.902890e-02
2.754229e-06 9.213406e+01 3.679584e+00 9.220751e+01 3.993728e-02
2.818383e-06 9.212580e+01 3.764884e+00 9.220269e+01 4.086678e-02
2.884032e-06 9.211715e+01 3.852142e+00 9.219766e+01 4.181787e-02
2.951209e-06 9.210809e+01 3.941402e+00 9.219238e+01 4.279105e-02
3.019952e-06 9.209861e+01 4.032707e+00 9.218685e+01 4.378684e-02
3.090295e-06 9.208868e+01 4.126103e+00 9.218107e+01 4.480576e-02
3.162278e-06 9.207829e+01 4.221636e+00 9.217502e+01 4.584834e-02
3.235937e-06 9.206741e+01 4.319354e+00 9.216868e+01 4.691512e-02
3.311311e-06 9.205603e+01 4.419304e+00 9.216204e+01 4.800667e-02
3.388442e-06 9.204411e+01 4.521534e+00 9.215510e+01 4.912356e-02
3.467369e-06 9.203163e+01 4.626096e+00 9.214782e+01 5.026637e-02
3.548134e-06 9.201857e+01 4.733039e+00 9.214021e+01 5.143570e-02
3.630781e-06 9.200489e+01 4.842416e+00 9.213224e+01 5.263216e-02
3.715352e-06 9.199058e+01 4.954278e+00 9.212390e+01 5.385636e-02
3.801894e-06 9.197560e+01 5.068680e+00 9.211516e+01 5.510896e-02
3.890451e-06 9.195992e+01 5.185676e+00 9.210602e+01 5.639060e-02
3.981072e-06 9.194351e+01 5.305320e+00 9.209645e+01 5.770195e-02
4.073803e-06 9.192634e+01 5.427670e+00 9.208643e+01 5.904369e-02
4.168694e-06 9.190836e+01 5.552783e+00 9.207595e+01 6.041652e-02
4.265795e-06 9.188954e+01 5.680717e+00 9.206497e+01 6.182115e-02
4.365158e-06 9.186985e+01 5.811532e+00 9.205348e+01 6.325831e-02
4.466836e-06 9.184924e+01 5.945286e+00 9.204146e+01 6.472874e-02
4.570882e-06 9.182767e+01 6.082041e+00 9.202887e+01 6.623321e-02
4.677351e-06 9.180510e+01 6.221859e+00 9.201569e+01 6.777248e-02
4.786301e-06 9.178148e+01 6.364803e+00 9.200191e+01 6.934736e-02
4.897788e-06 9.175676e+01 6.510937e+00 9.198747e+01 7.095866e-02
5.011872e-06 9.173089e+01 6.660323e+00 9.197237e+01 7.260720e-02
5.128614e-06 9.170383e+01 6.813029e+00 9.195656e+01 7.429384e-02
5.248075e-06 9.167551e+01 6.969120e+00 9.194002e+01 7.601943e-02
5.370318e-06 9.164588e+01 7.128662e+00 9.192271e+01 7.778486e-02
5.495409e-06 9.161487e+01 7.291723e+00 9.190459e+01 7.959105e-02
5.623413e-06 9.158243e+01 7.458372e+00 9.188563e+01 8.143889e-02
5.754399e-06 9.154850e+01 7.628677e+00 9.186580e+01 8.332935e-02
5.888437e-06 9.151300e+01 7.802707e+00 9.184504e+01 8.526338e-02
6.025596e-06 9.147586e+01 7.980533e+00 9.182332e+01 8.724196e-02
6.165950e-06 9.143701e+01 8.162225e+00 9.180059e+01 8.926610e-02
6.309573e-06 9.139637e+01 8.347853e+00 9.177681e+01 9.133681e-02
6.456542e-06 9.135386e+01 8.537489e+00 9.175193e+01 9.345515e-02
6.606934e-06 9.130941e+01 8.731204e+00 9.172591e+01 9.562218e-02
6.760830e-06 9.126291e+01 8.929070e+00 9.169868e+01 9.783898e-02
6.918310e-06 9.121429e+01 9.131159e+00 9.167019e+01 1.001067e-01
7.079458e-06 9.116344e+01 9.337541e+00 9.164040e+01 1.024264e-01
7.244360e-06 9.111027e+01 9.548289e+00 9.160923e+01 1.047993e-01
7.413102e-06 9.105468e+01 9.763474e+00 9.157663e+01 1.072265e-01
7.585776e-06 9.099655e+01 9.983166e+00 9.154254e+01 1.097093e-01
7.762471e-06 9.093579e+01 1.020744e+01 9.150688e+01 1.122488e-01
7.943282e-06 9.087226e+01 1.043635e+01 9.146959e+01 1.148464e-01
8.128305e-06 9.080586e+01 1.066999e+01 9.143059e+01 1.175033e-01
8.317638e-06 9.073646e+01 1.090840e+01 9.138982e+01 1.202207e-01
8.511380e-06 9.066393e+01 1.115167e+01 9.134718e+01 1.230001e-01
8.709636e-06 9.058813e+01 1.139986e+01 9.130260e+01 1.258427e-01
8.912509e-06 9.050892e+01 1.165302e+01 9.125600e+01 1.287500e-01
9.120108e-06 9.042616e+01 1.191123e+01 9.120728e+01 1.317232e-01
9.332543e-06 9.033970e+01 1.217453e+01 9.115636e+01 1.347639e-01
9.549926e-06 9.024939e+01 1.244300e+01 9.110313e+01 1.378735e-01
9.772372e-06 9.015506e+01 1.271667e+01 9.104750e+01 1.410534e-01
1.000000e-05 9.005654e+01 1.299561e+01 9.098937e+01 1.443051e-01
1.023293e-05 8.995366e+01 1.327987e+01 9.092863e+01 1.476301e-01
1.047129e-05 8.984624e+01 1.356948e+01 9.086516e+01 1.510301e-01
1.071519e-05 8.973409e+01 1.386450e+01 9.079885e+01 1.545064e-01
1.096478e-05 8.961703e+01 1.416495e+01 9.072959e+01 1.580609e-01
1.122018e-05 8.949486e+01 1.447086e+01 9.065724e+01 1.616949e-01
1.148154e-05 8.936736e+01 1.478228e+01 9.058168e+01 1.654102e-01
1.174898e-05 8.923434e+01 1.509921e+01 9.050278e+01 1.692085e-01
1.202264e-05 8.909557e+01 1.542167e+01 9.042040e+01 1.730914e-01
1.230269e-05 8.895082e+01 1.574968e+01 9.033439e+01 1.770606e-01
1.258925e-05 8.879988e+01 1.608324e+01 9.024461e+01 1.811178e-01
1.288250e-05 8.864250e+01 1.642233e+01 9.015090e+01 1.852647e-01
1.318257e-05 8.847843e+01 1.676695e+01 9.005312e+01 1.895033e-01
1.348963e-05 8.830744e+01 1.711708e+01 8.995109e+01 1.938351e-01
1.380384e-05 8.812926e+01 1.747268e+01 8.984465e+01 1.982620e-01
1.412538e-05 8.794363e+01 1.783372e+01 8.973362e+01 2.027858e-01
1.445440e-05 8.775028e+01 1.820015e+01 8.961784e+01 2.074084e-01
1.479108e-05 8.754895e+01 1.857190e+01 8.949712e+01 2.121316e-01
1.513561e-05 8.733935e+01 1.894890e+01 8.937126e+01 2.169571e-01
1.548817e-05 8.712120e+01 1.933106e+01 8.924009e+01 2.218870e-01
1.584893e-05 8.689421e+01 1.971830e+01 8.910339e+01 2.269231e-01
1.621810e-05 8.665808e+01 2.011049e+01 8.896098e+01 2.320671e-01
1.659587e-05 8.641253e+01 2.050751e+01 8.881263e+01 2.373211e-01
1.698244e-05 8.615725e+01 2.090923e+01 8.865815e+01 2.426868e-01
1.737801e-05 8.589194e+01 2.131548e+01 8.849731e+01 2.481662e-01
1.778279e-05 8.561629e+01 2.172609e+01 8.832990e+01 2.537611e-01
1.819701e-05 8.532999e+01 2.214087e+01 8.815569e+01 2.594735e-01
1.862087e-05 8.503275e+01 2.255961e+01 8.797445e+01 2.653050e-01
1.905461e-05 8.472424e+01 2.298210e+01 8.778596e+01 2.712576e-01
1.949845e-05 8.440418e+01 2.340807e+01 8.758997e+01 2.773331e-01
1.995262e-05 8.407224e+01 2.383728e+01 8.738626e+01 2.835333e-01
2.041738e-05 8.372814e+01 2.426943e+01 8.717457e+01 2.898599e-01
2.089296e-05 8.337157e+01 2.470422e+01 8.695468e+01 2.963147e-01
2.137962e-05 8.300224e+01 2.514132e+01 8.672634e+01 3.028993e-01
2.187762e-05 8.261988e+01 2.558039e+01 8.648931e+01 3.096155e-01
2.238721e-05 8.222419e+01 2.602106e+01 8.624334e+01 3.164647e-01
2.290868e-05 8.181492e+01 2.646292e+01 8.598819e+01 3.234486e-01
2.344229e-05 8.139182e+01 2.690558e+01 8.572362e+01 3.305686e-01
2.398833e-05 8.095463e+01 2.734859e+01 8.544938e+01 3.378261e-01
2.454709e-05 8.050313e+01 2.779149e+01 8.516526e+01 3.452225e-01
2.511886e-05 8.003711e+01 2.823381e+01 8.487100e+01 3.527590e-01
2.570396e-05 7.955637e+01 2.867504e+01 8.456639e+01 3.604367e-01
2.630268e-05 7.906074e+01 2.911465e+01 8.425119e+01 3.682568e-01
2.691535e-05 7.855007e+01 2.955211e+01 8.392520e+01 3.762200e-01
2.754229e-05 7.802422e+01 2.998684e+01 8.358821e+01 3.843273e-01
2.818383e-05 7.748309e+01 3.041826e+01 8.324001e+01 3.925793e-01
2.884032e-05 7.692660e+01 3.084576e+01 8.288041e+01 4.009765e-01
2.951209e-05 7.635471e+01 3.126874e+01 8.250924e+01 4.095194e-01
3.019952e-05 7.576739e+01 3.168654e+01 8.212633e+01 4.182082e-01
3.090295e-05 7.516466e+01 3.209853e+01 8.173152e+01 4.270428e-01
3.162278e-05 7.454656e+01 3.250403e+01 8.132467e+01 4.360232e-01
3.235937e-05 7.391319e+01 3.290238e+01 8.090567e+01 4.451489e-01
3.311311e-05 7.326466e+01 3.329289e+01 8.047439e+01 4.544195e-01
3.388442e-05 7.260113e+01 3.367488e+01 8.003076e+01 4.638341e-01
3.467369e-05 7.192281e+01 3.404766e+01 7.957470e+01 4.733916e-01
3.548134e-05 7.122992e+01 3.441052e+01 7.910617e+01 4.830908e-01
3.630781e-05 7.052275e+01 3.476279e+01 7.862513e+01 4.929301e-01
3.715352e-05 6.980163e+01 3.510377e+01 7.813157e+01 5.029076e-01
3.801894e-05 6.906693e+01 3.543279e+01 7.762553e+01 5.130211e-01
3.890451e-05 6.831904e+01 3.574918e+01 7.710703e+01 5.232681e-01
3.981072e-05 6.755843e+01 3.605228e+01 7.657615e+01 5.336459e-01
4.073803e-05 6.678558e+01 3.634145e+01 7.603298e+01 5.441512e-01
4.168694e-05 6.600103e+01 3.661609e+01 7.547764e+01 5.547805e-01
4.265795e-05 6.520537e+01 3.687559e+01 7.491027e+01 5.655299e-01
4.365158e-05 6.439920e+01 3.711938e+01 7.433105e+01 5.763951e-01
4.466836e-05 6.358318e+01 3.734694e+01 7.374018e+01 5.873713e-01
4.570882e-05 6.275800e+01 3.755775e+01 7.313789e+01 5.984535e-01
4.677351e-05 6.192439e+01 3.775134e+01 7.252444e+01 6.096360e-01
4.786301e-05 6.108311e+01 3.792729e+01 7.190010e+01 6.209129e-01
4.897788e-05 6.023493e+01 3.808520e+01 7.126520e+01 6.322777e-01
5.011872e-05 5.938067e+01 3.822473e+01 7.062007e+01 6.437235e-01
5.128614e-05 5.852118e+01 3.834558e+01 6.996508e+01 6.552428e-01
5.248075e-05 5.765730e+01 3.844749e+01 6.930061e+01 6.668278e-01
5.370318e-05 5.678991e+01 3.853027e+01 6.862708e+01 6.784703e-01
5.495409e-05 5.591990e+01 3.859375e+01 6.794492e+01 6.901613e-01
5.623413e-05 5.504815e+01 3.863783e+01 6.725460e+01 7.018915e-01
5.754399e-05 5.417558e+01 3.866247e+01 6.655660e+01 7.136512e-01
5.888437e-05 5.330309e+01 3.866767e+01 6.585140e+01 7.254302e-01
6.025596e-05 5.243156e+01 3.865347e+01 6.513954e+01 7.372176e-01
6.165950e-05 5.156191e+01 3.862000e+01 6.442154e+01 7.490025e-01
6.309573e-05 5.069501e+01 3.856740e+01 6.369795e+01 7.607731e-01
6.456542e-05 4.983174e+01 3.849588e+01 6.296932e+01 7.725174e-01
6.606934e-05 4.897294e+01 3.840571e+01 6.223622e+01 7.842232e-01
6.760830e-05 4.811945e+01 3.829719e+01 6.149924e+01 7.958774e-01
6.918310e-05 4.727208e+01 3.817066e+01 6.075894e+01 8.074672e-01
7.079458e-05 4.643162e+01 3.802652e+01 6.001592e+01 8.189790e-01
7.244360e-05 4.559880e+01 3.786520e+01 5.927077e+01 8.303990e-01
7.413102e-05 4.477436e+01 3.768718e+01 5.852407e+01 8.417135e-01
7.585776e-05 4.395897e+01 3.749297e+01 5.777642e+01 8.529082e-01
7.762471e-05 4.315329e+01 3.728310e+01 5.702838e+01 8.639689e-01
7.943282e-05 4.235791e+01 3.705814e+01 5.628054e+01 8.748812e-01
8.128305e-05 4.157342e+01 3.681870e+01 5.553346e+01 8.856307e-01
8.317638e-05 4.080033e+01 3.656538e+01 5.478772e+01 8.962029e-01
8.511380e-05 4.003913e+01 3.629882e+01 5.404384e+01 9.065836e-01
8.709636e-05 3.929026e+01 3.601969e+01 5.330237e+01 9.167585e-01
8.912509e-05 3.855413e+01 3.572864e+01 5.256383e+01 9.267137e-01
9.120108e-05 3.783107e+01 3.542635e+01 5.182872e+01 9.364352e-01
9.332543e-05 3.712142e+01 3.511351e+01 5.109754e+01 9.459098e-01
9.549926e-05 3.642543e+01 3.479080e+01 5.037074e+01 9.551242e-01
9.772372e-05 3.574333e+01 3.445892e+01 4.964879e+01 9.640659e-01
1.000000e-04 3.507530e+01 3.411854e+01 4.893212e+01 9.727227e-01
1.023293e-04 3.442151e+01 3.377036e+01 4.822113e+01 9.810830e-01
1.047129e-04 3.378204e+01 3.341503e+01 4.751622e+01 9.891359e-01
1.071519e-04 3.315698e+01 3.305323e+01 4.681775e+01 9.968710e-01
1.096478e-04 3.254635e+01 3.268561e+01 4.612607e+01 1.004279e+00
1.122018e-04 3.195016e+01 3.231281e+01 4.544150e+01 1.011350e+00
1.148154e-04 3.136837e+01 3.193545e+01 4.476435e+01 1.018078e+00
1.174898e-04 3.080092e+01 3.155413e+01 4.409489e+01 1.024454e+00
1.202264e-04 3.024772e+01 3.116945e+01 4.343339e+01 1.030473e+00
1.230269e-04 2.970865e+01 3.078197e+01 4.278006e+01 1.036128e+00
1.258925e-04 2.918357e+01 3.039224e+01 4.213512e+01 1.041416e+00
1.288250e-04 2.867231e+01 3.000078e+01 4.149877e+01 1.046333e+00
1.318257e-04 2.817468e+01 2.960810e+01 4.087117e+01 1.050876e+00
1.348963e-04 2.769049e+01 2.921468e+01 4.025247e+01 1.055044e+00
1.380384e-04 2.721951e+01 2.882098e+01 3.964278e+01 1.058835e+00
1.412538e-04 2.676149e+01 2.842742e+01 3.904223e+01 1.062251e+00
1.445440e-04 2.631620e+01 2.803442e+01 3.845089e+01 1.065291e+00
1.479108e-04 2.588337e+01 2.764236e+01 3.786884e+01 1.067958e+00
1.513561e-04 2.546273e+01 2.725161e+01 3.729612e+01 1.070255e+00
1.548817e-04 2.505399e+01 2.686250e+01 3.673277e+01 1.072184e+00
1.584893e-04 2.465688e+01 2.647535e+01 3.617880e+01 1.073751e+00
1.621810e-04 2.427110e+01 2.609045e+01 3.563423e+01 1.074959e+00
1.659587e-04 2.389636e+01 2.570808e+01 3.509902e+01 1.075816e+00
1.698244e-04 2.353236e+01 2.532848e+01 3.457317e+01 1.076326e+00
1.737801e-04 2.317881e+01 2.495189e+01 3.405663e+01 1.076496e+00
1.778279e-04 2.283540e+01 2.457851e+01 3.354934e+01 1.076334e+00
1.819701e-04 2.250184e+01 2.420853e+01 3.305126e+01 1.075846e+00
1.862087e-04 2.217784e+01 2.384212e+01 3.256230e+01 1.075042e+00
1.905461e-04 2.186311e+01 2.347944e+01 3.208239e+01 1.073930e+00
1.949845e-04 2.155736e+01 2.312062e+01 3.161144e+01 1.072516e+00
1.995262e-04 2.126031e+01 2.276579e+01 3.114935e+01 1.070812e+00
2.041738e-04 2.097168e+01 2.241505e+01 3.069602e+01 1.068825e+00
2.089296e-04 2.069121e+01 2.206848e+01 3.025135e+01 1.066563e+00
2.137962e-04 2.041862e+01 2.172618e+01 2.981521e+01 1.064038e+00
2.187762e-04 2.015367e+01 2.138820e+01 2.938750e+01 1.061256e+00
2.238721e-04 1.989610e+01 2.105460e+01 2.896810e+01 1.058227e+00
2.290868e-04 1.964567e+01 2.072542e+01 2.855688e+01 1.054961e+00
2.344229e-04 1.940215e+01 2.040069e+01 2.815372e+01 1.051466e+00
2.398833e-04 1.916531e+01 2.008045e+01 2.775849e+01 1.047750e+00
2.454709e-04 1.893493e+01 1.976471e+01 2.737107e+01 1.043823e+00
2.511886e-04 1.871081e+01 1.945348e+01 2.699134e+01 1.039692e+00
2.570396e-04 1.849273e+01 1.914676e+01 2.661916e+01 1.035367e+00
2.630268e-04 1.828051e+01 1.884455e+01 2.625441e+01 1.030855e+00
2.691535e-04 1.807396e+01 1.854684e+01 2.589698e+01 1.026164e+00
2.754229e-04 1.787290e+01 1.825363e+01 2.554673e+01 1.021302e+00
2.818383e-04 1.767715e+01 1.796490e+01 2.520356e+01 1.016278e+00
2.884032e-04 1.748656e+01 1.768062e+01 2.486733e+01 1.011098e+00
2.951209e-04 1.730096e+01 1.740078e+01 2.453794e+01 1.005770e+00
3.019952e-04 1.712020e+01 1.712536e+01 2.421527e+01 1.000302e+00
3.090295e-04 1.694414e+01 1.685433e+01 2.389921e+01 9.946997e-01
3.162278e-04 1.677263e+01 1.658766e+01 2.358966e+01 9.889719e-01
3.235937e-04 1.660556e+01 1.632534e+01 2.328650e+01 9.831250e-01
3.311311e-04 1.644277e+01 1.606732e+01 2.298964e+01 9.771663e-01
3.388442e-04 1.628416e+01 1.581359e+01 2.269898e+01 9.711027e-01
3.467369e-04 1.612960e+01 1.556412e+01 2.241441e+01 9.649414e-01
3.548134e-04 1.597898e+01 1.531887e+01 2.213585e+01 9.586893e-01
3.630781e-04 1.583218e+01 1.507783e+01 2.186319e+01 9.523535e-01
3.715352e-04 1.568910e+01 1.484097e+01 2.159635e+01 9.459413e-01
3.801894e-04 1.554963e+01 1.460825e+01 2.133523e+01 9.394596e-01
3.890451e-04 1.541367e+01 1.437966e+01 2.107975e+01 9.329157e-01
3.981072e-04 1.528113e+01 1.415517e+01 2.082982e+01 9.263170e-01
4.073803e-04 1.515189e+01 1.393475e+01 2.058536e+01 9.196706e-01
4.168694e-04 1.502587e+01 1.371838e+01 2.034627e+01 9.129840e-01
4.265795e-04 1.490297e+01 1.350604e+01 2.011248e+01 9.062647e-01
4.365158e-04 1.478311e+01 1.329770e+01 1.988389e+01 8.995202e-01
4.466836e-04 1.466618e+01 1.309335e+01 1.966043e+01 8.927580e-01
4.570882e-04 1.455209e+01 1.289295e+01 1.944201e+01 8.859859e-01
4.677351e-04 1.444077e+01 1.269649e+01 1.922854e+01 8.792115e-01
4.786301e-04 1.433211e+01 1.250394e+01 1.901994e+01 8.724425e-01
4.897788e-04 1.422603e+01 1.231529e+01 1.881612e+01 8.656866e-01
5.011872e-04 1.412245e+01 1.213050e+01 1.861700e+01 8.589517e-01
5.128614e-04 1.402127e+01 1.194956e+01 1.842248e+01 8.522453e-01
5.248075e-04 1.392240e+01 1.177244e+01 1.823249e+01 8.455753e-01
5.370318e-04 1.382577e+01 1.159912e+01 1.804693e+01 8.389492e-01
5.495409e-04 1.373128e+01 1.142957e+01 1.786570e+01 8.323746e-01
5.623413e-04 1.363885e+01 1.126377e+01 1.768872e+01 8.258591e-01
5.754399e-04 1.354839e+01 1.110169e+01 1.751589e+01 8.194101e-01
5.888437e-04 1.345982e+01 1.094330e+01 1.734712e+01 8.130347e-01
6.025596e-04 1.337304e+01 1.078857e+01 1.718230e+01 8.067403e-01
6.165950e-04 1.328799e+01 1.063748e+01 1.702135e+01 8.005336e-01
6.309573e-04 1.320456e+01 1.048999e+01 1.686417e+01 7.944216e-01
6.456542e-04 1.312268e+01 1.034606e+01 1.671064e+01 7.884108e-01
6.606934e-04 1.304226e+01 1.020567e+01 1.656068e+01 7.825075e-01
6.760830e-04 1.296322e+01 1.006877e+01 1.641418e+01 7.767181e-01
6.918310e-04 1.288548e+01 9.935331e+00 1.627103e+01 7.710484e-01
7.079458e-04 1.280896e+01 9.805311e+00 1.613114e+01 7.655040e-01
7.244360e-04 1.273358e+01 9.678668e+00 1.599439e+01 7.600903e-01
7.413102e-04 1.265925e+01 9.555359e+00 1.586069e+01 7.548125e-01
7.585776e-04 1.258590e+01 9.435339e+00 1.572992e+01 7.496755e-01
7.762471e-04 1.251345e+01 9.318562e+00 1.560199e+01 7.446837e-01
7.943282e-04 1.244183e+01 9.204979e+00 1.547678e+01 7.398413e-01
8.128305e-04 1.237096e+01 9.094540e+00 1.535419e+01 7.351525e-01
8.317638e-04 1.230077e+01 8.987193e+00 1.523412e+01 7.306207e-01
8.511380e-04 1.223118e+01 8.882886e+00 1.511646e+01 7.262492e-01
8.709636e-04 1.216213e+01 8.781562e+00 1.500111e+01 7.220412e-01
8.912509e-04 1.209356e+01 8.683165e+00 1.488796e+01 7.179993e-01
9.120108e-04 1.202538e+01 8.587637e+00 1.477692e+01 7.141258e-01
9.332543e-04 1.195755e+01 8.494919e+00 1.466788e+01 7.104229e-01
9.549926e-04 1.189000e+01 8.404948e+00 1.456074e+01 7.068924e-01
9.772372e-04 1.182266e+01 8.317663e+00 1.445541e+01 7.035356e-01
1.000000e-03 1.175549e+01 8.233000e+00 1.435179e+01 7.003539e-01
1.023293e-03 1.168842e+01 8.150895e+00 1.424978e+01 6.973480e-01
1.047129e-03 1.162140e+01 8.071281e+00 1.414930e+01 6.945187e-01
1.071519e-03 1.155439e+01 7.994091e+00 1.405025e+01 6.918661e-01
1.096478e-03 1.148733e+01 7.919258e+00 1.395254e+01 6.893905e-01
1.122018e-03 1.142019e+01 7.846714e+00 1.385610e+01 6.870916e-01
1.148154e-03 1.135291e+01 7.776390e+00 1.376084e+01 6.849691e-01
1.174898e-03 1.128545e+01 7.708215e+00 1.366668e+01 6.830222e-01
1.202264e-03 1.121779e+01 7.642120e+00 1.357353e+01 6.812501e-01
1.230269e-03 1.114988e+01 7.578036e+00 1.348134e+01 6.796517e-01
1.258925e-03 1.108170e+01 7.515891e+00 1.339002e+01 6.782257e-01
1.288250e-03 1.101320e+01 7.455615e+00 1.329951e+01 6.769706e-01
1.318257e-03 1.094438e+01 7.397138e+00 1.320973e+01 6.758847e-01
1.348963e-03 1.087519e+01 7.340390e+00 1.312064e+01 6.749664e-01
1.380384e-03 1.080563e+01 7.285302e+00 1.303216e+01 6.742135e-01
1.412538e-03 1.073567e+01 7.231804e+00 1.294425e+01 6.736239e-01
1.445440e-03 1.066529e+01 7.179827e+00 1.285684e+01 6.731955e-01
1.479108e-03 1.059449e+01 7.129304e+00 1.276989e+01 6.729258e-01
1.513561e-03 1.052324e+01 7.080168e+00 1.268335e+01 6.728125e-01
1.548817e-03 1.045155e+01 7.032353e+00 1.259717e+01 6.728529e-01
1.584893e-03 1.037939e+01 6.985792e+00 1.251132e+01 6.730443e-01
1.621810e-03 1.030678e+01 6.940423e+00 1.242575e+01 6.733842e-01
1.659587e-03 1.023370e+01 6.896183e+00 1.234042e+01 6.738697e-01
1.698244e-03 1.016016e+01 6.853010e+00 1.225531e+01 6.744981e-01
1.737801e-03 1.008616e+01 6.810843e+00 1.217038e+01 6.752663e-01
1.778279e-03 1.001169e+01 6.769624e+00 1.208560e+01 6.761717e-01
1.819701e-03 9.936776e+00 6.729296e+00 1.200096e+01 6.772111e-01
1.862087e-03 9.861411e+00 6.689802e+00 1.191641e+01 6.783818e-01
1.905461e-03 9.785606e+00 6.651088e+00 1.183195e+01 6.796808e-01
1.949845e-03 9.709371e+00 6.613102e+00 1.174755e+01 6.811051e-01
1.995262e-03 9.632718e+00 6.575793e+00 1.166320e+01 6.826518e-01
2.041738e-03 9.555660e+00 6.539110e+00 1.157889e+01 6.843180e-01
2.089296e-03 9.478209e+00 6.503007e+00 1.149459e+01 6.861008e-01
2.137962e-03 9.400381e+00 6.467437e+00 1.141030e+01 6.879973e-01
2.187762e-03 9.322192e+00 6.432355e+00 1.132601e+01 6.900046e-01
2.238721e-03 9.243657e+00 6.397719e+00 1.124171e+01 6.921199e-01
2.290868e-03 9.164795e+00 6.363488e+00 1.115739e+01 6.943404e-01
2.344229e-03 9.085624e+00 6.329621e+00 1.107306e+01 6.966634e-01
2.398833e-03 9.006162e+00 6.296081e+00 1.098870e+01 6.990859e-01
2.454709e-03 8.926430e+00 6.262832e+00 1.090432e+01 7.016055e-01
2.511886e-03 8.846446e+00 6.229838e+00 1.081991e+01 7.042193e-01
2.570396e-03 8.766233e+00 6.197067e+00 1.073548e+01 7.069248e-01
2.630268e-03 8.685809e+00 6.164487e+00 1.065102e+01 7.097193e-01
2.691535e-03 8.605198e+00 6.132067e+00 1.056654e+01 7.126003e-01
2.754229e-03 8.524419e+00 6.099778e+00 1.048203e+01 7.155652e-01
2.818383e-03 8.443495e+00 6.067593e+00 1.039751e+01 7.186115e-01
2.884032e-03 8.362448e+00 6.035486e+00 1.031298e+01 7.217367e-01
2.951209e-03 8.281300e+00 6.003432e+00 1.022845e+01 7.249383e-01
3.019952e-03 8.200073e+00 5.971408e+00 1.014391e+01 7.282140e-01
3.090295e-03 8.118788e+00 5.939391e+00 1.005938e+01 7.315612e-01
3.162278e-03 8.037470e+00 5.907360e+00 9.974860e+00 7.349776e-01
3.235937e-03 7.956139e+00 5.875296e+00 9.890362e+00 7.384607e-01
3.311311e-03 7.874818e+00 5.843180e+00 9.805892e+00 7.420083e-01
3.388442e-03 7.793530e+00 5.810995e+00 9.721459e+00 7.456179e-01
3.467369e-03 7.712296e+00 5.778724e+00 9.637072e+00 7.492871e-01
3.548134e-03 7.631139e+00 5.746352e+00 9.552741e+00 7.530137e-01
3.630781e-03 7.550082e+00 5.713865e+00 9.468473e+00 7.567952e-01
3.715352e-03 7.469145e+00 5.681250e+00 9.384281e+00 7.606292e-01
3.801894e-03 7.388351e+00 5.648494e+00 9.300173e+00 7.645135e-01
3.890451e-03 7.307722e+00 5.615587e+00 9.216161e+00 7.684457e-01
3.981072e-03 7.227279e+00 5.582518e+00 9.132254e+00 7.724233e-01
4.073803e-03 7.147044e+00 5.549279e+00 9.048466e+00 7.764440e-01
4.168694e-03 7.067037e+00 5.515861e+00 8.964805e+00 7.805054e-01
4.265795e-03 6.987281e+00 5.482257e+00 8.881285e+00 7.846051e-01
4.365158e-03 6.907795e+00 5.448460e+00 8.797917e+00 7.887408e-01
4.466836e-03 6.828601e+00 5.414465e+00 8.714713e+00 7.929099e-01
4.570882e-03 6.749719e+00 5.380269e+00 8.631686e+00 7.971101e-01
4.677351e-03 6.671168e+00 5.345866e+00 8.548846e+00 8.013389e-01
4.786301e-03 6.592969e+00 5.311256e+00 8.466208e+00 8.055939e-01
4.897788e-03 6.515140e+00 5.276434e+00 8.383783e+00 8.098728e-01
5.011872e-03 6.437701e+00 5.241402e+00 8.301584e+00 8.141729e-01
5.128614e-03 6.360671e+00 5.206158e+00 8.219624e+00 8.184920e-01
5.248075e-03 6.284067e+00 5.170703e+00 8.137915e+00 8.228275e-01
5.370318e-03 6.207907e+00 5.135039e+00 8.056472e+00 8.271771e-01
5.495409e-03 6.132209e+00 5.099167e+00 7.975305e+00 8.315384e-01
5.623413e-03 6.056989e+00 5.063092e+00 7.894429e+00 8.359090e-01
5.754399e-03 5.982264e+00 5.026815e+00 7.813857e+00 8.402864e-01
5.888437e-03 5.908049e+00 4.990343e+00 7.733600e+00 8.446684e-01
6.025596e-03 5.834360e+00 4.953678e+00 7.653671e+00 8.490526e-01
6.165950e-03 5.761211e+00 4.916829e+00 7.574084e+00 8.534367e-01
6.309573e-03 5.688615e+00 4.879799e+00 7.494850e+00 8.578185e-01
6.456542e-03 5.616586e+00 4.842597e+00 7.415982e+00 8.621957e-01
6.606934e-03 5.545137e+00 4.805229e+00 7.337491e+00 8.665662e-01
6.760830e-03 5.474280e+00 4.767702e+00 7.259389e+00 8.709277e-01
6.918310e-03 5.404026e+00 4.730026e+00 7.181688e+00 8.752783e-01
7.079458e-03 5.334384e+00 4.692208e+00 7.104398e+00 8.796157e-01
7.244360e-03 5.265367e+00 4.654257e+00 7.027532e+00 8.839380e-01
7.413102e-03 5.196981e+00 4.616183e+00 6.951098e+00 8.882431e-01
7.585776e-03 5.129237e+00 4.577994e+00 6.875107e+00 8.925292e-01
7.762471e-03 5.062141e+00 4.539700e+00 6.799570e+00 8.967943e-01
7.943282e-03 4.995701e+00 4.501310e+00 6.724494e+00 9.010366e-01
8.128305e-03 4.929924e+00 4.462834e+00 6.649890e+00 9.052542e-01
8.317638e-03 4.864815e+00 4.424282e+00 6.575766e+00 9.094452e-01
8.511380e-03 4.800379e+00 4.385664e+00 6.502130e+00 9.136080e-01
8.709636e-03 4.736621e+00 4.346990e+00 6.428989e+00 9.177407e-01
8.912509e-03 4.673545e+00 4.308268e+00 6.356351e+00 9.218416e-01
9.120108e-03 4.611155e+00 4.269510e+00 6.284224e+00 9.259090e-01
9.332543e-03 4.549453e+00 4.230724e+00 6.212612e+00 9.299412e-01
9.549926e-03 4.488443e+00 4.191920e+00 6.141523e+00 9.339363e-01
9.772372e-03 4.428126e+00 4.153107e+00 6.070963e+00 9.378927e-01
1.000000e-02 4.368503e+00 4.114294e+00 6.000936e+00 9.418087e-01
1.023293e-02 4.309577e+00 4.075491e+00 5.931449e+00 9.456824e-01
1.047129e-02 4.251348e+00 4.036706e+00 5.862504e+00 9.495121e-01
1.071519e-02 4.193817e+00 3.997949e+00 5.794108e+00 9.532960e-01
1.096478e-02 4.136983e+00 3.959227e+00 5.726264e+00 9.570323e-01
1.122018e-02 4.080848e+00 3.920548e+00 5.658977e+00 9.607191e-01
1.148154e-02 4.025411e+00 3.881923e+00 5.592250e+00 9.643545e-01
1.174898e-02 3.970671e+00 3.843358e+00 5.526086e+00 9.679366e-01
1.202264e-02 3.916628e+00 3.804861e+00 5.460489e+00 9.714634e-01
1.230269e-02 3.863282e+00 3.766441e+00 5.395463e+00 9.749330e-01
1.258925e-02 3.810630e+00 3.728105e+00 5.331010e+00 9.783434e-01
1.288250e-02 3.758673e+00 3.689861e+00 5.267133e+00 9.816925e-01
1.318257e-02 3.707408e+00 3.651717e+00 5.203836e+00 9.849783e-01
1.348963e-02 3.656835e+00 3.613680e+00 5.141121e+00 9.881988e-01
1.380384e-02 3.606952e+00 3.575758e+00 5.078991e+00 9.913518e-01
1.412538e-02 3.557757e+00 3.537959e+00 5.017448e+00 9.944355e-01
1.445440e-02 3.509248e+00 3.500291e+00 4.956496e+00 9.974477e-01
1.479108e-02 3.461423e+00 3.462760e+00 4.896137e+00 1.000386e+00
1.513561e-02 3.414279e+00 3.425375e+00 4.836373e+00 1.003250e+00
1.548817e-02 3.367815e+00 3.388144e+00 4.777206e+00 1.006036e+00
1.584893e-02 3.322028e+00 3.351073e+00 4.718640e+00 1.008743e+00
1.621810e-02 3.276914e+00 3.314172e+00 4.660676e+00 1.011370e+00
1.659587e-02 3.232471e+00 3.277447e+00 4.603317e+00 1.013914e+00
1.698244e-02 3.188695e+00 3.240906e+00 4.546565e+00 1.016374e+00
1.737801e-02 3.145583e+00 3.204558e+00 4.490421e+00 1.018749e+00
1.778279e-02 3.103129e+00 3.168410e+00 4.434888e+00 1.021037e+00
1.819701e-02 3.061331e+00 3.132469e+00 4.379967e+00 1.023238e+00
1.862087e-02 3.020183e+00 3.096745e+00 4.325660e+00 1.025350e+00
1.905461e-02 2.979680e+00 3.061243e+00 4.271967e+00 1.027373e+00
1.949845e-02 2.939818e+00 3.025973e+00 4.218891e+00 1.029306e+00
1.995262e-02 2.900590e+00 2.990941e+00 4.166432e+00 1.031149e+00
2.041738e-02 2.861991e+00 2.956155e+00 4.114589e+00 1.032902e+00
2.089296e-02 2.824014e+00 2.921623e+00 4.063365e+00 1.034564e+00
2.137962e-02 2.786652e+00 2.887351e+00 4.012758e+00 1.036136e+00
2.187762e-02 2.749899e+00 2.853346e+00 3.962768e+00 1.037619e+00
2.238721e-02 2.713747e+00 2.819616e+00 3.913394e+00 1.039012e+00
2.290868e-02 2.678188e+00 2.786166e+00 3.864636e+00 1.040317e+00
2.344229e-02 2.643215e+00 2.753003e+00 3.816492e+00 1.041536e+00
2.398833e-02 2.608819e+00 2.720133e+00 3.768960e+00 1.042668e+00
2.454709e-02 2.574992e+00 2.687562e+00 3.722039e+00 1.043717e+00
2.511886e-02 2.541725e+00 2.655295e+00 3.675725e+00 1.044682e+00
2.570396e-02 2.509008e+00 2.623336e+00 3.630016e+00 1.045567e+00
2.630268e-02 2.476833e+00 2.591691e+00 3.584908e+00 1.046373e+00
2.691535e-02 2.445191e+00 2.560365e+00 3.540399e+00 1.047102e+00
2.754229e-02 2.414071e+00 2.529360e+00 3.496484e+00 1.047757e+00
2.818383e-02 2.383464e+00 2.498680e+00 3.453158e+00 1.048340e+00
2.884032e-02 2.353360e+00 2.468329e+00 3.410418e+00 1.048853e+00
2.951209e-02 2.323749e+00 2.438309e+00 3.368258e+00 1.049300e+00
3.019952e-02 2.294621e+00 2.408624e+00 3.326673e+00 1.049683e+00
3.090295e-02 2.265966e+00 2.379273e+00 3.285658e+00 1.050004e+00
3.162278e-02 2.237775e+00 2.350261e+00 3.245206e+00 1.050267e+00
3.235937e-02 2.210036e+00 2.321587e+00 3.205312e+00 1.050474e+00
3.311311e-02 2.182741e+00 2.293252e+00 3.165970e+00 1.050629e+00
3.388442e-02 2.155879e+00 2.265258e+00 3.127172e+00 1.050735e+00
3.467369e-02 2.129441e+00 2.237603e+00 3.088913e+00 1.050794e+00
3.548134e-02 2.103416e+00 2.210289e+00 3.051186e+00 1.050809e+00
3.630781e-02 2.077795e+00 2.183314e+00 3.013983e+00 1.050784e+00
3.715352e-02 2.052569e+00 2.156678e+00 2.977297e+00 1.050721e+00
3.801894e-02 2.027728e+00 2.130380e+00 2.941122e+00 1.050624e+00
3.890451e-02 2.003263e+00 2.104417e+00 2.905449e+00 1.050495e+00
3.981072e-02 1.979166e+00 2.078790e+00 2.870273e+00 1.050336e+00
4.073803e-02 1.955427e+00 2.053495e+00 2.835584e+00 1.050152e+00
4.168694e-02 1.932037e+00 2.028531e+00 2.801376e+00 1.049944e+00
4.265795e-02 1.908989e+00 2.003895e+00 2.767640e+00 1.049715e+00
4.365158e-02 1.886274e+00 1.979584e+00 2.734371e+00 1.049468e+00
4.466836e-02 1.863884e+00 1.955597e+00 2.701560e+00 1.049205e+00
4.570882e-02 1.841812e+00 1.931931e+00 2.669200e+00 1.048929e+00
4.677351e-02 1.820049e+00 1.908581e+00 2.637282e+00 1.048643e+00
4.786301e-02 1.798588e+00 1.885545e+00 2.605801e+00 1.048348e+00
4.897788e-02 1.777422e+00 1.862820e+00 2.574748e+00 1.048046e+00
5.011872e-02 1.756545e+00 1.840403e+00 2.544117e+00 1.047741e+00
5.128614e-02 1.735948e+00 1.818290e+00 2.513900e+00 1.047433e+00
5.248075e-02 1.715626e+00 1.796476e+00 2.484090e+00 1.047126e+00
5.370318e-02 1.695573e+00 1.774960e+00 2.454679e+00 1.046820e+00
5.495409e-02 1.675782e+00 1.753736e+00 2.425662e+00 1.046518e+00
5.623413e-02 1.656246e+00 1.732801e+00 2.397030e+00 1.046222e+00
5.754399e-02 1.636961e+00 1.712152e+00 2.368778e+00 1.045933e+00
5.888437e-02 1.617921e+00 1.691784e+00 2.340898e+00 1.045653e+00
6.025596e-02 1.599120e+00 1.671693e+00 2.313384e+00 1.045383e+00
6.165950e-02 1.580553e+00 1.651876e+00 2.286229e+00 1.045125e+00
6.309573e-02 1.562216e+00 1.632328e+00 2.259427e+00 1.044880e+00
6.456542e-02 1.544102e+00 1.613045e+00 2.232972e+00 1.044650e+00
6.606934e-02 1.526207e+00 1.594024e+00 2.206858e+00 1.044435e+00
6.760830e-02 1.508528e+00 1.575260e+00 2.181077e+00 1.044237e+00
6.918310e-02 1.491058e+00 1.556749e+00 2.155625e+00 1.044056e+00
7.079458e-02 1.473796e+00 1.538486e+00 2.130496e+00 1.043894e+00
7.244360e-02 1.456735e+00 1.520469e+00 2.105684e+00 1.043751e+00
7.413102e-02 1.439873e+00 1.502693e+00 2.081182e+00 1.043629e+00
7.585776e-02 1.423206e+00 1.485154e+00 2.056987e+00 1.043527e+00
7.762471e-02 1.406730e+00 1.467847e+00 2.033092e+00 1.043446e+00
7.943282e-02 1.390442e+00 1.450769e+00 2.009492e+00 1.043387e+00
8.128305e-02 1.374338e+00 1.433916e+00 1.986183e+00 1.043350e+00
8.317638e-02 1.358417e+00 1.417284e+00 1.963159e+00 1.043335e+00
8.511380e-02 1.342674e+00 1.400870e+00 1.940415e+00 1.043343e+00
8.709636e-02 1.327108e+00 1.384668e+00 1.917947e+00 1.043373e+00
8.912509e-02 1.311715e+00 1.368676e+00 1.895751e+00 1.043425e+00
9.120108e-02 1.296494e+00 1.352891e+00 1.873822e+00 1.043500e+00
9.332543e-02 1.281441e+00 1.337307e+00 1.852156e+00 1.043597e+00
9.549926e-02 1.266555e+00 1.321923e+00 1.830749e+00 1.043715e+00
9.772372e-02 1.251834e+00 1.306734e+00 1.809598e+00 1.043856e+00
1.000000e-01 1.237276e+00 1.291738e+00 1.788697e+00 1.044018e+00
1.023293e-01 1.222878e+00 1.276931e+00 1.768045e+00 1.044201e+00
1.047129e-01 1.208640e+00 1.262310e+00 1.747637e+00 1.044405e+00
1.071519e-01 1.194559e+00 1.247872e+00 1.727471e+00 1.044629e+00
1.096478e-01 1.180635e+00 1.233614e+00 1.707543e+00 1.044874e+00
1.122018e-01 1.166865e+00 1.219534e+00 1.687850e+00 1.045137e+00
1.148154e-01 1.153248e+00 1.205629e+00 1.668389e+00 1.045420e+00
1.174898e-01 1.139783e+00 1.191897e+00 1.649158e+00 1.045722e+00
1.202264e-01 1.126469e+00 1.178334e+00 1.630155e+00 1.046043e+00
1.230269e-01 1.113303e+00 1.164940e+00 1.611375e+00 1.046382e+00
1.258925e-01 1.100286e+00 1.151712e+00 1.592818e+00 1.046739e+00
1.288250e-01 1.087415e+00 1.138647e+00 1.574480e+00 1.047114e+00
1.318257e-01 1.074690e+00 1.125744e+00 1.556361e+00 1.047507e+00
1.348963e-01 1.062108e+00 1.113002e+00 1.538456e+00 1.047918e+00
1.380384e-01 1.049670e+00 1.100418e+00 1.520765e+00 1.048347e+00
1.412538e-01 1.037373e+00 1.087991e+00 1.503285e+00 1.048795e+00
1.445440e-01 1.025216e+00 1.075719e+00 1.486015e+00 1.049262e+00
1.479108e-01 1.013197e+00 1.063602e+00 1.468951e+00 1.049748e+00
1.513561e-01 1.001317e+00 1.051637e+00 1.452093e+00 1.050254e+00
1.548817e-01 9.895718e-01 1.039824e+00 1.435439e+00 1.050781e+00
1.584893e-01 9.779614e-01 1.028160e+00 1.418986e+00 1.051330e+00
1.621810e-01 9.664839e-01 1.016646e+00 1.402733e+00 1.051902e+00
1.659587e-01 9.551376e-01 1.005280e+00 1.386678e+00 1.052497e+00
1.698244e-01 9.439209e-01 9.940605e-01 1.370818e+00 1.053118e+00
1.737801e-01 9.328321e-01 9.829871e-01 1.355153e+00 1.053766e+00
1.778279e-01 9.218693e-01 9.720584e-01 1.339679e+00 1.054443e+00
1.819701e-01 9.110308e-01 9.612735e-01 1.324396e+00 1.055149e+00
1.862087e-01 9.003147e-01 9.506314e-01 1.309300e+00 1.055888e+00
1.905461e-01 8.897190e-01 9.401310e-01 1.294390e+00 1.056661e+00
1.949845e-01 8.792416e-01 9.297714e-01 1.279664e+00 1.057470e+00
1.995262e-01 8.688807e-01 9.195515e-01 1.265120e+00 1.058317e+00
2.041738e-01 8.586340e-01 9.094702e-01 1.250755e+00 1.059206e+00
2.089296e-01 8.484994e-01 8.995263e-01 1.236567e+00 1.060138e+00
2.137962e-01 8.384748e-01 8.897189e-01 1.222555e+00 1.061116e+00
2.187762e-01 8.285580e-01 8.800466e-01 1.208714e+00 1.062142e+00
2.238721e-01 8.187468e-01 8.705083e-01 1.195044e+00 1.063220e+00
2.290868e-01 8.090389e-01 8.611026e-01 1.181542e+00 1.064353e+00
2.344229e-01 7.994321e-01 8.518282e-01 1.168205e+00 1.065542e+00
2.398833e-01 7.899241e-01 8.426838e-01 1.155031e+00 1.066791e+00
2.454709e-01 7.805127e-01 8.336679e-01 1.142017e+00 1.068103e+00
2.511886e-01 7.711957e-01 8.247789e-01 1.129160e+00 1.069481e+00
2.570396e-01 7.619708e-01 8.160154e-01 1.116459e+00 1.070927e+00
2.630268e-01 7.528359e-01 8.073757e-01 1.103910e+00 1.072446e+00
2.691535e-01 7.437887e-01 7.988581e-01 1.091511e+00 1.074039e+00
2.754229e-01 7.348272e-01 7.904608e-01 1.079259e+00 1.075710e+00
2.818383e-01 7.259492e-01 7.821822e-01 1.067151e+00 1.077461e+00
2.884032e-01 7.171526e-01 7.740202e-01 1.055185e+00 1.079296e+00
2.951209e-01 7.084356e-01 7.659732e-01 1.043358e+00 1.081218e+00
3.019952e-01 6.997961e-01 7.580390e-01 1.031667e+00 1.083228e+00
3.090295e-01 6.912323e-01 7.502159e-01 1.020111e+00 1.085331e+00
3.162278e-01 6.827423e-01 7.425016e-01 1.008685e+00 1.087528e+00
3.235937e-01 6.743244e-01 7.348942e-01 9.973881e-01 1.089823e+00
3.311311e-01 6.659770e-01 7.273917e-01 9.862170e-01 1.092217e+00
3.388442e-01 6.576983e-01 7.199918e-01 9.751694e-01 1.094714e+00
3.467369e-01 6.494870e-01 7.126926e-01 9.642428e-01 1.097316e+00
3.548134e-01 6.413414e-01 7.054920e-01 9.534347e-01 1.100026e+00
3.630781e-01 6.332604e-01 6.983877e-01 9.427428e-01 1.102844e+00
3.715352e-01 6.252425e-01 6.913776e-01 9.321648e-01 1.105775e+00
3.801894e-01 6.172866e-01 6.844597e-01 9.216983e-01 1.108820e+00
3.890451e-01 6.093915e-01 6.776319e-01 9.113413e-01 1.111981e+00
3.981072e-01 6.015561e-01 6.708920e-01 9.010914e-01 1.115261e+00
4.073803e-01 5.937794e-01 6.642380e-01 8.909468e-01 1.118661e+00
4.168694e-01 5.860606e-01 6.576679e-01 8.809053e-01 1.122184e+00
4.265795e-01 5.783987e-01 6.511796e-01 8.709649e-01 1.125832e+00
4.365158e-01 5.707929e-01 6.447712e-01 8.611240e-01 1.129606e+00
4.466836e-01 5.632426e-01 6.384407e-01 8.513805e-01 1.133509e+00
4.570882e-01 5.557470e-01 6.321862e-01 8.417328e-01 1.137543e+00
4.677351e-01 5.483055e-01 6.260059e-01 8.321792e-01 1.141710e+00
4.786301e-01 5.409175e-01 6.198979e-01 8.227182e-01 1.146012e+00
4.897788e-01 5.335825e-01 6.138605e-01 8.133480e-01 1.150451e+00
5.011872e-01 5.263000e-01 6.078919e-01 8.040673e-01 1.155029e+00
5.128614e-01 5.190696e-01 6.019904e-01 7.948747e-01 1.159749e+00
5.248075e-01 5.118907e-01 5.961545e-01 7.857686e-01 1.164613e+00
5.370318e-01 5.047630e-01 5.903825e-01 7.767479e-01 1.169623e+00
5.495409e-01 4.976862e-01 5.846729e-01 7.678112e-01 1.174782e+00
5.623413e-01 4.906598e-01 5.790242e-01 7.589572e-01 1.180093e+00
5.754399e-01 4.836836e-01 5.734349e-01 7.501849e-01 1.185558e+00
5.888437e-01 4.767572e-01 5.679035e-01 7.414930e-01 1.191180e+00
6.025596e-01 4.698803e-01 5.624288e-01 7.328804e-01 1.196962e+00
6.165950e-01 4.630526e-01 5.570094e-01 7.243460e-01 1.202908e+00
6.309573e-01 4.562738e-01 5.516439e-01 7.158888e-01 1.209020e+00
6.456542e-01 4.495436e-01 5.463311e-01 7.075077e-01 1.215302e+00
6.606934e-01 4.428618e-01 5.410698e-01 6.992017e-01 1.221758e+00
6.760830e-01 4.362280e-01 5.358586e-01 6.909698e-01 1.228391e+00
6.918310e-01 4.296420e-01 5.306965e-01 6.828111e-01 1.235206e+00
7.079458e-01 4.231036e-01 5.255821e-01 6.747245e-01 1.242207e+00
7.244360e-01 4.166124e-01 5.205145e-01 6.667092e-01 1.249398e+00
7.413102e-01 4.101681e-01 5.154924e-01 6.587642e-01 1.256783e+00
7.585776e-01 4.037706e-01 5.105146e-01 6.508886e-01 1.264368e+00
7.762471e-01 3.974196e-01 5.055802e-01 6.430814e-01 1.272157e+00
7.943282e-01 3.911148e-01 5.006879e-01 6.353417e-01 1.280156e+00
8.128305e-01 3.848559e-01 4.958367e-01 6.276688e-01 1.288370e+00
8.317638e-01 3.786428e-01 4.910255e-01 6.200616e-01 1.296804e+00
8.511380e-01 3.724751e-01 4.862532e-01 6.125193e-01 1.305465e+00
8.709636e-01 3.663527e-01 4.815187e-01 6.050410e-01 1.314358e+00
8.912509e-01 3.602754e-01 4.768210e-01 5.976258e-01 1.323490e+00
9.120108e-01 3.542429e-01 4.721590e-01 5.902729e-01 1.332868e+00
9.332543e-01 3.482551e-01 4.675316e-01 5.829815e-01 1.342498e+00
9.549926e-01 3.423118e-01 4.629377e-01 5.757506e-01 1.352386e+00
9.772372e-01 3.364128e-01 4.583764e-01 5.685794e-01 1.362541e+00
1.000000e+00 3.305581e-01 4.538465e-01 5.614671e-01 1.372970e+00
1.023293e+00 3.247476e-01 4.493470e-01 5.544129e-01 1.383681e+00
1.047129e+00 3.189810e-01 4.448768e-01 5.474160e-01 1.394681e+00
1.071519e+00 3.132585e-01 4.404350e-01 5.404756e-01 1.405979e+00
1.096478e+00 3.075799e-01 4.360204e-01 5.335908e-01 1.417584e+00
1.122018e+00 3.019453e-01 4.316320e-01 5.267610e-01 1.429504e+00
1.148154e+00 2.963546e-01 4.272688e-01 5.199852e-01 1.441749e+00
1.174898e+00 2.908079e-01 4.229298e-01 5.132629e-01 1.454327e+00
1.202264e+00 2.853054e-01 4.186140e-01 5.065933e-01 1.467249e+00
1.230269e+00 2.798470e-01 4.143203e-01 4.999757e-01 1.480524e+00
1.258925e+00 2.744330e-01 4.100478e-01 4.934093e-01 1.494164e+00
1.288250e+00 2.690636e-01 4.057956e-01 4.868935e-01 1.508177e+00
1.318257e+00 2.637390e-01 4.015627e-01 4.804278e-01 1.522576e+00
1.348963e+00 2.584593e-01 3.973481e-01 4.740113e-01 1.537372e+00
1.380384e+00 2.532250e-01 3.931510e-01 4.676437e-01 1.552576e+00
1.412538e+00 2.480362e-01 3.889704e-01 4.613242e-01 1.568200e+00
1.445440e+00 2.428935e-01 3.848056e-01 4.550523e-01 1.584257e+00
1.479108e+00 2.377971e-01 3.806556e-01 4.488275e-01 1.600758e+00
1.513561e+00 2.327475e-01 3.765197e-01 4.426494e-01 1.617718e+00
1.548817e+00 2.277451e-01 3.723971e-01 4.365174e-01 1.635148e+00
1.584893e+00 2.227905e-01 3.682870e-01 4.304311e-01 1.653064e+00
1.621810e+00 2.178842e-01 3.641889e-01 4.243902e-01 1.671479e+00
1.659587e+00 2.130266e-01 3.601019e-01 4.183943e-01 1.690408e+00
1.698244e+00 2.082185e-01 3.560256e-01 4.124429e-01 1.709865e+00
1.737801e+00 2.034604e-01 3.519593e-01 4.065360e-01 1.729866e+00
1.778279e+00 1.987530e-01 3.479025e-01 4.006730e-01 1.750426e+00
1.819701e+00 1.940969e-01 3.438547e-01 3.948540e-01 1.771562e+00
1.862087e+00 1.894928e-01 3.398156e-01 3.890786e-01 1.793290e+00
1.905461e+00 1.849415e-01 3.357847e-01 3.833467e-01 1.815627e+00
1.949845e+00 1.804436e-01 3.317617e-01 3.776582e-01 1.838590e+00
1.995262e+00 1.759999e-01 3.277464e-01 3.720130e-01 1.862197e+00
2.041738e+00 1.716111e-01 3.237386e-01 3.664110e-01 1.886466e+00
2.089296e+00 1.672781e-01 3.197381e-01 3.608523e-01 1.911417e+00
2.137962e+00 1.630015e-01 3.157449e-01 3.553369e-01 1.937067e+00
2.187762e+00 1.587822e-01 3.117589e-01 3.498648e-01 1.963437e+00
2.238721e+00 1.546209e-01 3.077802e-01 3.444361e-01 1.990547e+00
2.290868e+00 1.505184e-01 3.038089e-01 3.390510e-01 2.018417e+00
2.344229e+00 1.464754e-01 2.998451e-01 3.337097e-01 2.047068e+00
2.398833e+00 1.424927e-01 2.958892e-01 3.284122e-01 2.076522e+00
2.454709e+00 1.385709e-01 2.919414e-01 3.231589e-01 2.106801e+00
2.511886e+00 1.347109e-01 2.880020e-01 3.179500e-01 2.137927e+00
2.570396e+00 1.309133e-01 2.840716e-01 3.127858e-01 2.169922e+00
2.630268e+00 1.271786e-01 2.801505e-01 3.076665e-01 2.202811e+00
2.691535e+00 1.235076e-01 2.762393e-01 3.025926e-01 2.236617e+00
2.754229e+00 1.199009e-01 2.723386e-01 2.975644e-01 2.271365e+00
2.818383e+00 1.163589e-01 2.684491e-01 2.925822e-01 2.307079e+00
2.884032e+00 1.128821e-01 2.645715e-01 2.876464e-01 2.343786e+00
2.951209e+00 1.094711e-01 2.607065e-01 2.827575e-01 2.381510e+00
3.019952e+00 1.061261e-01 2.568549e-01 2.779158e-01 2.420279e+00
3.090295e+00 1.028477e-01 2.530175e-01 2.731218e-01 2.460119e+00
3.162278e+00 9.963594e-02 2.491953e-01 2.683759e-01 2.501058e+00
3.235937e+00 9.649120e-02 2.453892e-01 2.636786e-01 2.543125e+00
3.311311e+00 9.341362e-02 2.416000e-01 2.590303e-01 2.586347e+00
3.388442e+00 9.040330e-02 2.378289e-01 2.544314e-01 2.630754e+00
3.467369e+00 8.746032e-02 2.340767e-01 2.498824e-01 2.676376e+00
3.548134e+00 8.458464e-02 2.303445e-01 2.453837e-01 2.723243e+00
3.630781e+00 8.177619e-02 2.266333e-01 2.409357e-01 2.771385e+00
3.715352e+00 7.903483e-02 2.229442e-01 2.365389e-01 2.820835e+00
3.801894e+00 7.636034e-02 2.192783e-01 2.321936e-01 2.871625e+00
3.890451e+00 7.375246e-02 2.156365e-01 2.279002e-01 2.923787e+00
3.981072e+00 7.121084e-02 2.120199e-01 2.236592e-01 2.977354e+00
4.073803e+00 6.873508e-02 2.084296e-01 2.194707e-01 3.032361e+00
4.168694e+00 6.632471e-02 2.048666e-01 2.153353e-01 3.088842e+00
4.265795e+00 6.397921e-02 2.013319e-01 2.112531e-01 3.146833e+00
4.365158e+00 6.169798e-02 1.978265e-01 2.072244e-01 3.206368e+00
4.466836e+00 5.948039e-02 1.943514e-01 2.032495e-01 3.267486e+00
4.570882e+00 5.732572e-02 1.909075e-01 1.993286e-01 3.330224e+00
4.677351e+00 5.523323e-02 1.874958e-01 1.954619e-01 3.394619e+00
4.786301e+00 5.320211e-02 1.841171e-01 1.916496e-01 3.460710e+00
4.897788e+00 5.123152e-02 1.807723e-01 1.878917e-01 3.528537e+00
5.011872e+00 4.932054e-02 1.774622e-01 1.841884e-01 3.598141e+00
5.128614e+00 4.746826e-02 1.741877e-01 1.805397e-01 3.669562e+00
5.248075e+00 4.567368e-02 1.709494e-01 1.769457e-01 3.742842e+00
5.370318e+00 4.393580e-02 1.677480e-01 1.734063e-01 3.818025e+00
5.495409e+00 4.225357e-02 1.645842e-01 1.699215e-01 3.895155e+00
5.623413e+00 4.062592e-02 1.614586e-01 1.664913e-01 3.974275e+00
5.754399e+00 3.905176e-02 1.583717e-01 1.631154e-01 4.055431e+00
5.888437e+00 3.752996e-02 1.553242e-01 1.597939e-01 4.138671e+00
6.025596e+00 3.605939e-02 1.523163e-01 1.565265e-01 4.224040e+00
6.165950e+00 3.463888e-02 1.493486e-01 1.533130e-01 4.311589e+00
6.309573e+00 3.326728e-02 1.464215e-01 1.501531e-01 4.401366e+00
6.456542e+00 3.194340e-02 1.435352e-01 1.470467e-01 4.493422e+00
6.606934e+00 3.066606e-02 1.406900e-01 1.439933e-01 4.587808e+00
6.760830e+00 2.943407e-02 1.378862e-01 1.409928e-01 4.684578e+00
6.918310e+00 2.824625e-02 1.351240e-01 1.380447e-01 4.783785e+00
7.079458e+00 2.710140e-02 1.324034e-01 1.351486e-01 4.885484e+00
7.244360e+00 2.599833e-02 1.297247e-01 1.323042e-01 4.989731e+00
7.413102e+00 2.493588e-02 1.270878e-01 1.295111e-01 5.096585e+00
7.585776e+00 2.391287e-02 1.244929e-01 1.267687e-01 5.206104e+00
7.762471e+00 2.292813e-02 1.219398e-01 1.240766e-01 5.318348e+00
7.943282e+00 2.198052e-02 1.194285e-01 1.214344e-01 5.433378e+00
8.128305e+00 2.106890e-02 1.169589e-01 1.188414e-01 5.551258e+00
8.317638e+00 2.019216e-02 1.145310e-01 1.162973e-01 5.672052e+00
8.511380e+00 1.934917e-02 1.121444e-01 1.138014e-01 5.795825e+00
8.709636e+00 1.853886e-02 1.097991e-01 1.113532e-01 5.922644e+00
8.912509e+00 1.776017e-02 1.074948e-01 1.089521e-01 6.052579e+00
9.120108e+00 1.701202e-02 1.052313e-01 1.065975e-01 6.185700e+00
9.332543e+00 1.629341e-02 1.030082e-01 1.042889e-01 6.322078e+00
9.549926e+00 1.560333e-02 1.008254e-01 1.020256e-01 6.461787e+00
9.772372e+00 1.494077e-02 9.868237e-02 9.980700e-02 6.604903e+00
1.000000e+01 1.430480e-02 9.657888e-02 9.763251e-02 6.751503e+00
