1.000000e-06 4.590612e+01 5.371457e-01 4.590927e+01 1.170096e-02
1.023293e-06 4.590568e+01 5.496495e-01 4.590897e+01 1.197345e-02
1.047129e-06 4.590522e+01 5.624440e-01 4.590867e+01 1.225229e-02
1.071519e-06 4.590474e+01 5.755359e-01 4.590834e+01 1.253762e-02
1.096478e-06 4.590423e+01 5.889321e-01 4.590801e+01 1.282958e-02
1.122018e-06 4.590370e+01 6.026396e-01 4.590765e+01 1.312835e-02
1.148154e-06 4.590314e+01 6.166657e-01 4.590729e+01 1.343406e-02
1.174898e-06 4.590256e+01 6.310177e-01 4.590690e+01 1.374690e-02
1.202264e-06 4.590195e+01 6.457031e-01 4.590649e+01 1.406701e-02
1.230269e-06 4.590131e+01 6.607297e-01 4.590607e+01 1.439457e-02
1.258925e-06 4.590065e+01 6.761053e-01 4.590563e+01 1.472976e-02
1.288250e-06 4.589995e+01 6.918380e-01 4.590516e+01 1.507274e-02
1.318257e-06 4.589921e+01 7.079360e-01 4.590467e+01 1.542371e-02
1.348963e-06 4.589845e+01 7.244078e-01 4.590416e+01 1.578284e-02
1.380384e-06 4.589764e+01 7.412619e-01 4.590363e+01 1.615033e-02
1.412538e-06 4.589680e+01 7.585073e-01 4.590307e+01 1.652636e-02
1.445440e-06 4.589592e+01 7.761528e-01 4.590249e+01 1.691115e-02
1.479108e-06 4.589500e+01 7.942078e-01 4.590187e+01 1.730489e-02
1.513561e-06 4.589404e+01 8.126816e-01 4.590123e+01 1.770778e-02
1.548817e-06 4.589302e+01 8.315839e-01 4.590056e+01 1.812005e-02
1.584893e-06 4.589197e+01 8.509246e-01 4.589985e+01 1.854191e-02
1.621810e-06 4.589086e+01 8.707136e-01 4.589912e+01 1.897357e-02
1.659587e-06 4.588970e+01 8.909613e-01 4.589835e+01 1.941528e-02
1.698244e-06 4.588848e+01 9.116782e-01 4.589754e+01 1.986726e-02
1.737801e-06 4.588721e+01 9.328751e-01 4.589669e+01 2.032974e-02
1.778279e-06 4.588588e+01 9.545630e-01 4.589581e+01 2.080298e-02
1.819701e-06 4.588449e+01 9.767531e-01 4.589488e+01 2.128722e-02
1.862087e-06 4.588303e+01 9.994568e-01 4.589391e+01 2.178271e-02
1.905461e-06 4.588150e+01 1.022686e+00 4.589289e+01 2.228973e-02
1.949845e-06 4.587990e+01 1.046453e+00 4.589183e+01 2.280852e-02
1.995262e-06 4.587822e+01 1.070769e+00 4.589072e+01 2.333937e-02
2.041738e-06 4.587647e+01 1.095647e+00 4.588955e+01 2.388256e-02
2.089296e-06 4.587463e+01 1.121101e+00 4.588833e+01 2.443836e-02
2.137962e-06 4.587271e+01 1.147142e+00 4.588705e+01 2.500708e-02
2.187762e-06 4.587069e+01 1.173786e+00 4.588571e+01 2.558901e-02
2.238721e-06 4.586858e+01 1.201044e+00 4.588431e+01 2.618445e-02
2.290868e-06 4.586638e+01 1.228931e+00 4.588284e+01 2.679372e-02
2.344229e-06 4.586407e+01 1.257461e+00 4.588130e+01 2.741713e-02
2.398833e-06 4.586165e+01 1.286649e+00 4.587969e+01 2.805501e-02
2.454709e-06 4.585911e+01 1.316510e+00 4.587801e+01 2.870770e-02
2.511886e-06 4.585646e+01 1.347058e+00 4.587624e+01 2.937554e-02
2.570396e-06 4.585369e+01 1.378310e+00 4.587440e+01 3.005887e-02
2.630268e-06 4.585078e+01 1.410281e+00 4.587246e+01 3.075805e-02
2.691535e-06 4.584773e+01 1.442986e+00 4.587044e+01 3.147345e-02
2.754229e-06 4.584455e+01 1.476444e+00 4.586832e+01 3.220544e-02
2.818383e-06 4.584121e+01 1.510670e+00 4.586610e+01 3.295440e-02
2.884032e-06 4.583772e+01 1.545681e+00 4.586377e+01 3.372071e-02
2.951209e-06 4.583407e+01 1.581495e+00 4.586134e+01 3.450479e-02
3.019952e-06 4.583024e+01 1.618130e+00 4.585880e+01 3.530703e-02
3.090295e-06 4.582623e+01 1.655603e+00 4.585613e+01 3.612785e-02
3.162278e-06 4.582204e+01 1.693934e+00 4.585334e+01 3.696767e-02
3.235937e-06 4.581765e+01 1.733142e+00 4.585042e+01 3.782694e-02
3.311311e-06 4.581305e+01 1.773244e+00 4.584736e+01 3.870609e-02
3.388442e-06 4.580824e+01 1.814262e+00 4.584415e+01 3.960558e-02
3.467369e-06 4.580321e+01 1.856215e+00 4.584080e+01 4.052588e-02
3.548134e-06 4.579793e+01 1.899123e+00 4.583729e+01 4.146745e-02
3.630781e-06 4.579242e+01 1.943008e+00 4.583362e+01 4.243078e-02
3.715352e-06 4.578664e+01 1.987889e+00 4.582977e+01 4.341636e-02
3.801894e-06 4.578059e+01 2.033790e+00 4.582575e+01 4.442471e-02
3.890451e-06 4.577427e+01 2.080730e+00 4.582153e+01 4.545633e-02
3.981072e-06 4.576764e+01 2.128734e+00 4.581712e+01 4.651176e-02
4.073803e-06 4.576071e+01 2.177822e+00 4.581250e+01 4.759153e-02
4.168694e-06 4.575345e+01 2.228019e+00 4.580767e+01 4.869619e-02
4.265795e-06 4.574586e+01 2.279347e+00 4.580261e+01 4.982631e-02
4.365158e-06 4.573791e+01 2.331831e+00 4.579731e+01 5.098245e-02
4.466836e-06 4.572959e+01 2.385494e+00 4.579177e+01 5.216521e-02
4.570882e-06 4.572089e+01 2.440360e+00 4.578597e+01 5.337517e-02
4.677351e-06 4.571178e+01 2.496455e+00 4.577990e+01 5.461295e-02
4.786301e-06 4.570224e+01 2.553804e+00 4.577354e+01 5.587917e-02
4.897788e-06 4.569227e+01 2.612431e+00 4.576689e+01 5.717447e-02
5.011872e-06 4.568183e+01 2.672364e+00 4.575993e+01 5.849949e-02
5.128614e-06 4.567090e+01 2.733627e+00 4.575264e+01 5.985489e-02
5.248075e-06 4.565947e+01 2.796248e+00 4.574502e+01 6.124135e-02
5.370318e-06 4.564751e+01 2.860253e+00 4.573704e+01 6.265956e-02
5.495409e-06 4.563500e+01 2.925669e+00 4.572869e+01 6.411020e-02
5.623413e-06 4.562191e+01 2.992524e+00 4.571995e+01 6.559401e-02
5.754399e-06 4.560821e+01 3.060845e+00 4.571081e+01 6.711170e-02
5.888437e-06 4.559388e+01 3.130659e+00 4.570124e+01 6.866401e-02
6.025596e-06 4.557890e+01 3.201995e+00 4.569123e+01 7.025171e-02
6.165950e-06 4.556322e+01 3.274882e+00 4.568076e+01 7.187556e-02
6.309573e-06 4.554681e+01 3.349346e+00 4.566980e+01 7.353634e-02
6.456542e-06 4.552966e+01 3.425417e+00 4.565833e+01 7.523485e-02
6.606934e-06 4.551172e+01 3.503123e+00 4.564634e+01 7.697190e-02
6.760830e-06 4.549295e+01 3.582494e+00 4.563379e+01 7.874832e-02
6.918310e-06 4.547333e+01 3.663556e+00 4.562067e+01 8.056495e-02
7.079458e-06 4.545281e+01 3.746340e+00 4.560694e+01 8.242263e-02
7.244360e-06 4.543135e+01 3.830873e+00 4.559258e+01 8.432225e-02
7.413102e-06 4.540891e+01 3.917185e+00 4.557756e+01 8.626467e-02
7.585776e-06 4.538545e+01 4.005303e+00 4.556185e+01 8.825080e-02
7.762471e-06 4.536093e+01 4.095255e+00 4.554542e+01 9.028155e-02
7.943282e-06 4.533529e+01 4.187069e+00 4.552824e+01 9.235783e-02
8.128305e-06 4.530849e+01 4.280773e+00 4.551027e+01 9.448059e-02
8.317638e-06 4.528049e+01 4.376394e+00 4.549148e+01 9.665078e-02
8.511380e-06 4.525121e+01 4.473958e+00 4.547184e+01 9.886935e-02
8.709636e-06 4.522062e+01 4.573490e+00 4.545131e+01 1.011373e-01
8.912509e-06 4.518866e+01 4.675018e+00 4.542984e+01 1.034556e-01
9.120108e-06 4.515526e+01 4.778563e+00 4.540740e+01 1.058252e-01
9.332543e-06 4.512037e+01 4.884152e+00 4.538394e+01 1.082472e-01
9.549926e-06 4.508392e+01 4.991805e+00 4.535943e+01 1.107225e-01
9.772372e-06 4.504585e+01 5.101546e+00 4.533381e+01 1.132523e-01
1.000000e-05 4.500609e+01 5.213394e+00 4.530704e+01 1.158375e-01
1.023293e-05 4.496457e+01 5.327368e+00 4.527906e+01 1.184792e-01
1.047129e-05 4.492122e+01 5.443487e+00 4.524984e+01 1.211785e-01
1.071519e-05 4.487597e+01 5.561766e+00 4.521931e+01 1.239364e-01
1.096478e-05 4.482873e+01 5.682219e+00 4.518741e+01 1.267540e-01
1.122018e-05 4.477942e+01 5.804860e+00 4.515410e+01 1.296323e-01
1.148154e-05 4.472797e+01 5.929699e+00 4.511932e+01 1.325725e-01
1.174898e-05 4.467429e+01 6.056743e+00 4.508300e+01 1.355756e-01
1.202264e-05 4.461829e+01 6.185999e+00 4.504508e+01 1.386427e-01
1.230269e-05 4.455989e+01 6.317470e+00 4.500549e+01 1.417748e-01
1.258925e-05 4.449898e+01 6.451156e+00 4.496417e+01 1.449731e-01
1.288250e-05 4.443547e+01 6.587055e+00 4.492104e+01 1.482387e-01
1.318257e-05 4.436927e+01 6.725161e+00 4.487605e+01 1.515725e-01
1.348963e-05 4.430027e+01 6.865464e+00 4.482910e+01 1.549757e-01
1.380384e-05 4.422837e+01 7.007952e+00 4.478013e+01 1.584492e-01
1.412538e-05 4.415347e+01 7.152607e+00 4.472906e+01 1.619942e-01
1.445440e-05 4.407545e+01 7.299410e+00 4.467580e+01 1.656117e-01
1.479108e-05 4.399422e+01 7.448333e+00 4.462027e+01 1.693025e-01
1.513561e-05 4.390965e+01 7.599347e+00 4.456240e+01 1.730678e-01
1.548817e-05 4.382163e+01 7.752418e+00 4.450208e+01 1.769085e-01
1.584893e-05 4.373004e+01 7.907504e+00 4.443923e+01 1.808254e-01
1.621810e-05 4.363477e+01 8.064559e+00 4.437376e+01 1.848196e-01
1.659587e-05 4.353570e+01 8.223533e+00 4.430557e+01 1.888917e-01
1.698244e-05 4.343271e+01 8.384367e+00 4.423458e+01 1.930427e-01
1.737801e-05 4.332567e+01 8.546997e+00 4.416067e+01 1.972733e-01
1.778279e-05 4.321446e+01 8.711353e+00 4.408376e+01 2.015842e-01
1.819701e-05 4.309896e+01 8.877357e+00 4.400373e+01 2.059761e-01
1.862087e-05 4.297905e+01 9.044924e+00 4.392049e+01 2.104496e-01
1.905461e-05 4.285460e+01 9.213962e+00 4.383393e+01 2.150052e-01
1.949845e-05 4.272548e+01 9.384372e+00 4.374395e+01 2.196434e-01
1.995262e-05 4.259158e+01 9.556045e+00 4.365044e+01 2.243646e-01
2.041738e-05 4.245278e+01 9.728865e+00 4.355329e+01 2.291691e-01
2.089296e-05 4.230895e+01 9.902708e+00 4.345240e+01 2.340570e-01
2.137962e-05 4.215999e+01 1.007744e+01 4.334766e+01 2.390286e-01
2.187762e-05 4.200576e+01 1.025292e+01 4.323895e+01 2.440837e-01
2.238721e-05 4.184617e+01 1.042900e+01 4.312617e+01 2.492223e-01
2.290868e-05 4.168111e+01 1.060552e+01 4.300921e+01 2.544443e-01
2.344229e-05 4.151048e+01 1.078231e+01 4.288797e+01 2.597491e-01
2.398833e-05 4.133417e+01 1.095919e+01 4.276233e+01 2.651363e-01
2.454709e-05 4.115210e+01 1.113597e+01 4.263221e+01 2.706053e-01
2.511886e-05 4.096418e+01 1.131247e+01 4.249748e+01 2.761552e-01
2.570396e-05 4.077033e+01 1.148847e+01 4.235806e+01 2.817851e-01
2.630268e-05 4.057049e+01 1.166377e+01 4.221384e+01 2.874939e-01
2.691535e-05 4.036460e+01 1.183813e+01 4.206474e+01 2.932801e-01
2.754229e-05 4.015259e+01 1.201134e+01 4.191066e+01 2.991424e-01
2.818383e-05 3.993445e+01 1.218315e+01 4.175152e+01 3.050788e-01
2.884032e-05 3.971012e+01 1.235333e+01 4.158724e+01 3.110876e-01
2.951209e-05 3.947960e+01 1.252160e+01 4.141774e+01 3.171665e-01
3.019952e-05 3.924287e+01 1.268773e+01 4.124296e+01 3.233130e-01
3.090295e-05 3.899995e+01 1.285144e+01 4.106283e+01 3.295245e-01
3.162278e-05 3.875086e+01 1.301247e+01 4.087730e+01 3.357982e-01
3.235937e-05 3.849563e+01 1.317054e+01 4.068632e+01 3.421307e-01
3.311311e-05 3.823432e+01 1.332537e+01 4.048986e+01 3.485186e-01
3.388442e-05 3.796699e+01 1.347669e+01 4.028788e+01 3.549582e-01
3.467369e-05 3.769372e+01 1.362422e+01 4.008036e+01 3.614454e-01
3.548134e-05 3.741461e+01 1.376767e+01 3.986730e+01 3.679759e-01
3.630781e-05 3.712978e+01 1.390677e+01 3.964869e+01 3.745449e-01
3.715352e-05 3.683936e+01 1.404123e+01 3.942455e+01 3.811476e-01
3.801894e-05 3.654351e+01 1.417079e+01 3.919489e+01 3.877785e-01
3.890451e-05 3.624239e+01 1.429516e+01 3.895975e+01 3.944321e-01
3.981072e-05 3.593618e+01 1.441409e+01 3.871918e+01 4.011024e-01
4.073803e-05 3.562510e+01 1.452731e+01 3.847324e+01 4.077830e-01
4.168694e-05 3.530935e+01 1.463458e+01 3.822200e+01 4.144675e-01
4.265795e-05 3.498918e+01 1.473565e+01 3.796554e+01 4.211487e-01
4.365158e-05 3.466484e+01 1.483029e+01 3.770396e+01 4.278195e-01
4.466836e-05 3.433659e+01 1.491829e+01 3.743737e+01 4.344722e-01
4.570882e-05 3.400472e+01 1.499944e+01 3.716590e+01 4.410988e-01
4.677351e-05 3.366953e+01 1.507355e+01 3.688969e+01 4.476912e-01
4.786301e-05 3.333133e+01 1.514045e+01 3.660889e+01 4.542409e-01
4.897788e-05 3.299043e+01 1.519998e+01 3.632365e+01 4.607390e-01
5.011872e-05 3.264717e+01 1.525199e+01 3.603417e+01 4.671764e-01
5.128614e-05 3.230190e+01 1.529637e+01 3.574062e+01 4.735439e-01
5.248075e-05 3.195497e+01 1.533301e+01 3.544321e+01 4.798319e-01
5.370318e-05 3.160672e+01 1.536184e+01 3.514215e+01 4.860307e-01
5.495409e-05 3.125753e+01 1.538278e+01 3.483767e+01 4.921304e-01
5.623413e-05 3.090777e+01 1.539580e+01 3.453000e+01 4.981209e-01
5.754399e-05 3.055779e+01 1.540089e+01 3.421938e+01 5.039921e-01
5.888437e-05 3.020798e+01 1.539803e+01 3.390607e+01 5.097339e-01
6.025596e-05 2.985870e+01 1.538726e+01 3.359032e+01 5.153358e-01
6.165950e-05 2.951032e+01 1.536861e+01 3.327241e+01 5.207878e-01
6.309573e-05 2.916320e+01 1.534216e+01 3.295261e+01 5.260796e-01
6.456542e-05 2.881770e+01 1.530799e+01 3.263119e+01 5.312010e-01
6.606934e-05 2.847418e+01 1.526621e+01 3.230845e+01 5.361422e-01
6.760830e-05 2.813297e+01 1.521693e+01 3.198466e+01 5.408933e-01
6.918310e-05 2.779440e+01 1.516031e+01 3.166013e+01 5.454449e-01
7.079458e-05 2.745881e+01 1.509651e+01 3.133514e+01 5.497875e-01
7.244360e-05 2.712650e+01 1.502570e+01 3.100997e+01 5.539123e-01
7.413102e-05 2.679776e+01 1.494808e+01 3.068493e+01 5.578108e-01
7.585776e-05 2.647289e+01 1.486386e+01 3.036031e+01 5.614747e-01
7.762471e-05 2.615215e+01 1.477326e+01 3.003638e+01 5.648964e-01
7.943282e-05 2.583580e+01 1.467651e+01 2.971344e+01 5.680688e-01
8.128305e-05 2.552406e+01 1.457386e+01 2.939175e+01 5.709852e-01
8.317638e-05 2.521717e+01 1.446557e+01 2.907161e+01 5.736398e-01
8.511380e-05 2.491532e+01 1.435190e+01 2.875326e+01 5.760270e-01
8.709636e-05 2.461870e+01 1.423311e+01 2.843699e+01 5.781422e-01
8.912509e-05 2.432749e+01 1.410949e+01 2.812302e+01 5.799815e-01
9.120108e-05 2.404182e+01 1.398132e+01 2.781163e+01 5.815416e-01
9.332543e-05 2.376184e+01 1.384888e+01 2.750303e+01 5.828199e-01
9.549926e-05 2.348766e+01 1.371245e+01 2.719746e+01 5.838148e-01
9.772372e-05 2.321939e+01 1.357232e+01 2.689513e+01 5.845253e-01
1.000000e-04 2.295709e+01 1.342878e+01 2.659624e+01 5.849513e-01
1.023293e-04 2.270085e+01 1.328211e+01 2.630101e+01 5.850933e-01
1.047129e-04 2.245071e+01 1.313260e+01 2.600960e+01 5.849528e-01
1.071519e-04 2.220670e+01 1.298053e+01 2.572220e+01 5.845320e-01
1.096478e-04 2.196886e+01 1.282616e+01 2.543897e+01 5.838339e-01
1.122018e-04 2.173717e+01 1.266978e+01 2.516005e+01 5.828622e-01
1.148154e-04 2.151165e+01 1.251164e+01 2.488558e+01 5.816213e-01
1.174898e-04 2.129227e+01 1.235200e+01 2.461570e+01 5.801165e-01
1.202264e-04 2.107900e+01 1.219112e+01 2.435051e+01 5.783536e-01
1.230269e-04 2.087180e+01 1.202923e+01 2.409013e+01 5.763391e-01
1.258925e-04 2.067061e+01 1.186659e+01 2.383464e+01 5.740801e-01
1.288250e-04 2.047537e+01 1.170340e+01 2.358412e+01 5.715843e-01
1.318257e-04 2.028602e+01 1.153990e+01 2.333864e+01 5.688598e-01
1.348963e-04 2.010248e+01 1.137630e+01 2.309826e+01 5.659153e-01
1.380384e-04 1.992465e+01 1.121279e+01 2.286304e+01 5.627599e-01
1.412538e-04 1.975245e+01 1.104958e+01 2.263299e+01 5.594031e-01
1.445440e-04 1.958577e+01 1.088684e+01 2.240816e+01 5.558548e-01
1.479108e-04 1.942452e+01 1.072476e+01 2.218856e+01 5.521250e-01
1.513561e-04 1.926858e+01 1.056350e+01 2.197420e+01 5.482242e-01
1.548817e-04 1.911783e+01 1.040321e+01 2.176507e+01 5.441628e-01
1.584893e-04 1.897218e+01 1.024406e+01 2.156117e+01 5.399515e-01
1.621810e-04 1.883148e+01 1.008617e+01 2.136248e+01 5.356013e-01
1.659587e-04 1.869563e+01 9.929678e+00 2.116897e+01 5.311229e-01
1.698244e-04 1.856450e+01 9.774714e+00 2.098060e+01 5.265272e-01
1.737801e-04 1.843796e+01 9.621389e+00 2.079734e+01 5.218250e-01
1.778279e-04 1.831589e+01 9.469812e+00 2.061914e+01 5.170273e-01
1.819701e-04 1.819815e+01 9.320084e+00 2.044595e+01 5.121446e-01
1.862087e-04 1.808463e+01 9.172297e+00 2.027769e+01 5.071875e-01
1.905461e-04 1.797519e+01 9.026538e+00 2.011432e+01 5.021664e-01
1.949845e-04 1.786971e+01 8.882885e+00 1.995576e+01 4.970917e-01
1.995262e-04 1.776807e+01 8.741411e+00 1.980193e+01 4.919732e-01
2.041738e-04 1.767012e+01 8.602183e+00 1.965276e+01 4.868207e-01
2.089296e-04 1.757577e+01 8.465260e+00 1.950816e+01 4.816439e-01
2.137962e-04 1.748487e+01 8.330698e+00 1.936804e+01 4.764519e-01
2.187762e-04 1.739731e+01 8.198545e+00 1.923233e+01 4.712537e-01
2.238721e-04 1.731296e+01 8.068846e+00 1.910092e+01 4.660580e-01
2.290868e-04 1.723172e+01 7.941639e+00 1.897372e+01 4.608732e-01
2.344229e-04 1.715347e+01 7.816960e+00 1.885063e+01 4.557073e-01
2.398833e-04 1.707808e+01 7.694839e+00 1.873156e+01 4.505680e-01
2.454709e-04 1.700546e+01 7.575301e+00 1.861641e+01 4.454629e-01
2.511886e-04 1.693548e+01 7.458369e+00 1.850508e+01 4.403990e-01
2.570396e-04 1.686805e+01 7.344062e+00 1.839745e+01 4.353830e-01
2.630268e-04 1.680305e+01 7.232395e+00 1.829344e+01 4.304215e-01
2.691535e-04 1.674039e+01 7.123380e+00 1.819294e+01 4.255206e-01
2.754229e-04 1.667996e+01 7.017027e+00 1.809585e+01 4.206860e-01
2.818383e-04 1.662167e+01 6.913342e+00 1.800206e+01 4.159235e-01
2.884032e-04 1.656541e+01 6.812328e+00 1.791147e+01 4.112380e-01
2.951209e-04 1.651110e+01 6.713988e+00 1.782398e+01 4.066347e-01
3.019952e-04 1.645865e+01 6.618321e+00 1.773948e+01 4.021181e-01
3.090295e-04 1.640796e+01 6.525324e+00 1.765789e+01 3.976926e-01
3.162278e-04 1.635894e+01 6.434993e+00 1.757908e+01 3.933624e-01
3.235937e-04 1.631152e+01 6.347321e+00 1.750298e+01 3.891312e-01
3.311311e-04 1.626561e+01 6.262301e+00 1.742947e+01 3.850026e-01
3.388442e-04 1.622112e+01 6.179924e+00 1.735846e+01 3.809801e-01
3.467369e-04 1.617798e+01 6.100178e+00 1.728986e+01 3.770668e-01
3.548134e-04 1.613611e+01 6.023053e+00 1.722357e+01 3.732655e-01
3.630781e-04 1.609544e+01 5.948534e+00 1.715949e+01 3.695789e-01
3.715352e-04 1.605589e+01 5.876609e+00 1.709754e+01 3.660097e-01
3.801894e-04 1.601738e+01 5.807263e+00 1.703763e+01 3.625600e-01
3.890451e-04 1.597986e+01 5.740479e+00 1.697967e+01 3.592321e-01
3.981072e-04 1.594325e+01 5.676242e+00 1.692356e+01 3.560280e-01
4.073803e-04 1.590748e+01 5.614534e+00 1.686923e+01 3.529494e-01
4.168694e-04 1.587248e+01 5.555337e+00 1.681658e+01 3.499980e-01
4.265795e-04 1.583820e+01 5.498633e+00 1.676555e+01 3.471754e-01
4.365158e-04 1.580456e+01 5.444403e+00 1.671603e+01 3.444830e-01
4.466836e-04 1.577152e+01 5.392628e+00 1.666797e+01 3.419220e-01
4.570882e-04 1.573899e+01 5.343287e+00 1.662127e+01 3.394936e-01
4.677351e-04 1.570693e+01 5.296359e+00 1.657586e+01 3.371988e-01
4.786301e-04 1.567528e+01 5.251825e+00 1.653167e+01 3.350387e-01
4.897788e-04 1.564397e+01 5.209663e+00 1.648862e+01 3.330141e-01
5.011872e-04 1.561296e+01 5.169850e+00 1.644663e+01 3.311256e-01
5.128614e-04 1.558217e+01 5.132366e+00 1.640565e+01 3.293742e-01
5.248075e-04 1.555157e+01 5.097187e+00 1.636559e+01 3.277603e-01
5.370318e-04 1.552109e+01 5.064290e+00 1.632640e+01 3.262845e-01
5.495409e-04 1.549067e+01 5.033653e+00 1.628799e+01 3.249473e-01
5.623413e-04 1.546028e+01 5.005251e+00 1.625031e+01 3.237491e-01
5.754399e-04 1.542984e+01 4.979059e+00 1.621330e+01 3.226903e-01
5.888437e-04 1.539931e+01 4.955054e+00 1.617688e+01 3.217712e-01
6.025596e-04 1.536864e+01 4.933210e+00 1.614099e+01 3.209920e-01
6.165950e-04 1.533777e+01 4.913501e+00 1.610558e+01 3.203530e-01
6.309573e-04 1.530666e+01 4.895901e+00 1.607058e+01 3.198543e-01
6.456542e-04 1.527525e+01 4.880382e+00 1.603594e+01 3.194962e-01
6.606934e-04 1.524349e+01 4.866918e+00 1.600159e+01 3.192786e-01
6.760830e-04 1.521133e+01 4.855480e+00 1.596747e+01 3.192016e-01
6.918310e-04 1.517872e+01 4.846038e+00 1.593354e+01 3.192653e-01
7.079458e-04 1.514561e+01 4.838563e+00 1.589973e+01 3.194696e-01
7.244360e-04 1.511196e+01 4.833025e+00 1.586598e+01 3.198146e-01
7.413102e-04 1.507771e+01 4.829391e+00 1.583226e+01 3.203001e-01
7.585776e-04 1.504281e+01 4.827630e+00 1.579849e+01 3.209260e-01
7.762471e-04 1.500722e+01 4.827707e+00 1.576463e+01 3.216922e-01
7.943282e-04 1.497089e+01 4.829589e+00 1.573063e+01 3.225986e-01
8.128305e-04 1.493377e+01 4.833239e+00 1.569643e+01 3.236448e-01
8.317638e-04 1.489582e+01 4.838621e+00 1.566198e+01 3.248308e-01
8.511380e-04 1.485698e+01 4.845697e+00 1.562724e+01 3.261563e-01
8.709636e-04 1.481721e+01 4.854428e+00 1.559215e+01 3.276209e-01
8.912509e-04 1.477647e+01 4.864773e+00 1.555667e+01 3.292244e-01
9.120108e-04 1.473471e+01 4.876691e+00 1.552075e+01 3.309663e-01
9.332543e-04 1.469188e+01 4.890139e+00 1.548434e+01 3.328463e-01
9.549926e-04 1.464795e+01 4.905070e+00 1.544740e+01 3.348640e-01
9.772372e-04 1.460287e+01 4.921441e+00 1.540988e+01 3.370188e-01
1.000000e-03 1.455659e+01 4.939203e+00 1.537173e+01 3.393104e-01
1.023293e-03 1.450909e+01 4.958307e+00 1.533292e+01 3.417380e-01
1.047129e-03 1.446031e+01 4.978702e+00 1.529340e+01 3.443012e-01
1.071519e-03 1.441022e+01 5.000337e+00 1.525313e+01 3.469994e-01
1.096478e-03 1.435879e+01 5.023158e+00 1.521206e+01 3.498317e-01
1.122018e-03 1.430597e+01 5.047110e+00 1.517017e+01 3.527976e-01
1.148154e-03 1.425173e+01 5.072135e+00 1.512740e+01 3.558962e-01
1.174898e-03 1.419604e+01 5.098177e+00 1.508373e+01 3.591267e-01
1.202264e-03 1.413887e+01 5.125174e+00 1.503912e+01 3.624882e-01
1.230269e-03 1.408019e+01 5.153066e+00 1.499353e+01 3.659798e-01
1.258925e-03 1.401998e+01 5.181791e+00 1.494693e+01 3.696005e-01
1.288250e-03 1.395820e+01 5.211284e+00 1.489929e+01 3.733494e-01
1.318257e-03 1.389483e+01 5.241480e+00 1.485057e+01 3.772252e-01
1.348963e-03 1.382986e+01 5.272313e+00 1.480075e+01 3.812268e-01
1.380384e-03 1.376326e+01 5.303715e+00 1.474980e+01 3.853530e-01
1.412538e-03 1.369502e+01 5.335617e+00 1.469770e+01 3.896026e-01
1.445440e-03 1.362513e+01 5.367951e+00 1.464442e+01 3.939743e-01
1.479108e-03 1.355358e+01 5.400646e+00 1.458994e+01 3.984665e-01
1.513561e-03 1.348035e+01 5.433631e+00 1.453424e+01 4.030779e-01
1.548817e-03 1.340545e+01 5.466834e+00 1.447730e+01 4.078070e-01
1.584893e-03 1.332886e+01 5.500184e+00 1.441911e+01 4.126521e-01
1.621810e-03 1.325060e+01 5.533607e+00 1.435964e+01 4.176117e-01
1.659587e-03 1.317067e+01 5.567033e+00 1.429889e+01 4.226841e-01
1.698244e-03 1.308907e+01 5.600388e+00 1.423686e+01 4.278676e-01
1.737801e-03 1.300581e+01 5.633601e+00 1.417352e+01 4.331602e-01
1.778279e-03 1.292091e+01 5.666599e+00 1.410888e+01 4.385602e-01
1.819701e-03 1.283439e+01 5.699313e+00 1.404293e+01 4.440657e-01
1.862087e-03 1.274626e+01 5.731671e+00 1.397567e+01 4.496747e-01
1.905461e-03 1.265655e+01 5.763605e+00 1.390710e+01 4.553852e-01
1.949845e-03 1.256528e+01 5.795046e+00 1.383723e+01 4.611951e-01
1.995262e-03 1.247248e+01 5.825927e+00 1.376605e+01 4.671024e-01
2.041738e-03 1.237819e+01 5.856182e+00 1.369359e+01 4.731049e-01
2.089296e-03 1.228244e+01 5.885749e+00 1.361985e+01 4.792004e-01
2.137962e-03 1.218526e+01 5.914564e+00 1.354484e+01 4.853868e-01
2.187762e-03 1.208670e+01 5.942569e+00 1.346857e+01 4.916618e-01
2.238721e-03 1.198680e+01 5.969705e+00 1.339107e+01 4.980231e-01
2.290868e-03 1.188561e+01 5.995916e+00 1.331235e+01 5.044686e-01
2.344229e-03 1.178317e+01 6.021150e+00 1.323244e+01 5.109958e-01
2.398833e-03 1.167954e+01 6.045357e+00 1.315135e+01 5.176025e-01
2.454709e-03 1.157476e+01 6.068488e+00 1.306911e+01 5.242864e-01
2.511886e-03 1.146889e+01 6.090498e+00 1.298574e+01 5.310452e-01
2.570396e-03 1.136198e+01 6.111346e+00 1.290129e+01 5.378766e-01
2.630268e-03 1.125410e+01 6.130991e+00 1.281577e+01 5.447783e-01
2.691535e-03 1.114530e+01 6.149399e+00 1.272921e+01 5.517480e-01
2.754229e-03 1.103564e+01 6.166537e+00 1.264166e+01 5.587836e-01
2.818383e-03 1.092519e+01 6.182374e+00 1.255314e+01 5.658827e-01
2.884032e-03 1.081399e+01 6.196883e+00 1.246370e+01 5.730432e-01
2.951209e-03 1.070212e+01 6.210043e+00 1.237336e+01 5.802629e-01
3.019952e-03 1.058963e+01 6.221831e+00 1.228216e+01 5.875399e-01
3.090295e-03 1.047659e+01 6.232232e+00 1.219015e+01 5.948720e-01
3.162278e-03 1.036306e+01 6.241231e+00 1.209736e+01 6.022573e-01
3.235937e-03 1.024911e+01 6.248817e+00 1.200383e+01 6.096938e-01
3.311311e-03 1.013478e+01 6.254982e+00 1.190960e+01 6.171798e-01
3.388442e-03 1.002015e+01 6.259722e+00 1.181472e+01 6.247135e-01
3.467369e-03 9.905270e+00 6.263035e+00 1.171921e+01 6.322932e-01
3.548134e-03 9.790202e+00 6.264921e+00 1.162314e+01 6.399174e-01
3.630781e-03 9.675003e+00 6.265382e+00 1.152652e+01 6.475845e-01
3.715352e-03 9.559730e+00 6.264426e+00 1.142941e+01 6.552932e-01
3.801894e-03 9.444437e+00 6.262061e+00 1.133185e+01 6.630423e-01
3.890451e-03 9.329177e+00 6.258295e+00 1.123387e+01 6.708304e-01
3.981072e-03 9.214002e+00 6.253143e+00 1.113551e+01 6.786565e-01
4.073803e-03 9.098962e+00 6.246617e+00 1.103682e+01 6.865197e-01
4.168694e-03 8.984105e+00 6.238735e+00 1.093782e+01 6.944191e-01
4.265795e-03 8.869478e+00 6.229513e+00 1.083856e+01 7.023540e-01
4.365158e-03 8.755123e+00 6.218970e+00 1.073908e+01 7.103235e-01
4.466836e-03 8.641084e+00 6.207127e+00 1.063940e+01 7.183273e-01
4.570882e-03 8.527401e+00 6.194004e+00 1.053956e+01 7.263648e-01
4.677351e-03 8.414113e+00 6.179624e+00 1.043959e+01 7.344356e-01
4.786301e-03 8.301255e+00 6.164009e+00 1.033953e+01 7.425395e-01
4.897788e-03 8.188861e+00 6.147182e+00 1.023940e+01 7.506761e-01
5.011872e-03 8.076966e+00 6.129168e+00 1.013923e+01 7.588453e-01
5.128614e-03 7.965599e+00 6.109988e+00 1.003906e+01 7.670470e-01
5.248075e-03 7.854789e+00 6.089669e+00 9.938902e+00 7.752810e-01
5.370318e-03 7.744563e+00 6.068232e+00 9.838785e+00 7.835474e-01
5.495409e-03 7.634948e+00 6.045703e+00 9.738735e+00 7.918460e-01
5.623413e-03 7.525967e+00 6.022103e+00 9.638772e+00 8.001767e-01
5.754399e-03 7.417644e+00 5.997458e+00 9.538917e+00 8.085394e-01
5.888437e-03 7.310000e+00 5.971788e+00 9.439192e+00 8.169339e-01
6.025596e-03 7.203056e+00 5.945115e+00 9.339615e+00 8.253601e-01
6.165950e-03 7.096831e+00 5.917463e+00 9.240205e+00 8.338176e-01
6.309573e-03 6.991344e+00 5.888851e+00 9.140977e+00 8.423059e-01
6.456542e-03 6.886613e+00 5.859300e+00 9.041949e+00 8.508246e-01
6.606934e-03 6.782655e+00 5.828829e+00 8.943135e+00 8.593728e-01
6.760830e-03 6.679487e+00 5.797459e+00 8.844550e+00 8.679497e-01
6.918310e-03 6.577125e+00 5.765207e+00 8.746210e+00 8.765542e-01
7.079458e-03 6.475586e+00 5.732091e+00 8.648126e+00 8.851850e-01
7.244360e-03 6.374885e+00 5.698130e+00 8.550313e+00 8.938405e-01
7.413102e-03 6.275038e+00 5.663341e+00 8.452783e+00 9.025189e-01
7.585776e-03 6.176062e+00 5.627740e+00 8.355549e+00 9.112182e-01
7.762471e-03 6.077971e+00 5.591345e+00 8.258624e+00 9.199360e-01
7.943282e-03 5.980782e+00 5.554171e+00 8.162020e+00 9.286696e-01
8.128305e-03 5.884511e+00 5.516235e+00 8.065750e+00 9.374160e-01
8.317638e-03 5.789175e+00 5.477554e+00 7.969827e+00 9.461719e-01
8.511380e-03 5.694789e+00 5.438145e+00 7.874265e+00 9.549335e-01
8.709636e-03 5.601371e+00 5.398023e+00 7.779075e+00 9.636968e-01
8.912509e-03 5.508937e+00 5.357207e+00 7.684273e+00 9.724574e-01
9.120108e-03 5.417505e+00 5.315713e+00 7.589873e+00 9.812105e-01
9.332543e-03 5.327092e+00 5.273560e+00 7.495888e+00 9.899510e-01
9.549926e-03 5.237714e+00 5.230765e+00 7.402334e+00 9.986734e-01
9.772372e-03 5.149390e+00 5.187350e+00 7.309228e+00 1.007372e+00
1.000000e-02 5.062136e+00 5.143332e+00 7.216584e+00 1.016040e+00
1.023293e-02 4.975970e+00 5.098734e+00 7.124420e+00 1.024671e+00
1.047129e-02 4.890908e+00 5.053576e+00 7.032753e+00 1.033259e+00
1.071519e-02 4.806968e+00 5.007881e+00 6.941601e+00 1.041796e+00
1.096478e-02 4.724165e+00 4.961673e+00 6.850981e+00 1.050275e+00
1.122018e-02 4.642516e+00 4.914975e+00 6.760912e+00 1.058688e+00
1.148154e-02 4.562035e+00 4.867813e+00 6.671414e+00 1.067027e+00
1.174898e-02 4.482738e+00 4.820212e+00 6.582506e+00 1.075283e+00
1.202264e-02 4.404637e+00 4.772201e+00 6.494207e+00 1.083449e+00
1.230269e-02 4.327746e+00 4.723806e+00 6.406538e+00 1.091516e+00
1.258925e-02 4.252077e+00 4.675056e+00 6.319518e+00 1.099476e+00
1.288250e-02 4.177640e+00 4.625981e+00 6.233167e+00 1.107319e+00
1.318257e-02 4.104445e+00 4.576610e+00 6.147506e+00 1.115038e+00
1.348963e-02 4.032501e+00 4.526975e+00 6.062555e+00 1.122622e+00
1.380384e-02 3.961815e+00 4.477107e+00 5.978333e+00 1.130065e+00
1.412538e-02 3.892392e+00 4.427038e+00 5.894861e+00 1.137357e+00
1.445440e-02 3.824238e+00 4.376800e+00 5.812157e+00 1.144489e+00
1.479108e-02 3.757355e+00 4.326425e+00 5.730242e+00 1.151455e+00
1.513561e-02 3.691744e+00 4.275946e+00 5.649132e+00 1.158246e+00
1.548817e-02 3.627407e+00 4.225397e+00 5.568847e+00 1.164853e+00
1.584893e-02 3.564340e+00 4.174810e+00 5.489404e+00 1.171271e+00
1.621810e-02 3.502542e+00 4.124217e+00 5.410819e+00 1.177492e+00
1.659587e-02 3.442008e+00 4.073652e+00 5.333109e+00 1.183510e+00
1.698244e-02 3.382731e+00 4.023146e+00 5.256289e+00 1.189319e+00
1.737801e-02 3.324704e+00 3.972732e+00 5.180372e+00 1.194913e+00
1.778279e-02 3.267918e+00 3.922440e+00 5.105372e+00 1.200287e+00
1.819701e-02 3.212362e+00 3.872303e+00 5.031302e+00 1.205438e+00
1.862087e-02 3.158026e+00 3.822349e+00 4.958173e+00 1.210360e+00
1.905461e-02 3.104894e+00 3.772608e+00 4.885995e+00 1.215052e+00
1.949845e-02 3.052954e+00 3.723110e+00 4.814777e+00 1.219511e+00
1.995262e-02 3.002189e+00 3.673881e+00 4.744527e+00 1.223734e+00
2.041738e-02 2.952582e+00 3.624948e+00 4.675253e+00 1.227721e+00
2.089296e-02 2.904116e+00 3.576338e+00 4.606960e+00 1.231472e+00
2.137962e-02 2.856772e+00 3.528074e+00 4.539653e+00 1.234986e+00
2.187762e-02 2.810529e+00 3.480180e+00 4.473335e+00 1.238265e+00
2.238721e-02 2.765367e+00 3.432679e+00 4.408008e+00 1.241311e+00
2.290868e-02 2.721264e+00 3.385591e+00 4.343674e+00 1.244125e+00
2.344229e-02 2.678197e+00 3.338937e+00 4.280332e+00 1.246710e+00
2.398833e-02 2.636145e+00 3.292735e+00 4.217981e+00 1.249072e+00
2.454709e-02 2.595084e+00 3.247002e+00 4.156619e+00 1.251213e+00
2.511886e-02 2.554989e+00 3.201756e+00 4.096243e+00 1.253139e+00
2.570396e-02 2.515836e+00 3.157009e+00 4.036848e+00 1.254855e+00
2.630268e-02 2.477601e+00 3.112777e+00 3.978428e+00 1.256367e+00
2.691535e-02 2.440259e+00 3.069071e+00 3.920976e+00 1.257683e+00
2.754229e-02 2.403784e+00 3.025902e+00 3.864487e+00 1.258808e+00
2.818383e-02 2.368152e+00 2.983279e+00 3.808950e+00 1.259750e+00
2.884032e-02 2.333337e+00 2.941213e+00 3.754357e+00 1.260518e+00
2.951209e-02 2.299315e+00 2.899708e+00 3.700697e+00 1.261118e+00
3.019952e-02 2.266060e+00 2.858772e+00 3.647959e+00 1.261561e+00
3.090295e-02 2.233548e+00 2.818410e+00 3.596133e+00 1.261853e+00
3.162278e-02 2.201754e+00 2.778624e+00 3.545204e+00 1.262005e+00
3.235937e-02 2.170653e+00 2.739419e+00 3.495161e+00 1.262025e+00
3.311311e-02 2.140222e+00 2.700795e+00 3.445990e+00 1.261923e+00
3.388442e-02 2.110438e+00 2.662753e+00 3.397676e+00 1.261706e+00
3.467369e-02 2.081277e+00 2.625292e+00 3.350205e+00 1.261385e+00
3.548134e-02 2.052716e+00 2.588412e+00 3.303562e+00 1.260969e+00
3.630781e-02 2.024734e+00 2.552109e+00 3.257731e+00 1.260466e+00
3.715352e-02 1.997309e+00 2.516382e+00 3.212697e+00 1.259886e+00
3.801894e-02 1.970420e+00 2.481226e+00 3.168444e+00 1.259237e+00
3.890451e-02 1.944047e+00 2.446636e+00 3.124955e+00 1.258527e+00
3.981072e-02 1.918169e+00 2.412608e+00 3.082215e+00 1.257766e+00
4.073803e-02 1.892769e+00 2.379135e+00 3.040207e+00 1.256960e+00
4.168694e-02 1.867827e+00 2.346211e+00 2.998914e+00 1.256118e+00
4.265795e-02 1.843326e+00 2.313829e+00 2.958320e+00 1.255247e+00
4.365158e-02 1.819249e+00 2.281982e+00 2.918409e+00 1.254354e+00
4.466836e-02 1.795579e+00 2.250662e+00 2.879163e+00 1.253446e+00
4.570882e-02 1.772302e+00 2.219859e+00 2.840568e+00 1.252529e+00
4.677351e-02 1.749401e+00 2.189567e+00 2.802607e+00 1.251609e+00
4.786301e-02 1.726864e+00 2.159775e+00 2.765264e+00 1.250692e+00
4.897788e-02 1.704676e+00 2.130474e+00 2.728524e+00 1.249783e+00
5.011872e-02 1.682825e+00 2.101656e+00 2.692370e+00 1.248886e+00
5.128614e-02 1.661299e+00 2.073311e+00 2.656790e+00 1.248006e+00
5.248075e-02 1.640086e+00 2.045428e+00 2.621766e+00 1.247147e+00
5.370318e-02 1.619175e+00 2.017999e+00 2.587286e+00 1.246313e+00
5.495409e-02 1.598557e+00 1.991013e+00 2.553335e+00 1.245507e+00
5.623413e-02 1.578222e+00 1.964461e+00 2.519900e+00 1.244730e+00
5.754399e-02 1.558162e+00 1.938333e+00 2.486967e+00 1.243987e+00
5.888437e-02 1.538367e+00 1.912620e+00 2.454524e+00 1.243279e+00
6.025596e-02 1.518831e+00 1.887310e+00 2.422558e+00 1.242608e+00
6.165950e-02 1.499545e+00 1.862396e+00 2.391057e+00 1.241974e+00
6.309573e-02 1.480504e+00 1.837868e+00 2.360011e+00 1.241380e+00
6.456542e-02 1.461702e+00 1.813716e+00 2.329407e+00 1.240825e+00
6.606934e-02 1.443132e+00 1.789931e+00 2.299235e+00 1.240311e+00
6.760830e-02 1.424789e+00 1.766505e+00 2.269486e+00 1.239837e+00
6.918310e-02 1.406669e+00 1.743430e+00 2.240148e+00 1.239403e+00
7.079458e-02 1.388767e+00 1.720695e+00 2.211214e+00 1.239009e+00
7.244360e-02 1.371079e+00 1.698294e+00 2.182673e+00 1.238655e+00
7.413102e-02 1.353602e+00 1.676219e+00 2.154518e+00 1.238340e+00
7.585776e-02 1.336331e+00 1.654461e+00 2.126740e+00 1.238062e+00
7.762471e-02 1.319265e+00 1.633013e+00 2.099331e+00 1.237821e+00
7.943282e-02 1.302399e+00 1.611869e+00 2.072285e+00 1.237615e+00
8.128305e-02 1.285732e+00 1.591021e+00 2.045593e+00 1.237444e+00
8.317638e-02 1.269260e+00 1.570462e+00 2.019250e+00 1.237305e+00
8.511380e-02 1.252982e+00 1.550186e+00 1.993249e+00 1.237197e+00
8.709636e-02 1.236897e+00 1.530188e+00 1.967584e+00 1.237119e+00
8.912509e-02 1.221000e+00 1.510461e+00 1.942250e+00 1.237068e+00
9.120108e-02 1.205293e+00 1.490999e+00 1.917240e+00 1.237043e+00
9.332543e-02 1.189771e+00 1.471798e+00 1.892550e+00 1.237043e+00
9.549926e-02 1.174435e+00 1.452852e+00 1.868174e+00 1.237065e+00
9.772372e-02 1.159282e+00 1.434155e+00 1.844108e+00 1.237107e+00
1.000000e-01 1.144311e+00 1.415705e+00 1.820348e+00 1.237168e+00
1.023293e-01 1.129521e+00 1.397495e+00 1.796889e+00 1.237245e+00
1.047129e-01 1.114911e+00 1.379522e+00 1.773727e+00 1.237338e+00
1.071519e-01 1.100480e+00 1.361782e+00 1.750859e+00 1.237444e+00
1.096478e-01 1.086225e+00 1.344271e+00 1.728280e+00 1.237562e+00
1.122018e-01 1.072147e+00 1.326985e+00 1.705986e+00 1.237690e+00
1.148154e-01 1.058243e+00 1.309921e+00 1.683975e+00 1.237826e+00
1.174898e-01 1.044514e+00 1.293076e+00 1.662244e+00 1.237969e+00
1.202264e-01 1.030957e+00 1.276445e+00 1.640788e+00 1.238117e+00
1.230269e-01 1.017571e+00 1.260027e+00 1.619605e+00 1.238269e+00
1.258925e-01 1.004356e+00 1.243819e+00 1.598692e+00 1.238424e+00
1.288250e-01 9.913099e-01 1.227816e+00 1.578046e+00 1.238580e+00
1.318257e-01 9.784316e-01 1.212018e+00 1.557664e+00 1.238736e+00
1.348963e-01 9.657199e-01 1.196422e+00 1.537543e+00 1.238891e+00
1.380384e-01 9.531734e-01 1.181024e+00 1.517682e+00 1.239044e+00
1.412538e-01 9.407911e-01 1.165823e+00 1.498076e+00 1.239195e+00
1.445440e-01 9.285714e-01 1.150817e+00 1.478724e+00 1.239342e+00
1.479108e-01 9.165131e-01 1.136004e+00 1.459623e+00 1.239484e+00
1.513561e-01 9.046147e-01 1.121380e+00 1.440771e+00 1.239622e+00
1.548817e-01 8.928748e-01 1.106946e+00 1.422165e+00 1.239755e+00
1.584893e-01 8.812920e-01 1.092698e+00 1.403804e+00 1.239882e+00
1.621810e-01 8.698647e-01 1.078635e+00 1.385683e+00 1.240003e+00
1.659587e-01 8.585915e-01 1.064755e+00 1.367802e+00 1.240118e+00
1.698244e-01 8.474707e-01 1.051057e+00 1.350158e+00 1.240228e+00
1.737801e-01 8.365007e-01 1.037539e+00 1.332749e+00 1.240332e+00
1.778279e-01 8.256799e-01 1.024199e+00 1.315572e+00 1.240430e+00
1.819701e-01 8.150066e-01 1.011035e+00 1.298626e+00 1.240524e+00
1.862087e-01 8.044790e-01 9.980476e-01 1.281907e+00 1.240614e+00
1.905461e-01 7.940954e-01 9.852338e-01 1.265414e+00 1.240700e+00
1.949845e-01 7.838540e-01 9.725926e-01 1.249145e+00 1.240783e+00
1.995262e-01 7.737528e-01 9.601226e-01 1.233097e+00 1.240865e+00
2.041738e-01 7.637901e-01 9.478225e-01 1.217269e+00 1.240946e+00
2.089296e-01 7.539638e-01 9.356909e-01 1.201657e+00 1.241029e+00
2.137962e-01 7.442719e-01 9.237266e-01 1.186259e+00 1.241114e+00
2.187762e-01 7.347126e-01 9.119282e-01 1.171075e+00 1.241204e+00
2.238721e-01 7.252836e-01 9.002946e-01 1.156100e+00 1.241300e+00
2.290868e-01 7.159830e-01 8.888243e-01 1.141333e+00 1.241404e+00
2.344229e-01 7.068085e-01 8.775162e-01 1.126771e+00 1.241519e+00
2.398833e-01 6.977580e-01 8.663689e-01 1.112412e+00 1.241647e+00
2.454709e-01 6.888293e-01 8.553811e-01 1.098254e+00 1.241790e+00
2.511886e-01 6.800201e-01 8.445515e-01 1.084295e+00 1.241951e+00
2.570396e-01 6.713282e-01 8.338788e-01 1.070530e+00 1.242133e+00
2.630268e-01 6.627514e-01 8.233616e-01 1.056960e+00 1.242339e+00
2.691535e-01 6.542872e-01 8.129986e-01 1.043580e+00 1.242571e+00
2.754229e-01 6.459334e-01 8.027882e-01 1.030388e+00 1.242834e+00
2.818383e-01 6.376876e-01 7.927291e-01 1.017381e+00 1.243131e+00
2.884032e-01 6.295474e-01 7.828198e-01 1.004558e+00 1.243464e+00
2.951209e-01 6.215106e-01 7.730586e-01 9.919148e-01 1.243838e+00
3.019952e-01 6.135747e-01 7.634441e-01 9.794492e-01 1.244256e+00
3.090295e-01 6.057373e-01 7.539746e-01 9.671584e-01 1.244722e+00
3.162278e-01 5.979962e-01 7.446485e-01 9.550397e-01 1.245240e+00
3.235937e-01 5.903489e-01 7.354640e-01 9.430902e-01 1.245812e+00
3.311311e-01 5.827932e-01 7.264193e-01 9.313071e-01 1.246444e+00
3.388442e-01 5.753268e-01 7.175127e-01 9.196877e-01 1.247139e+00
3.467369e-01 5.679473e-01 7.087423e-01 9.082290e-01 1.247901e+00
3.548134e-01 5.606526e-01 7.001062e-01 8.969281e-01 1.248734e+00
3.630781e-01 5.534405e-01 6.916024e-01 8.857823e-01 1.249642e+00
3.715352e-01 5.463087e-01 6.832289e-01 8.747885e-01 1.250628e+00
3.801894e-01 5.392552e-01 6.749838e-01 8.639440e-01 1.251696e+00
3.890451e-01 5.322779e-01 6.668648e-01 8.532458e-01 1.252851e+00
3.981072e-01 5.253748e-01 6.588699e-01 8.426910e-01 1.254095e+00
4.073803e-01 5.185440e-01 6.509969e-01 8.322769e-01 1.255432e+00
4.168694e-01 5.117836e-01 6.432437e-01 8.220005e-01 1.256867e+00
4.265795e-01 5.050917e-01 6.356080e-01 8.118591e-01 1.258401e+00
4.365158e-01 4.984667e-01 6.280876e-01 8.018499e-01 1.260039e+00
4.466836e-01 4.919069e-01 6.206803e-01 7.919700e-01 1.261784e+00
4.570882e-01 4.854107e-01 6.133837e-01 7.822168e-01 1.263639e+00
4.677351e-01 4.789766e-01 6.061956e-01 7.725876e-01 1.265606e+00
4.786301e-01 4.726031e-01 5.991137e-01 7.630799e-01 1.267689e+00
4.897788e-01 4.662889e-01 5.921357e-01 7.536909e-01 1.269890e+00
5.011872e-01 4.600326e-01 5.852594e-01 7.444183e-01 1.272213e+00
5.128614e-01 4.538332e-01 5.784824e-01 7.352595e-01 1.274659e+00
5.248075e-01 4.476894e-01 5.718026e-01 7.262121e-01 1.277230e+00
5.370318e-01 4.416003e-01 5.652176e-01 7.172739e-01 1.279930e+00
5.495409e-01 4.355649e-01 5.587253e-01 7.084425e-01 1.282760e+00
5.623413e-01 4.295822e-01 5.523235e-01 6.997158e-01 1.285722e+00
5.754399e-01 4.236516e-01 5.460101e-01 6.910916e-01 1.288819e+00
5.888437e-01 4.177721e-01 5.397828e-01 6.825680e-01 1.292051e+00
6.025596e-01 4.119432e-01 5.336398e-01 6.741429e-01 1.295421e+00
6.165950e-01 4.061642e-01 5.275789e-01 6.658144e-01 1.298930e+00
6.309573e-01 4.004346e-01 5.215982e-01 6.575808e-01 1.302580e+00
6.456542e-01 3.947539e-01 5.156958e-01 6.494403e-01 1.306373e+00
6.606934e-01 3.891215e-01 5.098697e-01 6.413912e-01 1.310310e+00
6.760830e-01 3.835373e-01 5.041182e-01 6.334319e-01 1.314392e+00
6.918310e-01 3.780007e-01 4.984396e-01 6.255610e-01 1.318621e+00
7.079458e-01 3.725115e-01 4.928321e-01 6.177769e-01 1.322998e+00
7.244360e-01 3.670694e-01 4.872941e-01 6.100783e-01 1.327526e+00
7.413102e-01 3.616741e-01 4.818241e-01 6.024638e-01 1.332205e+00
7.585776e-01 3.563255e-01 4.764205e-01 5.949322e-01 1.337038e+00
7.762471e-01 3.510232e-01 4.710819e-01 5.874823e-01 1.342025e+00
7.943282e-01 3.457673e-01 4.658070e-01 5.801130e-01 1.347169e+00
8.128305e-01 3.405574e-01 4.605943e-01 5.728232e-01 1.352472e+00
8.317638e-01 3.353933e-01 4.554427e-01 5.656118e-01 1.357936e+00
8.511380e-01 3.302751e-01 4.503509e-01 5.584779e-01 1.363563e+00
8.709636e-01 3.252024e-01 4.453178e-01 5.514205e-01 1.369356e+00
8.912509e-01 3.201751e-01 4.403423e-01 5.444386e-01 1.375317e+00
9.120108e-01 3.151930e-01 4.354233e-01 5.375315e-01 1.381450e+00
9.332543e-01 3.102560e-01 4.305598e-01 5.306982e-01 1.387756e+00
9.549926e-01 3.053639e-01 4.257509e-01 5.239379e-01 1.394241e+00
9.772372e-01 3.005164e-01 4.209957e-01 5.172499e-01 1.400908e+00
1.000000e+00 2.957133e-01 4.162932e-01 5.106333e-01 1.407760e+00
1.023293e+00 2.909543e-01 4.116426e-01 5.040873e-01 1.414802e+00
1.047129e+00 2.862392e-01 4.070431e-01 4.976112e-01 1.422038e+00
1.071519e+00 2.815677e-01 4.024939e-01 4.912043e-01 1.429475e+00
1.096478e+00 2.769394e-01 3.979941e-01 4.848657e-01 1.437116e+00
1.122018e+00 2.723540e-01 3.935431e-01 4.785947e-01 1.444969e+00
1.148154e+00 2.678112e-01 3.891401e-01 4.723906e-01 1.453039e+00
1.174898e+00 2.633105e-01 3.847843e-01 4.662525e-01 1.461333e+00
1.202264e+00 2.588516e-01 3.804750e-01 4.601797e-01 1.469858e+00
1.230269e+00 2.544340e-01 3.762115e-01 4.541715e-01 1.478621e+00
1.258925e+00 2.500572e-01 3.719929e-01 4.482269e-01 1.487631e+00
1.288250e+00 2.457209e-01 3.678186e-01 4.423452e-01 1.496896e+00
1.318257e+00 2.414244e-01 3.636878e-01 4.365256e-01 1.506425e+00
1.348963e+00 2.371674e-01 3.595996e-01 4.307671e-01 1.516227e+00
1.380384e+00 2.329494e-01 3.555534e-01 4.250690e-01 1.526312e+00
1.412538e+00 2.287698e-01 3.515483e-01 4.194303e-01 1.536690e+00
1.445440e+00 2.246281e-01 3.475834e-01 4.138502e-01 1.547373e+00
1.479108e+00 2.205239e-01 3.436579e-01 4.083277e-01 1.558371e+00
1.513561e+00 2.164566e-01 3.397710e-01 4.028619e-01 1.569696e+00
1.548817e+00 2.124257e-01 3.359216e-01 3.974519e-01 1.581360e+00
1.584893e+00 2.084309e-01 3.321090e-01 3.920967e-01 1.593377e+00
1.621810e+00 2.044716e-01 3.283322e-01 3.867954e-01 1.605759e+00
1.659587e+00 2.005474e-01 3.245901e-01 3.815469e-01 1.618521e+00
1.698244e+00 1.966580e-01 3.208819e-01 3.763503e-01 1.631675e+00
1.737801e+00 1.928029e-01 3.172064e-01 3.712046e-01 1.645237e+00
1.778279e+00 1.889818e-01 3.135627e-01 3.661088e-01 1.659222e+00
1.819701e+00 1.851944e-01 3.099496e-01 3.610620e-01 1.673645e+00
1.862087e+00 1.814405e-01 3.063663e-01 3.560631e-01 1.688522e+00
1.905461e+00 1.777198e-01 3.028114e-01 3.511112e-01 1.703870e+00
1.949845e+00 1.740323e-01 2.992841e-01 3.462054e-01 1.719705e+00
1.995262e+00 1.703777e-01 2.957831e-01 3.413447e-01 1.736044e+00
2.041738e+00 1.667560e-01 2.923075e-01 3.365282e-01 1.752905e+00
2.089296e+00 1.631673e-01 2.888561e-01 3.317550e-01 1.770306e+00
2.137962e+00 1.596116e-01 2.854278e-01 3.270243e-01 1.788265e+00
2.187762e+00 1.560889e-01 2.820216e-01 3.223351e-01 1.806801e+00
2.238721e+00 1.525995e-01 2.786365e-01 3.176868e-01 1.825933e+00
2.290868e+00 1.491436e-01 2.752714e-01 3.130785e-01 1.845681e+00
2.344229e+00 1.457214e-01 2.719254e-01 3.085096e-01 1.866063e+00
2.398833e+00 1.423334e-01 2.685975e-01 3.039792e-01 1.887101e+00
2.454709e+00 1.389798e-01 2.652867e-01 2.994869e-01 1.908815e+00
2.511886e+00 1.356612e-01 2.619923e-01 2.950321e-01 1.931225e+00
2.570396e+00 1.323780e-01 2.587134e-01 2.906141e-01 1.954354e+00
2.630268e+00 1.291308e-01 2.554492e-01 2.862325e-01 1.978221e+00
2.691535e+00 1.259201e-01 2.521990e-01 2.818869e-01 2.002849e+00
2.754229e+00 1.227466e-01 2.489622e-01 2.775769e-01 2.028261e+00
2.818383e+00 1.196110e-01 2.457382e-01 2.733022e-01 2.054478e+00
2.884032e+00 1.165139e-01 2.425265e-01 2.690624e-01 2.081524e+00
2.951209e+00 1.134561e-01 2.393266e-01 2.648575e-01 2.109421e+00
3.019952e+00 1.104382e-01 2.361381e-01 2.606872e-01 2.138193e+00
3.090295e+00 1.074610e-01 2.329608e-01 2.565514e-01 2.167863e+00
3.162278e+00 1.045254e-01 2.297945e-01 2.524501e-01 2.198456e+00
3.235937e+00 1.016319e-01 2.266389e-01 2.483832e-01 2.229997e+00
3.311311e+00 9.878149e-02 2.234940e-01 2.443509e-01 2.262509e+00
3.388442e+00 9.597479e-02 2.203599e-01 2.403532e-01 2.296019e+00
3.467369e+00 9.321255e-02 2.172366e-01 2.363902e-01 2.330551e+00
3.548134e+00 9.049550e-02 2.141242e-01 2.324621e-01 2.366131e+00
3.630781e+00 8.782432e-02 2.110231e-01 2.285691e-01 2.402786e+00
3.715352e+00 8.519965e-02 2.079334e-01 2.247116e-01 2.440543e+00
3.801894e+00 8.262212e-02 2.048556e-01 2.208896e-01 2.479428e+00
3.890451e+00 8.009231e-02 2.017901e-01 2.171037e-01 2.519469e+00
3.981072e+00 7.761074e-02 1.987373e-01 2.133540e-01 2.560693e+00
4.073803e+00 7.517790e-02 1.956978e-01 2.096410e-01 2.603130e+00
4.168694e+00 7.279422e-02 1.926723e-01 2.059650e-01 2.646807e+00
4.265795e+00 7.046008e-02 1.896612e-01 2.023265e-01 2.691754e+00
4.365158e+00 6.817578e-02 1.866654e-01 1.987257e-01 2.738001e+00
4.466836e+00 6.594158e-02 1.836855e-01 1.951631e-01 2.785579e+00
4.570882e+00 6.375768e-02 1.807222e-01 1.916391e-01 2.834517e+00
4.677351e+00 6.162421e-02 1.777764e-01 1.881542e-01 2.884847e+00
4.786301e+00 5.954124e-02 1.748488e-01 1.847086e-01 2.936601e+00
4.897788e+00 5.750875e-02 1.719403e-01 1.813028e-01 2.989811e+00
5.011872e+00 5.552669e-02 1.690516e-01 1.779372e-01 3.044510e+00
5.128614e+00 5.359494e-02 1.661836e-01 1.746121e-01 3.100733e+00
5.248075e+00 5.171329e-02 1.633371e-01 1.713279e-01 3.158512e+00
5.370318e+00 4.988150e-02 1.605129e-01 1.680849e-01 3.217884e+00
5.495409e+00 4.809924e-02 1.577118e-01 1.648835e-01 3.278884e+00
5.623413e+00 4.636616e-02 1.549347e-01 1.617238e-01 3.341547e+00
5.754399e+00 4.468182e-02 1.521823e-01 1.586062e-01 3.405912e+00
5.888437e+00 4.304573e-02 1.494554e-01 1.555309e-01 3.472015e+00
6.025596e+00 4.145737e-02 1.467547e-01 1.524981e-01 3.539895e+00
6.165950e+00 3.991615e-02 1.440810e-01 1.495080e-01 3.609592e+00
6.309573e+00 3.842144e-02 1.414349e-01 1.465607e-01 3.681146e+00
6.456542e+00 3.697257e-02 1.388171e-01 1.436564e-01 3.754597e+00
6.606934e+00 3.556884e-02 1.362282e-01 1.407951e-01 3.829988e+00
6.760830e+00 3.420949e-02 1.336688e-01 1.379770e-01 3.907361e+00
6.918310e+00 3.289375e-02 1.311395e-01 1.352019e-01 3.986760e+00
7.079458e+00 3.162081e-02 1.286407e-01 1.324700e-01 4.068230e+00
7.244360e+00 3.038984e-02 1.261730e-01 1.297812e-01 4.151815e+00
7.413102e+00 2.919998e-02 1.237368e-01 1.271355e-01 4.237563e+00
7.585776e+00 2.805035e-02 1.213324e-01 1.245326e-01 4.325522e+00
7.762471e+00 2.694005e-02 1.189603e-01 1.219726e-01 4.415740e+00
7.943282e+00 2.586819e-02 1.166207e-01 1.194552e-01 4.508266e+00
8.128305e+00 2.483383e-02 1.143139e-01 1.169803e-01 4.603152e+00
8.317638e+00 2.383606e-02 1.120402e-01 1.145477e-01 4.700450e+00
8.511380e+00 2.287394e-02 1.097998e-01 1.121571e-01 4.800213e+00
8.709636e+00 2.194653e-02 1.075928e-01 1.098082e-01 4.902496e+00
8.912509e+00 2.105289e-02 1.054193e-01 1.075009e-01 5.007353e+00
9.120108e+00 2.019210e-02 1.032794e-01 1.052348e-01 5.114843e+00
9.332543e+00 1.936321e-02 1.011733e-01 1.030095e-01 5.225024e+00
9.549926e+00 1.856531e-02 9.910079e-02 1.008248e-01 5.337955e+00
9.772372e+00 1.779747e-02 9.706199e-02 9.868019e-02 5.453697e+00
1.000000e+01 1.705877e-02 9.505683e-02 9.657538e-02 5.572313e+00
