1.000000e-06 2.641994e+01 1.579771e-01 2.642041e+01 5.979466e-03
1.023293e-06 2.641982e+01 1.616548e-01 2.642031e+01 6.118695e-03
1.047129e-06 2.641970e+01 1.654180e-01 2.642022e+01 6.261163e-03
1.071519e-06 2.641957e+01 1.692688e-01 2.642011e+01 6.406947e-03
1.096478e-06 2.641944e+01 1.732090e-01 2.642001e+01 6.556121e-03
1.122018e-06 2.641930e+01 1.772409e-01 2.641989e+01 6.708767e-03
1.148154e-06 2.641915e+01 1.813665e-01 2.641977e+01 6.864962e-03
1.174898e-06 2.641900e+01 1.855880e-01 2.641965e+01 7.024792e-03
1.202264e-06 2.641884e+01 1.899075e-01 2.641952e+01 7.188338e-03
1.230269e-06 2.641867e+01 1.943275e-01 2.641938e+01 7.355688e-03
1.258925e-06 2.641849e+01 1.988502e-01 2.641924e+01 7.526930e-03
1.288250e-06 2.641831e+01 2.034779e-01 2.641909e+01 7.702154e-03
1.318257e-06 2.641812e+01 2.082131e-01 2.641894e+01 7.881452e-03
1.348963e-06 2.641792e+01 2.130584e-01 2.641878e+01 8.064919e-03
1.380384e-06 2.641770e+01 2.180161e-01 2.641860e+01 8.252651e-03
1.412538e-06 2.641748e+01 2.230890e-01 2.641843e+01 8.444747e-03
1.445440e-06 2.641725e+01 2.282796e-01 2.641824e+01 8.641308e-03
1.479108e-06 2.641701e+01 2.335908e-01 2.641804e+01 8.842438e-03
1.513561e-06 2.641676e+01 2.390252e-01 2.641784e+01 9.048241e-03
1.548817e-06 2.641649e+01 2.445857e-01 2.641762e+01 9.258827e-03
1.584893e-06 2.641621e+01 2.502752e-01 2.641740e+01 9.474305e-03
1.621810e-06 2.641592e+01 2.560968e-01 2.641716e+01 9.694789e-03
1.659587e-06 2.641561e+01 2.620533e-01 2.641691e+01 9.920394e-03
1.698244e-06 2.641530e+01 2.681480e-01 2.641666e+01 1.015124e-02
1.737801e-06 2.641496e+01 2.743839e-01 2.641639e+01 1.038744e-02
1.778279e-06 2.641461e+01 2.807644e-01 2.641610e+01 1.062913e-02
1.819701e-06 2.641424e+01 2.872928e-01 2.641581e+01 1.087643e-02
1.862087e-06 2.641386e+01 2.939724e-01 2.641550e+01 1.112948e-02
1.905461e-06 2.641346e+01 3.008067e-01 2.641517e+01 1.138839e-02
1.949845e-06 2.641304e+01 3.077993e-01 2.641483e+01 1.165331e-02
1.995262e-06 2.641260e+01 3.149537e-01 2.641447e+01 1.192438e-02
2.041738e-06 2.641213e+01 3.222737e-01 2.641410e+01 1.220173e-02
2.089296e-06 2.641165e+01 3.297630e-01 2.641371e+01 1.248551e-02
2.137962e-06 2.641114e+01 3.374256e-01 2.641330e+01 1.277588e-02
2.187762e-06 2.641061e+01 3.452653e-01 2.641287e+01 1.307297e-02
2.238721e-06 2.641006e+01 3.532862e-01 2.641242e+01 1.337696e-02
2.290868e-06 2.640948e+01 3.614924e-01 2.641195e+01 1.368798e-02
2.344229e-06 2.640887e+01 3.698881e-01 2.641146e+01 1.400621e-02
2.398833e-06 2.640823e+01 3.784776e-01 2.641095e+01 1.433180e-02
2.454709e-06 2.640757e+01 3.872654e-01 2.641041e+01 1.466494e-02
2.511886e-06 2.640687e+01 3.962558e-01 2.640984e+01 1.500578e-02
2.570396e-06 2.640614e+01 4.054534e-01 2.640925e+01 1.535451e-02
2.630268e-06 2.640538e+01 4.148630e-01 2.640863e+01 1.571131e-02
2.691535e-06 2.640458e+01 4.244894e-01 2.640799e+01 1.607636e-02
2.754229e-06 2.640374e+01 4.343373e-01 2.640731e+01 1.644984e-02
2.818383e-06 2.640286e+01 4.444117e-01 2.640660e+01 1.683195e-02
2.884032e-06 2.640194e+01 4.547178e-01 2.640586e+01 1.722289e-02
2.951209e-06 2.640098e+01 4.652607e-01 2.640508e+01 1.762286e-02
3.019952e-06 2.639997e+01 4.760457e-01 2.640426e+01 1.803205e-02
3.090295e-06 2.639892e+01 4.870782e-01 2.640341e+01 1.845069e-02
3.162278e-06 2.639781e+01 4.983636e-01 2.640252e+01 1.887897e-02
3.235937e-06 2.639666e+01 5.099077e-01 2.640158e+01 1.931713e-02
3.311311e-06 2.639545e+01 5.217161e-01 2.640061e+01 1.976538e-02
3.388442e-06 2.639418e+01 5.337946e-01 2.639958e+01 2.022395e-02
3.467369e-06 2.639286e+01 5.461492e-01 2.639851e+01 2.069307e-02
3.548134e-06 2.639147e+01 5.587860e-01 2.639739e+01 2.117297e-02
3.630781e-06 2.639002e+01 5.717111e-01 2.639621e+01 2.166391e-02
3.715352e-06 2.638850e+01 5.849308e-01 2.639498e+01 2.216612e-02
3.801894e-06 2.638691e+01 5.984515e-01 2.639370e+01 2.267986e-02
3.890451e-06 2.638525e+01 6.122797e-01 2.639235e+01 2.320538e-02
3.981072e-06 2.638350e+01 6.264222e-01 2.639094e+01 2.374295e-02
4.073803e-06 2.638168e+01 6.408856e-01 2.638946e+01 2.429283e-02
4.168694e-06 2.637977e+01 6.556768e-01 2.638792e+01 2.485529e-02
4.265795e-06 2.637777e+01 6.708028e-01 2.638630e+01 2.543061e-02
4.365158e-06 2.637568e+01 6.862707e-01 2.638461e+01 2.601907e-02
4.466836e-06 2.637349e+01 7.020878e-01 2.638283e+01 2.662096e-02
4.570882e-06 2.637120e+01 7.182613e-01 2.638098e+01 2.723658e-02
4.677351e-06 2.636880e+01 7.347989e-01 2.637904e+01 2.786622e-02
4.786301e-06 2.636629e+01 7.517079e-01 2.637701e+01 2.851018e-02
4.897788e-06 2.636367e+01 7.689962e-01 2.637488e+01 2.916879e-02
5.011872e-06 2.636092e+01 7.866716e-01 2.637266e+01 2.984234e-02
5.128614e-06 2.635805e+01 8.047418e-01 2.637033e+01 3.053116e-02
5.248075e-06 2.635504e+01 8.232151e-01 2.636789e+01 3.123559e-02
5.370318e-06 2.635189e+01 8.420994e-01 2.636534e+01 3.195594e-02
5.495409e-06 2.634860e+01 8.614031e-01 2.636268e+01 3.269256e-02
5.623413e-06 2.634515e+01 8.811345e-01 2.635988e+01 3.344579e-02
5.754399e-06 2.634155e+01 9.013019e-01 2.635696e+01 3.421598e-02
5.888437e-06 2.633778e+01 9.219139e-01 2.635391e+01 3.500348e-02
6.025596e-06 2.633383e+01 9.429791e-01 2.635071e+01 3.580865e-02
6.165950e-06 2.632971e+01 9.645061e-01 2.634737e+01 3.663186e-02
6.309573e-06 2.632539e+01 9.865038e-01 2.634387e+01 3.747347e-02
6.456542e-06 2.632087e+01 1.008981e+00 2.634021e+01 3.833387e-02
6.606934e-06 2.631615e+01 1.031946e+00 2.633638e+01 3.921342e-02
6.760830e-06 2.631121e+01 1.055409e+00 2.633237e+01 4.011252e-02
6.918310e-06 2.630605e+01 1.079378e+00 2.632818e+01 4.103156e-02
7.079458e-06 2.630064e+01 1.103862e+00 2.632380e+01 4.197092e-02
7.244360e-06 2.629499e+01 1.128870e+00 2.631922e+01 4.293100e-02
7.413102e-06 2.628909e+01 1.154412e+00 2.631442e+01 4.391222e-02
7.585776e-06 2.628291e+01 1.180496e+00 2.630941e+01 4.491497e-02
7.762471e-06 2.627646e+01 1.207131e+00 2.630417e+01 4.593966e-02
7.943282e-06 2.626970e+01 1.234327e+00 2.629869e+01 4.698671e-02
8.128305e-06 2.626265e+01 1.262092e+00 2.629296e+01 4.805653e-02
8.317638e-06 2.625527e+01 1.290435e+00 2.628697e+01 4.914955e-02
8.511380e-06 2.624757e+01 1.319365e+00 2.628070e+01 5.026618e-02
8.709636e-06 2.623951e+01 1.348890e+00 2.627416e+01 5.140684e-02
8.912509e-06 2.623109e+01 1.379020e+00 2.626731e+01 5.257196e-02
9.120108e-06 2.622229e+01 1.409762e+00 2.626016e+01 5.376196e-02
9.332543e-06 2.621310e+01 1.441125e+00 2.625269e+01 5.497728e-02
9.549926e-06 2.620350e+01 1.473117e+00 2.624488e+01 5.621832e-02
9.772372e-06 2.619348e+01 1.505746e+00 2.623672e+01 5.748552e-02
1.000000e-05 2.618300e+01 1.539018e+00 2.622819e+01 5.877930e-02
1.023293e-05 2.617206e+01 1.572943e+00 2.621929e+01 6.010007e-02
1.047129e-05 2.616064e+01 1.607526e+00 2.620999e+01 6.144825e-02
1.071519e-05 2.614872e+01 1.642774e+00 2.620027e+01 6.282425e-02
1.096478e-05 2.613627e+01 1.678693e+00 2.619012e+01 6.422849e-02
1.122018e-05 2.612328e+01 1.715290e+00 2.617953e+01 6.566135e-02
1.148154e-05 2.610972e+01 1.752568e+00 2.616847e+01 6.712323e-02
1.174898e-05 2.609557e+01 1.790535e+00 2.615692e+01 6.861452e-02
1.202264e-05 2.608080e+01 1.829192e+00 2.614487e+01 7.013558e-02
1.230269e-05 2.606541e+01 1.868545e+00 2.613230e+01 7.168679e-02
1.258925e-05 2.604935e+01 1.908596e+00 2.611917e+01 7.326849e-02
1.288250e-05 2.603260e+01 1.949347e+00 2.610548e+01 7.488101e-02
1.318257e-05 2.601514e+01 1.990801e+00 2.609120e+01 7.652470e-02
1.348963e-05 2.599694e+01 2.032956e+00 2.607631e+01 7.819983e-02
1.380384e-05 2.597798e+01 2.075815e+00 2.606078e+01 7.990671e-02
1.412538e-05 2.595821e+01 2.119374e+00 2.604459e+01 8.164560e-02
1.445440e-05 2.593763e+01 2.163633e+00 2.602771e+01 8.341674e-02
1.479108e-05 2.591619e+01 2.208587e+00 2.601013e+01 8.522035e-02
1.513561e-05 2.589387e+01 2.254233e+00 2.599181e+01 8.705663e-02
1.548817e-05 2.587063e+01 2.300565e+00 2.597272e+01 8.892572e-02
1.584893e-05 2.584645e+01 2.347576e+00 2.595284e+01 9.082778e-02
1.621810e-05 2.582129e+01 2.395258e+00 2.593215e+01 9.276290e-02
1.659587e-05 2.579512e+01 2.443601e+00 2.591061e+01 9.473113e-02
1.698244e-05 2.576792e+01 2.492595e+00 2.588819e+01 9.673252e-02
1.737801e-05 2.573963e+01 2.542227e+00 2.586487e+01 9.876703e-02
1.778279e-05 2.571024e+01 2.592482e+00 2.584062e+01 1.008346e-01
1.819701e-05 2.567971e+01 2.643345e+00 2.581539e+01 1.029352e-01
1.862087e-05 2.564800e+01 2.694798e+00 2.578918e+01 1.050685e-01
1.905461e-05 2.561508e+01 2.746821e+00 2.576194e+01 1.072345e-01
1.949845e-05 2.558092e+01 2.799393e+00 2.573364e+01 1.094328e-01
1.995262e-05 2.554549e+01 2.852491e+00 2.570426e+01 1.116632e-01
2.041738e-05 2.550875e+01 2.906089e+00 2.567375e+01 1.139252e-01
2.089296e-05 2.547066e+01 2.960159e+00 2.564210e+01 1.162184e-01
2.137962e-05 2.543120e+01 3.014673e+00 2.560926e+01 1.185423e-01
2.187762e-05 2.539034e+01 3.069598e+00 2.557522e+01 1.208963e-01
2.238721e-05 2.534804e+01 3.124900e+00 2.553993e+01 1.232798e-01
2.290868e-05 2.530427e+01 3.180544e+00 2.550337e+01 1.256920e-01
2.344229e-05 2.525900e+01 3.236490e+00 2.546550e+01 1.281322e-01
2.398833e-05 2.521221e+01 3.292699e+00 2.542631e+01 1.305994e-01
2.454709e-05 2.516387e+01 3.349127e+00 2.538576e+01 1.330927e-01
2.511886e-05 2.511395e+01 3.405729e+00 2.534383e+01 1.356111e-01
2.570396e-05 2.506243e+01 3.462458e+00 2.530048e+01 1.381533e-01
2.630268e-05 2.500930e+01 3.519265e+00 2.525569e+01 1.407183e-01
2.691535e-05 2.495452e+01 3.576098e+00 2.520945e+01 1.433046e-01
2.754229e-05 2.489808e+01 3.632902e+00 2.516173e+01 1.459109e-01
2.818383e-05 2.483998e+01 3.689624e+00 2.511250e+01 1.485357e-01
2.884032e-05 2.478018e+01 3.746205e+00 2.506176e+01 1.511774e-01
2.951209e-05 2.471870e+01 3.802586e+00 2.500947e+01 1.538344e-01
3.019952e-05 2.465552e+01 3.858706e+00 2.495564e+01 1.565048e-01
3.090295e-05 2.459063e+01 3.914505e+00 2.490025e+01 1.591868e-01
3.162278e-05 2.452404e+01 3.969917e+00 2.484329e+01 1.618786e-01
3.235937e-05 2.445576e+01 4.024880e+00 2.478475e+01 1.645780e-01
3.311311e-05 2.438578e+01 4.079327e+00 2.472463e+01 1.672830e-01
3.388442e-05 2.431413e+01 4.133193e+00 2.466293e+01 1.699914e-01
3.467369e-05 2.424081e+01 4.186413e+00 2.459965e+01 1.727010e-01
3.548134e-05 2.416585e+01 4.238919e+00 2.453480e+01 1.754095e-01
3.630781e-05 2.408926e+01 4.290645e+00 2.446839e+01 1.781144e-01
3.715352e-05 2.401108e+01 4.341528e+00 2.440043e+01 1.808135e-01
3.801894e-05 2.393134e+01 4.391500e+00 2.433094e+01 1.835041e-01
3.890451e-05 2.385007e+01 4.440500e+00 2.425993e+01 1.861839e-01
3.981072e-05 2.376732e+01 4.488465e+00 2.418743e+01 1.888503e-01
4.073803e-05 2.368312e+01 4.535334e+00 2.411347e+01 1.915007e-01
4.168694e-05 2.359753e+01 4.581049e+00 2.403808e+01 1.941326e-01
4.265795e-05 2.351059e+01 4.625555e+00 2.396130e+01 1.967434e-01
4.365158e-05 2.342237e+01 4.668798e+00 2.388316e+01 1.993307e-01
4.466836e-05 2.333292e+01 4.710728e+00 2.380370e+01 2.018919e-01
4.570882e-05 2.324231e+01 4.751298e+00 2.372298e+01 2.044245e-01
4.677351e-05 2.315059e+01 4.790465e+00 2.364103e+01 2.069262e-01
4.786301e-05 2.305785e+01 4.828189e+00 2.355793e+01 2.093946e-01
4.897788e-05 2.296415e+01 4.864437e+00 2.347371e+01 2.118274e-01
5.011872e-05 2.286956e+01 4.899176e+00 2.338844e+01 2.142225e-01
5.128614e-05 2.277417e+01 4.932381e+00 2.330217e+01 2.165779e-01
5.248075e-05 2.267805e+01 4.964031e+00 2.321499e+01 2.188914e-01
5.370318e-05 2.258128e+01 4.994109e+00 2.312694e+01 2.211615e-01
5.495409e-05 2.248394e+01 5.022604e+00 2.303810e+01 2.233863e-01
5.623413e-05 2.238610e+01 5.049510e+00 2.294853e+01 2.255645e-01
5.754399e-05 2.228786e+01 5.074825e+00 2.285832e+01 2.276946e-01
5.888437e-05 2.218929e+01 5.098554e+00 2.276752e+01 2.297754e-01
6.025596e-05 2.209048e+01 5.120706e+00 2.267622e+01 2.318060e-01
6.165950e-05 2.199149e+01 5.141295e+00 2.258447e+01 2.337857e-01
6.309573e-05 2.189241e+01 5.160341e+00 2.249237e+01 2.357137e-01
6.456542e-05 2.179332e+01 5.177869e+00 2.239998e+01 2.375898e-01
6.606934e-05 2.169428e+01 5.193906e+00 2.230736e+01 2.394136e-01
6.760830e-05 2.159537e+01 5.208487e+00 2.221460e+01 2.411854e-01
6.918310e-05 2.149666e+01 5.221649e+00 2.212175e+01 2.429052e-01
7.079458e-05 2.139820e+01 5.233433e+00 2.202889e+01 2.445735e-01
7.244360e-05 2.130007e+01 5.243886e+00 2.193607e+01 2.461910e-01
7.413102e-05 2.120232e+01 5.253055e+00 2.184337e+01 2.477586e-01
7.585776e-05 2.110499e+01 5.260994e+00 2.175083e+01 2.492772e-01
7.762471e-05 2.100815e+01 5.267755e+00 2.165853e+01 2.507481e-01
7.943282e-05 2.091184e+01 5.273396e+00 2.156649e+01 2.521728e-01
8.128305e-05 2.081609e+01 5.277976e+00 2.147479e+01 2.535528e-01
8.317638e-05 2.072094e+01 5.281556e+00 2.138345e+01 2.548898e-01
8.511380e-05 2.062642e+01 5.284196e+00 2.129253e+01 2.561858e-01
8.709636e-05 2.053256e+01 5.285960e+00 2.120206e+01 2.574428e-01
8.912509e-05 2.043938e+01 5.286910e+00 2.111207e+01 2.586630e-01
9.120108e-05 2.034689e+01 5.287109e+00 2.102259e+01 2.598485e-01
9.332543e-05 2.025511e+01 5.286620e+00 2.093365e+01 2.610018e-01
9.549926e-05 2.016404e+01 5.285505e+00 2.084527e+01 2.621253e-01
9.772372e-05 2.007369e+01 5.283825e+00 2.075746e+01 2.632214e-01
1.000000e-04 1.998406e+01 5.281640e+00 2.067023e+01 2.642926e-01
1.023293e-04 1.989514e+01 5.279007e+00 2.058359e+01 2.653416e-01
1.047129e-04 1.980691e+01 5.275983e+00 2.049755e+01 2.663708e-01
1.071519e-04 1.971937e+01 5.272621e+00 2.041211e+01 2.673828e-01
1.096478e-04 1.963251e+01 5.268973e+00 2.032726e+01 2.683800e-01
1.122018e-04 1.954629e+01 5.265086e+00 2.024299e+01 2.693650e-01
1.148154e-04 1.946070e+01 5.261008e+00 2.015929e+01 2.703401e-01
1.174898e-04 1.937571e+01 5.256780e+00 2.007615e+01 2.713078e-01
1.202264e-04 1.929129e+01 5.252442e+00 1.999355e+01 2.722701e-01
1.230269e-04 1.920742e+01 5.248029e+00 1.991147e+01 2.732293e-01
1.258925e-04 1.912405e+01 5.243574e+00 1.982989e+01 2.741873e-01
1.288250e-04 1.904117e+01 5.239104e+00 1.974878e+01 2.751462e-01
1.318257e-04 1.895872e+01 5.234646e+00 1.966811e+01 2.761075e-01
1.348963e-04 1.887668e+01 5.230220e+00 1.958786e+01 2.770731e-01
1.380384e-04 1.879501e+01 5.225844e+00 1.950800e+01 2.780442e-01
1.412538e-04 1.871368e+01 5.221531e+00 1.942849e+01 2.790222e-01
1.445440e-04 1.863264e+01 5.217291e+00 1.934930e+01 2.800082e-01
1.479108e-04 1.855186e+01 5.213130e+00 1.927039e+01 2.810032e-01
1.513561e-04 1.847130e+01 5.209052e+00 1.919175e+01 2.820078e-01
1.548817e-04 1.839094e+01 5.205055e+00 1.911332e+01 2.830228e-01
1.584893e-04 1.831073e+01 5.201135e+00 1.903509e+01 2.840485e-01
1.621810e-04 1.823065e+01 5.197285e+00 1.895701e+01 2.850850e-01
1.659587e-04 1.815066e+01 5.193494e+00 1.887906e+01 2.861325e-01
1.698244e-04 1.807074e+01 5.189749e+00 1.880120e+01 2.871908e-01
1.737801e-04 1.799086e+01 5.186034e+00 1.872341e+01 2.882594e-01
1.778279e-04 1.791099e+01 5.182331e+00 1.864565e+01 2.893380e-01
1.819701e-04 1.783113e+01 5.178619e+00 1.856791e+01 2.904258e-01
1.862087e-04 1.775124e+01 5.174874e+00 1.849015e+01 2.915219e-01
1.905461e-04 1.767131e+01 5.171074e+00 1.841237e+01 2.926254e-01
1.949845e-04 1.759133e+01 5.167192e+00 1.833453e+01 2.937351e-01
1.995262e-04 1.751130e+01 5.163201e+00 1.825662e+01 2.948497e-01
2.041738e-04 1.743120e+01 5.159074e+00 1.817863e+01 2.959679e-01
2.089296e-04 1.735103e+01 5.154782e+00 1.810055e+01 2.970880e-01
2.137962e-04 1.727079e+01 5.150296e+00 1.802237e+01 2.982085e-01
2.187762e-04 1.719049e+01 5.145589e+00 1.794408e+01 2.993276e-01
2.238721e-04 1.711014e+01 5.140631e+00 1.786569e+01 3.004435e-01
2.290868e-04 1.702974e+01 5.135395e+00 1.778720e+01 3.015545e-01
2.344229e-04 1.694931e+01 5.129855e+00 1.770860e+01 3.026586e-01
2.398833e-04 1.686887e+01 5.123986e+00 1.762991e+01 3.037540e-01
2.454709e-04 1.678843e+01 5.117762e+00 1.755115e+01 3.048387e-01
2.511886e-04 1.670801e+01 5.111164e+00 1.747231e+01 3.059109e-01
2.570396e-04 1.662765e+01 5.104169e+00 1.739343e+01 3.069687e-01
2.630268e-04 1.654737e+01 5.096761e+00 1.731452e+01 3.080103e-01
2.691535e-04 1.646720e+01 5.088924e+00 1.723560e+01 3.090339e-01
2.754229e-04 1.638717e+01 5.080645e+00 1.715670e+01 3.100380e-01
2.818383e-04 1.630732e+01 5.071915e+00 1.707785e+01 3.110209e-01
2.884032e-04 1.622767e+01 5.062727e+00 1.699907e+01 3.119812e-01
2.951209e-04 1.614827e+01 5.053077e+00 1.692040e+01 3.129176e-01
3.019952e-04 1.606914e+01 5.042964e+00 1.684188e+01 3.138290e-01
3.090295e-04 1.599034e+01 5.032391e+00 1.676353e+01 3.147144e-01
3.162278e-04 1.591190e+01 5.021365e+00 1.668540e+01 3.155730e-01
3.235937e-04 1.583384e+01 5.009894e+00 1.660752e+01 3.164042e-01
3.311311e-04 1.575622e+01 4.997991e+00 1.652993e+01 3.172075e-01
3.388442e-04 1.567907e+01 4.985673e+00 1.645266e+01 3.179827e-01
3.467369e-04 1.560242e+01 4.972957e+00 1.637577e+01 3.187299e-01
3.548134e-04 1.552631e+01 4.959868e+00 1.629928e+01 3.194493e-01
3.630781e-04 1.545077e+01 4.946428e+00 1.622323e+01 3.201413e-01
3.715352e-04 1.537583e+01 4.932668e+00 1.614767e+01 3.208067e-01
3.801894e-04 1.530152e+01 4.918617e+00 1.607263e+01 3.214463e-01
3.890451e-04 1.522788e+01 4.904309e+00 1.599814e+01 3.220613e-01
3.981072e-04 1.515491e+01 4.889780e+00 1.592424e+01 3.226531e-01
4.073803e-04 1.508266e+01 4.875067e+00 1.585096e+01 3.232233e-01
4.168694e-04 1.501113e+01 4.860210e+00 1.577833e+01 3.237737e-01
4.265795e-04 1.494035e+01 4.845250e+00 1.570638e+01 3.243063e-01
4.365158e-04 1.487033e+01 4.830231e+00 1.563514e+01 3.248235e-01
4.466836e-04 1.480107e+01 4.815196e+00 1.556463e+01 3.253275e-01
4.570882e-04 1.473260e+01 4.800190e+00 1.549488e+01 3.258210e-01
4.677351e-04 1.466490e+01 4.785258e+00 1.542589e+01 3.263068e-01
4.786301e-04 1.459800e+01 4.770448e+00 1.535769e+01 3.267879e-01
4.897788e-04 1.453187e+01 4.755806e+00 1.529029e+01 3.272672e-01
5.011872e-04 1.446653e+01 4.741377e+00 1.522370e+01 3.277480e-01
5.128614e-04 1.440196e+01 4.727209e+00 1.515793e+01 3.282337e-01
5.248075e-04 1.433815e+01 4.713346e+00 1.509299e+01 3.287276e-01
5.370318e-04 1.427509e+01 4.699834e+00 1.502886e+01 3.292332e-01
5.495409e-04 1.421276e+01 4.686717e+00 1.496556e+01 3.297542e-01
5.623413e-04 1.415114e+01 4.674039e+00 1.490307e+01 3.302941e-01
5.754399e-04 1.409022e+01 4.661840e+00 1.484139e+01 3.308565e-01
5.888437e-04 1.402996e+01 4.650162e+00 1.478052e+01 3.314452e-01
6.025596e-04 1.397033e+01 4.639043e+00 1.472043e+01 3.320639e-01
6.165950e-04 1.391132e+01 4.628521e+00 1.466111e+01 3.327161e-01
6.309573e-04 1.385289e+01 4.618631e+00 1.460254e+01 3.334056e-01
6.456542e-04 1.379500e+01 4.609405e+00 1.454471e+01 3.341360e-01
6.606934e-04 1.373761e+01 4.600876e+00 1.448758e+01 3.349108e-01
6.760830e-04 1.368070e+01 4.593072e+00 1.443115e+01 3.357336e-01
6.918310e-04 1.362422e+01 4.586020e+00 1.437536e+01 3.366078e-01
7.079458e-04 1.356814e+01 4.579745e+00 1.432021e+01 3.375367e-01
7.244360e-04 1.351240e+01 4.574267e+00 1.426565e+01 3.385237e-01
7.413102e-04 1.345697e+01 4.569608e+00 1.421166e+01 3.395718e-01
7.585776e-04 1.340181e+01 4.565784e+00 1.415820e+01 3.406842e-01
7.762471e-04 1.334686e+01 4.562809e+00 1.410524e+01 3.418639e-01
7.943282e-04 1.329208e+01 4.560695e+00 1.405274e+01 3.431136e-01
8.128305e-04 1.323744e+01 4.559452e+00 1.400066e+01 3.444361e-01
8.317638e-04 1.318287e+01 4.559087e+00 1.394896e+01 3.458340e-01
8.511380e-04 1.312835e+01 4.559603e+00 1.389761e+01 3.473098e-01
8.709636e-04 1.307381e+01 4.561004e+00 1.384656e+01 3.488658e-01
8.912509e-04 1.301921e+01 4.563287e+00 1.379578e+01 3.505041e-01
9.120108e-04 1.296451e+01 4.566449e+00 1.374522e+01 3.522269e-01
9.332543e-04 1.290966e+01 4.570486e+00 1.369484e+01 3.540360e-01
9.549926e-04 1.285462e+01 4.575388e+00 1.364461e+01 3.559333e-01
9.772372e-04 1.279934e+01 4.581146e+00 1.359449e+01 3.579205e-01
1.000000e-03 1.274378e+01 4.587747e+00 1.354442e+01 3.599989e-01
1.023293e-03 1.268789e+01 4.595176e+00 1.349438e+01 3.621702e-01
1.047129e-03 1.263164e+01 4.603416e+00 1.344432e+01 3.644354e-01
1.071519e-03 1.257498e+01 4.612447e+00 1.339420e+01 3.667957e-01
1.096478e-03 1.251787e+01 4.622250e+00 1.334400e+01 3.692522e-01
1.122018e-03 1.246027e+01 4.632800e+00 1.329365e+01 3.718056e-01
1.148154e-03 1.240215e+01 4.644073e+00 1.324314e+01 3.744569e-01
1.174898e-03 1.234348e+01 4.656042e+00 1.319243e+01 3.772066e-01
1.202264e-03 1.228421e+01 4.668679e+00 1.314147e+01 3.800553e-01
1.230269e-03 1.222431e+01 4.681955e+00 1.309025e+01 3.830035e-01
1.258925e-03 1.216376e+01 4.695838e+00 1.303871e+01 3.860514e-01
1.288250e-03 1.210253e+01 4.710296e+00 1.298684e+01 3.891993e-01
1.318257e-03 1.204058e+01 4.725294e+00 1.293460e+01 3.924474e-01
1.348963e-03 1.197789e+01 4.740799e+00 1.288197e+01 3.957958e-01
1.380384e-03 1.191444e+01 4.756774e+00 1.282890e+01 3.992444e-01
1.412538e-03 1.185020e+01 4.773182e+00 1.277539e+01 4.027932e-01
1.445440e-03 1.178516e+01 4.789986e+00 1.272140e+01 4.064420e-01
1.479108e-03 1.171930e+01 4.807147e+00 1.266691e+01 4.101906e-01
1.513561e-03 1.165260e+01 4.824626e+00 1.261190e+01 4.140387e-01
1.548817e-03 1.158504e+01 4.842384e+00 1.255635e+01 4.179860e-01
1.584893e-03 1.151662e+01 4.860381e+00 1.250023e+01 4.220320e-01
1.621810e-03 1.144731e+01 4.878575e+00 1.244353e+01 4.261765e-01
1.659587e-03 1.137712e+01 4.896928e+00 1.238623e+01 4.304189e-01
1.698244e-03 1.130604e+01 4.915397e+00 1.232833e+01 4.347586e-01
1.737801e-03 1.123405e+01 4.933943e+00 1.226979e+01 4.391952e-01
1.778279e-03 1.116117e+01 4.952523e+00 1.221062e+01 4.437281e-01
1.819701e-03 1.108738e+01 4.971099e+00 1.215079e+01 4.483566e-01
1.862087e-03 1.101268e+01 4.989627e+00 1.209031e+01 4.530802e-01
1.905461e-03 1.093708e+01 5.008070e+00 1.202915e+01 4.578982e-01
1.949845e-03 1.086058e+01 5.026385e+00 1.196732e+01 4.628099e-01
1.995262e-03 1.078319e+01 5.044534e+00 1.190481e+01 4.678147e-01
2.041738e-03 1.070491e+01 5.062476e+00 1.184161e+01 4.729117e-01
2.089296e-03 1.062575e+01 5.080173e+00 1.177772e+01 4.781004e-01
2.137962e-03 1.054571e+01 5.097587e+00 1.171313e+01 4.833800e-01
2.187762e-03 1.046482e+01 5.114679e+00 1.164785e+01 4.887497e-01
2.238721e-03 1.038309e+01 5.131413e+00 1.158188e+01 4.942088e-01
2.290868e-03 1.030052e+01 5.147750e+00 1.151521e+01 4.997564e-01
2.344229e-03 1.021713e+01 5.163656e+00 1.144785e+01 5.053918e-01
2.398833e-03 1.013295e+01 5.179095e+00 1.137979e+01 5.111142e-01
2.454709e-03 1.004799e+01 5.194032e+00 1.131106e+01 5.169227e-01
2.511886e-03 9.962259e+00 5.208434e+00 1.124164e+01 5.228165e-01
2.570396e-03 9.875793e+00 5.222268e+00 1.117154e+01 5.287948e-01
2.630268e-03 9.788608e+00 5.235502e+00 1.110078e+01 5.348567e-01
2.691535e-03 9.700728e+00 5.248105e+00 1.102936e+01 5.410012e-01
2.754229e-03 9.612178e+00 5.260047e+00 1.095728e+01 5.472274e-01
2.818383e-03 9.522983e+00 5.271300e+00 1.088457e+01 5.535345e-01
2.884032e-03 9.433169e+00 5.281834e+00 1.081122e+01 5.599215e-01
2.951209e-03 9.342764e+00 5.291624e+00 1.073725e+01 5.663874e-01
3.019952e-03 9.251798e+00 5.300644e+00 1.066267e+01 5.729312e-01
3.090295e-03 9.160300e+00 5.308869e+00 1.058750e+01 5.795519e-01
3.162278e-03 9.068299e+00 5.316277e+00 1.051175e+01 5.862485e-01
3.235937e-03 8.975828e+00 5.322845e+00 1.043543e+01 5.930199e-01
3.311311e-03 8.882919e+00 5.328553e+00 1.035856e+01 5.998651e-01
3.388442e-03 8.789604e+00 5.333382e+00 1.028115e+01 6.067830e-01
3.467369e-03 8.695916e+00 5.337314e+00 1.020323e+01 6.137725e-01
3.548134e-03 8.601891e+00 5.340333e+00 1.012481e+01 6.208325e-01
3.630781e-03 8.507561e+00 5.342424e+00 1.004590e+01 6.279619e-01
3.715352e-03 8.412963e+00 5.343574e+00 9.966530e+00 6.351596e-01
3.801894e-03 8.318131e+00 5.343771e+00 9.886717e+00 6.424245e-01
3.890451e-03 8.223100e+00 5.343003e+00 9.806480e+00 6.497554e-01
3.981072e-03 8.127906e+00 5.341264e+00 9.725840e+00 6.571512e-01
4.073803e-03 8.032585e+00 5.338544e+00 9.644816e+00 6.646109e-01
4.168694e-03 7.937173e+00 5.334838e+00 9.563431e+00 6.721333e-01
4.265795e-03 7.841704e+00 5.330142e+00 9.481706e+00 6.797173e-01
4.365158e-03 7.746215e+00 5.324453e+00 9.399662e+00 6.873619e-01
4.466836e-03 7.650740e+00 5.317768e+00 9.317321e+00 6.950659e-01
4.570882e-03 7.555313e+00 5.310088e+00 9.234706e+00 7.028283e-01
4.677351e-03 7.459970e+00 5.301414e+00 9.151838e+00 7.106482e-01
4.786301e-03 7.364744e+00 5.291748e+00 9.068740e+00 7.185244e-01
4.897788e-03 7.269668e+00 5.281093e+00 8.985434e+00 7.264559e-01
5.011872e-03 7.174775e+00 5.269455e+00 8.901941e+00 7.344419e-01
5.128614e-03 7.080097e+00 5.256839e+00 8.818284e+00 7.424812e-01
5.248075e-03 6.985665e+00 5.243251e+00 8.734483e+00 7.505730e-01
5.370318e-03 6.891509e+00 5.228701e+00 8.650561e+00 7.587164e-01
5.495409e-03 6.797660e+00 5.213195e+00 8.566538e+00 7.669102e-01
5.623413e-03 6.704146e+00 5.196743e+00 8.482435e+00 7.751537e-01
5.754399e-03 6.610995e+00 5.179357e+00 8.398273e+00 7.834459e-01
5.888437e-03 6.518235e+00 5.161045e+00 8.314071e+00 7.917857e-01
6.025596e-03 6.425892e+00 5.141820e+00 8.229848e+00 8.001722e-01
6.165950e-03 6.333992e+00 5.121693e+00 8.145625e+00 8.086043e-01
6.309573e-03 6.242561e+00 5.100677e+00 8.061419e+00 8.170810e-01
6.456542e-03 6.151621e+00 5.078784e+00 7.977248e+00 8.256010e-01
6.606934e-03 6.061196e+00 5.056028e+00 7.893131e+00 8.341633e-01
6.760830e-03 5.971311e+00 5.032420e+00 7.809085e+00 8.427665e-01
6.918310e-03 5.881985e+00 5.007976e+00 7.725126e+00 8.514091e-01
7.079458e-03 5.793241e+00 4.982707e+00 7.641271e+00 8.600898e-01
7.244360e-03 5.705100e+00 4.956629e+00 7.557535e+00 8.688067e-01
7.413102e-03 5.617582e+00 4.929755e+00 7.473936e+00 8.775581e-01
7.585776e-03 5.530708e+00 4.902099e+00 7.390487e+00 8.863421e-01
7.762471e-03 5.444496e+00 4.873675e+00 7.307205e+00 8.951564e-01
7.943282e-03 5.358965e+00 4.844498e+00 7.224103e+00 9.039987e-01
8.128305e-03 5.274135e+00 4.814581e+00 7.141197e+00 9.128665e-01
8.317638e-03 5.190024e+00 4.783940e+00 7.058501e+00 9.217570e-01
8.511380e-03 5.106649e+00 4.752590e+00 6.976029e+00 9.306669e-01
8.709636e-03 5.024030e+00 4.720544e+00 6.893795e+00 9.395932e-01
8.912509e-03 4.942183e+00 4.687819e+00 6.811814e+00 9.485321e-01
9.120108e-03 4.861125e+00 4.654429e+00 6.730100e+00 9.574797e-01
9.332543e-03 4.780875e+00 4.620390e+00 6.648667e+00 9.664318e-01
9.549926e-03 4.701450e+00 4.585719e+00 6.567530e+00 9.753839e-01
9.772372e-03 4.622865e+00 4.550431e+00 6.486702e+00 9.843312e-01
1.000000e-02 4.545139e+00 4.514543e+00 6.406199e+00 9.932684e-01
1.023293e-02 4.468287e+00 4.478073e+00 6.326036e+00 1.002190e+00
1.047129e-02 4.392326e+00 4.441038e+00 6.246226e+00 1.011090e+00
1.071519e-02 4.317271e+00 4.403456e+00 6.166786e+00 1.019963e+00
1.096478e-02 4.243138e+00 4.365347e+00 6.087732e+00 1.028801e+00
1.122018e-02 4.169944e+00 4.326729e+00 6.009077e+00 1.037599e+00
1.148154e-02 4.097701e+00 4.287622e+00 5.930840e+00 1.046348e+00
1.174898e-02 4.026426e+00 4.248048e+00 5.853035e+00 1.055042e+00
1.202264e-02 3.956132e+00 4.208026e+00 5.775679e+00 1.063672e+00
1.230269e-02 3.886833e+00 4.167579e+00 5.698788e+00 1.072230e+00
1.258925e-02 3.818541e+00 4.126730e+00 5.622380e+00 1.080709e+00
1.288250e-02 3.751269e+00 4.085501e+00 5.546471e+00 1.089099e+00
1.318257e-02 3.685027e+00 4.043917e+00 5.471077e+00 1.097391e+00
1.348963e-02 3.619828e+00 4.002001e+00 5.396217e+00 1.105578e+00
1.380384e-02 3.555680e+00 3.959778e+00 5.321907e+00 1.113649e+00
1.412538e-02 3.492592e+00 3.917274e+00 5.248165e+00 1.121595e+00
1.445440e-02 3.430573e+00 3.874514e+00 5.175006e+00 1.129407e+00
1.479108e-02 3.369629e+00 3.831526e+00 5.102449e+00 1.137077e+00
1.513561e-02 3.309766e+00 3.788335e+00 5.030510e+00 1.144593e+00
1.548817e-02 3.250989e+00 3.744968e+00 4.959205e+00 1.151947e+00
1.584893e-02 3.193301e+00 3.701454e+00 4.888551e+00 1.159131e+00
1.621810e-02 3.136706e+00 3.657818e+00 4.818564e+00 1.166134e+00
1.659587e-02 3.081203e+00 3.614089e+00 4.749258e+00 1.172947e+00
1.698244e-02 3.026794e+00 3.570295e+00 4.680650e+00 1.179563e+00
1.737801e-02 2.973477e+00 3.526462e+00 4.612754e+00 1.185973e+00
1.778279e-02 2.921249e+00 3.482619e+00 4.545584e+00 1.192168e+00
1.819701e-02 2.870108e+00 3.438792e+00 4.479153e+00 1.198141e+00
1.862087e-02 2.820047e+00 3.395009e+00 4.413474e+00 1.203884e+00
1.905461e-02 2.771063e+00 3.351297e+00 4.348560e+00 1.209390e+00
1.949845e-02 2.723146e+00 3.307680e+00 4.284422e+00 1.214654e+00
1.995262e-02 2.676289e+00 3.264186e+00 4.221070e+00 1.219669e+00
2.041738e-02 2.630482e+00 3.220840e+00 4.158515e+00 1.224430e+00
2.089296e-02 2.585715e+00 3.177666e+00 4.096765e+00 1.228931e+00
2.137962e-02 2.541976e+00 3.134688e+00 4.035829e+00 1.233170e+00
2.187762e-02 2.499254e+00 3.091930e+00 3.975714e+00 1.237141e+00
2.238721e-02 2.457533e+00 3.049414e+00 3.916426e+00 1.240843e+00
2.290868e-02 2.416801e+00 3.007161e+00 3.857972e+00 1.244273e+00
2.344229e-02 2.377042e+00 2.965193e+00 3.800355e+00 1.247430e+00
2.398833e-02 2.338240e+00 2.923530e+00 3.743580e+00 1.250312e+00
2.454709e-02 2.300379e+00 2.882190e+00 3.687650e+00 1.252920e+00
2.511886e-02 2.263441e+00 2.841191e+00 3.632566e+00 1.255253e+00
2.570396e-02 2.227409e+00 2.800551e+00 3.578329e+00 1.257314e+00
2.630268e-02 2.192265e+00 2.760286e+00 3.524940e+00 1.259103e+00
2.691535e-02 2.157989e+00 2.720411e+00 3.472399e+00 1.260623e+00
2.754229e-02 2.124564e+00 2.680940e+00 3.420703e+00 1.261878e+00
2.818383e-02 2.091968e+00 2.641886e+00 3.369851e+00 1.262871e+00
2.884032e-02 2.060184e+00 2.603262e+00 3.319839e+00 1.263606e+00
2.951209e-02 2.029191e+00 2.565078e+00 3.270664e+00 1.264089e+00
3.019952e-02 1.998970e+00 2.527345e+00 3.222321e+00 1.264324e+00
3.090295e-02 1.969499e+00 2.490072e+00 3.174805e+00 1.264317e+00
3.162278e-02 1.940760e+00 2.453267e+00 3.128109e+00 1.264075e+00
3.235937e-02 1.912732e+00 2.416937e+00 3.082228e+00 1.263605e+00
3.311311e-02 1.885396e+00 2.381090e+00 3.037155e+00 1.262913e+00
3.388442e-02 1.858731e+00 2.345731e+00 2.992880e+00 1.262007e+00
3.467369e-02 1.832717e+00 2.310864e+00 2.949398e+00 1.260895e+00
3.548134e-02 1.807336e+00 2.276494e+00 2.906697e+00 1.259585e+00
3.630781e-02 1.782568e+00 2.242623e+00 2.864770e+00 1.258086e+00
3.715352e-02 1.758394e+00 2.209255e+00 2.823607e+00 1.256405e+00
3.801894e-02 1.734795e+00 2.176391e+00 2.783198e+00 1.254552e+00
3.890451e-02 1.711754e+00 2.144032e+00 2.743533e+00 1.252535e+00
3.981072e-02 1.689250e+00 2.112179e+00 2.704601e+00 1.250364e+00
4.073803e-02 1.667268e+00 2.080830e+00 2.666390e+00 1.248048e+00
4.168694e-02 1.645789e+00 2.049987e+00 2.628891e+00 1.245595e+00
4.265795e-02 1.624797e+00 2.019647e+00 2.592092e+00 1.243015e+00
4.365158e-02 1.604274e+00 1.989809e+00 2.555980e+00 1.240317e+00
4.466836e-02 1.584205e+00 1.960470e+00 2.520545e+00 1.237510e+00
4.570882e-02 1.564574e+00 1.931628e+00 2.485775e+00 1.234603e+00
4.677351e-02 1.545365e+00 1.903280e+00 2.451658e+00 1.231606e+00
4.786301e-02 1.526563e+00 1.875422e+00 2.418182e+00 1.228526e+00
4.897788e-02 1.508153e+00 1.848051e+00 2.385334e+00 1.225373e+00
5.011872e-02 1.490122e+00 1.821162e+00 2.353103e+00 1.222156e+00
5.128614e-02 1.472455e+00 1.794751e+00 2.321477e+00 1.218883e+00
5.248075e-02 1.455139e+00 1.768813e+00 2.290443e+00 1.215563e+00
5.370318e-02 1.438161e+00 1.743344e+00 2.259990e+00 1.212203e+00
5.495409e-02 1.421508e+00 1.718338e+00 2.230105e+00 1.208813e+00
5.623413e-02 1.405168e+00 1.693790e+00 2.200777e+00 1.205400e+00
5.754399e-02 1.389129e+00 1.669694e+00 2.171994e+00 1.201972e+00
5.888437e-02 1.373379e+00 1.646045e+00 2.143743e+00 1.198536e+00
6.025596e-02 1.357907e+00 1.622836e+00 2.116013e+00 1.195101e+00
6.165950e-02 1.342703e+00 1.600063e+00 2.088792e+00 1.191673e+00
6.309573e-02 1.327755e+00 1.577718e+00 2.062069e+00 1.188260e+00
6.456542e-02 1.313053e+00 1.555796e+00 2.035831e+00 1.184868e+00
6.606934e-02 1.298589e+00 1.534289e+00 2.010069e+00 1.181505e+00
6.760830e-02 1.284351e+00 1.513192e+00 1.984769e+00 1.178176e+00
6.918310e-02 1.270331e+00 1.492498e+00 1.959922e+00 1.174889e+00
7.079458e-02 1.256521e+00 1.472201e+00 1.935516e+00 1.171649e+00
7.244360e-02 1.242910e+00 1.452294e+00 1.911539e+00 1.168462e+00
7.413102e-02 1.229491e+00 1.432769e+00 1.887982e+00 1.165335e+00
7.585776e-02 1.216256e+00 1.413621e+00 1.864833e+00 1.162272e+00
7.762471e-02 1.203198e+00 1.394842e+00 1.842082e+00 1.159279e+00
7.943282e-02 1.190307e+00 1.376425e+00 1.819719e+00 1.156361e+00
8.128305e-02 1.177578e+00 1.358364e+00 1.797733e+00 1.153524e+00
8.317638e-02 1.165003e+00 1.340652e+00 1.776114e+00 1.150771e+00
8.511380e-02 1.152576e+00 1.323281e+00 1.754851e+00 1.148108e+00
8.709636e-02 1.140289e+00 1.306244e+00 1.733936e+00 1.145538e+00
8.912509e-02 1.128138e+00 1.289535e+00 1.713358e+00 1.143066e+00
9.120108e-02 1.116115e+00 1.273147e+00 1.693108e+00 1.140695e+00
9.332543e-02 1.104216e+00 1.257072e+00 1.673177e+00 1.138429e+00
9.549926e-02 1.092434e+00 1.241303e+00 1.653555e+00 1.136272e+00
9.772372e-02 1.080765e+00 1.225833e+00 1.634234e+00 1.134227e+00
1.000000e-01 1.069203e+00 1.210655e+00 1.615203e+00 1.132296e+00
1.023293e-01 1.057745e+00 1.195762e+00 1.596456e+00 1.130483e+00
1.047129e-01 1.046385e+00 1.181148e+00 1.577983e+00 1.128789e+00
1.071519e-01 1.035119e+00 1.166804e+00 1.559776e+00 1.127218e+00
1.096478e-01 1.023943e+00 1.152724e+00 1.541827e+00 1.125770e+00
1.122018e-01 1.012853e+00 1.138901e+00 1.524128e+00 1.124448e+00
1.148154e-01 1.001847e+00 1.125328e+00 1.506672e+00 1.123254e+00
1.174898e-01 9.909203e-01 1.111999e+00 1.489451e+00 1.122188e+00
1.202264e-01 9.800702e-01 1.098906e+00 1.472458e+00 1.121252e+00
1.230269e-01 9.692940e-01 1.086042e+00 1.455685e+00 1.120447e+00
1.258925e-01 9.585890e-01 1.073402e+00 1.439126e+00 1.119773e+00
1.288250e-01 9.479529e-01 1.060978e+00 1.422775e+00 1.119230e+00
1.318257e-01 9.373835e-01 1.048764e+00 1.406625e+00 1.118820e+00
1.348963e-01 9.268788e-01 1.036753e+00 1.390669e+00 1.118542e+00
1.380384e-01 9.164371e-01 1.024940e+00 1.374903e+00 1.118396e+00
1.412538e-01 9.060569e-01 1.013318e+00 1.359320e+00 1.118382e+00
1.445440e-01 8.957367e-01 1.001880e+00 1.343915e+00 1.118499e+00
1.479108e-01 8.854755e-01 9.906219e-01 1.328683e+00 1.118746e+00
1.513561e-01 8.752723e-01 9.795366e-01 1.313618e+00 1.119122e+00
1.548817e-01 8.651262e-01 9.686187e-01 1.298717e+00 1.119627e+00
1.584893e-01 8.550366e-01 9.578626e-01 1.283974e+00 1.120259e+00
1.621810e-01 8.450030e-01 9.472628e-01 1.269384e+00 1.121017e+00
1.659587e-01 8.350252e-01 9.368140e-01 1.254945e+00 1.121899e+00
1.698244e-01 8.251028e-01 9.265111e-01 1.240652e+00 1.122904e+00
1.737801e-01 8.152359e-01 9.163491e-01 1.226501e+00 1.124029e+00
1.778279e-01 8.054246e-01 9.063231e-01 1.212489e+00 1.125274e+00
1.819701e-01 7.956691e-01 8.964283e-01 1.198613e+00 1.126635e+00
1.862087e-01 7.859696e-01 8.866603e-01 1.184869e+00 1.128110e+00
1.905461e-01 7.763267e-01 8.770147e-01 1.171255e+00 1.129698e+00
1.949845e-01 7.667408e-01 8.674871e-01 1.157767e+00 1.131396e+00
1.995262e-01 7.572126e-01 8.580736e-01 1.144404e+00 1.133200e+00
2.041738e-01 7.477428e-01 8.487703e-01 1.131163e+00 1.135110e+00
2.089296e-01 7.383321e-01 8.395733e-01 1.118042e+00 1.137121e+00
2.137962e-01 7.289815e-01 8.304791e-01 1.105038e+00 1.139232e+00
2.187762e-01 7.196917e-01 8.214842e-01 1.092150e+00 1.141439e+00
2.238721e-01 7.104639e-01 8.125855e-01 1.079377e+00 1.143739e+00
2.290868e-01 7.012990e-01 8.037797e-01 1.066716e+00 1.146130e+00
2.344229e-01 6.921980e-01 7.950639e-01 1.054165e+00 1.148608e+00
2.398833e-01 6.831621e-01 7.864354e-01 1.041725e+00 1.151169e+00
2.454709e-01 6.741924e-01 7.778914e-01 1.029393e+00 1.153812e+00
2.511886e-01 6.652901e-01 7.694295e-01 1.017169e+00 1.156532e+00
2.570396e-01 6.564562e-01 7.610474e-01 1.005051e+00 1.159327e+00
2.630268e-01 6.476921e-01 7.527427e-01 9.930391e-01 1.162192e+00
2.691535e-01 6.389988e-01 7.445136e-01 9.811320e-01 1.165125e+00
2.754229e-01 6.303776e-01 7.363581e-01 9.693292e-01 1.168122e+00
2.818383e-01 6.218297e-01 7.282743e-01 9.576302e-01 1.171180e+00
2.884032e-01 6.133561e-01 7.202608e-01 9.460346e-01 1.174295e+00
2.951209e-01 6.049582e-01 7.123160e-01 9.345419e-01 1.177463e+00
3.019952e-01 5.966369e-01 7.044386e-01 9.231518e-01 1.180682e+00
3.090295e-01 5.883934e-01 6.966273e-01 9.118642e-01 1.183948e+00
3.162278e-01 5.802289e-01 6.888810e-01 9.006789e-01 1.187257e+00
3.235937e-01 5.721443e-01 6.811988e-01 8.895959e-01 1.190607e+00
3.311311e-01 5.641406e-01 6.735798e-01 8.786150e-01 1.193993e+00
3.388442e-01 5.562188e-01 6.660233e-01 8.677364e-01 1.197412e+00
3.467369e-01 5.483799e-01 6.585286e-01 8.569600e-01 1.200862e+00
3.548134e-01 5.406246e-01 6.510953e-01 8.462860e-01 1.204339e+00
3.630781e-01 5.329537e-01 6.437230e-01 8.357146e-01 1.207840e+00
3.715352e-01 5.253680e-01 6.364112e-01 8.252459e-01 1.211363e+00
3.801894e-01 5.178682e-01 6.291599e-01 8.148801e-01 1.214904e+00
3.890451e-01 5.104548e-01 6.219688e-01 8.046175e-01 1.218460e+00
3.981072e-01 5.031283e-01 6.148380e-01 7.944582e-01 1.222030e+00
4.073803e-01 4.958892e-01 6.077674e-01 7.844026e-01 1.225611e+00
4.168694e-01 4.887379e-01 6.007572e-01 7.744508e-01 1.229201e+00
4.265795e-01 4.816746e-01 5.938076e-01 7.646031e-01 1.232798e+00
4.365158e-01 4.746995e-01 5.869187e-01 7.548597e-01 1.236401e+00
4.466836e-01 4.678127e-01 5.800908e-01 7.452208e-01 1.240007e+00
4.570882e-01 4.610142e-01 5.733243e-01 7.356867e-01 1.243615e+00
4.677351e-01 4.543040e-01 5.666196e-01 7.262574e-01 1.247226e+00
4.786301e-01 4.476818e-01 5.599770e-01 7.169332e-01 1.250837e+00
4.897788e-01 4.411475e-01 5.533969e-01 7.077141e-01 1.254449e+00
5.011872e-01 4.347006e-01 5.468798e-01 6.986001e-01 1.258061e+00
5.128614e-01 4.283408e-01 5.404262e-01 6.895914e-01 1.261673e+00
5.248075e-01 4.220675e-01 5.340364e-01 6.806878e-01 1.265287e+00
5.370318e-01 4.158801e-01 5.277110e-01 6.718892e-01 1.268902e+00
5.495409e-01 4.097779e-01 5.214504e-01 6.631956e-01 1.272520e+00
5.623413e-01 4.037601e-01 5.152550e-01 6.546067e-01 1.276141e+00
5.754399e-01 3.978260e-01 5.091253e-01 6.461223e-01 1.279769e+00
5.888437e-01 3.919745e-01 5.030616e-01 6.377421e-01 1.283404e+00
6.025596e-01 3.862047e-01 4.970643e-01 6.294656e-01 1.287049e+00
6.165950e-01 3.805155e-01 4.911337e-01 6.212925e-01 1.290706e+00
6.309573e-01 3.749059e-01 4.852702e-01 6.132223e-01 1.294379e+00
6.456542e-01 3.693746e-01 4.794738e-01 6.052543e-01 1.298069e+00
6.606934e-01 3.639204e-01 4.737450e-01 5.973879e-01 1.301782e+00
6.760830e-01 3.585421e-01 4.680837e-01 5.896226e-01 1.305520e+00
6.918310e-01 3.532383e-01 4.624902e-01 5.819574e-01 1.309287e+00
7.079458e-01 3.480077e-01 4.569644e-01 5.743917e-01 1.313087e+00
7.244360e-01 3.428490e-01 4.515064e-01 5.669245e-01 1.316925e+00
7.413102e-01 3.377607e-01 4.461161e-01 5.595550e-01 1.320805e+00
7.585776e-01 3.327414e-01 4.407933e-01 5.522822e-01 1.324732e+00
7.762471e-01 3.277897e-01 4.355380e-01 5.451050e-01 1.328712e+00
7.943282e-01 3.229042e-01 4.303499e-01 5.380225e-01 1.332748e+00
8.128305e-01 3.180834e-01 4.252287e-01 5.310334e-01 1.336847e+00
8.317638e-01 3.133258e-01 4.201741e-01 5.241368e-01 1.341013e+00
8.511380e-01 3.086300e-01 4.151858e-01 5.173313e-01 1.345254e+00
8.709636e-01 3.039947e-01 4.102632e-01 5.106159e-01 1.349574e+00
8.912509e-01 2.994182e-01 4.054059e-01 5.039893e-01 1.353979e+00
9.120108e-01 2.948993e-01 4.006134e-01 4.974502e-01 1.358475e+00
9.332543e-01 2.904365e-01 3.958851e-01 4.909973e-01 1.363070e+00
9.549926e-01 2.860284e-01 3.912205e-01 4.846295e-01 1.367768e+00
9.772372e-01 2.816738e-01 3.866188e-01 4.783453e-01 1.372577e+00
1.000000e+00 2.773711e-01 3.820794e-01 4.721434e-01 1.377502e+00
1.023293e+00 2.731192e-01 3.776015e-01 4.660226e-01 1.382552e+00
1.047129e+00 2.689168e-01 3.731845e-01 4.599814e-01 1.387732e+00
1.071519e+00 2.647625e-01 3.688275e-01 4.540186e-01 1.393050e+00
1.096478e+00 2.606552e-01 3.645297e-01 4.481328e-01 1.398513e+00
1.122018e+00 2.565936e-01 3.602903e-01 4.423227e-01 1.404128e+00
1.148154e+00 2.525765e-01 3.561084e-01 4.365868e-01 1.409903e+00
1.174898e+00 2.486028e-01 3.519831e-01 4.309240e-01 1.415845e+00
1.202264e+00 2.446714e-01 3.479136e-01 4.253328e-01 1.421962e+00
1.230269e+00 2.407812e-01 3.438989e-01 4.198119e-01 1.428263e+00
1.258925e+00 2.369311e-01 3.399380e-01 4.143600e-01 1.434755e+00
1.288250e+00 2.331200e-01 3.360300e-01 4.089757e-01 1.441446e+00
1.318257e+00 2.293470e-01 3.321740e-01 4.036578e-01 1.448347e+00
1.348963e+00 2.256111e-01 3.283689e-01 3.984049e-01 1.455464e+00
1.380384e+00 2.219113e-01 3.246136e-01 3.932157e-01 1.462808e+00
1.412538e+00 2.182466e-01 3.209073e-01 3.880890e-01 1.470388e+00
1.445440e+00 2.146163e-01 3.172487e-01 3.830234e-01 1.478214e+00
1.479108e+00 2.110194e-01 3.136370e-01 3.780176e-01 1.486295e+00
1.513561e+00 2.074551e-01 3.100709e-01 3.730705e-01 1.494641e+00
1.548817e+00 2.039226e-01 3.065495e-01 3.681806e-01 1.503264e+00
1.584893e+00 2.004211e-01 3.030715e-01 3.633469e-01 1.512174e+00
1.621810e+00 1.969499e-01 2.996359e-01 3.585679e-01 1.521382e+00
1.659587e+00 1.935083e-01 2.962416e-01 3.538425e-01 1.530899e+00
1.698244e+00 1.900956e-01 2.928873e-01 3.491694e-01 1.540737e+00
1.737801e+00 1.867112e-01 2.895720e-01 3.445475e-01 1.550909e+00
1.778279e+00 1.833545e-01 2.862944e-01 3.399755e-01 1.561426e+00
1.819701e+00 1.800249e-01 2.830535e-01 3.354523e-01 1.572302e+00
1.862087e+00 1.767220e-01 2.798479e-01 3.309766e-01 1.583549e+00
1.905461e+00 1.734453e-01 2.766765e-01 3.265474e-01 1.595181e+00
1.949845e+00 1.701943e-01 2.735382e-01 3.221634e-01 1.607211e+00
1.995262e+00 1.669688e-01 2.704315e-01 3.178235e-01 1.619654e+00
2.041738e+00 1.637683e-01 2.673555e-01 3.135267e-01 1.632523e+00
2.089296e+00 1.605925e-01 2.643088e-01 3.092719e-01 1.645835e+00
2.137962e+00 1.574414e-01 2.612902e-01 3.050580e-01 1.659603e+00
2.187762e+00 1.543147e-01 2.582986e-01 3.008840e-01 1.673843e+00
2.238721e+00 1.512122e-01 2.553327e-01 2.967489e-01 1.688572e+00
2.290868e+00 1.481340e-01 2.523914e-01 2.926518e-01 1.703804e+00
2.344229e+00 1.450800e-01 2.494733e-01 2.885917e-01 1.719557e+00
2.398833e+00 1.420502e-01 2.465775e-01 2.845677e-01 1.735848e+00
2.454709e+00 1.390448e-01 2.437028e-01 2.805789e-01 1.752692e+00
2.511886e+00 1.360639e-01 2.408480e-01 2.766246e-01 1.770109e+00
2.570396e+00 1.331078e-01 2.380121e-01 2.727039e-01 1.788115e+00
2.630268e+00 1.301766e-01 2.351939e-01 2.688162e-01 1.806729e+00
2.691535e+00 1.272707e-01 2.323926e-01 2.649607e-01 1.825970e+00
2.754229e+00 1.243905e-01 2.296070e-01 2.611367e-01 1.845856e+00
2.818383e+00 1.215364e-01 2.268363e-01 2.573438e-01 1.866406e+00
2.884032e+00 1.187089e-01 2.240796e-01 2.535813e-01 1.887640e+00
2.951209e+00 1.159083e-01 2.213360e-01 2.498487e-01 1.909578e+00
3.019952e+00 1.131354e-01 2.186047e-01 2.461455e-01 1.932239e+00
3.090295e+00 1.103907e-01 2.158850e-01 2.424715e-01 1.955645e+00
3.162278e+00 1.076747e-01 2.131762e-01 2.388262e-01 1.979817e+00
3.235937e+00 1.049882e-01 2.104777e-01 2.352093e-01 2.004775e+00
3.311311e+00 1.023319e-01 2.077890e-01 2.316205e-01 2.030541e+00
3.388442e+00 9.970631e-02 2.051095e-01 2.280598e-01 2.057137e+00
3.467369e+00 9.711231e-02 2.024389e-01 2.245268e-01 2.084585e+00
3.548134e+00 9.455058e-02 1.997767e-01 2.210216e-01 2.112908e+00
3.630781e+00 9.202187e-02 1.971227e-01 2.175440e-01 2.142129e+00
3.715352e+00 8.952692e-02 1.944768e-01 2.140941e-01 2.172272e+00
3.801894e+00 8.706647e-02 1.918387e-01 2.106719e-01 2.203359e+00
3.890451e+00 8.464125e-02 1.892084e-01 2.072775e-01 2.235415e+00
3.981072e+00 8.225200e-02 1.865858e-01 2.039109e-01 2.268465e+00
4.073803e+00 7.989941e-02 1.839711e-01 2.005724e-01 2.302534e+00
4.168694e+00 7.758419e-02 1.813643e-01 1.972621e-01 2.337646e+00
4.265795e+00 7.530700e-02 1.787658e-01 1.939803e-01 2.373827e+00
4.365158e+00 7.306846e-02 1.761756e-01 1.907272e-01 2.411104e+00
4.466836e+00 7.086919e-02 1.735942e-01 1.875030e-01 2.449502e+00
4.570882e+00 6.870974e-02 1.710219e-01 1.843082e-01 2.489049e+00
4.677351e+00 6.659063e-02 1.684592e-01 1.811430e-01 2.529773e+00
4.786301e+00 6.451236e-02 1.659064e-01 1.780078e-01 2.571700e+00
4.897788e+00 6.247533e-02 1.633642e-01 1.749029e-01 2.614859e+00
5.011872e+00 6.047994e-02 1.608331e-01 1.718287e-01 2.659279e+00
5.128614e+00 5.852652e-02 1.583136e-01 1.687855e-01 2.704990e+00
5.248075e+00 5.661532e-02 1.558065e-01 1.657738e-01 2.752020e+00
5.370318e+00 5.474659e-02 1.533124e-01 1.627940e-01 2.800401e+00
5.495409e+00 5.292046e-02 1.508319e-01 1.598463e-01 2.850162e+00
5.623413e+00 5.113706e-02 1.483658e-01 1.569312e-01 2.901336e+00
5.754399e+00 4.939642e-02 1.459147e-01 1.540491e-01 2.953953e+00
5.888437e+00 4.769853e-02 1.434795e-01 1.512002e-01 3.008048e+00
6.025596e+00 4.604332e-02 1.410607e-01 1.483850e-01 3.063653e+00
6.165950e+00 4.443068e-02 1.386593e-01 1.456039e-01 3.120801e+00
6.309573e+00 4.286041e-02 1.362758e-01 1.428570e-01 3.179527e+00
6.456542e+00 4.133229e-02 1.339111e-01 1.401447e-01 3.239866e+00
6.606934e+00 3.984603e-02 1.315658e-01 1.374673e-01 3.301854e+00
6.760830e+00 3.840129e-02 1.292406e-01 1.348250e-01 3.365527e+00
6.918310e+00 3.699769e-02 1.269362e-01 1.322181e-01 3.430923e+00
7.079458e+00 3.563479e-02 1.246533e-01 1.296468e-01 3.498079e+00
7.244360e+00 3.431212e-02 1.223925e-01 1.271112e-01 3.567035e+00
7.413102e+00 3.302918e-02 1.201545e-01 1.246115e-01 3.637829e+00
7.585776e+00 3.178539e-02 1.179398e-01 1.221479e-01 3.710503e+00
7.762471e+00 3.058019e-02 1.157490e-01 1.197204e-01 3.785097e+00
7.943282e+00 2.941294e-02 1.135826e-01 1.173291e-01 3.861654e+00
8.128305e+00 2.828299e-02 1.114411e-01 1.149741e-01 3.940216e+00
8.317638e+00 2.718967e-02 1.093250e-01 1.126554e-01 4.020829e+00
8.511380e+00 2.613228e-02 1.072348e-01 1.103730e-01 4.103536e+00
8.709636e+00 2.511010e-02 1.051707e-01 1.081268e-01 4.188384e+00
8.912509e+00 2.412238e-02 1.031333e-01 1.059168e-01 4.275420e+00
9.120108e+00 2.316836e-02 1.011227e-01 1.037429e-01 4.364691e+00
9.332543e+00 2.224729e-02 9.913943e-02 1.016050e-01 4.456247e+00
9.549926e+00 2.135838e-02 9.718358e-02 9.950291e-02 4.550139e+00
9.772372e+00 2.050083e-02 9.525543e-02 9.743655e-02 4.646417e+00
1.000000e+01 1.967387e-02 9.335517e-02 9.540570e-02 4.745134e+00
