1.000000e-06 2.946872e+01 1.508001e-01 2.946910e+01 5.117295e-03
1.023293e-06 2.946860e+01 1.543106e-01 2.946901e+01 5.236443e-03
1.047129e-06 2.946848e+01 1.579028e-01 2.946890e+01 5.358362e-03
1.071519e-06 2.946835e+01 1.615785e-01 2.946880e+01 5.483117e-03
1.096478e-06 2.946822e+01 1.653396e-01 2.946869e+01 5.610775e-03
1.122018e-06 2.946808e+01 1.691881e-01 2.946857e+01 5.741401e-03
1.148154e-06 2.946794e+01 1.731261e-01 2.946845e+01 5.875066e-03
1.174898e-06 2.946779e+01 1.771556e-01 2.946832e+01 6.011839e-03
1.202264e-06 2.946763e+01 1.812787e-01 2.946818e+01 6.151792e-03
1.230269e-06 2.946746e+01 1.854977e-01 2.946804e+01 6.295000e-03
1.258925e-06 2.946728e+01 1.898146e-01 2.946790e+01 6.441537e-03
1.288250e-06 2.946710e+01 1.942318e-01 2.946774e+01 6.591481e-03
1.318257e-06 2.946691e+01 1.987517e-01 2.946758e+01 6.744911e-03
1.348963e-06 2.946671e+01 2.033765e-01 2.946741e+01 6.901907e-03
1.380384e-06 2.946650e+01 2.081087e-01 2.946723e+01 7.062551e-03
1.412538e-06 2.946628e+01 2.129507e-01 2.946705e+01 7.226929e-03
1.445440e-06 2.946605e+01 2.179052e-01 2.946685e+01 7.395127e-03
1.479108e-06 2.946581e+01 2.229746e-01 2.946665e+01 7.567232e-03
1.513561e-06 2.946555e+01 2.281617e-01 2.946644e+01 7.743335e-03
1.548817e-06 2.946529e+01 2.334691e-01 2.946621e+01 7.923530e-03
1.584893e-06 2.946501e+01 2.388996e-01 2.946598e+01 8.107909e-03
1.621810e-06 2.946472e+01 2.444561e-01 2.946574e+01 8.296569e-03
1.659587e-06 2.946442e+01 2.501414e-01 2.946548e+01 8.489610e-03
1.698244e-06 2.946410e+01 2.559585e-01 2.946521e+01 8.687133e-03
1.737801e-06 2.946377e+01 2.619105e-01 2.946493e+01 8.889240e-03
1.778279e-06 2.946342e+01 2.680004e-01 2.946464e+01 9.096037e-03
1.819701e-06 2.946305e+01 2.742313e-01 2.946433e+01 9.307633e-03
1.862087e-06 2.946267e+01 2.806066e-01 2.946401e+01 9.524138e-03
1.905461e-06 2.946227e+01 2.871294e-01 2.946367e+01 9.745665e-03
1.949845e-06 2.946185e+01 2.938033e-01 2.946332e+01 9.972329e-03
1.995262e-06 2.946141e+01 3.006316e-01 2.946295e+01 1.020425e-02
2.041738e-06 2.946095e+01 3.076178e-01 2.946256e+01 1.044154e-02
2.089296e-06 2.946047e+01 3.147656e-01 2.946215e+01 1.068434e-02
2.137962e-06 2.945997e+01 3.220787e-01 2.946173e+01 1.093276e-02
2.187762e-06 2.945944e+01 3.295607e-01 2.946129e+01 1.118693e-02
2.238721e-06 2.945889e+01 3.372156e-01 2.946082e+01 1.144699e-02
2.290868e-06 2.945831e+01 3.450473e-01 2.946033e+01 1.171307e-02
2.344229e-06 2.945771e+01 3.530598e-01 2.945982e+01 1.198531e-02
2.398833e-06 2.945707e+01 3.612571e-01 2.945929e+01 1.226385e-02
2.454709e-06 2.945641e+01 3.696434e-01 2.945873e+01 1.254883e-02
2.511886e-06 2.945572e+01 3.782231e-01 2.945814e+01 1.284040e-02
2.570396e-06 2.945499e+01 3.870005e-01 2.945753e+01 1.313871e-02
2.630268e-06 2.945423e+01 3.959800e-01 2.945689e+01 1.344391e-02
2.691535e-06 2.945343e+01 4.051661e-01 2.945622e+01 1.375616e-02
2.754229e-06 2.945260e+01 4.145636e-01 2.945552e+01 1.407562e-02
2.818383e-06 2.945172e+01 4.241771e-01 2.945478e+01 1.440245e-02
2.884032e-06 2.945081e+01 4.340114e-01 2.945401e+01 1.473682e-02
2.951209e-06 2.944985e+01 4.440716e-01 2.945320e+01 1.507891e-02
3.019952e-06 2.944885e+01 4.543626e-01 2.945236e+01 1.542887e-02
3.090295e-06 2.944780e+01 4.648895e-01 2.945147e+01 1.578690e-02
3.162278e-06 2.944670e+01 4.756576e-01 2.945055e+01 1.615317e-02
3.235937e-06 2.944556e+01 4.866722e-01 2.944958e+01 1.652787e-02
3.311311e-06 2.944435e+01 4.979388e-01 2.944856e+01 1.691118e-02
3.388442e-06 2.944309e+01 5.094628e-01 2.944750e+01 1.730330e-02
3.467369e-06 2.944177e+01 5.212500e-01 2.944639e+01 1.770443e-02
3.548134e-06 2.944039e+01 5.333060e-01 2.944522e+01 1.811477e-02
3.630781e-06 2.943895e+01 5.456368e-01 2.944401e+01 1.853452e-02
3.715352e-06 2.943744e+01 5.582483e-01 2.944273e+01 1.896389e-02
3.801894e-06 2.943585e+01 5.711466e-01 2.944139e+01 1.940309e-02
3.890451e-06 2.943420e+01 5.843379e-01 2.944000e+01 1.985235e-02
3.981072e-06 2.943246e+01 5.978285e-01 2.943853e+01 2.031187e-02
4.073803e-06 2.943065e+01 6.116247e-01 2.943700e+01 2.078190e-02
4.168694e-06 2.942875e+01 6.257332e-01 2.943540e+01 2.126265e-02
4.265795e-06 2.942676e+01 6.401604e-01 2.943372e+01 2.175436e-02
4.365158e-06 2.942468e+01 6.549133e-01 2.943197e+01 2.225728e-02
4.466836e-06 2.942250e+01 6.699985e-01 2.943013e+01 2.277163e-02
4.570882e-06 2.942022e+01 6.854230e-01 2.942821e+01 2.329768e-02
4.677351e-06 2.941784e+01 7.011940e-01 2.942619e+01 2.383567e-02
4.786301e-06 2.941534e+01 7.173185e-01 2.942409e+01 2.438586e-02
4.897788e-06 2.941273e+01 7.338039e-01 2.942188e+01 2.494851e-02
5.011872e-06 2.941000e+01 7.506574e-01 2.941957e+01 2.552389e-02
5.128614e-06 2.940714e+01 7.678866e-01 2.941716e+01 2.611226e-02
5.248075e-06 2.940414e+01 7.854991e-01 2.941463e+01 2.671389e-02
5.370318e-06 2.940101e+01 8.035024e-01 2.941199e+01 2.732907e-02
5.495409e-06 2.939774e+01 8.219044e-01 2.940922e+01 2.795808e-02
5.623413e-06 2.939431e+01 8.407128e-01 2.940633e+01 2.860121e-02
5.754399e-06 2.939072e+01 8.599356e-01 2.940330e+01 2.925874e-02
5.888437e-06 2.938697e+01 8.795807e-01 2.940013e+01 2.993098e-02
6.025596e-06 2.938305e+01 8.996564e-01 2.939682e+01 3.061821e-02
6.165950e-06 2.937894e+01 9.201705e-01 2.939335e+01 3.132075e-02
6.309573e-06 2.937465e+01 9.411315e-01 2.938972e+01 3.203890e-02
6.456542e-06 2.937015e+01 9.625474e-01 2.938592e+01 3.277298e-02
6.606934e-06 2.936546e+01 9.844267e-01 2.938195e+01 3.352329e-02
6.760830e-06 2.936054e+01 1.006778e+00 2.937780e+01 3.429016e-02
6.918310e-06 2.935540e+01 1.029608e+00 2.937345e+01 3.507390e-02
7.079458e-06 2.935003e+01 1.052928e+00 2.936891e+01 3.587484e-02
7.244360e-06 2.934441e+01 1.076744e+00 2.936416e+01 3.669331e-02
7.413102e-06 2.933854e+01 1.101065e+00 2.935919e+01 3.752964e-02
7.585776e-06 2.933239e+01 1.125899e+00 2.935399e+01 3.838415e-02
7.762471e-06 2.932597e+01 1.151255e+00 2.934856e+01 3.925719e-02
7.943282e-06 2.931926e+01 1.177141e+00 2.934288e+01 4.014909e-02
8.128305e-06 2.931224e+01 1.203566e+00 2.933694e+01 4.106018e-02
8.317638e-06 2.930491e+01 1.230537e+00 2.933073e+01 4.199080e-02
8.511380e-06 2.929724e+01 1.258062e+00 2.932424e+01 4.294130e-02
8.709636e-06 2.928923e+01 1.286149e+00 2.931745e+01 4.391201e-02
8.912509e-06 2.928086e+01 1.314806e+00 2.931036e+01 4.490326e-02
9.120108e-06 2.927211e+01 1.344041e+00 2.930295e+01 4.591540e-02
9.332543e-06 2.926297e+01 1.373860e+00 2.929521e+01 4.694877e-02
9.549926e-06 2.925343e+01 1.404272e+00 2.928711e+01 4.800368e-02
9.772372e-06 2.924346e+01 1.435283e+00 2.927866e+01 4.908048e-02
1.000000e-05 2.923304e+01 1.466899e+00 2.926982e+01 5.017949e-02
1.023293e-05 2.922217e+01 1.499127e+00 2.926060e+01 5.130103e-02
1.047129e-05 2.921081e+01 1.531974e+00 2.925096e+01 5.244542e-02
1.071519e-05 2.919896e+01 1.565443e+00 2.924089e+01 5.361298e-02
1.096478e-05 2.918659e+01 1.599541e+00 2.923038e+01 5.480399e-02
1.122018e-05 2.917367e+01 1.634273e+00 2.921941e+01 5.601877e-02
1.148154e-05 2.916019e+01 1.669642e+00 2.920796e+01 5.725759e-02
1.174898e-05 2.914613e+01 1.705653e+00 2.919600e+01 5.852073e-02
1.202264e-05 2.913146e+01 1.742308e+00 2.918352e+01 5.980847e-02
1.230269e-05 2.911616e+01 1.779610e+00 2.917050e+01 6.112103e-02
1.258925e-05 2.910020e+01 1.817560e+00 2.915691e+01 6.245868e-02
1.288250e-05 2.908356e+01 1.856160e+00 2.914274e+01 6.382162e-02
1.318257e-05 2.906622e+01 1.895410e+00 2.912795e+01 6.521006e-02
1.348963e-05 2.904814e+01 1.935309e+00 2.911254e+01 6.662419e-02
1.380384e-05 2.902930e+01 1.975855e+00 2.909647e+01 6.806416e-02
1.412538e-05 2.900967e+01 2.017046e+00 2.907971e+01 6.953013e-02
1.445440e-05 2.898923e+01 2.058879e+00 2.906225e+01 7.102221e-02
1.479108e-05 2.896794e+01 2.101349e+00 2.904406e+01 7.254050e-02
1.513561e-05 2.894578e+01 2.144449e+00 2.902510e+01 7.408505e-02
1.548817e-05 2.892271e+01 2.188173e+00 2.900536e+01 7.565590e-02
1.584893e-05 2.889870e+01 2.232513e+00 2.898481e+01 7.725305e-02
1.621810e-05 2.887373e+01 2.277458e+00 2.896341e+01 7.887647e-02
1.659587e-05 2.884776e+01 2.322997e+00 2.894114e+01 8.052608e-02
1.698244e-05 2.882076e+01 2.369118e+00 2.891797e+01 8.220178e-02
1.737801e-05 2.879270e+01 2.415805e+00 2.889387e+01 8.390341e-02
1.778279e-05 2.876354e+01 2.463044e+00 2.886880e+01 8.563077e-02
1.819701e-05 2.873325e+01 2.510816e+00 2.884275e+01 8.738362e-02
1.862087e-05 2.870181e+01 2.559101e+00 2.881567e+01 8.916166e-02
1.905461e-05 2.866917e+01 2.607878e+00 2.878754e+01 9.096455e-02
1.949845e-05 2.863531e+01 2.657124e+00 2.875832e+01 9.279188e-02
1.995262e-05 2.860018e+01 2.706813e+00 2.872799e+01 9.464319e-02
2.041738e-05 2.856377e+01 2.756917e+00 2.869651e+01 9.651796e-02
2.089296e-05 2.852604e+01 2.807407e+00 2.866385e+01 9.841560e-02
2.137962e-05 2.848695e+01 2.858251e+00 2.862998e+01 1.003355e-01
2.187762e-05 2.844648e+01 2.909416e+00 2.859488e+01 1.022768e-01
2.238721e-05 2.840460e+01 2.960863e+00 2.855850e+01 1.042389e-01
2.290868e-05 2.836127e+01 3.012557e+00 2.852082e+01 1.062208e-01
2.344229e-05 2.831648e+01 3.064454e+00 2.848181e+01 1.082216e-01
2.398833e-05 2.827019e+01 3.116513e+00 2.844145e+01 1.102403e-01
2.454709e-05 2.822238e+01 3.168687e+00 2.839970e+01 1.122757e-01
2.511886e-05 2.817302e+01 3.220930e+00 2.835654e+01 1.143267e-01
2.570396e-05 2.812210e+01 3.273190e+00 2.831195e+01 1.163921e-01
2.630268e-05 2.806960e+01 3.325417e+00 2.826590e+01 1.184704e-01
2.691535e-05 2.801550e+01 3.377556e+00 2.821837e+01 1.205603e-01
2.754229e-05 2.795978e+01 3.429550e+00 2.816933e+01 1.226601e-01
2.818383e-05 2.790244e+01 3.481341e+00 2.811878e+01 1.247684e-01
2.884032e-05 2.784346e+01 3.532870e+00 2.806669e+01 1.268833e-01
2.951209e-05 2.778283e+01 3.584073e+00 2.801306e+01 1.290032e-01
3.019952e-05 2.772056e+01 3.634888e+00 2.795786e+01 1.311261e-01
3.090295e-05 2.765665e+01 3.685250e+00 2.790110e+01 1.332501e-01
3.162278e-05 2.759109e+01 3.735092e+00 2.784276e+01 1.353731e-01
3.235937e-05 2.752390e+01 3.784348e+00 2.778284e+01 1.374932e-01
3.311311e-05 2.745509e+01 3.832950e+00 2.772135e+01 1.396080e-01
3.388442e-05 2.738467e+01 3.880828e+00 2.765829e+01 1.417153e-01
3.467369e-05 2.731266e+01 3.927914e+00 2.759366e+01 1.438129e-01
3.548134e-05 2.723909e+01 3.974139e+00 2.752747e+01 1.458984e-01
3.630781e-05 2.716398e+01 4.019434e+00 2.745974e+01 1.479693e-01
3.715352e-05 2.708737e+01 4.063731e+00 2.739050e+01 1.500231e-01
3.801894e-05 2.700929e+01 4.106963e+00 2.731975e+01 1.520574e-01
3.890451e-05 2.692978e+01 4.149064e+00 2.724753e+01 1.540697e-01
3.981072e-05 2.684890e+01 4.189969e+00 2.717387e+01 1.560574e-01
4.073803e-05 2.676669e+01 4.229615e+00 2.709880e+01 1.580179e-01
4.168694e-05 2.668320e+01 4.267941e+00 2.702237e+01 1.599487e-01
4.265795e-05 2.659849e+01 4.304891e+00 2.694460e+01 1.618472e-01
4.365158e-05 2.651263e+01 4.340407e+00 2.686556e+01 1.637109e-01
4.466836e-05 2.642568e+01 4.374439e+00 2.678530e+01 1.655374e-01
4.570882e-05 2.633771e+01 4.406938e+00 2.670386e+01 1.673242e-01
4.677351e-05 2.624880e+01 4.437858e+00 2.662131e+01 1.690690e-01
4.786301e-05 2.615902e+01 4.467161e+00 2.653771e+01 1.707694e-01
4.897788e-05 2.606845e+01 4.494808e+00 2.645312e+01 1.724233e-01
5.011872e-05 2.597718e+01 4.520769e+00 2.636762e+01 1.740285e-01
5.128614e-05 2.588529e+01 4.545018e+00 2.628128e+01 1.755830e-01
5.248075e-05 2.579287e+01 4.567531e+00 2.619417e+01 1.770850e-01
5.370318e-05 2.570001e+01 4.588293e+00 2.610637e+01 1.785328e-01
5.495409e-05 2.560679e+01 4.607293e+00 2.601797e+01 1.799247e-01
5.623413e-05 2.551330e+01 4.624525e+00 2.592903e+01 1.812594e-01
5.754399e-05 2.541965e+01 4.639989e+00 2.583966e+01 1.825355e-01
5.888437e-05 2.532591e+01 4.653690e+00 2.574992e+01 1.837521e-01
6.025596e-05 2.523219e+01 4.665639e+00 2.565992e+01 1.849082e-01
6.165950e-05 2.513856e+01 4.675853e+00 2.556972e+01 1.860032e-01
6.309573e-05 2.504512e+01 4.684353e+00 2.547943e+01 1.870365e-01
6.456542e-05 2.495196e+01 4.691167e+00 2.538912e+01 1.880079e-01
6.606934e-05 2.485916e+01 4.696327e+00 2.529888e+01 1.889173e-01
6.760830e-05 2.476681e+01 4.699870e+00 2.520880e+01 1.897649e-01
6.918310e-05 2.467498e+01 4.701839e+00 2.511896e+01 1.905509e-01
7.079458e-05 2.458376e+01 4.702281e+00 2.502943e+01 1.912759e-01
7.244360e-05 2.449321e+01 4.701246e+00 2.494031e+01 1.919408e-01
7.413102e-05 2.440340e+01 4.698789e+00 2.485166e+01 1.925465e-01
7.585776e-05 2.431442e+01 4.694969e+00 2.476355e+01 1.930941e-01
7.762471e-05 2.422630e+01 4.689849e+00 2.467607e+01 1.935850e-01
7.943282e-05 2.413913e+01 4.683493e+00 2.458928e+01 1.940208e-01
8.128305e-05 2.405294e+01 4.675969e+00 2.450324e+01 1.944032e-01
8.317638e-05 2.396779e+01 4.667348e+00 2.441801e+01 1.947342e-01
8.511380e-05 2.388372e+01 4.657702e+00 2.433365e+01 1.950158e-01
8.709636e-05 2.380078e+01 4.647106e+00 2.425021e+01 1.952501e-01
8.912509e-05 2.371899e+01 4.635633e+00 2.416774e+01 1.954397e-01
9.120108e-05 2.363840e+01 4.623361e+00 2.408629e+01 1.955869e-01
9.332543e-05 2.355902e+01 4.610366e+00 2.400589e+01 1.956943e-01
9.549926e-05 2.348088e+01 4.596727e+00 2.392659e+01 1.957647e-01
9.772372e-05 2.340399e+01 4.582519e+00 2.384840e+01 1.958007e-01
1.000000e-04 2.332837e+01 4.567820e+00 2.377137e+01 1.958053e-01
1.023293e-04 2.325403e+01 4.552706e+00 2.369550e+01 1.957814e-01
1.047129e-04 2.318096e+01 4.537254e+00 2.362083e+01 1.957319e-01
1.071519e-04 2.310917e+01 4.521536e+00 2.354736e+01 1.956598e-01
1.096478e-04 2.303866e+01 4.505627e+00 2.347510e+01 1.955681e-01
1.122018e-04 2.296941e+01 4.489597e+00 2.340406e+01 1.954598e-01
1.148154e-04 2.290142e+01 4.473517e+00 2.333425e+01 1.953380e-01
1.174898e-04 2.283467e+01 4.457455e+00 2.326566e+01 1.952056e-01
1.202264e-04 2.276914e+01 4.441475e+00 2.319829e+01 1.950656e-01
1.230269e-04 2.270482e+01 4.425642e+00 2.313212e+01 1.949209e-01
1.258925e-04 2.264167e+01 4.410018e+00 2.306715e+01 1.947744e-01
1.288250e-04 2.257968e+01 4.394660e+00 2.300337e+01 1.946290e-01
1.318257e-04 2.251882e+01 4.379626e+00 2.294076e+01 1.944874e-01
1.348963e-04 2.245905e+01 4.364969e+00 2.287929e+01 1.943523e-01
1.380384e-04 2.240035e+01 4.350741e+00 2.281895e+01 1.942265e-01
1.412538e-04 2.234268e+01 4.336990e+00 2.275972e+01 1.941124e-01
1.445440e-04 2.228601e+01 4.323763e+00 2.270156e+01 1.940125e-01
1.479108e-04 2.223030e+01 4.311103e+00 2.264446e+01 1.939292e-01
1.513561e-04 2.217551e+01 4.299051e+00 2.258838e+01 1.938648e-01
1.548817e-04 2.212161e+01 4.287645e+00 2.253330e+01 1.938216e-01
1.584893e-04 2.206856e+01 4.276923e+00 2.247917e+01 1.938016e-01
1.621810e-04 2.201632e+01 4.266916e+00 2.242598e+01 1.938070e-01
1.659587e-04 2.196485e+01 4.257657e+00 2.237369e+01 1.938396e-01
1.698244e-04 2.191411e+01 4.249175e+00 2.232227e+01 1.939013e-01
1.737801e-04 2.186406e+01 4.241496e+00 2.227168e+01 1.939939e-01
1.778279e-04 2.181467e+01 4.234645e+00 2.222188e+01 1.941191e-01
1.819701e-04 2.176590e+01 4.228645e+00 2.217286e+01 1.942784e-01
1.862087e-04 2.171770e+01 4.223516e+00 2.212457e+01 1.944735e-01
1.905461e-04 2.167003e+01 4.219279e+00 2.207697e+01 1.947057e-01
1.949845e-04 2.162287e+01 4.215950e+00 2.203005e+01 1.949764e-01
1.995262e-04 2.157618e+01 4.213546e+00 2.198375e+01 1.952870e-01
2.041738e-04 2.152990e+01 4.212081e+00 2.193806e+01 1.956386e-01
2.089296e-04 2.148402e+01 4.211568e+00 2.189293e+01 1.960326e-01
2.137962e-04 2.143850e+01 4.212020e+00 2.184835e+01 1.964699e-01
2.187762e-04 2.139330e+01 4.213448e+00 2.180427e+01 1.969518e-01
2.238721e-04 2.134838e+01 4.215861e+00 2.176067e+01 1.974792e-01
2.290868e-04 2.130372e+01 4.219271e+00 2.171752e+01 1.980532e-01
2.344229e-04 2.125928e+01 4.223684e+00 2.167479e+01 1.986749e-01
2.398833e-04 2.121503e+01 4.229110e+00 2.163245e+01 1.993450e-01
2.454709e-04 2.117094e+01 4.235556e+00 2.159047e+01 2.000647e-01
2.511886e-04 2.112697e+01 4.243030e+00 2.154884e+01 2.008347e-01
2.570396e-04 2.108311e+01 4.251539e+00 2.150751e+01 2.016561e-01
2.630268e-04 2.103931e+01 4.261089e+00 2.146648e+01 2.025298e-01
2.691535e-04 2.099556e+01 4.271687e+00 2.142570e+01 2.034567e-01
2.754229e-04 2.095181e+01 4.283340e+00 2.138516e+01 2.044377e-01
2.818383e-04 2.090804e+01 4.296055e+00 2.134484e+01 2.054738e-01
2.884032e-04 2.086423e+01 4.309838e+00 2.130471e+01 2.065659e-01
2.951209e-04 2.082034e+01 4.324696e+00 2.126475e+01 2.077150e-01
3.019952e-04 2.077634e+01 4.340637e+00 2.122493e+01 2.089221e-01
3.090295e-04 2.073222e+01 4.357666e+00 2.118523e+01 2.101881e-01
3.162278e-04 2.068793e+01 4.375792e+00 2.114563e+01 2.115143e-01
3.235937e-04 2.064344e+01 4.395020e+00 2.110611e+01 2.129015e-01
3.311311e-04 2.059874e+01 4.415360e+00 2.106664e+01 2.143510e-01
3.388442e-04 2.055378e+01 4.436817e+00 2.102721e+01 2.158637e-01
3.467369e-04 2.050854e+01 4.459399e+00 2.098777e+01 2.174410e-01
3.548134e-04 2.046299e+01 4.483114e+00 2.094832e+01 2.190840e-01
3.630781e-04 2.041708e+01 4.507968e+00 2.090883e+01 2.207939e-01
3.715352e-04 2.037080e+01 4.533968e+00 2.086927e+01 2.225719e-01
3.801894e-04 2.032409e+01 4.561121e+00 2.082961e+01 2.244194e-01
3.890451e-04 2.027694e+01 4.589433e+00 2.078983e+01 2.263376e-01
3.981072e-04 2.022930e+01 4.618910e+00 2.074991e+01 2.283278e-01
4.073803e-04 2.018112e+01 4.649557e+00 2.070981e+01 2.303914e-01
4.168694e-04 2.013239e+01 4.681379e+00 2.066950e+01 2.325297e-01
4.265795e-04 2.008304e+01 4.714378e+00 2.062896e+01 2.347442e-01
4.365158e-04 2.003305e+01 4.748558e+00 2.058815e+01 2.370361e-01
4.466836e-04 1.998237e+01 4.783919e+00 2.054704e+01 2.394070e-01
4.570882e-04 1.993095e+01 4.820464e+00 2.050560e+01 2.418582e-01
4.677351e-04 1.987876e+01 4.858189e+00 2.046380e+01 2.443910e-01
4.786301e-04 1.982573e+01 4.897093e+00 2.042158e+01 2.470069e-01
4.897788e-04 1.977183e+01 4.937172e+00 2.037893e+01 2.497073e-01
5.011872e-04 1.971701e+01 4.978418e+00 2.033581e+01 2.524936e-01
5.128614e-04 1.966121e+01 5.020826e+00 2.029216e+01 2.553670e-01
5.248075e-04 1.960439e+01 5.064383e+00 2.024797e+01 2.583290e-01
5.370318e-04 1.954649e+01 5.109079e+00 2.020317e+01 2.613809e-01
5.495409e-04 1.948747e+01 5.154899e+00 2.015774e+01 2.645238e-01
5.623413e-04 1.942726e+01 5.201824e+00 2.011162e+01 2.677591e-01
5.754399e-04 1.936581e+01 5.249837e+00 2.006478e+01 2.710879e-01
5.888437e-04 1.930308e+01 5.298915e+00 2.001718e+01 2.745114e-01
6.025596e-04 1.923900e+01 5.349032e+00 1.996875e+01 2.780307e-01
6.165950e-04 1.917352e+01 5.400160e+00 1.991947e+01 2.816468e-01
6.309573e-04 1.910658e+01 5.452269e+00 1.986929e+01 2.853608e-01
6.456542e-04 1.903814e+01 5.505324e+00 1.981815e+01 2.891735e-01
6.606934e-04 1.896813e+01 5.559287e+00 1.976602e+01 2.930857e-01
6.760830e-04 1.889650e+01 5.614119e+00 1.971284e+01 2.970984e-01
6.918310e-04 1.882320e+01 5.669776e+00 1.965857e+01 3.012120e-01
7.079458e-04 1.874819e+01 5.726209e+00 1.960316e+01 3.054274e-01
7.244360e-04 1.867139e+01 5.783370e+00 1.954657e+01 3.097449e-01
7.413102e-04 1.859278e+01 5.841203e+00 1.948874e+01 3.141651e-01
7.585776e-04 1.851230e+01 5.899652e+00 1.942964e+01 3.186883e-01
7.762471e-04 1.842990e+01 5.958657e+00 1.936922e+01 3.233146e-01
7.943282e-04 1.834555e+01 6.018153e+00 1.930744e+01 3.280444e-01
8.128305e-04 1.825919e+01 6.078073e+00 1.924425e+01 3.328775e-01
8.317638e-04 1.817080e+01 6.138348e+00 1.917960e+01 3.378139e-01
8.511380e-04 1.808033e+01 6.198905e+00 1.911347e+01 3.428535e-01
8.709636e-04 1.798776e+01 6.259667e+00 1.904581e+01 3.479959e-01
8.912509e-04 1.789305e+01 6.320555e+00 1.897658e+01 3.532408e-01
9.120108e-04 1.779618e+01 6.381489e+00 1.890576e+01 3.585875e-01
9.332543e-04 1.769714e+01 6.442385e+00 1.883329e+01 3.640355e-01
9.549926e-04 1.759589e+01 6.503156e+00 1.875916e+01 3.695839e-01
9.772372e-04 1.749243e+01 6.563715e+00 1.868334e+01 3.752318e-01
1.000000e-03 1.738674e+01 6.623971e+00 1.860580e+01 3.809783e-01
1.023293e-03 1.727883e+01 6.683834e+00 1.852651e+01 3.868221e-01
1.047129e-03 1.716869e+01 6.743211e+00 1.844546e+01 3.927620e-01
1.071519e-03 1.705634e+01 6.802009e+00 1.836262e+01 3.987966e-01
1.096478e-03 1.694177e+01 6.860133e+00 1.827799e+01 4.049243e-01
1.122018e-03 1.682500e+01 6.917489e+00 1.819155e+01 4.111434e-01
1.148154e-03 1.670606e+01 6.973983e+00 1.810328e+01 4.174523e-01
1.174898e-03 1.658497e+01 7.029520e+00 1.801320e+01 4.238489e-01
1.202264e-03 1.646176e+01 7.084007e+00 1.792129e+01 4.303312e-01
1.230269e-03 1.633646e+01 7.137352e+00 1.782756e+01 4.368971e-01
1.258925e-03 1.620912e+01 7.189464e+00 1.773201e+01 4.435443e-01
1.288250e-03 1.607979e+01 7.240253e+00 1.763465e+01 4.502704e-01
1.318257e-03 1.594851e+01 7.289631e+00 1.753549e+01 4.570730e-01
1.348963e-03 1.581533e+01 7.337515e+00 1.743456e+01 4.639495e-01
1.380384e-03 1.568033e+01 7.383822e+00 1.733187e+01 4.708971e-01
1.412538e-03 1.554356e+01 7.428472e+00 1.722744e+01 4.779131e-01
1.445440e-03 1.540510e+01 7.471389e+00 1.712130e+01 4.849946e-01
1.479108e-03 1.526501e+01 7.512503e+00 1.701348e+01 4.921386e-01
1.513561e-03 1.512338e+01 7.551743e+00 1.690401e+01 4.993422e-01
1.548817e-03 1.498029e+01 7.589046e+00 1.679294e+01 5.066021e-01
1.584893e-03 1.483581e+01 7.624352e+00 1.668029e+01 5.139153e-01
1.621810e-03 1.469005e+01 7.657605e+00 1.656612e+01 5.212785e-01
1.659587e-03 1.454308e+01 7.688756e+00 1.645047e+01 5.286884e-01
1.698244e-03 1.439500e+01 7.717757e+00 1.633339e+01 5.361416e-01
1.737801e-03 1.424590e+01 7.744568e+00 1.621493e+01 5.436349e-01
1.778279e-03 1.409588e+01 7.769154e+00 1.609514e+01 5.511648e-01
1.819701e-03 1.394504e+01 7.791484e+00 1.597408e+01 5.587280e-01
1.862087e-03 1.379347e+01 7.811532e+00 1.585181e+01 5.663209e-01
1.905461e-03 1.364128e+01 7.829278e+00 1.572838e+01 5.739402e-01
1.949845e-03 1.348856e+01 7.844708e+00 1.560387e+01 5.815824e-01
1.995262e-03 1.333541e+01 7.857811e+00 1.547832e+01 5.892441e-01
2.041738e-03 1.318193e+01 7.868582e+00 1.535180e+01 5.969219e-01
2.089296e-03 1.302822e+01 7.877021e+00 1.522439e+01 6.046124e-01
2.137962e-03 1.287437e+01 7.883134e+00 1.509613e+01 6.123122e-01
2.187762e-03 1.272048e+01 7.886931e+00 1.496711e+01 6.200181e-01
2.238721e-03 1.256665e+01 7.888425e+00 1.483739e+01 6.277268e-01
2.290868e-03 1.241297e+01 7.887635e+00 1.470702e+01 6.354350e-01
2.344229e-03 1.225952e+01 7.884584e+00 1.457609e+01 6.431397e-01
2.398833e-03 1.210640e+01 7.879299e+00 1.444466e+01 6.508377e-01
2.454709e-03 1.195368e+01 7.871810e+00 1.431279e+01 6.585261e-01
2.511886e-03 1.180146e+01 7.862153e+00 1.418055e+01 6.662018e-01
2.570396e-03 1.164981e+01 7.850364e+00 1.404800e+01 6.738621e-01
2.630268e-03 1.149880e+01 7.836484e+00 1.391521e+01 6.815043e-01
2.691535e-03 1.134852e+01 7.820558e+00 1.378224e+01 6.891255e-01
2.754229e-03 1.119904e+01 7.802630e+00 1.364916e+01 6.967234e-01
2.818383e-03 1.105041e+01 7.782750e+00 1.351602e+01 7.042954e-01
2.884032e-03 1.090270e+01 7.760969e+00 1.338288e+01 7.118393e-01
2.951209e-03 1.075597e+01 7.737338e+00 1.324981e+01 7.193527e-01
3.019952e-03 1.061029e+01 7.711913e+00 1.311685e+01 7.268336e-01
3.090295e-03 1.046569e+01 7.684749e+00 1.298407e+01 7.342800e-01
3.162278e-03 1.032224e+01 7.655902e+00 1.285152e+01 7.416900e-01
3.235937e-03 1.017997e+01 7.625431e+00 1.271924e+01 7.490620e-01
3.311311e-03 1.003894e+01 7.593394e+00 1.258729e+01 7.563942e-01
3.388442e-03 9.899171e+00 7.559850e+00 1.245572e+01 7.636851e-01
3.467369e-03 9.760709e+00 7.524858e+00 1.232457e+01 7.709336e-01
3.548134e-03 9.623584e+00 7.488479e+00 1.219388e+01 7.781382e-01
3.630781e-03 9.487827e+00 7.450770e+00 1.206370e+01 7.852979e-01
3.715352e-03 9.353462e+00 7.411793e+00 1.193407e+01 7.924118e-01
3.801894e-03 9.220512e+00 7.371605e+00 1.180502e+01 7.994789e-01
3.890451e-03 9.088999e+00 7.330265e+00 1.167659e+01 8.064986e-01
3.981072e-03 8.958940e+00 7.287831e+00 1.154881e+01 8.134703e-01
4.073803e-03 8.830348e+00 7.244359e+00 1.142172e+01 8.203934e-01
4.168694e-03 8.703236e+00 7.199907e+00 1.129535e+01 8.272677e-01
4.265795e-03 8.577614e+00 7.154527e+00 1.116972e+01 8.340929e-01
4.365158e-03 8.453489e+00 7.108276e+00 1.104487e+01 8.408689e-01
4.466836e-03 8.330865e+00 7.061205e+00 1.092080e+01 8.475956e-01
4.570882e-03 8.209746e+00 7.013366e+00 1.079756e+01 8.542732e-01
4.677351e-03 8.090131e+00 6.964809e+00 1.067515e+01 8.609019e-01
4.786301e-03 7.972020e+00 6.915583e+00 1.055360e+01 8.674818e-01
4.897788e-03 7.855410e+00 6.865735e+00 1.043292e+01 8.740135e-01
5.011872e-03 7.740297e+00 6.815311e+00 1.031313e+01 8.804973e-01
5.128614e-03 7.626673e+00 6.764355e+00 1.019425e+01 8.869339e-01
5.248075e-03 7.514533e+00 6.712910e+00 1.007628e+01 8.933237e-01
5.370318e-03 7.403866e+00 6.661017e+00 9.959236e+00 8.996675e-01
5.495409e-03 7.294662e+00 6.608717e+00 9.843131e+00 9.059661e-01
5.623413e-03 7.186912e+00 6.556045e+00 9.727972e+00 9.122201e-01
5.754399e-03 7.080602e+00 6.503041e+00 9.613764e+00 9.184305e-01
5.888437e-03 6.975720e+00 6.449737e+00 9.500514e+00 9.245981e-01
6.025596e-03 6.872251e+00 6.396167e+00 9.388226e+00 9.307237e-01
6.165950e-03 6.770183e+00 6.342364e+00 9.276904e+00 9.368084e-01
6.309573e-03 6.669498e+00 6.288357e+00 9.166550e+00 9.428530e-01
6.456542e-03 6.570183e+00 6.234174e+00 9.057165e+00 9.488584e-01
6.606934e-03 6.472222e+00 6.179843e+00 8.948749e+00 9.548256e-01
6.760830e-03 6.375597e+00 6.125390e+00 8.841303e+00 9.607555e-01
6.918310e-03 6.280293e+00 6.070838e+00 8.734825e+00 9.666488e-01
7.079458e-03 6.186294e+00 6.016211e+00 8.629312e+00 9.725065e-01
7.244360e-03 6.093582e+00 5.961530e+00 8.524762e+00 9.783293e-01
7.413102e-03 6.002141e+00 5.906814e+00 8.421173e+00 9.841179e-01
7.585776e-03 5.911954e+00 5.852084e+00 8.318538e+00 9.898730e-01
7.762471e-03 5.823005e+00 5.797355e+00 8.216855e+00 9.955952e-01
7.943282e-03 5.735277e+00 5.742646e+00 8.116119e+00 1.001285e+00
8.128305e-03 5.648754e+00 5.687971e+00 8.016323e+00 1.006943e+00
8.317638e-03 5.563421e+00 5.633344e+00 7.917463e+00 1.012568e+00
8.511380e-03 5.479262e+00 5.578779e+00 7.819533e+00 1.018163e+00
8.709636e-03 5.396261e+00 5.524288e+00 7.722525e+00 1.023725e+00
8.912509e-03 5.314404e+00 5.469882e+00 7.626434e+00 1.029256e+00
9.120108e-03 5.233677e+00 5.415571e+00 7.531254e+00 1.034755e+00
9.332543e-03 5.154066e+00 5.361366e+00 7.436978e+00 1.040221e+00
9.549926e-03 5.075556e+00 5.307275e+00 7.343599e+00 1.045654e+00
9.772372e-03 4.998136e+00 5.253307e+00 7.251110e+00 1.051053e+00
1.000000e-02 4.921793e+00 5.199469e+00 7.159506e+00 1.056418e+00
1.023293e-02 4.846515e+00 5.145769e+00 7.068780e+00 1.061746e+00
1.047129e-02 4.772292e+00 5.092213e+00 6.978926e+00 1.067037e+00
1.071519e-02 4.699111e+00 5.038808e+00 6.889937e+00 1.072289e+00
1.096478e-02 4.626964e+00 4.985560e+00 6.801809e+00 1.077501e+00
1.122018e-02 4.555841e+00 4.932474e+00 6.714535e+00 1.082670e+00
1.148154e-02 4.485732e+00 4.879556e+00 6.628111e+00 1.087795e+00
1.174898e-02 4.416630e+00 4.826812e+00 6.542532e+00 1.092872e+00
1.202264e-02 4.348525e+00 4.774246e+00 6.457794e+00 1.097900e+00
1.230269e-02 4.281412e+00 4.721865e+00 6.373892e+00 1.102876e+00
1.258925e-02 4.215282e+00 4.669673e+00 6.290822e+00 1.107796e+00
1.288250e-02 4.150129e+00 4.617676e+00 6.208583e+00 1.112658e+00
1.318257e-02 4.085946e+00 4.565879e+00 6.127170e+00 1.117459e+00
1.348963e-02 4.022729e+00 4.514288e+00 6.046582e+00 1.122196e+00
1.380384e-02 3.960471e+00 4.462910e+00 5.966816e+00 1.126864e+00
1.412538e-02 3.899166e+00 4.411749e+00 5.887871e+00 1.131460e+00
1.445440e-02 3.838810e+00 4.360813e+00 5.809746e+00 1.135980e+00
1.479108e-02 3.779397e+00 4.310108e+00 5.732441e+00 1.140422e+00
1.513561e-02 3.720923e+00 4.259641e+00 5.655954e+00 1.144781e+00
1.548817e-02 3.663382e+00 4.209419e+00 5.580285e+00 1.149053e+00
1.584893e-02 3.606770e+00 4.159451e+00 5.505435e+00 1.153234e+00
1.621810e-02 3.551081e+00 4.109743e+00 5.431405e+00 1.157322e+00
1.659587e-02 3.496310e+00 4.060303e+00 5.358194e+00 1.161311e+00
1.698244e-02 3.442451e+00 4.011141e+00 5.285804e+00 1.165199e+00
1.737801e-02 3.389500e+00 3.962266e+00 5.214236e+00 1.168982e+00
1.778279e-02 3.337449e+00 3.913684e+00 5.143491e+00 1.172657e+00
1.819701e-02 3.286294e+00 3.865407e+00 5.073569e+00 1.176221e+00
1.862087e-02 3.236026e+00 3.817444e+00 5.004472e+00 1.179670e+00
1.905461e-02 3.186639e+00 3.769803e+00 4.936201e+00 1.183003e+00
1.949845e-02 3.138126e+00 3.722494e+00 4.868757e+00 1.186215e+00
1.995262e-02 3.090479e+00 3.675527e+00 4.802141e+00 1.189307e+00
2.041738e-02 3.043689e+00 3.628911e+00 4.736353e+00 1.192274e+00
2.089296e-02 2.997747e+00 3.582657e+00 4.671393e+00 1.195117e+00
2.137962e-02 2.952644e+00 3.536772e+00 4.607262e+00 1.197832e+00
2.187762e-02 2.908371e+00 3.491268e+00 4.543960e+00 1.200421e+00
2.238721e-02 2.864916e+00 3.446152e+00 4.481485e+00 1.202881e+00
2.290868e-02 2.822269e+00 3.401434e+00 4.419836e+00 1.205212e+00
2.344229e-02 2.780419e+00 3.357121e+00 4.359013e+00 1.207416e+00
2.398833e-02 2.739354e+00 3.313224e+00 4.299013e+00 1.209491e+00
2.454709e-02 2.699062e+00 3.269749e+00 4.239834e+00 1.211439e+00
2.511886e-02 2.659530e+00 3.226704e+00 4.181473e+00 1.213261e+00
2.570396e-02 2.620745e+00 3.184096e+00 4.123927e+00 1.214958e+00
2.630268e-02 2.582694e+00 3.141932e+00 4.067191e+00 1.216533e+00
2.691535e-02 2.545363e+00 3.100217e+00 4.011262e+00 1.217986e+00
2.754229e-02 2.508739e+00 3.058958e+00 3.956134e+00 1.219321e+00
2.818383e-02 2.472806e+00 3.018160e+00 3.901802e+00 1.220541e+00
2.884032e-02 2.437551e+00 2.977827e+00 3.848260e+00 1.221647e+00
2.951209e-02 2.402959e+00 2.937963e+00 3.795502e+00 1.222644e+00
3.019952e-02 2.369015e+00 2.898571e+00 3.743521e+00 1.223534e+00
3.090295e-02 2.335705e+00 2.859655e+00 3.692309e+00 1.224322e+00
3.162278e-02 2.303014e+00 2.821216e+00 3.641858e+00 1.225010e+00
3.235937e-02 2.270927e+00 2.783256e+00 3.592161e+00 1.225604e+00
3.311311e-02 2.239429e+00 2.745776e+00 3.543208e+00 1.226106e+00
3.388442e-02 2.208505e+00 2.708777e+00 3.494992e+00 1.226521e+00
3.467369e-02 2.178141e+00 2.672258e+00 3.447501e+00 1.226852e+00
3.548134e-02 2.148323e+00 2.636219e+00 3.400727e+00 1.227105e+00
3.630781e-02 2.119036e+00 2.600659e+00 3.354660e+00 1.227284e+00
3.715352e-02 2.090267e+00 2.565576e+00 3.309289e+00 1.227392e+00
3.801894e-02 2.062000e+00 2.530968e+00 3.264604e+00 1.227433e+00
3.890451e-02 2.034224e+00 2.496832e+00 3.220595e+00 1.227412e+00
3.981072e-02 2.006924e+00 2.463165e+00 3.177251e+00 1.227333e+00
4.073803e-02 1.980088e+00 2.429964e+00 3.134561e+00 1.227200e+00
4.168694e-02 1.953703e+00 2.397225e+00 3.092514e+00 1.227016e+00
4.265795e-02 1.927757e+00 2.364944e+00 3.051099e+00 1.226785e+00
4.365158e-02 1.902238e+00 2.333116e+00 3.010305e+00 1.226511e+00
4.466836e-02 1.877134e+00 2.301736e+00 2.970121e+00 1.226197e+00
4.570882e-02 1.852435e+00 2.270800e+00 2.930537e+00 1.225846e+00
4.677351e-02 1.828129e+00 2.240302e+00 2.891541e+00 1.225461e+00
4.786301e-02 1.804207e+00 2.210236e+00 2.853122e+00 1.225045e+00
4.897788e-02 1.780659e+00 2.180597e+00 2.815270e+00 1.224601e+00
5.011872e-02 1.757474e+00 2.151379e+00 2.777975e+00 1.224131e+00
5.128614e-02 1.734644e+00 2.122576e+00 2.741225e+00 1.223638e+00
5.248075e-02 1.712160e+00 2.094182e+00 2.705012e+00 1.223123e+00
5.370318e-02 1.690014e+00 2.066190e+00 2.669323e+00 1.222588e+00
5.495409e-02 1.668197e+00 2.038595e+00 2.634151e+00 1.222035e+00
5.623413e-02 1.646703e+00 2.011390e+00 2.599485e+00 1.221465e+00
5.754399e-02 1.625524e+00 1.984570e+00 2.565316e+00 1.220880e+00
5.888437e-02 1.604652e+00 1.958127e+00 2.531634e+00 1.220281e+00
6.025596e-02 1.584083e+00 1.932056e+00 2.498431e+00 1.219669e+00
6.165950e-02 1.563808e+00 1.906350e+00 2.465698e+00 1.219043e+00
6.309573e-02 1.543823e+00 1.881004e+00 2.433426e+00 1.218406e+00
6.456542e-02 1.524122e+00 1.856011e+00 2.401609e+00 1.217757e+00
6.606934e-02 1.504699e+00 1.831365e+00 2.370236e+00 1.217097e+00
6.760830e-02 1.485550e+00 1.807061e+00 2.339301e+00 1.216426e+00
6.918310e-02 1.466670e+00 1.783094e+00 2.308797e+00 1.215743e+00
7.079458e-02 1.448054e+00 1.759456e+00 2.278716e+00 1.215049e+00
7.244360e-02 1.429698e+00 1.736144e+00 2.249051e+00 1.214344e+00
7.413102e-02 1.411597e+00 1.713152e+00 2.219796e+00 1.213626e+00
7.585776e-02 1.393749e+00 1.690474e+00 2.190945e+00 1.212897e+00
7.762471e-02 1.376149e+00 1.668106e+00 2.162490e+00 1.212155e+00
7.943282e-02 1.358794e+00 1.646043e+00 2.134427e+00 1.211400e+00
8.128305e-02 1.341680e+00 1.624280e+00 2.106749e+00 1.210632e+00
8.317638e-02 1.324804e+00 1.602813e+00 2.079450e+00 1.209849e+00
8.511380e-02 1.308162e+00 1.581637e+00 2.052526e+00 1.209053e+00
8.709636e-02 1.291753e+00 1.560749e+00 2.025972e+00 1.208240e+00
8.912509e-02 1.275573e+00 1.540143e+00 1.999782e+00 1.207413e+00
9.120108e-02 1.259619e+00 1.519818e+00 1.973952e+00 1.206569e+00
9.332543e-02 1.243889e+00 1.499768e+00 1.948477e+00 1.205709e+00
9.549926e-02 1.228378e+00 1.479990e+00 1.923352e+00 1.204832e+00
9.772372e-02 1.213086e+00 1.460481e+00 1.898574e+00 1.203938e+00
1.000000e-01 1.198010e+00 1.441237e+00 1.874138e+00 1.203027e+00
1.023293e-01 1.183146e+00 1.422256e+00 1.850040e+00 1.202098e+00
1.047129e-01 1.168491e+00 1.403535e+00 1.826276e+00 1.201151e+00
1.071519e-01 1.154045e+00 1.385070e+00 1.802842e+00 1.200187e+00
1.096478e-01 1.139803e+00 1.366859e+00 1.779735e+00 1.199206e+00
1.122018e-01 1.125763e+00 1.348899e+00 1.756950e+00 1.198209e+00
1.148154e-01 1.111923e+00 1.331189e+00 1.734485e+00 1.197195e+00
1.174898e-01 1.098280e+00 1.313724e+00 1.712335e+00 1.196165e+00
1.202264e-01 1.084831e+00 1.296503e+00 1.690497e+00 1.195120e+00
1.230269e-01 1.071574e+00 1.279524e+00 1.668967e+00 1.194061e+00
1.258925e-01 1.058505e+00 1.262784e+00 1.647743e+00 1.192989e+00
1.288250e-01 1.045622e+00 1.246282e+00 1.626820e+00 1.191905e+00
1.318257e-01 1.032922e+00 1.230015e+00 1.606195e+00 1.190811e+00
1.348963e-01 1.020402e+00 1.213980e+00 1.585865e+00 1.189708e+00
1.380384e-01 1.008059e+00 1.198177e+00 1.565826e+00 1.188598e+00
1.412538e-01 9.958906e-01 1.182602e+00 1.546074e+00 1.187482e+00
1.445440e-01 9.838935e-01 1.167254e+00 1.526607e+00 1.186362e+00
1.479108e-01 9.720646e-01 1.152131e+00 1.507420e+00 1.185241e+00
1.513561e-01 9.604009e-01 1.137231e+00 1.488510e+00 1.184121e+00
1.548817e-01 9.488994e-01 1.122551e+00 1.469874e+00 1.183003e+00
1.584893e-01 9.375568e-01 1.108089e+00 1.451508e+00 1.181890e+00
1.621810e-01 9.263703e-01 1.093844e+00 1.433408e+00 1.180785e+00
1.659587e-01 9.153366e-01 1.079814e+00 1.415570e+00 1.179690e+00
1.698244e-01 9.044526e-01 1.065995e+00 1.397992e+00 1.178608e+00
1.737801e-01 8.937153e-01 1.052387e+00 1.380668e+00 1.177541e+00
1.778279e-01 8.831215e-01 1.038986e+00 1.363596e+00 1.176493e+00
1.819701e-01 8.726682e-01 1.025791e+00 1.346772e+00 1.175465e+00
1.862087e-01 8.623523e-01 1.012798e+00 1.330192e+00 1.174460e+00
1.905461e-01 8.521708e-01 1.000007e+00 1.313853e+00 1.173482e+00
1.949845e-01 8.421207e-01 9.874139e-01 1.297749e+00 1.172532e+00
1.995262e-01 8.321991e-01 9.750170e-01 1.281879e+00 1.171615e+00
2.041738e-01 8.224030e-01 9.628137e-01 1.266237e+00 1.170732e+00
2.089296e-01 8.127296e-01 9.508015e-01 1.250821e+00 1.169887e+00
2.137962e-01 8.031762e-01 9.389781e-01 1.235626e+00 1.169081e+00
2.187762e-01 7.937399e-01 9.273409e-01 1.220649e+00 1.168318e+00
2.238721e-01 7.844180e-01 9.158873e-01 1.205886e+00 1.167601e+00
2.290868e-01 7.752080e-01 9.046148e-01 1.191333e+00 1.166932e+00
2.344229e-01 7.661072e-01 8.935210e-01 1.176988e+00 1.166313e+00
2.398833e-01 7.571132e-01 8.826032e-01 1.162845e+00 1.165748e+00
2.454709e-01 7.482236e-01 8.718590e-01 1.148902e+00 1.165239e+00
2.511886e-01 7.394358e-01 8.612857e-01 1.135156e+00 1.164788e+00
2.570396e-01 7.307478e-01 8.508808e-01 1.121602e+00 1.164397e+00
2.630268e-01 7.221571e-01 8.406419e-01 1.108237e+00 1.164071e+00
2.691535e-01 7.136616e-01 8.305664e-01 1.095059e+00 1.163810e+00
2.754229e-01 7.052592e-01 8.206519e-01 1.082063e+00 1.163617e+00
2.818383e-01 6.969478e-01 8.108958e-01 1.069247e+00 1.163496e+00
2.884032e-01 6.887253e-01 8.012957e-01 1.056607e+00 1.163447e+00
2.951209e-01 6.805899e-01 7.918493e-01 1.044140e+00 1.163475e+00
3.019952e-01 6.725396e-01 7.825541e-01 1.031843e+00 1.163581e+00
3.090295e-01 6.645725e-01 7.734078e-01 1.019714e+00 1.163767e+00
3.162278e-01 6.566867e-01 7.644080e-01 1.007749e+00 1.164038e+00
3.235937e-01 6.488805e-01 7.555526e-01 9.959446e-01 1.164394e+00
3.311311e-01 6.411522e-01 7.468391e-01 9.842991e-01 1.164839e+00
3.388442e-01 6.334999e-01 7.382654e-01 9.728093e-01 1.165376e+00
3.467369e-01 6.259220e-01 7.298294e-01 9.614725e-01 1.166007e+00
3.548134e-01 6.184168e-01 7.215287e-01 9.502858e-01 1.166735e+00
3.630781e-01 6.109827e-01 7.133613e-01 9.392466e-01 1.167564e+00
3.715352e-01 6.036179e-01 7.053251e-01 9.283523e-01 1.168496e+00
3.801894e-01 5.963209e-01 6.974179e-01 9.176003e-01 1.169535e+00
3.890451e-01 5.890901e-01 6.896377e-01 9.069881e-01 1.170683e+00
3.981072e-01 5.819238e-01 6.819825e-01 8.965130e-01 1.171945e+00
4.073803e-01 5.748206e-01 6.744502e-01 8.861725e-01 1.173323e+00
4.168694e-01 5.677787e-01 6.670387e-01 8.759642e-01 1.174822e+00
4.265795e-01 5.607967e-01 6.597461e-01 8.658856e-01 1.176444e+00
4.365158e-01 5.538731e-01 6.525704e-01 8.559343e-01 1.178195e+00
4.466836e-01 5.470061e-01 6.455095e-01 8.461077e-01 1.180077e+00
4.570882e-01 5.401944e-01 6.385615e-01 8.364035e-01 1.182096e+00
4.677351e-01 5.334365e-01 6.317243e-01 8.268192e-01 1.184254e+00
4.786301e-01 5.267307e-01 6.249959e-01 8.173525e-01 1.186557e+00
4.897788e-01 5.200756e-01 6.183744e-01 8.080010e-01 1.189009e+00
5.011872e-01 5.134698e-01 6.118577e-01 7.987622e-01 1.191614e+00
5.128614e-01 5.069117e-01 6.054437e-01 7.896339e-01 1.194377e+00
5.248075e-01 5.004000e-01 5.991305e-01 7.806135e-01 1.197303e+00
5.370318e-01 4.939332e-01 5.929159e-01 7.716989e-01 1.200397e+00
5.495409e-01 4.875098e-01 5.867979e-01 7.628877e-01 1.203664e+00
5.623413e-01 4.811286e-01 5.807744e-01 7.541775e-01 1.207108e+00
5.754399e-01 4.747882e-01 5.748432e-01 7.455660e-01 1.210736e+00
5.888437e-01 4.684873e-01 5.690023e-01 7.370508e-01 1.214552e+00
6.025596e-01 4.622245e-01 5.632495e-01 7.286298e-01 1.218563e+00
6.165950e-01 4.559987e-01 5.575825e-01 7.203007e-01 1.222772e+00
6.309573e-01 4.498087e-01 5.519992e-01 7.120611e-01 1.227187e+00
6.456542e-01 4.436533e-01 5.464974e-01 7.039088e-01 1.231812e+00
6.606934e-01 4.375314e-01 5.410748e-01 6.958417e-01 1.236654e+00
6.760830e-01 4.314419e-01 5.357293e-01 6.878575e-01 1.241718e+00
6.918310e-01 4.253839e-01 5.304584e-01 6.799541e-01 1.247011e+00
7.079458e-01 4.193564e-01 5.252600e-01 6.721294e-01 1.252538e+00
7.244360e-01 4.133585e-01 5.201317e-01 6.643811e-01 1.258307e+00
7.413102e-01 4.073894e-01 5.150713e-01 6.567073e-01 1.264322e+00
7.585776e-01 4.014483e-01 5.100763e-01 6.491060e-01 1.270590e+00
7.762471e-01 3.955345e-01 5.051446e-01 6.415751e-01 1.277119e+00
7.943282e-01 3.896474e-01 5.002736e-01 6.341126e-01 1.283914e+00
8.128305e-01 3.837864e-01 4.954613e-01 6.267168e-01 1.290982e+00
8.317638e-01 3.779511e-01 4.907051e-01 6.193856e-01 1.298330e+00
8.511380e-01 3.721409e-01 4.860028e-01 6.121173e-01 1.305964e+00
8.709636e-01 3.663556e-01 4.813521e-01 6.049101e-01 1.313893e+00
8.912509e-01 3.605948e-01 4.767506e-01 5.977623e-01 1.322123e+00
9.120108e-01 3.548585e-01 4.721961e-01 5.906722e-01 1.330660e+00
9.332543e-01 3.491463e-01 4.676863e-01 5.836383e-01 1.339514e+00
9.549926e-01 3.434584e-01 4.632190e-01 5.766589e-01 1.348690e+00
9.772372e-01 3.377946e-01 4.587919e-01 5.697326e-01 1.358198e+00
1.000000e+00 3.321552e-01 4.544029e-01 5.628580e-01 1.368044e+00
1.023293e+00 3.265402e-01 4.500498e-01 5.560336e-01 1.378237e+00
1.047129e+00 3.209500e-01 4.457304e-01 5.492581e-01 1.388785e+00
1.071519e+00 3.153847e-01 4.414427e-01 5.425303e-01 1.399696e+00
1.096478e+00 3.098449e-01 4.371846e-01 5.358491e-01 1.410979e+00
1.122018e+00 3.043309e-01 4.329542e-01 5.292132e-01 1.422643e+00
1.148154e+00 2.988433e-01 4.287494e-01 5.226216e-01 1.434696e+00
1.174898e+00 2.933827e-01 4.245684e-01 5.160734e-01 1.447149e+00
1.202264e+00 2.879497e-01 4.204093e-01 5.095675e-01 1.460010e+00
1.230269e+00 2.825450e-01 4.162704e-01 5.031031e-01 1.473289e+00
1.258925e+00 2.771695e-01 4.121498e-01 4.966794e-01 1.486996e+00
1.288250e+00 2.718238e-01 4.080460e-01 4.902956e-01 1.501142e+00
1.318257e+00 2.665090e-01 4.039574e-01 4.839510e-01 1.515736e+00
1.348963e+00 2.612260e-01 3.998823e-01 4.776451e-01 1.530791e+00
1.380384e+00 2.559757e-01 3.958193e-01 4.713772e-01 1.546316e+00
1.412538e+00 2.507592e-01 3.917671e-01 4.651469e-01 1.562324e+00
1.445440e+00 2.455776e-01 3.877243e-01 4.589537e-01 1.578826e+00
1.479108e+00 2.404320e-01 3.836896e-01 4.527972e-01 1.595834e+00
1.513561e+00 2.353236e-01 3.796620e-01 4.466771e-01 1.613361e+00
1.548817e+00 2.302536e-01 3.756402e-01 4.405931e-01 1.631419e+00
1.584893e+00 2.252233e-01 3.716233e-01 4.345451e-01 1.650022e+00
1.621810e+00 2.202338e-01 3.676105e-01 4.285328e-01 1.669183e+00
1.659587e+00 2.152864e-01 3.636007e-01 4.225562e-01 1.688916e+00
1.698244e+00 2.103826e-01 3.595934e-01 4.166152e-01 1.709236e+00
1.737801e+00 2.055236e-01 3.555878e-01 4.107099e-01 1.730156e+00
1.778279e+00 2.007108e-01 3.515834e-01 4.048403e-01 1.751692e+00
1.819701e+00 1.959455e-01 3.475796e-01 3.990065e-01 1.773859e+00
1.862087e+00 1.912290e-01 3.435761e-01 3.932087e-01 1.796674e+00
1.905461e+00 1.865629e-01 3.395726e-01 3.874471e-01 1.820151e+00
1.949845e+00 1.819483e-01 3.355689e-01 3.817220e-01 1.844309e+00
1.995262e+00 1.773867e-01 3.315648e-01 3.760336e-01 1.869164e+00
2.041738e+00 1.728794e-01 3.275604e-01 3.703823e-01 1.894734e+00
2.089296e+00 1.684277e-01 3.235556e-01 3.647686e-01 1.921036e+00
2.137962e+00 1.640329e-01 3.195507e-01 3.591927e-01 1.948088e+00
2.187762e+00 1.596964e-01 3.155458e-01 3.536553e-01 1.975911e+00
2.238721e+00 1.554193e-01 3.115413e-01 3.481568e-01 2.004522e+00
2.290868e+00 1.512028e-01 3.075377e-01 3.426977e-01 2.033941e+00
2.344229e+00 1.470482e-01 3.035353e-01 3.372786e-01 2.064190e+00
2.398833e+00 1.429565e-01 2.995349e-01 3.319001e-01 2.095287e+00
2.454709e+00 1.389288e-01 2.955370e-01 3.265629e-01 2.127255e+00
2.511886e+00 1.349661e-01 2.915423e-01 3.212675e-01 2.160115e+00
2.570396e+00 1.310694e-01 2.875517e-01 3.160146e-01 2.193889e+00
2.630268e+00 1.272397e-01 2.835661e-01 3.108049e-01 2.228599e+00
2.691535e+00 1.234776e-01 2.795863e-01 3.056390e-01 2.264268e+00
2.754229e+00 1.197840e-01 2.756134e-01 3.005178e-01 2.300921e+00
2.818383e+00 1.161595e-01 2.716484e-01 2.954418e-01 2.338580e+00
2.884032e+00 1.126049e-01 2.676923e-01 2.904119e-01 2.377272e+00
2.951209e+00 1.091205e-01 2.637464e-01 2.854286e-01 2.417020e+00
3.019952e+00 1.057069e-01 2.598118e-01 2.804927e-01 2.457850e+00
3.090295e+00 1.023645e-01 2.558898e-01 2.756049e-01 2.499789e+00
3.162278e+00 9.909355e-02 2.519814e-01 2.707659e-01 2.542864e+00
3.235937e+00 9.589423e-02 2.480881e-01 2.659764e-01 2.587102e+00
3.311311e+00 9.276669e-02 2.442112e-01 2.612370e-01 2.632531e+00
3.388442e+00 8.971098e-02 2.403518e-01 2.565483e-01 2.679179e+00
3.467369e+00 8.672706e-02 2.365113e-01 2.519110e-01 2.727076e+00
3.548134e+00 8.381481e-02 2.326910e-01 2.473257e-01 2.776251e+00
3.630781e+00 8.097403e-02 2.288922e-01 2.427930e-01 2.826736e+00
3.715352e+00 7.820443e-02 2.251163e-01 2.383134e-01 2.878562e+00
3.801894e+00 7.550565e-02 2.213644e-01 2.338873e-01 2.931759e+00
3.890451e+00 7.287725e-02 2.176378e-01 2.295154e-01 2.986362e+00
3.981072e+00 7.031874e-02 2.139379e-01 2.251980e-01 3.042402e+00
4.073803e+00 6.782951e-02 2.102657e-01 2.209355e-01 3.099915e+00
4.168694e+00 6.540894e-02 2.066225e-01 2.167284e-01 3.158934e+00
4.265795e+00 6.305629e-02 2.030095e-01 2.125769e-01 3.219496e+00
4.365158e+00 6.077080e-02 1.994277e-01 2.084814e-01 3.281637e+00
4.466836e+00 5.855164e-02 1.958783e-01 2.044421e-01 3.345394e+00
4.570882e+00 5.639790e-02 1.923622e-01 2.004593e-01 3.410804e+00
4.677351e+00 5.430866e-02 1.888804e-01 1.965331e-01 3.477906e+00
4.786301e+00 5.228293e-02 1.854340e-01 1.926636e-01 3.546741e+00
4.897788e+00 5.031967e-02 1.820237e-01 1.888510e-01 3.617347e+00
5.011872e+00 4.841782e-02 1.786505e-01 1.850953e-01 3.689768e+00
5.128614e+00 4.657626e-02 1.753151e-01 1.813966e-01 3.764044e+00
5.248075e+00 4.479386e-02 1.720182e-01 1.777548e-01 3.840219e+00
5.370318e+00 4.306945e-02 1.687606e-01 1.741698e-01 3.918337e+00
5.495409e+00 4.140184e-02 1.655429e-01 1.706416e-01 3.998443e+00
5.623413e+00 3.978982e-02 1.623656e-01 1.671701e-01 4.080583e+00
5.754399e+00 3.823214e-02 1.592294e-01 1.637550e-01 4.164804e+00
5.888437e+00 3.672758e-02 1.561346e-01 1.603961e-01 4.251154e+00
6.025596e+00 3.527486e-02 1.530817e-01 1.570933e-01 4.339682e+00
6.165950e+00 3.387273e-02 1.500710e-01 1.538463e-01 4.430438e+00
6.309573e+00 3.251991e-02 1.471029e-01 1.506546e-01 4.523473e+00
6.456542e+00 3.121513e-02 1.441777e-01 1.475181e-01 4.618841e+00
6.606934e+00 2.995711e-02 1.412955e-01 1.444363e-01 4.716593e+00
6.760830e+00 2.874460e-02 1.384566e-01 1.414089e-01 4.816786e+00
6.918310e+00 2.757632e-02 1.356610e-01 1.384354e-01 4.919474e+00
7.079458e+00 2.645102e-02 1.329088e-01 1.355154e-01 5.024716e+00
7.244360e+00 2.536745e-02 1.302002e-01 1.326484e-01 5.132568e+00
7.413102e+00 2.432438e-02 1.275350e-01 1.298339e-01 5.243092e+00
7.585776e+00 2.332058e-02 1.249132e-01 1.270714e-01 5.356348e+00
7.762471e+00 2.235486e-02 1.223347e-01 1.243605e-01 5.472398e+00
7.943282e+00 2.142602e-02 1.197995e-01 1.217004e-01 5.591307e+00
8.128305e+00 2.053290e-02 1.173073e-01 1.190907e-01 5.713139e+00
8.317638e+00 1.967433e-02 1.148580e-01 1.165308e-01 5.837961e+00
8.511380e+00 1.884920e-02 1.124513e-01 1.140201e-01 5.965842e+00
8.709636e+00 1.805638e-02 1.100871e-01 1.115580e-01 6.096851e+00
8.912509e+00 1.729480e-02 1.077649e-01 1.091439e-01 6.231059e+00
9.120108e+00 1.656338e-02 1.054846e-01 1.067770e-01 6.368539e+00
9.332543e+00 1.586110e-02 1.032457e-01 1.044569e-01 6.509366e+00
9.549926e+00 1.518692e-02 1.010479e-01 1.021828e-01 6.653616e+00
9.772372e+00 1.453986e-02 9.889093e-02 9.995411e-02 6.801367e+00
1.000000e+01 1.391895e-02 9.677428e-02 9.777013e-02 6.952699e+00
