1.000000e-06 4.367805e+01 3.873020e-01 4.367977e+01 8.867201e-03
1.023293e-06 4.367776e+01 3.963183e-01 4.367956e+01 9.073687e-03
1.047129e-06 4.367745e+01 4.055442e-01 4.367934e+01 9.284978e-03
1.071519e-06 4.367713e+01 4.149846e-01 4.367910e+01 9.501187e-03
1.096478e-06 4.367680e+01 4.246445e-01 4.367886e+01 9.722428e-03
1.122018e-06 4.367645e+01 4.345289e-01 4.367861e+01 9.948816e-03
1.148154e-06 4.367608e+01 4.446431e-01 4.367834e+01 1.018047e-02
1.174898e-06 4.367569e+01 4.549924e-01 4.367806e+01 1.041752e-02
1.202264e-06 4.367529e+01 4.655821e-01 4.367777e+01 1.066008e-02
1.230269e-06 4.367487e+01 4.764180e-01 4.367747e+01 1.090829e-02
1.258925e-06 4.367443e+01 4.875056e-01 4.367715e+01 1.116227e-02
1.288250e-06 4.367396e+01 4.988507e-01 4.367681e+01 1.142215e-02
1.318257e-06 4.367348e+01 5.104594e-01 4.367646e+01 1.168809e-02
1.348963e-06 4.367297e+01 5.223377e-01 4.367609e+01 1.196021e-02
1.380384e-06 4.367244e+01 5.344919e-01 4.367571e+01 1.223865e-02
1.412538e-06 4.367188e+01 5.469282e-01 4.367531e+01 1.252358e-02
1.445440e-06 4.367130e+01 5.596533e-01 4.367489e+01 1.281513e-02
1.479108e-06 4.367069e+01 5.726737e-01 4.367444e+01 1.311346e-02
1.513561e-06 4.367005e+01 5.859963e-01 4.367398e+01 1.341872e-02
1.548817e-06 4.366938e+01 5.996280e-01 4.367350e+01 1.373109e-02
1.584893e-06 4.366868e+01 6.135760e-01 4.367299e+01 1.405071e-02
1.621810e-06 4.366795e+01 6.278475e-01 4.367246e+01 1.437776e-02
1.659587e-06 4.366718e+01 6.424499e-01 4.367191e+01 1.471242e-02
1.698244e-06 4.366638e+01 6.573909e-01 4.367132e+01 1.505485e-02
1.737801e-06 4.366553e+01 6.726783e-01 4.367072e+01 1.540524e-02
1.778279e-06 4.366465e+01 6.883199e-01 4.367008e+01 1.576378e-02
1.819701e-06 4.366373e+01 7.043239e-01 4.366941e+01 1.613064e-02
1.862087e-06 4.366276e+01 7.206987e-01 4.366871e+01 1.650602e-02
1.905461e-06 4.366175e+01 7.374526e-01 4.366798e+01 1.689013e-02
1.949845e-06 4.366069e+01 7.545944e-01 4.366721e+01 1.728315e-02
1.995262e-06 4.365958e+01 7.721330e-01 4.366641e+01 1.768530e-02
2.041738e-06 4.365842e+01 7.900774e-01 4.366557e+01 1.809679e-02
2.089296e-06 4.365721e+01 8.084368e-01 4.366469e+01 1.851783e-02
2.137962e-06 4.365593e+01 8.272207e-01 4.366377e+01 1.894864e-02
2.187762e-06 4.365460e+01 8.464388e-01 4.366281e+01 1.938945e-02
2.238721e-06 4.365321e+01 8.661010e-01 4.366180e+01 1.984049e-02
2.290868e-06 4.365175e+01 8.862173e-01 4.366074e+01 2.030199e-02
2.344229e-06 4.365022e+01 9.067980e-01 4.365963e+01 2.077419e-02
2.398833e-06 4.364861e+01 9.278537e-01 4.365848e+01 2.125735e-02
2.454709e-06 4.364694e+01 9.493952e-01 4.365726e+01 2.175170e-02
2.511886e-06 4.364518e+01 9.714333e-01 4.365599e+01 2.225751e-02
2.570396e-06 4.364335e+01 9.939793e-01 4.365466e+01 2.277505e-02
2.630268e-06 4.364142e+01 1.017045e+00 4.365327e+01 2.330457e-02
2.691535e-06 4.363941e+01 1.040641e+00 4.365181e+01 2.384636e-02
2.754229e-06 4.363730e+01 1.064781e+00 4.365029e+01 2.440070e-02
2.818383e-06 4.363509e+01 1.089475e+00 4.364869e+01 2.496786e-02
2.884032e-06 4.363278e+01 1.114737e+00 4.364702e+01 2.554816e-02
2.951209e-06 4.363036e+01 1.140579e+00 4.364527e+01 2.614187e-02
3.019952e-06 4.362783e+01 1.167015e+00 4.364343e+01 2.674932e-02
3.090295e-06 4.362518e+01 1.194057e+00 4.364151e+01 2.737082e-02
3.162278e-06 4.362240e+01 1.221718e+00 4.363950e+01 2.800667e-02
3.235937e-06 4.361949e+01 1.250013e+00 4.363740e+01 2.865722e-02
3.311311e-06 4.361645e+01 1.278956e+00 4.363520e+01 2.932279e-02
3.388442e-06 4.361327e+01 1.308560e+00 4.363289e+01 3.000372e-02
3.467369e-06 4.360993e+01 1.338841e+00 4.363048e+01 3.070037e-02
3.548134e-06 4.360645e+01 1.369813e+00 4.362796e+01 3.141309e-02
3.630781e-06 4.360279e+01 1.401491e+00 4.362531e+01 3.214223e-02
3.715352e-06 4.359897e+01 1.433891e+00 4.362254e+01 3.288818e-02
3.801894e-06 4.359497e+01 1.467028e+00 4.361964e+01 3.365131e-02
3.890451e-06 4.359078e+01 1.500918e+00 4.361661e+01 3.443201e-02
3.981072e-06 4.358640e+01 1.535578e+00 4.361344e+01 3.523066e-02
4.073803e-06 4.358181e+01 1.571023e+00 4.361011e+01 3.604768e-02
4.168694e-06 4.357700e+01 1.607271e+00 4.360663e+01 3.688347e-02
4.265795e-06 4.357198e+01 1.644339e+00 4.360299e+01 3.773846e-02
4.365158e-06 4.356672e+01 1.682244e+00 4.359918e+01 3.861306e-02
4.466836e-06 4.356121e+01 1.721004e+00 4.359519e+01 3.950773e-02
4.570882e-06 4.355545e+01 1.760637e+00 4.359102e+01 4.042289e-02
4.677351e-06 4.354942e+01 1.801161e+00 4.358665e+01 4.135901e-02
4.786301e-06 4.354311e+01 1.842594e+00 4.358207e+01 4.231654e-02
4.897788e-06 4.353650e+01 1.884955e+00 4.357729e+01 4.329596e-02
5.011872e-06 4.352959e+01 1.928263e+00 4.357228e+01 4.429775e-02
5.128614e-06 4.352236e+01 1.972538e+00 4.356704e+01 4.532240e-02
5.248075e-06 4.351479e+01 2.017799e+00 4.356155e+01 4.637041e-02
5.370318e-06 4.350687e+01 2.064065e+00 4.355581e+01 4.744228e-02
5.495409e-06 4.349859e+01 2.111358e+00 4.354980e+01 4.853853e-02
5.623413e-06 4.348992e+01 2.159696e+00 4.354351e+01 4.965970e-02
5.754399e-06 4.348085e+01 2.209102e+00 4.353694e+01 5.080630e-02
5.888437e-06 4.347137e+01 2.259594e+00 4.353005e+01 5.197890e-02
6.025596e-06 4.346144e+01 2.311195e+00 4.352285e+01 5.317804e-02
6.165950e-06 4.345106e+01 2.363924e+00 4.351532e+01 5.440429e-02
6.309573e-06 4.344020e+01 2.417805e+00 4.350744e+01 5.565823e-02
6.456542e-06 4.342884e+01 2.472857e+00 4.349919e+01 5.694043e-02
6.606934e-06 4.341696e+01 2.529102e+00 4.349056e+01 5.825148e-02
6.760830e-06 4.340454e+01 2.586563e+00 4.348154e+01 5.959199e-02
6.918310e-06 4.339154e+01 2.645260e+00 4.347210e+01 6.096258e-02
7.079458e-06 4.337796e+01 2.705216e+00 4.346223e+01 6.236385e-02
7.244360e-06 4.336375e+01 2.766452e+00 4.345190e+01 6.379643e-02
7.413102e-06 4.334889e+01 2.828990e+00 4.344110e+01 6.526097e-02
7.585776e-06 4.333335e+01 2.892853e+00 4.342981e+01 6.675811e-02
7.762471e-06 4.331711e+01 2.958060e+00 4.341799e+01 6.828849e-02
7.943282e-06 4.330013e+01 3.024635e+00 4.340564e+01 6.985279e-02
8.128305e-06 4.328238e+01 3.092599e+00 4.339273e+01 7.145167e-02
8.317638e-06 4.326383e+01 3.161972e+00 4.337922e+01 7.308581e-02
8.511380e-06 4.324444e+01 3.232776e+00 4.336511e+01 7.475589e-02
8.709636e-06 4.322418e+01 3.305032e+00 4.335035e+01 7.646259e-02
8.912509e-06 4.320300e+01 3.378761e+00 4.333492e+01 7.820662e-02
9.120108e-06 4.318088e+01 3.453981e+00 4.331880e+01 7.998867e-02
9.332543e-06 4.315776e+01 3.530713e+00 4.330194e+01 8.180946e-02
9.549926e-06 4.313361e+01 3.608976e+00 4.328433e+01 8.366969e-02
9.772372e-06 4.310839e+01 3.688788e+00 4.326593e+01 8.557007e-02
1.000000e-05 4.308205e+01 3.770167e+00 4.324670e+01 8.751132e-02
1.023293e-05 4.305453e+01 3.853130e+00 4.322661e+01 8.949416e-02
1.047129e-05 4.302581e+01 3.937692e+00 4.320562e+01 9.151932e-02
1.071519e-05 4.299582e+01 4.023871e+00 4.318370e+01 9.358750e-02
1.096478e-05 4.296451e+01 4.111679e+00 4.316080e+01 9.569942e-02
1.122018e-05 4.293183e+01 4.201129e+00 4.313689e+01 9.785582e-02
1.148154e-05 4.289772e+01 4.292234e+00 4.311192e+01 1.000574e-01
1.174898e-05 4.286214e+01 4.385004e+00 4.308586e+01 1.023048e-01
1.202264e-05 4.282501e+01 4.479449e+00 4.305865e+01 1.045989e-01
1.230269e-05 4.278629e+01 4.575575e+00 4.303025e+01 1.069402e-01
1.258925e-05 4.274590e+01 4.673389e+00 4.300061e+01 1.093295e-01
1.288250e-05 4.270378e+01 4.772894e+00 4.296968e+01 1.117675e-01
1.318257e-05 4.265988e+01 4.874093e+00 4.293742e+01 1.142547e-01
1.348963e-05 4.261411e+01 4.976985e+00 4.290376e+01 1.167920e-01
1.380384e-05 4.256642e+01 5.081569e+00 4.286866e+01 1.193798e-01
1.412538e-05 4.251673e+01 5.187839e+00 4.283206e+01 1.220188e-01
1.445440e-05 4.246496e+01 5.295788e+00 4.279391e+01 1.247096e-01
1.479108e-05 4.241106e+01 5.405406e+00 4.275413e+01 1.274528e-01
1.513561e-05 4.235493e+01 5.516680e+00 4.271269e+01 1.302488e-01
1.548817e-05 4.229650e+01 5.629594e+00 4.266950e+01 1.330983e-01
1.584893e-05 4.223570e+01 5.744129e+00 4.262452e+01 1.360017e-01
1.621810e-05 4.217245e+01 5.860262e+00 4.257767e+01 1.389595e-01
1.659587e-05 4.210666e+01 5.977966e+00 4.252889e+01 1.419720e-01
1.698244e-05 4.203825e+01 6.097212e+00 4.247812e+01 1.450396e-01
1.737801e-05 4.196714e+01 6.217964e+00 4.242528e+01 1.481627e-01
1.778279e-05 4.189325e+01 6.340186e+00 4.237031e+01 1.513415e-01
1.819701e-05 4.181650e+01 6.463834e+00 4.231313e+01 1.545762e-01
1.862087e-05 4.173679e+01 6.588861e+00 4.225367e+01 1.578670e-01
1.905461e-05 4.165405e+01 6.715216e+00 4.219187e+01 1.612140e-01
1.949845e-05 4.156819e+01 6.842842e+00 4.212765e+01 1.646172e-01
1.995262e-05 4.147913e+01 6.971676e+00 4.206094e+01 1.680767e-01
2.041738e-05 4.138679e+01 7.101653e+00 4.199166e+01 1.715923e-01
2.089296e-05 4.129107e+01 7.232700e+00 4.191974e+01 1.751638e-01
2.137962e-05 4.119191e+01 7.364740e+00 4.184510e+01 1.787909e-01
2.187762e-05 4.108922e+01 7.497690e+00 4.176768e+01 1.824734e-01
2.238721e-05 4.098292e+01 7.631461e+00 4.168740e+01 1.862108e-01
2.290868e-05 4.087294e+01 7.765959e+00 4.160418e+01 1.900024e-01
2.344229e-05 4.075921e+01 7.901084e+00 4.151795e+01 1.938478e-01
2.398833e-05 4.064166e+01 8.036731e+00 4.142866e+01 1.977461e-01
2.454709e-05 4.052022e+01 8.172788e+00 4.133621e+01 2.016965e-01
2.511886e-05 4.039483e+01 8.309138e+00 4.124056e+01 2.056981e-01
2.570396e-05 4.026543e+01 8.445658e+00 4.114163e+01 2.097496e-01
2.630268e-05 4.013197e+01 8.582220e+00 4.103937e+01 2.138500e-01
2.691535e-05 3.999440e+01 8.718691e+00 4.093370e+01 2.179978e-01
2.754229e-05 3.985269e+01 8.854932e+00 4.082458e+01 2.221916e-01
2.818383e-05 3.970679e+01 8.990799e+00 4.071196e+01 2.264298e-01
2.884032e-05 3.955667e+01 9.126143e+00 4.059577e+01 2.307106e-01
2.951209e-05 3.940232e+01 9.260813e+00 4.047599e+01 2.350322e-01
3.019952e-05 3.924373e+01 9.394652e+00 4.035257e+01 2.393924e-01
3.090295e-05 3.908088e+01 9.527498e+00 4.022547e+01 2.437893e-01
3.162278e-05 3.891378e+01 9.659189e+00 4.009466e+01 2.482203e-01
3.235937e-05 3.874244e+01 9.789558e+00 3.996013e+01 2.526831e-01
3.311311e-05 3.856688e+01 9.918437e+00 3.982185e+01 2.571750e-01
3.388442e-05 3.838714e+01 1.004566e+01 3.967981e+01 2.616933e-01
3.467369e-05 3.820325e+01 1.017104e+01 3.953402e+01 2.662350e-01
3.548134e-05 3.801527e+01 1.029443e+01 3.938446e+01 2.707973e-01
3.630781e-05 3.782325e+01 1.041564e+01 3.923116e+01 2.753767e-01
3.715352e-05 3.762727e+01 1.053452e+01 3.907413e+01 2.799702e-01
3.801894e-05 3.742742e+01 1.065088e+01 3.891340e+01 2.845742e-01
3.890451e-05 3.722377e+01 1.076457e+01 3.874900e+01 2.891852e-01
3.981072e-05 3.701645e+01 1.087542e+01 3.858098e+01 2.937996e-01
4.073803e-05 3.680556e+01 1.098328e+01 3.840939e+01 2.984136e-01
4.168694e-05 3.659122e+01 1.108800e+01 3.823430e+01 3.030234e-01
4.265795e-05 3.637358e+01 1.118942e+01 3.805576e+01 3.076250e-01
4.365158e-05 3.615278e+01 1.128743e+01 3.787386e+01 3.122146e-01
4.466836e-05 3.592897e+01 1.138187e+01 3.768869e+01 3.167881e-01
4.570882e-05 3.570231e+01 1.147263e+01 3.750034e+01 3.213414e-01
4.677351e-05 3.547297e+01 1.155959e+01 3.730892e+01 3.258705e-01
4.786301e-05 3.524114e+01 1.164266e+01 3.711455e+01 3.303713e-01
4.897788e-05 3.500700e+01 1.172174e+01 3.691733e+01 3.348399e-01
5.011872e-05 3.477073e+01 1.179674e+01 3.671740e+01 3.392722e-01
5.128614e-05 3.453255e+01 1.186761e+01 3.651489e+01 3.436643e-01
5.248075e-05 3.429265e+01 1.193426e+01 3.630995e+01 3.480124e-01
5.370318e-05 3.405123e+01 1.199668e+01 3.610272e+01 3.523126e-01
5.495409e-05 3.380850e+01 1.205481e+01 3.589336e+01 3.565615e-01
5.623413e-05 3.356468e+01 1.210864e+01 3.568202e+01 3.607555e-01
5.754399e-05 3.331996e+01 1.215817e+01 3.546887e+01 3.648914e-01
5.888437e-05 3.307457e+01 1.220339e+01 3.525408e+01 3.689660e-01
6.025596e-05 3.282871e+01 1.224433e+01 3.503781e+01 3.729764e-01
6.165950e-05 3.258258e+01 1.228103e+01 3.482023e+01 3.769201e-01
6.309573e-05 3.233639e+01 1.231352e+01 3.460152e+01 3.807945e-01
6.456542e-05 3.209034e+01 1.234186e+01 3.438185e+01 3.845975e-01
6.606934e-05 3.184461e+01 1.236613e+01 3.416139e+01 3.883272e-01
6.760830e-05 3.159940e+01 1.238640e+01 3.394031e+01 3.919821e-01
6.918310e-05 3.135487e+01 1.240276e+01 3.371879e+01 3.955609e-01
7.079458e-05 3.111121e+01 1.241532e+01 3.349698e+01 3.990627e-01
7.244360e-05 3.086858e+01 1.242419e+01 3.327506e+01 4.024867e-01
7.413102e-05 3.062712e+01 1.242949e+01 3.305318e+01 4.058328e-01
7.585776e-05 3.038698e+01 1.243134e+01 3.283149e+01 4.091010e-01
7.762471e-05 3.014829e+01 1.242989e+01 3.261014e+01 4.122916e-01
7.943282e-05 2.991117e+01 1.242526e+01 3.238928e+01 4.154054e-01
8.128305e-05 2.967573e+01 1.241762e+01 3.216903e+01 4.184434e-01
8.317638e-05 2.944208e+01 1.240710e+01 3.194953e+01 4.214070e-01
8.511380e-05 2.921029e+01 1.239387e+01 3.173089e+01 4.242979e-01
8.709636e-05 2.898045e+01 1.237807e+01 3.151322e+01 4.271180e-01
8.912509e-05 2.875261e+01 1.235987e+01 3.129663e+01 4.298696e-01
9.120108e-05 2.852683e+01 1.233943e+01 3.108121e+01 4.325553e-01
9.332543e-05 2.830314e+01 1.231690e+01 3.086703e+01 4.351779e-01
9.549926e-05 2.808158e+01 1.229244e+01 3.065419e+01 4.377405e-01
9.772372e-05 2.786215e+01 1.226621e+01 3.044272e+01 4.402462e-01
1.000000e-04 2.764488e+01 1.223835e+01 3.023270e+01 4.426985e-01
1.023293e-04 2.742974e+01 1.220901e+01 3.002417e+01 4.451010e-01
1.047129e-04 2.721674e+01 1.217833e+01 2.981715e+01 4.474575e-01
1.071519e-04 2.700584e+01 1.214646e+01 2.961169e+01 4.497718e-01
1.096478e-04 2.679701e+01 1.211353e+01 2.940778e+01 4.520478e-01
1.122018e-04 2.659021e+01 1.207965e+01 2.920544e+01 4.542895e-01
1.148154e-04 2.638540e+01 1.204496e+01 2.900466e+01 4.565009e-01
1.174898e-04 2.618251e+01 1.200955e+01 2.880544e+01 4.586860e-01
1.202264e-04 2.598149e+01 1.197354e+01 2.860775e+01 4.608487e-01
1.230269e-04 2.578227e+01 1.193701e+01 2.841158e+01 4.629930e-01
1.258925e-04 2.558478e+01 1.190006e+01 2.821688e+01 4.651227e-01
1.288250e-04 2.538894e+01 1.186276e+01 2.802362e+01 4.672414e-01
1.318257e-04 2.519466e+01 1.182518e+01 2.783175e+01 4.693527e-01
1.348963e-04 2.500188e+01 1.178739e+01 2.764121e+01 4.714599e-01
1.380384e-04 2.481051e+01 1.174942e+01 2.745196e+01 4.735663e-01
1.412538e-04 2.462045e+01 1.171133e+01 2.726393e+01 4.756748e-01
1.445440e-04 2.443163e+01 1.167314e+01 2.707705e+01 4.777882e-01
1.479108e-04 2.424396e+01 1.163489e+01 2.689127e+01 4.799088e-01
1.513561e-04 2.405736e+01 1.159658e+01 2.670650e+01 4.820389e-01
1.548817e-04 2.387174e+01 1.155822e+01 2.652268e+01 4.841803e-01
1.584893e-04 2.368702e+01 1.151982e+01 2.633973e+01 4.863347e-01
1.621810e-04 2.350314e+01 1.148136e+01 2.615758e+01 4.885033e-01
1.659587e-04 2.332001e+01 1.144282e+01 2.597616e+01 4.906870e-01
1.698244e-04 2.313756e+01 1.140419e+01 2.579539e+01 4.928864e-01
1.737801e-04 2.295574e+01 1.136543e+01 2.561521e+01 4.951017e-01
1.778279e-04 2.277448e+01 1.132650e+01 2.543553e+01 4.973329e-01
1.819701e-04 2.259373e+01 1.128736e+01 2.525631e+01 4.995794e-01
1.862087e-04 2.241344e+01 1.124797e+01 2.507747e+01 5.018404e-01
1.905461e-04 2.223358e+01 1.120828e+01 2.489895e+01 5.041147e-01
1.949845e-04 2.205411e+01 1.116822e+01 2.472070e+01 5.064008e-01
1.995262e-04 2.187500e+01 1.112774e+01 2.454266e+01 5.086967e-01
2.041738e-04 2.169623e+01 1.108678e+01 2.436479e+01 5.110002e-01
2.089296e-04 2.151779e+01 1.104527e+01 2.418705e+01 5.133088e-01
2.137962e-04 2.133968e+01 1.100316e+01 2.400940e+01 5.156195e-01
2.187762e-04 2.116190e+01 1.096036e+01 2.383182e+01 5.179292e-01
2.238721e-04 2.098445e+01 1.091683e+01 2.365427e+01 5.202344e-01
2.290868e-04 2.080737e+01 1.087250e+01 2.347675e+01 5.225313e-01
2.344229e-04 2.063066e+01 1.082730e+01 2.329924e+01 5.248159e-01
2.398833e-04 2.045437e+01 1.078117e+01 2.312174e+01 5.270840e-01
2.454709e-04 2.027853e+01 1.073406e+01 2.294426e+01 5.293312e-01
2.511886e-04 2.010319e+01 1.068591e+01 2.276680e+01 5.315529e-01
2.570396e-04 1.992840e+01 1.063667e+01 2.258938e+01 5.337443e-01
2.630268e-04 1.975422e+01 1.058630e+01 2.241202e+01 5.359007e-01
2.691535e-04 1.958070e+01 1.053475e+01 2.223477e+01 5.380169e-01
2.754229e-04 1.940792e+01 1.048199e+01 2.205764e+01 5.400881e-01
2.818383e-04 1.923595e+01 1.042799e+01 2.188069e+01 5.421092e-01
2.884032e-04 1.906486e+01 1.037272e+01 2.170397e+01 5.440753e-01
2.951209e-04 1.889473e+01 1.031617e+01 2.152752e+01 5.459813e-01
3.019952e-04 1.872564e+01 1.025833e+01 2.135142e+01 5.478225e-01
3.090295e-04 1.855768e+01 1.019919e+01 2.117571e+01 5.495942e-01
3.162278e-04 1.839092e+01 1.013876e+01 2.100049e+01 5.512917e-01
3.235937e-04 1.822545e+01 1.007705e+01 2.082580e+01 5.529106e-01
3.311311e-04 1.806136e+01 1.001407e+01 2.065174e+01 5.544469e-01
3.388442e-04 1.789873e+01 9.949847e+00 2.047838e+01 5.558967e-01
3.467369e-04 1.773764e+01 9.884415e+00 2.030580e+01 5.572564e-01
3.548134e-04 1.757818e+01 9.817811e+00 2.013409e+01 5.585227e-01
3.630781e-04 1.742041e+01 9.750078e+00 1.996333e+01 5.596928e-01
3.715352e-04 1.726442e+01 9.681266e+00 1.979361e+01 5.607641e-01
3.801894e-04 1.711028e+01 9.611432e+00 1.962501e+01 5.617345e-01
3.890451e-04 1.695805e+01 9.540637e+00 1.945762e+01 5.626023e-01
3.981072e-04 1.680780e+01 9.468948e+00 1.929153e+01 5.633664e-01
4.073803e-04 1.665959e+01 9.396437e+00 1.912681e+01 5.640258e-01
4.168694e-04 1.651347e+01 9.323180e+00 1.896355e+01 5.645804e-01
4.265795e-04 1.636949e+01 9.249255e+00 1.880183e+01 5.650302e-01
4.365158e-04 1.622769e+01 9.174747e+00 1.864172e+01 5.653760e-01
4.466836e-04 1.608811e+01 9.099741e+00 1.848331e+01 5.656189e-01
4.570882e-04 1.595079e+01 9.024325e+00 1.832665e+01 5.657605e-01
4.677351e-04 1.581574e+01 8.948590e+00 1.817181e+01 5.658029e-01
4.786301e-04 1.568298e+01 8.872628e+00 1.801887e+01 5.657487e-01
4.897788e-04 1.555254e+01 8.796531e+00 1.786786e+01 5.656009e-01
5.011872e-04 1.542441e+01 8.720392e+00 1.771885e+01 5.653631e-01
5.128614e-04 1.529860e+01 8.644305e+00 1.757188e+01 5.650390e-01
5.248075e-04 1.517510e+01 8.568361e+00 1.742700e+01 5.646331e-01
5.370318e-04 1.505389e+01 8.492653e+00 1.728424e+01 5.641500e-01
5.495409e-04 1.493497e+01 8.417272e+00 1.714363e+01 5.635947e-01
5.623413e-04 1.481832e+01 8.342307e+00 1.700519e+01 5.629726e-01
5.754399e-04 1.470389e+01 8.267843e+00 1.686896e+01 5.622894e-01
5.888437e-04 1.459167e+01 8.193967e+00 1.673493e+01 5.615510e-01
6.025596e-04 1.448161e+01 8.120760e+00 1.660312e+01 5.607636e-01
6.165950e-04 1.437367e+01 8.048300e+00 1.647354e+01 5.599335e-01
6.309573e-04 1.426781e+01 7.976665e+00 1.634618e+01 5.590674e-01
6.456542e-04 1.416397e+01 7.905927e+00 1.622103e+01 5.581718e-01
6.606934e-04 1.406210e+01 7.836155e+00 1.609807e+01 5.572536e-01
6.760830e-04 1.396214e+01 7.767413e+00 1.597730e+01 5.563197e-01
6.918310e-04 1.386403e+01 7.699764e+00 1.585868e+01 5.553769e-01
7.079458e-04 1.376771e+01 7.633264e+00 1.574219e+01 5.544322e-01
7.244360e-04 1.367312e+01 7.567967e+00 1.562780e+01 5.534925e-01
7.413102e-04 1.358017e+01 7.503921e+00 1.551547e+01 5.525646e-01
7.585776e-04 1.348880e+01 7.441172e+00 1.540516e+01 5.516554e-01
7.762471e-04 1.339895e+01 7.379758e+00 1.529682e+01 5.507715e-01
7.943282e-04 1.331053e+01 7.319717e+00 1.519040e+01 5.499194e-01
8.128305e-04 1.322346e+01 7.261078e+00 1.508586e+01 5.491057e-01
8.317638e-04 1.313768e+01 7.203871e+00 1.498314e+01 5.483365e-01
8.511380e-04 1.305311e+01 7.148116e+00 1.488218e+01 5.476178e-01
8.709636e-04 1.296967e+01 7.093833e+00 1.478292e+01 5.469556e-01
8.912509e-04 1.288728e+01 7.041035e+00 1.468530e+01 5.463555e-01
9.120108e-04 1.280586e+01 6.989732e+00 1.458926e+01 5.458229e-01
9.332543e-04 1.272534e+01 6.939930e+00 1.449472e+01 5.453628e-01
9.549926e-04 1.264565e+01 6.891630e+00 1.440163e+01 5.449803e-01
9.772372e-04 1.256670e+01 6.844829e+00 1.430991e+01 5.446799e-01
1.000000e-03 1.248842e+01 6.799521e+00 1.421950e+01 5.444660e-01
1.023293e-03 1.241074e+01 6.755696e+00 1.413032e+01 5.443425e-01
1.047129e-03 1.233359e+01 6.713339e+00 1.404231e+01 5.443134e-01
1.071519e-03 1.225690e+01 6.672434e+00 1.395539e+01 5.443820e-01
1.096478e-03 1.218059e+01 6.632958e+00 1.386949e+01 5.445515e-01
1.122018e-03 1.210460e+01 6.594887e+00 1.378455e+01 5.448248e-01
1.148154e-03 1.202887e+01 6.558194e+00 1.370050e+01 5.452046e-01
1.174898e-03 1.195333e+01 6.522848e+00 1.361726e+01 5.456930e-01
1.202264e-03 1.187792e+01 6.488816e+00 1.353476e+01 5.462921e-01
1.230269e-03 1.180259e+01 6.456061e+00 1.345295e+01 5.470036e-01
1.258925e-03 1.172728e+01 6.424543e+00 1.337176e+01 5.478289e-01
1.288250e-03 1.165194e+01 6.394223e+00 1.329112e+01 5.487690e-01
1.318257e-03 1.157651e+01 6.365056e+00 1.321096e+01 5.498250e-01
1.348963e-03 1.150096e+01 6.336997e+00 1.313124e+01 5.509973e-01
1.380384e-03 1.142523e+01 6.309998e+00 1.305190e+01 5.522862e-01
1.412538e-03 1.134929e+01 6.284010e+00 1.297286e+01 5.536918e-01
1.445440e-03 1.127310e+01 6.258982e+00 1.289410e+01 5.552138e-01
1.479108e-03 1.119663e+01 6.234862e+00 1.281554e+01 5.568518e-01
1.513561e-03 1.111984e+01 6.211598e+00 1.273714e+01 5.586051e-01
1.548817e-03 1.104270e+01 6.189135e+00 1.265886e+01 5.604728e-01
1.584893e-03 1.096520e+01 6.167418e+00 1.258065e+01 5.624537e-01
1.621810e-03 1.088731e+01 6.146393e+00 1.250247e+01 5.645464e-01
1.659587e-03 1.080902e+01 6.126003e+00 1.242428e+01 5.667494e-01
1.698244e-03 1.073030e+01 6.106194e+00 1.234605e+01 5.690609e-01
1.737801e-03 1.065115e+01 6.086909e+00 1.226774e+01 5.714790e-01
1.778279e-03 1.057156e+01 6.068093e+00 1.218933e+01 5.740016e-01
1.819701e-03 1.049153e+01 6.049692e+00 1.211078e+01 5.766263e-01
1.862087e-03 1.041105e+01 6.031651e+00 1.203207e+01 5.793509e-01
1.905461e-03 1.033013e+01 6.013918e+00 1.195319e+01 5.821727e-01
1.949845e-03 1.024876e+01 5.996440e+00 1.187411e+01 5.850892e-01
1.995262e-03 1.016697e+01 5.979167e+00 1.179481e+01 5.880974e-01
2.041738e-03 1.008475e+01 5.962048e+00 1.171530e+01 5.911945e-01
2.089296e-03 1.000212e+01 5.945035e+00 1.163554e+01 5.943776e-01
2.137962e-03 9.919093e+00 5.928083e+00 1.155554e+01 5.976437e-01
2.187762e-03 9.835691e+00 5.911147e+00 1.147530e+01 6.009895e-01
2.238721e-03 9.751930e+00 5.894184e+00 1.139480e+01 6.044121e-01
2.290868e-03 9.667832e+00 5.877154e+00 1.131406e+01 6.079082e-01
2.344229e-03 9.583421e+00 5.860018e+00 1.123307e+01 6.114745e-01
2.398833e-03 9.498722e+00 5.842740e+00 1.115183e+01 6.151080e-01
2.454709e-03 9.413761e+00 5.825285e+00 1.107036e+01 6.188053e-01
2.511886e-03 9.328566e+00 5.807623e+00 1.098866e+01 6.225634e-01
2.570396e-03 9.243166e+00 5.789724e+00 1.090674e+01 6.263789e-01
2.630268e-03 9.157592e+00 5.771561e+00 1.082462e+01 6.302488e-01
2.691535e-03 9.071873e+00 5.753110e+00 1.074231e+01 6.341700e-01
2.754229e-03 8.986043e+00 5.734348e+00 1.065982e+01 6.381394e-01
2.818383e-03 8.900131e+00 5.715256e+00 1.057717e+01 6.421542e-01
2.884032e-03 8.814172e+00 5.695817e+00 1.049438e+01 6.462113e-01
2.951209e-03 8.728196e+00 5.676015e+00 1.041146e+01 6.503080e-01
3.019952e-03 8.642237e+00 5.655839e+00 1.032844e+01 6.544415e-01
3.090295e-03 8.556326e+00 5.635276e+00 1.024534e+01 6.586094e-01
3.162278e-03 8.470495e+00 5.614320e+00 1.016218e+01 6.628090e-01
3.235937e-03 8.384776e+00 5.592963e+00 1.007897e+01 6.670379e-01
3.311311e-03 8.299199e+00 5.571202e+00 9.995749e+00 6.712940e-01
3.388442e-03 8.213795e+00 5.549034e+00 9.912528e+00 6.755750e-01
3.467369e-03 8.128594e+00 5.526459e+00 9.829333e+00 6.798789e-01
3.548134e-03 8.043623e+00 5.503478e+00 9.746186e+00 6.842039e-01
3.630781e-03 7.958910e+00 5.480093e+00 9.663109e+00 6.885482e-01
3.715352e-03 7.874482e+00 5.456309e+00 9.580125e+00 6.929102e-01
3.801894e-03 7.790365e+00 5.432132e+00 9.497255e+00 6.972885e-01
3.890451e-03 7.706583e+00 5.407569e+00 9.414522e+00 7.016818e-01
3.981072e-03 7.623159e+00 5.382628e+00 9.331947e+00 7.060888e-01
4.073803e-03 7.540116e+00 5.357318e+00 9.249551e+00 7.105087e-01
4.168694e-03 7.457473e+00 5.331649e+00 9.167355e+00 7.149405e-01
4.265795e-03 7.375251e+00 5.305634e+00 9.085377e+00 7.193835e-01
4.365158e-03 7.293468e+00 5.279283e+00 9.003638e+00 7.238372e-01
4.466836e-03 7.212140e+00 5.252610e+00 8.922156e+00 7.283012e-01
4.570882e-03 7.131283e+00 5.225627e+00 8.840949e+00 7.327752e-01
4.677351e-03 7.050911e+00 5.198349e+00 8.760034e+00 7.372592e-01
4.786301e-03 6.971038e+00 5.170790e+00 8.679427e+00 7.417532e-01
4.897788e-03 6.891675e+00 5.142964e+00 8.599143e+00 7.462575e-01
5.011872e-03 6.812832e+00 5.114886e+00 8.519198e+00 7.507723e-01
5.128614e-03 6.734519e+00 5.086571e+00 8.439606e+00 7.552983e-01
5.248075e-03 6.656742e+00 5.058033e+00 8.360378e+00 7.598361e-01
5.370318e-03 6.579509e+00 5.029287e+00 8.281526e+00 7.643864e-01
5.495409e-03 6.502826e+00 5.000349e+00 8.203063e+00 7.689502e-01
5.623413e-03 6.426695e+00 4.971233e+00 8.124997e+00 7.735286e-01
5.754399e-03 6.351122e+00 4.941953e+00 8.047337e+00 7.781228e-01
5.888437e-03 6.276106e+00 4.912522e+00 7.970093e+00 7.827342e-01
6.025596e-03 6.201650e+00 4.882956e+00 7.893270e+00 7.873640e-01
6.165950e-03 6.127753e+00 4.853266e+00 7.816876e+00 7.920140e-01
6.309573e-03 6.054414e+00 4.823466e+00 7.740915e+00 7.966858e-01
6.456542e-03 5.981632e+00 4.793567e+00 7.665391e+00 8.013811e-01
6.606934e-03 5.909404e+00 4.763581e+00 7.590307e+00 8.061018e-01
6.760830e-03 5.837726e+00 4.733519e+00 7.515667e+00 8.108498e-01
6.918310e-03 5.766595e+00 4.703391e+00 7.441471e+00 8.156271e-01
7.079458e-03 5.696004e+00 4.673205e+00 7.367721e+00 8.204357e-01
7.244360e-03 5.625950e+00 4.642971e+00 7.294415e+00 8.252778e-01
7.413102e-03 5.556425e+00 4.612696e+00 7.221553e+00 8.301553e-01
7.585776e-03 5.487425e+00 4.582387e+00 7.149133e+00 8.350706e-01
7.762471e-03 5.418942e+00 4.552050e+00 7.077152e+00 8.400256e-01
7.943282e-03 5.350969e+00 4.521689e+00 7.005607e+00 8.450225e-01
8.128305e-03 5.283499e+00 4.491309e+00 6.934495e+00 8.500634e-01
8.317638e-03 5.216525e+00 4.460913e+00 6.863809e+00 8.551503e-01
8.511380e-03 5.150040e+00 4.430503e+00 6.793546e+00 8.602853e-01
8.709636e-03 5.084036e+00 4.400082e+00 6.723700e+00 8.654701e-01
8.912509e-03 5.018507e+00 4.369648e+00 6.654265e+00 8.707067e-01
9.120108e-03 4.953446e+00 4.339202e+00 6.585233e+00 8.759967e-01
9.332543e-03 4.888845e+00 4.308743e+00 6.516600e+00 8.813416e-01
9.549926e-03 4.824700e+00 4.278268e+00 6.448357e+00 8.867429e-01
9.772372e-03 4.761003e+00 4.247776e+00 6.380498e+00 8.922018e-01
1.000000e-02 4.697751e+00 4.217262e+00 6.313015e+00 8.977194e-01
1.023293e-02 4.634937e+00 4.186723e+00 6.245901e+00 9.032966e-01
1.047129e-02 4.572558e+00 4.156153e+00 6.179150e+00 9.089339e-01
1.071519e-02 4.510610e+00 4.125548e+00 6.112753e+00 9.146318e-01
1.096478e-02 4.449091e+00 4.094901e+00 6.046704e+00 9.203905e-01
1.122018e-02 4.387998e+00 4.064207e+00 5.980996e+00 9.262098e-01
1.148154e-02 4.327331e+00 4.033459e+00 5.915622e+00 9.320895e-01
1.174898e-02 4.267088e+00 4.002651e+00 5.850577e+00 9.380287e-01
1.202264e-02 4.207270e+00 3.971775e+00 5.785855e+00 9.440267e-01
1.230269e-02 4.147879e+00 3.940825e+00 5.721451e+00 9.500820e-01
1.258925e-02 4.088916e+00 3.909793e+00 5.657360e+00 9.561930e-01
1.288250e-02 4.030385e+00 3.878672e+00 5.593577e+00 9.623579e-01
1.318257e-02 3.972289e+00 3.847456e+00 5.530099e+00 9.685742e-01
1.348963e-02 3.914632e+00 3.816138e+00 5.466924e+00 9.748395e-01
1.380384e-02 3.857422e+00 3.784712e+00 5.404049e+00 9.811506e-01
1.412538e-02 3.800663e+00 3.753170e+00 5.341472e+00 9.875043e-01
1.445440e-02 3.744362e+00 3.721509e+00 5.279193e+00 9.938967e-01
1.479108e-02 3.688529e+00 3.689723e+00 5.217212e+00 1.000324e+00
1.513561e-02 3.633170e+00 3.657807e+00 5.155529e+00 1.006781e+00
1.548817e-02 3.578296e+00 3.625758e+00 5.094146e+00 1.013264e+00
1.584893e-02 3.523916e+00 3.593573e+00 5.033066e+00 1.019767e+00
1.621810e-02 3.470040e+00 3.561249e+00 4.972290e+00 1.026285e+00
1.659587e-02 3.416679e+00 3.528785e+00 4.911824e+00 1.032811e+00
1.698244e-02 3.363844e+00 3.496179e+00 4.851671e+00 1.039341e+00
1.737801e-02 3.311546e+00 3.463434e+00 4.791838e+00 1.045866e+00
1.778279e-02 3.259798e+00 3.430548e+00 4.732329e+00 1.052381e+00
1.819701e-02 3.208610e+00 3.397525e+00 4.673153e+00 1.058878e+00
1.862087e-02 3.157996e+00 3.364368e+00 4.614316e+00 1.065349e+00
1.905461e-02 3.107966e+00 3.331080e+00 4.555826e+00 1.071788e+00
1.949845e-02 3.058532e+00 3.297668e+00 4.497692e+00 1.078186e+00
1.995262e-02 3.009707e+00 3.264135e+00 4.439923e+00 1.084536e+00
2.041738e-02 2.961502e+00 3.230490e+00 4.382529e+00 1.090828e+00
2.089296e-02 2.913927e+00 3.196741e+00 4.325520e+00 1.097056e+00
2.137962e-02 2.866994e+00 3.162896e+00 4.268907e+00 1.103210e+00
2.187762e-02 2.820713e+00 3.128964e+00 4.212699e+00 1.109281e+00
2.238721e-02 2.775093e+00 3.094957e+00 4.156910e+00 1.115262e+00
2.290868e-02 2.730144e+00 3.060885e+00 4.101549e+00 1.121144e+00
2.344229e-02 2.685874e+00 3.026761e+00 4.046628e+00 1.126919e+00
2.398833e-02 2.642290e+00 2.992597e+00 3.992159e+00 1.132577e+00
2.454709e-02 2.599401e+00 2.958407e+00 3.938154e+00 1.138111e+00
2.511886e-02 2.557211e+00 2.924204e+00 3.884624e+00 1.143513e+00
2.570396e-02 2.515727e+00 2.890004e+00 3.831580e+00 1.148775e+00
2.630268e-02 2.474952e+00 2.855821e+00 3.779034e+00 1.153889e+00
2.691535e-02 2.434891e+00 2.821670e+00 3.726998e+00 1.158849e+00
2.754229e-02 2.395545e+00 2.787566e+00 3.675481e+00 1.163646e+00
2.818383e-02 2.356916e+00 2.753527e+00 3.624495e+00 1.168275e+00
2.884032e-02 2.319005e+00 2.719567e+00 3.574050e+00 1.172730e+00
2.951209e-02 2.281812e+00 2.685703e+00 3.524155e+00 1.177004e+00
3.019952e-02 2.245335e+00 2.651950e+00 3.474819e+00 1.181093e+00
3.090295e-02 2.209572e+00 2.618325e+00 3.426052e+00 1.184992e+00
3.162278e-02 2.174520e+00 2.584844e+00 3.377862e+00 1.188696e+00
3.235937e-02 2.140174e+00 2.551522e+00 3.330256e+00 1.192203e+00
3.311311e-02 2.106530e+00 2.518374e+00 3.283242e+00 1.195508e+00
3.388442e-02 2.073582e+00 2.485416e+00 3.236825e+00 1.198610e+00
3.467369e-02 2.041323e+00 2.452663e+00 3.191012e+00 1.201507e+00
3.548134e-02 2.009745e+00 2.420129e+00 3.145807e+00 1.204197e+00
3.630781e-02 1.978841e+00 2.387828e+00 3.101215e+00 1.206680e+00
3.715352e-02 1.948601e+00 2.355773e+00 3.057240e+00 1.208956e+00
3.801894e-02 1.919016e+00 2.323977e+00 3.013884e+00 1.211025e+00
3.890451e-02 1.890076e+00 2.292453e+00 2.971149e+00 1.212889e+00
3.981072e-02 1.861770e+00 2.261211e+00 2.929038e+00 1.214549e+00
4.073803e-02 1.834086e+00 2.230264e+00 2.887551e+00 1.216008e+00
4.168694e-02 1.807013e+00 2.199621e+00 2.846688e+00 1.217269e+00
4.265795e-02 1.780539e+00 2.169293e+00 2.806448e+00 1.218335e+00
4.365158e-02 1.754651e+00 2.139288e+00 2.766830e+00 1.219210e+00
4.466836e-02 1.729336e+00 2.109614e+00 2.727833e+00 1.219899e+00
4.570882e-02 1.704581e+00 2.080281e+00 2.689454e+00 1.220406e+00
4.677351e-02 1.680372e+00 2.051293e+00 2.651689e+00 1.220737e+00
4.786301e-02 1.656697e+00 2.022659e+00 2.614535e+00 1.220898e+00
4.897788e-02 1.633542e+00 1.994383e+00 2.577988e+00 1.220895e+00
5.011872e-02 1.610892e+00 1.966470e+00 2.542042e+00 1.220734e+00
5.128614e-02 1.588735e+00 1.938926e+00 2.506693e+00 1.220421e+00
5.248075e-02 1.567055e+00 1.911753e+00 2.471934e+00 1.219965e+00
5.370318e-02 1.545840e+00 1.884954e+00 2.437760e+00 1.219372e+00
5.495409e-02 1.525075e+00 1.858532e+00 2.404163e+00 1.218650e+00
5.623413e-02 1.504748e+00 1.832490e+00 2.371136e+00 1.217805e+00
5.754399e-02 1.484844e+00 1.806827e+00 2.338672e+00 1.216846e+00
5.888437e-02 1.465350e+00 1.781545e+00 2.306762e+00 1.215781e+00
6.025596e-02 1.446253e+00 1.756644e+00 2.275400e+00 1.214617e+00
6.165950e-02 1.427540e+00 1.732124e+00 2.244576e+00 1.213363e+00
6.309573e-02 1.409198e+00 1.707983e+00 2.214282e+00 1.212025e+00
6.456542e-02 1.391215e+00 1.684221e+00 2.184509e+00 1.210612e+00
6.606934e-02 1.373578e+00 1.660835e+00 2.155247e+00 1.209131e+00
6.760830e-02 1.356275e+00 1.637825e+00 2.126488e+00 1.207590e+00
6.918310e-02 1.339295e+00 1.615186e+00 2.098222e+00 1.205997e+00
7.079458e-02 1.322626e+00 1.592916e+00 2.070440e+00 1.204359e+00
7.244360e-02 1.306257e+00 1.571012e+00 2.043132e+00 1.202682e+00
7.413102e-02 1.290178e+00 1.549470e+00 2.016288e+00 1.200974e+00
7.585776e-02 1.274377e+00 1.528287e+00 1.989899e+00 1.199243e+00
7.762471e-02 1.258845e+00 1.507458e+00 1.963955e+00 1.197493e+00
7.943282e-02 1.243572e+00 1.486979e+00 1.938447e+00 1.195732e+00
8.128305e-02 1.228548e+00 1.466844e+00 1.913364e+00 1.193966e+00
8.317638e-02 1.213764e+00 1.447050e+00 1.888698e+00 1.192200e+00
8.511380e-02 1.199212e+00 1.427592e+00 1.864438e+00 1.190441e+00
8.709636e-02 1.184883e+00 1.408463e+00 1.840575e+00 1.188693e+00
8.912509e-02 1.170770e+00 1.389659e+00 1.817100e+00 1.186962e+00
9.120108e-02 1.156863e+00 1.371174e+00 1.794004e+00 1.185252e+00
9.332543e-02 1.143156e+00 1.353003e+00 1.771277e+00 1.183568e+00
9.549926e-02 1.129642e+00 1.335139e+00 1.748910e+00 1.181913e+00
9.772372e-02 1.116314e+00 1.317578e+00 1.726896e+00 1.180293e+00
1.000000e-01 1.103166e+00 1.300313e+00 1.705224e+00 1.178710e+00
1.023293e-01 1.090191e+00 1.283338e+00 1.683887e+00 1.177168e+00
1.047129e-01 1.077385e+00 1.266648e+00 1.662876e+00 1.175669e+00
1.071519e-01 1.064740e+00 1.250237e+00 1.642183e+00 1.174218e+00
1.096478e-01 1.052253e+00 1.234099e+00 1.621800e+00 1.172815e+00
1.122018e-01 1.039918e+00 1.218227e+00 1.601720e+00 1.171464e+00
1.148154e-01 1.027731e+00 1.202617e+00 1.581935e+00 1.170167e+00
1.174898e-01 1.015688e+00 1.187262e+00 1.562438e+00 1.168924e+00
1.202264e-01 1.003783e+00 1.172157e+00 1.543222e+00 1.167739e+00
1.230269e-01 9.920150e-01 1.157296e+00 1.524279e+00 1.166611e+00
1.258925e-01 9.803787e-01 1.142673e+00 1.505604e+00 1.165542e+00
1.288250e-01 9.688713e-01 1.128283e+00 1.487190e+00 1.164533e+00
1.318257e-01 9.574898e-01 1.114121e+00 1.469031e+00 1.163585e+00
1.348963e-01 9.462312e-01 1.100180e+00 1.451120e+00 1.162697e+00
1.380384e-01 9.350930e-01 1.086457e+00 1.433453e+00 1.161871e+00
1.412538e-01 9.240726e-01 1.072946e+00 1.416024e+00 1.161106e+00
1.445440e-01 9.131679e-01 1.059642e+00 1.398827e+00 1.160403e+00
1.479108e-01 9.023768e-01 1.046541e+00 1.381858e+00 1.159760e+00
1.513561e-01 8.916973e-01 1.033636e+00 1.365111e+00 1.159179e+00
1.548817e-01 8.811277e-01 1.020925e+00 1.348582e+00 1.158657e+00
1.584893e-01 8.706663e-01 1.008403e+00 1.332267e+00 1.158196e+00
1.621810e-01 8.603116e-01 9.960642e-01 1.316161e+00 1.157795e+00
1.659587e-01 8.500623e-01 9.839059e-01 1.300260e+00 1.157452e+00
1.698244e-01 8.399171e-01 9.719238e-01 1.284561e+00 1.157166e+00
1.737801e-01 8.298748e-01 9.601140e-01 1.269059e+00 1.156938e+00
1.778279e-01 8.199343e-01 9.484727e-01 1.253751e+00 1.156767e+00
1.819701e-01 8.100947e-01 9.369963e-01 1.238634e+00 1.156650e+00
1.862087e-01 8.003549e-01 9.256814e-01 1.223705e+00 1.156589e+00
1.905461e-01 7.907142e-01 9.145247e-01 1.208960e+00 1.156581e+00
1.949845e-01 7.811717e-01 9.035230e-01 1.194396e+00 1.156625e+00
1.995262e-01 7.717266e-01 8.926732e-01 1.180012e+00 1.156722e+00
2.041738e-01 7.623783e-01 8.819724e-01 1.165803e+00 1.156870e+00
2.089296e-01 7.531260e-01 8.714178e-01 1.151767e+00 1.157068e+00
2.137962e-01 7.439692e-01 8.610067e-01 1.137903e+00 1.157315e+00
2.187762e-01 7.349071e-01 8.507366e-01 1.124207e+00 1.157611e+00
2.238721e-01 7.259391e-01 8.406049e-01 1.110677e+00 1.157955e+00
2.290868e-01 7.170646e-01 8.306093e-01 1.097312e+00 1.158347e+00
2.344229e-01 7.082830e-01 8.207476e-01 1.084109e+00 1.158785e+00
2.398833e-01 6.995937e-01 8.110176e-01 1.071065e+00 1.159269e+00
2.454709e-01 6.909961e-01 8.014172e-01 1.058180e+00 1.159800e+00
2.511886e-01 6.824896e-01 7.919446e-01 1.045451e+00 1.160376e+00
2.570396e-01 6.740735e-01 7.825978e-01 1.032877e+00 1.160998e+00
2.630268e-01 6.657472e-01 7.733750e-01 1.020455e+00 1.161665e+00
2.691535e-01 6.575100e-01 7.642746e-01 1.008184e+00 1.162377e+00
2.754229e-01 6.493613e-01 7.552948e-01 9.960624e-01 1.163135e+00
2.818383e-01 6.413003e-01 7.464341e-01 9.840883e-01 1.163938e+00
2.884032e-01 6.333263e-01 7.376909e-01 9.722603e-01 1.164788e+00
2.951209e-01 6.254386e-01 7.290640e-01 9.605767e-01 1.165684e+00
3.019952e-01 6.176363e-01 7.205517e-01 9.490360e-01 1.166628e+00
3.090295e-01 6.099188e-01 7.121528e-01 9.376367e-01 1.167619e+00
3.162278e-01 6.022850e-01 7.038660e-01 9.263771e-01 1.168659e+00
3.235937e-01 5.947343e-01 6.956900e-01 9.152559e-01 1.169749e+00
3.311311e-01 5.872655e-01 6.876236e-01 9.042715e-01 1.170890e+00
3.388442e-01 5.798779e-01 6.796656e-01 8.934225e-01 1.172084e+00
3.467369e-01 5.725705e-01 6.718148e-01 8.827073e-01 1.173331e+00
3.548134e-01 5.653423e-01 6.640701e-01 8.721244e-01 1.174634e+00
3.630781e-01 5.581921e-01 6.564304e-01 8.616724e-01 1.175994e+00
3.715352e-01 5.511191e-01 6.488946e-01 8.513498e-01 1.177413e+00
3.801894e-01 5.441221e-01 6.414616e-01 8.411550e-01 1.178893e+00
3.890451e-01 5.371999e-01 6.341303e-01 8.310866e-01 1.180436e+00
3.981072e-01 5.303515e-01 6.268996e-01 8.211430e-01 1.182046e+00
4.073803e-01 5.235756e-01 6.197685e-01 8.113226e-01 1.183723e+00
4.168694e-01 5.168711e-01 6.127358e-01 8.016239e-01 1.185471e+00
4.265795e-01 5.102368e-01 6.058006e-01 7.920454e-01 1.187293e+00
4.365158e-01 5.036714e-01 5.989616e-01 7.825854e-01 1.189191e+00
4.466836e-01 4.971737e-01 5.922179e-01 7.732423e-01 1.191169e+00
4.570882e-01 4.907424e-01 5.855682e-01 7.640145e-01 1.193229e+00
4.677351e-01 4.843762e-01 5.790114e-01 7.549003e-01 1.195376e+00
4.786301e-01 4.780738e-01 5.725465e-01 7.458982e-01 1.197611e+00
4.897788e-01 4.718341e-01 5.661722e-01 7.370063e-01 1.199939e+00
5.011872e-01 4.656556e-01 5.598872e-01 7.282231e-01 1.202363e+00
5.128614e-01 4.595370e-01 5.536905e-01 7.195467e-01 1.204888e+00
5.248075e-01 4.534772e-01 5.475807e-01 7.109755e-01 1.207515e+00
5.370318e-01 4.474747e-01 5.415566e-01 7.025078e-01 1.210251e+00
5.495409e-01 4.415284e-01 5.356168e-01 6.941417e-01 1.213097e+00
5.623413e-01 4.356370e-01 5.297601e-01 6.858756e-01 1.216058e+00
5.754399e-01 4.297993e-01 5.239851e-01 6.777078e-01 1.219139e+00
5.888437e-01 4.240140e-01 5.182904e-01 6.696363e-01 1.222343e+00
6.025596e-01 4.182800e-01 5.126746e-01 6.616596e-01 1.225673e+00
6.165950e-01 4.125961e-01 5.071363e-01 6.537758e-01 1.229135e+00
6.309573e-01 4.069612e-01 5.016742e-01 6.459833e-01 1.232732e+00
6.456542e-01 4.013742e-01 4.962866e-01 6.382802e-01 1.236469e+00
6.606934e-01 3.958340e-01 4.909721e-01 6.306649e-01 1.240348e+00
6.760830e-01 3.903396e-01 4.857293e-01 6.231356e-01 1.244376e+00
6.918310e-01 3.848901e-01 4.805566e-01 6.156907e-01 1.248555e+00
7.079458e-01 3.794845e-01 4.754526e-01 6.083286e-01 1.252891e+00
7.244360e-01 3.741219e-01 4.704156e-01 6.010475e-01 1.257386e+00
7.413102e-01 3.688015e-01 4.654442e-01 5.938458e-01 1.262045e+00
7.585776e-01 3.635224e-01 4.605369e-01 5.867221e-01 1.266874e+00
7.762471e-01 3.582839e-01 4.556922e-01 5.796747e-01 1.271874e+00
7.943282e-01 3.530853e-01 4.509084e-01 5.727020e-01 1.277052e+00
8.128305e-01 3.479259e-01 4.461841e-01 5.658027e-01 1.282411e+00
8.317638e-01 3.428051e-01 4.415179e-01 5.589753e-01 1.287956e+00
8.511380e-01 3.377223e-01 4.369081e-01 5.522183e-01 1.293690e+00
8.709636e-01 3.326770e-01 4.323534e-01 5.455304e-01 1.299619e+00
8.912509e-01 3.276687e-01 4.278522e-01 5.389102e-01 1.305746e+00
9.120108e-01 3.226968e-01 4.234031e-01 5.323565e-01 1.312077e+00
9.332543e-01 3.177611e-01 4.190047e-01 5.258679e-01 1.318616e+00
9.549926e-01 3.128610e-01 4.146557e-01 5.194433e-01 1.325367e+00
9.772372e-01 3.079963e-01 4.103545e-01 5.130814e-01 1.332336e+00
1.000000e+00 3.031667e-01 4.060999e-01 5.067812e-01 1.339527e+00
1.023293e+00 2.983718e-01 4.018905e-01 5.005414e-01 1.346945e+00
1.047129e+00 2.936115e-01 3.977250e-01 4.943611e-01 1.354596e+00
1.071519e+00 2.888855e-01 3.936022e-01 4.882392e-01 1.362485e+00
1.096478e+00 2.841936e-01 3.895208e-01 4.821747e-01 1.370618e+00
1.122018e+00 2.795356e-01 3.854795e-01 4.761665e-01 1.379000e+00
1.148154e+00 2.749114e-01 3.814772e-01 4.702139e-01 1.387637e+00
1.174898e+00 2.703208e-01 3.775126e-01 4.643158e-01 1.396536e+00
1.202264e+00 2.657638e-01 3.735847e-01 4.584713e-01 1.405702e+00
1.230269e+00 2.612403e-01 3.696924e-01 4.526797e-01 1.415143e+00
1.258925e+00 2.567502e-01 3.658344e-01 4.469401e-01 1.424865e+00
1.288250e+00 2.522934e-01 3.620098e-01 4.412517e-01 1.434876e+00
1.318257e+00 2.478698e-01 3.582174e-01 4.356136e-01 1.445184e+00
1.348963e+00 2.434796e-01 3.544564e-01 4.300251e-01 1.455795e+00
1.380384e+00 2.391226e-01 3.507255e-01 4.244856e-01 1.466718e+00
1.412538e+00 2.347989e-01 3.470239e-01 4.189942e-01 1.477962e+00
1.445440e+00 2.305085e-01 3.433505e-01 4.135502e-01 1.489535e+00
1.479108e+00 2.262514e-01 3.397045e-01 4.081530e-01 1.501447e+00
1.513561e+00 2.220277e-01 3.360848e-01 4.028018e-01 1.513707e+00
1.548817e+00 2.178374e-01 3.324906e-01 3.974961e-01 1.526325e+00
1.584893e+00 2.136807e-01 3.289209e-01 3.922351e-01 1.539311e+00
1.621810e+00 2.095575e-01 3.253749e-01 3.870183e-01 1.552676e+00
1.659587e+00 2.054681e-01 3.218516e-01 3.818450e-01 1.566431e+00
1.698244e+00 2.014125e-01 3.183502e-01 3.767146e-01 1.580588e+00
1.737801e+00 1.973909e-01 3.148699e-01 3.716265e-01 1.595159e+00
1.778279e+00 1.934035e-01 3.114098e-01 3.665801e-01 1.610156e+00
1.819701e+00 1.894505e-01 3.079691e-01 3.615750e-01 1.625591e+00
1.862087e+00 1.855321e-01 3.045470e-01 3.566105e-01 1.641479e+00
1.905461e+00 1.816485e-01 3.011427e-01 3.516861e-01 1.657832e+00
1.949845e+00 1.778000e-01 2.977555e-01 3.468013e-01 1.674665e+00
1.995262e+00 1.739869e-01 2.943845e-01 3.419557e-01 1.691993e+00
2.041738e+00 1.702095e-01 2.910292e-01 3.371487e-01 1.709830e+00
2.089296e+00 1.664680e-01 2.876887e-01 3.323799e-01 1.728192e+00
2.137962e+00 1.627630e-01 2.843625e-01 3.276490e-01 1.747095e+00
2.187762e+00 1.590948e-01 2.810498e-01 3.229554e-01 1.766556e+00
2.238721e+00 1.554638e-01 2.777501e-01 3.182988e-01 1.786590e+00
2.290868e+00 1.518704e-01 2.744628e-01 3.136789e-01 1.807217e+00
2.344229e+00 1.483152e-01 2.711872e-01 3.090953e-01 1.828452e+00
2.398833e+00 1.447985e-01 2.679230e-01 3.045477e-01 1.850316e+00
2.454709e+00 1.413210e-01 2.646695e-01 3.000360e-01 1.872825e+00
2.511886e+00 1.378831e-01 2.614265e-01 2.955597e-01 1.896000e+00
2.570396e+00 1.344855e-01 2.581934e-01 2.911189e-01 1.919861e+00
2.630268e+00 1.311287e-01 2.549700e-01 2.867131e-01 1.944426e+00
2.691535e+00 1.278132e-01 2.517559e-01 2.823425e-01 1.969717e+00
2.754229e+00 1.245398e-01 2.485509e-01 2.780067e-01 1.995755e+00
2.818383e+00 1.213090e-01 2.453548e-01 2.737058e-01 2.022560e+00
2.884032e+00 1.181215e-01 2.421675e-01 2.694398e-01 2.050156e+00
2.951209e+00 1.149778e-01 2.389888e-01 2.652085e-01 2.078564e+00
3.019952e+00 1.118787e-01 2.358187e-01 2.610121e-01 2.107807e+00
3.090295e+00 1.088247e-01 2.326573e-01 2.568506e-01 2.137908e+00
3.162278e+00 1.058165e-01 2.295046e-01 2.527242e-01 2.168892e+00
3.235937e+00 1.028547e-01 2.263607e-01 2.486328e-01 2.200781e+00
3.311311e+00 9.993993e-02 2.232259e-01 2.445768e-01 2.233601e+00
3.388442e+00 9.707272e-02 2.201003e-01 2.405562e-01 2.267376e+00
3.467369e+00 9.425366e-02 2.169844e-01 2.365713e-01 2.302132e+00
3.548134e+00 9.148328e-02 2.138784e-01 2.326223e-01 2.337896e+00
3.630781e+00 8.876212e-02 2.107827e-01 2.287095e-01 2.374692e+00
3.715352e+00 8.609063e-02 2.076978e-01 2.248332e-01 2.412549e+00
3.801894e+00 8.346926e-02 2.046243e-01 2.209937e-01 2.451493e+00
3.890451e+00 8.089842e-02 2.015626e-01 2.171913e-01 2.491552e+00
3.981072e+00 7.837847e-02 1.985134e-01 2.134262e-01 2.532754e+00
4.073803e+00 7.590972e-02 1.954773e-01 2.096990e-01 2.575129e+00
4.168694e+00 7.349243e-02 1.924550e-01 2.060099e-01 2.618705e+00
4.265795e+00 7.112683e-02 1.894471e-01 2.023592e-01 2.663511e+00
4.365158e+00 6.881308e-02 1.864545e-01 1.987474e-01 2.709579e+00
4.466836e+00 6.655129e-02 1.834778e-01 1.951748e-01 2.756939e+00
4.570882e+00 6.434151e-02 1.805179e-01 1.916417e-01 2.805622e+00
4.677351e+00 6.218374e-02 1.775756e-01 1.881486e-01 2.855659e+00
4.786301e+00 6.007793e-02 1.746516e-01 1.846958e-01 2.907084e+00
4.897788e+00 5.802395e-02 1.717467e-01 1.812835e-01 2.959929e+00
5.011872e+00 5.602164e-02 1.688619e-01 1.779123e-01 3.014227e+00
5.128614e+00 5.407076e-02 1.659979e-01 1.745823e-01 3.070013e+00
5.248075e+00 5.217103e-02 1.631556e-01 1.712938e-01 3.127322e+00
5.370318e+00 5.032212e-02 1.603357e-01 1.680472e-01 3.186188e+00
5.495409e+00 4.852362e-02 1.575391e-01 1.648427e-01 3.246648e+00
5.623413e+00 4.677509e-02 1.547666e-01 1.616805e-01 3.308739e+00
5.754399e+00 4.507604e-02 1.520188e-01 1.585609e-01 3.372497e+00
5.888437e+00 4.342593e-02 1.492967e-01 1.554841e-01 3.437961e+00
6.025596e+00 4.182415e-02 1.466008e-01 1.524502e-01 3.505170e+00
6.165950e+00 4.027010e-02 1.439319e-01 1.494593e-01 3.574164e+00
6.309573e+00 3.876308e-02 1.412907e-01 1.465116e-01 3.644982e+00
6.456542e+00 3.730239e-02 1.386778e-01 1.436071e-01 3.717666e+00
6.606934e+00 3.588728e-02 1.360938e-01 1.407460e-01 3.792259e+00
6.760830e+00 3.451698e-02 1.335394e-01 1.379282e-01 3.868802e+00
6.918310e+00 3.319068e-02 1.310149e-01 1.351537e-01 3.947339e+00
7.079458e+00 3.190755e-02 1.285209e-01 1.324225e-01 4.027916e+00
7.244360e+00 3.066673e-02 1.260580e-01 1.297346e-01 4.110578e+00
7.413102e+00 2.946734e-02 1.236264e-01 1.270898e-01 4.195372e+00
7.585776e+00 2.830849e-02 1.212267e-01 1.244881e-01 4.282345e+00
7.762471e+00 2.718926e-02 1.188591e-01 1.219292e-01 4.371546e+00
7.943282e+00 2.610874e-02 1.165239e-01 1.194131e-01 4.463024e+00
8.128305e+00 2.506600e-02 1.142215e-01 1.169396e-01 4.556830e+00
8.317638e+00 2.406009e-02 1.119520e-01 1.145083e-01 4.653017e+00
8.511380e+00 2.309008e-02 1.097157e-01 1.121191e-01 4.751637e+00
8.709636e+00 2.215502e-02 1.075127e-01 1.097717e-01 4.852745e+00
8.912509e+00 2.125396e-02 1.053430e-01 1.074657e-01 4.956395e+00
9.120108e+00 2.038597e-02 1.032069e-01 1.052010e-01 5.062645e+00
9.332543e+00 1.955009e-02 1.011043e-01 1.029772e-01 5.171553e+00
9.549926e+00 1.874541e-02 9.903535e-02 1.007938e-01 5.283178e+00
9.772372e+00 1.797100e-02 9.699989e-02 9.865058e-02 5.397580e+00
1.000000e+01 1.722593e-02 9.499794e-02 9.654710e-02 5.514823e+00
