1.000000e-06 3.497769e+01 1.601982e-01 3.497805e+01 4.580012e-03
1.023293e-06 3.497759e+01 1.639280e-01 3.497797e+01 4.686658e-03
1.047129e-06 3.497748e+01 1.677445e-01 3.497788e+01 4.795787e-03
1.071519e-06 3.497737e+01 1.716498e-01 3.497779e+01 4.907454e-03
1.096478e-06 3.497725e+01 1.756460e-01 3.497770e+01 5.021720e-03
1.122018e-06 3.497713e+01 1.797350e-01 3.497760e+01 5.138644e-03
1.148154e-06 3.497701e+01 1.839192e-01 3.497749e+01 5.258288e-03
1.174898e-06 3.497687e+01 1.882006e-01 3.497738e+01 5.380716e-03
1.202264e-06 3.497673e+01 1.925816e-01 3.497726e+01 5.505991e-03
1.230269e-06 3.497659e+01 1.970644e-01 3.497714e+01 5.634180e-03
1.258925e-06 3.497644e+01 2.016514e-01 3.497702e+01 5.765351e-03
1.288250e-06 3.497628e+01 2.063451e-01 3.497688e+01 5.899573e-03
1.318257e-06 3.497611e+01 2.111478e-01 3.497675e+01 6.036915e-03
1.348963e-06 3.497593e+01 2.160621e-01 3.497660e+01 6.177452e-03
1.380384e-06 3.497575e+01 2.210907e-01 3.497645e+01 6.321256e-03
1.412538e-06 3.497556e+01 2.262360e-01 3.497629e+01 6.468404e-03
1.445440e-06 3.497536e+01 2.315009e-01 3.497612e+01 6.618972e-03
1.479108e-06 3.497515e+01 2.368881e-01 3.497595e+01 6.773041e-03
1.513561e-06 3.497492e+01 2.424004e-01 3.497576e+01 6.930690e-03
1.548817e-06 3.497469e+01 2.480407e-01 3.497557e+01 7.092004e-03
1.584893e-06 3.497445e+01 2.538119e-01 3.497537e+01 7.257066e-03
1.621810e-06 3.497420e+01 2.597171e-01 3.497516e+01 7.425963e-03
1.659587e-06 3.497393e+01 2.657594e-01 3.497494e+01 7.598785e-03
1.698244e-06 3.497366e+01 2.719419e-01 3.497471e+01 7.775621e-03
1.737801e-06 3.497337e+01 2.782679e-01 3.497447e+01 7.956565e-03
1.778279e-06 3.497306e+01 2.847406e-01 3.497422e+01 8.141711e-03
1.819701e-06 3.497274e+01 2.913634e-01 3.497396e+01 8.331157e-03
1.862087e-06 3.497241e+01 2.981398e-01 3.497368e+01 8.525001e-03
1.905461e-06 3.497206e+01 3.050733e-01 3.497339e+01 8.723344e-03
1.949845e-06 3.497169e+01 3.121675e-01 3.497309e+01 8.926292e-03
1.995262e-06 3.497131e+01 3.194262e-01 3.497277e+01 9.133949e-03
2.041738e-06 3.497091e+01 3.268530e-01 3.497244e+01 9.346424e-03
2.089296e-06 3.497049e+01 3.344518e-01 3.497209e+01 9.563829e-03
2.137962e-06 3.497005e+01 3.422266e-01 3.497172e+01 9.786276e-03
2.187762e-06 3.496959e+01 3.501813e-01 3.497134e+01 1.001388e-02
2.238721e-06 3.496911e+01 3.583202e-01 3.497094e+01 1.024676e-02
2.290868e-06 3.496860e+01 3.666473e-01 3.497053e+01 1.048504e-02
2.344229e-06 3.496807e+01 3.751671e-01 3.497009e+01 1.072885e-02
2.398833e-06 3.496752e+01 3.838838e-01 3.496963e+01 1.097830e-02
2.454709e-06 3.496694e+01 3.928020e-01 3.496915e+01 1.123352e-02
2.511886e-06 3.496634e+01 4.019263e-01 3.496865e+01 1.149466e-02
2.570396e-06 3.496570e+01 4.112613e-01 3.496812e+01 1.176185e-02
2.630268e-06 3.496504e+01 4.208117e-01 3.496757e+01 1.203521e-02
2.691535e-06 3.496434e+01 4.305826e-01 3.496699e+01 1.231491e-02
2.754229e-06 3.496361e+01 4.405789e-01 3.496639e+01 1.260107e-02
2.818383e-06 3.496285e+01 4.508056e-01 3.496576e+01 1.289385e-02
2.884032e-06 3.496205e+01 4.612680e-01 3.496510e+01 1.319339e-02
2.951209e-06 3.496122e+01 4.719713e-01 3.496440e+01 1.349985e-02
3.019952e-06 3.496034e+01 4.829211e-01 3.496368e+01 1.381340e-02
3.090295e-06 3.495943e+01 4.941228e-01 3.496292e+01 1.413418e-02
3.162278e-06 3.495847e+01 5.055821e-01 3.496212e+01 1.446236e-02
3.235937e-06 3.495746e+01 5.173046e-01 3.496129e+01 1.479812e-02
3.311311e-06 3.495641e+01 5.292965e-01 3.496042e+01 1.514161e-02
3.388442e-06 3.495531e+01 5.415635e-01 3.495951e+01 1.549302e-02
3.467369e-06 3.495416e+01 5.541118e-01 3.495855e+01 1.585253e-02
3.548134e-06 3.495296e+01 5.669478e-01 3.495755e+01 1.622031e-02
3.630781e-06 3.495169e+01 5.800776e-01 3.495651e+01 1.659655e-02
3.715352e-06 3.495037e+01 5.935079e-01 3.495541e+01 1.698145e-02
3.801894e-06 3.494899e+01 6.072453e-01 3.495427e+01 1.737519e-02
3.890451e-06 3.494754e+01 6.212964e-01 3.495307e+01 1.777797e-02
3.981072e-06 3.494603e+01 6.356681e-01 3.495181e+01 1.819000e-02
4.073803e-06 3.494444e+01 6.503675e-01 3.495050e+01 1.861147e-02
4.168694e-06 3.494278e+01 6.654017e-01 3.494912e+01 1.904261e-02
4.265795e-06 3.494105e+01 6.807780e-01 3.494768e+01 1.948362e-02
4.365158e-06 3.493923e+01 6.965036e-01 3.494617e+01 1.993472e-02
4.466836e-06 3.493733e+01 7.125863e-01 3.494459e+01 2.039613e-02
4.570882e-06 3.493534e+01 7.290335e-01 3.494294e+01 2.086808e-02
4.677351e-06 3.493325e+01 7.458531e-01 3.494121e+01 2.135081e-02
4.786301e-06 3.493107e+01 7.630531e-01 3.493941e+01 2.184454e-02
4.897788e-06 3.492879e+01 7.806414e-01 3.493751e+01 2.234951e-02
5.011872e-06 3.492640e+01 7.986262e-01 3.493553e+01 2.286597e-02
5.128614e-06 3.492390e+01 8.170160e-01 3.493346e+01 2.339418e-02
5.248075e-06 3.492129e+01 8.358190e-01 3.493129e+01 2.393437e-02
5.370318e-06 3.491855e+01 8.550439e-01 3.492902e+01 2.448681e-02
5.495409e-06 3.491569e+01 8.746994e-01 3.492664e+01 2.505176e-02
5.623413e-06 3.491269e+01 8.947943e-01 3.492416e+01 2.562948e-02
5.754399e-06 3.490956e+01 9.153376e-01 3.492156e+01 2.622026e-02
5.888437e-06 3.490628e+01 9.363382e-01 3.491884e+01 2.682435e-02
6.025596e-06 3.490285e+01 9.578055e-01 3.491599e+01 2.744204e-02
6.165950e-06 3.489926e+01 9.797486e-01 3.491301e+01 2.807362e-02
6.309573e-06 3.489551e+01 1.002177e+00 3.490989e+01 2.871937e-02
6.456542e-06 3.489158e+01 1.025100e+00 3.490664e+01 2.937959e-02
6.606934e-06 3.488747e+01 1.048528e+00 3.490323e+01 3.005457e-02
6.760830e-06 3.488318e+01 1.072470e+00 3.489966e+01 3.074461e-02
6.918310e-06 3.487868e+01 1.096935e+00 3.489593e+01 3.145001e-02
7.079458e-06 3.487398e+01 1.121934e+00 3.489203e+01 3.217110e-02
7.244360e-06 3.486907e+01 1.147477e+00 3.488795e+01 3.290817e-02
7.413102e-06 3.486393e+01 1.173574e+00 3.488368e+01 3.366155e-02
7.585776e-06 3.485856e+01 1.200234e+00 3.487922e+01 3.443156e-02
7.762471e-06 3.485294e+01 1.227469e+00 3.487455e+01 3.521851e-02
7.943282e-06 3.484707e+01 1.255287e+00 3.486967e+01 3.602274e-02
8.128305e-06 3.484093e+01 1.283699e+00 3.486457e+01 3.684458e-02
8.317638e-06 3.483451e+01 1.312716e+00 3.485923e+01 3.768435e-02
8.511380e-06 3.482780e+01 1.342347e+00 3.485366e+01 3.854239e-02
8.709636e-06 3.482079e+01 1.372602e+00 3.484783e+01 3.941905e-02
8.912509e-06 3.481346e+01 1.403492e+00 3.484174e+01 4.031465e-02
9.120108e-06 3.480580e+01 1.435027e+00 3.483537e+01 4.122954e-02
9.332543e-06 3.479780e+01 1.467217e+00 3.482872e+01 4.216406e-02
9.549926e-06 3.478944e+01 1.500070e+00 3.482177e+01 4.311856e-02
9.772372e-06 3.478071e+01 1.533599e+00 3.481450e+01 4.409337e-02
1.000000e-05 3.477159e+01 1.567811e+00 3.480691e+01 4.508884e-02
1.023293e-05 3.476206e+01 1.602716e+00 3.479899e+01 4.610532e-02
1.047129e-05 3.475211e+01 1.638324e+00 3.479071e+01 4.714315e-02
1.071519e-05 3.474172e+01 1.674643e+00 3.478206e+01 4.820266e-02
1.096478e-05 3.473087e+01 1.711683e+00 3.477303e+01 4.928419e-02
1.122018e-05 3.471955e+01 1.749452e+00 3.476360e+01 5.038809e-02
1.148154e-05 3.470773e+01 1.787958e+00 3.475375e+01 5.151468e-02
1.174898e-05 3.469539e+01 1.827208e+00 3.474348e+01 5.266429e-02
1.202264e-05 3.468252e+01 1.867211e+00 3.473275e+01 5.383724e-02
1.230269e-05 3.466910e+01 1.907974e+00 3.472156e+01 5.503385e-02
1.258925e-05 3.465509e+01 1.949503e+00 3.470988e+01 5.625444e-02
1.288250e-05 3.464048e+01 1.991803e+00 3.469769e+01 5.749930e-02
1.318257e-05 3.462524e+01 2.034882e+00 3.468499e+01 5.876873e-02
1.348963e-05 3.460936e+01 2.078743e+00 3.467173e+01 6.006302e-02
1.380384e-05 3.459280e+01 2.123391e+00 3.465791e+01 6.138244e-02
1.412538e-05 3.457555e+01 2.168829e+00 3.464351e+01 6.272725e-02
1.445440e-05 3.455757e+01 2.215061e+00 3.462849e+01 6.409770e-02
1.479108e-05 3.453884e+01 2.262088e+00 3.461284e+01 6.549403e-02
1.513561e-05 3.451934e+01 2.309912e+00 3.459654e+01 6.691647e-02
1.548817e-05 3.449903e+01 2.358533e+00 3.457956e+01 6.836521e-02
1.584893e-05 3.447789e+01 2.407951e+00 3.456187e+01 6.984044e-02
1.621810e-05 3.445588e+01 2.458163e+00 3.454346e+01 7.134233e-02
1.659587e-05 3.443299e+01 2.509168e+00 3.452429e+01 7.287103e-02
1.698244e-05 3.440918e+01 2.560960e+00 3.450435e+01 7.442666e-02
1.737801e-05 3.438442e+01 2.613536e+00 3.448360e+01 7.600932e-02
1.778279e-05 3.435868e+01 2.666889e+00 3.446202e+01 7.761908e-02
1.819701e-05 3.433193e+01 2.721011e+00 3.443959e+01 7.925600e-02
1.862087e-05 3.430414e+01 2.775894e+00 3.441626e+01 8.092010e-02
1.905461e-05 3.427527e+01 2.831527e+00 3.439203e+01 8.261136e-02
1.949845e-05 3.424531e+01 2.887898e+00 3.436686e+01 8.432974e-02
1.995262e-05 3.421421e+01 2.944994e+00 3.434072e+01 8.607517e-02
2.041738e-05 3.418194e+01 3.002800e+00 3.431358e+01 8.784754e-02
2.089296e-05 3.414848e+01 3.061299e+00 3.428542e+01 8.964671e-02
2.137962e-05 3.411379e+01 3.120474e+00 3.425621e+01 9.147249e-02
2.187762e-05 3.407785e+01 3.180304e+00 3.422593e+01 9.332466e-02
2.238721e-05 3.404062e+01 3.240768e+00 3.419454e+01 9.520297e-02
2.290868e-05 3.400207e+01 3.301842e+00 3.416201e+01 9.710710e-02
2.344229e-05 3.396218e+01 3.363502e+00 3.412833e+01 9.903671e-02
2.398833e-05 3.392091e+01 3.425721e+00 3.409346e+01 1.009914e-01
2.454709e-05 3.387825e+01 3.488470e+00 3.405738e+01 1.029708e-01
2.511886e-05 3.383416e+01 3.551718e+00 3.402007e+01 1.049743e-01
2.570396e-05 3.378862e+01 3.615435e+00 3.398150e+01 1.070016e-01
2.630268e-05 3.374161e+01 3.679585e+00 3.394165e+01 1.090519e-01
2.691535e-05 3.369310e+01 3.744134e+00 3.390049e+01 1.111246e-01
2.754229e-05 3.364307e+01 3.809044e+00 3.385801e+01 1.132193e-01
2.818383e-05 3.359151e+01 3.874277e+00 3.381419e+01 1.153350e-01
2.884032e-05 3.353840e+01 3.939793e+00 3.376902e+01 1.174711e-01
2.951209e-05 3.348373e+01 4.005551e+00 3.372246e+01 1.196268e-01
3.019952e-05 3.342747e+01 4.071509e+00 3.367452e+01 1.218013e-01
3.090295e-05 3.336963e+01 4.137622e+00 3.362518e+01 1.239936e-01
3.162278e-05 3.331020e+01 4.203846e+00 3.357442e+01 1.262030e-01
3.235937e-05 3.324916e+01 4.270135e+00 3.352225e+01 1.284284e-01
3.311311e-05 3.318653e+01 4.336445e+00 3.346865e+01 1.306688e-01
3.388442e-05 3.312229e+01 4.402727e+00 3.341362e+01 1.329234e-01
3.467369e-05 3.305645e+01 4.468936e+00 3.335716e+01 1.351911e-01
3.548134e-05 3.298902e+01 4.535025e+00 3.329928e+01 1.374707e-01
3.630781e-05 3.292001e+01 4.600947e+00 3.323997e+01 1.397614e-01
3.715352e-05 3.284943e+01 4.666656e+00 3.317925e+01 1.420620e-01
3.801894e-05 3.277729e+01 4.732107e+00 3.311712e+01 1.443715e-01
3.890451e-05 3.270362e+01 4.797254e+00 3.305360e+01 1.466888e-01
3.981072e-05 3.262843e+01 4.862055e+00 3.298869e+01 1.490128e-01
4.073803e-05 3.255175e+01 4.926468e+00 3.292243e+01 1.513426e-01
4.168694e-05 3.247361e+01 4.990451e+00 3.285483e+01 1.536772e-01
4.265795e-05 3.239403e+01 5.053968e+00 3.278591e+01 1.560154e-01
4.365158e-05 3.231305e+01 5.116981e+00 3.271570e+01 1.583565e-01
4.466836e-05 3.223071e+01 5.179456e+00 3.264422e+01 1.606994e-01
4.570882e-05 3.214704e+01 5.241363e+00 3.257152e+01 1.630434e-01
4.677351e-05 3.206207e+01 5.302673e+00 3.249761e+01 1.653877e-01
4.786301e-05 3.197586e+01 5.363361e+00 3.242255e+01 1.677315e-01
4.897788e-05 3.188845e+01 5.423404e+00 3.234635e+01 1.700743e-01
5.011872e-05 3.179987e+01 5.482784e+00 3.226907e+01 1.724153e-01
5.128614e-05 3.171018e+01 5.541486e+00 3.219074e+01 1.747542e-01
5.248075e-05 3.161942e+01 5.599499e+00 3.211140e+01 1.770905e-01
5.370318e-05 3.152764e+01 5.656814e+00 3.203110e+01 1.794240e-01
5.495409e-05 3.143488e+01 5.713428e+00 3.194988e+01 1.817544e-01
5.623413e-05 3.134119e+01 5.769341e+00 3.186778e+01 1.840817e-01
5.754399e-05 3.124662e+01 5.824556e+00 3.178485e+01 1.864060e-01
5.888437e-05 3.115121e+01 5.879082e+00 3.170113e+01 1.887272e-01
6.025596e-05 3.105501e+01 5.932930e+00 3.161666e+01 1.910458e-01
6.165950e-05 3.095805e+01 5.986114e+00 3.153148e+01 1.933621e-01
6.309573e-05 3.086038e+01 6.038654e+00 3.144564e+01 1.956766e-01
6.456542e-05 3.076204e+01 6.090571e+00 3.135918e+01 1.979898e-01
6.606934e-05 3.066306e+01 6.141890e+00 3.127213e+01 2.003026e-01
6.760830e-05 3.056347e+01 6.192639e+00 3.118453e+01 2.026157e-01
6.918310e-05 3.046331e+01 6.242850e+00 3.109640e+01 2.049301e-01
7.079458e-05 3.036259e+01 6.292554e+00 3.100779e+01 2.072469e-01
7.244360e-05 3.026135e+01 6.341787e+00 3.091872e+01 2.095672e-01
7.413102e-05 3.015960e+01 6.390586e+00 3.082922e+01 2.118923e-01
7.585776e-05 3.005735e+01 6.438989e+00 3.073930e+01 2.142235e-01
7.762471e-05 2.995461e+01 6.487036e+00 3.064899e+01 2.165622e-01
7.943282e-05 2.985140e+01 6.534767e+00 3.055829e+01 2.189099e-01
8.128305e-05 2.974771e+01 6.582222e+00 3.046722e+01 2.212682e-01
8.317638e-05 2.964353e+01 6.629441e+00 3.037579e+01 2.236387e-01
8.511380e-05 2.953887e+01 6.676465e+00 3.028399e+01 2.260230e-01
8.709636e-05 2.943371e+01 6.723333e+00 3.019183e+01 2.284228e-01
8.912509e-05 2.932804e+01 6.770081e+00 3.009930e+01 2.308399e-01
9.120108e-05 2.922183e+01 6.816747e+00 3.000639e+01 2.332758e-01
9.332543e-05 2.911506e+01 6.863364e+00 2.991308e+01 2.357324e-01
9.549926e-05 2.900770e+01 6.909963e+00 2.981936e+01 2.382113e-01
9.772372e-05 2.889972e+01 6.956575e+00 2.972521e+01 2.407142e-01
1.000000e-04 2.879109e+01 7.003224e+00 2.963059e+01 2.432427e-01
1.023293e-04 2.868176e+01 7.049932e+00 2.953549e+01 2.457984e-01
1.047129e-04 2.857170e+01 7.096719e+00 2.943986e+01 2.483828e-01
1.071519e-04 2.846085e+01 7.143598e+00 2.934367e+01 2.509974e-01
1.096478e-04 2.834917e+01 7.190579e+00 2.924688e+01 2.536434e-01
1.122018e-04 2.823661e+01 7.237669e+00 2.914945e+01 2.563221e-01
1.148154e-04 2.812312e+01 7.284867e+00 2.905132e+01 2.590348e-01
1.174898e-04 2.800865e+01 7.332170e+00 2.895247e+01 2.617823e-01
1.202264e-04 2.789314e+01 7.379567e+00 2.885283e+01 2.645656e-01
1.230269e-04 2.777654e+01 7.427044e+00 2.875235e+01 2.673855e-01
1.258925e-04 2.765880e+01 7.474581e+00 2.865098e+01 2.702424e-01
1.288250e-04 2.753985e+01 7.522151e+00 2.854866e+01 2.731370e-01
1.318257e-04 2.741965e+01 7.569724e+00 2.844535e+01 2.760693e-01
1.348963e-04 2.729814e+01 7.617262e+00 2.834098e+01 2.790396e-01
1.380384e-04 2.717528e+01 7.664724e+00 2.823550e+01 2.820477e-01
1.412538e-04 2.705101e+01 7.712061e+00 2.812886e+01 2.850933e-01
1.445440e-04 2.692528e+01 7.759220e+00 2.802100e+01 2.881760e-01
1.479108e-04 2.679807e+01 7.806143e+00 2.791187e+01 2.912950e-01
1.513561e-04 2.666932e+01 7.852766e+00 2.780141e+01 2.944495e-01
1.548817e-04 2.653899e+01 7.899022e+00 2.768958e+01 2.976383e-01
1.584893e-04 2.640707e+01 7.944836e+00 2.757633e+01 3.008602e-01
1.621810e-04 2.627352e+01 7.990132e+00 2.746161e+01 3.041135e-01
1.659587e-04 2.613832e+01 8.034830e+00 2.734539e+01 3.073966e-01
1.698244e-04 2.600145e+01 8.078843e+00 2.722762e+01 3.107074e-01
1.737801e-04 2.586291e+01 8.122085e+00 2.710827e+01 3.140437e-01
1.778279e-04 2.572269e+01 8.164465e+00 2.698732e+01 3.174032e-01
1.819701e-04 2.558080e+01 8.205889e+00 2.686473e+01 3.207832e-01
1.862087e-04 2.543724e+01 8.246262e+00 2.674049e+01 3.241808e-01
1.905461e-04 2.529202e+01 8.285490e+00 2.661458e+01 3.275930e-01
1.949845e-04 2.514519e+01 8.323474e+00 2.648699e+01 3.310166e-01
1.995262e-04 2.499675e+01 8.360117e+00 2.635772e+01 3.344481e-01
2.041738e-04 2.484677e+01 8.395323e+00 2.622677e+01 3.378839e-01
2.089296e-04 2.469527e+01 8.428997e+00 2.609414e+01 3.413203e-01
2.137962e-04 2.454231e+01 8.461043e+00 2.595986e+01 3.447533e-01
2.187762e-04 2.438796e+01 8.491370e+00 2.582394e+01 3.481787e-01
2.238721e-04 2.423228e+01 8.519889e+00 2.568642e+01 3.515925e-01
2.290868e-04 2.407535e+01 8.546514e+00 2.554732e+01 3.549901e-01
2.344229e-04 2.391725e+01 8.571163e+00 2.540669e+01 3.583674e-01
2.398833e-04 2.375807e+01 8.593760e+00 2.526457e+01 3.617196e-01
2.454709e-04 2.359790e+01 8.614231e+00 2.512103e+01 3.650422e-01
2.511886e-04 2.343685e+01 8.632512e+00 2.497611e+01 3.683307e-01
2.570396e-04 2.327502e+01 8.648543e+00 2.482990e+01 3.715805e-01
2.630268e-04 2.311252e+01 8.662268e+00 2.468245e+01 3.747868e-01
2.691535e-04 2.294947e+01 8.673643e+00 2.453386e+01 3.779453e-01
2.754229e-04 2.278599e+01 8.682629e+00 2.438420e+01 3.810513e-01
2.818383e-04 2.262220e+01 8.689195e+00 2.423357e+01 3.841004e-01
2.884032e-04 2.245823e+01 8.693317e+00 2.408206e+01 3.870883e-01
2.951209e-04 2.229420e+01 8.694981e+00 2.392977e+01 3.900109e-01
3.019952e-04 2.213025e+01 8.694182e+00 2.377681e+01 3.928642e-01
3.090295e-04 2.196650e+01 8.690921e+00 2.362328e+01 3.956443e-01
3.162278e-04 2.180309e+01 8.685209e+00 2.346929e+01 3.983476e-01
3.235937e-04 2.164015e+01 8.677067e+00 2.331496e+01 4.009708e-01
3.311311e-04 2.147779e+01 8.666522e+00 2.316040e+01 4.035108e-01
3.388442e-04 2.131616e+01 8.653610e+00 2.300573e+01 4.059648e-01
3.467369e-04 2.115537e+01 8.638378e+00 2.285107e+01 4.083303e-01
3.548134e-04 2.099554e+01 8.620877e+00 2.269653e+01 4.106051e-01
3.630781e-04 2.083680e+01 8.601167e+00 2.254223e+01 4.127874e-01
3.715352e-04 2.067924e+01 8.579317e+00 2.238830e+01 4.148758e-01
3.801894e-04 2.052299e+01 8.555400e+00 2.223484e+01 4.168691e-01
3.890451e-04 2.036813e+01 8.529498e+00 2.208197e+01 4.187668e-01
3.981072e-04 2.021478e+01 8.501698e+00 2.192980e+01 4.205684e-01
4.073803e-04 2.006301e+01 8.472091e+00 2.177844e+01 4.222742e-01
4.168694e-04 1.991291e+01 8.440775e+00 2.162800e+01 4.238846e-01
4.265795e-04 1.976455e+01 8.407852e+00 2.147858e+01 4.254006e-01
4.365158e-04 1.961801e+01 8.373427e+00 2.133028e+01 4.268234e-01
4.466836e-04 1.947335e+01 8.337609e+00 2.118318e+01 4.281548e-01
4.570882e-04 1.933062e+01 8.300510e+00 2.103738e+01 4.293970e-01
4.677351e-04 1.918987e+01 8.262244e+00 2.089296e+01 4.305524e-01
4.786301e-04 1.905113e+01 8.222924e+00 2.074999e+01 4.316239e-01
4.897788e-04 1.891444e+01 8.182668e+00 2.060855e+01 4.326148e-01
5.011872e-04 1.877983e+01 8.141592e+00 2.046870e+01 4.335285e-01
5.128614e-04 1.864731e+01 8.099813e+00 2.033050e+01 4.343690e-01
5.248075e-04 1.851689e+01 8.057446e+00 2.019400e+01 4.351404e-01
5.370318e-04 1.838856e+01 8.014607e+00 2.005924e+01 4.358473e-01
5.495409e-04 1.826234e+01 7.971408e+00 1.992627e+01 4.364943e-01
5.623413e-04 1.813820e+01 7.927961e+00 1.979512e+01 4.370864e-01
5.754399e-04 1.801613e+01 7.884376e+00 1.966582e+01 4.376286e-01
5.888437e-04 1.789611e+01 7.840757e+00 1.953838e+01 4.381264e-01
6.025596e-04 1.777810e+01 7.797209e+00 1.941281e+01 4.385851e-01
6.165950e-04 1.766207e+01 7.753831e+00 1.928913e+01 4.390104e-01
6.309573e-04 1.754798e+01 7.710719e+00 1.916733e+01 4.394079e-01
6.456542e-04 1.743578e+01 7.667965e+00 1.904742e+01 4.397834e-01
6.606934e-04 1.732542e+01 7.625657e+00 1.892937e+01 4.401426e-01
6.760830e-04 1.721686e+01 7.583878e+00 1.881317e+01 4.404914e-01
6.918310e-04 1.711002e+01 7.542707e+00 1.869881e+01 4.408355e-01
7.079458e-04 1.700486e+01 7.502218e+00 1.858625e+01 4.411808e-01
7.244360e-04 1.690130e+01 7.462481e+00 1.847546e+01 4.415330e-01
7.413102e-04 1.679928e+01 7.423560e+00 1.836641e+01 4.418976e-01
7.585776e-04 1.669872e+01 7.385515e+00 1.825906e+01 4.422802e-01
7.762471e-04 1.659957e+01 7.348401e+00 1.815336e+01 4.426863e-01
7.943282e-04 1.650173e+01 7.312266e+00 1.804927e+01 4.431212e-01
8.128305e-04 1.640514e+01 7.277156e+00 1.794674e+01 4.435900e-01
8.317638e-04 1.630972e+01 7.243109e+00 1.784571e+01 4.440978e-01
8.511380e-04 1.621539e+01 7.210162e+00 1.774614e+01 4.446493e-01
8.709636e-04 1.612208e+01 7.178343e+00 1.764795e+01 4.452492e-01
8.912509e-04 1.602970e+01 7.147677e+00 1.755109e+01 4.459020e-01
9.120108e-04 1.593819e+01 7.118184e+00 1.745550e+01 4.466119e-01
9.332543e-04 1.584745e+01 7.089880e+00 1.736111e+01 4.473829e-01
9.549926e-04 1.575742e+01 7.062777e+00 1.726787e+01 4.482190e-01
9.772372e-04 1.566802e+01 7.036880e+00 1.717570e+01 4.491237e-01
1.000000e-03 1.557917e+01 7.012191e+00 1.708454e+01 4.501004e-01
1.023293e-03 1.549080e+01 6.988710e+00 1.699432e+01 4.511524e-01
1.047129e-03 1.540283e+01 6.966430e+00 1.690498e+01 4.522825e-01
1.071519e-03 1.531520e+01 6.945342e+00 1.681645e+01 4.534935e-01
1.096478e-03 1.522783e+01 6.925432e+00 1.672867e+01 4.547879e-01
1.122018e-03 1.514066e+01 6.906683e+00 1.664157e+01 4.561680e-01
1.148154e-03 1.505362e+01 6.889076e+00 1.655508e+01 4.576360e-01
1.174898e-03 1.496664e+01 6.872587e+00 1.646915e+01 4.591936e-01
1.202264e-03 1.487968e+01 6.857189e+00 1.638370e+01 4.608427e-01
1.230269e-03 1.479266e+01 6.842854e+00 1.629869e+01 4.625846e-01
1.258925e-03 1.470553e+01 6.829551e+00 1.621405e+01 4.644206e-01
1.288250e-03 1.461824e+01 6.817244e+00 1.612972e+01 4.663518e-01
1.318257e-03 1.453074e+01 6.805897e+00 1.604564e+01 4.683792e-01
1.348963e-03 1.444298e+01 6.795472e+00 1.596177e+01 4.705035e-01
1.380384e-03 1.435491e+01 6.785930e+00 1.587804e+01 4.727253e-01
1.412538e-03 1.426649e+01 6.777226e+00 1.579442e+01 4.750450e-01
1.445440e-03 1.417769e+01 6.769319e+00 1.571084e+01 4.774628e-01
1.479108e-03 1.408846e+01 6.762163e+00 1.562727e+01 4.799789e-01
1.513561e-03 1.399877e+01 6.755712e+00 1.554366e+01 4.825933e-01
1.548817e-03 1.390859e+01 6.749919e+00 1.545996e+01 4.853057e-01
1.584893e-03 1.381789e+01 6.744736e+00 1.537614e+01 4.881161e-01
1.621810e-03 1.372665e+01 6.740115e+00 1.529216e+01 4.910239e-01
1.659587e-03 1.363484e+01 6.736005e+00 1.520798e+01 4.940287e-01
1.698244e-03 1.354245e+01 6.732357e+00 1.512358e+01 4.971300e-01
1.737801e-03 1.344945e+01 6.729122e+00 1.503891e+01 5.003269e-01
1.778279e-03 1.335584e+01 6.726250e+00 1.495396e+01 5.036188e-01
1.819701e-03 1.326159e+01 6.723689e+00 1.486868e+01 5.070047e-01
1.862087e-03 1.316671e+01 6.721391e+00 1.478307e+01 5.104838e-01
1.905461e-03 1.307118e+01 6.719305e+00 1.469710e+01 5.140550e-01
1.949845e-03 1.297500e+01 6.717381e+00 1.461074e+01 5.177173e-01
1.995262e-03 1.287817e+01 6.715572e+00 1.452399e+01 5.214695e-01
2.041738e-03 1.278069e+01 6.713828e+00 1.443681e+01 5.253103e-01
2.089296e-03 1.268256e+01 6.712101e+00 1.434920e+01 5.292386e-01
2.137962e-03 1.258379e+01 6.710344e+00 1.426115e+01 5.332529e-01
2.187762e-03 1.248439e+01 6.708510e+00 1.417265e+01 5.373520e-01
2.238721e-03 1.238436e+01 6.706553e+00 1.408368e+01 5.415342e-01
2.290868e-03 1.228371e+01 6.704430e+00 1.399425e+01 5.457983e-01
2.344229e-03 1.218247e+01 6.702095e+00 1.390434e+01 5.501426e-01
2.398833e-03 1.208064e+01 6.699507e+00 1.381395e+01 5.545655e-01
2.454709e-03 1.197825e+01 6.696623e+00 1.372309e+01 5.590654e-01
2.511886e-03 1.187530e+01 6.693403e+00 1.363175e+01 5.636405e-01
2.570396e-03 1.177183e+01 6.689808e+00 1.353993e+01 5.682893e-01
2.630268e-03 1.166786e+01 6.685799e+00 1.344764e+01 5.730098e-01
2.691535e-03 1.156341e+01 6.681341e+00 1.335488e+01 5.778003e-01
2.754229e-03 1.145850e+01 6.676397e+00 1.326166e+01 5.826589e-01
2.818383e-03 1.135317e+01 6.670935e+00 1.316798e+01 5.875837e-01
2.884032e-03 1.124743e+01 6.664922e+00 1.307387e+01 5.925726e-01
2.951209e-03 1.114134e+01 6.658328e+00 1.297932e+01 5.976238e-01
3.019952e-03 1.103490e+01 6.651123e+00 1.288435e+01 6.027352e-01
3.090295e-03 1.092816e+01 6.643282e+00 1.278898e+01 6.079047e-01
3.162278e-03 1.082115e+01 6.634777e+00 1.269321e+01 6.131303e-01
3.235937e-03 1.071391e+01 6.625588e+00 1.259708e+01 6.184097e-01
3.311311e-03 1.060647e+01 6.615690e+00 1.250058e+01 6.237409e-01
3.388442e-03 1.049887e+01 6.605066e+00 1.240375e+01 6.291218e-01
3.467369e-03 1.039114e+01 6.593698e+00 1.230661e+01 6.345500e-01
3.548134e-03 1.028332e+01 6.581569e+00 1.220917e+01 6.400235e-01
3.630781e-03 1.017546e+01 6.568667e+00 1.211146e+01 6.455400e-01
3.715352e-03 1.006759e+01 6.554981e+00 1.201350e+01 6.510975e-01
3.801894e-03 9.959744e+00 6.540501e+00 1.191531e+01 6.566937e-01
3.890451e-03 9.851969e+00 6.525221e+00 1.181693e+01 6.623265e-01
3.981072e-03 9.744302e+00 6.509134e+00 1.171837e+01 6.679939e-01
4.073803e-03 9.636782e+00 6.492240e+00 1.161967e+01 6.736938e-01
4.168694e-03 9.529447e+00 6.474537e+00 1.152085e+01 6.794242e-01
4.265795e-03 9.422337e+00 6.456026e+00 1.142194e+01 6.851831e-01
4.365158e-03 9.315489e+00 6.436712e+00 1.132297e+01 6.909688e-01
4.466836e-03 9.208939e+00 6.416600e+00 1.122396e+01 6.967795e-01
4.570882e-03 9.102725e+00 6.395697e+00 1.112495e+01 7.026134e-01
4.677351e-03 8.996882e+00 6.374012e+00 1.102597e+01 7.084691e-01
4.786301e-03 8.891444e+00 6.351558e+00 1.092703e+01 7.143450e-01
4.897788e-03 8.786444e+00 6.328347e+00 1.082818e+01 7.202399e-01
5.011872e-03 8.681914e+00 6.304393e+00 1.072945e+01 7.261525e-01
5.128614e-03 8.577884e+00 6.279713e+00 1.063085e+01 7.320818e-01
5.248075e-03 8.474385e+00 6.254324e+00 1.053242e+01 7.380269e-01
5.370318e-03 8.371442e+00 6.228245e+00 1.043418e+01 7.439871e-01
5.495409e-03 8.269083e+00 6.201495e+00 1.033616e+01 7.499617e-01
5.623413e-03 8.167331e+00 6.174096e+00 1.023840e+01 7.559503e-01
5.754399e-03 8.066208e+00 6.146069e+00 1.014090e+01 7.619527e-01
5.888437e-03 7.965736e+00 6.117437e+00 1.004370e+01 7.679688e-01
6.025596e-03 7.865934e+00 6.088222e+00 9.946827e+00 7.739987e-01
6.165950e-03 7.766818e+00 6.058449e+00 9.850292e+00 7.800426e-01
6.309573e-03 7.668404e+00 6.028141e+00 9.754122e+00 7.861011e-01
6.456542e-03 7.570706e+00 5.997322e+00 9.658336e+00 7.921747e-01
6.606934e-03 7.473735e+00 5.966016e+00 9.562953e+00 7.982643e-01
6.760830e-03 7.377502e+00 5.934247e+00 9.467990e+00 8.043707e-01
6.918310e-03 7.282016e+00 5.902039e+00 9.373464e+00 8.104952e-01
7.079458e-03 7.187283e+00 5.869416e+00 9.279390e+00 8.166390e-01
7.244360e-03 7.093309e+00 5.836400e+00 9.185782e+00 8.228036e-01
7.413102e-03 7.000097e+00 5.803014e+00 9.092653e+00 8.289905e-01
7.585776e-03 6.907651e+00 5.769280e+00 9.000013e+00 8.352014e-01
7.762471e-03 6.815971e+00 5.735218e+00 8.907872e+00 8.414382e-01
7.943282e-03 6.725058e+00 5.700850e+00 8.816240e+00 8.477028e-01
8.128305e-03 6.634909e+00 5.666195e+00 8.725124e+00 8.539973e-01
8.317638e-03 6.545525e+00 5.631271e+00 8.634530e+00 8.603238e-01
8.511380e-03 6.456900e+00 5.596095e+00 8.544462e+00 8.666845e-01
8.709636e-03 6.369031e+00 5.560685e+00 8.454926e+00 8.730818e-01
8.912509e-03 6.281915e+00 5.525056e+00 8.365925e+00 8.795178e-01
9.120108e-03 6.195544e+00 5.489222e+00 8.277459e+00 8.859951e-01
9.332543e-03 6.109915e+00 5.453197e+00 8.189531e+00 8.925161e-01
9.549926e-03 6.025020e+00 5.416993e+00 8.102141e+00 8.990830e-01
9.772372e-03 5.940854e+00 5.380621e+00 8.015287e+00 9.056983e-01
1.000000e-02 5.857408e+00 5.344091e+00 7.928969e+00 9.123644e-01
1.023293e-02 5.774678e+00 5.307412e+00 7.843184e+00 9.190837e-01
1.047129e-02 5.692656e+00 5.270593e+00 7.757930e+00 9.258584e-01
1.071519e-02 5.611335e+00 5.233640e+00 7.673204e+00 9.326908e-01
1.096478e-02 5.530708e+00 5.196559e+00 7.589003e+00 9.395830e-01
1.122018e-02 5.450770e+00 5.159356e+00 7.505321e+00 9.465372e-01
1.148154e-02 5.371513e+00 5.122035e+00 7.422156e+00 9.535552e-01
1.174898e-02 5.292933e+00 5.084599e+00 7.339502e+00 9.606391e-01
1.202264e-02 5.215024e+00 5.047051e+00 7.257355e+00 9.677904e-01
1.230269e-02 5.137781e+00 5.009393e+00 7.175710e+00 9.750109e-01
1.258925e-02 5.061200e+00 4.971626e+00 7.094562e+00 9.823020e-01
1.288250e-02 4.985276e+00 4.933752e+00 7.013907e+00 9.896649e-01
1.318257e-02 4.910006e+00 4.895771e+00 6.933739e+00 9.971007e-01
1.348963e-02 4.835389e+00 4.857682e+00 6.854054e+00 1.004611e+00
1.380384e-02 4.761420e+00 4.819486e+00 6.774848e+00 1.012195e+00
1.412538e-02 4.688100e+00 4.781182e+00 6.696117e+00 1.019855e+00
1.445440e-02 4.615428e+00 4.742768e+00 6.617856e+00 1.027590e+00
1.479108e-02 4.543402e+00 4.704244e+00 6.540062e+00 1.035401e+00
1.513561e-02 4.472025e+00 4.665609e+00 6.462732e+00 1.043288e+00
1.548817e-02 4.401296e+00 4.626861e+00 6.385863e+00 1.051250e+00
1.584893e-02 4.331218e+00 4.588000e+00 6.309453e+00 1.059286e+00
1.621810e-02 4.261794e+00 4.549025e+00 6.233499e+00 1.067397e+00
1.659587e-02 4.193025e+00 4.509935e+00 6.158000e+00 1.075580e+00
1.698244e-02 4.124916e+00 4.470729e+00 6.082955e+00 1.083835e+00
1.737801e-02 4.057470e+00 4.431408e+00 6.008364e+00 1.092160e+00
1.778279e-02 3.990692e+00 4.391971e+00 5.934226e+00 1.100554e+00
1.819701e-02 3.924588e+00 4.352420e+00 5.860542e+00 1.109013e+00
1.862087e-02 3.859162e+00 4.312755e+00 5.787312e+00 1.117537e+00
1.905461e-02 3.794420e+00 4.272977e+00 5.714539e+00 1.126121e+00
1.949845e-02 3.730369e+00 4.233089e+00 5.642224e+00 1.134764e+00
1.995262e-02 3.667013e+00 4.193094e+00 5.570370e+00 1.143463e+00
2.041738e-02 3.604361e+00 4.152993e+00 5.498979e+00 1.152213e+00
2.089296e-02 3.542418e+00 4.112791e+00 5.428055e+00 1.161012e+00
2.137962e-02 3.481192e+00 4.072493e+00 5.357602e+00 1.169856e+00
2.187762e-02 3.420689e+00 4.032102e+00 5.287623e+00 1.178740e+00
2.238721e-02 3.360915e+00 3.991624e+00 5.218124e+00 1.187660e+00
2.290868e-02 3.301878e+00 3.951066e+00 5.149109e+00 1.196612e+00
2.344229e-02 3.243584e+00 3.910434e+00 5.080584e+00 1.205590e+00
2.398833e-02 3.186040e+00 3.869735e+00 5.012554e+00 1.214591e+00
2.454709e-02 3.129251e+00 3.828976e+00 4.945025e+00 1.223608e+00
2.511886e-02 3.073224e+00 3.788167e+00 4.878003e+00 1.232636e+00
2.570396e-02 3.017964e+00 3.747316e+00 4.811494e+00 1.241670e+00
2.630268e-02 2.963476e+00 3.706431e+00 4.745506e+00 1.250704e+00
2.691535e-02 2.909766e+00 3.665524e+00 4.680043e+00 1.259732e+00
2.754229e-02 2.856837e+00 3.624605e+00 4.615114e+00 1.268747e+00
2.818383e-02 2.804694e+00 3.583683e+00 4.550725e+00 1.277745e+00
2.884032e-02 2.753341e+00 3.542770e+00 4.486882e+00 1.286717e+00
2.951209e-02 2.702779e+00 3.501878e+00 4.423592e+00 1.295658e+00
3.019952e-02 2.653012e+00 3.461018e+00 4.360863e+00 1.304562e+00
3.090295e-02 2.604042e+00 3.420203e+00 4.298700e+00 1.313421e+00
3.162278e-02 2.555869e+00 3.379443e+00 4.237110e+00 1.322228e+00
3.235937e-02 2.508495e+00 3.338752e+00 4.176100e+00 1.330978e+00
3.311311e-02 2.461920e+00 3.298143e+00 4.115677e+00 1.339663e+00
3.388442e-02 2.416142e+00 3.257627e+00 4.055845e+00 1.348276e+00
3.467369e-02 2.371162e+00 3.217218e+00 3.996611e+00 1.356811e+00
3.548134e-02 2.326977e+00 3.176928e+00 3.937980e+00 1.365260e+00
3.630781e-02 2.283584e+00 3.136770e+00 3.879959e+00 1.373617e+00
3.715352e-02 2.240982e+00 3.096756e+00 3.822552e+00 1.381875e+00
3.801894e-02 2.199166e+00 3.056900e+00 3.765763e+00 1.390027e+00
3.890451e-02 2.158133e+00 3.017214e+00 3.709598e+00 1.398067e+00
3.981072e-02 2.117877e+00 2.977709e+00 3.654060e+00 1.405988e+00
4.073803e-02 2.078394e+00 2.938398e+00 3.599153e+00 1.413783e+00
4.168694e-02 2.039678e+00 2.899293e+00 3.544882e+00 1.421447e+00
4.265795e-02 2.001722e+00 2.860406e+00 3.491248e+00 1.428973e+00
4.365158e-02 1.964520e+00 2.821747e+00 3.438255e+00 1.436355e+00
4.466836e-02 1.928064e+00 2.783328e+00 3.385905e+00 1.443587e+00
4.570882e-02 1.892348e+00 2.745160e+00 3.334199e+00 1.450664e+00
4.677351e-02 1.857362e+00 2.707253e+00 3.283141e+00 1.457579e+00
4.786301e-02 1.823099e+00 2.669617e+00 3.232731e+00 1.464329e+00
4.897788e-02 1.789550e+00 2.632262e+00 3.182969e+00 1.470907e+00
5.011872e-02 1.756705e+00 2.595196e+00 3.133856e+00 1.477309e+00
5.128614e-02 1.724555e+00 2.558430e+00 3.085393e+00 1.483531e+00
5.248075e-02 1.693090e+00 2.521971e+00 3.037580e+00 1.489567e+00
5.370318e-02 1.662300e+00 2.485827e+00 2.990415e+00 1.495414e+00
5.495409e-02 1.632175e+00 2.450007e+00 2.943897e+00 1.501069e+00
5.623413e-02 1.602705e+00 2.414517e+00 2.898026e+00 1.506527e+00
5.754399e-02 1.573878e+00 2.379364e+00 2.852800e+00 1.511785e+00
5.888437e-02 1.545683e+00 2.344555e+00 2.808216e+00 1.516841e+00
6.025596e-02 1.518111e+00 2.310096e+00 2.764273e+00 1.521691e+00
6.165950e-02 1.491149e+00 2.275992e+00 2.720968e+00 1.526334e+00
6.309573e-02 1.464787e+00 2.242248e+00 2.678298e+00 1.530768e+00
6.456542e-02 1.439013e+00 2.208870e+00 2.636259e+00 1.534990e+00
6.606934e-02 1.413815e+00 2.175861e+00 2.594850e+00 1.539000e+00
6.760830e-02 1.389183e+00 2.143226e+00 2.554065e+00 1.542796e+00
6.918310e-02 1.365105e+00 2.110967e+00 2.513900e+00 1.546377e+00
7.079458e-02 1.341569e+00 2.079089e+00 2.474353e+00 1.549744e+00
7.244360e-02 1.318565e+00 2.047594e+00 2.435417e+00 1.552897e+00
7.413102e-02 1.296080e+00 2.016485e+00 2.397089e+00 1.555834e+00
7.585776e-02 1.274103e+00 1.985763e+00 2.359363e+00 1.558558e+00
7.762471e-02 1.252623e+00 1.955431e+00 2.322235e+00 1.561069e+00
7.943282e-02 1.231629e+00 1.925489e+00 2.285699e+00 1.563368e+00
8.128305e-02 1.211109e+00 1.895939e+00 2.249749e+00 1.565457e+00
8.317638e-02 1.191053e+00 1.866782e+00 2.214381e+00 1.567338e+00
8.511380e-02 1.171449e+00 1.838018e+00 2.179588e+00 1.569012e+00
8.709636e-02 1.152287e+00 1.809647e+00 2.145364e+00 1.570484e+00
8.912509e-02 1.133555e+00 1.781670e+00 2.111704e+00 1.571754e+00
9.120108e-02 1.115243e+00 1.754085e+00 2.078601e+00 1.572827e+00
9.332543e-02 1.097341e+00 1.726892e+00 2.046048e+00 1.573706e+00
9.549926e-02 1.079838e+00 1.700090e+00 2.014040e+00 1.574394e+00
9.772372e-02 1.062724e+00 1.673679e+00 1.982570e+00 1.574895e+00
1.000000e-01 1.045988e+00 1.647655e+00 1.951630e+00 1.575214e+00
1.023293e-01 1.029621e+00 1.622019e+00 1.921215e+00 1.575355e+00
1.047129e-01 1.013613e+00 1.596768e+00 1.891317e+00 1.575323e+00
1.071519e-01 9.979541e-01 1.571899e+00 1.861929e+00 1.575122e+00
1.096478e-01 9.826349e-01 1.547412e+00 1.833045e+00 1.574758e+00
1.122018e-01 9.676460e-01 1.523302e+00 1.804657e+00 1.574235e+00
1.148154e-01 9.529784e-01 1.499568e+00 1.776759e+00 1.573560e+00
1.174898e-01 9.386230e-01 1.476207e+00 1.749343e+00 1.572737e+00
1.202264e-01 9.245711e-01 1.453216e+00 1.722402e+00 1.571773e+00
1.230269e-01 9.108140e-01 1.430591e+00 1.695928e+00 1.570673e+00
1.258925e-01 8.973432e-01 1.408329e+00 1.669915e+00 1.569443e+00
1.288250e-01 8.841505e-01 1.386428e+00 1.644355e+00 1.568090e+00
1.318257e-01 8.712278e-01 1.364882e+00 1.619241e+00 1.566619e+00
1.348963e-01 8.585672e-01 1.343690e+00 1.594566e+00 1.565037e+00
1.380384e-01 8.461610e-01 1.322846e+00 1.570322e+00 1.563350e+00
1.412538e-01 8.340017e-01 1.302347e+00 1.546501e+00 1.561564e+00
1.445440e-01 8.220819e-01 1.282189e+00 1.523098e+00 1.559685e+00
1.479108e-01 8.103945e-01 1.262368e+00 1.500104e+00 1.557720e+00
1.513561e-01 7.989324e-01 1.242879e+00 1.477512e+00 1.555675e+00
1.548817e-01 7.876890e-01 1.223719e+00 1.455315e+00 1.553557e+00
1.584893e-01 7.766575e-01 1.204883e+00 1.433506e+00 1.551370e+00
1.621810e-01 7.658317e-01 1.186367e+00 1.412078e+00 1.549122e+00
1.659587e-01 7.552052e-01 1.168166e+00 1.391023e+00 1.546819e+00
1.698244e-01 7.447721e-01 1.150275e+00 1.370335e+00 1.544466e+00
1.737801e-01 7.345264e-01 1.132691e+00 1.350006e+00 1.542069e+00
1.778279e-01 7.244625e-01 1.115408e+00 1.330030e+00 1.539635e+00
1.819701e-01 7.145749e-01 1.098422e+00 1.310400e+00 1.537168e+00
1.862087e-01 7.048583e-01 1.081728e+00 1.291108e+00 1.534674e+00
1.905461e-01 6.953075e-01 1.065321e+00 1.272149e+00 1.532159e+00
1.949845e-01 6.859175e-01 1.049198e+00 1.253515e+00 1.529627e+00
1.995262e-01 6.766837e-01 1.033352e+00 1.235200e+00 1.527083e+00
2.041738e-01 6.676013e-01 1.017780e+00 1.217197e+00 1.524533e+00
2.089296e-01 6.586660e-01 1.002477e+00 1.199500e+00 1.521981e+00
2.137962e-01 6.498735e-01 9.874375e-01 1.182103e+00 1.519430e+00
2.187762e-01 6.412196e-01 9.726573e-01 1.165000e+00 1.516886e+00
2.238721e-01 6.327005e-01 9.581318e-01 1.148184e+00 1.514353e+00
2.290868e-01 6.243124e-01 9.438562e-01 1.131649e+00 1.511833e+00
2.344229e-01 6.160516e-01 9.298260e-01 1.115391e+00 1.509331e+00
2.398833e-01 6.079148e-01 9.160365e-01 1.099401e+00 1.506850e+00
2.454709e-01 5.998985e-01 9.024833e-01 1.083676e+00 1.504393e+00
2.511886e-01 5.919998e-01 8.891617e-01 1.068210e+00 1.501963e+00
2.570396e-01 5.842156e-01 8.760674e-01 1.052997e+00 1.499562e+00
2.630268e-01 5.765430e-01 8.631959e-01 1.038031e+00 1.497193e+00
2.691535e-01 5.689793e-01 8.505430e-01 1.023309e+00 1.494857e+00
2.754229e-01 5.615220e-01 8.381043e-01 1.008824e+00 1.492558e+00
2.818383e-01 5.541686e-01 8.258757e-01 9.945721e-01 1.490297e+00
2.884032e-01 5.469168e-01 8.138531e-01 9.805482e-01 1.488075e+00
2.951209e-01 5.397644e-01 8.020323e-01 9.667478e-01 1.485893e+00
3.019952e-01 5.327093e-01 7.904094e-01 9.531664e-01 1.483754e+00
3.090295e-01 5.257495e-01 7.789806e-01 9.397996e-01 1.481657e+00
3.162278e-01 5.188832e-01 7.677420e-01 9.266431e-01 1.479604e+00
3.235937e-01 5.121086e-01 7.566899e-01 9.136930e-01 1.477596e+00
3.311311e-01 5.054241e-01 7.458207e-01 9.009451e-01 1.475634e+00
3.388442e-01 4.988279e-01 7.351310e-01 8.883957e-01 1.473717e+00
3.467369e-01 4.923187e-01 7.246172e-01 8.760410e-01 1.471846e+00
3.548134e-01 4.858949e-01 7.142761e-01 8.638775e-01 1.470022e+00
3.630781e-01 4.795553e-01 7.041045e-01 8.519016e-01 1.468244e+00
3.715352e-01 4.732985e-01 6.940991e-01 8.401101e-01 1.466514e+00
3.801894e-01 4.671232e-01 6.842570e-01 8.284997e-01 1.464832e+00
3.890451e-01 4.610283e-01 6.745752e-01 8.170672e-01 1.463197e+00
3.981072e-01 4.550125e-01 6.650509e-01 8.058096e-01 1.461610e+00
4.073803e-01 4.490748e-01 6.556814e-01 7.947241e-01 1.460072e+00
4.168694e-01 4.432141e-01 6.464640e-01 7.838076e-01 1.458582e+00
4.265795e-01 4.374292e-01 6.373962e-01 7.730577e-01 1.457141e+00
4.365158e-01 4.317191e-01 6.284754e-01 7.624714e-01 1.455751e+00
4.466836e-01 4.260828e-01 6.196993e-01 7.520464e-01 1.454411e+00
4.570882e-01 4.205192e-01 6.110656e-01 7.417800e-01 1.453122e+00
4.677351e-01 4.150273e-01 6.025721e-01 7.316699e-01 1.451885e+00
4.786301e-01 4.096062e-01 5.942166e-01 7.217137e-01 1.450702e+00
4.897788e-01 4.042546e-01 5.859971e-01 7.119090e-01 1.449574e+00
5.011872e-01 3.989716e-01 5.779115e-01 7.022536e-01 1.448503e+00
5.128614e-01 3.937562e-01 5.699578e-01 6.927452e-01 1.447489e+00
5.248075e-01 3.886073e-01 5.621343e-01 6.833817e-01 1.446535e+00
5.370318e-01 3.835238e-01 5.544389e-01 6.741610e-01 1.445644e+00
5.495409e-01 3.785046e-01 5.468700e-01 6.650809e-01 1.444818e+00
5.623413e-01 3.735486e-01 5.394258e-01 6.561393e-01 1.444058e+00
5.754399e-01 3.686546e-01 5.321046e-01 6.473341e-01 1.443369e+00
5.888437e-01 3.638215e-01 5.249046e-01 6.386634e-01 1.442753e+00
6.025596e-01 3.590482e-01 5.178242e-01 6.301250e-01 1.442214e+00
6.165950e-01 3.543335e-01 5.108619e-01 6.217170e-01 1.441754e+00
6.309573e-01 3.496761e-01 5.040158e-01 6.134373e-01 1.441379e+00
6.456542e-01 3.450748e-01 4.972846e-01 6.052839e-01 1.441092e+00
6.606934e-01 3.405283e-01 4.906665e-01 5.972547e-01 1.440898e+00
6.760830e-01 3.360355e-01 4.841600e-01 5.893478e-01 1.440800e+00
6.918310e-01 3.315951e-01 4.777636e-01 5.815611e-01 1.440804e+00
7.079458e-01 3.272058e-01 4.714755e-01 5.738927e-01 1.440915e+00
7.244360e-01 3.228662e-01 4.652943e-01 5.663404e-01 1.441137e+00
7.413102e-01 3.185752e-01 4.592184e-01 5.589023e-01 1.441476e+00
7.585776e-01 3.143315e-01 4.532462e-01 5.515763e-01 1.441937e+00
7.762471e-01 3.101337e-01 4.473760e-01 5.443603e-01 1.442526e+00
7.943282e-01 3.059805e-01 4.416063e-01 5.372524e-01 1.443250e+00
8.128305e-01 3.018708e-01 4.359354e-01 5.302506e-01 1.444113e+00
8.317638e-01 2.978032e-01 4.303618e-01 5.233526e-01 1.445122e+00
8.511380e-01 2.937764e-01 4.248837e-01 5.165566e-01 1.446282e+00
8.709636e-01 2.897893e-01 4.194995e-01 5.098604e-01 1.447601e+00
8.912509e-01 2.858407e-01 4.142075e-01 5.032621e-01 1.449085e+00
9.120108e-01 2.819292e-01 4.090061e-01 4.967596e-01 1.450740e+00
9.332543e-01 2.780538e-01 4.038936e-01 4.903508e-01 1.452573e+00
9.549926e-01 2.742133e-01 3.988681e-01 4.840338e-01 1.454591e+00
9.772372e-01 2.704065e-01 3.939282e-01 4.778065e-01 1.456800e+00
1.000000e+00 2.666324e-01 3.890719e-01 4.716670e-01 1.459207e+00
1.023293e+00 2.628899e-01 3.842976e-01 4.656133e-01 1.461820e+00
1.047129e+00 2.591779e-01 3.796035e-01 4.596433e-01 1.464645e+00
1.071519e+00 2.554954e-01 3.749879e-01 4.537552e-01 1.467689e+00
1.096478e+00 2.518416e-01 3.704489e-01 4.479471e-01 1.470960e+00
1.122018e+00 2.482154e-01 3.659850e-01 4.422170e-01 1.474465e+00
1.148154e+00 2.446159e-01 3.615942e-01 4.365630e-01 1.478212e+00
1.174898e+00 2.410423e-01 3.572748e-01 4.309834e-01 1.482208e+00
1.202264e+00 2.374938e-01 3.530251e-01 4.254762e-01 1.486460e+00
1.230269e+00 2.339695e-01 3.488432e-01 4.200397e-01 1.490977e+00
1.258925e+00 2.304687e-01 3.447275e-01 4.146720e-01 1.495767e+00
1.288250e+00 2.269908e-01 3.406761e-01 4.093715e-01 1.500837e+00
1.318257e+00 2.235350e-01 3.366874e-01 4.041364e-01 1.506196e+00
1.348963e+00 2.201006e-01 3.327594e-01 3.989651e-01 1.511851e+00
1.380384e+00 2.166872e-01 3.288906e-01 3.938558e-01 1.517812e+00
1.412538e+00 2.132942e-01 3.250791e-01 3.888070e-01 1.524088e+00
1.445440e+00 2.099210e-01 3.213233e-01 3.838170e-01 1.530686e+00
1.479108e+00 2.065672e-01 3.176213e-01 3.788843e-01 1.537617e+00
1.513561e+00 2.032324e-01 3.139715e-01 3.740073e-01 1.544889e+00
1.548817e+00 1.999161e-01 3.103721e-01 3.691847e-01 1.552512e+00
1.584893e+00 1.966181e-01 3.068216e-01 3.644148e-01 1.560495e+00
1.621810e+00 1.933380e-01 3.033181e-01 3.596963e-01 1.568849e+00
1.659587e+00 1.900755e-01 2.998601e-01 3.550278e-01 1.577584e+00
1.698244e+00 1.868305e-01 2.964458e-01 3.504079e-01 1.586710e+00
1.737801e+00 1.836027e-01 2.930736e-01 3.458354e-01 1.596238e+00
1.778279e+00 1.803921e-01 2.897419e-01 3.413088e-01 1.606179e+00
1.819701e+00 1.771985e-01 2.864492e-01 3.368270e-01 1.616544e+00
1.862087e+00 1.740220e-01 2.831937e-01 3.323888e-01 1.627345e+00
1.905461e+00 1.708624e-01 2.799739e-01 3.279929e-01 1.638593e+00
1.949845e+00 1.677199e-01 2.767883e-01 3.236383e-01 1.650301e+00
1.995262e+00 1.645945e-01 2.736354e-01 3.193238e-01 1.662482e+00
2.041738e+00 1.614864e-01 2.705137e-01 3.150484e-01 1.675148e+00
2.089296e+00 1.583957e-01 2.674216e-01 3.108111e-01 1.688313e+00
2.137962e+00 1.553228e-01 2.643578e-01 3.066108e-01 1.701989e+00
2.187762e+00 1.522678e-01 2.613208e-01 3.024467e-01 1.716192e+00
2.238721e+00 1.492311e-01 2.583092e-01 2.983179e-01 1.730934e+00
2.290868e+00 1.462130e-01 2.553218e-01 2.942235e-01 1.746231e+00
2.344229e+00 1.432140e-01 2.523571e-01 2.901627e-01 1.762098e+00
2.398833e+00 1.402345e-01 2.494140e-01 2.861347e-01 1.778549e+00
2.454709e+00 1.372750e-01 2.464912e-01 2.821389e-01 1.795602e+00
2.511886e+00 1.343360e-01 2.435876e-01 2.781745e-01 1.813271e+00
2.570396e+00 1.314182e-01 2.407019e-01 2.742410e-01 1.831573e+00
2.630268e+00 1.285220e-01 2.378332e-01 2.703378e-01 1.850525e+00
2.691535e+00 1.256482e-01 2.349804e-01 2.664643e-01 1.870144e+00
2.754229e+00 1.227975e-01 2.321424e-01 2.626201e-01 1.890449e+00
2.818383e+00 1.199706e-01 2.293185e-01 2.588048e-01 1.911456e+00
2.884032e+00 1.171682e-01 2.265077e-01 2.550179e-01 1.933185e+00
2.951209e+00 1.143911e-01 2.237093e-01 2.512592e-01 1.955654e+00
3.019952e+00 1.116400e-01 2.209225e-01 2.475283e-01 1.978883e+00
3.090295e+00 1.089159e-01 2.181467e-01 2.438251e-01 2.002891e+00
3.162278e+00 1.062196e-01 2.153812e-01 2.401492e-01 2.027698e+00
3.235937e+00 1.035518e-01 2.126255e-01 2.365007e-01 2.053325e+00
3.311311e+00 1.009135e-01 2.098792e-01 2.328794e-01 2.079793e+00
3.388442e+00 9.830556e-02 2.071419e-01 2.292853e-01 2.107123e+00
3.467369e+00 9.572880e-02 2.044132e-01 2.257183e-01 2.135337e+00
3.548134e+00 9.318410e-02 2.016929e-01 2.221786e-01 2.164457e+00
3.630781e+00 9.067232e-02 1.989809e-01 2.186661e-01 2.194505e+00
3.715352e+00 8.819431e-02 1.962769e-01 2.151810e-01 2.225505e+00
3.801894e+00 8.575090e-02 1.935810e-01 2.117235e-01 2.257481e+00
3.890451e+00 8.334291e-02 1.908932e-01 2.082937e-01 2.290456e+00
3.981072e+00 8.097112e-02 1.882136e-01 2.048919e-01 2.324454e+00
4.073803e+00 7.863631e-02 1.855424e-01 2.015183e-01 2.359500e+00
4.168694e+00 7.633918e-02 1.828797e-01 1.981733e-01 2.395620e+00
4.265795e+00 7.408046e-02 1.802259e-01 1.948571e-01 2.432840e+00
4.365158e+00 7.186077e-02 1.775813e-01 1.915700e-01 2.471185e+00
4.466836e+00 6.968075e-02 1.749462e-01 1.883125e-01 2.510682e+00
4.570882e+00 6.754095e-02 1.723212e-01 1.850848e-01 2.551359e+00
4.677351e+00 6.544190e-02 1.697068e-01 1.818874e-01 2.593243e+00
4.786301e+00 6.338406e-02 1.671034e-01 1.787207e-01 2.636363e+00
4.897788e+00 6.136784e-02 1.645116e-01 1.755849e-01 2.680746e+00
5.011872e+00 5.939360e-02 1.619321e-01 1.724807e-01 2.726423e+00
5.128614e+00 5.746166e-02 1.593654e-01 1.694083e-01 2.773422e+00
5.248075e+00 5.557224e-02 1.568123e-01 1.663682e-01 2.821775e+00
5.370318e+00 5.372553e-02 1.542735e-01 1.633608e-01 2.871511e+00
5.495409e+00 5.192167e-02 1.517496e-01 1.603864e-01 2.922664e+00
5.623413e+00 5.016071e-02 1.492413e-01 1.574455e-01 2.975264e+00
5.754399e+00 4.844267e-02 1.467495e-01 1.545384e-01 3.029344e+00
5.888437e+00 4.676749e-02 1.442748e-01 1.516655e-01 3.084937e+00
6.025596e+00 4.513508e-02 1.418180e-01 1.488271e-01 3.142078e+00
6.165950e+00 4.354525e-02 1.393797e-01 1.460236e-01 3.200801e+00
6.309573e+00 4.199781e-02 1.369608e-01 1.432553e-01 3.261142e+00
6.456542e+00 4.049246e-02 1.345619e-01 1.405224e-01 3.323135e+00
6.606934e+00 3.902889e-02 1.321838e-01 1.378253e-01 3.386818e+00
6.760830e+00 3.760673e-02 1.298270e-01 1.351641e-01 3.452229e+00
6.918310e+00 3.622556e-02 1.274924e-01 1.325391e-01 3.519405e+00
7.079458e+00 3.488491e-02 1.251805e-01 1.299504e-01 3.588385e+00
7.244360e+00 3.358429e-02 1.228920e-01 1.273984e-01 3.659210e+00
7.413102e+00 3.232313e-02 1.206274e-01 1.248829e-01 3.731920e+00
7.585776e+00 3.110088e-02 1.183873e-01 1.224043e-01 3.806557e+00
7.762471e+00 2.991691e-02 1.161722e-01 1.199625e-01 3.883162e+00
7.943282e+00 2.877057e-02 1.139826e-01 1.175576e-01 3.961779e+00
8.128305e+00 2.766120e-02 1.118191e-01 1.151897e-01 4.042453e+00
8.317638e+00 2.658811e-02 1.096820e-01 1.128586e-01 4.125228e+00
8.511380e+00 2.555057e-02 1.075718e-01 1.105645e-01 4.210151e+00
8.709636e+00 2.454784e-02 1.054887e-01 1.083073e-01 4.297270e+00
8.912509e+00 2.357918e-02 1.034332e-01 1.060868e-01 4.386631e+00
9.120108e+00 2.264382e-02 1.014055e-01 1.039029e-01 4.478286e+00
9.332543e+00 2.174097e-02 9.940587e-02 1.017556e-01 4.572283e+00
9.549926e+00 2.086985e-02 9.743457e-02 9.964460e-02 4.668676e+00
9.772372e+00 2.002967e-02 9.549178e-02 9.756981e-02 4.767516e+00
1.000000e+01 1.921963e-02 9.357765e-02 9.553099e-02 4.868858e+00
