1.000000e-06 6.839349e+01 9.951886e-01 6.840073e+01 1.455093e-02
1.023293e-06 6.839267e+01 1.018355e+00 6.840025e+01 1.488982e-02
1.047129e-06 6.839181e+01 1.042059e+00 6.839975e+01 1.523661e-02
1.071519e-06 6.839091e+01 1.066315e+00 6.839922e+01 1.559148e-02
1.096478e-06 6.838997e+01 1.091135e+00 6.839867e+01 1.595460e-02
1.122018e-06 6.838898e+01 1.116531e+00 6.839810e+01 1.632618e-02
1.148154e-06 6.838795e+01 1.142518e+00 6.839749e+01 1.670642e-02
1.174898e-06 6.838687e+01 1.169108e+00 6.839686e+01 1.709550e-02
1.202264e-06 6.838574e+01 1.196316e+00 6.839620e+01 1.749365e-02
1.230269e-06 6.838455e+01 1.224156e+00 6.839551e+01 1.790107e-02
1.258925e-06 6.838331e+01 1.252643e+00 6.839478e+01 1.831797e-02
1.288250e-06 6.838201e+01 1.281792e+00 6.839402e+01 1.874457e-02
1.318257e-06 6.838065e+01 1.311617e+00 6.839323e+01 1.918111e-02
1.348963e-06 6.837922e+01 1.342135e+00 6.839239e+01 1.962781e-02
1.380384e-06 6.837773e+01 1.373361e+00 6.839152e+01 2.008491e-02
1.412538e-06 6.837617e+01 1.405312e+00 6.839061e+01 2.055265e-02
1.445440e-06 6.837453e+01 1.438004e+00 6.838965e+01 2.103128e-02
1.479108e-06 6.837282e+01 1.471455e+00 6.838865e+01 2.152105e-02
1.513561e-06 6.837103e+01 1.505682e+00 6.838760e+01 2.202222e-02
1.548817e-06 6.836915e+01 1.540703e+00 6.838651e+01 2.253506e-02
1.584893e-06 6.836718e+01 1.576536e+00 6.838536e+01 2.305983e-02
1.621810e-06 6.836512e+01 1.613199e+00 6.838415e+01 2.359681e-02
1.659587e-06 6.836297e+01 1.650713e+00 6.838289e+01 2.414630e-02
1.698244e-06 6.836071e+01 1.689095e+00 6.838158e+01 2.470857e-02
1.737801e-06 6.835835e+01 1.728367e+00 6.838019e+01 2.528392e-02
1.778279e-06 6.835587e+01 1.768549e+00 6.837875e+01 2.587267e-02
1.819701e-06 6.835328e+01 1.809661e+00 6.837723e+01 2.647511e-02
1.862087e-06 6.835057e+01 1.851725e+00 6.837565e+01 2.709157e-02
1.905461e-06 6.834773e+01 1.894762e+00 6.837399e+01 2.772238e-02
1.949845e-06 6.834476e+01 1.938795e+00 6.837225e+01 2.836786e-02
1.995262e-06 6.834164e+01 1.983846e+00 6.837043e+01 2.902836e-02
2.041738e-06 6.833838e+01 2.029939e+00 6.836852e+01 2.970423e-02
2.089296e-06 6.833497e+01 2.077097e+00 6.836653e+01 3.039581e-02
2.137962e-06 6.833140e+01 2.125344e+00 6.836444e+01 3.110348e-02
2.187762e-06 6.832765e+01 2.174706e+00 6.836225e+01 3.182762e-02
2.238721e-06 6.832374e+01 2.225208e+00 6.835996e+01 3.256859e-02
2.290868e-06 6.831964e+01 2.276875e+00 6.835757e+01 3.332680e-02
2.344229e-06 6.831534e+01 2.329733e+00 6.835505e+01 3.410263e-02
2.398833e-06 6.831085e+01 2.383810e+00 6.835243e+01 3.489651e-02
2.454709e-06 6.830614e+01 2.439133e+00 6.834967e+01 3.570885e-02
2.511886e-06 6.830121e+01 2.495731e+00 6.834679e+01 3.654007e-02
2.570396e-06 6.829605e+01 2.553631e+00 6.834378e+01 3.739061e-02
2.630268e-06 6.829065e+01 2.612863e+00 6.834062e+01 3.826092e-02
2.691535e-06 6.828500e+01 2.673457e+00 6.833731e+01 3.915146e-02
2.754229e-06 6.827908e+01 2.735444e+00 6.833385e+01 4.006270e-02
2.818383e-06 6.827288e+01 2.798854e+00 6.833022e+01 4.099511e-02
2.884032e-06 6.826639e+01 2.863719e+00 6.832643e+01 4.194918e-02
2.951209e-06 6.825960e+01 2.930072e+00 6.832246e+01 4.292542e-02
3.019952e-06 6.825249e+01 2.997945e+00 6.831830e+01 4.392433e-02
3.090295e-06 6.824504e+01 3.067372e+00 6.831394e+01 4.494644e-02
3.162278e-06 6.823725e+01 3.138387e+00 6.830938e+01 4.599229e-02
3.235937e-06 6.822909e+01 3.211026e+00 6.830461e+01 4.706242e-02
3.311311e-06 6.822055e+01 3.285324e+00 6.829961e+01 4.815740e-02
3.388442e-06 6.821161e+01 3.361318e+00 6.829438e+01 4.927779e-02
3.467369e-06 6.820226e+01 3.439043e+00 6.828891e+01 5.042418e-02
3.548134e-06 6.819246e+01 3.518538e+00 6.828317e+01 5.159717e-02
3.630781e-06 6.818221e+01 3.599842e+00 6.827717e+01 5.279738e-02
3.715352e-06 6.817148e+01 3.682993e+00 6.827089e+01 5.402542e-02
3.801894e-06 6.816024e+01 3.768031e+00 6.826431e+01 5.528195e-02
3.890451e-06 6.814848e+01 3.854996e+00 6.825743e+01 5.656760e-02
3.981072e-06 6.813618e+01 3.943931e+00 6.825022e+01 5.788306e-02
4.073803e-06 6.812330e+01 4.034875e+00 6.824268e+01 5.922901e-02
4.168694e-06 6.810981e+01 4.127873e+00 6.823479e+01 6.060614e-02
4.265795e-06 6.809570e+01 4.222966e+00 6.822652e+01 6.201516e-02
4.365158e-06 6.808093e+01 4.320200e+00 6.821787e+01 6.345682e-02
4.466836e-06 6.806548e+01 4.419618e+00 6.820881e+01 6.493186e-02
4.570882e-06 6.804930e+01 4.521266e+00 6.819934e+01 6.644103e-02
4.677351e-06 6.803238e+01 4.625190e+00 6.818942e+01 6.798512e-02
4.786301e-06 6.801466e+01 4.731435e+00 6.817903e+01 6.956493e-02
4.897788e-06 6.799612e+01 4.840050e+00 6.816817e+01 7.118127e-02
5.011872e-06 6.797673e+01 4.951083e+00 6.815679e+01 7.283497e-02
5.128614e-06 6.795643e+01 5.064580e+00 6.814489e+01 7.452688e-02
5.248075e-06 6.793519e+01 5.180593e+00 6.813243e+01 7.625787e-02
5.370318e-06 6.791297e+01 5.299169e+00 6.811940e+01 7.802882e-02
5.495409e-06 6.788972e+01 5.420359e+00 6.810576e+01 7.984064e-02
5.623413e-06 6.786539e+01 5.544213e+00 6.809148e+01 8.169426e-02
5.754399e-06 6.783994e+01 5.670783e+00 6.807654e+01 8.359063e-02
5.888437e-06 6.781332e+01 5.800120e+00 6.806091e+01 8.553069e-02
6.025596e-06 6.778547e+01 5.932276e+00 6.804456e+01 8.751545e-02
6.165950e-06 6.775633e+01 6.067302e+00 6.802744e+01 8.954590e-02
6.309573e-06 6.772586e+01 6.205251e+00 6.800954e+01 9.162307e-02
6.456542e-06 6.769398e+01 6.346177e+00 6.799080e+01 9.374802e-02
6.606934e-06 6.766065e+01 6.490131e+00 6.797121e+01 9.592180e-02
6.760830e-06 6.762578e+01 6.637166e+00 6.795070e+01 9.814550e-02
6.918310e-06 6.758932e+01 6.787336e+00 6.792925e+01 1.004203e-01
7.079458e-06 6.755118e+01 6.940694e+00 6.790682e+01 1.027472e-01
7.244360e-06 6.751131e+01 7.097292e+00 6.788335e+01 1.051274e-01
7.413102e-06 6.746962e+01 7.257183e+00 6.785880e+01 1.075622e-01
7.585776e-06 6.742604e+01 7.420418e+00 6.783313e+01 1.100527e-01
7.762471e-06 6.738047e+01 7.587051e+00 6.780627e+01 1.126002e-01
7.943282e-06 6.733283e+01 7.757133e+00 6.777819e+01 1.152058e-01
8.128305e-06 6.728304e+01 7.930713e+00 6.774883e+01 1.178709e-01
8.317638e-06 6.723099e+01 8.107842e+00 6.771812e+01 1.205968e-01
8.511380e-06 6.717660e+01 8.288570e+00 6.768601e+01 1.233848e-01
8.709636e-06 6.711976e+01 8.472943e+00 6.765244e+01 1.262362e-01
8.912509e-06 6.706036e+01 8.661009e+00 6.761735e+01 1.291524e-01
9.120108e-06 6.699831e+01 8.852812e+00 6.758066e+01 1.321349e-01
9.332543e-06 6.693348e+01 9.048397e+00 6.754231e+01 1.351849e-01
9.549926e-06 6.686575e+01 9.247805e+00 6.750223e+01 1.383041e-01
9.772372e-06 6.679501e+01 9.451077e+00 6.746033e+01 1.414937e-01
1.000000e-05 6.672114e+01 9.658249e+00 6.741656e+01 1.447555e-01
1.023293e-05 6.664399e+01 9.869358e+00 6.737081e+01 1.480907e-01
1.047129e-05 6.656344e+01 1.008444e+01 6.732301e+01 1.515011e-01
1.071519e-05 6.647935e+01 1.030351e+01 6.727308e+01 1.549881e-01
1.096478e-05 6.639158e+01 1.052661e+01 6.722091e+01 1.585534e-01
1.122018e-05 6.629997e+01 1.075376e+01 6.716643e+01 1.621986e-01
1.148154e-05 6.620437e+01 1.098498e+01 6.710952e+01 1.659253e-01
1.174898e-05 6.610462e+01 1.122027e+01 6.705010e+01 1.697351e-01
1.202264e-05 6.600057e+01 1.145966e+01 6.698805e+01 1.736297e-01
1.230269e-05 6.589204e+01 1.170315e+01 6.692327e+01 1.776110e-01
1.258925e-05 6.577886e+01 1.195073e+01 6.685565e+01 1.816804e-01
1.288250e-05 6.566085e+01 1.220241e+01 6.678508e+01 1.858399e-01
1.318257e-05 6.553784e+01 1.245817e+01 6.671143e+01 1.900912e-01
1.348963e-05 6.540963e+01 1.271799e+01 6.663458e+01 1.944360e-01
1.380384e-05 6.527604e+01 1.298185e+01 6.655441e+01 1.988762e-01
1.412538e-05 6.513686e+01 1.324972e+01 6.647079e+01 2.034135e-01
1.445440e-05 6.499190e+01 1.352156e+01 6.638358e+01 2.080499e-01
1.479108e-05 6.484095e+01 1.379731e+01 6.629264e+01 2.127870e-01
1.513561e-05 6.468380e+01 1.407693e+01 6.619784e+01 2.176268e-01
1.548817e-05 6.452025e+01 1.436035e+01 6.609903e+01 2.225712e-01
1.584893e-05 6.435007e+01 1.464749e+01 6.599606e+01 2.276220e-01
1.621810e-05 6.417305e+01 1.493827e+01 6.588878e+01 2.327810e-01
1.659587e-05 6.398896e+01 1.523258e+01 6.577703e+01 2.380502e-01
1.698244e-05 6.379758e+01 1.553033e+01 6.566066e+01 2.434314e-01
1.737801e-05 6.359868e+01 1.583139e+01 6.553949e+01 2.489265e-01
1.778279e-05 6.339204e+01 1.613564e+01 6.541337e+01 2.545373e-01
1.819701e-05 6.317742e+01 1.644292e+01 6.528213e+01 2.602657e-01
1.862087e-05 6.295460e+01 1.675307e+01 6.514558e+01 2.661136e-01
1.905461e-05 6.272334e+01 1.706594e+01 6.500357e+01 2.720827e-01
1.949845e-05 6.248342e+01 1.738132e+01 6.485590e+01 2.781749e-01
1.995262e-05 6.223461e+01 1.769902e+01 6.470241e+01 2.843920e-01
2.041738e-05 6.197669e+01 1.801883e+01 6.454292e+01 2.907356e-01
2.089296e-05 6.170943e+01 1.834051e+01 6.437723e+01 2.972075e-01
2.137962e-05 6.143261e+01 1.866381e+01 6.420517e+01 3.038094e-01
2.187762e-05 6.114603e+01 1.898847e+01 6.402655e+01 3.105429e-01
2.238721e-05 6.084948e+01 1.931421e+01 6.384119e+01 3.174096e-01
2.290868e-05 6.054275e+01 1.964073e+01 6.364891e+01 3.244109e-01
2.344229e-05 6.022567e+01 1.996772e+01 6.344951e+01 3.315484e-01
2.398833e-05 5.989804e+01 2.029485e+01 6.324284e+01 3.388233e-01
2.454709e-05 5.955970e+01 2.062177e+01 6.302869e+01 3.462370e-01
2.511886e-05 5.921050e+01 2.094812e+01 6.280690e+01 3.537906e-01
2.570396e-05 5.885028e+01 2.127351e+01 6.257729e+01 3.614853e-01
2.630268e-05 5.847892e+01 2.159755e+01 6.233970e+01 3.693220e-01
2.691535e-05 5.809630e+01 2.191983e+01 6.209395e+01 3.773017e-01
2.754229e-05 5.770233e+01 2.223992e+01 6.183990e+01 3.854249e-01
2.818383e-05 5.729694e+01 2.255737e+01 6.157738e+01 3.936924e-01
2.884032e-05 5.688006e+01 2.287174e+01 6.130626e+01 4.021046e-01
2.951209e-05 5.645167e+01 2.318254e+01 6.102640e+01 4.106618e-01
3.019952e-05 5.601175e+01 2.348931e+01 6.073766e+01 4.193640e-01
3.090295e-05 5.556031e+01 2.379155e+01 6.043993e+01 4.282112e-01
3.162278e-05 5.509740e+01 2.408875e+01 6.013311e+01 4.372030e-01
3.235937e-05 5.462308e+01 2.438041e+01 5.981710e+01 4.463390e-01
3.311311e-05 5.413744e+01 2.466602e+01 5.949181e+01 4.556185e-01
3.388442e-05 5.364062e+01 2.494505e+01 5.915718e+01 4.650404e-01
3.467369e-05 5.313275e+01 2.521699e+01 5.881314e+01 4.746034e-01
3.548134e-05 5.261403e+01 2.548130e+01 5.845967e+01 4.843062e-01
3.630781e-05 5.208467e+01 2.573747e+01 5.809673e+01 4.941467e-01
3.715352e-05 5.154492e+01 2.598497e+01 5.772433e+01 5.041229e-01
3.801894e-05 5.099506e+01 2.622330e+01 5.734246e+01 5.142323e-01
3.890451e-05 5.043540e+01 2.645195e+01 5.695116e+01 5.244720e-01
3.981072e-05 4.986628e+01 2.667043e+01 5.655048e+01 5.348390e-01
4.073803e-05 4.928808e+01 2.687824e+01 5.614049e+01 5.453296e-01
4.168694e-05 4.870120e+01 2.707494e+01 5.572126e+01 5.559398e-01
4.265795e-05 4.810610e+01 2.726005e+01 5.529292e+01 5.666653e-01
4.365158e-05 4.750322e+01 2.743317e+01 5.485558e+01 5.775012e-01
4.466836e-05 4.689308e+01 2.759387e+01 5.440940e+01 5.884422e-01
4.570882e-05 4.627620e+01 2.774178e+01 5.395454e+01 5.994827e-01
4.677351e-05 4.565312e+01 2.787654e+01 5.349121e+01 6.106163e-01
4.786301e-05 4.502443e+01 2.799783e+01 5.301960e+01 6.218364e-01
4.897788e-05 4.439072e+01 2.810535e+01 5.253995e+01 6.331357e-01
5.011872e-05 4.375260e+01 2.819883e+01 5.205252e+01 6.445064e-01
5.128614e-05 4.311072e+01 2.827806e+01 5.155757e+01 6.559403e-01
5.248075e-05 4.246572e+01 2.834283e+01 5.105540e+01 6.674284e-01
5.370318e-05 4.181827e+01 2.839299e+01 5.054632e+01 6.789614e-01
5.495409e-05 4.116905e+01 2.842843e+01 5.003065e+01 6.905292e-01
5.623413e-05 4.051872e+01 2.844906e+01 4.950875e+01 7.021214e-01
5.754399e-05 3.986799e+01 2.845485e+01 4.898096e+01 7.137268e-01
5.888437e-05 3.921752e+01 2.844580e+01 4.844768e+01 7.253338e-01
6.025596e-05 3.856802e+01 2.842194e+01 4.790928e+01 7.369302e-01
6.165950e-05 3.792016e+01 2.838336e+01 4.736616e+01 7.485031e-01
6.309573e-05 3.727462e+01 2.833017e+01 4.681875e+01 7.600392e-01
6.456542e-05 3.663205e+01 2.826253e+01 4.626746e+01 7.715247e-01
6.606934e-05 3.599311e+01 2.818064e+01 4.571272e+01 7.829452e-01
6.760830e-05 3.535844e+01 2.808471e+01 4.515496e+01 7.942859e-01
6.918310e-05 3.472866e+01 2.797503e+01 4.459464e+01 8.055315e-01
7.079458e-05 3.410436e+01 2.785188e+01 4.403220e+01 8.166662e-01
7.244360e-05 3.348611e+01 2.771558e+01 4.346807e+01 8.276739e-01
7.413102e-05 3.287448e+01 2.756651e+01 4.290273e+01 8.385382e-01
7.585776e-05 3.226998e+01 2.740503e+01 4.233660e+01 8.492423e-01
7.762471e-05 3.167312e+01 2.723157e+01 4.177014e+01 8.597691e-01
7.943282e-05 3.108436e+01 2.704654e+01 4.120380e+01 8.701014e-01
8.128305e-05 3.050414e+01 2.685041e+01 4.063800e+01 8.802218e-01
8.317638e-05 2.993287e+01 2.664364e+01 4.007319e+01 8.901129e-01
8.511380e-05 2.937093e+01 2.642671e+01 3.950978e+01 8.997572e-01
8.709636e-05 2.881866e+01 2.620012e+01 3.894819e+01 9.091372e-01
8.912509e-05 2.827638e+01 2.596438e+01 3.838883e+01 9.182356e-01
9.120108e-05 2.774436e+01 2.572000e+01 3.783210e+01 9.270354e-01
9.332543e-05 2.722284e+01 2.546751e+01 3.727838e+01 9.355197e-01
9.549926e-05 2.671206e+01 2.520743e+01 3.672803e+01 9.436721e-01
9.772372e-05 2.621219e+01 2.494028e+01 3.618144e+01 9.514764e-01
1.000000e-04 2.572338e+01 2.466659e+01 3.563892e+01 9.589173e-01
1.023293e-04 2.524575e+01 2.438689e+01 3.510083e+01 9.659797e-01
1.047129e-04 2.477941e+01 2.410168e+01 3.456747e+01 9.726494e-01
1.071519e-04 2.432442e+01 2.381149e+01 3.403916e+01 9.789130e-01
1.096478e-04 2.388081e+01 2.351681e+01 3.351616e+01 9.847578e-01
1.122018e-04 2.344859e+01 2.321814e+01 3.299876e+01 9.901719e-01
1.148154e-04 2.302776e+01 2.291596e+01 3.248721e+01 9.951447e-01
1.174898e-04 2.261829e+01 2.261074e+01 3.198175e+01 9.996664e-01
1.202264e-04 2.222010e+01 2.230295e+01 3.148261e+01 1.003728e+00
1.230269e-04 2.183314e+01 2.199302e+01 3.098998e+01 1.007323e+00
1.258925e-04 2.145729e+01 2.168139e+01 3.050406e+01 1.010444e+00
1.288250e-04 2.109245e+01 2.136846e+01 3.002504e+01 1.013086e+00
1.318257e-04 2.073849e+01 2.105465e+01 2.955306e+01 1.015245e+00
1.348963e-04 2.039525e+01 2.074033e+01 2.908827e+01 1.016920e+00
1.380384e-04 2.006259e+01 2.042586e+01 2.863081e+01 1.018107e+00
1.412538e-04 1.974032e+01 2.011161e+01 2.818079e+01 1.018808e+00
1.445440e-04 1.942828e+01 1.979789e+01 2.773832e+01 1.019024e+00
1.479108e-04 1.912626e+01 1.948502e+01 2.730347e+01 1.018758e+00
1.513561e-04 1.883406e+01 1.917331e+01 2.687634e+01 1.018012e+00
1.548817e-04 1.855149e+01 1.886303e+01 2.645697e+01 1.016793e+00
1.584893e-04 1.827832e+01 1.855444e+01 2.604543e+01 1.015107e+00
1.621810e-04 1.801434e+01 1.824781e+01 2.564174e+01 1.012960e+00
1.659587e-04 1.775933e+01 1.794335e+01 2.524594e+01 1.010362e+00
1.698244e-04 1.751305e+01 1.764129e+01 2.485804e+01 1.007323e+00
1.737801e-04 1.727529e+01 1.734183e+01 2.447805e+01 1.003852e+00
1.778279e-04 1.704581e+01 1.704516e+01 2.410596e+01 9.999620e-01
1.819701e-04 1.682438e+01 1.675144e+01 2.374175e+01 9.956648e-01
1.862087e-04 1.661078e+01 1.646085e+01 2.338541e+01 9.909739e-01
1.905461e-04 1.640476e+01 1.617351e+01 2.303690e+01 9.859032e-01
1.949845e-04 1.620612e+01 1.588957e+01 2.269618e+01 9.804674e-01
1.995262e-04 1.601461e+01 1.560914e+01 2.236321e+01 9.746816e-01
2.041738e-04 1.583001e+01 1.533234e+01 2.203793e+01 9.685617e-01
2.089296e-04 1.565211e+01 1.505927e+01 2.172027e+01 9.621236e-01
2.137962e-04 1.548069e+01 1.479000e+01 2.141018e+01 9.553839e-01
2.187762e-04 1.531552e+01 1.452462e+01 2.110758e+01 9.483594e-01
2.238721e-04 1.515640e+01 1.426319e+01 2.081238e+01 9.410670e-01
2.290868e-04 1.500313e+01 1.400578e+01 2.052451e+01 9.335238e-01
2.344229e-04 1.485549e+01 1.375242e+01 2.024388e+01 9.257470e-01
2.398833e-04 1.471329e+01 1.350317e+01 1.997039e+01 9.177537e-01
2.454709e-04 1.457633e+01 1.325806e+01 1.970395e+01 9.095610e-01
2.511886e-04 1.444443e+01 1.301712e+01 1.944446e+01 9.011859e-01
2.570396e-04 1.431740e+01 1.278036e+01 1.919181e+01 8.926452e-01
2.630268e-04 1.419506e+01 1.254781e+01 1.894590e+01 8.839557e-01
2.691535e-04 1.407724e+01 1.231946e+01 1.870662e+01 8.751336e-01
2.754229e-04 1.396376e+01 1.209533e+01 1.847386e+01 8.661950e-01
2.818383e-04 1.385445e+01 1.187542e+01 1.824750e+01 8.571556e-01
2.884032e-04 1.374916e+01 1.165972e+01 1.802744e+01 8.480310e-01
2.951209e-04 1.364773e+01 1.144821e+01 1.781354e+01 8.388360e-01
3.019952e-04 1.355001e+01 1.124089e+01 1.760570e+01 8.295854e-01
3.090295e-04 1.345586e+01 1.103775e+01 1.740379e+01 8.202932e-01
3.162278e-04 1.336511e+01 1.083875e+01 1.720769e+01 8.109733e-01
3.235937e-04 1.327765e+01 1.064388e+01 1.701729e+01 8.016389e-01
3.311311e-04 1.319334e+01 1.045312e+01 1.683246e+01 7.923028e-01
3.388442e-04 1.311204e+01 1.026643e+01 1.665308e+01 7.829775e-01
3.467369e-04 1.303362e+01 1.008379e+01 1.647902e+01 7.736748e-01
3.548134e-04 1.295798e+01 9.905161e+00 1.631017e+01 7.644061e-01
3.630781e-04 1.288499e+01 9.730517e+00 1.614639e+01 7.551824e-01
3.715352e-04 1.281453e+01 9.559821e+00 1.598757e+01 7.460141e-01
3.801894e-04 1.274650e+01 9.393038e+00 1.583358e+01 7.369113e-01
3.890451e-04 1.268078e+01 9.230129e+00 1.568431e+01 7.278833e-01
3.981072e-04 1.261728e+01 9.071058e+00 1.553962e+01 7.189394e-01
4.073803e-04 1.255589e+01 8.915786e+00 1.539940e+01 7.100881e-01
4.168694e-04 1.249651e+01 8.764272e+00 1.526352e+01 7.013377e-01
4.265795e-04 1.243905e+01 8.616476e+00 1.513187e+01 6.926957e-01
4.365158e-04 1.238342e+01 8.472358e+00 1.500433e+01 6.841696e-01
4.466836e-04 1.232952e+01 8.331876e+00 1.488077e+01 6.757663e-01
4.570882e-04 1.227728e+01 8.194988e+00 1.476108e+01 6.674922e-01
4.677351e-04 1.222660e+01 8.061652e+00 1.464514e+01 6.593534e-01
4.786301e-04 1.217741e+01 7.931825e+00 1.453283e+01 6.513557e-01
4.897788e-04 1.212962e+01 7.805465e+00 1.442404e+01 6.435045e-01
5.011872e-04 1.208316e+01 7.682528e+00 1.431866e+01 6.358046e-01
5.128614e-04 1.203795e+01 7.562971e+00 1.421656e+01 6.282609e-01
5.248075e-04 1.199391e+01 7.446750e+00 1.411765e+01 6.208775e-01
5.370318e-04 1.195098e+01 7.333823e+00 1.402180e+01 6.136585e-01
5.495409e-04 1.190909e+01 7.224145e+00 1.392892e+01 6.066076e-01
5.623413e-04 1.186817e+01 7.117673e+00 1.383888e+01 5.997282e-01
5.754399e-04 1.182814e+01 7.014363e+00 1.375159e+01 5.930233e-01
5.888437e-04 1.178895e+01 6.914171e+00 1.366694e+01 5.864957e-01
6.025596e-04 1.175054e+01 6.817052e+00 1.358482e+01 5.801481e-01
6.165950e-04 1.171283e+01 6.722963e+00 1.350514e+01 5.739827e-01
6.309573e-04 1.167578e+01 6.631860e+00 1.342778e+01 5.680016e-01
6.456542e-04 1.163931e+01 6.543699e+00 1.335266e+01 5.622065e-01
6.606934e-04 1.160338e+01 6.458434e+00 1.327968e+01 5.565992e-01
6.760830e-04 1.156793e+01 6.376022e+00 1.320873e+01 5.511809e-01
6.918310e-04 1.153290e+01 6.296418e+00 1.313973e+01 5.459528e-01
7.079458e-04 1.149823e+01 6.219577e+00 1.307258e+01 5.409160e-01
7.244360e-04 1.146388e+01 6.145455e+00 1.300719e+01 5.360712e-01
7.413102e-04 1.142979e+01 6.074006e+00 1.294348e+01 5.314190e-01
7.585776e-04 1.139591e+01 6.005186e+00 1.288134e+01 5.269598e-01
7.762471e-04 1.136219e+01 5.938950e+00 1.282071e+01 5.226940e-01
7.943282e-04 1.132859e+01 5.875251e+00 1.276149e+01 5.186216e-01
8.128305e-04 1.129505e+01 5.814045e+00 1.270360e+01 5.147426e-01
8.317638e-04 1.126153e+01 5.755286e+00 1.264695e+01 5.110570e-01
8.511380e-04 1.122799e+01 5.698927e+00 1.259149e+01 5.075643e-01
8.709636e-04 1.119438e+01 5.644922e+00 1.253711e+01 5.042641e-01
8.912509e-04 1.116065e+01 5.593225e+00 1.248376e+01 5.011560e-01
9.120108e-04 1.112676e+01 5.543789e+00 1.243135e+01 4.982392e-01
9.332543e-04 1.109268e+01 5.496568e+00 1.237982e+01 4.955130e-01
9.549926e-04 1.105836e+01 5.451514e+00 1.232909e+01 4.929765e-01
9.772372e-04 1.102377e+01 5.408579e+00 1.227910e+01 4.906289e-01
1.000000e-03 1.098886e+01 5.367716e+00 1.222977e+01 4.884689e-01
1.023293e-03 1.095360e+01 5.328877e+00 1.218106e+01 4.864955e-01
1.047129e-03 1.091795e+01 5.292013e+00 1.213289e+01 4.847076e-01
1.071519e-03 1.088188e+01 5.257077e+00 1.208521e+01 4.831037e-01
1.096478e-03 1.084536e+01 5.224019e+00 1.203794e+01 4.816826e-01
1.122018e-03 1.080834e+01 5.192791e+00 1.199105e+01 4.804429e-01
1.148154e-03 1.077081e+01 5.163343e+00 1.194447e+01 4.793830e-01
1.174898e-03 1.073273e+01 5.135626e+00 1.189815e+01 4.785015e-01
1.202264e-03 1.069407e+01 5.109591e+00 1.185204e+01 4.777968e-01
1.230269e-03 1.065480e+01 5.085187e+00 1.180609e+01 4.772673e-01
1.258925e-03 1.061490e+01 5.062364e+00 1.176025e+01 4.769113e-01
1.288250e-03 1.057434e+01 5.041074e+00 1.171448e+01 4.767271e-01
1.318257e-03 1.053310e+01 5.021265e+00 1.166873e+01 4.767131e-01
1.348963e-03 1.049115e+01 5.002887e+00 1.162295e+01 4.768674e-01
1.380384e-03 1.044847e+01 4.985890e+00 1.157712e+01 4.771883e-01
1.412538e-03 1.040505e+01 4.970223e+00 1.153118e+01 4.776741e-01
1.445440e-03 1.036086e+01 4.955837e+00 1.148511e+01 4.783229e-01
1.479108e-03 1.031589e+01 4.942680e+00 1.143886e+01 4.791328e-01
1.513561e-03 1.027011e+01 4.930703e+00 1.139241e+01 4.801022e-01
1.548817e-03 1.022352e+01 4.919856e+00 1.134572e+01 4.812292e-01
1.584893e-03 1.017609e+01 4.910087e+00 1.129875e+01 4.825119e-01
1.621810e-03 1.012783e+01 4.901348e+00 1.125149e+01 4.839486e-01
1.659587e-03 1.007870e+01 4.893588e+00 1.120390e+01 4.855375e-01
1.698244e-03 1.002871e+01 4.886758e+00 1.115596e+01 4.872767e-01
1.737801e-03 9.977848e+00 4.880809e+00 1.110764e+01 4.891644e-01
1.778279e-03 9.926101e+00 4.875691e+00 1.105893e+01 4.911990e-01
1.819701e-03 9.873463e+00 4.871355e+00 1.100979e+01 4.933786e-01
1.862087e-03 9.819930e+00 4.867754e+00 1.096020e+01 4.957015e-01
1.905461e-03 9.765497e+00 4.864839e+00 1.091016e+01 4.981660e-01
1.949845e-03 9.710161e+00 4.862561e+00 1.085964e+01 5.007704e-01
1.995262e-03 9.653920e+00 4.860874e+00 1.080862e+01 5.035130e-01
2.041738e-03 9.596773e+00 4.859731e+00 1.075709e+01 5.063922e-01
2.089296e-03 9.538720e+00 4.859084e+00 1.070504e+01 5.094063e-01
2.137962e-03 9.479763e+00 4.858888e+00 1.065245e+01 5.125537e-01
2.187762e-03 9.419904e+00 4.859096e+00 1.059931e+01 5.158329e-01
2.238721e-03 9.359146e+00 4.859663e+00 1.054561e+01 5.192422e-01
2.290868e-03 9.297494e+00 4.860544e+00 1.049134e+01 5.227800e-01
2.344229e-03 9.234953e+00 4.861695e+00 1.043650e+01 5.264450e-01
2.398833e-03 9.171531e+00 4.863070e+00 1.038106e+01 5.302354e-01
2.454709e-03 9.107234e+00 4.864628e+00 1.032503e+01 5.341498e-01
2.511886e-03 9.042072e+00 4.866323e+00 1.026841e+01 5.381868e-01
2.570396e-03 8.976054e+00 4.868114e+00 1.021117e+01 5.423446e-01
2.630268e-03 8.909191e+00 4.869959e+00 1.015333e+01 5.466219e-01
2.691535e-03 8.841495e+00 4.871815e+00 1.009488e+01 5.510171e-01
2.754229e-03 8.772979e+00 4.873642e+00 1.003581e+01 5.555287e-01
2.818383e-03 8.703657e+00 4.875398e+00 9.976129e+00 5.601551e-01
2.884032e-03 8.633544e+00 4.877044e+00 9.915827e+00 5.648948e-01
2.951209e-03 8.562656e+00 4.878539e+00 9.854908e+00 5.697460e-01
3.019952e-03 8.491010e+00 4.879845e+00 9.793373e+00 5.747073e-01
3.090295e-03 8.418625e+00 4.880924e+00 9.731221e+00 5.797769e-01
3.162278e-03 8.345520e+00 4.881737e+00 9.668458e+00 5.849530e-01
3.235937e-03 8.271716e+00 4.882248e+00 9.605084e+00 5.902340e-01
3.311311e-03 8.197235e+00 4.882420e+00 9.541105e+00 5.956179e-01
3.388442e-03 8.122099e+00 4.882217e+00 9.476525e+00 6.011029e-01
3.467369e-03 8.046332e+00 4.881605e+00 9.411351e+00 6.066869e-01
3.548134e-03 7.969960e+00 4.880549e+00 9.345588e+00 6.123680e-01
3.630781e-03 7.893009e+00 4.879017e+00 9.279246e+00 6.181441e-01
3.715352e-03 7.815507e+00 4.876976e+00 9.212331e+00 6.240128e-01
3.801894e-03 7.737481e+00 4.874396e+00 9.144854e+00 6.299720e-01
3.890451e-03 7.658963e+00 4.871247e+00 9.076825e+00 6.360192e-01
3.981072e-03 7.579982e+00 4.867499e+00 9.008256e+00 6.421519e-01
4.073803e-03 7.500571e+00 4.863126e+00 8.939159e+00 6.483675e-01
4.168694e-03 7.420762e+00 4.858101e+00 8.869547e+00 6.546634e-01
4.265795e-03 7.340590e+00 4.852399e+00 8.799434e+00 6.610367e-01
4.365158e-03 7.260089e+00 4.845997e+00 8.728836e+00 6.674845e-01
4.466836e-03 7.179296e+00 4.838873e+00 8.657770e+00 6.740039e-01
4.570882e-03 7.098246e+00 4.831007e+00 8.586252e+00 6.805916e-01
4.677351e-03 7.016978e+00 4.822379e+00 8.514301e+00 6.872445e-01
4.786301e-03 6.935528e+00 4.812974e+00 8.441935e+00 6.939592e-01
4.897788e-03 6.853937e+00 4.802775e+00 8.369175e+00 7.007323e-01
5.011872e-03 6.772243e+00 4.791769e+00 8.296042e+00 7.075602e-01
5.128614e-03 6.690485e+00 4.779945e+00 8.222558e+00 7.144392e-01
5.248075e-03 6.608703e+00 4.767292e+00 8.148744e+00 7.213657e-01
5.370318e-03 6.526939e+00 4.753803e+00 8.074625e+00 7.283358e-01
5.495409e-03 6.445231e+00 4.739472e+00 8.000224e+00 7.353455e-01
5.623413e-03 6.363620e+00 4.724294e+00 7.925567e+00 7.423909e-01
5.754399e-03 6.282147e+00 4.708267e+00 7.850678e+00 7.494678e-01
5.888437e-03 6.200851e+00 4.691391e+00 7.775584e+00 7.565721e-01
6.025596e-03 6.119772e+00 4.673667e+00 7.700310e+00 7.636995e-01
6.165950e-03 6.038950e+00 4.655099e+00 7.624884e+00 7.708458e-01
6.309573e-03 5.958423e+00 4.635692e+00 7.549334e+00 7.780065e-01
6.456542e-03 5.878229e+00 4.615453e+00 7.473686e+00 7.851774e-01
6.606934e-03 5.798407e+00 4.594391e+00 7.397969e+00 7.923540e-01
6.760830e-03 5.718992e+00 4.572516e+00 7.322210e+00 7.995318e-01
6.918310e-03 5.640020e+00 4.549840e+00 7.246439e+00 8.067064e-01
7.079458e-03 5.561527e+00 4.526378e+00 7.170682e+00 8.138733e-01
7.244360e-03 5.483545e+00 4.502144e+00 7.094968e+00 8.210280e-01
7.413102e-03 5.406108e+00 4.477155e+00 7.019325e+00 8.281661e-01
7.585776e-03 5.329247e+00 4.451430e+00 6.943782e+00 8.352830e-01
7.762471e-03 5.252993e+00 4.424987e+00 6.868365e+00 8.423745e-01
7.943282e-03 5.177373e+00 4.397847e+00 6.793102e+00 8.494360e-01
8.128305e-03 5.102415e+00 4.370031e+00 6.718021e+00 8.564633e-01
8.317638e-03 5.028145e+00 4.341563e+00 6.643148e+00 8.634522e-01
8.511380e-03 4.954588e+00 4.312465e+00 6.568509e+00 8.703983e-01
8.709636e-03 4.881767e+00 4.282763e+00 6.494129e+00 8.772977e-01
8.912509e-03 4.809703e+00 4.252481e+00 6.420034e+00 8.841462e-01
9.120108e-03 4.738417e+00 4.221645e+00 6.346249e+00 8.909399e-01
9.332543e-03 4.667926e+00 4.190280e+00 6.272797e+00 8.976750e-01
9.549926e-03 4.598247e+00 4.158414e+00 6.199701e+00 9.043478e-01
9.772372e-03 4.529396e+00 4.126074e+00 6.126983e+00 9.109546e-01
1.000000e-02 4.461387e+00 4.093287e+00 6.054666e+00 9.174921e-01
1.023293e-02 4.394232e+00 4.060080e+00 5.982769e+00 9.239568e-01
1.047129e-02 4.327941e+00 4.026481e+00 5.911313e+00 9.303456e-01
1.071519e-02 4.262524e+00 3.992517e+00 5.840317e+00 9.366555e-01
1.096478e-02 4.197989e+00 3.958215e+00 5.769799e+00 9.428835e-01
1.122018e-02 4.134343e+00 3.923602e+00 5.699776e+00 9.490269e-01
1.148154e-02 4.071589e+00 3.888707e+00 5.630265e+00 9.550832e-01
1.174898e-02 4.009733e+00 3.853554e+00 5.561280e+00 9.610499e-01
1.202264e-02 3.948777e+00 3.818171e+00 5.492838e+00 9.669247e-01
1.230269e-02 3.888722e+00 3.782582e+00 5.424951e+00 9.727057e-01
1.258925e-02 3.829569e+00 3.746815e+00 5.357631e+00 9.783908e-01
1.288250e-02 3.771315e+00 3.710892e+00 5.290892e+00 9.839782e-01
1.318257e-02 3.713960e+00 3.674839e+00 5.224743e+00 9.894665e-01
1.348963e-02 3.657500e+00 3.638679e+00 5.159195e+00 9.948542e-01
1.380384e-02 3.601931e+00 3.602435e+00 5.094256e+00 1.000140e+00
1.412538e-02 3.547249e+00 3.566130e+00 5.029936e+00 1.005323e+00
1.445440e-02 3.493448e+00 3.529784e+00 4.966241e+00 1.010401e+00
1.479108e-02 3.440521e+00 3.493419e+00 4.903178e+00 1.015375e+00
1.513561e-02 3.388461e+00 3.457055e+00 4.840754e+00 1.020243e+00
1.548817e-02 3.337261e+00 3.420711e+00 4.778972e+00 1.025006e+00
1.584893e-02 3.286912e+00 3.384407e+00 4.717838e+00 1.029662e+00
1.621810e-02 3.237405e+00 3.348158e+00 4.657355e+00 1.034211e+00
1.659587e-02 3.188731e+00 3.311984e+00 4.597526e+00 1.038653e+00
1.698244e-02 3.140880e+00 3.275900e+00 4.538353e+00 1.042988e+00
1.737801e-02 3.093842e+00 3.239922e+00 4.479838e+00 1.047216e+00
1.778279e-02 3.047606e+00 3.204063e+00 4.421982e+00 1.051338e+00
1.819701e-02 3.002161e+00 3.168340e+00 4.364785e+00 1.055353e+00
1.862087e-02 2.957497e+00 3.132764e+00 4.308248e+00 1.059262e+00
1.905461e-02 2.913602e+00 3.097349e+00 4.252370e+00 1.063065e+00
1.949845e-02 2.870464e+00 3.062107e+00 4.197149e+00 1.066764e+00
1.995262e-02 2.828072e+00 3.027048e+00 4.142585e+00 1.070357e+00
2.041738e-02 2.786414e+00 2.992183e+00 4.088675e+00 1.073847e+00
2.089296e-02 2.745479e+00 2.957522e+00 4.035417e+00 1.077234e+00
2.137962e-02 2.705254e+00 2.923075e+00 3.982809e+00 1.080518e+00
2.187762e-02 2.665728e+00 2.888851e+00 3.930848e+00 1.083700e+00
2.238721e-02 2.626888e+00 2.854856e+00 3.879529e+00 1.086782e+00
2.290868e-02 2.588724e+00 2.821099e+00 3.828850e+00 1.089764e+00
2.344229e-02 2.551223e+00 2.787588e+00 3.778807e+00 1.092648e+00
2.398833e-02 2.514373e+00 2.754327e+00 3.729395e+00 1.095433e+00
2.454709e-02 2.478162e+00 2.721324e+00 3.680611e+00 1.098122e+00
2.511886e-02 2.442580e+00 2.688584e+00 3.632449e+00 1.100715e+00
2.570396e-02 2.407615e+00 2.656113e+00 3.584905e+00 1.103213e+00
2.630268e-02 2.373255e+00 2.623913e+00 3.537974e+00 1.105618e+00
2.691535e-02 2.339490e+00 2.591991e+00 3.491652e+00 1.107930e+00
2.754229e-02 2.306307e+00 2.560350e+00 3.445932e+00 1.110151e+00
2.818383e-02 2.273697e+00 2.528993e+00 3.400809e+00 1.112282e+00
2.884032e-02 2.241649e+00 2.497923e+00 3.356279e+00 1.114324e+00
2.951209e-02 2.210151e+00 2.467143e+00 3.312335e+00 1.116278e+00
3.019952e-02 2.179194e+00 2.436657e+00 3.268973e+00 1.118146e+00
3.090295e-02 2.148767e+00 2.406465e+00 3.226186e+00 1.119928e+00
3.162278e-02 2.118861e+00 2.376570e+00 3.183968e+00 1.121626e+00
3.235937e-02 2.089464e+00 2.346973e+00 3.142315e+00 1.123242e+00
3.311311e-02 2.060568e+00 2.317676e+00 3.101220e+00 1.124775e+00
3.388442e-02 2.032162e+00 2.288680e+00 3.060677e+00 1.126229e+00
3.467369e-02 2.004238e+00 2.259986e+00 3.020680e+00 1.127604e+00
3.548134e-02 1.976786e+00 2.231595e+00 2.981225e+00 1.128901e+00
3.630781e-02 1.949797e+00 2.203507e+00 2.942304e+00 1.130121e+00
3.715352e-02 1.923262e+00 2.175722e+00 2.903912e+00 1.131267e+00
3.801894e-02 1.897172e+00 2.148241e+00 2.866043e+00 1.132339e+00
3.890451e-02 1.871519e+00 2.121064e+00 2.828692e+00 1.133338e+00
3.981072e-02 1.846294e+00 2.094190e+00 2.791852e+00 1.134267e+00
4.073803e-02 1.821489e+00 2.067620e+00 2.755517e+00 1.135126e+00
4.168694e-02 1.797095e+00 2.041352e+00 2.719682e+00 1.135918e+00
4.265795e-02 1.773105e+00 2.015387e+00 2.684341e+00 1.136643e+00
4.365158e-02 1.749510e+00 1.989723e+00 2.649487e+00 1.137303e+00
4.466836e-02 1.726303e+00 1.964360e+00 2.615116e+00 1.137900e+00
4.570882e-02 1.703477e+00 1.939297e+00 2.581222e+00 1.138435e+00
4.677351e-02 1.681023e+00 1.914533e+00 2.547798e+00 1.138910e+00
4.786301e-02 1.658934e+00 1.890067e+00 2.514839e+00 1.139326e+00
4.897788e-02 1.637203e+00 1.865897e+00 2.482339e+00 1.139686e+00
5.011872e-02 1.615824e+00 1.842023e+00 2.450293e+00 1.139990e+00
5.128614e-02 1.594788e+00 1.818442e+00 2.418694e+00 1.140241e+00
5.248075e-02 1.574088e+00 1.795154e+00 2.387537e+00 1.140441e+00
5.370318e-02 1.553719e+00 1.772157e+00 2.356816e+00 1.140590e+00
5.495409e-02 1.533673e+00 1.749449e+00 2.326527e+00 1.140692e+00
5.623413e-02 1.513944e+00 1.727029e+00 2.296662e+00 1.140748e+00
5.754399e-02 1.494524e+00 1.704894e+00 2.267216e+00 1.140760e+00
5.888437e-02 1.475409e+00 1.683043e+00 2.238183e+00 1.140730e+00
6.025596e-02 1.456591e+00 1.661474e+00 2.209559e+00 1.140660e+00
6.165950e-02 1.438063e+00 1.640184e+00 2.181337e+00 1.140551e+00
6.309573e-02 1.419821e+00 1.619173e+00 2.153511e+00 1.140406e+00
6.456542e-02 1.401858e+00 1.598436e+00 2.126077e+00 1.140227e+00
6.606934e-02 1.384167e+00 1.577973e+00 2.099028e+00 1.140016e+00
6.760830e-02 1.366744e+00 1.557780e+00 2.072358e+00 1.139774e+00
6.918310e-02 1.349583e+00 1.537855e+00 2.046062e+00 1.139504e+00
7.079458e-02 1.332677e+00 1.518196e+00 2.020135e+00 1.139208e+00
7.244360e-02 1.316022e+00 1.498800e+00 1.994571e+00 1.138887e+00
7.413102e-02 1.299612e+00 1.479665e+00 1.969365e+00 1.138544e+00
7.585776e-02 1.283441e+00 1.460787e+00 1.944510e+00 1.138179e+00
7.762471e-02 1.267506e+00 1.442163e+00 1.920002e+00 1.137796e+00
7.943282e-02 1.251800e+00 1.423792e+00 1.895834e+00 1.137396e+00
8.128305e-02 1.236319e+00 1.405670e+00 1.872003e+00 1.136980e+00
8.317638e-02 1.221058e+00 1.387794e+00 1.848501e+00 1.136550e+00
8.511380e-02 1.206013e+00 1.370161e+00 1.825325e+00 1.136108e+00
8.709636e-02 1.191179e+00 1.352769e+00 1.802468e+00 1.135655e+00
8.912509e-02 1.176552e+00 1.335613e+00 1.779926e+00 1.135193e+00
9.120108e-02 1.162127e+00 1.318691e+00 1.757693e+00 1.134722e+00
9.332543e-02 1.147900e+00 1.302000e+00 1.735764e+00 1.134245e+00
9.549926e-02 1.133868e+00 1.285536e+00 1.714135e+00 1.133761e+00
9.772372e-02 1.120027e+00 1.269297e+00 1.692801e+00 1.133274e+00
1.000000e-01 1.106373e+00 1.253279e+00 1.671757e+00 1.132782e+00
1.023293e-01 1.092902e+00 1.237480e+00 1.650997e+00 1.132288e+00
1.047129e-01 1.079612e+00 1.221896e+00 1.630518e+00 1.131792e+00
1.071519e-01 1.066498e+00 1.206523e+00 1.610316e+00 1.131294e+00
1.096478e-01 1.053558e+00 1.191360e+00 1.590385e+00 1.130796e+00
1.122018e-01 1.040789e+00 1.176402e+00 1.570721e+00 1.130298e+00
1.148154e-01 1.028188e+00 1.161648e+00 1.551320e+00 1.129801e+00
1.174898e-01 1.015751e+00 1.147093e+00 1.532179e+00 1.129305e+00
1.202264e-01 1.003477e+00 1.132735e+00 1.513293e+00 1.128810e+00
1.230269e-01 9.913628e-01 1.118572e+00 1.494658e+00 1.128317e+00
1.258925e-01 9.794057e-01 1.104599e+00 1.476271e+00 1.127826e+00
1.288250e-01 9.676036e-01 1.090816e+00 1.458128e+00 1.127338e+00
1.318257e-01 9.559540e-01 1.077218e+00 1.440225e+00 1.126851e+00
1.348963e-01 9.444549e-01 1.063804e+00 1.422559e+00 1.126368e+00
1.380384e-01 9.331040e-01 1.050570e+00 1.405126e+00 1.125887e+00
1.412538e-01 9.218993e-01 1.037514e+00 1.387924e+00 1.125410e+00
1.445440e-01 9.108389e-01 1.024635e+00 1.370950e+00 1.124935e+00
1.479108e-01 8.999207e-01 1.011928e+00 1.354200e+00 1.124464e+00
1.513561e-01 8.891430e-01 9.993936e-01 1.337671e+00 1.123997e+00
1.548817e-01 8.785038e-01 9.870278e-01 1.321360e+00 1.123533e+00
1.584893e-01 8.680014e-01 9.748289e-01 1.305265e+00 1.123073e+00
1.621810e-01 8.576340e-01 9.627950e-01 1.289384e+00 1.122618e+00
1.659587e-01 8.473999e-01 9.509240e-01 1.273712e+00 1.122167e+00
1.698244e-01 8.372974e-01 9.392142e-01 1.258249e+00 1.121721e+00
1.737801e-01 8.273247e-01 9.276636e-01 1.242991e+00 1.121281e+00
1.778279e-01 8.174803e-01 9.162706e-01 1.227936e+00 1.120847e+00
1.819701e-01 8.077624e-01 9.050334e-01 1.213081e+00 1.120420e+00
1.862087e-01 7.981694e-01 8.939504e-01 1.198425e+00 1.120001e+00
1.905461e-01 7.886995e-01 8.830201e-01 1.183964e+00 1.119590e+00
1.949845e-01 7.793511e-01 8.722409e-01 1.169698e+00 1.119189e+00
1.995262e-01 7.701226e-01 8.616114e-01 1.155622e+00 1.118798e+00
2.041738e-01 7.610121e-01 8.511301e-01 1.141736e+00 1.118418e+00
2.089296e-01 7.520181e-01 8.407956e-01 1.128037e+00 1.118052e+00
2.137962e-01 7.431387e-01 8.306067e-01 1.114523e+00 1.117701e+00
2.187762e-01 7.343722e-01 8.205620e-01 1.101192e+00 1.117365e+00
2.238721e-01 7.257168e-01 8.106602e-01 1.088042e+00 1.117048e+00
2.290868e-01 7.171708e-01 8.009000e-01 1.075070e+00 1.116749e+00
2.344229e-01 7.087322e-01 7.912802e-01 1.062274e+00 1.116473e+00
2.398833e-01 7.003993e-01 7.817996e-01 1.049652e+00 1.116220e+00
2.454709e-01 6.921703e-01 7.724569e-01 1.037203e+00 1.115993e+00
2.511886e-01 6.840431e-01 7.632508e-01 1.024923e+00 1.115793e+00
2.570396e-01 6.760160e-01 7.541803e-01 1.012811e+00 1.115625e+00
2.630268e-01 6.680870e-01 7.452439e-01 1.000864e+00 1.115489e+00
2.691535e-01 6.602542e-01 7.364406e-01 9.890806e-01 1.115389e+00
2.754229e-01 6.525157e-01 7.277690e-01 9.774581e-01 1.115328e+00
2.818383e-01 6.448694e-01 7.192278e-01 9.659944e-01 1.115308e+00
2.884032e-01 6.373134e-01 7.108158e-01 9.546871e-01 1.115332e+00
2.951209e-01 6.298458e-01 7.025317e-01 9.435341e-01 1.115403e+00
3.019952e-01 6.224647e-01 6.943741e-01 9.325329e-01 1.115524e+00
3.090295e-01 6.151679e-01 6.863417e-01 9.216814e-01 1.115698e+00
3.162278e-01 6.079536e-01 6.784332e-01 9.109770e-01 1.115929e+00
3.235937e-01 6.008198e-01 6.706471e-01 9.004176e-01 1.116220e+00
3.311311e-01 5.937646e-01 6.629820e-01 8.900008e-01 1.116574e+00
3.388442e-01 5.867860e-01 6.554364e-01 8.797242e-01 1.116994e+00
3.467369e-01 5.798821e-01 6.480089e-01 8.695854e-01 1.117484e+00
3.548134e-01 5.730510e-01 6.406980e-01 8.595821e-01 1.118047e+00
3.630781e-01 5.662908e-01 6.335022e-01 8.497119e-01 1.118687e+00
3.715352e-01 5.595997e-01 6.264199e-01 8.399724e-01 1.119407e+00
3.801894e-01 5.529759e-01 6.194495e-01 8.303613e-01 1.120211e+00
3.890451e-01 5.464175e-01 6.125894e-01 8.208763e-01 1.121101e+00
3.981072e-01 5.399227e-01 6.058380e-01 8.115148e-01 1.122083e+00
4.073803e-01 5.334899e-01 5.991938e-01 8.022747e-01 1.123159e+00
4.168694e-01 5.271173e-01 5.926549e-01 7.931535e-01 1.124332e+00
4.265795e-01 5.208032e-01 5.862197e-01 7.841489e-01 1.125607e+00
4.365158e-01 5.145460e-01 5.798866e-01 7.752587e-01 1.126987e+00
4.466836e-01 5.083442e-01 5.736538e-01 7.664806e-01 1.128475e+00
4.570882e-01 5.021960e-01 5.675196e-01 7.578122e-01 1.130076e+00
4.677351e-01 4.961001e-01 5.614822e-01 7.492513e-01 1.131792e+00
4.786301e-01 4.900548e-01 5.555399e-01 7.407958e-01 1.133628e+00
4.897788e-01 4.840589e-01 5.496910e-01 7.324433e-01 1.135587e+00
5.011872e-01 4.781107e-01 5.439337e-01 7.241918e-01 1.137673e+00
5.128614e-01 4.722091e-01 5.382662e-01 7.160390e-01 1.139889e+00
5.248075e-01 4.663527e-01 5.326866e-01 7.079829e-01 1.142240e+00
5.370318e-01 4.605401e-01 5.271933e-01 7.000214e-01 1.144729e+00
5.495409e-01 4.547701e-01 5.217845e-01 6.921524e-01 1.147359e+00
5.623413e-01 4.490416e-01 5.164583e-01 6.843738e-01 1.150135e+00
5.754399e-01 4.433533e-01 5.112129e-01 6.766837e-01 1.153060e+00
5.888437e-01 4.377041e-01 5.060466e-01 6.690800e-01 1.156139e+00
6.025596e-01 4.320930e-01 5.009576e-01 6.615609e-01 1.159374e+00
6.165950e-01 4.265189e-01 4.959440e-01 6.541244e-01 1.162772e+00
6.309573e-01 4.209807e-01 4.910041e-01 6.467687e-01 1.166334e+00
6.456542e-01 4.154777e-01 4.861360e-01 6.394919e-01 1.170065e+00
6.606934e-01 4.100087e-01 4.813381e-01 6.322922e-01 1.173970e+00
6.760830e-01 4.045730e-01 4.766084e-01 6.251678e-01 1.178053e+00
6.918310e-01 3.991696e-01 4.719452e-01 6.181170e-01 1.182318e+00
7.079458e-01 3.937978e-01 4.673468e-01 6.111381e-01 1.186768e+00
7.244360e-01 3.884569e-01 4.628114e-01 6.042294e-01 1.191410e+00
7.413102e-01 3.831460e-01 4.583372e-01 5.973892e-01 1.196247e+00
7.585776e-01 3.778646e-01 4.539224e-01 5.906159e-01 1.201283e+00
7.762471e-01 3.726119e-01 4.495654e-01 5.839081e-01 1.206525e+00
7.943282e-01 3.673873e-01 4.452643e-01 5.772640e-01 1.211975e+00
8.128305e-01 3.621904e-01 4.410174e-01 5.706822e-01 1.217640e+00
8.317638e-01 3.570206e-01 4.368230e-01 5.641613e-01 1.223523e+00
8.511380e-01 3.518773e-01 4.326794e-01 5.576998e-01 1.229631e+00
8.709636e-01 3.467601e-01 4.285849e-01 5.512963e-01 1.235969e+00
8.912509e-01 3.416687e-01 4.245377e-01 5.449494e-01 1.242542e+00
9.120108e-01 3.366027e-01 4.205363e-01 5.386577e-01 1.249355e+00
9.332543e-01 3.315617e-01 4.165789e-01 5.324200e-01 1.256414e+00
9.549926e-01 3.265454e-01 4.126638e-01 5.262351e-01 1.263725e+00
9.772372e-01 3.215537e-01 4.087895e-01 5.201015e-01 1.271295e+00
1.000000e+00 3.165863e-01 4.049542e-01 5.140182e-01 1.279128e+00
1.023293e+00 3.116429e-01 4.011564e-01 5.079840e-01 1.287231e+00
1.047129e+00 3.067236e-01 3.973945e-01 5.019978e-01 1.295611e+00
1.071519e+00 3.018282e-01 3.936668e-01 4.960583e-01 1.304274e+00
1.096478e+00 2.969567e-01 3.899719e-01 4.901646e-01 1.313228e+00
1.122018e+00 2.921091e-01 3.863081e-01 4.843157e-01 1.322479e+00
1.148154e+00 2.872854e-01 3.826739e-01 4.785104e-01 1.332034e+00
1.174898e+00 2.824857e-01 3.790678e-01 4.727479e-01 1.341901e+00
1.202264e+00 2.777102e-01 3.754883e-01 4.670272e-01 1.352087e+00
1.230269e+00 2.729589e-01 3.719340e-01 4.613474e-01 1.362601e+00
1.258925e+00 2.682321e-01 3.684033e-01 4.557077e-01 1.373450e+00
1.288250e+00 2.635300e-01 3.648949e-01 4.501071e-01 1.384643e+00
1.318257e+00 2.588530e-01 3.614074e-01 4.445450e-01 1.396188e+00
1.348963e+00 2.542014e-01 3.579394e-01 4.390205e-01 1.408094e+00
1.380384e+00 2.495755e-01 3.544895e-01 4.335329e-01 1.420370e+00
1.412538e+00 2.449758e-01 3.510565e-01 4.280816e-01 1.433025e+00
1.445440e+00 2.404028e-01 3.476390e-01 4.226658e-01 1.446069e+00
1.479108e+00 2.358568e-01 3.442359e-01 4.172850e-01 1.459512e+00
1.513561e+00 2.313386e-01 3.408458e-01 4.119386e-01 1.473364e+00
1.548817e+00 2.268486e-01 3.374678e-01 4.066261e-01 1.487634e+00
1.584893e+00 2.223875e-01 3.341005e-01 4.013469e-01 1.502335e+00
1.621810e+00 2.179560e-01 3.307430e-01 3.961006e-01 1.517476e+00
1.659587e+00 2.135547e-01 3.273941e-01 3.908868e-01 1.533069e+00
1.698244e+00 2.091845e-01 3.240530e-01 3.857052e-01 1.549125e+00
1.737801e+00 2.048460e-01 3.207186e-01 3.805552e-01 1.565657e+00
1.778279e+00 2.005401e-01 3.173900e-01 3.754368e-01 1.582676e+00
1.819701e+00 1.962677e-01 3.140665e-01 3.703495e-01 1.600195e+00
1.862087e+00 1.920295e-01 3.107472e-01 3.652933e-01 1.618226e+00
1.905461e+00 1.878266e-01 3.074315e-01 3.602679e-01 1.636783e+00
1.949845e+00 1.836599e-01 3.041185e-01 3.552732e-01 1.655879e+00
1.995262e+00 1.795302e-01 3.008079e-01 3.503091e-01 1.675528e+00
2.041738e+00 1.754386e-01 2.974989e-01 3.453756e-01 1.695744e+00
2.089296e+00 1.713860e-01 2.941911e-01 3.404726e-01 1.716541e+00
2.137962e+00 1.673736e-01 2.908842e-01 3.356003e-01 1.737934e+00
2.187762e+00 1.634022e-01 2.875778e-01 3.307586e-01 1.759938e+00
2.238721e+00 1.594729e-01 2.842716e-01 3.259477e-01 1.782570e+00
2.290868e+00 1.555867e-01 2.809654e-01 3.211678e-01 1.805844e+00
2.344229e+00 1.517447e-01 2.776590e-01 3.164190e-01 1.829777e+00
2.398833e+00 1.479479e-01 2.743525e-01 3.117016e-01 1.854386e+00
2.454709e+00 1.441973e-01 2.710459e-01 3.070159e-01 1.879688e+00
2.511886e+00 1.404939e-01 2.677392e-01 3.023620e-01 1.905700e+00
2.570396e+00 1.368386e-01 2.644325e-01 2.977405e-01 1.932441e+00
2.630268e+00 1.332325e-01 2.611262e-01 2.931515e-01 1.959928e+00
2.691535e+00 1.296765e-01 2.578205e-01 2.885955e-01 1.988181e+00
2.754229e+00 1.261715e-01 2.545157e-01 2.840730e-01 2.017219e+00
2.818383e+00 1.227184e-01 2.512122e-01 2.795843e-01 2.047062e+00
2.884032e+00 1.193181e-01 2.479107e-01 2.751300e-01 2.077730e+00
2.951209e+00 1.159712e-01 2.446115e-01 2.707104e-01 2.109243e+00
3.019952e+00 1.126787e-01 2.413153e-01 2.663261e-01 2.141623e+00
3.090295e+00 1.094412e-01 2.380228e-01 2.619776e-01 2.174891e+00
3.162278e+00 1.062595e-01 2.347347e-01 2.576653e-01 2.209071e+00
3.235937e+00 1.031340e-01 2.314516e-01 2.533900e-01 2.244184e+00
3.311311e+00 1.000654e-01 2.281745e-01 2.491520e-01 2.280254e+00
3.388442e+00 9.705422e-02 2.249042e-01 2.449519e-01 2.317304e+00
3.467369e+00 9.410088e-02 2.216415e-01 2.407902e-01 2.355360e+00
3.548134e+00 9.120578e-02 2.183874e-01 2.366676e-01 2.394447e+00
3.630781e+00 8.836924e-02 2.151427e-01 2.325844e-01 2.434589e+00
3.715352e+00 8.559154e-02 2.119086e-01 2.285414e-01 2.475813e+00
3.801894e+00 8.287287e-02 2.086859e-01 2.245389e-01 2.518145e+00
3.890451e+00 8.021337e-02 2.054757e-01 2.205776e-01 2.561614e+00
3.981072e+00 7.761313e-02 2.022790e-01 2.166578e-01 2.606248e+00
4.073803e+00 7.507214e-02 1.990969e-01 2.127801e-01 2.652074e+00
4.168694e+00 7.259036e-02 1.959303e-01 2.089451e-01 2.699122e+00
4.265795e+00 7.016768e-02 1.927803e-01 2.051530e-01 2.747423e+00
4.365158e+00 6.780390e-02 1.896480e-01 2.014044e-01 2.797007e+00
4.466836e+00 6.549880e-02 1.865343e-01 1.976996e-01 2.847904e+00
4.570882e+00 6.325206e-02 1.834403e-01 1.940391e-01 2.900148e+00
4.677351e+00 6.106334e-02 1.803671e-01 1.904233e-01 2.953771e+00
4.786301e+00 5.893220e-02 1.773155e-01 1.868524e-01 3.008806e+00
4.897788e+00 5.685819e-02 1.742867e-01 1.833268e-01 3.065287e+00
5.011872e+00 5.484078e-02 1.712814e-01 1.798467e-01 3.123249e+00
5.128614e+00 5.287938e-02 1.683007e-01 1.764125e-01 3.182728e+00
5.248075e+00 5.097338e-02 1.653455e-01 1.730243e-01 3.243761e+00
5.370318e+00 4.912211e-02 1.624165e-01 1.696824e-01 3.306383e+00
5.495409e+00 4.732485e-02 1.595147e-01 1.663869e-01 3.370634e+00
5.623413e+00 4.558084e-02 1.566409e-01 1.631379e-01 3.436552e+00
5.754399e+00 4.388930e-02 1.537958e-01 1.599357e-01 3.504175e+00
5.888437e+00 4.224939e-02 1.509801e-01 1.567801e-01 3.573546e+00
6.025596e+00 4.066025e-02 1.481946e-01 1.536714e-01 3.644704e+00
6.165950e+00 3.912101e-02 1.454399e-01 1.506095e-01 3.717692e+00
6.309573e+00 3.763073e-02 1.427165e-01 1.475943e-01 3.792553e+00
6.456542e+00 3.618847e-02 1.400252e-01 1.446259e-01 3.869331e+00
6.606934e+00 3.479328e-02 1.373663e-01 1.417042e-01 3.948069e+00
6.760830e+00 3.344418e-02 1.347404e-01 1.388290e-01 4.028815e+00
6.918310e+00 3.214017e-02 1.321480e-01 1.360003e-01 4.111614e+00
7.079458e+00 3.088023e-02 1.295893e-01 1.332178e-01 4.196515e+00
7.244360e+00 2.966336e-02 1.270649e-01 1.304814e-01 4.283565e+00
7.413102e+00 2.848851e-02 1.245750e-01 1.277909e-01 4.372814e+00
7.585776e+00 2.735467e-02 1.221198e-01 1.251460e-01 4.464314e+00
7.762471e+00 2.626079e-02 1.196997e-01 1.225465e-01 4.558115e+00
7.943282e+00 2.520583e-02 1.173148e-01 1.199921e-01 4.654271e+00
8.128305e+00 2.418877e-02 1.149652e-01 1.174824e-01 4.752836e+00
8.317638e+00 2.320856e-02 1.126512e-01 1.150171e-01 4.853865e+00
8.511380e+00 2.226418e-02 1.103727e-01 1.125959e-01 4.957413e+00
8.709636e+00 2.135461e-02 1.081299e-01 1.102184e-01 5.063540e+00
8.912509e+00 2.047883e-02 1.059227e-01 1.078842e-01 5.172304e+00
9.120108e+00 1.963584e-02 1.037511e-01 1.055929e-01 5.283764e+00
9.332543e+00 1.882465e-02 1.016151e-01 1.033441e-01 5.397983e+00
9.549926e+00 1.804428e-02 9.951463e-02 1.011373e-01 5.515023e+00
9.772372e+00 1.729377e-02 9.744949e-02 9.897211e-02 5.634948e+00
1.000000e+01 1.657216e-02 9.541959e-02 9.684799e-02 5.757825e+00
