1.000000e-06 2.250033e+01 8.568769e-02 2.250049e+01 3.808286e-03
1.023293e-06 2.250027e+01 8.768254e-02 2.250044e+01 3.896955e-03
1.047129e-06 2.250021e+01 8.972379e-02 2.250038e+01 3.987687e-03
1.071519e-06 2.250014e+01 9.181250e-02 2.250033e+01 4.080530e-03
1.096478e-06 2.250007e+01 9.394977e-02 2.250027e+01 4.175532e-03
1.122018e-06 2.250000e+01 9.613673e-02 2.250020e+01 4.272744e-03
1.148154e-06 2.249992e+01 9.837454e-02 2.250013e+01 4.372217e-03
1.174898e-06 2.249984e+01 1.006644e-01 2.250007e+01 4.474003e-03
1.202264e-06 2.249976e+01 1.030074e-01 2.249999e+01 4.578156e-03
1.230269e-06 2.249967e+01 1.054049e-01 2.249992e+01 4.684731e-03
1.258925e-06 2.249958e+01 1.078581e-01 2.249984e+01 4.793784e-03
1.288250e-06 2.249948e+01 1.103683e-01 2.249975e+01 4.905372e-03
1.318257e-06 2.249938e+01 1.129368e-01 2.249966e+01 5.019553e-03
1.348963e-06 2.249927e+01 1.155650e-01 2.249957e+01 5.136389e-03
1.380384e-06 2.249916e+01 1.182543e-01 2.249947e+01 5.255941e-03
1.412538e-06 2.249905e+01 1.210060e-01 2.249937e+01 5.378270e-03
1.445440e-06 2.249893e+01 1.238215e-01 2.249927e+01 5.503442e-03
1.479108e-06 2.249880e+01 1.267025e-01 2.249916e+01 5.631522e-03
1.513561e-06 2.249867e+01 1.296503e-01 2.249904e+01 5.762578e-03
1.548817e-06 2.249853e+01 1.326666e-01 2.249892e+01 5.896677e-03
1.584893e-06 2.249838e+01 1.357528e-01 2.249879e+01 6.033891e-03
1.621810e-06 2.249823e+01 1.389106e-01 2.249866e+01 6.174292e-03
1.659587e-06 2.249807e+01 1.421417e-01 2.249852e+01 6.317952e-03
1.698244e-06 2.249790e+01 1.454478e-01 2.249837e+01 6.464947e-03
1.737801e-06 2.249773e+01 1.488305e-01 2.249822e+01 6.615354e-03
1.778279e-06 2.249755e+01 1.522916e-01 2.249806e+01 6.769252e-03
1.819701e-06 2.249736e+01 1.558329e-01 2.249789e+01 6.926721e-03
1.862087e-06 2.249715e+01 1.594563e-01 2.249772e+01 7.087842e-03
1.905461e-06 2.249694e+01 1.631636e-01 2.249754e+01 7.252701e-03
1.949845e-06 2.249672e+01 1.669568e-01 2.249734e+01 7.421383e-03
1.995262e-06 2.249649e+01 1.708378e-01 2.249714e+01 7.593976e-03
2.041738e-06 2.249625e+01 1.748087e-01 2.249693e+01 7.770569e-03
2.089296e-06 2.249600e+01 1.788714e-01 2.249671e+01 7.951255e-03
2.137962e-06 2.249574e+01 1.830282e-01 2.249648e+01 8.136127e-03
2.187762e-06 2.249546e+01 1.872810e-01 2.249624e+01 8.325282e-03
2.238721e-06 2.249517e+01 1.916322e-01 2.249599e+01 8.518816e-03
2.290868e-06 2.249487e+01 1.960839e-01 2.249572e+01 8.716831e-03
2.344229e-06 2.249455e+01 2.006385e-01 2.249544e+01 8.919429e-03
2.398833e-06 2.249422e+01 2.052983e-01 2.249515e+01 9.126714e-03
2.454709e-06 2.249387e+01 2.100656e-01 2.249485e+01 9.338794e-03
2.511886e-06 2.249350e+01 2.149429e-01 2.249453e+01 9.555778e-03
2.570396e-06 2.249312e+01 2.199327e-01 2.249420e+01 9.777776e-03
2.630268e-06 2.249272e+01 2.250375e-01 2.249385e+01 1.000490e-02
2.691535e-06 2.249230e+01 2.302600e-01 2.249348e+01 1.023728e-02
2.754229e-06 2.249187e+01 2.356027e-01 2.249310e+01 1.047502e-02
2.818383e-06 2.249141e+01 2.410683e-01 2.249270e+01 1.071824e-02
2.884032e-06 2.249093e+01 2.466597e-01 2.249228e+01 1.096708e-02
2.951209e-06 2.249042e+01 2.523797e-01 2.249184e+01 1.122165e-02
3.019952e-06 2.248990e+01 2.582310e-01 2.249138e+01 1.148209e-02
3.090295e-06 2.248935e+01 2.642168e-01 2.249090e+01 1.174853e-02
3.162278e-06 2.248877e+01 2.703398e-01 2.249040e+01 1.202110e-02
3.235937e-06 2.248817e+01 2.766033e-01 2.248987e+01 1.229995e-02
3.311311e-06 2.248753e+01 2.830102e-01 2.248932e+01 1.258520e-02
3.388442e-06 2.248687e+01 2.895638e-01 2.248874e+01 1.287702e-02
3.467369e-06 2.248618e+01 2.962674e-01 2.248813e+01 1.317553e-02
3.548134e-06 2.248546e+01 3.031241e-01 2.248750e+01 1.348090e-02
3.630781e-06 2.248470e+01 3.101374e-01 2.248684e+01 1.379327e-02
3.715352e-06 2.248390e+01 3.173107e-01 2.248614e+01 1.411280e-02
3.801894e-06 2.248307e+01 3.246475e-01 2.248542e+01 1.443964e-02
3.890451e-06 2.248220e+01 3.321514e-01 2.248466e+01 1.477397e-02
3.981072e-06 2.248129e+01 3.398258e-01 2.248386e+01 1.511594e-02
4.073803e-06 2.248034e+01 3.476746e-01 2.248303e+01 1.546572e-02
4.168694e-06 2.247934e+01 3.557015e-01 2.248215e+01 1.582349e-02
4.265795e-06 2.247830e+01 3.639103e-01 2.248124e+01 1.618941e-02
4.365158e-06 2.247720e+01 3.723049e-01 2.248029e+01 1.656367e-02
4.466836e-06 2.247606e+01 3.808892e-01 2.247929e+01 1.694644e-02
4.570882e-06 2.247486e+01 3.896672e-01 2.247824e+01 1.733791e-02
4.677351e-06 2.247361e+01 3.986430e-01 2.247715e+01 1.773827e-02
4.786301e-06 2.247230e+01 4.078207e-01 2.247600e+01 1.814771e-02
4.897788e-06 2.247093e+01 4.172046e-01 2.247480e+01 1.856642e-02
5.011872e-06 2.246949e+01 4.267989e-01 2.247355e+01 1.899459e-02
5.128614e-06 2.246799e+01 4.366079e-01 2.247223e+01 1.943244e-02
5.248075e-06 2.246642e+01 4.466360e-01 2.247086e+01 1.988016e-02
5.370318e-06 2.246477e+01 4.568877e-01 2.246942e+01 2.033796e-02
5.495409e-06 2.246305e+01 4.673674e-01 2.246791e+01 2.080605e-02
5.623413e-06 2.246125e+01 4.780798e-01 2.246634e+01 2.128465e-02
5.754399e-06 2.245937e+01 4.890294e-01 2.246469e+01 2.177396e-02
5.888437e-06 2.245740e+01 5.002210e-01 2.246297e+01 2.227422e-02
6.025596e-06 2.245534e+01 5.116591e-01 2.246116e+01 2.278564e-02
6.165950e-06 2.245318e+01 5.233487e-01 2.245928e+01 2.330844e-02
6.309573e-06 2.245092e+01 5.352944e-01 2.245730e+01 2.384287e-02
6.456542e-06 2.244856e+01 5.475012e-01 2.245524e+01 2.438914e-02
6.606934e-06 2.244610e+01 5.599740e-01 2.245308e+01 2.494750e-02
6.760830e-06 2.244352e+01 5.727176e-01 2.245082e+01 2.551818e-02
6.918310e-06 2.244082e+01 5.857370e-01 2.244846e+01 2.610141e-02
7.079458e-06 2.243799e+01 5.990371e-01 2.244599e+01 2.669745e-02
7.244360e-06 2.243504e+01 6.126231e-01 2.244340e+01 2.730653e-02
7.413102e-06 2.243195e+01 6.264997e-01 2.244070e+01 2.792890e-02
7.585776e-06 2.242873e+01 6.406722e-01 2.243788e+01 2.856480e-02
7.762471e-06 2.242535e+01 6.551453e-01 2.243492e+01 2.921449e-02
7.943282e-06 2.242183e+01 6.699243e-01 2.243183e+01 2.987822e-02
8.128305e-06 2.241814e+01 6.850139e-01 2.242860e+01 3.055624e-02
8.317638e-06 2.241428e+01 7.004192e-01 2.242522e+01 3.124879e-02
8.511380e-06 2.241026e+01 7.161451e-01 2.242170e+01 3.195613e-02
8.709636e-06 2.240605e+01 7.321965e-01 2.241801e+01 3.267852e-02
8.912509e-06 2.240165e+01 7.485781e-01 2.241415e+01 3.341621e-02
9.120108e-06 2.239705e+01 7.652947e-01 2.241012e+01 3.416944e-02
9.332543e-06 2.239225e+01 7.823509e-01 2.240591e+01 3.493847e-02
9.549926e-06 2.238723e+01 7.997514e-01 2.240151e+01 3.572355e-02
9.772372e-06 2.238199e+01 8.175005e-01 2.239691e+01 3.652492e-02
1.000000e-05 2.237652e+01 8.356026e-01 2.239211e+01 3.734284e-02
1.023293e-05 2.237080e+01 8.540619e-01 2.238710e+01 3.817753e-02
1.047129e-05 2.236483e+01 8.728825e-01 2.238186e+01 3.902924e-02
1.071519e-05 2.235860e+01 8.920681e-01 2.237639e+01 3.989821e-02
1.096478e-05 2.235209e+01 9.116225e-01 2.237068e+01 4.078465e-02
1.122018e-05 2.234530e+01 9.315490e-01 2.236471e+01 4.168880e-02
1.148154e-05 2.233822e+01 9.518510e-01 2.235849e+01 4.261087e-02
1.174898e-05 2.233082e+01 9.725313e-01 2.235199e+01 4.355107e-02
1.202264e-05 2.232311e+01 9.935927e-01 2.234521e+01 4.450960e-02
1.230269e-05 2.231506e+01 1.015037e+00 2.233814e+01 4.548665e-02
1.258925e-05 2.230667e+01 1.036868e+00 2.233075e+01 4.648241e-02
1.288250e-05 2.229792e+01 1.059085e+00 2.232306e+01 4.749703e-02
1.318257e-05 2.228879e+01 1.081691e+00 2.231503e+01 4.853070e-02
1.348963e-05 2.227928e+01 1.104686e+00 2.230665e+01 4.958354e-02
1.380384e-05 2.226937e+01 1.128070e+00 2.229792e+01 5.065569e-02
1.412538e-05 2.225904e+01 1.151845e+00 2.228883e+01 5.174726e-02
1.445440e-05 2.224829e+01 1.176008e+00 2.227934e+01 5.285836e-02
1.479108e-05 2.223708e+01 1.200559e+00 2.226947e+01 5.398906e-02
1.513561e-05 2.222542e+01 1.225497e+00 2.225918e+01 5.513943e-02
1.548817e-05 2.221327e+01 1.250818e+00 2.224846e+01 5.630949e-02
1.584893e-05 2.220063e+01 1.276521e+00 2.223730e+01 5.749928e-02
1.621810e-05 2.218749e+01 1.302600e+00 2.222569e+01 5.870878e-02
1.659587e-05 2.217381e+01 1.329053e+00 2.221360e+01 5.993797e-02
1.698244e-05 2.215959e+01 1.355874e+00 2.220103e+01 6.118677e-02
1.737801e-05 2.214481e+01 1.383056e+00 2.218795e+01 6.245510e-02
1.778279e-05 2.212944e+01 1.410594e+00 2.217436e+01 6.374285e-02
1.819701e-05 2.211349e+01 1.438479e+00 2.216022e+01 6.504985e-02
1.862087e-05 2.209691e+01 1.466703e+00 2.214554e+01 6.637593e-02
1.905461e-05 2.207971e+01 1.495257e+00 2.213028e+01 6.772086e-02
1.949845e-05 2.206186e+01 1.524130e+00 2.211444e+01 6.908438e-02
1.995262e-05 2.204334e+01 1.553310e+00 2.209800e+01 7.046621e-02
2.041738e-05 2.202413e+01 1.582786e+00 2.208093e+01 7.186598e-02
2.089296e-05 2.200422e+01 1.612543e+00 2.206323e+01 7.328334e-02
2.137962e-05 2.198360e+01 1.642567e+00 2.204488e+01 7.471785e-02
2.187762e-05 2.196224e+01 1.672843e+00 2.202586e+01 7.616904e-02
2.238721e-05 2.194013e+01 1.703352e+00 2.200615e+01 7.763640e-02
2.290868e-05 2.191725e+01 1.734079e+00 2.198574e+01 7.911936e-02
2.344229e-05 2.189359e+01 1.765002e+00 2.196462e+01 8.061731e-02
2.398833e-05 2.186913e+01 1.796102e+00 2.194276e+01 8.212958e-02
2.454709e-05 2.184386e+01 1.827358e+00 2.192016e+01 8.365546e-02
2.511886e-05 2.181776e+01 1.858746e+00 2.189680e+01 8.519418e-02
2.570396e-05 2.179083e+01 1.890244e+00 2.187266e+01 8.674493e-02
2.630268e-05 2.176305e+01 1.921826e+00 2.184774e+01 8.830682e-02
2.691535e-05 2.173441e+01 1.953466e+00 2.182203e+01 8.987895e-02
2.754229e-05 2.170491e+01 1.985138e+00 2.179550e+01 9.146032e-02
2.818383e-05 2.167453e+01 2.016813e+00 2.176816e+01 9.304992e-02
2.884032e-05 2.164327e+01 2.048463e+00 2.173999e+01 9.464667e-02
2.951209e-05 2.161112e+01 2.080058e+00 2.171100e+01 9.624943e-02
3.019952e-05 2.157809e+01 2.111568e+00 2.168116e+01 9.785704e-02
3.090295e-05 2.154416e+01 2.142961e+00 2.165048e+01 9.946827e-02
3.162278e-05 2.150934e+01 2.174205e+00 2.161895e+01 1.010819e-01
3.235937e-05 2.147364e+01 2.205268e+00 2.158658e+01 1.026965e-01
3.311311e-05 2.143705e+01 2.236117e+00 2.155336e+01 1.043109e-01
3.388442e-05 2.139957e+01 2.266720e+00 2.151929e+01 1.059236e-01
3.467369e-05 2.136123e+01 2.297042e+00 2.148438e+01 1.075332e-01
3.548134e-05 2.132203e+01 2.327052e+00 2.144863e+01 1.091384e-01
3.630781e-05 2.128197e+01 2.356715e+00 2.141206e+01 1.107377e-01
3.715352e-05 2.124108e+01 2.386000e+00 2.137467e+01 1.123295e-01
3.801894e-05 2.119937e+01 2.414873e+00 2.133647e+01 1.139125e-01
3.890451e-05 2.115686e+01 2.443303e+00 2.129747e+01 1.154852e-01
3.981072e-05 2.111357e+01 2.471260e+00 2.125770e+01 1.170460e-01
4.073803e-05 2.106952e+01 2.498712e+00 2.121717e+01 1.185937e-01
4.168694e-05 2.102474e+01 2.525632e+00 2.117589e+01 1.201267e-01
4.265795e-05 2.097925e+01 2.551991e+00 2.113390e+01 1.216436e-01
4.365158e-05 2.093309e+01 2.577764e+00 2.109121e+01 1.231430e-01
4.466836e-05 2.088628e+01 2.602926e+00 2.104784e+01 1.246238e-01
4.570882e-05 2.083885e+01 2.627455e+00 2.100384e+01 1.260844e-01
4.677351e-05 2.079085e+01 2.651329e+00 2.095922e+01 1.275238e-01
4.786301e-05 2.074231e+01 2.674530e+00 2.091402e+01 1.289408e-01
4.897788e-05 2.069325e+01 2.697042e+00 2.086827e+01 1.303344e-01
5.011872e-05 2.064373e+01 2.718851e+00 2.082200e+01 1.317034e-01
5.128614e-05 2.059378e+01 2.739944e+00 2.077526e+01 1.330471e-01
5.248075e-05 2.054345e+01 2.760313e+00 2.072806e+01 1.343646e-01
5.370318e-05 2.049276e+01 2.779951e+00 2.068046e+01 1.356552e-01
5.495409e-05 2.044178e+01 2.798854e+00 2.063249e+01 1.369183e-01
5.623413e-05 2.039052e+01 2.817022e+00 2.058419e+01 1.381535e-01
5.754399e-05 2.033905e+01 2.834455e+00 2.053560e+01 1.393603e-01
5.888437e-05 2.028739e+01 2.851159e+00 2.048676e+01 1.405385e-01
6.025596e-05 2.023560e+01 2.867141e+00 2.043771e+01 1.416880e-01
6.165950e-05 2.018371e+01 2.882410e+00 2.038848e+01 1.428087e-01
6.309573e-05 2.013176e+01 2.896978e+00 2.033913e+01 1.439009e-01
6.456542e-05 2.007978e+01 2.910862e+00 2.028967e+01 1.449648e-01
6.606934e-05 2.002783e+01 2.924079e+00 2.024017e+01 1.460008e-01
6.760830e-05 1.997594e+01 2.936648e+00 2.019064e+01 1.470093e-01
6.918310e-05 1.992413e+01 2.948592e+00 2.014113e+01 1.479910e-01
7.079458e-05 1.987244e+01 2.959935e+00 2.009167e+01 1.489467e-01
7.244360e-05 1.982091e+01 2.970705e+00 2.004229e+01 1.498773e-01
7.413102e-05 1.976956e+01 2.980929e+00 1.999304e+01 1.507837e-01
7.585776e-05 1.971842e+01 2.990636e+00 1.994392e+01 1.516671e-01
7.762471e-05 1.966752e+01 2.999859e+00 1.989499e+01 1.525286e-01
7.943282e-05 1.961687e+01 3.008631e+00 1.984625e+01 1.533695e-01
8.128305e-05 1.956651e+01 3.016985e+00 1.979774e+01 1.541913e-01
8.317638e-05 1.951643e+01 3.024955e+00 1.974947e+01 1.549953e-01
8.511380e-05 1.946667e+01 3.032577e+00 1.970146e+01 1.557831e-01
8.709636e-05 1.941723e+01 3.039888e+00 1.965374e+01 1.565562e-01
8.912509e-05 1.936812e+01 3.046923e+00 1.960632e+01 1.573164e-01
9.120108e-05 1.931935e+01 3.053719e+00 1.955921e+01 1.580653e-01
9.332543e-05 1.927093e+01 3.060311e+00 1.951241e+01 1.588046e-01
9.549926e-05 1.922285e+01 3.066737e+00 1.946594e+01 1.595360e-01
9.772372e-05 1.917513e+01 3.073031e+00 1.941981e+01 1.602613e-01
1.000000e-04 1.912775e+01 3.079229e+00 1.937401e+01 1.609823e-01
1.023293e-04 1.908071e+01 3.085364e+00 1.932855e+01 1.617007e-01
1.047129e-04 1.903400e+01 3.091470e+00 1.928342e+01 1.624183e-01
1.071519e-04 1.898763e+01 3.097578e+00 1.923863e+01 1.631367e-01
1.096478e-04 1.894156e+01 3.103721e+00 1.919416e+01 1.638577e-01
1.122018e-04 1.889581e+01 3.109927e+00 1.915002e+01 1.645829e-01
1.148154e-04 1.885034e+01 3.116224e+00 1.910618e+01 1.653140e-01
1.174898e-04 1.880515e+01 3.122640e+00 1.906265e+01 1.660524e-01
1.202264e-04 1.876022e+01 3.129198e+00 1.901940e+01 1.667997e-01
1.230269e-04 1.871552e+01 3.135923e+00 1.897643e+01 1.675573e-01
1.258925e-04 1.867105e+01 3.142836e+00 1.893371e+01 1.683267e-01
1.288250e-04 1.862678e+01 3.149956e+00 1.889125e+01 1.691090e-01
1.318257e-04 1.858269e+01 3.157301e+00 1.884900e+01 1.699055e-01
1.348963e-04 1.853876e+01 3.164887e+00 1.880697e+01 1.707173e-01
1.380384e-04 1.849497e+01 3.172729e+00 1.876513e+01 1.715455e-01
1.412538e-04 1.845129e+01 3.180838e+00 1.872346e+01 1.723911e-01
1.445440e-04 1.840771e+01 3.189225e+00 1.868195e+01 1.732548e-01
1.479108e-04 1.836420e+01 3.197899e+00 1.864056e+01 1.741376e-01
1.513561e-04 1.832075e+01 3.206866e+00 1.859929e+01 1.750401e-01
1.548817e-04 1.827732e+01 3.216131e+00 1.855812e+01 1.759630e-01
1.584893e-04 1.823390e+01 3.225698e+00 1.851702e+01 1.769067e-01
1.621810e-04 1.819046e+01 3.235569e+00 1.847598e+01 1.778717e-01
1.659587e-04 1.814700e+01 3.245743e+00 1.843498e+01 1.788584e-01
1.698244e-04 1.810348e+01 3.256220e+00 1.839399e+01 1.798670e-01
1.737801e-04 1.805990e+01 3.266997e+00 1.835302e+01 1.808978e-01
1.778279e-04 1.801623e+01 3.278070e+00 1.831202e+01 1.819510e-01
1.819701e-04 1.797246e+01 3.289435e+00 1.827100e+01 1.830264e-01
1.862087e-04 1.792857e+01 3.301085e+00 1.822994e+01 1.841243e-01
1.905461e-04 1.788456e+01 3.313015e+00 1.818883e+01 1.852445e-01
1.949845e-04 1.784040e+01 3.325217e+00 1.814764e+01 1.863869e-01
1.995262e-04 1.779610e+01 3.337684e+00 1.810638e+01 1.875515e-01
2.041738e-04 1.775163e+01 3.350406e+00 1.806504e+01 1.887379e-01
2.089296e-04 1.770700e+01 3.363376e+00 1.802360e+01 1.899461e-01
2.137962e-04 1.766219e+01 3.376584e+00 1.798205e+01 1.911759e-01
2.187762e-04 1.761721e+01 3.390023e+00 1.794041e+01 1.924268e-01
2.238721e-04 1.757204e+01 3.403685e+00 1.789865e+01 1.936989e-01
2.290868e-04 1.752669e+01 3.417560e+00 1.785678e+01 1.949917e-01
2.344229e-04 1.748116e+01 3.431642e+00 1.781480e+01 1.963052e-01
2.398833e-04 1.743545e+01 3.445924e+00 1.777271e+01 1.976390e-01
2.454709e-04 1.738955e+01 3.460399e+00 1.773051e+01 1.989930e-01
2.511886e-04 1.734348e+01 3.475063e+00 1.768820e+01 2.003671e-01
2.570396e-04 1.729723e+01 3.489912e+00 1.764579e+01 2.017613e-01
2.630268e-04 1.725082e+01 3.504941e+00 1.760328e+01 2.031753e-01
2.691535e-04 1.720424e+01 3.520150e+00 1.756068e+01 2.046094e-01
2.754229e-04 1.715751e+01 3.535538e+00 1.751800e+01 2.060636e-01
2.818383e-04 1.711063e+01 3.551106e+00 1.747524e+01 2.075380e-01
2.884032e-04 1.706361e+01 3.566856e+00 1.743242e+01 2.090329e-01
2.951209e-04 1.701645e+01 3.582792e+00 1.738953e+01 2.105487e-01
3.019952e-04 1.696916e+01 3.598919e+00 1.734661e+01 2.120858e-01
3.090295e-04 1.692176e+01 3.615244e+00 1.730364e+01 2.136447e-01
3.162278e-04 1.687425e+01 3.631776e+00 1.726065e+01 2.152259e-01
3.235937e-04 1.682663e+01 3.648524e+00 1.721764e+01 2.168304e-01
3.311311e-04 1.677891e+01 3.665500e+00 1.717462e+01 2.184588e-01
3.388442e-04 1.673110e+01 3.682718e+00 1.713161e+01 2.201122e-01
3.467369e-04 1.668319e+01 3.700190e+00 1.708860e+01 2.217915e-01
3.548134e-04 1.663521e+01 3.717934e+00 1.704562e+01 2.234979e-01
3.630781e-04 1.658713e+01 3.735966e+00 1.700266e+01 2.252327e-01
3.715352e-04 1.653898e+01 3.754303e+00 1.695974e+01 2.269973e-01
3.801894e-04 1.649074e+01 3.772966e+00 1.691685e+01 2.287930e-01
3.890451e-04 1.644242e+01 3.791974e+00 1.687401e+01 2.306214e-01
3.981072e-04 1.639400e+01 3.811348e+00 1.683121e+01 2.324842e-01
4.073803e-04 1.634550e+01 3.831109e+00 1.678847e+01 2.343832e-01
4.168694e-04 1.629688e+01 3.851280e+00 1.674577e+01 2.363200e-01
4.265795e-04 1.624816e+01 3.871883e+00 1.670312e+01 2.382967e-01
4.365158e-04 1.619931e+01 3.892940e+00 1.666051e+01 2.403151e-01
4.466836e-04 1.615033e+01 3.914475e+00 1.661795e+01 2.423774e-01
4.570882e-04 1.610119e+01 3.936508e+00 1.657542e+01 2.444855e-01
4.677351e-04 1.605188e+01 3.959063e+00 1.653291e+01 2.466417e-01
4.786301e-04 1.600239e+01 3.982162e+00 1.649042e+01 2.488480e-01
4.897788e-04 1.595268e+01 4.005824e+00 1.644793e+01 2.511067e-01
5.011872e-04 1.590273e+01 4.030071e+00 1.640543e+01 2.534201e-01
5.128614e-04 1.585252e+01 4.054922e+00 1.636291e+01 2.557903e-01
5.248075e-04 1.580202e+01 4.080394e+00 1.632034e+01 2.582197e-01
5.370318e-04 1.575121e+01 4.106505e+00 1.627771e+01 2.607105e-01
5.495409e-04 1.570004e+01 4.133269e+00 1.623500e+01 2.632649e-01
5.623413e-04 1.564849e+01 4.160702e+00 1.619218e+01 2.658852e-01
5.754399e-04 1.559652e+01 4.188814e+00 1.614922e+01 2.685737e-01
5.888437e-04 1.554409e+01 4.217615e+00 1.610612e+01 2.713324e-01
6.025596e-04 1.549117e+01 4.247115e+00 1.606282e+01 2.741636e-01
6.165950e-04 1.543772e+01 4.277319e+00 1.601932e+01 2.770694e-01
6.309573e-04 1.538369e+01 4.308231e+00 1.597557e+01 2.800519e-01
6.456542e-04 1.532905e+01 4.339852e+00 1.593154e+01 2.831130e-01
6.606934e-04 1.527375e+01 4.372181e+00 1.588721e+01 2.862546e-01
6.760830e-04 1.521775e+01 4.405216e+00 1.584253e+01 2.894788e-01
6.918310e-04 1.516100e+01 4.438949e+00 1.579748e+01 2.927873e-01
7.079458e-04 1.510347e+01 4.473372e+00 1.575201e+01 2.961818e-01
7.244360e-04 1.504510e+01 4.508474e+00 1.570610e+01 2.996639e-01
7.413102e-04 1.498586e+01 4.544240e+00 1.565969e+01 3.032353e-01
7.585776e-04 1.492569e+01 4.580654e+00 1.561277e+01 3.068973e-01
7.762471e-04 1.486455e+01 4.617694e+00 1.556528e+01 3.106515e-01
7.943282e-04 1.480240e+01 4.655339e+00 1.551719e+01 3.144989e-01
8.128305e-04 1.473920e+01 4.693563e+00 1.546846e+01 3.184409e-01
8.317638e-04 1.467489e+01 4.732336e+00 1.541906e+01 3.224785e-01
8.511380e-04 1.460945e+01 4.771628e+00 1.536894e+01 3.266125e-01
8.709636e-04 1.454282e+01 4.811405e+00 1.531807e+01 3.308440e-01
8.912509e-04 1.447497e+01 4.851629e+00 1.526641e+01 3.351736e-01
9.120108e-04 1.440587e+01 4.892260e+00 1.521392e+01 3.396018e-01
9.332543e-04 1.433547e+01 4.933255e+00 1.516056e+01 3.441294e-01
9.549926e-04 1.426374e+01 4.974571e+00 1.510631e+01 3.487565e-01
9.772372e-04 1.419065e+01 5.016159e+00 1.505112e+01 3.534834e-01
1.000000e-03 1.411616e+01 5.057968e+00 1.499497e+01 3.583104e-01
1.023293e-03 1.404026e+01 5.099948e+00 1.493782e+01 3.632374e-01
1.047129e-03 1.396291e+01 5.142042e+00 1.487964e+01 3.682642e-01
1.071519e-03 1.388410e+01 5.184196e+00 1.482040e+01 3.733908e-01
1.096478e-03 1.380380e+01 5.226349e+00 1.476007e+01 3.786167e-01
1.122018e-03 1.372200e+01 5.268442e+00 1.469863e+01 3.839414e-01
1.148154e-03 1.363868e+01 5.310414e+00 1.463605e+01 3.893644e-01
1.174898e-03 1.355383e+01 5.352201e+00 1.457231e+01 3.948848e-01
1.202264e-03 1.346745e+01 5.393739e+00 1.450740e+01 4.005020e-01
1.230269e-03 1.337953e+01 5.434963e+00 1.444128e+01 4.062149e-01
1.258925e-03 1.329007e+01 5.475808e+00 1.437395e+01 4.120223e-01
1.288250e-03 1.319909e+01 5.516205e+00 1.430540e+01 4.179233e-01
1.318257e-03 1.310657e+01 5.556089e+00 1.423560e+01 4.239163e-01
1.348963e-03 1.301254e+01 5.595394e+00 1.416456e+01 4.300000e-01
1.380384e-03 1.291702e+01 5.634051e+00 1.409226e+01 4.361728e-01
1.412538e-03 1.282001e+01 5.671996e+00 1.401871e+01 4.424332e-01
1.445440e-03 1.272154e+01 5.709162e+00 1.394389e+01 4.487792e-01
1.479108e-03 1.262164e+01 5.745484e+00 1.386781e+01 4.552092e-01
1.513561e-03 1.252033e+01 5.780900e+00 1.379048e+01 4.617211e-01
1.548817e-03 1.241765e+01 5.815346e+00 1.371190e+01 4.683128e-01
1.584893e-03 1.231364e+01 5.848762e+00 1.363209e+01 4.749823e-01
1.621810e-03 1.220833e+01 5.881089e+00 1.355104e+01 4.817273e-01
1.659587e-03 1.210178e+01 5.912269e+00 1.346878e+01 4.885456e-01
1.698244e-03 1.199401e+01 5.942249e+00 1.338531e+01 4.954347e-01
1.737801e-03 1.188509e+01 5.970976e+00 1.330067e+01 5.023921e-01
1.778279e-03 1.177506e+01 5.998400e+00 1.321488e+01 5.094154e-01
1.819701e-03 1.166399e+01 6.024473e+00 1.312794e+01 5.165021e-01
1.862087e-03 1.155192e+01 6.049153e+00 1.303990e+01 5.236493e-01
1.905461e-03 1.143891e+01 6.072397e+00 1.295078e+01 5.308546e-01
1.949845e-03 1.132503e+01 6.094169e+00 1.286060e+01 5.381151e-01
1.995262e-03 1.121034e+01 6.114432e+00 1.276941e+01 5.454281e-01
2.041738e-03 1.109490e+01 6.133157e+00 1.267724e+01 5.527909e-01
2.089296e-03 1.097877e+01 6.150315e+00 1.258411e+01 5.602006e-01
2.137962e-03 1.086203e+01 6.165881e+00 1.249007e+01 5.676543e-01
2.187762e-03 1.074475e+01 6.179836e+00 1.239516e+01 5.751494e-01
2.238721e-03 1.062698e+01 6.192161e+00 1.229941e+01 5.826829e-01
2.290868e-03 1.050880e+01 6.202843e+00 1.220288e+01 5.902520e-01
2.344229e-03 1.039028e+01 6.211871e+00 1.210559e+01 5.978540e-01
2.398833e-03 1.027148e+01 6.219240e+00 1.200760e+01 6.054860e-01
2.454709e-03 1.015248e+01 6.224945e+00 1.190894e+01 6.131452e-01
2.511886e-03 1.003334e+01 6.228986e+00 1.180966e+01 6.208290e-01
2.570396e-03 9.914119e+00 6.231367e+00 1.170981e+01 6.285346e-01
2.630268e-03 9.794896e+00 6.232095e+00 1.160944e+01 6.362594e-01
2.691535e-03 9.675729e+00 6.231178e+00 1.150858e+01 6.440008e-01
2.754229e-03 9.556684e+00 6.228629e+00 1.140728e+01 6.517562e-01
2.818383e-03 9.437822e+00 6.224463e+00 1.130559e+01 6.595232e-01
2.884032e-03 9.319203e+00 6.218698e+00 1.120356e+01 6.672993e-01
2.951209e-03 9.200886e+00 6.211355e+00 1.110123e+01 6.750822e-01
3.019952e-03 9.082928e+00 6.202456e+00 1.099864e+01 6.828696e-01
3.090295e-03 8.965384e+00 6.192026e+00 1.089584e+01 6.906593e-01
3.162278e-03 8.848307e+00 6.180093e+00 1.079287e+01 6.984492e-01
3.235937e-03 8.731747e+00 6.166684e+00 1.068978e+01 7.062372e-01
3.311311e-03 8.615753e+00 6.151831e+00 1.058661e+01 7.140214e-01
3.388442e-03 8.500371e+00 6.135566e+00 1.048339e+01 7.217998e-01
3.467369e-03 8.385645e+00 6.117922e+00 1.038017e+01 7.295708e-01
3.548134e-03 8.271617e+00 6.098934e+00 1.027700e+01 7.373327e-01
3.630781e-03 8.158327e+00 6.078637e+00 1.017390e+01 7.450838e-01
3.715352e-03 8.045812e+00 6.057069e+00 1.007091e+01 7.528226e-01
3.801894e-03 7.934107e+00 6.034267e+00 9.968070e+00 7.605477e-01
3.890451e-03 7.823243e+00 6.010268e+00 9.865417e+00 7.682578e-01
3.981072e-03 7.713252e+00 5.985111e+00 9.762982e+00 7.759517e-01
4.073803e-03 7.604162e+00 5.958835e+00 9.660797e+00 7.836282e-01
4.168694e-03 7.495998e+00 5.931480e+00 9.558893e+00 7.912862e-01
4.265795e-03 7.388785e+00 5.903083e+00 9.457300e+00 7.989248e-01
4.365158e-03 7.282543e+00 5.873685e+00 9.356047e+00 8.065431e-01
4.466836e-03 7.177293e+00 5.843323e+00 9.255159e+00 8.141403e-01
4.570882e-03 7.073052e+00 5.812038e+00 9.154663e+00 8.217156e-01
4.677351e-03 6.969837e+00 5.779866e+00 9.054583e+00 8.292685e-01
4.786301e-03 6.867660e+00 5.746846e+00 8.954942e+00 8.367983e-01
4.897788e-03 6.766534e+00 5.713016e+00 8.855763e+00 8.443045e-01
5.011872e-03 6.666470e+00 5.678411e+00 8.757064e+00 8.517867e-01
5.128614e-03 6.567477e+00 5.643068e+00 8.658867e+00 8.592444e-01
5.248075e-03 6.469562e+00 5.607022e+00 8.561187e+00 8.666773e-01
5.370318e-03 6.372730e+00 5.570309e+00 8.464043e+00 8.740851e-01
5.495409e-03 6.276988e+00 5.532960e+00 8.367450e+00 8.814675e-01
5.623413e-03 6.182337e+00 5.495010e+00 8.271422e+00 8.888242e-01
5.754399e-03 6.088780e+00 5.456491e+00 8.175973e+00 8.961550e-01
5.888437e-03 5.996319e+00 5.417432e+00 8.081114e+00 9.034596e-01
6.025596e-03 5.904953e+00 5.377864e+00 7.986858e+00 9.107378e-01
6.165950e-03 5.814683e+00 5.337816e+00 7.893213e+00 9.179893e-01
6.309573e-03 5.725505e+00 5.297316e+00 7.800190e+00 9.252138e-01
6.456542e-03 5.637419e+00 5.256391e+00 7.707797e+00 9.324110e-01
6.606934e-03 5.550420e+00 5.215067e+00 7.616042e+00 9.395805e-01
6.760830e-03 5.464507e+00 5.173368e+00 7.524930e+00 9.467219e-01
6.918310e-03 5.379674e+00 5.131319e+00 7.434469e+00 9.538345e-01
7.079458e-03 5.295918e+00 5.088942e+00 7.344664e+00 9.609179e-01
7.244360e-03 5.213234e+00 5.046260e+00 7.255519e+00 9.679712e-01
7.413102e-03 5.131617e+00 5.003294e+00 7.167039e+00 9.749937e-01
7.585776e-03 5.051062e+00 4.960064e+00 7.079227e+00 9.819844e-01
7.762471e-03 4.971564e+00 4.916589e+00 6.992088e+00 9.889422e-01
7.943282e-03 4.893117e+00 4.872889e+00 6.905624e+00 9.958660e-01
8.128305e-03 4.815717e+00 4.828980e+00 6.819837e+00 1.002754e+00
8.317638e-03 4.739357e+00 4.784881e+00 6.734731e+00 1.009606e+00
8.511380e-03 4.664034e+00 4.740608e+00 6.650307e+00 1.016418e+00
8.709636e-03 4.589741e+00 4.696177e+00 6.566567e+00 1.023190e+00
8.912509e-03 4.516474e+00 4.651604e+00 6.483514e+00 1.029919e+00
9.120108e-03 4.444227e+00 4.606904e+00 6.401150e+00 1.036604e+00
9.332543e-03 4.372997e+00 4.562091e+00 6.319476e+00 1.043241e+00
9.549926e-03 4.302778e+00 4.517181e+00 6.238495e+00 1.049829e+00
9.772372e-03 4.233565e+00 4.472186e+00 6.158208e+00 1.056364e+00
1.000000e-02 4.165355e+00 4.427121e+00 6.078617e+00 1.062843e+00
1.023293e-02 4.098144e+00 4.382000e+00 5.999725e+00 1.069265e+00
1.047129e-02 4.031926e+00 4.336835e+00 5.921534e+00 1.075624e+00
1.071519e-02 3.966697e+00 4.291641e+00 5.844046e+00 1.081918e+00
1.096478e-02 3.902455e+00 4.246431e+00 5.767264e+00 1.088144e+00
1.122018e-02 3.839194e+00 4.201218e+00 5.691190e+00 1.094297e+00
1.148154e-02 3.776910e+00 4.156015e+00 5.615827e+00 1.100374e+00
1.174898e-02 3.715600e+00 4.110836e+00 5.541178e+00 1.106372e+00
1.202264e-02 3.655258e+00 4.065694e+00 5.467246e+00 1.112286e+00
1.230269e-02 3.595882e+00 4.020602e+00 5.394034e+00 1.118113e+00
1.258925e-02 3.537465e+00 3.975574e+00 5.321545e+00 1.123848e+00
1.288250e-02 3.480003e+00 3.930622e+00 5.249782e+00 1.129488e+00
1.318257e-02 3.423492e+00 3.885760e+00 5.178748e+00 1.135028e+00
1.348963e-02 3.367926e+00 3.841003e+00 5.108446e+00 1.140465e+00
1.380384e-02 3.313299e+00 3.796362e+00 5.038880e+00 1.145795e+00
1.412538e-02 3.259605e+00 3.751851e+00 4.970052e+00 1.151014e+00
1.445440e-02 3.206839e+00 3.707485e+00 4.901965e+00 1.156118e+00
1.479108e-02 3.154993e+00 3.663275e+00 4.834621e+00 1.161104e+00
1.513561e-02 3.104061e+00 3.619235e+00 4.768024e+00 1.165968e+00
1.548817e-02 3.054035e+00 3.575377e+00 4.702175e+00 1.170706e+00
1.584893e-02 3.004907e+00 3.531716e+00 4.637077e+00 1.175316e+00
1.621810e-02 2.956670e+00 3.488263e+00 4.572731e+00 1.179795e+00
1.659587e-02 2.909314e+00 3.445030e+00 4.509139e+00 1.184139e+00
1.698244e-02 2.862830e+00 3.402030e+00 4.446302e+00 1.188345e+00
1.737801e-02 2.817210e+00 3.359275e+00 4.384221e+00 1.192412e+00
1.778279e-02 2.772443e+00 3.316775e+00 4.322897e+00 1.196337e+00
1.819701e-02 2.728519e+00 3.274543e+00 4.262329e+00 1.200117e+00
1.862087e-02 2.685429e+00 3.232588e+00 4.202518e+00 1.203751e+00
1.905461e-02 2.643160e+00 3.190922e+00 4.143462e+00 1.207237e+00
1.949845e-02 2.601703e+00 3.149554e+00 4.085162e+00 1.210574e+00
1.995262e-02 2.561046e+00 3.108493e+00 4.027615e+00 1.213759e+00
2.041738e-02 2.521176e+00 3.067749e+00 3.970821e+00 1.216793e+00
2.089296e-02 2.482084e+00 3.027331e+00 3.914776e+00 1.219673e+00
2.137962e-02 2.443756e+00 2.987246e+00 3.859480e+00 1.222399e+00
2.187762e-02 2.406181e+00 2.947503e+00 3.804928e+00 1.224971e+00
2.238721e-02 2.369347e+00 2.908107e+00 3.751119e+00 1.227388e+00
2.290868e-02 2.333240e+00 2.869068e+00 3.698048e+00 1.229649e+00
2.344229e-02 2.297850e+00 2.830390e+00 3.645713e+00 1.231756e+00
2.398833e-02 2.263164e+00 2.792079e+00 3.594109e+00 1.233706e+00
2.454709e-02 2.229168e+00 2.754142e+00 3.543232e+00 1.235502e+00
2.511886e-02 2.195852e+00 2.716583e+00 3.493078e+00 1.237143e+00
2.570396e-02 2.163202e+00 2.679407e+00 3.443641e+00 1.238630e+00
2.630268e-02 2.131206e+00 2.642619e+00 3.394919e+00 1.239964e+00
2.691535e-02 2.099852e+00 2.606221e+00 3.346904e+00 1.241145e+00
2.754229e-02 2.069129e+00 2.570218e+00 3.299593e+00 1.242174e+00
2.818383e-02 2.039022e+00 2.534613e+00 3.252980e+00 1.243053e+00
2.884032e-02 2.009522e+00 2.499409e+00 3.207059e+00 1.243783e+00
2.951209e-02 1.980615e+00 2.464609e+00 3.161824e+00 1.244366e+00
3.019952e-02 1.952290e+00 2.430214e+00 3.117270e+00 1.244802e+00
3.090295e-02 1.924535e+00 2.396227e+00 3.073392e+00 1.245094e+00
3.162278e-02 1.897338e+00 2.362650e+00 3.030182e+00 1.245244e+00
3.235937e-02 1.870689e+00 2.329483e+00 2.987636e+00 1.245254e+00
3.311311e-02 1.844575e+00 2.296729e+00 2.945746e+00 1.245126e+00
3.388442e-02 1.818985e+00 2.264388e+00 2.904507e+00 1.244864e+00
3.467369e-02 1.793908e+00 2.232462e+00 2.863912e+00 1.244468e+00
3.548134e-02 1.769333e+00 2.200950e+00 2.823955e+00 1.243943e+00
3.630781e-02 1.745249e+00 2.169854e+00 2.784629e+00 1.243292e+00
3.715352e-02 1.721645e+00 2.139172e+00 2.745928e+00 1.242517e+00
3.801894e-02 1.698509e+00 2.108907e+00 2.707844e+00 1.241622e+00
3.890451e-02 1.675832e+00 2.079056e+00 2.670372e+00 1.240612e+00
3.981072e-02 1.653601e+00 2.049621e+00 2.633504e+00 1.239489e+00
4.073803e-02 1.631808e+00 2.020600e+00 2.597233e+00 1.238258e+00
4.168694e-02 1.610441e+00 1.991992e+00 2.561552e+00 1.236924e+00
4.265795e-02 1.589489e+00 1.963797e+00 2.526454e+00 1.235490e+00
4.365158e-02 1.568942e+00 1.936013e+00 2.491932e+00 1.233961e+00
4.466836e-02 1.548790e+00 1.908640e+00 2.457978e+00 1.232342e+00
4.570882e-02 1.529023e+00 1.881674e+00 2.424584e+00 1.230639e+00
4.677351e-02 1.509630e+00 1.855116e+00 2.391744e+00 1.228855e+00
4.786301e-02 1.490601e+00 1.828963e+00 2.359448e+00 1.226997e+00
4.897788e-02 1.471926e+00 1.803212e+00 2.327690e+00 1.225070e+00
5.011872e-02 1.453595e+00 1.777862e+00 2.296460e+00 1.223079e+00
5.128614e-02 1.435599e+00 1.752909e+00 2.265752e+00 1.221030e+00
5.248075e-02 1.417927e+00 1.728351e+00 2.235557e+00 1.218928e+00
5.370318e-02 1.400570e+00 1.704186e+00 2.205866e+00 1.216780e+00
5.495409e-02 1.383519e+00 1.680409e+00 2.176671e+00 1.214590e+00
5.623413e-02 1.366764e+00 1.657017e+00 2.147964e+00 1.212365e+00
5.754399e-02 1.350296e+00 1.634007e+00 2.119735e+00 1.210111e+00
5.888437e-02 1.334105e+00 1.611375e+00 2.091976e+00 1.207832e+00
6.025596e-02 1.318184e+00 1.589116e+00 2.064679e+00 1.205535e+00
6.165950e-02 1.302523e+00 1.567228e+00 2.037834e+00 1.203225e+00
6.309573e-02 1.287114e+00 1.545704e+00 2.011433e+00 1.200907e+00
6.456542e-02 1.271948e+00 1.524541e+00 1.985467e+00 1.198587e+00
6.606934e-02 1.257018e+00 1.503734e+00 1.959926e+00 1.196271e+00
6.760830e-02 1.242315e+00 1.483278e+00 1.934802e+00 1.193963e+00
6.918310e-02 1.227832e+00 1.463167e+00 1.910086e+00 1.191667e+00
7.079458e-02 1.213561e+00 1.443397e+00 1.885769e+00 1.189390e+00
7.244360e-02 1.199496e+00 1.423962e+00 1.861843e+00 1.187134e+00
7.413102e-02 1.185628e+00 1.404857e+00 1.838297e+00 1.184905e+00
7.585776e-02 1.171952e+00 1.386076e+00 1.815125e+00 1.182707e+00
7.762471e-02 1.158461e+00 1.367613e+00 1.792316e+00 1.180542e+00
7.943282e-02 1.145149e+00 1.349463e+00 1.769863e+00 1.178416e+00
8.128305e-02 1.132010e+00 1.331619e+00 1.747757e+00 1.176331e+00
8.317638e-02 1.119038e+00 1.314076e+00 1.725990e+00 1.174290e+00
8.511380e-02 1.106229e+00 1.296828e+00 1.704554e+00 1.172296e+00
8.709636e-02 1.093575e+00 1.279868e+00 1.683440e+00 1.170352e+00
8.912509e-02 1.081074e+00 1.263192e+00 1.662641e+00 1.168460e+00
9.120108e-02 1.068720e+00 1.246792e+00 1.642149e+00 1.166621e+00
9.332543e-02 1.056510e+00 1.230663e+00 1.621957e+00 1.164839e+00
9.549926e-02 1.044438e+00 1.214799e+00 1.602057e+00 1.163113e+00
9.772372e-02 1.032501e+00 1.199194e+00 1.582443e+00 1.161446e+00
1.000000e-01 1.020696e+00 1.183843e+00 1.563107e+00 1.159839e+00
1.023293e-01 1.009019e+00 1.168738e+00 1.544043e+00 1.158292e+00
1.047129e-01 9.974670e-01 1.153876e+00 1.525244e+00 1.156806e+00
1.071519e-01 9.860373e-01 1.139249e+00 1.506704e+00 1.155381e+00
1.096478e-01 9.747272e-01 1.124853e+00 1.488418e+00 1.154018e+00
1.122018e-01 9.635341e-01 1.110682e+00 1.470378e+00 1.152717e+00
1.148154e-01 9.524558e-01 1.096731e+00 1.452580e+00 1.151477e+00
1.174898e-01 9.414901e-01 1.082994e+00 1.435019e+00 1.150298e+00
1.202264e-01 9.306352e-01 1.069467e+00 1.417689e+00 1.149180e+00
1.230269e-01 9.198892e-01 1.056145e+00 1.400585e+00 1.148121e+00
1.258925e-01 9.092506e-01 1.043022e+00 1.383702e+00 1.147123e+00
1.288250e-01 8.987178e-01 1.030095e+00 1.367036e+00 1.146182e+00
1.318257e-01 8.882895e-01 1.017358e+00 1.350583e+00 1.145300e+00
1.348963e-01 8.779645e-01 1.004807e+00 1.334339e+00 1.144474e+00
1.380384e-01 8.677417e-01 9.924391e-01 1.318298e+00 1.143703e+00
1.412538e-01 8.576199e-01 9.802487e-01 1.302459e+00 1.142987e+00
1.445440e-01 8.475983e-01 9.682324e-01 1.286817e+00 1.142325e+00
1.479108e-01 8.376760e-01 9.563863e-01 1.271368e+00 1.141714e+00
1.513561e-01 8.278522e-01 9.447069e-01 1.256109e+00 1.141154e+00
1.548817e-01 8.181262e-01 9.331904e-01 1.241038e+00 1.140644e+00
1.584893e-01 8.084972e-01 9.218337e-01 1.226151e+00 1.140182e+00
1.621810e-01 7.989647e-01 9.106333e-01 1.211444e+00 1.139767e+00
1.659587e-01 7.895280e-01 8.995862e-01 1.196917e+00 1.139397e+00
1.698244e-01 7.801866e-01 8.886894e-01 1.182565e+00 1.139073e+00
1.737801e-01 7.709399e-01 8.779400e-01 1.168386e+00 1.138792e+00
1.778279e-01 7.617875e-01 8.673351e-01 1.154379e+00 1.138553e+00
1.819701e-01 7.527288e-01 8.568722e-01 1.140540e+00 1.138355e+00
1.862087e-01 7.437633e-01 8.465487e-01 1.126867e+00 1.138196e+00
1.905461e-01 7.348905e-01 8.363621e-01 1.113358e+00 1.138077e+00
1.949845e-01 7.261101e-01 8.263101e-01 1.100011e+00 1.137996e+00
1.995262e-01 7.174215e-01 8.163903e-01 1.086824e+00 1.137951e+00
2.041738e-01 7.088242e-01 8.066008e-01 1.073795e+00 1.137942e+00
2.089296e-01 7.003179e-01 7.969393e-01 1.060923e+00 1.137968e+00
2.137962e-01 6.919020e-01 7.874038e-01 1.048205e+00 1.138028e+00
2.187762e-01 6.835760e-01 7.779926e-01 1.035639e+00 1.138122e+00
2.238721e-01 6.753394e-01 7.687036e-01 1.023225e+00 1.138248e+00
2.290868e-01 6.671918e-01 7.595353e-01 1.010959e+00 1.138406e+00
2.344229e-01 6.591327e-01 7.504858e-01 9.988417e-01 1.138596e+00
2.398833e-01 6.511615e-01 7.415535e-01 9.868703e-01 1.138817e+00
2.454709e-01 6.432777e-01 7.327370e-01 9.750435e-01 1.139068e+00
2.511886e-01 6.354808e-01 7.240347e-01 9.633598e-01 1.139350e+00
2.570396e-01 6.277701e-01 7.154452e-01 9.518178e-01 1.139661e+00
2.630268e-01 6.201451e-01 7.069671e-01 9.404161e-01 1.140003e+00
2.691535e-01 6.126053e-01 6.985991e-01 9.291533e-01 1.140374e+00
2.754229e-01 6.051498e-01 6.903400e-01 9.180281e-01 1.140775e+00
2.818383e-01 5.977783e-01 6.821885e-01 9.070391e-01 1.141207e+00
2.884032e-01 5.904898e-01 6.741434e-01 8.961850e-01 1.141668e+00
2.951209e-01 5.832838e-01 6.662038e-01 8.854646e-01 1.142160e+00
3.019952e-01 5.761596e-01 6.583684e-01 8.748764e-01 1.142684e+00
3.090295e-01 5.691163e-01 6.506362e-01 8.644194e-01 1.143239e+00
3.162278e-01 5.621533e-01 6.430063e-01 8.540922e-01 1.143827e+00
3.235937e-01 5.552697e-01 6.354777e-01 8.438936e-01 1.144449e+00
3.311311e-01 5.484646e-01 6.280495e-01 8.338223e-01 1.145105e+00
3.388442e-01 5.417372e-01 6.207208e-01 8.238771e-01 1.145797e+00
3.467369e-01 5.350867e-01 6.134906e-01 8.140568e-01 1.146526e+00
3.548134e-01 5.285120e-01 6.063582e-01 8.043601e-01 1.147293e+00
3.630781e-01 5.220123e-01 5.993227e-01 7.947858e-01 1.148101e+00
3.715352e-01 5.155865e-01 5.923832e-01 7.853326e-01 1.148950e+00
3.801894e-01 5.092336e-01 5.855391e-01 7.759993e-01 1.149844e+00
3.890451e-01 5.029526e-01 5.787894e-01 7.667846e-01 1.150783e+00
3.981072e-01 4.967424e-01 5.721335e-01 7.576871e-01 1.151771e+00
4.073803e-01 4.906018e-01 5.655704e-01 7.487056e-01 1.152810e+00
4.168694e-01 4.845297e-01 5.590995e-01 7.398387e-01 1.153901e+00
4.265795e-01 4.785249e-01 5.527199e-01 7.310851e-01 1.155049e+00
4.365158e-01 4.725863e-01 5.464309e-01 7.224435e-01 1.156256e+00
4.466836e-01 4.667126e-01 5.402316e-01 7.139123e-01 1.157525e+00
4.570882e-01 4.609026e-01 5.341212e-01 7.054903e-01 1.158859e+00
4.677351e-01 4.551549e-01 5.280988e-01 6.971760e-01 1.160262e+00
4.786301e-01 4.494684e-01 5.221636e-01 6.889678e-01 1.161736e+00
4.897788e-01 4.438416e-01 5.163148e-01 6.808644e-01 1.163286e+00
5.011872e-01 4.382732e-01 5.105514e-01 6.728642e-01 1.164916e+00
5.128614e-01 4.327620e-01 5.048726e-01 6.649656e-01 1.166629e+00
5.248075e-01 4.273065e-01 4.992772e-01 6.571671e-01 1.168429e+00
5.370318e-01 4.219054e-01 4.937644e-01 6.494671e-01 1.170320e+00
5.495409e-01 4.165574e-01 4.883331e-01 6.418640e-01 1.172307e+00
5.623413e-01 4.112611e-01 4.829824e-01 6.343561e-01 1.174393e+00
5.754399e-01 4.060151e-01 4.777110e-01 6.269418e-01 1.176584e+00
5.888437e-01 4.008182e-01 4.725179e-01 6.196195e-01 1.178883e+00
6.025596e-01 3.956688e-01 4.674019e-01 6.123874e-01 1.181296e+00
6.165950e-01 3.905658e-01 4.623618e-01 6.052438e-01 1.183825e+00
6.309573e-01 3.855079e-01 4.573964e-01 5.981871e-01 1.186477e+00
6.456542e-01 3.804936e-01 4.525044e-01 5.912154e-01 1.189256e+00
6.606934e-01 3.755219e-01 4.476846e-01 5.843271e-01 1.192166e+00
6.760830e-01 3.705914e-01 4.429355e-01 5.775204e-01 1.195212e+00
6.918310e-01 3.657010e-01 4.382558e-01 5.707937e-01 1.198399e+00
7.079458e-01 3.608495e-01 4.336442e-01 5.641451e-01 1.201731e+00
7.244360e-01 3.560358e-01 4.290992e-01 5.575730e-01 1.205213e+00
7.413102e-01 3.512588e-01 4.246193e-01 5.510756e-01 1.208850e+00
7.585776e-01 3.465175e-01 4.202031e-01 5.446513e-01 1.212646e+00
7.762471e-01 3.418109e-01 4.158491e-01 5.382984e-01 1.216606e+00
7.943282e-01 3.371380e-01 4.115557e-01 5.320151e-01 1.220733e+00
8.128305e-01 3.324980e-01 4.073214e-01 5.258000e-01 1.225034e+00
8.317638e-01 3.278901e-01 4.031447e-01 5.196514e-01 1.229512e+00
8.511380e-01 3.233134e-01 3.990241e-01 5.135676e-01 1.234171e+00
8.709636e-01 3.187672e-01 3.949579e-01 5.075473e-01 1.239017e+00
8.912509e-01 3.142509e-01 3.909446e-01 5.015888e-01 1.244052e+00
9.120108e-01 3.097639e-01 3.869827e-01 4.956907e-01 1.249283e+00
9.332543e-01 3.053056e-01 3.830706e-01 4.898516e-01 1.254712e+00
9.549926e-01 3.008754e-01 3.792068e-01 4.840700e-01 1.260345e+00
9.772372e-01 2.964731e-01 3.753897e-01 4.783448e-01 1.266185e+00
1.000000e+00 2.920982e-01 3.716179e-01 4.726745e-01 1.272236e+00
1.023293e+00 2.877502e-01 3.678898e-01 4.670580e-01 1.278504e+00
1.047129e+00 2.834291e-01 3.642041e-01 4.614939e-01 1.284992e+00
1.071519e+00 2.791344e-01 3.605592e-01 4.559813e-01 1.291704e+00
1.096478e+00 2.748661e-01 3.569537e-01 4.505190e-01 1.298646e+00
1.122018e+00 2.706240e-01 3.533863e-01 4.451059e-01 1.305820e+00
1.148154e+00 2.664079e-01 3.498556e-01 4.397410e-01 1.313233e+00
1.174898e+00 2.622178e-01 3.463604e-01 4.344234e-01 1.320888e+00
1.202264e+00 2.580537e-01 3.428992e-01 4.291522e-01 1.328790e+00
1.230269e+00 2.539155e-01 3.394710e-01 4.239264e-01 1.336945e+00
1.258925e+00 2.498033e-01 3.360744e-01 4.187454e-01 1.345356e+00
1.288250e+00 2.457172e-01 3.327083e-01 4.136082e-01 1.354029e+00
1.318257e+00 2.416572e-01 3.293715e-01 4.085141e-01 1.362970e+00
1.348963e+00 2.376234e-01 3.260631e-01 4.034625e-01 1.372184e+00
1.380384e+00 2.336160e-01 3.227818e-01 3.984527e-01 1.381677e+00
1.412538e+00 2.296350e-01 3.195268e-01 3.934839e-01 1.391455e+00
1.445440e+00 2.256807e-01 3.162969e-01 3.885557e-01 1.401524e+00
1.479108e+00 2.217532e-01 3.130913e-01 3.836674e-01 1.411890e+00
1.513561e+00 2.178527e-01 3.099089e-01 3.788184e-01 1.422562e+00
1.548817e+00 2.139794e-01 3.067490e-01 3.740082e-01 1.433545e+00
1.584893e+00 2.101334e-01 3.036107e-01 3.692364e-01 1.444847e+00
1.621810e+00 2.063151e-01 3.004930e-01 3.645023e-01 1.456476e+00
1.659587e+00 2.025245e-01 2.973952e-01 3.598056e-01 1.468441e+00
1.698244e+00 1.987619e-01 2.943165e-01 3.551458e-01 1.480749e+00
1.737801e+00 1.950276e-01 2.912562e-01 3.505223e-01 1.493410e+00
1.778279e+00 1.913217e-01 2.882134e-01 3.459349e-01 1.506433e+00
1.819701e+00 1.876446e-01 2.851875e-01 3.413831e-01 1.519828e+00
1.862087e+00 1.839965e-01 2.821778e-01 3.368665e-01 1.533604e+00
1.905461e+00 1.803776e-01 2.791836e-01 3.323846e-01 1.547773e+00
1.949845e+00 1.767882e-01 2.762041e-01 3.279372e-01 1.562345e+00
1.995262e+00 1.732287e-01 2.732389e-01 3.235238e-01 1.577330e+00
2.041738e+00 1.696992e-01 2.702872e-01 3.191441e-01 1.592742e+00
2.089296e+00 1.662002e-01 2.673484e-01 3.147978e-01 1.608593e+00
2.137962e+00 1.627318e-01 2.644219e-01 3.104844e-01 1.624894e+00
2.187762e+00 1.592946e-01 2.615072e-01 3.062038e-01 1.641658e+00
2.238721e+00 1.558887e-01 2.586037e-01 3.019556e-01 1.658900e+00
2.290868e+00 1.525146e-01 2.557109e-01 2.977395e-01 1.676632e+00
2.344229e+00 1.491727e-01 2.528283e-01 2.935552e-01 1.694869e+00
2.398833e+00 1.458634e-01 2.499554e-01 2.894025e-01 1.713627e+00
2.454709e+00 1.425870e-01 2.470917e-01 2.852812e-01 1.732918e+00
2.511886e+00 1.393441e-01 2.442368e-01 2.811910e-01 1.752760e+00
2.570396e+00 1.361350e-01 2.413903e-01 2.771317e-01 1.773169e+00
2.630268e+00 1.329602e-01 2.385518e-01 2.731032e-01 1.794159e+00
2.691535e+00 1.298203e-01 2.357210e-01 2.691054e-01 1.815749e+00
2.754229e+00 1.267156e-01 2.328976e-01 2.651380e-01 1.837955e+00
2.818383e+00 1.236468e-01 2.300813e-01 2.612009e-01 1.860794e+00
2.884032e+00 1.206143e-01 2.272719e-01 2.572942e-01 1.884286e+00
2.951209e+00 1.176187e-01 2.244691e-01 2.534177e-01 1.908448e+00
3.019952e+00 1.146604e-01 2.216729e-01 2.495714e-01 1.933299e+00
3.090295e+00 1.117401e-01 2.188831e-01 2.457553e-01 1.958859e+00
3.162278e+00 1.088583e-01 2.160997e-01 2.419694e-01 1.985146e+00
3.235937e+00 1.060155e-01 2.133226e-01 2.382138e-01 2.012182e+00
3.311311e+00 1.032123e-01 2.105518e-01 2.344885e-01 2.039987e+00
3.388442e+00 1.004493e-01 2.077874e-01 2.307936e-01 2.068581e+00
3.467369e+00 9.772683e-02 2.050296e-01 2.271292e-01 2.097987e+00
3.548134e+00 9.504557e-02 2.022785e-01 2.234955e-01 2.128226e+00
3.630781e+00 9.240598e-02 1.995342e-01 2.198926e-01 2.159321e+00
3.715352e+00 8.980857e-02 1.967971e-01 2.163207e-01 2.191295e+00
3.801894e+00 8.725381e-02 1.940673e-01 2.127801e-01 2.224170e+00
3.890451e+00 8.474214e-02 1.913454e-01 2.092708e-01 2.257972e+00
3.981072e+00 8.227399e-02 1.886315e-01 2.057932e-01 2.292723e+00
4.073803e+00 7.984976e-02 1.859262e-01 2.023475e-01 2.328450e+00
4.168694e+00 7.746982e-02 1.832298e-01 1.989340e-01 2.365177e+00
4.265795e+00 7.513451e-02 1.805430e-01 1.955530e-01 2.402930e+00
4.365158e+00 7.284412e-02 1.778661e-01 1.922046e-01 2.441736e+00
4.466836e+00 7.059891e-02 1.751998e-01 1.888893e-01 2.481621e+00
4.570882e+00 6.839912e-02 1.725446e-01 1.856073e-01 2.522614e+00
4.677351e+00 6.624493e-02 1.699011e-01 1.823589e-01 2.564741e+00
4.786301e+00 6.413647e-02 1.672699e-01 1.791444e-01 2.608032e+00
4.897788e+00 6.207385e-02 1.646518e-01 1.759642e-01 2.652515e+00
5.011872e+00 6.005712e-02 1.620474e-01 1.728184e-01 2.698221e+00
5.128614e+00 5.808629e-02 1.594573e-01 1.697075e-01 2.745179e+00
5.248075e+00 5.616132e-02 1.568822e-01 1.666317e-01 2.793421e+00
5.370318e+00 5.428213e-02 1.543229e-01 1.635913e-01 2.842978e+00
5.495409e+00 5.244859e-02 1.517801e-01 1.605866e-01 2.893882e+00
5.623413e+00 5.066053e-02 1.492544e-01 1.576177e-01 2.946167e+00
5.754399e+00 4.891773e-02 1.467465e-01 1.546851e-01 2.999864e+00
5.888437e+00 4.721992e-02 1.442572e-01 1.517889e-01 3.055009e+00
6.025596e+00 4.556679e-02 1.417872e-01 1.489293e-01 3.111635e+00
6.165950e+00 4.395799e-02 1.393371e-01 1.461066e-01 3.169779e+00
6.309573e+00 4.239314e-02 1.369077e-01 1.433209e-01 3.229477e+00
6.456542e+00 4.087180e-02 1.344995e-01 1.405724e-01 3.290765e+00
6.606934e+00 3.939349e-02 1.321132e-01 1.378613e-01 3.353680e+00
6.760830e+00 3.795772e-02 1.297494e-01 1.351876e-01 3.418262e+00
6.918310e+00 3.656393e-02 1.274088e-01 1.325516e-01 3.484548e+00
7.079458e+00 3.521155e-02 1.250918e-01 1.299532e-01 3.552580e+00
7.244360e+00 3.389998e-02 1.227992e-01 1.273925e-01 3.622397e+00
7.413102e+00 3.262857e-02 1.205313e-01 1.248696e-01 3.694040e+00
7.585776e+00 3.139667e-02 1.182886e-01 1.223844e-01 3.767553e+00
7.762471e+00 3.020360e-02 1.160718e-01 1.199371e-01 3.842978e+00
7.943282e+00 2.904863e-02 1.138811e-01 1.175275e-01 3.920359e+00
8.128305e+00 2.793104e-02 1.117169e-01 1.151556e-01 3.999741e+00
8.317638e+00 2.685009e-02 1.095798e-01 1.128214e-01 4.081170e+00
8.511380e+00 2.580502e-02 1.074700e-01 1.105246e-01 4.164693e+00
8.709636e+00 2.479504e-02 1.053877e-01 1.082653e-01 4.250357e+00
8.912509e+00 2.381937e-02 1.033334e-01 1.060432e-01 4.338211e+00
9.120108e+00 2.287721e-02 1.013073e-01 1.038582e-01 4.428305e+00
9.332543e+00 2.196777e-02 9.930947e-02 1.017101e-01 4.520689e+00
9.549926e+00 2.109024e-02 9.734023e-02 9.959879e-02 4.615417e+00
9.772372e+00 2.024380e-02 9.539970e-02 9.752391e-02 4.712540e+00
1.000000e+01 1.942764e-02 9.348800e-02 9.548528e-02 4.812113e+00
