1.000000e-06 2.596612e+01 6.110393e-02 2.596619e+01 2.353217e-03
1.023293e-06 2.596610e+01 6.252697e-02 2.596618e+01 2.408023e-03
1.047129e-06 2.596608e+01 6.398314e-02 2.596616e+01 2.464104e-03
1.071519e-06 2.596606e+01 6.547320e-02 2.596614e+01 2.521492e-03
1.096478e-06 2.596604e+01 6.699795e-02 2.596612e+01 2.580215e-03
1.122018e-06 2.596601e+01 6.855820e-02 2.596610e+01 2.640305e-03
1.148154e-06 2.596599e+01 7.015476e-02 2.596608e+01 2.701794e-03
1.174898e-06 2.596596e+01 7.178849e-02 2.596606e+01 2.764715e-03
1.202264e-06 2.596594e+01 7.346024e-02 2.596604e+01 2.829100e-03
1.230269e-06 2.596591e+01 7.517091e-02 2.596602e+01 2.894985e-03
1.258925e-06 2.596588e+01 7.692138e-02 2.596599e+01 2.962403e-03
1.288250e-06 2.596585e+01 7.871260e-02 2.596597e+01 3.031390e-03
1.318257e-06 2.596581e+01 8.054551e-02 2.596594e+01 3.101983e-03
1.348963e-06 2.596578e+01 8.242107e-02 2.596591e+01 3.174219e-03
1.380384e-06 2.596574e+01 8.434027e-02 2.596588e+01 3.248136e-03
1.412538e-06 2.596571e+01 8.630413e-02 2.596585e+01 3.323774e-03
1.445440e-06 2.596567e+01 8.831369e-02 2.596582e+01 3.401172e-03
1.479108e-06 2.596563e+01 9.037001e-02 2.596578e+01 3.480371e-03
1.513561e-06 2.596558e+01 9.247417e-02 2.596575e+01 3.561413e-03
1.548817e-06 2.596554e+01 9.462728e-02 2.596571e+01 3.644341e-03
1.584893e-06 2.596549e+01 9.683048e-02 2.596567e+01 3.729199e-03
1.621810e-06 2.596544e+01 9.908494e-02 2.596563e+01 3.816031e-03
1.659587e-06 2.596539e+01 1.013918e-01 2.596559e+01 3.904884e-03
1.698244e-06 2.596533e+01 1.037524e-01 2.596554e+01 3.995804e-03
1.737801e-06 2.596528e+01 1.061678e-01 2.596549e+01 4.088839e-03
1.778279e-06 2.596522e+01 1.086395e-01 2.596545e+01 4.184038e-03
1.819701e-06 2.596516e+01 1.111686e-01 2.596539e+01 4.281451e-03
1.862087e-06 2.596509e+01 1.137565e-01 2.596534e+01 4.381131e-03
1.905461e-06 2.596502e+01 1.164045e-01 2.596528e+01 4.483129e-03
1.949845e-06 2.596495e+01 1.191142e-01 2.596522e+01 4.587499e-03
1.995262e-06 2.596488e+01 1.218868e-01 2.596516e+01 4.694296e-03
2.041738e-06 2.596480e+01 1.247239e-01 2.596510e+01 4.803576e-03
2.089296e-06 2.596471e+01 1.276269e-01 2.596503e+01 4.915398e-03
2.137962e-06 2.596463e+01 1.305974e-01 2.596496e+01 5.029819e-03
2.187762e-06 2.596454e+01 1.336369e-01 2.596488e+01 5.146900e-03
2.238721e-06 2.596444e+01 1.367470e-01 2.596480e+01 5.266703e-03
2.290868e-06 2.596435e+01 1.399294e-01 2.596472e+01 5.389290e-03
2.344229e-06 2.596424e+01 1.431857e-01 2.596464e+01 5.514726e-03
2.398833e-06 2.596413e+01 1.465176e-01 2.596455e+01 5.643078e-03
2.454709e-06 2.596402e+01 1.499269e-01 2.596445e+01 5.774411e-03
2.511886e-06 2.596390e+01 1.534154e-01 2.596435e+01 5.908796e-03
2.570396e-06 2.596378e+01 1.569848e-01 2.596425e+01 6.046302e-03
2.630268e-06 2.596365e+01 1.606372e-01 2.596414e+01 6.187003e-03
2.691535e-06 2.596351e+01 1.643742e-01 2.596403e+01 6.330971e-03
2.754229e-06 2.596337e+01 1.681980e-01 2.596391e+01 6.478282e-03
2.818383e-06 2.596322e+01 1.721105e-01 2.596379e+01 6.629013e-03
2.884032e-06 2.596306e+01 1.761138e-01 2.596366e+01 6.783244e-03
2.951209e-06 2.596290e+01 1.802099e-01 2.596352e+01 6.941054e-03
3.019952e-06 2.596273e+01 1.844010e-01 2.596338e+01 7.102526e-03
3.090295e-06 2.596255e+01 1.886892e-01 2.596323e+01 7.267745e-03
3.162278e-06 2.596236e+01 1.930768e-01 2.596308e+01 7.436796e-03
3.235937e-06 2.596216e+01 1.975661e-01 2.596292e+01 7.609769e-03
3.311311e-06 2.596196e+01 2.021593e-01 2.596275e+01 7.786752e-03
3.388442e-06 2.596174e+01 2.068590e-01 2.596257e+01 7.967839e-03
3.467369e-06 2.596152e+01 2.116674e-01 2.596238e+01 8.153123e-03
3.548134e-06 2.596128e+01 2.165872e-01 2.596218e+01 8.342701e-03
3.630781e-06 2.596103e+01 2.216208e-01 2.596198e+01 8.536670e-03
3.715352e-06 2.596077e+01 2.267708e-01 2.596177e+01 8.735133e-03
3.801894e-06 2.596050e+01 2.320400e-01 2.596154e+01 8.938191e-03
3.890451e-06 2.596022e+01 2.374309e-01 2.596131e+01 9.145950e-03
3.981072e-06 2.595992e+01 2.429464e-01 2.596106e+01 9.358518e-03
4.073803e-06 2.595961e+01 2.485893e-01 2.596080e+01 9.576003e-03
4.168694e-06 2.595929e+01 2.543625e-01 2.596053e+01 9.798518e-03
4.265795e-06 2.595895e+01 2.602690e-01 2.596025e+01 1.002618e-02
4.365158e-06 2.595859e+01 2.663118e-01 2.595996e+01 1.025910e-02
4.466836e-06 2.595822e+01 2.724939e-01 2.595965e+01 1.049740e-02
4.570882e-06 2.595783e+01 2.788185e-01 2.595932e+01 1.074121e-02
4.677351e-06 2.595742e+01 2.852888e-01 2.595898e+01 1.099065e-02
4.786301e-06 2.595699e+01 2.919081e-01 2.595863e+01 1.124584e-02
4.897788e-06 2.595654e+01 2.986798e-01 2.595826e+01 1.150692e-02
5.011872e-06 2.595607e+01 3.056073e-01 2.595787e+01 1.177402e-02
5.128614e-06 2.595558e+01 3.126940e-01 2.595746e+01 1.204727e-02
5.248075e-06 2.595507e+01 3.199435e-01 2.595704e+01 1.232682e-02
5.370318e-06 2.595453e+01 3.273594e-01 2.595659e+01 1.261281e-02
5.495409e-06 2.595397e+01 3.349456e-01 2.595613e+01 1.290537e-02
5.623413e-06 2.595338e+01 3.427056e-01 2.595564e+01 1.320466e-02
5.754399e-06 2.595276e+01 3.506435e-01 2.595513e+01 1.351084e-02
5.888437e-06 2.595212e+01 3.587631e-01 2.595460e+01 1.382404e-02
6.025596e-06 2.595144e+01 3.670685e-01 2.595404e+01 1.414443e-02
6.165950e-06 2.595074e+01 3.755637e-01 2.595345e+01 1.447218e-02
6.309573e-06 2.595000e+01 3.842529e-01 2.595284e+01 1.480743e-02
6.456542e-06 2.594923e+01 3.931403e-01 2.595220e+01 1.515037e-02
6.606934e-06 2.594842e+01 4.022304e-01 2.595153e+01 1.550115e-02
6.760830e-06 2.594757e+01 4.115274e-01 2.595083e+01 1.585996e-02
6.918310e-06 2.594668e+01 4.210359e-01 2.595010e+01 1.622697e-02
7.079458e-06 2.594576e+01 4.307605e-01 2.594933e+01 1.660235e-02
7.244360e-06 2.594479e+01 4.407059e-01 2.594853e+01 1.698630e-02
7.413102e-06 2.594378e+01 4.508766e-01 2.594769e+01 1.737899e-02
7.585776e-06 2.594271e+01 4.612777e-01 2.594682e+01 1.778063e-02
7.762471e-06 2.594161e+01 4.719139e-01 2.594590e+01 1.819139e-02
7.943282e-06 2.594045e+01 4.827904e-01 2.594494e+01 1.861149e-02
8.128305e-06 2.593923e+01 4.939121e-01 2.594393e+01 1.904112e-02
8.317638e-06 2.593796e+01 5.052842e-01 2.594288e+01 1.948049e-02
8.511380e-06 2.593664e+01 5.169120e-01 2.594179e+01 1.992980e-02
8.709636e-06 2.593525e+01 5.288007e-01 2.594064e+01 2.038927e-02
8.912509e-06 2.593380e+01 5.409558e-01 2.593944e+01 2.085911e-02
9.120108e-06 2.593228e+01 5.533829e-01 2.593818e+01 2.133954e-02
9.332543e-06 2.593069e+01 5.660873e-01 2.593687e+01 2.183078e-02
9.549926e-06 2.592903e+01 5.790749e-01 2.593550e+01 2.233307e-02
9.772372e-06 2.592730e+01 5.923513e-01 2.593406e+01 2.284662e-02
1.000000e-05 2.592549e+01 6.059223e-01 2.593257e+01 2.337168e-02
1.023293e-05 2.592359e+01 6.197938e-01 2.593100e+01 2.390848e-02
1.047129e-05 2.592161e+01 6.339718e-01 2.592936e+01 2.445727e-02
1.071519e-05 2.591954e+01 6.484623e-01 2.592765e+01 2.501828e-02
1.096478e-05 2.591738e+01 6.632713e-01 2.592587e+01 2.559176e-02
1.122018e-05 2.591512e+01 6.784051e-01 2.592400e+01 2.617797e-02
1.148154e-05 2.591276e+01 6.938700e-01 2.592205e+01 2.677715e-02
1.174898e-05 2.591029e+01 7.096720e-01 2.592001e+01 2.738958e-02
1.202264e-05 2.590772e+01 7.258178e-01 2.591788e+01 2.801550e-02
1.230269e-05 2.590503e+01 7.423135e-01 2.591566e+01 2.865519e-02
1.258925e-05 2.590222e+01 7.591658e-01 2.591334e+01 2.930891e-02
1.288250e-05 2.589928e+01 7.763811e-01 2.591092e+01 2.997693e-02
1.318257e-05 2.589622e+01 7.939659e-01 2.590839e+01 3.065953e-02
1.348963e-05 2.589302e+01 8.119269e-01 2.590575e+01 3.135698e-02
1.380384e-05 2.588968e+01 8.302706e-01 2.590299e+01 3.206956e-02
1.412538e-05 2.588620e+01 8.490038e-01 2.590012e+01 3.279755e-02
1.445440e-05 2.588256e+01 8.681332e-01 2.589712e+01 3.354124e-02
1.479108e-05 2.587877e+01 8.876653e-01 2.589399e+01 3.430091e-02
1.513561e-05 2.587481e+01 9.076070e-01 2.589073e+01 3.507685e-02
1.548817e-05 2.587069e+01 9.279650e-01 2.588732e+01 3.586936e-02
1.584893e-05 2.586638e+01 9.487460e-01 2.588378e+01 3.667873e-02
1.621810e-05 2.586189e+01 9.699567e-01 2.588008e+01 3.750525e-02
1.659587e-05 2.585722e+01 9.916039e-01 2.587622e+01 3.834921e-02
1.698244e-05 2.585234e+01 1.013694e+00 2.587220e+01 3.921093e-02
1.737801e-05 2.584726e+01 1.036234e+00 2.586802e+01 4.009069e-02
1.778279e-05 2.584196e+01 1.059231e+00 2.586366e+01 4.098880e-02
1.819701e-05 2.583644e+01 1.082690e+00 2.585912e+01 4.190555e-02
1.862087e-05 2.583070e+01 1.106620e+00 2.585439e+01 4.284126e-02
1.905461e-05 2.582471e+01 1.131025e+00 2.584947e+01 4.379623e-02
1.949845e-05 2.581849e+01 1.155913e+00 2.584435e+01 4.477075e-02
1.995262e-05 2.581200e+01 1.181290e+00 2.583902e+01 4.576514e-02
2.041738e-05 2.580526e+01 1.207162e+00 2.583348e+01 4.677970e-02
2.089296e-05 2.579824e+01 1.233536e+00 2.582771e+01 4.781474e-02
2.137962e-05 2.579094e+01 1.260418e+00 2.582172e+01 4.887056e-02
2.187762e-05 2.578335e+01 1.287813e+00 2.581549e+01 4.994747e-02
2.238721e-05 2.577546e+01 1.315728e+00 2.580902e+01 5.104577e-02
2.290868e-05 2.576726e+01 1.344169e+00 2.580229e+01 5.216578e-02
2.344229e-05 2.575874e+01 1.373141e+00 2.579531e+01 5.330779e-02
2.398833e-05 2.574989e+01 1.402651e+00 2.578806e+01 5.447212e-02
2.454709e-05 2.574070e+01 1.432704e+00 2.578054e+01 5.565908e-02
2.511886e-05 2.573116e+01 1.463304e+00 2.577273e+01 5.686897e-02
2.570396e-05 2.572126e+01 1.494459e+00 2.576464e+01 5.810209e-02
2.630268e-05 2.571098e+01 1.526172e+00 2.575624e+01 5.935877e-02
2.691535e-05 2.570033e+01 1.558450e+00 2.574754e+01 6.063931e-02
2.754229e-05 2.568928e+01 1.591298e+00 2.573852e+01 6.194402e-02
2.818383e-05 2.567783e+01 1.624719e+00 2.572918e+01 6.327322e-02
2.884032e-05 2.566597e+01 1.658720e+00 2.571951e+01 6.462723e-02
2.951209e-05 2.565367e+01 1.693306e+00 2.570950e+01 6.600635e-02
3.019952e-05 2.564095e+01 1.728480e+00 2.569914e+01 6.741093e-02
3.090295e-05 2.562777e+01 1.764248e+00 2.568842e+01 6.884127e-02
3.162278e-05 2.561413e+01 1.800615e+00 2.567734e+01 7.029772e-02
3.235937e-05 2.560002e+01 1.837585e+00 2.566589e+01 7.178061e-02
3.311311e-05 2.558543e+01 1.875164e+00 2.565406e+01 7.329029e-02
3.388442e-05 2.557035e+01 1.913355e+00 2.564183e+01 7.482710e-02
3.467369e-05 2.555476e+01 1.952163e+00 2.562921e+01 7.639139e-02
3.548134e-05 2.553864e+01 1.991594e+00 2.561618e+01 7.798355e-02
3.630781e-05 2.552200e+01 2.031652e+00 2.560274e+01 7.960394e-02
3.715352e-05 2.550482e+01 2.072342e+00 2.558887e+01 8.125295e-02
3.801894e-05 2.548708e+01 2.113669e+00 2.557458e+01 8.293098e-02
3.890451e-05 2.546878e+01 2.155638e+00 2.555984e+01 8.463845e-02
3.981072e-05 2.544989e+01 2.198254e+00 2.554466e+01 8.637577e-02
4.073803e-05 2.543042e+01 2.241523e+00 2.552901e+01 8.814339e-02
4.168694e-05 2.541033e+01 2.285450e+00 2.551290e+01 8.994177e-02
4.265795e-05 2.538963e+01 2.330041e+00 2.549632e+01 9.177138e-02
4.365158e-05 2.536829e+01 2.375302e+00 2.547925e+01 9.363271e-02
4.466836e-05 2.534631e+01 2.421238e+00 2.546169e+01 9.552628e-02
4.570882e-05 2.532366e+01 2.467857e+00 2.544363e+01 9.745261e-02
4.677351e-05 2.530034e+01 2.515164e+00 2.542505e+01 9.941226e-02
4.786301e-05 2.527632e+01 2.563166e+00 2.540595e+01 1.014058e-01
4.897788e-05 2.525160e+01 2.611870e+00 2.538632e+01 1.034338e-01
5.011872e-05 2.522615e+01 2.661282e+00 2.536614e+01 1.054970e-01
5.128614e-05 2.519995e+01 2.711410e+00 2.534540e+01 1.075958e-01
5.248075e-05 2.517300e+01 2.762261e+00 2.532410e+01 1.097311e-01
5.370318e-05 2.514526e+01 2.813842e+00 2.530221e+01 1.119035e-01
5.495409e-05 2.511672e+01 2.866161e+00 2.527973e+01 1.141137e-01
5.623413e-05 2.508737e+01 2.919225e+00 2.525664e+01 1.163623e-01
5.754399e-05 2.505716e+01 2.973040e+00 2.523292e+01 1.186503e-01
5.888437e-05 2.502610e+01 3.027614e+00 2.520857e+01 1.209783e-01
6.025596e-05 2.499414e+01 3.082955e+00 2.518356e+01 1.233471e-01
6.165950e-05 2.496126e+01 3.139068e+00 2.515787e+01 1.257576e-01
6.309573e-05 2.492745e+01 3.195960e+00 2.513149e+01 1.282105e-01
6.456542e-05 2.489266e+01 3.253636e+00 2.510440e+01 1.307066e-01
6.606934e-05 2.485688e+01 3.312103e+00 2.507657e+01 1.332470e-01
6.760830e-05 2.482006e+01 3.371365e+00 2.504799e+01 1.358322e-01
6.918310e-05 2.478219e+01 3.431426e+00 2.501862e+01 1.384634e-01
7.079458e-05 2.474322e+01 3.492288e+00 2.498846e+01 1.411412e-01
7.244360e-05 2.470312e+01 3.553954e+00 2.495746e+01 1.438666e-01
7.413102e-05 2.466186e+01 3.616425e+00 2.492560e+01 1.466404e-01
7.585776e-05 2.461939e+01 3.679701e+00 2.489286e+01 1.494635e-01
7.762471e-05 2.457568e+01 3.743779e+00 2.485921e+01 1.523367e-01
7.943282e-05 2.453069e+01 3.808657e+00 2.482460e+01 1.552609e-01
8.128305e-05 2.448438e+01 3.874330e+00 2.478901e+01 1.582368e-01
8.317638e-05 2.443670e+01 3.940790e+00 2.475241e+01 1.612652e-01
8.511380e-05 2.438761e+01 4.008029e+00 2.471476e+01 1.643470e-01
8.709636e-05 2.433706e+01 4.076036e+00 2.467603e+01 1.674827e-01
8.912509e-05 2.428500e+01 4.144797e+00 2.463617e+01 1.706731e-01
9.120108e-05 2.423140e+01 4.214298e+00 2.459514e+01 1.739189e-01
9.332543e-05 2.417619e+01 4.284518e+00 2.455291e+01 1.772206e-01
9.549926e-05 2.411933e+01 4.355438e+00 2.450943e+01 1.805787e-01
9.772372e-05 2.406078e+01 4.427032e+00 2.446466e+01 1.839937e-01
1.000000e-04 2.400047e+01 4.499274e+00 2.441856e+01 1.874661e-01
1.023293e-04 2.393836e+01 4.572134e+00 2.437108e+01 1.909961e-01
1.047129e-04 2.387440e+01 4.645577e+00 2.432218e+01 1.945840e-01
1.071519e-04 2.380853e+01 4.719566e+00 2.427180e+01 1.982300e-01
1.096478e-04 2.374071e+01 4.794060e+00 2.421991e+01 2.019342e-01
1.122018e-04 2.367087e+01 4.869016e+00 2.416646e+01 2.056965e-01
1.148154e-04 2.359899e+01 4.944383e+00 2.411139e+01 2.095168e-01
1.174898e-04 2.352499e+01 5.020111e+00 2.405466e+01 2.133948e-01
1.202264e-04 2.344884e+01 5.096143e+00 2.399623e+01 2.173302e-01
1.230269e-04 2.337049e+01 5.172418e+00 2.393604e+01 2.213226e-01
1.258925e-04 2.328990e+01 5.248874e+00 2.387405e+01 2.253712e-01
1.288250e-04 2.320702e+01 5.325441e+00 2.381021e+01 2.294754e-01
1.318257e-04 2.312181e+01 5.402048e+00 2.374448e+01 2.336343e-01
1.348963e-04 2.303423e+01 5.478617e+00 2.367681e+01 2.378468e-01
1.380384e-04 2.294426e+01 5.555071e+00 2.360715e+01 2.421116e-01
1.412538e-04 2.285185e+01 5.631324e+00 2.353548e+01 2.464275e-01
1.445440e-04 2.275698e+01 5.707288e+00 2.346174e+01 2.507929e-01
1.479108e-04 2.265963e+01 5.782874e+00 2.338590e+01 2.552060e-01
1.513561e-04 2.255978e+01 5.857986e+00 2.330793e+01 2.596650e-01
1.548817e-04 2.245741e+01 5.932526e+00 2.322779e+01 2.641678e-01
1.584893e-04 2.235252e+01 6.006394e+00 2.314545e+01 2.687122e-01
1.621810e-04 2.224509e+01 6.079487e+00 2.306088e+01 2.732957e-01
1.659587e-04 2.213514e+01 6.151698e+00 2.297407e+01 2.779155e-01
1.698244e-04 2.202266e+01 6.222920e+00 2.288498e+01 2.825689e-01
1.737801e-04 2.190768e+01 6.293042e+00 2.279361e+01 2.872528e-01
1.778279e-04 2.179020e+01 6.361955e+00 2.269994e+01 2.919640e-01
1.819701e-04 2.167027e+01 6.429546e+00 2.260397e+01 2.966989e-01
1.862087e-04 2.154791e+01 6.495703e+00 2.250570e+01 3.014540e-01
1.905461e-04 2.142316e+01 6.560313e+00 2.240512e+01 3.062253e-01
1.949845e-04 2.129607e+01 6.623264e+00 2.230224e+01 3.110088e-01
1.995262e-04 2.116669e+01 6.684446e+00 2.219708e+01 3.158003e-01
2.041738e-04 2.103509e+01 6.743749e+00 2.208966e+01 3.205953e-01
2.089296e-04 2.090133e+01 6.801066e+00 2.198000e+01 3.253891e-01
2.137962e-04 2.076550e+01 6.856292e+00 2.186812e+01 3.301771e-01
2.187762e-04 2.062767e+01 6.909326e+00 2.175407e+01 3.349542e-01
2.238721e-04 2.048794e+01 6.960069e+00 2.163789e+01 3.397153e-01
2.290868e-04 2.034641e+01 7.008429e+00 2.151963e+01 3.444553e-01
2.344229e-04 2.020317e+01 7.054317e+00 2.139933e+01 3.491688e-01
2.398833e-04 2.005834e+01 7.097649e+00 2.127707e+01 3.538503e-01
2.454709e-04 1.991204e+01 7.138349e+00 2.115290e+01 3.584942e-01
2.511886e-04 1.976438e+01 7.176346e+00 2.102690e+01 3.630950e-01
2.570396e-04 1.961549e+01 7.211575e+00 2.089915e+01 3.676469e-01
2.630268e-04 1.946551e+01 7.243979e+00 2.076972e+01 3.721443e-01
2.691535e-04 1.931457e+01 7.273511e+00 2.063871e+01 3.765816e-01
2.754229e-04 1.916281e+01 7.300129e+00 2.050622e+01 3.809530e-01
2.818383e-04 1.901037e+01 7.323799e+00 2.037234e+01 3.852529e-01
2.884032e-04 1.885739e+01 7.344498e+00 2.023717e+01 3.894758e-01
2.951209e-04 1.870403e+01 7.362211e+00 2.010082e+01 3.936163e-01
3.019952e-04 1.855042e+01 7.376931e+00 1.996340e+01 3.976691e-01
3.090295e-04 1.839673e+01 7.388660e+00 1.982503e+01 4.016291e-01
3.162278e-04 1.824308e+01 7.397409e+00 1.968582e+01 4.054912e-01
3.235937e-04 1.808963e+01 7.403199e+00 1.954590e+01 4.092509e-01
3.311311e-04 1.793653e+01 7.406060e+00 1.940538e+01 4.129037e-01
3.388442e-04 1.778392e+01 7.406027e+00 1.926439e+01 4.164453e-01
3.467369e-04 1.763192e+01 7.403149e+00 1.912306e+01 4.198719e-01
3.548134e-04 1.748069e+01 7.397479e+00 1.898150e+01 4.231799e-01
3.630781e-04 1.733036e+01 7.389079e+00 1.883984e+01 4.263663e-01
3.715352e-04 1.718104e+01 7.378019e+00 1.869821e+01 4.294280e-01
3.801894e-04 1.703286e+01 7.364376e+00 1.855673e+01 4.323629e-01
3.890451e-04 1.688594e+01 7.348233e+00 1.841552e+01 4.351688e-01
3.981072e-04 1.674038e+01 7.329679e+00 1.827470e+01 4.378442e-01
4.073803e-04 1.659630e+01 7.308810e+00 1.813438e+01 4.403880e-01
4.168694e-04 1.645378e+01 7.285726e+00 1.799469e+01 4.427995e-01
4.265795e-04 1.631292e+01 7.260532e+00 1.785572e+01 4.450787e-01
4.365158e-04 1.617380e+01 7.233337e+00 1.771758e+01 4.472257e-01
4.466836e-04 1.603649e+01 7.204252e+00 1.758039e+01 4.492413e-01
4.570882e-04 1.590106e+01 7.173392e+00 1.744423e+01 4.511268e-01
4.677351e-04 1.576757e+01 7.140876e+00 1.730920e+01 4.528838e-01
4.786301e-04 1.563607e+01 7.106821e+00 1.717538e+01 4.545146e-01
4.897788e-04 1.550661e+01 7.071348e+00 1.704285e+01 4.560216e-01
5.011872e-04 1.537921e+01 7.034577e+00 1.691170e+01 4.574081e-01
5.128614e-04 1.525393e+01 6.996629e+00 1.678199e+01 4.586773e-01
5.248075e-04 1.513076e+01 6.957625e+00 1.665378e+01 4.598332e-01
5.370318e-04 1.500973e+01 6.917683e+00 1.652714e+01 4.608800e-01
5.495409e-04 1.489084e+01 6.876922e+00 1.640211e+01 4.618223e-01
5.623413e-04 1.477410e+01 6.835457e+00 1.627874e+01 4.626649e-01
5.754399e-04 1.465949e+01 6.793403e+00 1.615708e+01 4.634132e-01
5.888437e-04 1.454702e+01 6.750870e+00 1.603714e+01 4.640725e-01
6.025596e-04 1.443665e+01 6.707967e+00 1.591897e+01 4.646486e-01
6.165950e-04 1.432836e+01 6.664799e+00 1.580258e+01 4.651474e-01
6.309573e-04 1.422213e+01 6.621468e+00 1.568798e+01 4.655751e-01
6.456542e-04 1.411791e+01 6.578070e+00 1.557519e+01 4.659379e-01
6.606934e-04 1.401568e+01 6.534701e+00 1.546421e+01 4.662421e-01
6.760830e-04 1.391539e+01 6.491450e+00 1.535503e+01 4.664943e-01
6.918310e-04 1.381699e+01 6.448402e+00 1.524766e+01 4.667009e-01
7.079458e-04 1.372043e+01 6.405637e+00 1.514207e+01 4.668686e-01
7.244360e-04 1.362566e+01 6.363233e+00 1.503826e+01 4.670038e-01
7.413102e-04 1.353261e+01 6.321261e+00 1.493620e+01 4.671131e-01
7.585776e-04 1.344124e+01 6.279787e+00 1.483586e+01 4.672029e-01
7.762471e-04 1.335148e+01 6.238874e+00 1.473722e+01 4.672796e-01
7.943282e-04 1.326326e+01 6.198579e+00 1.464024e+01 4.673495e-01
8.128305e-04 1.317653e+01 6.158956e+00 1.454488e+01 4.674187e-01
8.317638e-04 1.309121e+01 6.120051e+00 1.445112e+01 4.674932e-01
8.511380e-04 1.300724e+01 6.081909e+00 1.435890e+01 4.675788e-01
8.709636e-04 1.292455e+01 6.044569e+00 1.426817e+01 4.676812e-01
8.912509e-04 1.284307e+01 6.008063e+00 1.417890e+01 4.678059e-01
9.120108e-04 1.276274e+01 5.972424e+00 1.409103e+01 4.679580e-01
9.332543e-04 1.268348e+01 5.937675e+00 1.400452e+01 4.681425e-01
9.549926e-04 1.260522e+01 5.903838e+00 1.391930e+01 4.683644e-01
9.772372e-04 1.252791e+01 5.870930e+00 1.383533e+01 4.686280e-01
1.000000e-03 1.245147e+01 5.838965e+00 1.375255e+01 4.689377e-01
1.023293e-03 1.237584e+01 5.807952e+00 1.367091e+01 4.692975e-01
1.047129e-03 1.230096e+01 5.777897e+00 1.359035e+01 4.697112e-01
1.071519e-03 1.222675e+01 5.748802e+00 1.351081e+01 4.701824e-01
1.096478e-03 1.215316e+01 5.720665e+00 1.343225e+01 4.707143e-01
1.122018e-03 1.208013e+01 5.693483e+00 1.335459e+01 4.713099e-01
1.148154e-03 1.200759e+01 5.667248e+00 1.327780e+01 4.719720e-01
1.174898e-03 1.193550e+01 5.641950e+00 1.320181e+01 4.727032e-01
1.202264e-03 1.186380e+01 5.617576e+00 1.312657e+01 4.735057e-01
1.230269e-03 1.179243e+01 5.594110e+00 1.305203e+01 4.743815e-01
1.258925e-03 1.172135e+01 5.571535e+00 1.297813e+01 4.753324e-01
1.288250e-03 1.165050e+01 5.549831e+00 1.290483e+01 4.763600e-01
1.318257e-03 1.157984e+01 5.528976e+00 1.283208e+01 4.774658e-01
1.348963e-03 1.150933e+01 5.508946e+00 1.275982e+01 4.786507e-01
1.380384e-03 1.143892e+01 5.489716e+00 1.268802e+01 4.799157e-01
1.412538e-03 1.136857e+01 5.471259e+00 1.261662e+01 4.812617e-01
1.445440e-03 1.129826e+01 5.453546e+00 1.254559e+01 4.826892e-01
1.479108e-03 1.122793e+01 5.436549e+00 1.247488e+01 4.841985e-01
1.513561e-03 1.115757e+01 5.420236e+00 1.240445e+01 4.857898e-01
1.548817e-03 1.108714e+01 5.404577e+00 1.233427e+01 4.874634e-01
1.584893e-03 1.101662e+01 5.389539e+00 1.226430e+01 4.892190e-01
1.621810e-03 1.094597e+01 5.375090e+00 1.219450e+01 4.910565e-01
1.659587e-03 1.087518e+01 5.361197e+00 1.212485e+01 4.929755e-01
1.698244e-03 1.080422e+01 5.347826e+00 1.205531e+01 4.949755e-01
1.737801e-03 1.073308e+01 5.334944e+00 1.198585e+01 4.970561e-01
1.778279e-03 1.066174e+01 5.322517e+00 1.191646e+01 4.992165e-01
1.819701e-03 1.059018e+01 5.310511e+00 1.184709e+01 5.014560e-01
1.862087e-03 1.051840e+01 5.298893e+00 1.177773e+01 5.037736e-01
1.905461e-03 1.044638e+01 5.287629e+00 1.170837e+01 5.061686e-01
1.949845e-03 1.037411e+01 5.276686e+00 1.163897e+01 5.086398e-01
1.995262e-03 1.030159e+01 5.266031e+00 1.156952e+01 5.111863e-01
2.041738e-03 1.022881e+01 5.255631e+00 1.150001e+01 5.138068e-01
2.089296e-03 1.015576e+01 5.245454e+00 1.143041e+01 5.165003e-01
2.137962e-03 1.008245e+01 5.235470e+00 1.136072e+01 5.192654e-01
2.187762e-03 1.000888e+01 5.225646e+00 1.129093e+01 5.221009e-01
2.238721e-03 9.935045e+00 5.215954e+00 1.122102e+01 5.250055e-01
2.290868e-03 9.860948e+00 5.206362e+00 1.115099e+01 5.279779e-01
2.344229e-03 9.786594e+00 5.196844e+00 1.108082e+01 5.310166e-01
2.398833e-03 9.711987e+00 5.187369e+00 1.101052e+01 5.341202e-01
2.454709e-03 9.637136e+00 5.177912e+00 1.094007e+01 5.372874e-01
2.511886e-03 9.562047e+00 5.168445e+00 1.086948e+01 5.405166e-01
2.570396e-03 9.486730e+00 5.158944e+00 1.079874e+01 5.438063e-01
2.630268e-03 9.411193e+00 5.149383e+00 1.072785e+01 5.471552e-01
2.691535e-03 9.335448e+00 5.139739e+00 1.065681e+01 5.505616e-01
2.754229e-03 9.259507e+00 5.129990e+00 1.058562e+01 5.540241e-01
2.818383e-03 9.183383e+00 5.120113e+00 1.051428e+01 5.575411e-01
2.884032e-03 9.107088e+00 5.110089e+00 1.044280e+01 5.611112e-01
2.951209e-03 9.030638e+00 5.099897e+00 1.037118e+01 5.647328e-01
3.019952e-03 8.954047e+00 5.089520e+00 1.029943e+01 5.684044e-01
3.090295e-03 8.877331e+00 5.078939e+00 1.022754e+01 5.721246e-01
3.162278e-03 8.800506e+00 5.068139e+00 1.015554e+01 5.758918e-01
3.235937e-03 8.723589e+00 5.057105e+00 1.008342e+01 5.797047e-01
3.311311e-03 8.646597e+00 5.045823e+00 1.001119e+01 5.835617e-01
3.388442e-03 8.569547e+00 5.034279e+00 9.938869e+00 5.874615e-01
3.467369e-03 8.492458e+00 5.022464e+00 9.866458e+00 5.914028e-01
3.548134e-03 8.415348e+00 5.010365e+00 9.793969e+00 5.953842e-01
3.630781e-03 8.338234e+00 4.997975e+00 9.721414e+00 5.994045e-01
3.715352e-03 8.261134e+00 4.985284e+00 9.648803e+00 6.034624e-01
3.801894e-03 8.184068e+00 4.972287e+00 9.576147e+00 6.075569e-01
3.890451e-03 8.107053e+00 4.958977e+00 9.503460e+00 6.116867e-01
3.981072e-03 8.030106e+00 4.945349e+00 9.430752e+00 6.158510e-01
4.073803e-03 7.953247e+00 4.931401e+00 9.358037e+00 6.200488e-01
4.168694e-03 7.876492e+00 4.917130e+00 9.285326e+00 6.242791e-01
4.265795e-03 7.799858e+00 4.902533e+00 9.212634e+00 6.285413e-01
4.365158e-03 7.723362e+00 4.887611e+00 9.139971e+00 6.328347e-01
4.466836e-03 7.647020e+00 4.872364e+00 9.067351e+00 6.371585e-01
4.570882e-03 7.570848e+00 4.856793e+00 8.994786e+00 6.415124e-01
4.677351e-03 7.494861e+00 4.840899e+00 8.922289e+00 6.458958e-01
4.786301e-03 7.419072e+00 4.824686e+00 8.849872e+00 6.503085e-01
4.897788e-03 7.343497e+00 4.808156e+00 8.777546e+00 6.547503e-01
5.011872e-03 7.268147e+00 4.791314e+00 8.705323e+00 6.592208e-01
5.128614e-03 7.193035e+00 4.774163e+00 8.633214e+00 6.637202e-01
5.248075e-03 7.118173e+00 4.756708e+00 8.561230e+00 6.682484e-01
5.370318e-03 7.043572e+00 4.738954e+00 8.489381e+00 6.728056e-01
5.495409e-03 6.969241e+00 4.720906e+00 8.417676e+00 6.773918e-01
5.623413e-03 6.895190e+00 4.702570e+00 8.346125e+00 6.820074e-01
5.754399e-03 6.821427e+00 4.683951e+00 8.274737e+00 6.866527e-01
5.888437e-03 6.747962e+00 4.665055e+00 8.203519e+00 6.913280e-01
6.025596e-03 6.674800e+00 4.645887e+00 8.132479e+00 6.960338e-01
6.165950e-03 6.601950e+00 4.626452e+00 8.061625e+00 7.007706e-01
6.309573e-03 6.529416e+00 4.606756e+00 7.990962e+00 7.055388e-01
6.456542e-03 6.457205e+00 4.586804e+00 7.920497e+00 7.103390e-01
6.606934e-03 6.385321e+00 4.566602e+00 7.850234e+00 7.151718e-01
6.760830e-03 6.313770e+00 4.546153e+00 7.780180e+00 7.200377e-01
6.918310e-03 6.242556e+00 4.525462e+00 7.710338e+00 7.249373e-01
7.079458e-03 6.171683e+00 4.504533e+00 7.640712e+00 7.298711e-01
7.244360e-03 6.101154e+00 4.483370e+00 7.571307e+00 7.348396e-01
7.413102e-03 6.030973e+00 4.461976e+00 7.502124e+00 7.398435e-01
7.585776e-03 5.961143e+00 4.440355e+00 7.433168e+00 7.448831e-01
7.762471e-03 5.891668e+00 4.418509e+00 7.364440e+00 7.499588e-01
7.943282e-03 5.822551e+00 4.396440e+00 7.295944e+00 7.550711e-01
8.128305e-03 5.753795e+00 4.374152e+00 7.227680e+00 7.602203e-01
8.317638e-03 5.685403e+00 4.351645e+00 7.159653e+00 7.654067e-01
8.511380e-03 5.617378e+00 4.328922e+00 7.091862e+00 7.706304e-01
8.709636e-03 5.549724e+00 4.305984e+00 7.024311e+00 7.758915e-01
8.912509e-03 5.482445e+00 4.282832e+00 6.957000e+00 7.811901e-01
9.120108e-03 5.415543e+00 4.259467e+00 6.889932e+00 7.865262e-01
9.332543e-03 5.349024e+00 4.235890e+00 6.823109e+00 7.918997e-01
9.549926e-03 5.282890e+00 4.212102e+00 6.756532e+00 7.973103e-01
9.772372e-03 5.217146e+00 4.188105e+00 6.690204e+00 8.027578e-01
1.000000e-02 5.151797e+00 4.163898e+00 6.624127e+00 8.082418e-01
1.023293e-02 5.086848e+00 4.139482e+00 6.558302e+00 8.137618e-01
1.047129e-02 5.022302e+00 4.114859e+00 6.492733e+00 8.193173e-01
1.071519e-02 4.958166e+00 4.090030e+00 6.427422e+00 8.249077e-01
1.096478e-02 4.894445e+00 4.064995e+00 6.362372e+00 8.305324e-01
1.122018e-02 4.831144e+00 4.039757e+00 6.297586e+00 8.361905e-01
1.148154e-02 4.768269e+00 4.014316e+00 6.233067e+00 8.418812e-01
1.174898e-02 4.705826e+00 3.988675e+00 6.168818e+00 8.476036e-01
1.202264e-02 4.643819e+00 3.962835e+00 6.104844e+00 8.533568e-01
1.230269e-02 4.582257e+00 3.936799e+00 6.041147e+00 8.591397e-01
1.258925e-02 4.521143e+00 3.910568e+00 5.977732e+00 8.649512e-01
1.288250e-02 4.460485e+00 3.884147e+00 5.914603e+00 8.707903e-01
1.318257e-02 4.400289e+00 3.857538e+00 5.851764e+00 8.766557e-01
1.348963e-02 4.340560e+00 3.830744e+00 5.789219e+00 8.825462e-01
1.380384e-02 4.281304e+00 3.803770e+00 5.726974e+00 8.884605e-01
1.412538e-02 4.222528e+00 3.776618e+00 5.665032e+00 8.943974e-01
1.445440e-02 4.164236e+00 3.749293e+00 5.603397e+00 9.003556e-01
1.479108e-02 4.106435e+00 3.721800e+00 5.542076e+00 9.063336e-01
1.513561e-02 4.049130e+00 3.694143e+00 5.481072e+00 9.123300e-01
1.548817e-02 3.992327e+00 3.666328e+00 5.420391e+00 9.183435e-01
1.584893e-02 3.936030e+00 3.638358e+00 5.360036e+00 9.243726e-01
1.621810e-02 3.880244e+00 3.610241e+00 5.300013e+00 9.304158e-01
1.659587e-02 3.824975e+00 3.581980e+00 5.240326e+00 9.364716e-01
1.698244e-02 3.770226e+00 3.553583e+00 5.180980e+00 9.425384e-01
1.737801e-02 3.716002e+00 3.525054e+00 5.121980e+00 9.486146e-01
1.778279e-02 3.662307e+00 3.496400e+00 5.063329e+00 9.546988e-01
1.819701e-02 3.609144e+00 3.467627e+00 5.005033e+00 9.607891e-01
1.862087e-02 3.556518e+00 3.438741e+00 4.947096e+00 9.668840e-01
1.905461e-02 3.504432e+00 3.409748e+00 4.889522e+00 9.729817e-01
1.949845e-02 3.452888e+00 3.380655e+00 4.832314e+00 9.790803e-01
1.995262e-02 3.401890e+00 3.351468e+00 4.775478e+00 9.851782e-01
2.041738e-02 3.351440e+00 3.322193e+00 4.719016e+00 9.912734e-01
2.089296e-02 3.301541e+00 3.292837e+00 4.662934e+00 9.973639e-01
2.137962e-02 3.252195e+00 3.263408e+00 4.607233e+00 1.003448e+00
2.187762e-02 3.203404e+00 3.233910e+00 4.551919e+00 1.009523e+00
2.238721e-02 3.155170e+00 3.204351e+00 4.496995e+00 1.015587e+00
2.290868e-02 3.107495e+00 3.174737e+00 4.442463e+00 1.021639e+00
2.344229e-02 3.060380e+00 3.145075e+00 4.388328e+00 1.027675e+00
2.398833e-02 3.013826e+00 3.115372e+00 4.334592e+00 1.033693e+00
2.454709e-02 2.967835e+00 3.085634e+00 4.281259e+00 1.039692e+00
2.511886e-02 2.922409e+00 3.055867e+00 4.228333e+00 1.045667e+00
2.570396e-02 2.877546e+00 3.026079e+00 4.175815e+00 1.051618e+00
2.630268e-02 2.833249e+00 2.996277e+00 4.123709e+00 1.057541e+00
2.691535e-02 2.789518e+00 2.966466e+00 4.072018e+00 1.063433e+00
2.754229e-02 2.746352e+00 2.936654e+00 4.020744e+00 1.069292e+00
2.818383e-02 2.703753e+00 2.906847e+00 3.969892e+00 1.075115e+00
2.884032e-02 2.661721e+00 2.877051e+00 3.919462e+00 1.080899e+00
2.951209e-02 2.620254e+00 2.847275e+00 3.869458e+00 1.086641e+00
3.019952e-02 2.579354e+00 2.817524e+00 3.819883e+00 1.092337e+00
3.090295e-02 2.539019e+00 2.787806e+00 3.770740e+00 1.097985e+00
3.162278e-02 2.499248e+00 2.758126e+00 3.722029e+00 1.103582e+00
3.235937e-02 2.460042e+00 2.728493e+00 3.673755e+00 1.109124e+00
3.311311e-02 2.421398e+00 2.698912e+00 3.625920e+00 1.114609e+00
3.388442e-02 2.383316e+00 2.669390e+00 3.578525e+00 1.120032e+00
3.467369e-02 2.345794e+00 2.639935e+00 3.531573e+00 1.125391e+00
3.548134e-02 2.308831e+00 2.610553e+00 3.485066e+00 1.130682e+00
3.630781e-02 2.272424e+00 2.581251e+00 3.439007e+00 1.135902e+00
3.715352e-02 2.236572e+00 2.552036e+00 3.393397e+00 1.141048e+00
3.801894e-02 2.201272e+00 2.522914e+00 3.348237e+00 1.146116e+00
3.890451e-02 2.166523e+00 2.493892e+00 3.303531e+00 1.151103e+00
3.981072e-02 2.132320e+00 2.464976e+00 3.259279e+00 1.156006e+00
4.073803e-02 2.098662e+00 2.436174e+00 3.215483e+00 1.160822e+00
4.168694e-02 2.065546e+00 2.407492e+00 3.172144e+00 1.165548e+00
4.265795e-02 2.032967e+00 2.378936e+00 3.129264e+00 1.170179e+00
4.365158e-02 2.000923e+00 2.350512e+00 3.086843e+00 1.174714e+00
4.466836e-02 1.969410e+00 2.322227e+00 3.044883e+00 1.179149e+00
4.570882e-02 1.938423e+00 2.294087e+00 3.003385e+00 1.183481e+00
4.677351e-02 1.907960e+00 2.266098e+00 2.962349e+00 1.187707e+00
4.786301e-02 1.878015e+00 2.238266e+00 2.921776e+00 1.191825e+00
4.897788e-02 1.848584e+00 2.210596e+00 2.881666e+00 1.195832e+00
5.011872e-02 1.819662e+00 2.183095e+00 2.842019e+00 1.199725e+00
5.128614e-02 1.791245e+00 2.155767e+00 2.802836e+00 1.203502e+00
5.248075e-02 1.763327e+00 2.128618e+00 2.764116e+00 1.207160e+00
5.370318e-02 1.735904e+00 2.101654e+00 2.725860e+00 1.210697e+00
5.495409e-02 1.708971e+00 2.074878e+00 2.688066e+00 1.214110e+00
5.623413e-02 1.682521e+00 2.048297e+00 2.650735e+00 1.217398e+00
5.754399e-02 1.656549e+00 2.021914e+00 2.613865e+00 1.220558e+00
5.888437e-02 1.631050e+00 1.995735e+00 2.577456e+00 1.223589e+00
6.025596e-02 1.606017e+00 1.969763e+00 2.541507e+00 1.226490e+00
6.165950e-02 1.581446e+00 1.944003e+00 2.506017e+00 1.229257e+00
6.309573e-02 1.557329e+00 1.918459e+00 2.470984e+00 1.231890e+00
6.456542e-02 1.533662e+00 1.893134e+00 2.436406e+00 1.234388e+00
6.606934e-02 1.510437e+00 1.868032e+00 2.402283e+00 1.236750e+00
6.760830e-02 1.487649e+00 1.843157e+00 2.368613e+00 1.238973e+00
6.918310e-02 1.465291e+00 1.818512e+00 2.335394e+00 1.241058e+00
7.079458e-02 1.443357e+00 1.794099e+00 2.302623e+00 1.243004e+00
7.244360e-02 1.421841e+00 1.769923e+00 2.270299e+00 1.244810e+00
7.413102e-02 1.400737e+00 1.745984e+00 2.238420e+00 1.246475e+00
7.585776e-02 1.380037e+00 1.722287e+00 2.206983e+00 1.248000e+00
7.762471e-02 1.359736e+00 1.698833e+00 2.175986e+00 1.249384e+00
7.943282e-02 1.339827e+00 1.675625e+00 2.145427e+00 1.250628e+00
8.128305e-02 1.320304e+00 1.652665e+00 2.115302e+00 1.251731e+00
8.317638e-02 1.301159e+00 1.629954e+00 2.085609e+00 1.252693e+00
8.511380e-02 1.282388e+00 1.607494e+00 2.056346e+00 1.253517e+00
8.709636e-02 1.263983e+00 1.585288e+00 2.027508e+00 1.254201e+00
8.912509e-02 1.245937e+00 1.563336e+00 1.999095e+00 1.254747e+00
9.120108e-02 1.228245e+00 1.541640e+00 1.971101e+00 1.255157e+00
9.332543e-02 1.210899e+00 1.520201e+00 1.943525e+00 1.255431e+00
9.549926e-02 1.193894e+00 1.499020e+00 1.916362e+00 1.255572e+00
9.772372e-02 1.177223e+00 1.478098e+00 1.889611e+00 1.255580e+00
1.000000e-01 1.160880e+00 1.457436e+00 1.863266e+00 1.255457e+00
1.023293e-01 1.144858e+00 1.437034e+00 1.837326e+00 1.255207e+00
1.047129e-01 1.129151e+00 1.416893e+00 1.811786e+00 1.254830e+00
1.071519e-01 1.113753e+00 1.397013e+00 1.786642e+00 1.254329e+00
1.096478e-01 1.098657e+00 1.377395e+00 1.761892e+00 1.253708e+00
1.122018e-01 1.083857e+00 1.358039e+00 1.737532e+00 1.252969e+00
1.148154e-01 1.069347e+00 1.338945e+00 1.713557e+00 1.252114e+00
1.174898e-01 1.055121e+00 1.320113e+00 1.689964e+00 1.251148e+00
1.202264e-01 1.041172e+00 1.301542e+00 1.666748e+00 1.250074e+00
1.230269e-01 1.027494e+00 1.283233e+00 1.643907e+00 1.248896e+00
1.258925e-01 1.014081e+00 1.265185e+00 1.621436e+00 1.247617e+00
1.288250e-01 1.000928e+00 1.247398e+00 1.599331e+00 1.246242e+00
1.318257e-01 9.880275e-01 1.229871e+00 1.577587e+00 1.244774e+00
1.348963e-01 9.753741e-01 1.212603e+00 1.556201e+00 1.243218e+00
1.380384e-01 9.629618e-01 1.195594e+00 1.535168e+00 1.241580e+00
1.412538e-01 9.507846e-01 1.178843e+00 1.514484e+00 1.239863e+00
1.445440e-01 9.388366e-01 1.162348e+00 1.494144e+00 1.238073e+00
1.479108e-01 9.271119e-01 1.146109e+00 1.474144e+00 1.236214e+00
1.513561e-01 9.156049e-01 1.130124e+00 1.454480e+00 1.234292e+00
1.548817e-01 9.043097e-01 1.114392e+00 1.435147e+00 1.232313e+00
1.584893e-01 8.932206e-01 1.098913e+00 1.416140e+00 1.230281e+00
1.621810e-01 8.823320e-01 1.083683e+00 1.397454e+00 1.228203e+00
1.659587e-01 8.716382e-01 1.068701e+00 1.379085e+00 1.226084e+00
1.698244e-01 8.611339e-01 1.053967e+00 1.361028e+00 1.223929e+00
1.737801e-01 8.508135e-01 1.039478e+00 1.343279e+00 1.221746e+00
1.778279e-01 8.406716e-01 1.025231e+00 1.325831e+00 1.219538e+00
1.819701e-01 8.307030e-01 1.011226e+00 1.308681e+00 1.217314e+00
1.862087e-01 8.209023e-01 9.974601e-01 1.291823e+00 1.215078e+00
1.905461e-01 8.112644e-01 9.839309e-01 1.275253e+00 1.212836e+00
1.949845e-01 8.017842e-01 9.706363e-01 1.258965e+00 1.210595e+00
1.995262e-01 7.924568e-01 9.575740e-01 1.242954e+00 1.208361e+00
2.041738e-01 7.832771e-01 9.447416e-01 1.227216e+00 1.206140e+00
2.089296e-01 7.742403e-01 9.321365e-01 1.211745e+00 1.203937e+00
2.137962e-01 7.653418e-01 9.197562e-01 1.196536e+00 1.201759e+00
2.187762e-01 7.565768e-01 9.075981e-01 1.181585e+00 1.199611e+00
2.238721e-01 7.479407e-01 8.956594e-01 1.166885e+00 1.197501e+00
2.290868e-01 7.394292e-01 8.839374e-01 1.152433e+00 1.195432e+00
2.344229e-01 7.310377e-01 8.724292e-01 1.138222e+00 1.193412e+00
2.398833e-01 7.227621e-01 8.611319e-01 1.124248e+00 1.191446e+00
2.454709e-01 7.145982e-01 8.500427e-01 1.110506e+00 1.189539e+00
2.511886e-01 7.065419e-01 8.391584e-01 1.096991e+00 1.187698e+00
2.570396e-01 6.985891e-01 8.284761e-01 1.083697e+00 1.185928e+00
2.630268e-01 6.907361e-01 8.179926e-01 1.070621e+00 1.184233e+00
2.691535e-01 6.829790e-01 8.077049e-01 1.057756e+00 1.182620e+00
2.754229e-01 6.753142e-01 7.976098e-01 1.045098e+00 1.181094e+00
2.818383e-01 6.677380e-01 7.877040e-01 1.032643e+00 1.179660e+00
2.884032e-01 6.602471e-01 7.779844e-01 1.020385e+00 1.178323e+00
2.951209e-01 6.528380e-01 7.684476e-01 1.008320e+00 1.177088e+00
3.019952e-01 6.455075e-01 7.590904e-01 9.964428e-01 1.175959e+00
3.090295e-01 6.382524e-01 7.499095e-01 9.847489e-01 1.174942e+00
3.162278e-01 6.310697e-01 7.409015e-01 9.732338e-01 1.174041e+00
3.235937e-01 6.239563e-01 7.320632e-01 9.618929e-01 1.173260e+00
3.311311e-01 6.169094e-01 7.233910e-01 9.507217e-01 1.172605e+00
3.388442e-01 6.099263e-01 7.148818e-01 9.397160e-01 1.172079e+00
3.467369e-01 6.030043e-01 7.065320e-01 9.288712e-01 1.171686e+00
3.548134e-01 5.961409e-01 6.983383e-01 9.181832e-01 1.171432e+00
3.630781e-01 5.893335e-01 6.902974e-01 9.076478e-01 1.171319e+00
3.715352e-01 5.825799e-01 6.824057e-01 8.972608e-01 1.171351e+00
3.801894e-01 5.758777e-01 6.746600e-01 8.870182e-01 1.171533e+00
3.890451e-01 5.692249e-01 6.670568e-01 8.769160e-01 1.171869e+00
3.981072e-01 5.626193e-01 6.595927e-01 8.669504e-01 1.172361e+00
4.073803e-01 5.560590e-01 6.522645e-01 8.571176e-01 1.173013e+00
4.168694e-01 5.495421e-01 6.450687e-01 8.474137e-01 1.173829e+00
4.265795e-01 5.430668e-01 6.380019e-01 8.378353e-01 1.174813e+00
4.365158e-01 5.366316e-01 6.310609e-01 8.283787e-01 1.175967e+00
4.466836e-01 5.302347e-01 6.242424e-01 8.190405e-01 1.177294e+00
4.570882e-01 5.238748e-01 6.175430e-01 8.098173e-01 1.178799e+00
4.677351e-01 5.175504e-01 6.109595e-01 8.007059e-01 1.180483e+00
4.786301e-01 5.112602e-01 6.044887e-01 7.917029e-01 1.182350e+00
4.897788e-01 5.050031e-01 5.981273e-01 7.828054e-01 1.184403e+00
5.011872e-01 4.987778e-01 5.918722e-01 7.740104e-01 1.186645e+00
5.128614e-01 4.925834e-01 5.857203e-01 7.653148e-01 1.189078e+00
5.248075e-01 4.864190e-01 5.796685e-01 7.567159e-01 1.191706e+00
5.370318e-01 4.802835e-01 5.737136e-01 7.482109e-01 1.194531e+00
5.495409e-01 4.741764e-01 5.678528e-01 7.397973e-01 1.197556e+00
5.623413e-01 4.680968e-01 5.620830e-01 7.314724e-01 1.200784e+00
5.754399e-01 4.620441e-01 5.564014e-01 7.232339e-01 1.204217e+00
5.888437e-01 4.560178e-01 5.508049e-01 7.150792e-01 1.207859e+00
6.025596e-01 4.500173e-01 5.452909e-01 7.070062e-01 1.211711e+00
6.165950e-01 4.440423e-01 5.398566e-01 6.990127e-01 1.215777e+00
6.309573e-01 4.380925e-01 5.344992e-01 6.910966e-01 1.220060e+00
6.456542e-01 4.321674e-01 5.292162e-01 6.832557e-01 1.224563e+00
6.606934e-01 4.262669e-01 5.240048e-01 6.754883e-01 1.229288e+00
6.760830e-01 4.203908e-01 5.188625e-01 6.677925e-01 1.234238e+00
6.918310e-01 4.145391e-01 5.137869e-01 6.601664e-01 1.239417e+00
7.079458e-01 4.087115e-01 5.087756e-01 6.526084e-01 1.244828e+00
7.244360e-01 4.029081e-01 5.038261e-01 6.451168e-01 1.250474e+00
7.413102e-01 3.971289e-01 4.989362e-01 6.376901e-01 1.256358e+00
7.585776e-01 3.913740e-01 4.941035e-01 6.303268e-01 1.262484e+00
7.762471e-01 3.856435e-01 4.893260e-01 6.230255e-01 1.268856e+00
7.943282e-01 3.799375e-01 4.846014e-01 6.157849e-01 1.275477e+00
8.128305e-01 3.742561e-01 4.799277e-01 6.086035e-01 1.282351e+00
8.317638e-01 3.685997e-01 4.753028e-01 6.014803e-01 1.289482e+00
8.511380e-01 3.629684e-01 4.707248e-01 5.944140e-01 1.296876e+00
8.709636e-01 3.573625e-01 4.661918e-01 5.874034e-01 1.304535e+00
8.912509e-01 3.517823e-01 4.617018e-01 5.804475e-01 1.312465e+00
9.120108e-01 3.462281e-01 4.572531e-01 5.735454e-01 1.320670e+00
9.332543e-01 3.407002e-01 4.528439e-01 5.666959e-01 1.329157e+00
9.549926e-01 3.351990e-01 4.484724e-01 5.598981e-01 1.337929e+00
9.772372e-01 3.297249e-01 4.441370e-01 5.531512e-01 1.346993e+00
1.000000e+00 3.242783e-01 4.398361e-01 5.464542e-01 1.356354e+00
1.023293e+00 3.188596e-01 4.355681e-01 5.398065e-01 1.366018e+00
1.047129e+00 3.134692e-01 4.313314e-01 5.332070e-01 1.375993e+00
1.071519e+00 3.081077e-01 4.271245e-01 5.266552e-01 1.386283e+00
1.096478e+00 3.027755e-01 4.229460e-01 5.201503e-01 1.396897e+00
1.122018e+00 2.974731e-01 4.187945e-01 5.136916e-01 1.407840e+00
1.148154e+00 2.922009e-01 4.146686e-01 5.072784e-01 1.419121e+00
1.174898e+00 2.869597e-01 4.105669e-01 5.009102e-01 1.430748e+00
1.202264e+00 2.817498e-01 4.064881e-01 4.945862e-01 1.442727e+00
1.230269e+00 2.765719e-01 4.024311e-01 4.883061e-01 1.455069e+00
1.258925e+00 2.714266e-01 3.983945e-01 4.820691e-01 1.467780e+00
1.288250e+00 2.663145e-01 3.943772e-01 4.758747e-01 1.480870e+00
1.318257e+00 2.612362e-01 3.903780e-01 4.697226e-01 1.494349e+00
1.348963e+00 2.561924e-01 3.863959e-01 4.636123e-01 1.508226e+00
1.380384e+00 2.511837e-01 3.824297e-01 4.575432e-01 1.522510e+00
1.412538e+00 2.462109e-01 3.784785e-01 4.515150e-01 1.537213e+00
1.445440e+00 2.412747e-01 3.745413e-01 4.455274e-01 1.552344e+00
1.479108e+00 2.363757e-01 3.706171e-01 4.395799e-01 1.567915e+00
1.513561e+00 2.315149e-01 3.667050e-01 4.336723e-01 1.583937e+00
1.548817e+00 2.266928e-01 3.628041e-01 4.278043e-01 1.600422e+00
1.584893e+00 2.219104e-01 3.589138e-01 4.219755e-01 1.617381e+00
1.621810e+00 2.171685e-01 3.550331e-01 4.161858e-01 1.634828e+00
1.659587e+00 2.124678e-01 3.511614e-01 4.104350e-01 1.652775e+00
1.698244e+00 2.078092e-01 3.472981e-01 4.047229e-01 1.671235e+00
1.737801e+00 2.031937e-01 3.434425e-01 3.990494e-01 1.690222e+00
1.778279e+00 1.986220e-01 3.395940e-01 3.934143e-01 1.709750e+00
1.819701e+00 1.940951e-01 3.357522e-01 3.878176e-01 1.729834e+00
1.862087e+00 1.896139e-01 3.319167e-01 3.822592e-01 1.750487e+00
1.905461e+00 1.851793e-01 3.280869e-01 3.767391e-01 1.771726e+00
1.949845e+00 1.807921e-01 3.242626e-01 3.712574e-01 1.793566e+00
1.995262e+00 1.764535e-01 3.204435e-01 3.658140e-01 1.816023e+00
2.041738e+00 1.721641e-01 3.166294e-01 3.604090e-01 1.839114e+00
2.089296e+00 1.679251e-01 3.128202e-01 3.550427e-01 1.862855e+00
2.137962e+00 1.637373e-01 3.090157e-01 3.497150e-01 1.887265e+00
2.187762e+00 1.596017e-01 3.052159e-01 3.444263e-01 1.912360e+00
2.238721e+00 1.555191e-01 3.014209e-01 3.391766e-01 1.938160e+00
2.290868e+00 1.514905e-01 2.976307e-01 3.339662e-01 1.964683e+00
2.344229e+00 1.475167e-01 2.938456e-01 3.287954e-01 1.991948e+00
2.398833e+00 1.435986e-01 2.900656e-01 3.236644e-01 2.019975e+00
2.454709e+00 1.397371e-01 2.862912e-01 3.185736e-01 2.048785e+00
2.511886e+00 1.359329e-01 2.825227e-01 3.135233e-01 2.078398e+00
2.570396e+00 1.321869e-01 2.787604e-01 3.085138e-01 2.108835e+00
2.630268e+00 1.284999e-01 2.750049e-01 3.035455e-01 2.140118e+00
2.691535e+00 1.248724e-01 2.712566e-01 2.986189e-01 2.172269e+00
2.754229e+00 1.213053e-01 2.675161e-01 2.937343e-01 2.205312e+00
2.818383e+00 1.177992e-01 2.637840e-01 2.888921e-01 2.239268e+00
2.884032e+00 1.143546e-01 2.600611e-01 2.840929e-01 2.274163e+00
2.951209e+00 1.109722e-01 2.563481e-01 2.793370e-01 2.310021e+00
3.019952e+00 1.076524e-01 2.526457e-01 2.746250e-01 2.346865e+00
3.090295e+00 1.043957e-01 2.489547e-01 2.699572e-01 2.384723e+00
3.162278e+00 1.012024e-01 2.452760e-01 2.653342e-01 2.423619e+00
3.235937e+00 9.807292e-02 2.416105e-01 2.607564e-01 2.463580e+00
3.311311e+00 9.500753e-02 2.379591e-01 2.562244e-01 2.504634e+00
3.388442e+00 9.200645e-02 2.343227e-01 2.517386e-01 2.546808e+00
3.467369e+00 8.906981e-02 2.307024e-01 2.472995e-01 2.590130e+00
3.548134e+00 8.619773e-02 2.270991e-01 2.429074e-01 2.634629e+00
3.630781e+00 8.339022e-02 2.235137e-01 2.385630e-01 2.680335e+00
3.715352e+00 8.064726e-02 2.199475e-01 2.342667e-01 2.727278e+00
3.801894e+00 7.796873e-02 2.164013e-01 2.300188e-01 2.775488e+00
3.890451e+00 7.535449e-02 2.128762e-01 2.258198e-01 2.824997e+00
3.981072e+00 7.280431e-02 2.093733e-01 2.216701e-01 2.875837e+00
4.073803e+00 7.031788e-02 2.058936e-01 2.175701e-01 2.928040e+00
4.168694e+00 6.789487e-02 2.024380e-01 2.135202e-01 2.981639e+00
4.265795e+00 6.553486e-02 1.990077e-01 2.095206e-01 3.036669e+00
4.365158e+00 6.323738e-02 1.956036e-01 2.055717e-01 3.093164e+00
4.466836e+00 6.100189e-02 1.922267e-01 2.016738e-01 3.151160e+00
4.570882e+00 5.882781e-02 1.888780e-01 1.978272e-01 3.210691e+00
4.677351e+00 5.671451e-02 1.855583e-01 1.940320e-01 3.271796e+00
4.786301e+00 5.466128e-02 1.822687e-01 1.902885e-01 3.334512e+00
4.897788e+00 5.266740e-02 1.790099e-01 1.865969e-01 3.398876e+00
5.011872e+00 5.073207e-02 1.757829e-01 1.829573e-01 3.464927e+00
5.128614e+00 4.885446e-02 1.725885e-01 1.793698e-01 3.532706e+00
5.248075e+00 4.703370e-02 1.694273e-01 1.758345e-01 3.602254e+00
5.370318e+00 4.526888e-02 1.663002e-01 1.723515e-01 3.673610e+00
5.495409e+00 4.355906e-02 1.632079e-01 1.689207e-01 3.746818e+00
5.623413e+00 4.190326e-02 1.601509e-01 1.655422e-01 3.821921e+00
5.754399e+00 4.030048e-02 1.571300e-01 1.622158e-01 3.898962e+00
5.888437e+00 3.874968e-02 1.541457e-01 1.589416e-01 3.977987e+00
6.025596e+00 3.724982e-02 1.511985e-01 1.557194e-01 4.059041e+00
6.165950e+00 3.579982e-02 1.482889e-01 1.525491e-01 4.142170e+00
6.309573e+00 3.439858e-02 1.454174e-01 1.494305e-01 4.227424e+00
6.456542e+00 3.304500e-02 1.425842e-01 1.463634e-01 4.314850e+00
6.606934e+00 3.173798e-02 1.397898e-01 1.433475e-01 4.404497e+00
6.760830e+00 3.047638e-02 1.370345e-01 1.403826e-01 4.496418e+00
6.918310e+00 2.925908e-02 1.343186e-01 1.374684e-01 4.590663e+00
7.079458e+00 2.808494e-02 1.316422e-01 1.346047e-01 4.687286e+00
7.244360e+00 2.695283e-02 1.290054e-01 1.317910e-01 4.786341e+00
7.413102e+00 2.586162e-02 1.264086e-01 1.290270e-01 4.887883e+00
7.585776e+00 2.481019e-02 1.238517e-01 1.263122e-01 4.991968e+00
7.762471e+00 2.379740e-02 1.213347e-01 1.236464e-01 5.098655e+00
7.943282e+00 2.282215e-02 1.188578e-01 1.210290e-01 5.208002e+00
8.128305e+00 2.188334e-02 1.164209e-01 1.184597e-01 5.320069e+00
8.317638e+00 2.097986e-02 1.140238e-01 1.159379e-01 5.434919e+00
8.511380e+00 2.011065e-02 1.116666e-01 1.134631e-01 5.552613e+00
8.709636e+00 1.927462e-02 1.093491e-01 1.110349e-01 5.673218e+00
8.912509e+00 1.847075e-02 1.070712e-01 1.086527e-01 5.796798e+00
9.120108e+00 1.769798e-02 1.048326e-01 1.063160e-01 5.923420e+00
9.332543e+00 1.695531e-02 1.026331e-01 1.040242e-01 6.053154e+00
9.549926e+00 1.624174e-02 1.004726e-01 1.017769e-01 6.186071e+00
9.772372e+00 1.555629e-02 9.835065e-02 9.957334e-02 6.322241e+00
1.000000e+01 1.489801e-02 9.626707e-02 9.741304e-02 6.461740e+00
