1.000000e-06 3.922209e+01 3.005730e-01 3.922324e+01 7.663361e-03
1.023293e-06 3.922187e+01 3.075704e-01 3.922308e+01 7.841808e-03
1.047129e-06 3.922164e+01 3.147305e-01 3.922290e+01 8.024409e-03
1.071519e-06 3.922140e+01 3.220570e-01 3.922272e+01 8.211258e-03
1.096478e-06 3.922114e+01 3.295539e-01 3.922253e+01 8.402456e-03
1.122018e-06 3.922088e+01 3.372251e-01 3.922233e+01 8.598102e-03
1.148154e-06 3.922060e+01 3.450746e-01 3.922212e+01 8.798300e-03
1.174898e-06 3.922031e+01 3.531065e-01 3.922190e+01 9.003155e-03
1.202264e-06 3.922000e+01 3.613251e-01 3.922167e+01 9.212777e-03
1.230269e-06 3.921968e+01 3.697347e-01 3.922143e+01 9.427275e-03
1.258925e-06 3.921935e+01 3.783397e-01 3.922117e+01 9.646762e-03
1.288250e-06 3.921900e+01 3.871447e-01 3.922091e+01 9.871355e-03
1.318257e-06 3.921863e+01 3.961541e-01 3.922063e+01 1.010117e-02
1.348963e-06 3.921825e+01 4.053728e-01 3.922034e+01 1.033633e-02
1.380384e-06 3.921785e+01 4.148057e-01 3.922004e+01 1.057696e-02
1.412538e-06 3.921743e+01 4.244575e-01 3.921972e+01 1.082319e-02
1.445440e-06 3.921699e+01 4.343335e-01 3.921939e+01 1.107514e-02
1.479108e-06 3.921653e+01 4.444387e-01 3.921904e+01 1.133294e-02
1.513561e-06 3.921604e+01 4.547784e-01 3.921868e+01 1.159674e-02
1.548817e-06 3.921554e+01 4.653581e-01 3.921830e+01 1.186668e-02
1.584893e-06 3.921501e+01 4.761833e-01 3.921790e+01 1.214288e-02
1.621810e-06 3.921445e+01 4.872596e-01 3.921748e+01 1.242551e-02
1.659587e-06 3.921387e+01 4.985927e-01 3.921704e+01 1.271470e-02
1.698244e-06 3.921327e+01 5.101887e-01 3.921658e+01 1.301062e-02
1.737801e-06 3.921263e+01 5.220536e-01 3.921610e+01 1.331340e-02
1.778279e-06 3.921196e+01 5.341934e-01 3.921560e+01 1.362322e-02
1.819701e-06 3.921127e+01 5.466146e-01 3.921508e+01 1.394024e-02
1.862087e-06 3.921054e+01 5.593235e-01 3.921452e+01 1.426462e-02
1.905461e-06 3.920977e+01 5.723268e-01 3.921395e+01 1.459653e-02
1.949845e-06 3.920897e+01 5.856311e-01 3.921334e+01 1.493615e-02
1.995262e-06 3.920813e+01 5.992435e-01 3.921271e+01 1.528365e-02
2.041738e-06 3.920725e+01 6.131709e-01 3.921205e+01 1.563922e-02
2.089296e-06 3.920634e+01 6.274205e-01 3.921135e+01 1.600304e-02
2.137962e-06 3.920537e+01 6.419996e-01 3.921063e+01 1.637530e-02
2.187762e-06 3.920437e+01 6.569159e-01 3.920987e+01 1.675619e-02
2.238721e-06 3.920331e+01 6.721768e-01 3.920907e+01 1.714592e-02
2.290868e-06 3.920221e+01 6.877904e-01 3.920824e+01 1.754469e-02
2.344229e-06 3.920105e+01 7.037645e-01 3.920737e+01 1.795270e-02
2.398833e-06 3.919984e+01 7.201074e-01 3.920645e+01 1.837016e-02
2.454709e-06 3.919857e+01 7.368274e-01 3.920550e+01 1.879730e-02
2.511886e-06 3.919725e+01 7.539331e-01 3.920450e+01 1.923434e-02
2.570396e-06 3.919586e+01 7.714331e-01 3.920345e+01 1.968150e-02
2.630268e-06 3.919440e+01 7.893364e-01 3.920235e+01 2.013901e-02
2.691535e-06 3.919288e+01 8.076520e-01 3.920120e+01 2.060711e-02
2.754229e-06 3.919129e+01 8.263892e-01 3.920000e+01 2.108604e-02
2.818383e-06 3.918962e+01 8.455575e-01 3.919874e+01 2.157606e-02
2.884032e-06 3.918787e+01 8.651665e-01 3.919742e+01 2.207740e-02
2.951209e-06 3.918604e+01 8.852261e-01 3.919604e+01 2.259034e-02
3.019952e-06 3.918413e+01 9.057463e-01 3.919459e+01 2.311513e-02
3.090295e-06 3.918212e+01 9.267374e-01 3.919308e+01 2.365205e-02
3.162278e-06 3.918002e+01 9.482099e-01 3.919150e+01 2.420136e-02
3.235937e-06 3.917783e+01 9.701745e-01 3.918984e+01 2.476336e-02
3.311311e-06 3.917553e+01 9.926419e-01 3.918810e+01 2.533832e-02
3.388442e-06 3.917312e+01 1.015623e+00 3.918628e+01 2.592654e-02
3.467369e-06 3.917060e+01 1.039130e+00 3.918438e+01 2.652832e-02
3.548134e-06 3.916796e+01 1.063174e+00 3.918239e+01 2.714397e-02
3.630781e-06 3.916520e+01 1.087766e+00 3.918031e+01 2.777379e-02
3.715352e-06 3.916231e+01 1.112919e+00 3.917812e+01 2.841811e-02
3.801894e-06 3.915929e+01 1.138645e+00 3.917584e+01 2.907726e-02
3.890451e-06 3.915612e+01 1.164956e+00 3.917345e+01 2.975156e-02
3.981072e-06 3.915281e+01 1.191864e+00 3.917094e+01 3.044135e-02
4.073803e-06 3.914934e+01 1.219384e+00 3.916832e+01 3.114698e-02
4.168694e-06 3.914571e+01 1.247527e+00 3.916558e+01 3.186880e-02
4.265795e-06 3.914191e+01 1.276307e+00 3.916271e+01 3.260717e-02
4.365158e-06 3.913793e+01 1.305738e+00 3.915971e+01 3.336246e-02
4.466836e-06 3.913377e+01 1.335833e+00 3.915656e+01 3.413504e-02
4.570882e-06 3.912941e+01 1.366606e+00 3.915327e+01 3.492530e-02
4.677351e-06 3.912485e+01 1.398072e+00 3.914983e+01 3.573361e-02
4.786301e-06 3.912008e+01 1.430246e+00 3.914622e+01 3.656039e-02
4.897788e-06 3.911509e+01 1.463140e+00 3.914245e+01 3.740603e-02
5.011872e-06 3.910987e+01 1.496771e+00 3.913850e+01 3.827094e-02
5.128614e-06 3.910440e+01 1.531154e+00 3.913437e+01 3.915555e-02
5.248075e-06 3.909868e+01 1.566304e+00 3.913004e+01 4.006027e-02
5.370318e-06 3.909269e+01 1.602236e+00 3.912552e+01 4.098555e-02
5.495409e-06 3.908643e+01 1.638965e+00 3.912078e+01 4.193182e-02
5.623413e-06 3.907988e+01 1.676509e+00 3.911582e+01 4.289954e-02
5.754399e-06 3.907303e+01 1.714882e+00 3.911064e+01 4.388916e-02
5.888437e-06 3.906585e+01 1.754102e+00 3.910521e+01 4.490115e-02
6.025596e-06 3.905835e+01 1.794184e+00 3.909954e+01 4.593598e-02
6.165950e-06 3.905050e+01 1.835145e+00 3.909360e+01 4.699414e-02
6.309573e-06 3.904229e+01 1.877001e+00 3.908739e+01 4.807610e-02
6.456542e-06 3.903371e+01 1.919770e+00 3.908089e+01 4.918237e-02
6.606934e-06 3.902473e+01 1.963468e+00 3.907409e+01 5.031344e-02
6.760830e-06 3.901533e+01 2.008113e+00 3.906698e+01 5.146984e-02
6.918310e-06 3.900551e+01 2.053721e+00 3.905954e+01 5.265207e-02
7.079458e-06 3.899523e+01 2.100309e+00 3.905176e+01 5.386066e-02
7.244360e-06 3.898449e+01 2.147895e+00 3.904362e+01 5.509615e-02
7.413102e-06 3.897326e+01 2.196497e+00 3.903511e+01 5.635907e-02
7.585776e-06 3.896151e+01 2.246130e+00 3.902620e+01 5.764996e-02
7.762471e-06 3.894923e+01 2.296812e+00 3.901690e+01 5.896939e-02
7.943282e-06 3.893640e+01 2.348562e+00 3.900716e+01 6.031789e-02
8.128305e-06 3.892298e+01 2.401394e+00 3.899699e+01 6.169605e-02
8.317638e-06 3.890895e+01 2.455327e+00 3.898635e+01 6.310442e-02
8.511380e-06 3.889429e+01 2.510377e+00 3.897522e+01 6.454358e-02
8.709636e-06 3.887897e+01 2.566561e+00 3.896359e+01 6.601411e-02
8.912509e-06 3.886296e+01 2.623894e+00 3.895144e+01 6.751659e-02
9.120108e-06 3.884623e+01 2.682394e+00 3.893873e+01 6.905159e-02
9.332543e-06 3.882875e+01 2.742076e+00 3.892546e+01 7.061972e-02
9.549926e-06 3.881050e+01 2.802955e+00 3.891158e+01 7.222156e-02
9.772372e-06 3.879142e+01 2.865045e+00 3.889708e+01 7.385770e-02
1.000000e-05 3.877150e+01 2.928363e+00 3.888193e+01 7.552873e-02
1.023293e-05 3.875070e+01 2.992920e+00 3.886611e+01 7.723526e-02
1.047129e-05 3.872898e+01 3.058732e+00 3.884958e+01 7.897786e-02
1.071519e-05 3.870630e+01 3.125810e+00 3.883231e+01 8.075713e-02
1.096478e-05 3.868262e+01 3.194166e+00 3.881428e+01 8.257365e-02
1.122018e-05 3.865791e+01 3.263811e+00 3.879545e+01 8.442802e-02
1.148154e-05 3.863212e+01 3.334756e+00 3.877578e+01 8.632080e-02
1.174898e-05 3.860521e+01 3.407009e+00 3.875526e+01 8.825258e-02
1.202264e-05 3.857713e+01 3.480580e+00 3.873383e+01 9.022391e-02
1.230269e-05 3.854785e+01 3.555474e+00 3.871147e+01 9.223535e-02
1.258925e-05 3.851730e+01 3.631698e+00 3.868813e+01 9.428745e-02
1.288250e-05 3.848545e+01 3.709256e+00 3.866379e+01 9.638074e-02
1.318257e-05 3.845224e+01 3.788151e+00 3.863839e+01 9.851574e-02
1.348963e-05 3.841763e+01 3.868384e+00 3.861189e+01 1.006930e-01
1.380384e-05 3.838155e+01 3.949956e+00 3.858427e+01 1.029129e-01
1.412538e-05 3.834396e+01 4.032863e+00 3.855546e+01 1.051760e-01
1.445440e-05 3.830481e+01 4.117103e+00 3.852543e+01 1.074827e-01
1.479108e-05 3.826403e+01 4.202668e+00 3.849413e+01 1.098334e-01
1.513561e-05 3.822157e+01 4.289552e+00 3.846152e+01 1.122286e-01
1.548817e-05 3.817737e+01 4.377743e+00 3.842755e+01 1.146685e-01
1.584893e-05 3.813137e+01 4.467229e+00 3.839216e+01 1.171536e-01
1.621810e-05 3.808351e+01 4.557994e+00 3.835530e+01 1.196842e-01
1.659587e-05 3.803374e+01 4.650020e+00 3.831694e+01 1.222604e-01
1.698244e-05 3.798198e+01 4.743287e+00 3.827701e+01 1.248826e-01
1.737801e-05 3.792817e+01 4.837771e+00 3.823546e+01 1.275509e-01
1.778279e-05 3.787226e+01 4.933444e+00 3.819223e+01 1.302654e-01
1.819701e-05 3.781417e+01 5.030276e+00 3.814728e+01 1.330262e-01
1.862087e-05 3.775385e+01 5.128235e+00 3.810055e+01 1.358334e-01
1.905461e-05 3.769123e+01 5.227283e+00 3.805198e+01 1.386870e-01
1.949845e-05 3.762624e+01 5.327379e+00 3.800151e+01 1.415868e-01
1.995262e-05 3.755882e+01 5.428480e+00 3.794909e+01 1.445327e-01
2.041738e-05 3.748892e+01 5.530537e+00 3.789466e+01 1.475246e-01
2.089296e-05 3.741645e+01 5.633498e+00 3.783817e+01 1.505621e-01
2.137962e-05 3.734137e+01 5.737307e+00 3.777956e+01 1.536448e-01
2.187762e-05 3.726362e+01 5.841904e+00 3.771876e+01 1.567723e-01
2.238721e-05 3.718312e+01 5.947225e+00 3.765573e+01 1.599442e-01
2.290868e-05 3.709984e+01 6.053201e+00 3.759041e+01 1.631598e-01
2.344229e-05 3.701370e+01 6.159759e+00 3.752274e+01 1.664184e-01
2.398833e-05 3.692465e+01 6.266823e+00 3.745268e+01 1.697192e-01
2.454709e-05 3.683266e+01 6.374311e+00 3.738016e+01 1.730614e-01
2.511886e-05 3.673766e+01 6.482137e+00 3.730514e+01 1.764439e-01
2.570396e-05 3.663961e+01 6.590212e+00 3.722757e+01 1.798658e-01
2.630268e-05 3.653847e+01 6.698442e+00 3.714739e+01 1.833257e-01
2.691535e-05 3.643420e+01 6.806729e+00 3.706458e+01 1.868225e-01
2.754229e-05 3.632678e+01 6.914971e+00 3.697907e+01 1.903546e-01
2.818383e-05 3.621617e+01 7.023064e+00 3.689084e+01 1.939207e-01
2.884032e-05 3.610235e+01 7.130898e+00 3.679985e+01 1.975190e-01
2.951209e-05 3.598529e+01 7.238361e+00 3.670607e+01 2.011478e-01
3.019952e-05 3.586500e+01 7.345338e+00 3.660946e+01 2.048052e-01
3.090295e-05 3.574146e+01 7.451712e+00 3.651000e+01 2.084893e-01
3.162278e-05 3.561467e+01 7.557362e+00 3.640767e+01 2.121980e-01
3.235937e-05 3.548463e+01 7.662166e+00 3.630245e+01 2.159291e-01
3.311311e-05 3.535137e+01 7.766001e+00 3.619434e+01 2.196803e-01
3.388442e-05 3.521490e+01 7.868741e+00 3.608333e+01 2.234492e-01
3.467369e-05 3.507525e+01 7.970261e+00 3.596941e+01 2.272332e-01
3.548134e-05 3.493246e+01 8.070435e+00 3.585259e+01 2.310297e-01
3.630781e-05 3.478656e+01 8.169139e+00 3.573289e+01 2.348361e-01
3.715352e-05 3.463761e+01 8.266247e+00 3.561032e+01 2.386494e-01
3.801894e-05 3.448567e+01 8.361637e+00 3.548491e+01 2.424670e-01
3.890451e-05 3.433081e+01 8.455188e+00 3.535668e+01 2.462857e-01
3.981072e-05 3.417309e+01 8.546781e+00 3.522567e+01 2.501027e-01
4.073803e-05 3.401261e+01 8.636303e+00 3.509192e+01 2.539148e-01
4.168694e-05 3.384944e+01 8.723641e+00 3.495550e+01 2.577189e-01
4.265795e-05 3.368370e+01 8.808690e+00 3.481644e+01 2.615120e-01
4.365158e-05 3.351547e+01 8.891348e+00 3.467482e+01 2.652908e-01
4.466836e-05 3.334489e+01 8.971520e+00 3.453070e+01 2.690524e-01
4.570882e-05 3.317205e+01 9.049116e+00 3.438417e+01 2.727934e-01
4.677351e-05 3.299709e+01 9.124054e+00 3.423531e+01 2.765109e-01
4.786301e-05 3.282013e+01 9.196259e+00 3.408419e+01 2.802018e-01
4.897788e-05 3.264131e+01 9.265663e+00 3.393093e+01 2.838631e-01
5.011872e-05 3.246077e+01 9.332208e+00 3.377561e+01 2.874918e-01
5.128614e-05 3.227866e+01 9.395843e+00 3.361835e+01 2.910853e-01
5.248075e-05 3.209511e+01 9.456528e+00 3.345925e+01 2.946408e-01
5.370318e-05 3.191027e+01 9.514229e+00 3.329844e+01 2.981557e-01
5.495409e-05 3.172430e+01 9.568926e+00 3.313601e+01 3.016277e-01
5.623413e-05 3.153734e+01 9.620604e+00 3.297211e+01 3.050544e-01
5.754399e-05 3.134956e+01 9.669260e+00 3.280685e+01 3.084337e-01
5.888437e-05 3.116109e+01 9.714902e+00 3.264035e+01 3.117639e-01
6.025596e-05 3.097208e+01 9.757546e+00 3.247275e+01 3.150433e-01
6.165950e-05 3.078270e+01 9.797217e+00 3.230418e+01 3.182703e-01
6.309573e-05 3.059307e+01 9.833951e+00 3.213475e+01 3.214438e-01
6.456542e-05 3.040334e+01 9.867791e+00 3.196461e+01 3.245627e-01
6.606934e-05 3.021365e+01 9.898792e+00 3.179388e+01 3.276265e-01
6.760830e-05 3.002413e+01 9.927014e+00 3.162268e+01 3.306346e-01
6.918310e-05 2.983490e+01 9.952527e+00 3.145114e+01 3.335868e-01
7.079458e-05 2.964608e+01 9.975407e+00 3.127937e+01 3.364831e-01
7.244360e-05 2.945780e+01 9.995739e+00 3.110750e+01 3.393241e-01
7.413102e-05 2.927014e+01 1.001361e+01 3.093564e+01 3.421101e-01
7.585776e-05 2.908322e+01 1.002912e+01 3.076389e+01 3.448422e-01
7.762471e-05 2.889711e+01 1.004237e+01 3.059236e+01 3.475215e-01
7.943282e-05 2.871191e+01 1.005346e+01 3.042114e+01 3.501493e-01
8.128305e-05 2.852769e+01 1.006250e+01 3.025034e+01 3.527274e-01
8.317638e-05 2.834450e+01 1.006960e+01 3.008002e+01 3.552575e-01
8.511380e-05 2.816241e+01 1.007487e+01 2.991027e+01 3.577419e-01
8.709636e-05 2.798145e+01 1.007844e+01 2.974116e+01 3.601828e-01
8.912509e-05 2.780168e+01 1.008041e+01 2.957275e+01 3.625826e-01
9.120108e-05 2.762310e+01 1.008089e+01 2.940511e+01 3.649442e-01
9.332543e-05 2.744576e+01 1.008001e+01 2.923827e+01 3.672704e-01
9.549926e-05 2.726964e+01 1.007788e+01 2.907227e+01 3.695641e-01
9.772372e-05 2.709476e+01 1.007460e+01 2.890716e+01 3.718284e-01
1.000000e-04 2.692112e+01 1.007029e+01 2.874295e+01 3.740666e-01
1.023293e-04 2.674869e+01 1.006505e+01 2.857967e+01 3.762819e-01
1.047129e-04 2.657745e+01 1.005897e+01 2.841731e+01 3.784776e-01
1.071519e-04 2.640738e+01 1.005216e+01 2.825590e+01 3.806571e-01
1.096478e-04 2.623844e+01 1.004470e+01 2.809541e+01 3.828237e-01
1.122018e-04 2.607060e+01 1.003668e+01 2.793584e+01 3.849807e-01
1.148154e-04 2.590380e+01 1.002818e+01 2.777717e+01 3.871315e-01
1.174898e-04 2.573799e+01 1.001927e+01 2.761937e+01 3.892793e-01
1.202264e-04 2.557311e+01 1.001001e+01 2.746242e+01 3.914272e-01
1.230269e-04 2.540912e+01 1.000047e+01 2.730628e+01 3.935781e-01
1.258925e-04 2.524593e+01 9.990704e+00 2.715090e+01 3.957352e-01
1.288250e-04 2.508350e+01 9.980748e+00 2.699625e+01 3.979009e-01
1.318257e-04 2.492175e+01 9.970643e+00 2.684226e+01 4.000780e-01
1.348963e-04 2.476060e+01 9.960419e+00 2.668890e+01 4.022688e-01
1.380384e-04 2.460000e+01 9.950099e+00 2.653610e+01 4.044755e-01
1.412538e-04 2.443987e+01 9.939697e+00 2.638380e+01 4.067000e-01
1.445440e-04 2.428015e+01 9.929223e+00 2.623194e+01 4.089441e-01
1.479108e-04 2.412075e+01 9.918675e+00 2.608047e+01 4.112092e-01
1.513561e-04 2.396162e+01 9.908048e+00 2.592930e+01 4.134965e-01
1.548817e-04 2.380269e+01 9.897327e+00 2.577839e+01 4.158070e-01
1.584893e-04 2.364391e+01 9.886494e+00 2.562766e+01 4.181413e-01
1.621810e-04 2.348520e+01 9.875520e+00 2.547706e+01 4.204997e-01
1.659587e-04 2.332652e+01 9.864374e+00 2.532651e+01 4.228824e-01
1.698244e-04 2.316781e+01 9.853017e+00 2.517597e+01 4.252891e-01
1.737801e-04 2.300903e+01 9.841405e+00 2.502537e+01 4.277192e-01
1.778279e-04 2.285015e+01 9.829491e+00 2.487465e+01 4.301719e-01
1.819701e-04 2.269111e+01 9.817220e+00 2.472376e+01 4.326461e-01
1.862087e-04 2.253190e+01 9.804538e+00 2.457266e+01 4.351403e-01
1.905461e-04 2.237249e+01 9.791383e+00 2.442129e+01 4.376528e-01
1.949845e-04 2.221287e+01 9.777694e+00 2.426963e+01 4.401815e-01
1.995262e-04 2.205302e+01 9.763404e+00 2.411762e+01 4.427242e-01
2.041738e-04 2.189294e+01 9.748449e+00 2.396524e+01 4.452783e-01
2.089296e-04 2.173263e+01 9.732760e+00 2.381247e+01 4.478409e-01
2.137962e-04 2.157211e+01 9.716269e+00 2.365929e+01 4.504089e-01
2.187762e-04 2.141139e+01 9.698910e+00 2.350567e+01 4.529790e-01
2.238721e-04 2.125050e+01 9.680615e+00 2.335162e+01 4.555476e-01
2.290868e-04 2.108947e+01 9.661319e+00 2.319713e+01 4.581111e-01
2.344229e-04 2.092833e+01 9.640959e+00 2.304220e+01 4.606655e-01
2.398833e-04 2.076713e+01 9.619475e+00 2.288685e+01 4.632067e-01
2.454709e-04 2.060593e+01 9.596809e+00 2.273110e+01 4.657305e-01
2.511886e-04 2.044477e+01 9.572908e+00 2.257496e+01 4.682327e-01
2.570396e-04 2.028371e+01 9.547723e+00 2.241848e+01 4.707088e-01
2.630268e-04 2.012284e+01 9.521209e+00 2.226167e+01 4.731544e-01
2.691535e-04 1.996221e+01 9.493328e+00 2.210459e+01 4.755650e-01
2.754229e-04 1.980190e+01 9.464045e+00 2.194729e+01 4.779361e-01
2.818383e-04 1.964200e+01 9.433333e+00 2.178981e+01 4.802634e-01
2.884032e-04 1.948258e+01 9.401170e+00 2.163222e+01 4.825424e-01
2.951209e-04 1.932373e+01 9.367542e+00 2.147457e+01 4.847689e-01
3.019952e-04 1.916553e+01 9.332440e+00 2.131694e+01 4.869387e-01
3.090295e-04 1.900808e+01 9.295864e+00 2.115940e+01 4.890479e-01
3.162278e-04 1.885147e+01 9.257817e+00 2.100202e+01 4.910927e-01
3.235937e-04 1.869577e+01 9.218314e+00 2.084489e+01 4.930694e-01
3.311311e-04 1.854109e+01 9.177373e+00 2.068807e+01 4.949748e-01
3.388442e-04 1.838751e+01 9.135021e+00 2.053166e+01 4.968057e-01
3.467369e-04 1.823511e+01 9.091290e+00 2.037574e+01 4.985595e-01
3.548134e-04 1.808399e+01 9.046219e+00 2.022040e+01 5.002337e-01
3.630781e-04 1.793421e+01 8.999856e+00 2.006573e+01 5.018261e-01
3.715352e-04 1.778587e+01 8.952250e+00 1.991180e+01 5.033351e-01
3.801894e-04 1.763902e+01 8.903460e+00 1.975871e+01 5.047593e-01
3.890451e-04 1.749375e+01 8.853549e+00 1.960655e+01 5.060977e-01
3.981072e-04 1.735012e+01 8.802583e+00 1.945539e+01 5.073499e-01
4.073803e-04 1.720819e+01 8.750636e+00 1.930532e+01 5.085157e-01
4.168694e-04 1.706802e+01 8.697783e+00 1.915643e+01 5.095954e-01
4.265795e-04 1.692965e+01 8.644105e+00 1.900878e+01 5.105898e-01
4.365158e-04 1.679313e+01 8.589684e+00 1.886245e+01 5.114999e-01
4.466836e-04 1.665850e+01 8.534607e+00 1.871751e+01 5.123274e-01
4.570882e-04 1.652579e+01 8.478960e+00 1.857403e+01 5.130743e-01
4.677351e-04 1.639503e+01 8.422835e+00 1.843207e+01 5.137431e-01
4.786301e-04 1.626624e+01 8.366321e+00 1.829169e+01 5.143364e-01
4.897788e-04 1.613944e+01 8.309511e+00 1.815294e+01 5.148576e-01
5.011872e-04 1.601462e+01 8.252496e+00 1.801587e+01 5.153102e-01
5.128614e-04 1.589180e+01 8.195368e+00 1.788053e+01 5.156981e-01
5.248075e-04 1.577096e+01 8.138218e+00 1.774694e+01 5.160255e-01
5.370318e-04 1.565211e+01 8.081136e+00 1.761514e+01 5.162970e-01
5.495409e-04 1.553522e+01 8.024211e+00 1.748516e+01 5.165175e-01
5.623413e-04 1.542027e+01 7.967529e+00 1.735702e+01 5.166920e-01
5.754399e-04 1.530724e+01 7.911175e+00 1.723074e+01 5.168257e-01
5.888437e-04 1.519610e+01 7.855232e+00 1.710632e+01 5.169243e-01
6.025596e-04 1.508680e+01 7.799778e+00 1.698376e+01 5.169933e-01
6.165950e-04 1.497932e+01 7.744890e+00 1.686308e+01 5.170387e-01
6.309573e-04 1.487361e+01 7.690640e+00 1.674426e+01 5.170662e-01
6.456542e-04 1.476961e+01 7.637100e+00 1.662729e+01 5.170820e-01
6.606934e-04 1.466728e+01 7.584333e+00 1.651215e+01 5.170921e-01
6.760830e-04 1.456656e+01 7.532402e+00 1.639883e+01 5.171025e-01
6.918310e-04 1.446738e+01 7.481366e+00 1.628730e+01 5.171194e-01
7.079458e-04 1.436971e+01 7.431277e+00 1.617753e+01 5.171488e-01
7.244360e-04 1.427345e+01 7.382185e+00 1.606948e+01 5.171968e-01
7.413102e-04 1.417856e+01 7.334135e+00 1.596312e+01 5.172692e-01
7.585776e-04 1.408497e+01 7.287168e+00 1.585841e+01 5.173719e-01
7.762471e-04 1.399260e+01 7.241321e+00 1.575530e+01 5.175107e-01
7.943282e-04 1.390139e+01 7.196625e+00 1.565375e+01 5.176911e-01
8.128305e-04 1.381126e+01 7.153109e+00 1.555371e+01 5.179186e-01
8.317638e-04 1.372215e+01 7.110795e+00 1.545512e+01 5.181984e-01
8.511380e-04 1.363397e+01 7.069702e+00 1.535793e+01 5.185356e-01
8.709636e-04 1.354667e+01 7.029845e+00 1.526208e+01 5.189352e-01
8.912509e-04 1.346017e+01 6.991234e+00 1.516751e+01 5.194018e-01
9.120108e-04 1.337439e+01 6.953876e+00 1.507417e+01 5.199398e-01
9.332543e-04 1.328926e+01 6.917774e+00 1.498199e+01 5.205536e-01
9.549926e-04 1.320473e+01 6.882924e+00 1.489092e+01 5.212471e-01
9.772372e-04 1.312070e+01 6.849322e+00 1.480088e+01 5.220241e-01
1.000000e-03 1.303713e+01 6.816959e+00 1.471182e+01 5.228881e-01
1.023293e-03 1.295393e+01 6.785822e+00 1.462367e+01 5.238426e-01
1.047129e-03 1.287106e+01 6.755895e+00 1.453638e+01 5.248904e-01
1.071519e-03 1.278844e+01 6.727159e+00 1.444987e+01 5.260345e-01
1.096478e-03 1.270601e+01 6.699590e+00 1.436409e+01 5.272775e-01
1.122018e-03 1.262371e+01 6.673164e+00 1.427897e+01 5.286216e-01
1.148154e-03 1.254149e+01 6.647852e+00 1.419446e+01 5.300690e-01
1.174898e-03 1.245929e+01 6.623624e+00 1.411050e+01 5.316215e-01
1.202264e-03 1.237705e+01 6.600445e+00 1.402702e+01 5.332808e-01
1.230269e-03 1.229474e+01 6.578280e+00 1.394397e+01 5.350484e-01
1.258925e-03 1.221230e+01 6.557091e+00 1.386130e+01 5.369254e-01
1.288250e-03 1.212968e+01 6.536839e+00 1.377895e+01 5.389128e-01
1.318257e-03 1.204684e+01 6.517481e+00 1.369686e+01 5.410114e-01
1.348963e-03 1.196376e+01 6.498974e+00 1.361500e+01 5.432219e-01
1.380384e-03 1.188037e+01 6.481273e+00 1.353330e+01 5.455446e-01
1.412538e-03 1.179666e+01 6.464333e+00 1.345172e+01 5.479797e-01
1.445440e-03 1.171260e+01 6.448105e+00 1.337023e+01 5.505273e-01
1.479108e-03 1.162815e+01 6.432542e+00 1.328877e+01 5.531873e-01
1.513561e-03 1.154328e+01 6.417594e+00 1.320730e+01 5.559593e-01
1.548817e-03 1.145798e+01 6.403212e+00 1.312579e+01 5.588429e-01
1.584893e-03 1.137223e+01 6.389345e+00 1.304421e+01 5.618375e-01
1.621810e-03 1.128600e+01 6.375942e+00 1.296251e+01 5.649424e-01
1.659587e-03 1.119930e+01 6.362954e+00 1.288066e+01 5.681566e-01
1.698244e-03 1.111209e+01 6.350327e+00 1.279864e+01 5.714792e-01
1.737801e-03 1.102438e+01 6.338012e+00 1.271642e+01 5.749090e-01
1.778279e-03 1.093615e+01 6.325958e+00 1.263397e+01 5.784447e-01
1.819701e-03 1.084741e+01 6.314114e+00 1.255127e+01 5.820849e-01
1.862087e-03 1.075815e+01 6.302431e+00 1.246830e+01 5.858282e-01
1.905461e-03 1.066838e+01 6.290857e+00 1.238504e+01 5.896730e-01
1.949845e-03 1.057810e+01 6.279345e+00 1.230148e+01 5.936174e-01
1.995262e-03 1.048731e+01 6.267846e+00 1.221760e+01 5.976598e-01
2.041738e-03 1.039603e+01 6.256313e+00 1.213338e+01 6.017981e-01
2.089296e-03 1.030427e+01 6.244700e+00 1.204883e+01 6.060305e-01
2.137962e-03 1.021203e+01 6.232960e+00 1.196392e+01 6.103547e-01
2.187762e-03 1.011934e+01 6.221051e+00 1.187866e+01 6.147686e-01
2.238721e-03 1.002621e+01 6.208930e+00 1.179303e+01 6.192700e-01
2.290868e-03 9.932659e+00 6.196554e+00 1.170705e+01 6.238565e-01
2.344229e-03 9.838713e+00 6.183883e+00 1.162070e+01 6.285256e-01
2.398833e-03 9.744393e+00 6.170879e+00 1.153399e+01 6.332749e-01
2.454709e-03 9.649725e+00 6.157506e+00 1.144692e+01 6.381017e-01
2.511886e-03 9.554734e+00 6.143726e+00 1.135950e+01 6.430034e-01
2.570396e-03 9.459449e+00 6.129508e+00 1.127174e+01 6.479772e-01
2.630268e-03 9.363900e+00 6.114818e+00 1.118363e+01 6.530204e-01
2.691535e-03 9.268117e+00 6.099627e+00 1.109520e+01 6.581301e-01
2.754229e-03 9.172132e+00 6.083906e+00 1.100645e+01 6.633034e-01
2.818383e-03 9.075978e+00 6.067630e+00 1.091740e+01 6.685372e-01
2.884032e-03 8.979691e+00 6.050773e+00 1.082805e+01 6.738287e-01
2.951209e-03 8.883305e+00 6.033315e+00 1.073844e+01 6.791746e-01
3.019952e-03 8.786856e+00 6.015234e+00 1.064856e+01 6.845718e-01
3.090295e-03 8.690381e+00 5.996512e+00 1.055845e+01 6.900172e-01
3.162278e-03 8.593916e+00 5.977135e+00 1.046812e+01 6.955077e-01
3.235937e-03 8.497501e+00 5.957087e+00 1.037759e+01 7.010399e-01
3.311311e-03 8.401172e+00 5.936357e+00 1.028689e+01 7.066106e-01
3.388442e-03 8.304968e+00 5.914936e+00 1.019603e+01 7.122166e-01
3.467369e-03 8.208928e+00 5.892817e+00 1.010504e+01 7.178546e-01
3.548134e-03 8.113089e+00 5.869993e+00 1.001394e+01 7.235214e-01
3.630781e-03 8.017489e+00 5.846463e+00 9.922765e+00 7.292137e-01
3.715352e-03 7.922167e+00 5.822225e+00 9.831532e+00 7.349283e-01
3.801894e-03 7.827159e+00 5.797280e+00 9.740270e+00 7.406621e-01
3.890451e-03 7.732502e+00 5.771631e+00 9.649006e+00 7.464118e-01
3.981072e-03 7.638233e+00 5.745283e+00 9.557766e+00 7.521743e-01
4.073803e-03 7.544387e+00 5.718243e+00 9.466577e+00 7.579467e-01
4.168694e-03 7.450998e+00 5.690520e+00 9.375468e+00 7.637259e-01
4.265795e-03 7.358100e+00 5.662125e+00 9.284466e+00 7.695091e-01
4.365158e-03 7.265726e+00 5.633069e+00 9.193598e+00 7.752934e-01
4.466836e-03 7.173905e+00 5.603366e+00 9.102891e+00 7.810761e-01
4.570882e-03 7.082669e+00 5.573032e+00 9.012375e+00 7.868548e-01
4.677351e-03 6.992047e+00 5.542083e+00 8.922074e+00 7.926267e-01
4.786301e-03 6.902064e+00 5.510537e+00 8.832016e+00 7.983897e-01
4.897788e-03 6.812748e+00 5.478413e+00 8.742228e+00 8.041414e-01
5.011872e-03 6.724123e+00 5.445732e+00 8.652735e+00 8.098799e-01
5.128614e-03 6.636210e+00 5.412514e+00 8.563562e+00 8.156031e-01
5.248075e-03 6.549032e+00 5.378781e+00 8.474733e+00 8.213093e-01
5.370318e-03 6.462607e+00 5.344556e+00 8.386273e+00 8.269968e-01
5.495409e-03 6.376955e+00 5.309862e+00 8.298204e+00 8.326643e-01
5.623413e-03 6.292090e+00 5.274723e+00 8.210548e+00 8.383102e-01
5.754399e-03 6.208027e+00 5.239163e+00 8.123327e+00 8.439336e-01
5.888437e-03 6.124781e+00 5.203206e+00 8.036560e+00 8.495335e-01
6.025596e-03 6.042361e+00 5.166877e+00 7.950267e+00 8.551090e-01
6.165950e-03 5.960778e+00 5.130200e+00 7.864466e+00 8.606595e-01
6.309573e-03 5.880039e+00 5.093199e+00 7.779174e+00 8.661845e-01
6.456542e-03 5.800153e+00 5.055899e+00 7.694406e+00 8.716837e-01
6.606934e-03 5.721124e+00 5.018323e+00 7.610179e+00 8.771568e-01
6.760830e-03 5.642956e+00 4.980495e+00 7.526505e+00 8.826039e-01
6.918310e-03 5.565652e+00 4.942438e+00 7.443398e+00 8.880251e-01
7.079458e-03 5.489213e+00 4.904175e+00 7.360869e+00 8.934205e-01
7.244360e-03 5.413639e+00 4.865728e+00 7.278928e+00 8.987905e-01
7.413102e-03 5.338930e+00 4.827117e+00 7.197585e+00 9.041357e-01
7.585776e-03 5.265083e+00 4.788364e+00 7.116849e+00 9.094565e-01
7.762471e-03 5.192096e+00 4.749489e+00 7.036726e+00 9.147537e-01
7.943282e-03 5.119966e+00 4.710511e+00 6.957224e+00 9.200279e-01
8.128305e-03 5.048686e+00 4.671448e+00 6.878347e+00 9.252800e-01
8.317638e-03 4.978253e+00 4.632318e+00 6.800101e+00 9.305108e-01
8.511380e-03 4.908660e+00 4.593137e+00 6.722488e+00 9.357212e-01
8.709636e-03 4.839900e+00 4.553921e+00 6.645513e+00 9.409122e-01
8.912509e-03 4.771968e+00 4.514686e+00 6.569176e+00 9.460848e-01
9.120108e-03 4.704855e+00 4.475446e+00 6.493479e+00 9.512398e-01
9.332543e-03 4.638554e+00 4.436213e+00 6.418424e+00 9.563783e-01
9.549926e-03 4.573057e+00 4.397000e+00 6.344010e+00 9.615013e-01
9.772372e-03 4.508356e+00 4.357820e+00 6.270236e+00 9.666095e-01
1.000000e-02 4.444442e+00 4.318682e+00 6.197103e+00 9.717040e-01
1.023293e-02 4.381308e+00 4.279597e+00 6.124607e+00 9.767854e-01
1.047129e-02 4.318944e+00 4.240575e+00 6.052748e+00 9.818547e-01
1.071519e-02 4.257342e+00 4.201625e+00 5.981523e+00 9.869126e-01
1.096478e-02 4.196495e+00 4.162753e+00 5.910929e+00 9.919596e-01
1.122018e-02 4.136393e+00 4.123969e+00 5.840965e+00 9.969963e-01
1.148154e-02 4.077030e+00 4.085278e+00 5.771626e+00 1.002023e+00
1.174898e-02 4.018396e+00 4.046688e+00 5.702910e+00 1.007041e+00
1.202264e-02 3.960484e+00 4.008203e+00 5.634814e+00 1.012049e+00
1.230269e-02 3.903287e+00 3.969830e+00 5.567333e+00 1.017048e+00
1.258925e-02 3.846796e+00 3.931574e+00 5.500465e+00 1.022038e+00
1.288250e-02 3.791007e+00 3.893439e+00 5.434206e+00 1.027020e+00
1.318257e-02 3.735910e+00 3.855430e+00 5.368553e+00 1.031992e+00
1.348963e-02 3.681500e+00 3.817551e+00 5.303502e+00 1.036955e+00
1.380384e-02 3.627771e+00 3.779805e+00 5.239050e+00 1.041909e+00
1.412538e-02 3.574716e+00 3.742197e+00 5.175194e+00 1.046852e+00
1.445440e-02 3.522329e+00 3.704730e+00 5.111929e+00 1.051784e+00
1.479108e-02 3.470605e+00 3.667407e+00 5.049254e+00 1.056706e+00
1.513561e-02 3.419538e+00 3.630232e+00 4.987165e+00 1.061615e+00
1.548817e-02 3.369123e+00 3.593207e+00 4.925660e+00 1.066511e+00
1.584893e-02 3.319355e+00 3.556336e+00 4.864735e+00 1.071394e+00
1.621810e-02 3.270228e+00 3.519623e+00 4.804387e+00 1.076262e+00
1.659587e-02 3.221740e+00 3.483069e+00 4.744616e+00 1.081114e+00
1.698244e-02 3.173883e+00 3.446679e+00 4.685417e+00 1.085950e+00
1.737801e-02 3.126655e+00 3.410455e+00 4.626789e+00 1.090768e+00
1.778279e-02 3.080049e+00 3.374401e+00 4.568729e+00 1.095567e+00
1.819701e-02 3.034063e+00 3.338520e+00 4.511236e+00 1.100346e+00
1.862087e-02 2.988692e+00 3.302814e+00 4.454308e+00 1.105104e+00
1.905461e-02 2.943930e+00 3.267288e+00 4.397942e+00 1.109839e+00
1.949845e-02 2.899774e+00 3.231944e+00 4.342137e+00 1.114550e+00
1.995262e-02 2.856219e+00 3.196786e+00 4.286891e+00 1.119237e+00
2.041738e-02 2.813262e+00 3.161817e+00 4.232202e+00 1.123897e+00
2.089296e-02 2.770896e+00 3.127041e+00 4.178068e+00 1.128531e+00
2.137962e-02 2.729118e+00 3.092461e+00 4.124488e+00 1.133136e+00
2.187762e-02 2.687923e+00 3.058081e+00 4.071460e+00 1.137712e+00
2.238721e-02 2.647305e+00 3.023903e+00 4.018982e+00 1.142257e+00
2.290868e-02 2.607261e+00 2.989932e+00 3.967052e+00 1.146771e+00
2.344229e-02 2.567785e+00 2.956170e+00 3.915669e+00 1.151253e+00
2.398833e-02 2.528871e+00 2.922621e+00 3.864829e+00 1.155702e+00
2.454709e-02 2.490516e+00 2.889288e+00 3.814532e+00 1.160117e+00
2.511886e-02 2.452712e+00 2.856175e+00 3.764775e+00 1.164497e+00
2.570396e-02 2.415455e+00 2.823284e+00 3.715555e+00 1.168842e+00
2.630268e-02 2.378738e+00 2.790618e+00 3.666871e+00 1.173150e+00
2.691535e-02 2.342557e+00 2.758179e+00 3.618719e+00 1.177423e+00
2.754229e-02 2.306904e+00 2.725972e+00 3.571097e+00 1.181658e+00
2.818383e-02 2.271775e+00 2.693998e+00 3.524001e+00 1.185856e+00
2.884032e-02 2.237163e+00 2.662259e+00 3.477430e+00 1.190016e+00
2.951209e-02 2.203061e+00 2.630757e+00 3.431379e+00 1.194137e+00
3.019952e-02 2.169463e+00 2.599496e+00 3.385846e+00 1.198221e+00
3.090295e-02 2.136364e+00 2.568475e+00 3.340826e+00 1.202265e+00
3.162278e-02 2.103757e+00 2.537698e+00 3.296316e+00 1.206270e+00
3.235937e-02 2.071634e+00 2.507164e+00 3.252313e+00 1.210235e+00
3.311311e-02 2.039991e+00 2.476876e+00 3.208813e+00 1.214160e+00
3.388442e-02 2.008820e+00 2.446834e+00 3.165811e+00 1.218045e+00
3.467369e-02 1.978116e+00 2.417039e+00 3.123303e+00 1.221890e+00
3.548134e-02 1.947871e+00 2.387491e+00 3.081285e+00 1.225693e+00
3.630781e-02 1.918079e+00 2.358191e+00 3.039752e+00 1.229455e+00
3.715352e-02 1.888735e+00 2.329139e+00 2.998701e+00 1.233174e+00
3.801894e-02 1.859832e+00 2.300334e+00 2.958126e+00 1.236850e+00
3.890451e-02 1.831364e+00 2.271776e+00 2.918024e+00 1.240483e+00
3.981072e-02 1.803326e+00 2.243465e+00 2.878389e+00 1.244071e+00
4.073803e-02 1.775711e+00 2.215400e+00 2.839216e+00 1.247613e+00
4.168694e-02 1.748515e+00 2.187581e+00 2.800502e+00 1.251108e+00
4.265795e-02 1.721731e+00 2.160005e+00 2.762242e+00 1.254555e+00
4.365158e-02 1.695354e+00 2.132673e+00 2.724430e+00 1.257951e+00
4.466836e-02 1.669380e+00 2.105583e+00 2.687063e+00 1.261297e+00
4.570882e-02 1.643803e+00 2.078733e+00 2.650136e+00 1.264588e+00
4.677351e-02 1.618619e+00 2.052123e+00 2.613645e+00 1.267824e+00
4.786301e-02 1.593823e+00 2.025752e+00 2.577584e+00 1.271002e+00
4.897788e-02 1.569411e+00 1.999617e+00 2.541952e+00 1.274119e+00
5.011872e-02 1.545379e+00 1.973717e+00 2.506742e+00 1.277173e+00
5.128614e-02 1.521723e+00 1.948051e+00 2.471952e+00 1.280161e+00
5.248075e-02 1.498439e+00 1.922618e+00 2.437577e+00 1.283080e+00
5.370318e-02 1.475524e+00 1.897416e+00 2.403614e+00 1.285927e+00
5.495409e-02 1.452974e+00 1.872444e+00 2.370059e+00 1.288697e+00
5.623413e-02 1.430786e+00 1.847701e+00 2.336909e+00 1.291389e+00
5.754399e-02 1.408956e+00 1.823185e+00 2.304162e+00 1.293997e+00
5.888437e-02 1.387482e+00 1.798897e+00 2.271814e+00 1.296519e+00
6.025596e-02 1.366362e+00 1.774835e+00 2.239862e+00 1.298949e+00
6.165950e-02 1.345591e+00 1.750997e+00 2.208304e+00 1.301285e+00
6.309573e-02 1.325167e+00 1.727385e+00 2.177137e+00 1.303522e+00
6.456542e-02 1.305089e+00 1.703996e+00 2.146360e+00 1.305655e+00
6.606934e-02 1.285352e+00 1.680831e+00 2.115969e+00 1.307682e+00
6.760830e-02 1.265955e+00 1.657891e+00 2.085964e+00 1.309596e+00
6.918310e-02 1.246896e+00 1.635173e+00 2.056342e+00 1.311396e+00
7.079458e-02 1.228170e+00 1.612680e+00 2.027101e+00 1.313075e+00
7.244360e-02 1.209777e+00 1.590411e+00 1.998241e+00 1.314631e+00
7.413102e-02 1.191713e+00 1.568366e+00 1.969760e+00 1.316060e+00
7.585776e-02 1.173976e+00 1.546547e+00 1.941655e+00 1.317359e+00
7.762471e-02 1.156562e+00 1.524953e+00 1.913927e+00 1.318523e+00
7.943282e-02 1.139470e+00 1.503586e+00 1.886574e+00 1.319549e+00
8.128305e-02 1.122695e+00 1.482447e+00 1.859595e+00 1.320436e+00
8.317638e-02 1.106236e+00 1.461536e+00 1.832988e+00 1.321179e+00
8.511380e-02 1.090088e+00 1.440855e+00 1.806752e+00 1.321778e+00
8.709636e-02 1.074249e+00 1.420404e+00 1.780887e+00 1.322230e+00
8.912509e-02 1.058715e+00 1.400186e+00 1.755391e+00 1.322533e+00
9.120108e-02 1.043483e+00 1.380201e+00 1.730263e+00 1.322687e+00
9.332543e-02 1.028548e+00 1.360451e+00 1.705502e+00 1.322690e+00
9.549926e-02 1.013908e+00 1.340936e+00 1.681106e+00 1.322543e+00
9.772372e-02 9.995564e-01 1.321659e+00 1.657075e+00 1.322246e+00
1.000000e-01 9.854908e-01 1.302621e+00 1.633405e+00 1.321799e+00
1.023293e-01 9.717063e-01 1.283822e+00 1.610097e+00 1.321204e+00
1.047129e-01 9.581984e-01 1.265264e+00 1.587148e+00 1.320462e+00
1.071519e-01 9.449623e-01 1.246948e+00 1.564555e+00 1.319575e+00
1.096478e-01 9.319932e-01 1.228876e+00 1.542319e+00 1.318546e+00
1.122018e-01 9.192861e-01 1.211047e+00 1.520435e+00 1.317377e+00
1.148154e-01 9.068360e-01 1.193463e+00 1.498901e+00 1.316074e+00
1.174898e-01 8.946374e-01 1.176124e+00 1.477716e+00 1.314638e+00
1.202264e-01 8.826851e-01 1.159032e+00 1.456876e+00 1.313075e+00
1.230269e-01 8.709736e-01 1.142186e+00 1.436379e+00 1.311390e+00
1.258925e-01 8.594973e-01 1.125587e+00 1.416221e+00 1.309588e+00
1.288250e-01 8.482506e-01 1.109235e+00 1.396399e+00 1.307673e+00
1.318257e-01 8.372278e-01 1.093129e+00 1.376910e+00 1.305653e+00
1.348963e-01 8.264231e-01 1.077270e+00 1.357750e+00 1.303533e+00
1.380384e-01 8.158307e-01 1.061657e+00 1.338916e+00 1.301320e+00
1.412538e-01 8.054447e-01 1.046289e+00 1.320403e+00 1.299021e+00
1.445440e-01 7.952594e-01 1.031167e+00 1.302207e+00 1.296642e+00
1.479108e-01 7.852688e-01 1.016287e+00 1.284324e+00 1.294190e+00
1.513561e-01 7.754672e-01 1.001650e+00 1.266749e+00 1.291673e+00
1.548817e-01 7.658487e-01 9.872546e-01 1.249478e+00 1.289099e+00
1.584893e-01 7.564075e-01 9.730983e-01 1.232507e+00 1.286474e+00
1.621810e-01 7.471380e-01 9.591797e-01 1.215829e+00 1.283805e+00
1.659587e-01 7.380344e-01 9.454970e-01 1.199441e+00 1.281101e+00
1.698244e-01 7.290913e-01 9.320479e-01 1.183337e+00 1.278369e+00
1.737801e-01 7.203032e-01 9.188302e-01 1.167513e+00 1.275616e+00
1.778279e-01 7.116646e-01 9.058415e-01 1.151961e+00 1.272849e+00
1.819701e-01 7.031703e-01 8.930791e-01 1.136679e+00 1.270075e+00
1.862087e-01 6.948153e-01 8.805403e-01 1.121659e+00 1.267301e+00
1.905461e-01 6.865944e-01 8.682223e-01 1.106897e+00 1.264534e+00
1.949845e-01 6.785029e-01 8.561219e-01 1.092388e+00 1.261781e+00
1.995262e-01 6.705359e-01 8.442361e-01 1.078125e+00 1.259047e+00
2.041738e-01 6.626891e-01 8.325616e-01 1.064103e+00 1.256338e+00
2.089296e-01 6.549579e-01 8.210950e-01 1.050318e+00 1.253661e+00
2.137962e-01 6.473382e-01 8.098330e-01 1.036762e+00 1.251020e+00
2.187762e-01 6.398259e-01 7.987720e-01 1.023432e+00 1.248421e+00
2.238721e-01 6.324171e-01 7.879084e-01 1.010322e+00 1.245868e+00
2.290868e-01 6.251082e-01 7.772386e-01 9.974267e-01 1.243367e+00
2.344229e-01 6.178955e-01 7.667589e-01 9.847406e-01 1.240920e+00
2.398833e-01 6.107758e-01 7.564657e-01 9.722589e-01 1.238533e+00
2.454709e-01 6.037458e-01 7.463552e-01 9.599766e-01 1.236208e+00
2.511886e-01 5.968026e-01 7.364238e-01 9.478889e-01 1.233949e+00
2.570396e-01 5.899433e-01 7.266676e-01 9.359909e-01 1.231758e+00
2.630268e-01 5.831654e-01 7.170829e-01 9.242780e-01 1.229639e+00
2.691535e-01 5.764662e-01 7.076662e-01 9.127457e-01 1.227594e+00
2.754229e-01 5.698435e-01 6.984138e-01 9.013897e-01 1.225624e+00
2.818383e-01 5.632951e-01 6.893219e-01 8.902057e-01 1.223731e+00
2.884032e-01 5.568190e-01 6.803873e-01 8.791895e-01 1.221918e+00
2.951209e-01 5.504133e-01 6.716062e-01 8.683373e-01 1.220185e+00
3.019952e-01 5.440762e-01 6.629753e-01 8.576451e-01 1.218534e+00
3.090295e-01 5.378061e-01 6.544913e-01 8.471094e-01 1.216965e+00
3.162278e-01 5.316016e-01 6.461509e-01 8.367265e-01 1.215480e+00
3.235937e-01 5.254611e-01 6.379508e-01 8.264930e-01 1.214078e+00
3.311311e-01 5.193836e-01 6.298881e-01 8.164058e-01 1.212761e+00
3.388442e-01 5.133677e-01 6.219597e-01 8.064616e-01 1.211529e+00
3.467369e-01 5.074124e-01 6.141627e-01 7.966575e-01 1.210382e+00
3.548134e-01 5.015166e-01 6.064942e-01 7.869906e-01 1.209320e+00
3.630781e-01 4.956794e-01 5.989517e-01 7.774581e-01 1.208345e+00
3.715352e-01 4.898999e-01 5.915323e-01 7.680575e-01 1.207456e+00
3.801894e-01 4.841772e-01 5.842337e-01 7.587863e-01 1.206653e+00
3.890451e-01 4.785106e-01 5.770534e-01 7.496420e-01 1.205936e+00
3.981072e-01 4.728994e-01 5.699891e-01 7.406223e-01 1.205307e+00
4.073803e-01 4.673426e-01 5.630385e-01 7.317250e-01 1.204766e+00
4.168694e-01 4.618398e-01 5.561996e-01 7.229481e-01 1.204313e+00
4.265795e-01 4.563901e-01 5.494701e-01 7.142894e-01 1.203948e+00
4.365158e-01 4.509929e-01 5.428483e-01 7.057470e-01 1.203674e+00
4.466836e-01 4.456475e-01 5.363321e-01 6.973190e-01 1.203489e+00
4.570882e-01 4.403533e-01 5.299198e-01 6.890036e-01 1.203397e+00
4.677351e-01 4.351095e-01 5.236095e-01 6.807989e-01 1.203397e+00
4.786301e-01 4.299154e-01 5.173997e-01 6.727033e-01 1.203492e+00
4.897788e-01 4.247703e-01 5.112887e-01 6.647150e-01 1.203683e+00
5.011872e-01 4.196736e-01 5.052749e-01 6.568323e-01 1.203971e+00
5.128614e-01 4.146244e-01 4.993568e-01 6.490536e-01 1.204359e+00
5.248075e-01 4.096220e-01 4.935329e-01 6.413774e-01 1.204850e+00
5.370318e-01 4.046656e-01 4.878018e-01 6.338019e-01 1.205444e+00
5.495409e-01 3.997544e-01 4.821620e-01 6.263256e-01 1.206146e+00
5.623413e-01 3.948875e-01 4.766122e-01 6.189470e-01 1.206957e+00
5.754399e-01 3.900641e-01 4.711510e-01 6.116643e-01 1.207881e+00
5.888437e-01 3.852833e-01 4.657771e-01 6.044762e-01 1.208921e+00
6.025596e-01 3.805441e-01 4.604891e-01 5.973810e-01 1.210081e+00
6.165950e-01 3.758458e-01 4.552856e-01 5.903770e-01 1.211363e+00
6.309573e-01 3.711872e-01 4.501654e-01 5.834628e-01 1.212772e+00
6.456542e-01 3.665675e-01 4.451271e-01 5.766367e-01 1.214311e+00
6.606934e-01 3.619857e-01 4.401694e-01 5.698972e-01 1.215986e+00
6.760830e-01 3.574409e-01 4.352910e-01 5.632426e-01 1.217799e+00
6.918310e-01 3.529319e-01 4.304903e-01 5.566712e-01 1.219755e+00
7.079458e-01 3.484579e-01 4.257662e-01 5.501816e-01 1.221859e+00
7.244360e-01 3.440178e-01 4.211172e-01 5.437720e-01 1.224115e+00
7.413102e-01 3.396106e-01 4.165419e-01 5.374407e-01 1.226528e+00
7.585776e-01 3.352354e-01 4.120389e-01 5.311863e-01 1.229103e+00
7.762471e-01 3.308913e-01 4.076067e-01 5.250069e-01 1.231845e+00
7.943282e-01 3.265771e-01 4.032438e-01 5.189009e-01 1.234758e+00
8.128305e-01 3.222921e-01 3.989487e-01 5.128667e-01 1.237848e+00
8.317638e-01 3.180353e-01 3.947200e-01 5.069027e-01 1.241120e+00
8.511380e-01 3.138057e-01 3.905561e-01 5.010071e-01 1.244579e+00
8.709636e-01 3.096026e-01 3.864555e-01 4.951784e-01 1.248231e+00
8.912509e-01 3.054252e-01 3.824165e-01 4.894148e-01 1.252079e+00
9.120108e-01 3.012725e-01 3.784376e-01 4.837149e-01 1.256131e+00
9.332543e-01 2.971439e-01 3.745171e-01 4.780770e-01 1.260390e+00
9.549926e-01 2.930386e-01 3.706535e-01 4.724994e-01 1.264862e+00
9.772372e-01 2.889561e-01 3.668452e-01 4.669807e-01 1.269554e+00
1.000000e+00 2.848955e-01 3.630904e-01 4.615193e-01 1.274469e+00
1.023293e+00 2.808565e-01 3.593875e-01 4.561137e-01 1.279613e+00
1.047129e+00 2.768383e-01 3.557349e-01 4.507625e-01 1.284992e+00
1.071519e+00 2.728407e-01 3.521310e-01 4.454641e-01 1.290610e+00
1.096478e+00 2.688630e-01 3.485740e-01 4.402172e-01 1.296474e+00
1.122018e+00 2.649050e-01 3.450624e-01 4.350203e-01 1.302589e+00
1.148154e+00 2.609663e-01 3.415944e-01 4.298722e-01 1.308960e+00
1.174898e+00 2.570466e-01 3.381685e-01 4.247716e-01 1.315592e+00
1.202264e+00 2.531458e-01 3.347831e-01 4.197172e-01 1.322491e+00
1.230269e+00 2.492636e-01 3.314365e-01 4.147077e-01 1.329663e+00
1.258925e+00 2.453999e-01 3.281272e-01 4.097421e-01 1.337112e+00
1.288250e+00 2.415547e-01 3.248536e-01 4.048191e-01 1.344845e+00
1.318257e+00 2.377279e-01 3.216143e-01 3.999379e-01 1.352867e+00
1.348963e+00 2.339196e-01 3.184076e-01 3.950972e-01 1.361184e+00
1.380384e+00 2.301298e-01 3.152322e-01 3.902961e-01 1.369802e+00
1.412538e+00 2.263586e-01 3.120865e-01 3.855337e-01 1.378726e+00
1.445440e+00 2.226063e-01 3.089693e-01 3.808091e-01 1.387963e+00
1.479108e+00 2.188730e-01 3.058790e-01 3.761215e-01 1.397518e+00
1.513561e+00 2.151590e-01 3.028145e-01 3.714700e-01 1.407399e+00
1.548817e+00 2.114645e-01 2.997743e-01 3.668540e-01 1.417610e+00
1.584893e+00 2.077899e-01 2.967573e-01 3.622727e-01 1.428160e+00
1.621810e+00 2.041355e-01 2.937622e-01 3.577255e-01 1.439055e+00
1.659587e+00 2.005017e-01 2.907879e-01 3.532117e-01 1.450302e+00
1.698244e+00 1.968888e-01 2.878332e-01 3.487308e-01 1.461907e+00
1.737801e+00 1.932975e-01 2.848970e-01 3.442822e-01 1.473879e+00
1.778279e+00 1.897280e-01 2.819784e-01 3.398655e-01 1.486225e+00
1.819701e+00 1.861809e-01 2.790764e-01 3.354801e-01 1.498953e+00
1.862087e+00 1.826566e-01 2.761899e-01 3.311258e-01 1.512071e+00
1.905461e+00 1.791558e-01 2.733181e-01 3.268020e-01 1.525589e+00
1.949845e+00 1.756789e-01 2.704601e-01 3.225085e-01 1.539514e+00
1.995262e+00 1.722265e-01 2.676151e-01 3.182449e-01 1.553855e+00
2.041738e+00 1.687991e-01 2.647823e-01 3.140109e-01 1.568624e+00
2.089296e+00 1.653974e-01 2.619611e-01 3.098063e-01 1.583828e+00
2.137962e+00 1.620219e-01 2.591507e-01 3.056308e-01 1.599480e+00
2.187762e+00 1.586732e-01 2.563505e-01 3.014843e-01 1.615588e+00
2.238721e+00 1.553519e-01 2.535599e-01 2.973664e-01 1.632165e+00
2.290868e+00 1.520586e-01 2.507782e-01 2.932772e-01 1.649221e+00
2.344229e+00 1.487939e-01 2.480051e-01 2.892165e-01 1.666770e+00
2.398833e+00 1.455584e-01 2.452401e-01 2.851841e-01 1.684822e+00
2.454709e+00 1.423528e-01 2.424826e-01 2.811799e-01 1.703392e+00
2.511886e+00 1.391777e-01 2.397323e-01 2.772039e-01 1.722491e+00
2.570396e+00 1.360336e-01 2.369889e-01 2.732561e-01 1.742135e+00
2.630268e+00 1.329213e-01 2.342520e-01 2.693363e-01 1.762337e+00
2.691535e+00 1.298412e-01 2.315214e-01 2.654447e-01 1.783112e+00
2.754229e+00 1.267941e-01 2.287967e-01 2.615811e-01 1.804474e+00
2.818383e+00 1.237805e-01 2.260778e-01 2.577456e-01 1.826441e+00
2.884032e+00 1.208011e-01 2.233646e-01 2.539383e-01 1.849028e+00
2.951209e+00 1.178564e-01 2.206569e-01 2.501591e-01 1.872252e+00
3.019952e+00 1.149471e-01 2.179546e-01 2.464082e-01 1.896130e+00
3.090295e+00 1.120737e-01 2.152576e-01 2.426857e-01 1.920679e+00
3.162278e+00 1.092368e-01 2.125660e-01 2.389916e-01 1.945919e+00
3.235937e+00 1.064370e-01 2.098798e-01 2.353261e-01 1.971868e+00
3.311311e+00 1.036749e-01 2.071990e-01 2.316893e-01 1.998546e+00
3.388442e+00 1.009510e-01 2.045238e-01 2.280813e-01 2.025971e+00
3.467369e+00 9.826580e-02 2.018542e-01 2.245023e-01 2.054166e+00
3.548134e+00 9.561988e-02 1.991905e-01 2.209525e-01 2.083150e+00
3.630781e+00 9.301372e-02 1.965329e-01 2.174321e-01 2.112945e+00
3.715352e+00 9.044782e-02 1.938815e-01 2.139412e-01 2.143573e+00
3.801894e+00 8.792263e-02 1.912368e-01 2.104801e-01 2.175057e+00
3.890451e+00 8.543861e-02 1.885989e-01 2.070490e-01 2.207420e+00
3.981072e+00 8.299617e-02 1.859683e-01 2.036482e-01 2.240685e+00
4.073803e+00 8.059571e-02 1.833454e-01 2.002778e-01 2.274877e+00
4.168694e+00 7.823760e-02 1.807305e-01 1.969381e-01 2.310021e+00
4.265795e+00 7.592217e-02 1.781241e-01 1.936295e-01 2.346141e+00
4.365158e+00 7.364974e-02 1.755267e-01 1.903521e-01 2.383263e+00
4.466836e+00 7.142059e-02 1.729389e-01 1.871063e-01 2.421415e+00
4.570882e+00 6.923494e-02 1.703610e-01 1.838922e-01 2.460622e+00
4.677351e+00 6.709302e-02 1.677937e-01 1.807103e-01 2.500912e+00
4.786301e+00 6.499499e-02 1.652376e-01 1.775608e-01 2.542313e+00
4.897788e+00 6.294098e-02 1.626933e-01 1.744439e-01 2.584854e+00
5.011872e+00 6.093109e-02 1.601613e-01 1.713600e-01 2.628564e+00
5.128614e+00 5.896537e-02 1.576423e-01 1.683093e-01 2.673473e+00
5.248075e+00 5.704383e-02 1.551370e-01 1.652921e-01 2.719610e+00
5.370318e+00 5.516644e-02 1.526460e-01 1.623087e-01 2.767007e+00
5.495409e+00 5.333314e-02 1.501699e-01 1.593594e-01 2.815696e+00
5.623413e+00 5.154380e-02 1.477094e-01 1.564444e-01 2.865707e+00
5.754399e+00 4.979827e-02 1.452653e-01 1.535639e-01 2.917075e+00
5.888437e+00 4.809637e-02 1.428381e-01 1.507182e-01 2.969832e+00
6.025596e+00 4.643784e-02 1.404286e-01 1.479076e-01 3.024012e+00
6.165950e+00 4.482241e-02 1.380373e-01 1.451322e-01 3.079650e+00
6.309573e+00 4.324976e-02 1.356650e-01 1.423922e-01 3.136781e+00
6.456542e+00 4.171953e-02 1.333123e-01 1.396878e-01 3.195440e+00
6.606934e+00 4.023133e-02 1.309798e-01 1.370192e-01 3.255666e+00
6.760830e+00 3.878472e-02 1.286681e-01 1.343865e-01 3.317494e+00
6.918310e+00 3.737924e-02 1.263778e-01 1.317898e-01 3.380962e+00
7.079458e+00 3.601439e-02 1.241096e-01 1.292293e-01 3.446110e+00
7.244360e+00 3.468962e-02 1.218639e-01 1.267051e-01 3.512978e+00
7.413102e+00 3.340438e-02 1.196413e-01 1.242171e-01 3.581604e+00
7.585776e+00 3.215808e-02 1.174423e-01 1.217655e-01 3.652031e+00
7.762471e+00 3.095009e-02 1.152674e-01 1.193503e-01 3.724299e+00
7.943282e+00 2.977977e-02 1.131171e-01 1.169714e-01 3.798453e+00
8.128305e+00 2.864647e-02 1.109917e-01 1.146289e-01 3.874535e+00
8.317638e+00 2.754948e-02 1.088918e-01 1.123227e-01 3.952590e+00
8.511380e+00 2.648811e-02 1.068176e-01 1.100528e-01 4.032662e+00
8.709636e+00 2.546164e-02 1.047695e-01 1.078191e-01 4.114799e+00
8.912509e+00 2.446933e-02 1.027479e-01 1.056214e-01 4.199048e+00
9.120108e+00 2.351044e-02 1.007530e-01 1.034597e-01 4.285456e+00
9.332543e+00 2.258421e-02 9.878501e-02 1.013337e-01 4.374073e+00
9.549926e+00 2.168989e-02 9.684424e-02 9.924343e-02 4.464949e+00
9.772372e+00 2.082668e-02 9.493086e-02 9.718858e-02 4.558136e+00
1.000000e+01 1.999384e-02 9.304504e-02 9.516897e-02 4.653686e+00
