1.000000e-06 7.905725e+01 1.115487e+00 7.906512e+01 1.410986e-02
1.023293e-06 7.905633e+01 1.141453e+00 7.906457e+01 1.443848e-02
1.047129e-06 7.905537e+01 1.168023e+00 7.906400e+01 1.477475e-02
1.071519e-06 7.905436e+01 1.195211e+00 7.906340e+01 1.511885e-02
1.096478e-06 7.905331e+01 1.223031e+00 7.906277e+01 1.547096e-02
1.122018e-06 7.905220e+01 1.251497e+00 7.906211e+01 1.583127e-02
1.148154e-06 7.905104e+01 1.280625e+00 7.906141e+01 1.619997e-02
1.174898e-06 7.904983e+01 1.310429e+00 7.906069e+01 1.657726e-02
1.202264e-06 7.904856e+01 1.340926e+00 7.905993e+01 1.696332e-02
1.230269e-06 7.904723e+01 1.372132e+00 7.905914e+01 1.735838e-02
1.258925e-06 7.904584e+01 1.404062e+00 7.905831e+01 1.776263e-02
1.288250e-06 7.904438e+01 1.436734e+00 7.905744e+01 1.817629e-02
1.318257e-06 7.904286e+01 1.470164e+00 7.905653e+01 1.859959e-02
1.348963e-06 7.904126e+01 1.504371e+00 7.905557e+01 1.903273e-02
1.380384e-06 7.903958e+01 1.539372e+00 7.905457e+01 1.947596e-02
1.412538e-06 7.903783e+01 1.575185e+00 7.905353e+01 1.992951e-02
1.445440e-06 7.903600e+01 1.611829e+00 7.905243e+01 2.039361e-02
1.479108e-06 7.903408e+01 1.649324e+00 7.905128e+01 2.086851e-02
1.513561e-06 7.903207e+01 1.687688e+00 7.905008e+01 2.135447e-02
1.548817e-06 7.902996e+01 1.726942e+00 7.904883e+01 2.185174e-02
1.584893e-06 7.902776e+01 1.767106e+00 7.904751e+01 2.236058e-02
1.621810e-06 7.902545e+01 1.808202e+00 7.904613e+01 2.288126e-02
1.659587e-06 7.902303e+01 1.850250e+00 7.904469e+01 2.341406e-02
1.698244e-06 7.902050e+01 1.893272e+00 7.904318e+01 2.395925e-02
1.737801e-06 7.901785e+01 1.937291e+00 7.904159e+01 2.451713e-02
1.778279e-06 7.901507e+01 1.982330e+00 7.903994e+01 2.508799e-02
1.819701e-06 7.901217e+01 2.028411e+00 7.903820e+01 2.567214e-02
1.862087e-06 7.900913e+01 2.075560e+00 7.903639e+01 2.626987e-02
1.905461e-06 7.900594e+01 2.123799e+00 7.903448e+01 2.688151e-02
1.949845e-06 7.900261e+01 2.173154e+00 7.903249e+01 2.750738e-02
1.995262e-06 7.899912e+01 2.223651e+00 7.903041e+01 2.814780e-02
2.041738e-06 7.899546e+01 2.275316e+00 7.902822e+01 2.880312e-02
2.089296e-06 7.899164e+01 2.328174e+00 7.902594e+01 2.947368e-02
2.137962e-06 7.898763e+01 2.382254e+00 7.902354e+01 3.015984e-02
2.187762e-06 7.898343e+01 2.437583e+00 7.902104e+01 3.086195e-02
2.238721e-06 7.897904e+01 2.494189e+00 7.901841e+01 3.158039e-02
2.290868e-06 7.897444e+01 2.552101e+00 7.901567e+01 3.231553e-02
2.344229e-06 7.896963e+01 2.611349e+00 7.901279e+01 3.306776e-02
2.398833e-06 7.896459e+01 2.671962e+00 7.900978e+01 3.383748e-02
2.454709e-06 7.895931e+01 2.733973e+00 7.900663e+01 3.462509e-02
2.511886e-06 7.895378e+01 2.797411e+00 7.900332e+01 3.543100e-02
2.570396e-06 7.894800e+01 2.862310e+00 7.899987e+01 3.625564e-02
2.630268e-06 7.894194e+01 2.928702e+00 7.899625e+01 3.709945e-02
2.691535e-06 7.893560e+01 2.996621e+00 7.899246e+01 3.796286e-02
2.754229e-06 7.892896e+01 3.066100e+00 7.898849e+01 3.884632e-02
2.818383e-06 7.892201e+01 3.137175e+00 7.898434e+01 3.975031e-02
2.884032e-06 7.891474e+01 3.209881e+00 7.897999e+01 4.067530e-02
2.951209e-06 7.890712e+01 3.284254e+00 7.897544e+01 4.162176e-02
3.019952e-06 7.889915e+01 3.360331e+00 7.897067e+01 4.259020e-02
3.090295e-06 7.889080e+01 3.438150e+00 7.896569e+01 4.358113e-02
3.162278e-06 7.888206e+01 3.517749e+00 7.896046e+01 4.459505e-02
3.235937e-06 7.887292e+01 3.599169e+00 7.895499e+01 4.563250e-02
3.311311e-06 7.886334e+01 3.682447e+00 7.894927e+01 4.669403e-02
3.388442e-06 7.885332e+01 3.767626e+00 7.894328e+01 4.778018e-02
3.467369e-06 7.884283e+01 3.854746e+00 7.893700e+01 4.889153e-02
3.548134e-06 7.883184e+01 3.943851e+00 7.893043e+01 5.002865e-02
3.630781e-06 7.882035e+01 4.034982e+00 7.892356e+01 5.119213e-02
3.715352e-06 7.880831e+01 4.128183e+00 7.891636e+01 5.238259e-02
3.801894e-06 7.879572e+01 4.223500e+00 7.890883e+01 5.360063e-02
3.890451e-06 7.878253e+01 4.320977e+00 7.890094e+01 5.484689e-02
3.981072e-06 7.876873e+01 4.420661e+00 7.889268e+01 5.612203e-02
4.073803e-06 7.875429e+01 4.522598e+00 7.888404e+01 5.742669e-02
4.168694e-06 7.873917e+01 4.626836e+00 7.887499e+01 5.876155e-02
4.265795e-06 7.872335e+01 4.733423e+00 7.886552e+01 6.012731e-02
4.365158e-06 7.870679e+01 4.842410e+00 7.885561e+01 6.152468e-02
4.466836e-06 7.868946e+01 4.953844e+00 7.884524e+01 6.295436e-02
4.570882e-06 7.867132e+01 5.067778e+00 7.883438e+01 6.441710e-02
4.677351e-06 7.865234e+01 5.184263e+00 7.882301e+01 6.591365e-02
4.786301e-06 7.863248e+01 5.303350e+00 7.881112e+01 6.744478e-02
4.897788e-06 7.861169e+01 5.425093e+00 7.879867e+01 6.901128e-02
5.011872e-06 7.858994e+01 5.549546e+00 7.878563e+01 7.061394e-02
5.128614e-06 7.856718e+01 5.676761e+00 7.877200e+01 7.225360e-02
5.248075e-06 7.854337e+01 5.806795e+00 7.875773e+01 7.393107e-02
5.370318e-06 7.851845e+01 5.939703e+00 7.874279e+01 7.564723e-02
5.495409e-06 7.849238e+01 6.075541e+00 7.872716e+01 7.740293e-02
5.623413e-06 7.846510e+01 6.214364e+00 7.871080e+01 7.919908e-02
5.754399e-06 7.843657e+01 6.356232e+00 7.869369e+01 8.103659e-02
5.888437e-06 7.840671e+01 6.501200e+00 7.867578e+01 8.291637e-02
6.025596e-06 7.837549e+01 6.649328e+00 7.865704e+01 8.483939e-02
6.165950e-06 7.834282e+01 6.800674e+00 7.863744e+01 8.680660e-02
6.309573e-06 7.830865e+01 6.955295e+00 7.861692e+01 8.881900e-02
6.456542e-06 7.827291e+01 7.113252e+00 7.859546e+01 9.087758e-02
6.606934e-06 7.823552e+01 7.274604e+00 7.857300e+01 9.298339e-02
6.760830e-06 7.819643e+01 7.439409e+00 7.854951e+01 9.513746e-02
6.918310e-06 7.815554e+01 7.607728e+00 7.852494e+01 9.734087e-02
7.079458e-06 7.811279e+01 7.779619e+00 7.849923e+01 9.959470e-02
7.244360e-06 7.806808e+01 7.955142e+00 7.847235e+01 1.019001e-01
7.413102e-06 7.802133e+01 8.134355e+00 7.844422e+01 1.042581e-01
7.585776e-06 7.797246e+01 8.317318e+00 7.841481e+01 1.066699e-01
7.762471e-06 7.792136e+01 8.504088e+00 7.838404e+01 1.091368e-01
7.943282e-06 7.786795e+01 8.694723e+00 7.835187e+01 1.116598e-01
8.128305e-06 7.781212e+01 8.889279e+00 7.831823e+01 1.142403e-01
8.317638e-06 7.775376e+01 9.087813e+00 7.828305e+01 1.168794e-01
8.511380e-06 7.769277e+01 9.290379e+00 7.824626e+01 1.195784e-01
8.709636e-06 7.762903e+01 9.497031e+00 7.820780e+01 1.223386e-01
8.912509e-06 7.756244e+01 9.707822e+00 7.816760e+01 1.251614e-01
9.120108e-06 7.749285e+01 9.922801e+00 7.812557e+01 1.280480e-01
9.332543e-06 7.742016e+01 1.014202e+01 7.808163e+01 1.309997e-01
9.549926e-06 7.734422e+01 1.036552e+01 7.803571e+01 1.340181e-01
9.772372e-06 7.726490e+01 1.059335e+01 7.798772e+01 1.371043e-01
1.000000e-05 7.718207e+01 1.082556e+01 7.793757e+01 1.402600e-01
1.023293e-05 7.709557e+01 1.106217e+01 7.788516e+01 1.434865e-01
1.047129e-05 7.700525e+01 1.130324e+01 7.783040e+01 1.467853e-01
1.071519e-05 7.691096e+01 1.154878e+01 7.777320e+01 1.501578e-01
1.096478e-05 7.681254e+01 1.179883e+01 7.771344e+01 1.536056e-01
1.122018e-05 7.670982e+01 1.205342e+01 7.765102e+01 1.571301e-01
1.148154e-05 7.660262e+01 1.231257e+01 7.758583e+01 1.607330e-01
1.174898e-05 7.649078e+01 1.257629e+01 7.751776e+01 1.644158e-01
1.202264e-05 7.637411e+01 1.284460e+01 7.744668e+01 1.681800e-01
1.230269e-05 7.625242e+01 1.311749e+01 7.737247e+01 1.720272e-01
1.258925e-05 7.612551e+01 1.339498e+01 7.729502e+01 1.759592e-01
1.288250e-05 7.599320e+01 1.367706e+01 7.721417e+01 1.799774e-01
1.318257e-05 7.585527e+01 1.396371e+01 7.712980e+01 1.840835e-01
1.348963e-05 7.571151e+01 1.425491e+01 7.704178e+01 1.882793e-01
1.380384e-05 7.556171e+01 1.455064e+01 7.694994e+01 1.925662e-01
1.412538e-05 7.540566e+01 1.485085e+01 7.685415e+01 1.969461e-01
1.445440e-05 7.524312e+01 1.515551e+01 7.675426e+01 2.014206e-01
1.479108e-05 7.507386e+01 1.546457e+01 7.665010e+01 2.059914e-01
1.513561e-05 7.489766e+01 1.577795e+01 7.654152e+01 2.106601e-01
1.548817e-05 7.471428e+01 1.609559e+01 7.642834e+01 2.154285e-01
1.584893e-05 7.452346e+01 1.641739e+01 7.631040e+01 2.202983e-01
1.621810e-05 7.432497e+01 1.674327e+01 7.618752e+01 2.252712e-01
1.659587e-05 7.411856e+01 1.707312e+01 7.605953e+01 2.303487e-01
1.698244e-05 7.390398e+01 1.740681e+01 7.592625e+01 2.355327e-01
1.737801e-05 7.368096e+01 1.774420e+01 7.578747e+01 2.408248e-01
1.778279e-05 7.344927e+01 1.808517e+01 7.564303e+01 2.462266e-01
1.819701e-05 7.320863e+01 1.842953e+01 7.549272e+01 2.517398e-01
1.862087e-05 7.295879e+01 1.877711e+01 7.533634e+01 2.573659e-01
1.905461e-05 7.269950e+01 1.912772e+01 7.517371e+01 2.631066e-01
1.949845e-05 7.243049e+01 1.948115e+01 7.500461e+01 2.689634e-01
1.995262e-05 7.215151e+01 1.983718e+01 7.482884e+01 2.749378e-01
2.041738e-05 7.186232e+01 2.019556e+01 7.464619e+01 2.810312e-01
2.089296e-05 7.156266e+01 2.055603e+01 7.445646e+01 2.872451e-01
2.137962e-05 7.125229e+01 2.091831e+01 7.425944e+01 2.935809e-01
2.187762e-05 7.093096e+01 2.128211e+01 7.405491e+01 3.000398e-01
2.238721e-05 7.059846e+01 2.164712e+01 7.384268e+01 3.066231e-01
2.290868e-05 7.025456e+01 2.201300e+01 7.362252e+01 3.133320e-01
2.344229e-05 6.989904e+01 2.237940e+01 7.339423e+01 3.201674e-01
2.398833e-05 6.953170e+01 2.274594e+01 7.315761e+01 3.271305e-01
2.454709e-05 6.915236e+01 2.311224e+01 7.291244e+01 3.342221e-01
2.511886e-05 6.876083e+01 2.347789e+01 7.265854e+01 3.414429e-01
2.570396e-05 6.835695e+01 2.384247e+01 7.239569e+01 3.487936e-01
2.630268e-05 6.794059e+01 2.420552e+01 7.212372e+01 3.562748e-01
2.691535e-05 6.751160e+01 2.456659e+01 7.184242e+01 3.638869e-01
2.754229e-05 6.706989e+01 2.492519e+01 7.155163e+01 3.716300e-01
2.818383e-05 6.661538e+01 2.528083e+01 7.125117e+01 3.795043e-01
2.884032e-05 6.614799e+01 2.563299e+01 7.094087e+01 3.875098e-01
2.951209e-05 6.566769e+01 2.598116e+01 7.062058e+01 3.956460e-01
3.019952e-05 6.517447e+01 2.632479e+01 7.029016e+01 4.039125e-01
3.090295e-05 6.466835e+01 2.666332e+01 6.994947e+01 4.123087e-01
3.162278e-05 6.414936e+01 2.699621e+01 6.959839e+01 4.208336e-01
3.235937e-05 6.361759e+01 2.732287e+01 6.923682e+01 4.294861e-01
3.311311e-05 6.307313e+01 2.764274e+01 6.886466e+01 4.382648e-01
3.388442e-05 6.251614e+01 2.795521e+01 6.848183e+01 4.471680e-01
3.467369e-05 6.194677e+01 2.825972e+01 6.808828e+01 4.561936e-01
3.548134e-05 6.136524e+01 2.855567e+01 6.768396e+01 4.653396e-01
3.630781e-05 6.077179e+01 2.884248e+01 6.726885e+01 4.746032e-01
3.715352e-05 6.016669e+01 2.911957e+01 6.684295e+01 4.839816e-01
3.801894e-05 5.955026e+01 2.938635e+01 6.640626e+01 4.934714e-01
3.890451e-05 5.892286e+01 2.964227e+01 6.595883e+01 5.030691e-01
3.981072e-05 5.828486e+01 2.988677e+01 6.550071e+01 5.127707e-01
4.073803e-05 5.763669e+01 3.011930e+01 6.503199e+01 5.225716e-01
4.168694e-05 5.697880e+01 3.033935e+01 6.455277e+01 5.324672e-01
4.265795e-05 5.631170e+01 3.054640e+01 6.406317e+01 5.424521e-01
4.365158e-05 5.563590e+01 3.073999e+01 6.356336e+01 5.525206e-01
4.466836e-05 5.495197e+01 3.091964e+01 6.305349e+01 5.626667e-01
4.570882e-05 5.426049e+01 3.108494e+01 6.253378e+01 5.728835e-01
4.677351e-05 5.356208e+01 3.123548e+01 6.200445e+01 5.831641e-01
4.786301e-05 5.285739e+01 3.137090e+01 6.146574e+01 5.935008e-01
4.897788e-05 5.214709e+01 3.149087e+01 6.091793e+01 6.038855e-01
5.011872e-05 5.143187e+01 3.159510e+01 6.036131e+01 6.143097e-01
5.128614e-05 5.071245e+01 3.168331e+01 5.979619e+01 6.247641e-01
5.248075e-05 4.998955e+01 3.175531e+01 5.922293e+01 6.352391e-01
5.370318e-05 4.926392e+01 3.181092e+01 5.864187e+01 6.457245e-01
5.495409e-05 4.853632e+01 3.185001e+01 5.805340e+01 6.562097e-01
5.623413e-05 4.780752e+01 3.187248e+01 5.745793e+01 6.666834e-01
5.754399e-05 4.707827e+01 3.187829e+01 5.685587e+01 6.771338e-01
5.888437e-05 4.634936e+01 3.186745e+01 5.624765e+01 6.875489e-01
6.025596e-05 4.562156e+01 3.184000e+01 5.563373e+01 6.979158e-01
6.165950e-05 4.489562e+01 3.179603e+01 5.501458e+01 7.082213e-01
6.309573e-05 4.417230e+01 3.173568e+01 5.439067e+01 7.184519e-01
6.456542e-05 4.345236e+01 3.165911e+01 5.376250e+01 7.285935e-01
6.606934e-05 4.273652e+01 3.156654e+01 5.313056e+01 7.386316e-01
6.760830e-05 4.202549e+01 3.145824e+01 5.249536e+01 7.485513e-01
6.918310e-05 4.131998e+01 3.133450e+01 5.185742e+01 7.583377e-01
7.079458e-05 4.062065e+01 3.119565e+01 5.121724e+01 7.679751e-01
7.244360e-05 3.992815e+01 3.104206e+01 5.057536e+01 7.774480e-01
7.413102e-05 3.924310e+01 3.087413e+01 4.993228e+01 7.867404e-01
7.585776e-05 3.856609e+01 3.069230e+01 4.928854e+01 7.958364e-01
7.762471e-05 3.789768e+01 3.049702e+01 4.864465e+01 8.047198e-01
7.943282e-05 3.723840e+01 3.028877e+01 4.800113e+01 8.133745e-01
8.128305e-05 3.658874e+01 3.006806e+01 4.735847e+01 8.217845e-01
8.317638e-05 3.594917e+01 2.983543e+01 4.671719e+01 8.299339e-01
8.511380e-05 3.532010e+01 2.959141e+01 4.607777e+01 8.378067e-01
8.709636e-05 3.470192e+01 2.933657e+01 4.544070e+01 8.453875e-01
8.912509e-05 3.409498e+01 2.907146e+01 4.480645e+01 8.526610e-01
9.120108e-05 3.349961e+01 2.879668e+01 4.417548e+01 8.596125e-01
9.332543e-05 3.291607e+01 2.851281e+01 4.354823e+01 8.662277e-01
9.549926e-05 3.234462e+01 2.822044e+01 4.292514e+01 8.724926e-01
9.772372e-05 3.178545e+01 2.792016e+01 4.230662e+01 8.783943e-01
1.000000e-04 3.123875e+01 2.761256e+01 4.169308e+01 8.839202e-01
1.023293e-04 3.070465e+01 2.729823e+01 4.108490e+01 8.890586e-01
1.047129e-04 3.018326e+01 2.697776e+01 4.048245e+01 8.937986e-01
1.071519e-04 2.967465e+01 2.665171e+01 3.988607e+01 8.981304e-01
1.096478e-04 2.917887e+01 2.632065e+01 3.929610e+01 9.020450e-01
1.122018e-04 2.869593e+01 2.598515e+01 3.871285e+01 9.055343e-01
1.148154e-04 2.822583e+01 2.564575e+01 3.813662e+01 9.085914e-01
1.174898e-04 2.776852e+01 2.530297e+01 3.756768e+01 9.112106e-01
1.202264e-04 2.732393e+01 2.495733e+01 3.700630e+01 9.133873e-01
1.230269e-04 2.689200e+01 2.460935e+01 3.645270e+01 9.151179e-01
1.258925e-04 2.647260e+01 2.425949e+01 3.590712e+01 9.164002e-01
1.288250e-04 2.606561e+01 2.390824e+01 3.536976e+01 9.172332e-01
1.318257e-04 2.567088e+01 2.355604e+01 3.484080e+01 9.176171e-01
1.348963e-04 2.528826e+01 2.320332e+01 3.432040e+01 9.175532e-01
1.380384e-04 2.491756e+01 2.285050e+01 3.380873e+01 9.170443e-01
1.412538e-04 2.455859e+01 2.249798e+01 3.330590e+01 9.160940e-01
1.445440e-04 2.421115e+01 2.214612e+01 3.281204e+01 9.147076e-01
1.479108e-04 2.387502e+01 2.179529e+01 3.232725e+01 9.128910e-01
1.513561e-04 2.354998e+01 2.144583e+01 3.185162e+01 9.106516e-01
1.548817e-04 2.323580e+01 2.109806e+01 3.138520e+01 9.079978e-01
1.584893e-04 2.293224e+01 2.075227e+01 3.092805e+01 9.049388e-01
1.621810e-04 2.263904e+01 2.040876e+01 3.048022e+01 9.014851e-01
1.659587e-04 2.235597e+01 2.006779e+01 3.004173e+01 8.976477e-01
1.698244e-04 2.208276e+01 1.972960e+01 2.961259e+01 8.934389e-01
1.737801e-04 2.181916e+01 1.939443e+01 2.919280e+01 8.888713e-01
1.778279e-04 2.156492e+01 1.906249e+01 2.878236e+01 8.839585e-01
1.819701e-04 2.131976e+01 1.873399e+01 2.838123e+01 8.787148e-01
1.862087e-04 2.108343e+01 1.840909e+01 2.798939e+01 8.731546e-01
1.905461e-04 2.085567e+01 1.808798e+01 2.760678e+01 8.672934e-01
1.949845e-04 2.063622e+01 1.777081e+01 2.723335e+01 8.611465e-01
1.995262e-04 2.042483e+01 1.745772e+01 2.686904e+01 8.547300e-01
2.041738e-04 2.022124e+01 1.714882e+01 2.651378e+01 8.480601e-01
2.089296e-04 2.002519e+01 1.684425e+01 2.616748e+01 8.411530e-01
2.137962e-04 1.983644e+01 1.654409e+01 2.583005e+01 8.340252e-01
2.187762e-04 1.965475e+01 1.624845e+01 2.550140e+01 8.266934e-01
2.238721e-04 1.947987e+01 1.595740e+01 2.518142e+01 8.191740e-01
2.290868e-04 1.931156e+01 1.567101e+01 2.487000e+01 8.114834e-01
2.344229e-04 1.914960e+01 1.538934e+01 2.456703e+01 8.036380e-01
2.398833e-04 1.899374e+01 1.511245e+01 2.427238e+01 7.956540e-01
2.454709e-04 1.884378e+01 1.484037e+01 2.398593e+01 7.875472e-01
2.511886e-04 1.869949e+01 1.457314e+01 2.370754e+01 7.793334e-01
2.570396e-04 1.856066e+01 1.431079e+01 2.343708e+01 7.710279e-01
2.630268e-04 1.842708e+01 1.405333e+01 2.317441e+01 7.626457e-01
2.691535e-04 1.829854e+01 1.380078e+01 2.291938e+01 7.542015e-01
2.754229e-04 1.817485e+01 1.355316e+01 2.267186e+01 7.457094e-01
2.818383e-04 1.805581e+01 1.331045e+01 2.243168e+01 7.371834e-01
2.884032e-04 1.794125e+01 1.307265e+01 2.219871e+01 7.286367e-01
2.951209e-04 1.783097e+01 1.283976e+01 2.197277e+01 7.200823e-01
3.019952e-04 1.772479e+01 1.261177e+01 2.175373e+01 7.115327e-01
3.090295e-04 1.762255e+01 1.238865e+01 2.154142e+01 7.029997e-01
3.162278e-04 1.752408e+01 1.217038e+01 2.133569e+01 6.944949e-01
3.235937e-04 1.742921e+01 1.195695e+01 2.113637e+01 6.860292e-01
3.311311e-04 1.733779e+01 1.174831e+01 2.094330e+01 6.776132e-01
3.388442e-04 1.724966e+01 1.154445e+01 2.075633e+01 6.692567e-01
3.467369e-04 1.716468e+01 1.134533e+01 2.057530e+01 6.609693e-01
3.548134e-04 1.708270e+01 1.115090e+01 2.040003e+01 6.527600e-01
3.630781e-04 1.700358e+01 1.096114e+01 2.023039e+01 6.446373e-01
3.715352e-04 1.692719e+01 1.077601e+01 2.006619e+01 6.366093e-01
3.801894e-04 1.685339e+01 1.059545e+01 1.990730e+01 6.286836e-01
3.890451e-04 1.678206e+01 1.041943e+01 1.975354e+01 6.208673e-01
3.981072e-04 1.671307e+01 1.024791e+01 1.960476e+01 6.131672e-01
4.073803e-04 1.664631e+01 1.008083e+01 1.946080e+01 6.055895e-01
4.168694e-04 1.658165e+01 9.918149e+00 1.932151e+01 5.981400e-01
4.265795e-04 1.651899e+01 9.759819e+00 1.918674e+01 5.908243e-01
4.365158e-04 1.645821e+01 9.605790e+00 1.905633e+01 5.836474e-01
4.466836e-04 1.639920e+01 9.456011e+00 1.893014e+01 5.766140e-01
4.570882e-04 1.634188e+01 9.310432e+00 1.880800e+01 5.697285e-01
4.677351e-04 1.628612e+01 9.169001e+00 1.868979e+01 5.629948e-01
4.786301e-04 1.623184e+01 9.031666e+00 1.857535e+01 5.564166e-01
4.897788e-04 1.617895e+01 8.898374e+00 1.846454e+01 5.499972e-01
5.011872e-04 1.612734e+01 8.769073e+00 1.835722e+01 5.437396e-01
5.128614e-04 1.607693e+01 8.643708e+00 1.825326e+01 5.376467e-01
5.248075e-04 1.602763e+01 8.522226e+00 1.815250e+01 5.317208e-01
5.370318e-04 1.597937e+01 8.404574e+00 1.805483e+01 5.259641e-01
5.495409e-04 1.593204e+01 8.290695e+00 1.796011e+01 5.203787e-01
5.623413e-04 1.588558e+01 8.180537e+00 1.786821e+01 5.149661e-01
5.754399e-04 1.583991e+01 8.074044e+00 1.777900e+01 5.097278e-01
5.888437e-04 1.579495e+01 7.971160e+00 1.769237e+01 5.046652e-01
6.025596e-04 1.575062e+01 7.871832e+00 1.760818e+01 4.997791e-01
6.165950e-04 1.570686e+01 7.776003e+00 1.752631e+01 4.950706e-01
6.309573e-04 1.566359e+01 7.683618e+00 1.744666e+01 4.905401e-01
6.456542e-04 1.562074e+01 7.594621e+00 1.736910e+01 4.861883e-01
6.606934e-04 1.557825e+01 7.508956e+00 1.729353e+01 4.820154e-01
6.760830e-04 1.553605e+01 7.426567e+00 1.721983e+01 4.780216e-01
6.918310e-04 1.549408e+01 7.347398e+00 1.714790e+01 4.742069e-01
7.079458e-04 1.545227e+01 7.271392e+00 1.707764e+01 4.705711e-01
7.244360e-04 1.541057e+01 7.198493e+00 1.700894e+01 4.671140e-01
7.413102e-04 1.536891e+01 7.128644e+00 1.694170e+01 4.638352e-01
7.585776e-04 1.532725e+01 7.061788e+00 1.687582e+01 4.607342e-01
7.762471e-04 1.528552e+01 6.997868e+00 1.681122e+01 4.578104e-01
7.943282e-04 1.524366e+01 6.936827e+00 1.674780e+01 4.550630e-01
8.128305e-04 1.520164e+01 6.878606e+00 1.668547e+01 4.524912e-01
8.317638e-04 1.515938e+01 6.823150e+00 1.662415e+01 4.500941e-01
8.511380e-04 1.511686e+01 6.770399e+00 1.656375e+01 4.478708e-01
8.709636e-04 1.507401e+01 6.720296e+00 1.650419e+01 4.458201e-01
8.912509e-04 1.503079e+01 6.672784e+00 1.644539e+01 4.439409e-01
9.120108e-04 1.498716e+01 6.627803e+00 1.638727e+01 4.422321e-01
9.332543e-04 1.494307e+01 6.585296e+00 1.632977e+01 4.406924e-01
9.549926e-04 1.489847e+01 6.545204e+00 1.627281e+01 4.393204e-01
9.772372e-04 1.485334e+01 6.507469e+00 1.621632e+01 4.381148e-01
1.000000e-03 1.480763e+01 6.472033e+00 1.616023e+01 4.370743e-01
1.023293e-03 1.476129e+01 6.438836e+00 1.610448e+01 4.361973e-01
1.047129e-03 1.471431e+01 6.407822e+00 1.604902e+01 4.354824e-01
1.071519e-03 1.466663e+01 6.378932e+00 1.599377e+01 4.349282e-01
1.096478e-03 1.461823e+01 6.352106e+00 1.593869e+01 4.345332e-01
1.122018e-03 1.456908e+01 6.327288e+00 1.588372e+01 4.342958e-01
1.148154e-03 1.451914e+01 6.304419e+00 1.582880e+01 4.342145e-01
1.174898e-03 1.446838e+01 6.283442e+00 1.577389e+01 4.342878e-01
1.202264e-03 1.441679e+01 6.264299e+00 1.571894e+01 4.345142e-01
1.230269e-03 1.436432e+01 6.246933e+00 1.566391e+01 4.348922e-01
1.258925e-03 1.431097e+01 6.231287e+00 1.560874e+01 4.354204e-01
1.288250e-03 1.425670e+01 6.217305e+00 1.555340e+01 4.360972e-01
1.318257e-03 1.420149e+01 6.204930e+00 1.549785e+01 4.369212e-01
1.348963e-03 1.414532e+01 6.194106e+00 1.544205e+01 4.378910e-01
1.380384e-03 1.408817e+01 6.184779e+00 1.538596e+01 4.390053e-01
1.412538e-03 1.403002e+01 6.176892e+00 1.532956e+01 4.402626e-01
1.445440e-03 1.397086e+01 6.170393e+00 1.527280e+01 4.416618e-01
1.479108e-03 1.391066e+01 6.165226e+00 1.521567e+01 4.432015e-01
1.513561e-03 1.384942e+01 6.161338e+00 1.515812e+01 4.448806e-01
1.548817e-03 1.378712e+01 6.158675e+00 1.510013e+01 4.466979e-01
1.584893e-03 1.372374e+01 6.157187e+00 1.504167e+01 4.486523e-01
1.621810e-03 1.365927e+01 6.156819e+00 1.498273e+01 4.507429e-01
1.659587e-03 1.359370e+01 6.157520e+00 1.492326e+01 4.529686e-01
1.698244e-03 1.352703e+01 6.159240e+00 1.486327e+01 4.553284e-01
1.737801e-03 1.345923e+01 6.161926e+00 1.480271e+01 4.578216e-01
1.778279e-03 1.339030e+01 6.165528e+00 1.474157e+01 4.604473e-01
1.819701e-03 1.332023e+01 6.169997e+00 1.467983e+01 4.632049e-01
1.862087e-03 1.324902e+01 6.175281e+00 1.461747e+01 4.660934e-01
1.905461e-03 1.317665e+01 6.181330e+00 1.455448e+01 4.691125e-01
1.949845e-03 1.310312e+01 6.188096e+00 1.449083e+01 4.722614e-01
1.995262e-03 1.302842e+01 6.195528e+00 1.442651e+01 4.755396e-01
2.041738e-03 1.295254e+01 6.203576e+00 1.436150e+01 4.789467e-01
2.089296e-03 1.287549e+01 6.212192e+00 1.429579e+01 4.824821e-01
2.137962e-03 1.279725e+01 6.221325e+00 1.422935e+01 4.861454e-01
2.187762e-03 1.271783e+01 6.230926e+00 1.416219e+01 4.899363e-01
2.238721e-03 1.263722e+01 6.240944e+00 1.409428e+01 4.938543e-01
2.290868e-03 1.255541e+01 6.251329e+00 1.402560e+01 4.978992e-01
2.344229e-03 1.247241e+01 6.262032e+00 1.395615e+01 5.020706e-01
2.398833e-03 1.238822e+01 6.273001e+00 1.388591e+01 5.063681e-01
2.454709e-03 1.230284e+01 6.284186e+00 1.381488e+01 5.107914e-01
2.511886e-03 1.221627e+01 6.295534e+00 1.374303e+01 5.153403e-01
2.570396e-03 1.212851e+01 6.306996e+00 1.367036e+01 5.200143e-01
2.630268e-03 1.203956e+01 6.318518e+00 1.359686e+01 5.248130e-01
2.691535e-03 1.194944e+01 6.330049e+00 1.352252e+01 5.297362e-01
2.754229e-03 1.185814e+01 6.341536e+00 1.344733e+01 5.347833e-01
2.818383e-03 1.176568e+01 6.352927e+00 1.337127e+01 5.399539e-01
2.884032e-03 1.167207e+01 6.364168e+00 1.329435e+01 5.452476e-01
2.951209e-03 1.157732e+01 6.375207e+00 1.321656e+01 5.506636e-01
3.019952e-03 1.148143e+01 6.385990e+00 1.313789e+01 5.562015e-01
3.090295e-03 1.138443e+01 6.396464e+00 1.305833e+01 5.618605e-01
3.162278e-03 1.128634e+01 6.406577e+00 1.297789e+01 5.676399e-01
3.235937e-03 1.118716e+01 6.416274e+00 1.289656e+01 5.735389e-01
3.311311e-03 1.108693e+01 6.425505e+00 1.281434e+01 5.795565e-01
3.388442e-03 1.098567e+01 6.434216e+00 1.273122e+01 5.856919e-01
3.467369e-03 1.088339e+01 6.442355e+00 1.264722e+01 5.919438e-01
3.548134e-03 1.078013e+01 6.449873e+00 1.256233e+01 5.983112e-01
3.630781e-03 1.067592e+01 6.456717e+00 1.247655e+01 6.047928e-01
3.715352e-03 1.057078e+01 6.462839e+00 1.238990e+01 6.113873e-01
3.801894e-03 1.046475e+01 6.468191e+00 1.230238e+01 6.180931e-01
3.890451e-03 1.035787e+01 6.472724e+00 1.221399e+01 6.249088e-01
3.981072e-03 1.025017e+01 6.476394e+00 1.212476e+01 6.318327e-01
4.073803e-03 1.014170e+01 6.479154e+00 1.203468e+01 6.388630e-01
4.168694e-03 1.003248e+01 6.480963e+00 1.194377e+01 6.459978e-01
4.265795e-03 9.922580e+00 6.481779e+00 1.185205e+01 6.532352e-01
4.365158e-03 9.812029e+00 6.481562e+00 1.175953e+01 6.605731e-01
4.466836e-03 9.700877e+00 6.480275e+00 1.166623e+01 6.680092e-01
4.570882e-03 9.589173e+00 6.477881e+00 1.157217e+01 6.755412e-01
4.677351e-03 9.476968e+00 6.474348e+00 1.147737e+01 6.831666e-01
4.786301e-03 9.364312e+00 6.469644e+00 1.138186e+01 6.908830e-01
4.897788e-03 9.251259e+00 6.463740e+00 1.128564e+01 6.986876e-01
5.011872e-03 9.137864e+00 6.456610e+00 1.118876e+01 7.065776e-01
5.128614e-03 9.024180e+00 6.448228e+00 1.109123e+01 7.145501e-01
5.248075e-03 8.910264e+00 6.438574e+00 1.099309e+01 7.226019e-01
5.370318e-03 8.796174e+00 6.427629e+00 1.089436e+01 7.307301e-01
5.495409e-03 8.681967e+00 6.415375e+00 1.079507e+01 7.389311e-01
5.623413e-03 8.567700e+00 6.401799e+00 1.069526e+01 7.472016e-01
5.754399e-03 8.453433e+00 6.386890e+00 1.059495e+01 7.555380e-01
5.888437e-03 8.339224e+00 6.370638e+00 1.049417e+01 7.639366e-01
6.025596e-03 8.225132e+00 6.353039e+00 1.039297e+01 7.723935e-01
6.165950e-03 8.111216e+00 6.334088e+00 1.029138e+01 7.809048e-01
6.309573e-03 7.997535e+00 6.313784e+00 1.018943e+01 7.894663e-01
6.456542e-03 7.884148e+00 6.292131e+00 1.008716e+01 7.980737e-01
6.606934e-03 7.771112e+00 6.269131e+00 9.984597e+00 8.067226e-01
6.760830e-03 7.658485e+00 6.244793e+00 9.881793e+00 8.154085e-01
6.918310e-03 7.546324e+00 6.219126e+00 9.778780e+00 8.241266e-01
7.079458e-03 7.434685e+00 6.192142e+00 9.675596e+00 8.328722e-01
7.244360e-03 7.323623e+00 6.163855e+00 9.572281e+00 8.416402e-01
7.413102e-03 7.213193e+00 6.134283e+00 9.468875e+00 8.504255e-01
7.585776e-03 7.103448e+00 6.103445e+00 9.365416e+00 8.592228e-01
7.762471e-03 6.994440e+00 6.071361e+00 9.261944e+00 8.680268e-01
7.943282e-03 6.886219e+00 6.038056e+00 9.158501e+00 8.768319e-01
8.128305e-03 6.778834e+00 6.003556e+00 9.055124e+00 8.856326e-01
8.317638e-03 6.672334e+00 5.967889e+00 8.951856e+00 8.944230e-01
8.511380e-03 6.566763e+00 5.931083e+00 8.848736e+00 9.031973e-01
8.709636e-03 6.462168e+00 5.893171e+00 8.745804e+00 9.119496e-01
8.912509e-03 6.358589e+00 5.854187e+00 8.643099e+00 9.206739e-01
9.120108e-03 6.256068e+00 5.814165e+00 8.540661e+00 9.293642e-01
9.332543e-03 6.154643e+00 5.773142e+00 8.438530e+00 9.380142e-01
9.549926e-03 6.054351e+00 5.731156e+00 8.336745e+00 9.466179e-01
9.772372e-03 5.955226e+00 5.688247e+00 8.235343e+00 9.551690e-01
1.000000e-02 5.857301e+00 5.644456e+00 8.134362e+00 9.636615e-01
1.023293e-02 5.760606e+00 5.599823e+00 8.033841e+00 9.720893e-01
1.047129e-02 5.665168e+00 5.554393e+00 7.933814e+00 9.804462e-01
1.071519e-02 5.571015e+00 5.508208e+00 7.834319e+00 9.887262e-01
1.096478e-02 5.478167e+00 5.461314e+00 7.735391e+00 9.969235e-01
1.122018e-02 5.386648e+00 5.413755e+00 7.637062e+00 1.005032e+00
1.148154e-02 5.296474e+00 5.365577e+00 7.539367e+00 1.013047e+00
1.174898e-02 5.207663e+00 5.316825e+00 7.442337e+00 1.020962e+00
1.202264e-02 5.120228e+00 5.267547e+00 7.346005e+00 1.028772e+00
1.230269e-02 5.034181e+00 5.217787e+00 7.250398e+00 1.036472e+00
1.258925e-02 4.949530e+00 5.167593e+00 7.155547e+00 1.044057e+00
1.288250e-02 4.866282e+00 5.117010e+00 7.061479e+00 1.051523e+00
1.318257e-02 4.784442e+00 5.066083e+00 6.968220e+00 1.058866e+00
1.348963e-02 4.704012e+00 5.014859e+00 6.875794e+00 1.066081e+00
1.380384e-02 4.624992e+00 4.963382e+00 6.784225e+00 1.073165e+00
1.412538e-02 4.547380e+00 4.911695e+00 6.693535e+00 1.080115e+00
1.445440e-02 4.471172e+00 4.859843e+00 6.603745e+00 1.086928e+00
1.479108e-02 4.396361e+00 4.807867e+00 6.514873e+00 1.093602e+00
1.513561e-02 4.322939e+00 4.755809e+00 6.426937e+00 1.100133e+00
1.548817e-02 4.250897e+00 4.703709e+00 6.339953e+00 1.106522e+00
1.584893e-02 4.180222e+00 4.651607e+00 6.253935e+00 1.112766e+00
1.621810e-02 4.110901e+00 4.599540e+00 6.168896e+00 1.118864e+00
1.659587e-02 4.042920e+00 4.547546e+00 6.084848e+00 1.124817e+00
1.698244e-02 3.976261e+00 4.495659e+00 6.001800e+00 1.130625e+00
1.737801e-02 3.910906e+00 4.443914e+00 5.919760e+00 1.136287e+00
1.778279e-02 3.846838e+00 4.392342e+00 5.838735e+00 1.141806e+00
1.819701e-02 3.784034e+00 4.340975e+00 5.758731e+00 1.147182e+00
1.862087e-02 3.722475e+00 4.289842e+00 5.679751e+00 1.152417e+00
1.905461e-02 3.662137e+00 4.238971e+00 5.601797e+00 1.157513e+00
1.949845e-02 3.602998e+00 4.188388e+00 5.524870e+00 1.162473e+00
1.995262e-02 3.545033e+00 4.138118e+00 5.448970e+00 1.167300e+00
2.041738e-02 3.488217e+00 4.088183e+00 5.374095e+00 1.171998e+00
2.089296e-02 3.432527e+00 4.038604e+00 5.300242e+00 1.176569e+00
2.137962e-02 3.377936e+00 3.989402e+00 5.227406e+00 1.181018e+00
2.187762e-02 3.324418e+00 3.940594e+00 5.155583e+00 1.185349e+00
2.238721e-02 3.271947e+00 3.892197e+00 5.084765e+00 1.189566e+00
2.290868e-02 3.220497e+00 3.844226e+00 5.014945e+00 1.193675e+00
2.344229e-02 3.170041e+00 3.796693e+00 4.946114e+00 1.197680e+00
2.398833e-02 3.120553e+00 3.749612e+00 4.878262e+00 1.201586e+00
2.454709e-02 3.072007e+00 3.702991e+00 4.811379e+00 1.205398e+00
2.511886e-02 3.024377e+00 3.656841e+00 4.745454e+00 1.209122e+00
2.570396e-02 2.977636e+00 3.611168e+00 4.680475e+00 1.212763e+00
2.630268e-02 2.931760e+00 3.565978e+00 4.616429e+00 1.216327e+00
2.691535e-02 2.886723e+00 3.521277e+00 4.553302e+00 1.219818e+00
2.754229e-02 2.842500e+00 3.477068e+00 4.491081e+00 1.223243e+00
2.818383e-02 2.799068e+00 3.433354e+00 4.429752e+00 1.226606e+00
2.884032e-02 2.756402e+00 3.390136e+00 4.369299e+00 1.229913e+00
2.951209e-02 2.714480e+00 3.347414e+00 4.309708e+00 1.233169e+00
3.019952e-02 2.673280e+00 3.305187e+00 4.250963e+00 1.236379e+00
3.090295e-02 2.632779e+00 3.263454e+00 4.193049e+00 1.239547e+00
3.162278e-02 2.592957e+00 3.222212e+00 4.135949e+00 1.242678e+00
3.235937e-02 2.553794e+00 3.181458e+00 4.079649e+00 1.245777e+00
3.311311e-02 2.515269e+00 3.141188e+00 4.024132e+00 1.248847e+00
3.388442e-02 2.477365e+00 3.101396e+00 3.969383e+00 1.251893e+00
3.467369e-02 2.440064e+00 3.062079e+00 3.915385e+00 1.254917e+00
3.548134e-02 2.403349e+00 3.023229e+00 3.862123e+00 1.257923e+00
3.630781e-02 2.367203e+00 2.984840e+00 3.809582e+00 1.260914e+00
3.715352e-02 2.331611e+00 2.946905e+00 3.757747e+00 1.263893e+00
3.801894e-02 2.296558e+00 2.909418e+00 3.706601e+00 1.266860e+00
3.890451e-02 2.262032e+00 2.872371e+00 3.656132e+00 1.269819e+00
3.981072e-02 2.228019e+00 2.835755e+00 3.606324e+00 1.272770e+00
4.073803e-02 2.194507e+00 2.799563e+00 3.557164e+00 1.275714e+00
4.168694e-02 2.161484e+00 2.763788e+00 3.508637e+00 1.278653e+00
4.265795e-02 2.128941e+00 2.728420e+00 3.460732e+00 1.281585e+00
4.365158e-02 2.096868e+00 2.693452e+00 3.413435e+00 1.284512e+00
4.466836e-02 2.065255e+00 2.658875e+00 3.366734e+00 1.287432e+00
4.570882e-02 2.034095e+00 2.624681e+00 3.320617e+00 1.290344e+00
4.677351e-02 2.003379e+00 2.590863e+00 3.275073e+00 1.293246e+00
4.786301e-02 1.973102e+00 2.557413e+00 3.230092e+00 1.296138e+00
4.897788e-02 1.943256e+00 2.524323e+00 3.185663e+00 1.299017e+00
5.011872e-02 1.913836e+00 2.491585e+00 3.141777e+00 1.301880e+00
5.128614e-02 1.884836e+00 2.459192e+00 3.098424e+00 1.304725e+00
5.248075e-02 1.856253e+00 2.427138e+00 3.055597e+00 1.307547e+00
5.370318e-02 1.828081e+00 2.395416e+00 3.013287e+00 1.310344e+00
5.495409e-02 1.800318e+00 2.364019e+00 2.971487e+00 1.313112e+00
5.623413e-02 1.772960e+00 2.332943e+00 2.930189e+00 1.315846e+00
5.754399e-02 1.746004e+00 2.302180e+00 2.889388e+00 1.318542e+00
5.888437e-02 1.719447e+00 2.271727e+00 2.849077e+00 1.321196e+00
6.025596e-02 1.693288e+00 2.241578e+00 2.809252e+00 1.323802e+00
6.165950e-02 1.667524e+00 2.211729e+00 2.769906e+00 1.326355e+00
6.309573e-02 1.642152e+00 2.182176e+00 2.731036e+00 1.328851e+00
6.456542e-02 1.617173e+00 2.152915e+00 2.692637e+00 1.331283e+00
6.606934e-02 1.592583e+00 2.123944e+00 2.654706e+00 1.333647e+00
6.760830e-02 1.568383e+00 2.095260e+00 2.617239e+00 1.335937e+00
6.918310e-02 1.544569e+00 2.066860e+00 2.580233e+00 1.338147e+00
7.079458e-02 1.521141e+00 2.038743e+00 2.543687e+00 1.340272e+00
7.244360e-02 1.498098e+00 2.010907e+00 2.507597e+00 1.342307e+00
7.413102e-02 1.475437e+00 1.983350e+00 2.471961e+00 1.344246e+00
7.585776e-02 1.453159e+00 1.956073e+00 2.436779e+00 1.346083e+00
7.762471e-02 1.431260e+00 1.929074e+00 2.402047e+00 1.347815e+00
7.943282e-02 1.409739e+00 1.902353e+00 2.367765e+00 1.349436e+00
8.128305e-02 1.388595e+00 1.875910e+00 2.333932e+00 1.350941e+00
8.317638e-02 1.367825e+00 1.849747e+00 2.300546e+00 1.352327e+00
8.511380e-02 1.347428e+00 1.823863e+00 2.267606e+00 1.353589e+00
8.709636e-02 1.327400e+00 1.798259e+00 2.235112e+00 1.354723e+00
8.912509e-02 1.307739e+00 1.772936e+00 2.203062e+00 1.355727e+00
9.120108e-02 1.288442e+00 1.747896e+00 2.171456e+00 1.356597e+00
9.332543e-02 1.269505e+00 1.723139e+00 2.140293e+00 1.357331e+00
9.549926e-02 1.250927e+00 1.698668e+00 2.109571e+00 1.357927e+00
9.772372e-02 1.232702e+00 1.674483e+00 2.079290e+00 1.358384e+00
1.000000e-01 1.214827e+00 1.650587e+00 2.049449e+00 1.358701e+00
1.023293e-01 1.197297e+00 1.626980e+00 2.020046e+00 1.358877e+00
1.047129e-01 1.180109e+00 1.603665e+00 1.991080e+00 1.358913e+00
1.071519e-01 1.163257e+00 1.580643e+00 1.962549e+00 1.358808e+00
1.096478e-01 1.146737e+00 1.557915e+00 1.934452e+00 1.358564e+00
1.122018e-01 1.130542e+00 1.535483e+00 1.906786e+00 1.358183e+00
1.148154e-01 1.114669e+00 1.513349e+00 1.879551e+00 1.357667e+00
1.174898e-01 1.099111e+00 1.491513e+00 1.852742e+00 1.357018e+00
1.202264e-01 1.083862e+00 1.469976e+00 1.826359e+00 1.356240e+00
1.230269e-01 1.068916e+00 1.448740e+00 1.800397e+00 1.355336e+00
1.258925e-01 1.054267e+00 1.427805e+00 1.774854e+00 1.354311e+00
1.288250e-01 1.039909e+00 1.407173e+00 1.749727e+00 1.353169e+00
1.318257e-01 1.025836e+00 1.386842e+00 1.725013e+00 1.351915e+00
1.348963e-01 1.012039e+00 1.366814e+00 1.700707e+00 1.350554e+00
1.380384e-01 9.985138e-01 1.347088e+00 1.676806e+00 1.349093e+00
1.412538e-01 9.852525e-01 1.327665e+00 1.653305e+00 1.347538e+00
1.445440e-01 9.722482e-01 1.308543e+00 1.630200e+00 1.345894e+00
1.479108e-01 9.594943e-01 1.289723e+00 1.607487e+00 1.344169e+00
1.513561e-01 9.469836e-01 1.271202e+00 1.585160e+00 1.342370e+00
1.548817e-01 9.347093e-01 1.252981e+00 1.563215e+00 1.340503e+00
1.584893e-01 9.226645e-01 1.235057e+00 1.541647e+00 1.338576e+00
1.621810e-01 9.108421e-01 1.217429e+00 1.520450e+00 1.336597e+00
1.659587e-01 8.992355e-01 1.200096e+00 1.499618e+00 1.334573e+00
1.698244e-01 8.878376e-01 1.183054e+00 1.479146e+00 1.332512e+00
1.737801e-01 8.766419e-01 1.166303e+00 1.459029e+00 1.330422e+00
1.778279e-01 8.656416e-01 1.149840e+00 1.439259e+00 1.328309e+00
1.819701e-01 8.548302e-01 1.133661e+00 1.419832e+00 1.326183e+00
1.862087e-01 8.442013e-01 1.117765e+00 1.400741e+00 1.324051e+00
1.905461e-01 8.337484e-01 1.102148e+00 1.381979e+00 1.321920e+00
1.949845e-01 8.234654e-01 1.086808e+00 1.363542e+00 1.319798e+00
1.995262e-01 8.133461e-01 1.071740e+00 1.345421e+00 1.317692e+00
2.041738e-01 8.033848e-01 1.056941e+00 1.327611e+00 1.315610e+00
2.089296e-01 7.935756e-01 1.042408e+00 1.310106e+00 1.313559e+00
2.137962e-01 7.839128e-01 1.028138e+00 1.292899e+00 1.311546e+00
2.187762e-01 7.743910e-01 1.014126e+00 1.275983e+00 1.309578e+00
2.238721e-01 7.650049e-01 1.000368e+00 1.259352e+00 1.307662e+00
2.290868e-01 7.557494e-01 9.868605e-01 1.243001e+00 1.305804e+00
2.344229e-01 7.466194e-01 9.735994e-01 1.226922e+00 1.304010e+00
2.398833e-01 7.376103e-01 9.605806e-01 1.211109e+00 1.302287e+00
2.454709e-01 7.287173e-01 9.477996e-01 1.195556e+00 1.300641e+00
2.511886e-01 7.199361e-01 9.352522e-01 1.180256e+00 1.299077e+00
2.570396e-01 7.112623e-01 9.229342e-01 1.165205e+00 1.297600e+00
2.630268e-01 7.026919e-01 9.108410e-01 1.150394e+00 1.296217e+00
2.691535e-01 6.942209e-01 8.989684e-01 1.135820e+00 1.294931e+00
2.754229e-01 6.858456e-01 8.873118e-01 1.121475e+00 1.293749e+00
2.818383e-01 6.775624e-01 8.758668e-01 1.107354e+00 1.292673e+00
2.884032e-01 6.693678e-01 8.646290e-01 1.093452e+00 1.291710e+00
2.951209e-01 6.612587e-01 8.535938e-01 1.079762e+00 1.290862e+00
3.019952e-01 6.532319e-01 8.427570e-01 1.066279e+00 1.290135e+00
3.090295e-01 6.452845e-01 8.321139e-01 1.052998e+00 1.289530e+00
3.162278e-01 6.374137e-01 8.216603e-01 1.039914e+00 1.289053e+00
3.235937e-01 6.296170e-01 8.113917e-01 1.027022e+00 1.288707e+00
3.311311e-01 6.218919e-01 8.013038e-01 1.014316e+00 1.288494e+00
3.388442e-01 6.142361e-01 7.913922e-01 1.001792e+00 1.288417e+00
3.467369e-01 6.066474e-01 7.816527e-01 9.894453e-01 1.288480e+00
3.548134e-01 5.991237e-01 7.720811e-01 9.772709e-01 1.288684e+00
3.630781e-01 5.916633e-01 7.626732e-01 9.652646e-01 1.289032e+00
3.715352e-01 5.842643e-01 7.534249e-01 9.534222e-01 1.289527e+00
3.801894e-01 5.769252e-01 7.443321e-01 9.417393e-01 1.290171e+00
3.890451e-01 5.696444e-01 7.353908e-01 9.302120e-01 1.290965e+00
3.981072e-01 5.624205e-01 7.265973e-01 9.188365e-01 1.291911e+00
4.073803e-01 5.552524e-01 7.179476e-01 9.076089e-01 1.293011e+00
4.168694e-01 5.481387e-01 7.094379e-01 8.965256e-01 1.294267e+00
4.265795e-01 5.410785e-01 7.010647e-01 8.855833e-01 1.295680e+00
4.365158e-01 5.340709e-01 6.928244e-01 8.747784e-01 1.297252e+00
4.466836e-01 5.271149e-01 6.847133e-01 8.641079e-01 1.298983e+00
4.570882e-01 5.202097e-01 6.767283e-01 8.535685e-01 1.300876e+00
4.677351e-01 5.133547e-01 6.688658e-01 8.431574e-01 1.302931e+00
4.786301e-01 5.065492e-01 6.611227e-01 8.328717e-01 1.305150e+00
4.897788e-01 4.997927e-01 6.534959e-01 8.227087e-01 1.307534e+00
5.011872e-01 4.930847e-01 6.459823e-01 8.126658e-01 1.310084e+00
5.128614e-01 4.864247e-01 6.385790e-01 8.027404e-01 1.312801e+00
5.248075e-01 4.798123e-01 6.312831e-01 7.929302e-01 1.315688e+00
5.370318e-01 4.732473e-01 6.240919e-01 7.832329e-01 1.318744e+00
5.495409e-01 4.667293e-01 6.170027e-01 7.736463e-01 1.321971e+00
5.623413e-01 4.602580e-01 6.100129e-01 7.641683e-01 1.325372e+00
5.754399e-01 4.538332e-01 6.031200e-01 7.547969e-01 1.328946e+00
5.888437e-01 4.474548e-01 5.963217e-01 7.455302e-01 1.332697e+00
6.025596e-01 4.411224e-01 5.896156e-01 7.363664e-01 1.336626e+00
6.165950e-01 4.348360e-01 5.829994e-01 7.273037e-01 1.340734e+00
6.309573e-01 4.285954e-01 5.764710e-01 7.183403e-01 1.345024e+00
6.456542e-01 4.224004e-01 5.700283e-01 7.094747e-01 1.349498e+00
6.606934e-01 4.162508e-01 5.636694e-01 7.007053e-01 1.354158e+00
6.760830e-01 4.101467e-01 5.573922e-01 6.920306e-01 1.359007e+00
6.918310e-01 4.040877e-01 5.511949e-01 6.834491e-01 1.364048e+00
7.079458e-01 3.980737e-01 5.450757e-01 6.749594e-01 1.369283e+00
7.244360e-01 3.921047e-01 5.390328e-01 6.665602e-01 1.374717e+00
7.413102e-01 3.861803e-01 5.330646e-01 6.582500e-01 1.380351e+00
7.585776e-01 3.803006e-01 5.271693e-01 6.500277e-01 1.386191e+00
7.762471e-01 3.744651e-01 5.213454e-01 6.418918e-01 1.392240e+00
7.943282e-01 3.686738e-01 5.155912e-01 6.338412e-01 1.398502e+00
8.128305e-01 3.629265e-01 5.099054e-01 6.258747e-01 1.404982e+00
8.317638e-01 3.572229e-01 5.042863e-01 6.179910e-01 1.411685e+00
8.511380e-01 3.515628e-01 4.987326e-01 6.101889e-01 1.418616e+00
8.709636e-01 3.459458e-01 4.932427e-01 6.024673e-01 1.425780e+00
8.912509e-01 3.403719e-01 4.878153e-01 5.948250e-01 1.433183e+00
9.120108e-01 3.348406e-01 4.824490e-01 5.872608e-01 1.440832e+00
9.332543e-01 3.293518e-01 4.771424e-01 5.797736e-01 1.448732e+00
9.549926e-01 3.239051e-01 4.718941e-01 5.723622e-01 1.456890e+00
9.772372e-01 3.185002e-01 4.667028e-01 5.650255e-01 1.465314e+00
1.000000e+00 3.131368e-01 4.615671e-01 5.577624e-01 1.474011e+00
1.023293e+00 3.078146e-01 4.564857e-01 5.505716e-01 1.482989e+00
1.047129e+00 3.025333e-01 4.514573e-01 5.434520e-01 1.492256e+00
1.071519e+00 2.972927e-01 4.464804e-01 5.364025e-01 1.501821e+00
1.096478e+00 2.920924e-01 4.415538e-01 5.294220e-01 1.511692e+00
1.122018e+00 2.869321e-01 4.366761e-01 5.225094e-01 1.521879e+00
1.148154e+00 2.818116e-01 4.318459e-01 5.156633e-01 1.532392e+00
1.174898e+00 2.767307e-01 4.270619e-01 5.088829e-01 1.543240e+00
1.202264e+00 2.716891e-01 4.223228e-01 5.021668e-01 1.554434e+00
1.230269e+00 2.666866e-01 4.176271e-01 4.955140e-01 1.565985e+00
1.258925e+00 2.617230e-01 4.129735e-01 4.889234e-01 1.577903e+00
1.288250e+00 2.567982e-01 4.083607e-01 4.823938e-01 1.590201e+00
1.318257e+00 2.519121e-01 4.037873e-01 4.759242e-01 1.602890e+00
1.348963e+00 2.470645e-01 3.992518e-01 4.695135e-01 1.615982e+00
1.380384e+00 2.422555e-01 3.947530e-01 4.631605e-01 1.629491e+00
1.412538e+00 2.374850e-01 3.902895e-01 4.568643e-01 1.643428e+00
1.445440e+00 2.327531e-01 3.858599e-01 4.506239e-01 1.657807e+00
1.479108e+00 2.280599e-01 3.814629e-01 4.444381e-01 1.672643e+00
1.513561e+00 2.234055e-01 3.770971e-01 4.383061e-01 1.687949e+00
1.548817e+00 2.187902e-01 3.727613e-01 4.322269e-01 1.703739e+00
1.584893e+00 2.142140e-01 3.684542e-01 4.261996e-01 1.720028e+00
1.621810e+00 2.096774e-01 3.641744e-01 4.202233e-01 1.736832e+00
1.659587e+00 2.051806e-01 3.599208e-01 4.142971e-01 1.754166e+00
1.698244e+00 2.007241e-01 3.556922e-01 4.084203e-01 1.772045e+00
1.737801e+00 1.963083e-01 3.514874e-01 4.025920e-01 1.790487e+00
1.778279e+00 1.919336e-01 3.473052e-01 3.968116e-01 1.809507e+00
1.819701e+00 1.876007e-01 3.431447e-01 3.910784e-01 1.829122e+00
1.862087e+00 1.833101e-01 3.390047e-01 3.853917e-01 1.849351e+00
1.905461e+00 1.790625e-01 3.348843e-01 3.797511e-01 1.870209e+00
1.949845e+00 1.748585e-01 3.307826e-01 3.741559e-01 1.891716e+00
1.995262e+00 1.706988e-01 3.266987e-01 3.686057e-01 1.913890e+00
2.041738e+00 1.665842e-01 3.226319e-01 3.631000e-01 1.936750e+00
2.089296e+00 1.625154e-01 3.185814e-01 3.576386e-01 1.960315e+00
2.137962e+00 1.584934e-01 3.145466e-01 3.522211e-01 1.984604e+00
2.187762e+00 1.545189e-01 3.105268e-01 3.468472e-01 2.009637e+00
2.238721e+00 1.505927e-01 3.065217e-01 3.415168e-01 2.035434e+00
2.290868e+00 1.467159e-01 3.025307e-01 3.362296e-01 2.062017e+00
2.344229e+00 1.428891e-01 2.985535e-01 3.309857e-01 2.089407e+00
2.398833e+00 1.391134e-01 2.945899e-01 3.257849e-01 2.117624e+00
2.454709e+00 1.353896e-01 2.906397e-01 3.206272e-01 2.146691e+00
2.511886e+00 1.317186e-01 2.867028e-01 3.155128e-01 2.176631e+00
2.570396e+00 1.281013e-01 2.827792e-01 3.104416e-01 2.207465e+00
2.630268e+00 1.245385e-01 2.788688e-01 3.054139e-01 2.239218e+00
2.691535e+00 1.210310e-01 2.749719e-01 3.004298e-01 2.271913e+00
2.754229e+00 1.175797e-01 2.710887e-01 2.954896e-01 2.305574e+00
2.818383e+00 1.141854e-01 2.672195e-01 2.905935e-01 2.340225e+00
2.884032e+00 1.108487e-01 2.633646e-01 2.857418e-01 2.375892e+00
2.951209e+00 1.075704e-01 2.595245e-01 2.809348e-01 2.412601e+00
3.019952e+00 1.043511e-01 2.556996e-01 2.761728e-01 2.450377e+00
3.090295e+00 1.011915e-01 2.518905e-01 2.714563e-01 2.489247e+00
3.162278e+00 9.809198e-02 2.480979e-01 2.667857e-01 2.529237e+00
3.235937e+00 9.505315e-02 2.443224e-01 2.621613e-01 2.570377e+00
3.311311e+00 9.207540e-02 2.405647e-01 2.575835e-01 2.612693e+00
3.388442e+00 8.915911e-02 2.368257e-01 2.530528e-01 2.656214e+00
3.467369e+00 8.630457e-02 2.331060e-01 2.485697e-01 2.700970e+00
3.548134e+00 8.351202e-02 2.294066e-01 2.441345e-01 2.746989e+00
3.630781e+00 8.078162e-02 2.257284e-01 2.397478e-01 2.794304e+00
3.715352e+00 7.811347e-02 2.220722e-01 2.354098e-01 2.842944e+00
3.801894e+00 7.550758e-02 2.184390e-01 2.311211e-01 2.892941e+00
3.890451e+00 7.296392e-02 2.148296e-01 2.268821e-01 2.944327e+00
3.981072e+00 7.048236e-02 2.112451e-01 2.226932e-01 2.997135e+00
4.073803e+00 6.806272e-02 2.076865e-01 2.185548e-01 3.051398e+00
4.168694e+00 6.570473e-02 2.041545e-01 2.144672e-01 3.107151e+00
4.265795e+00 6.340808e-02 2.006503e-01 2.104308e-01 3.164427e+00
4.365158e+00 6.117237e-02 1.971747e-01 2.064459e-01 3.223264e+00
4.466836e+00 5.899714e-02 1.937286e-01 2.025128e-01 3.283695e+00
4.570882e+00 5.688187e-02 1.903131e-01 1.986318e-01 3.345759e+00
4.677351e+00 5.482599e-02 1.869289e-01 1.948032e-01 3.409494e+00
4.786301e+00 5.282885e-02 1.835769e-01 1.910271e-01 3.474936e+00
4.897788e+00 5.088977e-02 1.802580e-01 1.873038e-01 3.542126e+00
5.011872e+00 4.900799e-02 1.769729e-01 1.836333e-01 3.611103e+00
5.128614e+00 4.718273e-02 1.737225e-01 1.800158e-01 3.681908e+00
5.248075e+00 4.541315e-02 1.705074e-01 1.764515e-01 3.754582e+00
5.370318e+00 4.369836e-02 1.673284e-01 1.729403e-01 3.829169e+00
5.495409e+00 4.203745e-02 1.641861e-01 1.694822e-01 3.905710e+00
5.623413e+00 4.042947e-02 1.610812e-01 1.660774e-01 3.984252e+00
5.754399e+00 3.887343e-02 1.580141e-01 1.627256e-01 4.064837e+00
5.888437e+00 3.736830e-02 1.549855e-01 1.594268e-01 4.147513e+00
6.025596e+00 3.591307e-02 1.519958e-01 1.561809e-01 4.232327e+00
6.165950e+00 3.450665e-02 1.490455e-01 1.529878e-01 4.319326e+00
6.309573e+00 3.314799e-02 1.461349e-01 1.498473e-01 4.408561e+00
6.456542e+00 3.183597e-02 1.432644e-01 1.467591e-01 4.500080e+00
6.606934e+00 3.056950e-02 1.404343e-01 1.437229e-01 4.593935e+00
6.760830e+00 2.934746e-02 1.376448e-01 1.407387e-01 4.690179e+00
6.918310e+00 2.816873e-02 1.348962e-01 1.378059e-01 4.788865e+00
7.079458e+00 2.703218e-02 1.321887e-01 1.349244e-01 4.890048e+00
7.244360e+00 2.593670e-02 1.295223e-01 1.320936e-01 4.993784e+00
7.413102e+00 2.488115e-02 1.268971e-01 1.293134e-01 5.100129e+00
7.585776e+00 2.386443e-02 1.243132e-01 1.265831e-01 5.209143e+00
7.762471e+00 2.288541e-02 1.217706e-01 1.239025e-01 5.320885e+00
7.943282e+00 2.194299e-02 1.192693e-01 1.212710e-01 5.435416e+00
8.128305e+00 2.103608e-02 1.168091e-01 1.186882e-01 5.552800e+00
8.317638e+00 2.016359e-02 1.143901e-01 1.161536e-01 5.673098e+00
8.511380e+00 1.932447e-02 1.120119e-01 1.136666e-01 5.796379e+00
8.709636e+00 1.851764e-02 1.096746e-01 1.112269e-01 5.922707e+00
8.912509e+00 1.774209e-02 1.073778e-01 1.088337e-01 6.052151e+00
9.120108e+00 1.699677e-02 1.051214e-01 1.064866e-01 6.184782e+00
9.332543e+00 1.628071e-02 1.029050e-01 1.041849e-01 6.320672e+00
9.549926e+00 1.559290e-02 1.007285e-01 1.019282e-01 6.459892e+00
9.772372e+00 1.493239e-02 9.859140e-02 9.971580e-02 6.602520e+00
1.000000e+01 1.429824e-02 9.649351e-02 9.754710e-02 6.748630e+00
