1.000000e-06 6.866500e+01 1.005752e+00 6.867237e+01 1.464722e-02
1.023293e-06 6.866417e+01 1.029164e+00 6.867189e+01 1.498836e-02
1.047129e-06 6.866330e+01 1.053120e+00 6.867138e+01 1.533745e-02
1.071519e-06 6.866239e+01 1.077633e+00 6.867085e+01 1.569466e-02
1.096478e-06 6.866144e+01 1.102716e+00 6.867030e+01 1.606019e-02
1.122018e-06 6.866044e+01 1.128382e+00 6.866971e+01 1.643424e-02
1.148154e-06 6.865940e+01 1.154644e+00 6.866911e+01 1.681699e-02
1.174898e-06 6.865830e+01 1.181517e+00 6.866847e+01 1.720865e-02
1.202264e-06 6.865716e+01 1.209014e+00 6.866780e+01 1.760943e-02
1.230269e-06 6.865596e+01 1.237149e+00 6.866710e+01 1.801955e-02
1.258925e-06 6.865470e+01 1.265938e+00 6.866637e+01 1.843921e-02
1.288250e-06 6.865339e+01 1.295396e+00 6.866561e+01 1.886864e-02
1.318257e-06 6.865201e+01 1.325538e+00 6.866480e+01 1.930807e-02
1.348963e-06 6.865057e+01 1.356380e+00 6.866397e+01 1.975773e-02
1.380384e-06 6.864906e+01 1.387937e+00 6.866309e+01 2.021786e-02
1.412538e-06 6.864748e+01 1.420227e+00 6.866217e+01 2.068870e-02
1.445440e-06 6.864582e+01 1.453266e+00 6.866120e+01 2.117050e-02
1.479108e-06 6.864409e+01 1.487072e+00 6.866019e+01 2.166352e-02
1.513561e-06 6.864227e+01 1.521662e+00 6.865914e+01 2.216801e-02
1.548817e-06 6.864037e+01 1.557055e+00 6.865803e+01 2.268424e-02
1.584893e-06 6.863838e+01 1.593268e+00 6.865687e+01 2.321249e-02
1.621810e-06 6.863630e+01 1.630320e+00 6.865566e+01 2.375304e-02
1.659587e-06 6.863412e+01 1.668232e+00 6.865439e+01 2.430616e-02
1.698244e-06 6.863183e+01 1.707022e+00 6.865306e+01 2.487216e-02
1.737801e-06 6.862944e+01 1.746711e+00 6.865167e+01 2.545133e-02
1.778279e-06 6.862694e+01 1.787318e+00 6.865021e+01 2.604398e-02
1.819701e-06 6.862431e+01 1.828867e+00 6.864868e+01 2.665042e-02
1.862087e-06 6.862157e+01 1.871377e+00 6.864708e+01 2.727097e-02
1.905461e-06 6.861869e+01 1.914870e+00 6.864541e+01 2.790596e-02
1.949845e-06 6.861569e+01 1.959370e+00 6.864366e+01 2.855572e-02
1.995262e-06 6.861253e+01 2.004900e+00 6.864182e+01 2.922060e-02
2.041738e-06 6.860924e+01 2.051481e+00 6.863990e+01 2.990095e-02
2.089296e-06 6.860578e+01 2.099140e+00 6.863789e+01 3.059713e-02
2.137962e-06 6.860216e+01 2.147899e+00 6.863578e+01 3.130950e-02
2.187762e-06 6.859838e+01 2.197785e+00 6.863358e+01 3.203844e-02
2.238721e-06 6.859441e+01 2.248822e+00 6.863127e+01 3.278433e-02
2.290868e-06 6.859026e+01 2.301037e+00 6.862885e+01 3.354757e-02
2.344229e-06 6.858592e+01 2.354456e+00 6.862632e+01 3.432856e-02
2.398833e-06 6.858137e+01 2.409106e+00 6.862367e+01 3.512771e-02
2.454709e-06 6.857660e+01 2.465016e+00 6.862089e+01 3.594544e-02
2.511886e-06 6.857162e+01 2.522214e+00 6.861799e+01 3.678219e-02
2.570396e-06 6.856640e+01 2.580728e+00 6.861495e+01 3.763838e-02
2.630268e-06 6.856093e+01 2.640589e+00 6.861176e+01 3.851448e-02
2.691535e-06 6.855521e+01 2.701825e+00 6.860843e+01 3.941094e-02
2.754229e-06 6.854922e+01 2.764469e+00 6.860494e+01 4.032824e-02
2.818383e-06 6.854295e+01 2.828551e+00 6.860128e+01 4.126685e-02
2.884032e-06 6.853638e+01 2.894104e+00 6.859746e+01 4.222727e-02
2.951209e-06 6.852950e+01 2.961160e+00 6.859345e+01 4.321000e-02
3.019952e-06 6.852231e+01 3.029753e+00 6.858926e+01 4.421557e-02
3.090295e-06 6.851478e+01 3.099916e+00 6.858487e+01 4.524449e-02
3.162278e-06 6.850689e+01 3.171684e+00 6.858027e+01 4.629730e-02
3.235937e-06 6.849863e+01 3.245093e+00 6.857546e+01 4.737457e-02
3.311311e-06 6.848999e+01 3.320178e+00 6.857042e+01 4.847684e-02
3.388442e-06 6.848094e+01 3.396977e+00 6.856515e+01 4.960470e-02
3.467369e-06 6.847148e+01 3.475526e+00 6.855962e+01 5.075874e-02
3.548134e-06 6.846156e+01 3.555864e+00 6.855385e+01 5.193956e-02
3.630781e-06 6.845119e+01 3.638029e+00 6.854779e+01 5.314778e-02
3.715352e-06 6.844032e+01 3.722061e+00 6.854146e+01 5.438403e-02
3.801894e-06 6.842896e+01 3.807999e+00 6.853483e+01 5.564895e-02
3.890451e-06 6.841706e+01 3.895886e+00 6.852789e+01 5.694320e-02
3.981072e-06 6.840460e+01 3.985762e+00 6.852062e+01 5.826746e-02
4.073803e-06 6.839157e+01 4.077670e+00 6.851302e+01 5.962241e-02
4.168694e-06 6.837792e+01 4.171652e+00 6.850506e+01 6.100876e-02
4.265795e-06 6.836364e+01 4.267752e+00 6.849672e+01 6.242722e-02
4.365158e-06 6.834870e+01 4.366015e+00 6.848800e+01 6.387855e-02
4.466836e-06 6.833305e+01 4.466486e+00 6.847887e+01 6.536347e-02
4.570882e-06 6.831668e+01 4.569209e+00 6.846931e+01 6.688278e-02
4.677351e-06 6.829955e+01 4.674233e+00 6.845931e+01 6.843724e-02
4.786301e-06 6.828163e+01 4.781603e+00 6.844884e+01 7.002766e-02
4.897788e-06 6.826287e+01 4.891367e+00 6.843789e+01 7.165487e-02
5.011872e-06 6.824324e+01 5.003573e+00 6.842642e+01 7.331970e-02
5.128614e-06 6.822270e+01 5.118271e+00 6.841442e+01 7.502300e-02
5.248075e-06 6.820120e+01 5.235510e+00 6.840186e+01 7.676566e-02
5.370318e-06 6.817871e+01 5.355340e+00 6.838872e+01 7.854856e-02
5.495409e-06 6.815518e+01 5.477811e+00 6.837496e+01 8.037262e-02
5.623413e-06 6.813057e+01 5.602974e+00 6.836057e+01 8.223877e-02
5.754399e-06 6.810481e+01 5.730881e+00 6.834551e+01 8.414796e-02
5.888437e-06 6.807787e+01 5.861584e+00 6.832975e+01 8.610117e-02
6.025596e-06 6.804968e+01 5.995135e+00 6.831326e+01 8.809939e-02
6.165950e-06 6.802020e+01 6.131587e+00 6.829600e+01 9.014362e-02
6.309573e-06 6.798936e+01 6.270993e+00 6.827795e+01 9.223491e-02
6.456542e-06 6.795710e+01 6.413405e+00 6.825906e+01 9.437432e-02
6.606934e-06 6.792336e+01 6.558877e+00 6.823930e+01 9.656291e-02
6.760830e-06 6.788808e+01 6.707463e+00 6.821863e+01 9.880179e-02
6.918310e-06 6.785118e+01 6.859217e+00 6.819700e+01 1.010921e-01
7.079458e-06 6.781259e+01 7.014190e+00 6.817438e+01 1.034349e-01
7.244360e-06 6.777224e+01 7.172438e+00 6.815071e+01 1.058315e-01
7.413102e-06 6.773005e+01 7.334013e+00 6.812596e+01 1.082830e-01
7.585776e-06 6.768594e+01 7.498967e+00 6.810008e+01 1.107906e-01
7.762471e-06 6.763982e+01 7.667353e+00 6.807300e+01 1.133556e-01
7.943282e-06 6.759161e+01 7.839224e+00 6.804469e+01 1.159792e-01
8.128305e-06 6.754122e+01 8.014629e+00 6.801508e+01 1.186628e-01
8.317638e-06 6.748855e+01 8.193620e+00 6.798412e+01 1.214076e-01
8.511380e-06 6.743351e+01 8.376246e+00 6.795174e+01 1.242149e-01
8.709636e-06 6.737598e+01 8.562554e+00 6.791790e+01 1.270861e-01
8.912509e-06 6.731588e+01 8.752593e+00 6.788251e+01 1.300227e-01
9.120108e-06 6.725308e+01 8.946408e+00 6.784552e+01 1.330260e-01
9.332543e-06 6.718747e+01 9.144043e+00 6.780685e+01 1.360975e-01
9.549926e-06 6.711893e+01 9.345540e+00 6.776644e+01 1.392385e-01
9.772372e-06 6.704734e+01 9.550939e+00 6.772420e+01 1.424507e-01
1.000000e-05 6.697258e+01 9.760279e+00 6.768005e+01 1.457354e-01
1.023293e-05 6.689451e+01 9.973594e+00 6.763393e+01 1.490944e-01
1.047129e-05 6.681300e+01 1.019092e+01 6.758573e+01 1.525290e-01
1.071519e-05 6.672790e+01 1.041228e+01 6.753538e+01 1.560409e-01
1.096478e-05 6.663907e+01 1.063771e+01 6.748279e+01 1.596317e-01
1.122018e-05 6.654636e+01 1.086722e+01 6.742785e+01 1.633030e-01
1.148154e-05 6.644961e+01 1.110084e+01 6.737047e+01 1.670566e-01
1.174898e-05 6.634867e+01 1.133859e+01 6.731055e+01 1.708940e-01
1.202264e-05 6.624337e+01 1.158046e+01 6.724799e+01 1.748169e-01
1.230269e-05 6.613354e+01 1.182648e+01 6.718267e+01 1.788272e-01
1.258925e-05 6.601901e+01 1.207663e+01 6.711449e+01 1.829265e-01
1.288250e-05 6.589959e+01 1.233091e+01 6.704332e+01 1.871166e-01
1.318257e-05 6.577510e+01 1.258931e+01 6.696906e+01 1.913993e-01
1.348963e-05 6.564536e+01 1.285182e+01 6.689157e+01 1.957765e-01
1.380384e-05 6.551016e+01 1.311840e+01 6.681073e+01 2.002498e-01
1.412538e-05 6.536932e+01 1.338902e+01 6.672641e+01 2.048212e-01
1.445440e-05 6.522262e+01 1.366365e+01 6.663847e+01 2.094926e-01
1.479108e-05 6.506986e+01 1.394224e+01 6.654678e+01 2.142657e-01
1.513561e-05 6.491084e+01 1.422472e+01 6.645118e+01 2.191425e-01
1.548817e-05 6.474533e+01 1.451104e+01 6.635155e+01 2.241249e-01
1.584893e-05 6.457311e+01 1.480111e+01 6.624771e+01 2.292147e-01
1.621810e-05 6.439397e+01 1.509485e+01 6.613953e+01 2.344139e-01
1.659587e-05 6.420768e+01 1.539215e+01 6.602685e+01 2.397245e-01
1.698244e-05 6.401401e+01 1.569292e+01 6.590949e+01 2.451482e-01
1.737801e-05 6.381274e+01 1.599702e+01 6.578731e+01 2.506870e-01
1.778279e-05 6.360363e+01 1.630433e+01 6.566013e+01 2.563428e-01
1.819701e-05 6.338644e+01 1.661470e+01 6.552778e+01 2.621176e-01
1.862087e-05 6.316096e+01 1.692797e+01 6.539008e+01 2.680132e-01
1.905461e-05 6.292694e+01 1.724396e+01 6.524687e+01 2.740314e-01
1.949845e-05 6.268416e+01 1.756248e+01 6.509796e+01 2.801742e-01
1.995262e-05 6.243238e+01 1.788334e+01 6.494317e+01 2.864433e-01
2.041738e-05 6.217138e+01 1.820630e+01 6.478232e+01 2.928406e-01
2.089296e-05 6.190093e+01 1.853115e+01 6.461523e+01 2.993679e-01
2.137962e-05 6.162081e+01 1.885762e+01 6.444171e+01 3.060268e-01
2.187762e-05 6.133081e+01 1.918544e+01 6.426157e+01 3.128190e-01
2.238721e-05 6.103073e+01 1.951434e+01 6.407464e+01 3.197462e-01
2.290868e-05 6.072035e+01 1.984402e+01 6.388072e+01 3.268100e-01
2.344229e-05 6.039949e+01 2.017415e+01 6.367962e+01 3.340119e-01
2.398833e-05 6.006797e+01 2.050440e+01 6.347118e+01 3.413533e-01
2.454709e-05 5.972560e+01 2.083441e+01 6.325520e+01 3.488355e-01
2.511886e-05 5.937225e+01 2.116383e+01 6.303151e+01 3.564599e-01
2.570396e-05 5.900775e+01 2.149225e+01 6.279993e+01 3.642277e-01
2.630268e-05 5.863198e+01 2.181929e+01 6.256029e+01 3.721398e-01
2.691535e-05 5.824482e+01 2.214452e+01 6.231243e+01 3.801973e-01
2.754229e-05 5.784618e+01 2.246751e+01 6.205618e+01 3.884010e-01
2.818383e-05 5.743598e+01 2.278782e+01 6.179139e+01 3.967516e-01
2.884032e-05 5.701416e+01 2.310497e+01 6.151792e+01 4.052496e-01
2.951209e-05 5.658070e+01 2.341849e+01 6.123562e+01 4.138954e-01
3.019952e-05 5.613558e+01 2.372790e+01 6.094437e+01 4.226892e-01
3.090295e-05 5.567881e+01 2.403270e+01 6.064404e+01 4.316310e-01
3.162278e-05 5.521043e+01 2.433238e+01 6.033454e+01 4.407207e-01
3.235937e-05 5.473051e+01 2.462642e+01 6.001575e+01 4.499579e-01
3.311311e-05 5.423916e+01 2.491431e+01 5.968759e+01 4.593418e-01
3.388442e-05 5.373648e+01 2.519552e+01 5.935001e+01 4.688718e-01
3.467369e-05 5.322264e+01 2.546951e+01 5.900293e+01 4.785465e-01
3.548134e-05 5.269783e+01 2.573576e+01 5.864632e+01 4.883647e-01
3.630781e-05 5.216226e+01 2.599373e+01 5.828015e+01 4.983246e-01
3.715352e-05 5.161618e+01 2.624291e+01 5.790441e+01 5.084241e-01
3.801894e-05 5.105989e+01 2.648277e+01 5.751912e+01 5.186610e-01
3.890451e-05 5.049369e+01 2.671280e+01 5.712430e+01 5.290326e-01
3.981072e-05 4.991793e+01 2.693250e+01 5.672001e+01 5.395357e-01
4.073803e-05 4.933299e+01 2.714138e+01 5.630629e+01 5.501670e-01
4.168694e-05 4.873930e+01 2.733897e+01 5.588325e+01 5.609225e-01
4.265795e-05 4.813728e+01 2.752480e+01 5.545099e+01 5.717981e-01
4.365158e-05 4.752743e+01 2.769846e+01 5.500964e+01 5.827889e-01
4.466836e-05 4.691023e+01 2.785952e+01 5.455935e+01 5.938899e-01
4.570882e-05 4.628624e+01 2.800759e+01 5.410028e+01 6.050954e-01
4.677351e-05 4.565599e+01 2.814232e+01 5.363264e+01 6.163993e-01
4.786301e-05 4.502008e+01 2.826338e+01 5.315662e+01 6.277949e-01
4.897788e-05 4.437912e+01 2.837046e+01 5.267247e+01 6.392750e-01
5.011872e-05 4.373372e+01 2.846330e+01 5.218043e+01 6.508319e-01
5.128614e-05 4.308454e+01 2.854167e+01 5.168079e+01 6.624574e-01
5.248075e-05 4.243222e+01 2.860537e+01 5.117383e+01 6.741427e-01
5.370318e-05 4.177746e+01 2.865425e+01 5.065987e+01 6.858783e-01
5.495409e-05 4.112092e+01 2.868819e+01 5.013923e+01 6.976543e-01
5.623413e-05 4.046330e+01 2.870710e+01 4.961226e+01 7.094601e-01
5.754399e-05 3.980530e+01 2.871095e+01 4.907933e+01 7.212845e-01
5.888437e-05 3.914761e+01 2.869973e+01 4.854081e+01 7.331158e-01
6.025596e-05 3.849092e+01 2.867349e+01 4.799709e+01 7.449417e-01
6.165950e-05 3.783594e+01 2.863231e+01 4.744857e+01 7.567491e-01
6.309573e-05 3.718333e+01 2.857631e+01 4.689568e+01 7.685247e-01
6.456542e-05 3.653377e+01 2.850563e+01 4.633884e+01 7.802543e-01
6.606934e-05 3.588794e+01 2.842049e+01 4.577847e+01 7.919233e-01
6.760830e-05 3.524646e+01 2.832111e+01 4.521502e+01 8.035166e-01
6.918310e-05 3.460997e+01 2.820776e+01 4.464894e+01 8.150184e-01
7.079458e-05 3.397907e+01 2.808074e+01 4.408067e+01 8.264128e-01
7.244360e-05 3.335436e+01 2.794038e+01 4.351067e+01 8.376830e-01
7.413102e-05 3.273638e+01 2.778704e+01 4.293938e+01 8.488122e-01
7.585776e-05 3.212568e+01 2.762111e+01 4.236727e+01 8.597829e-01
7.762471e-05 3.152276e+01 2.744301e+01 4.179477e+01 8.705776e-01
7.943282e-05 3.092809e+01 2.725317e+01 4.122235e+01 8.811784e-01
8.128305e-05 3.034213e+01 2.705204e+01 4.065043e+01 8.915670e-01
8.317638e-05 2.976528e+01 2.684011e+01 4.007947e+01 9.017254e-01
8.511380e-05 2.919794e+01 2.661786e+01 3.950987e+01 9.116351e-01
8.709636e-05 2.864044e+01 2.638580e+01 3.894208e+01 9.212777e-01
8.912509e-05 2.809312e+01 2.614445e+01 3.837650e+01 9.306352e-01
9.120108e-05 2.755625e+01 2.589431e+01 3.781352e+01 9.396892e-01
9.332543e-05 2.703009e+01 2.563593e+01 3.725355e+01 9.484220e-01
9.549926e-05 2.651486e+01 2.536984e+01 3.669696e+01 9.568160e-01
9.772372e-05 2.601074e+01 2.509657e+01 3.614410e+01 9.648540e-01
1.000000e-04 2.551790e+01 2.481664e+01 3.559535e+01 9.725192e-01
1.023293e-04 2.503645e+01 2.453060e+01 3.505103e+01 9.797955e-01
1.047129e-04 2.456650e+01 2.423897e+01 3.451146e+01 9.866674e-01
1.071519e-04 2.410812e+01 2.394226e+01 3.397695e+01 9.931202e-01
1.096478e-04 2.366134e+01 2.364099e+01 3.344781e+01 9.991400e-01
1.122018e-04 2.322619e+01 2.333567e+01 3.292429e+01 1.004714e+00
1.148154e-04 2.280264e+01 2.302677e+01 3.240667e+01 1.009829e+00
1.174898e-04 2.239067e+01 2.271478e+01 3.189520e+01 1.014475e+00
1.202264e-04 2.199023e+01 2.240017e+01 3.139009e+01 1.018642e+00
1.230269e-04 2.160123e+01 2.208340e+01 3.089157e+01 1.022321e+00
1.258925e-04 2.122357e+01 2.176489e+01 3.039984e+01 1.025505e+00
1.288250e-04 2.085715e+01 2.144507e+01 2.991508e+01 1.028188e+00
1.318257e-04 2.050184e+01 2.112434e+01 2.943745e+01 1.030363e+00
1.348963e-04 2.015748e+01 2.080311e+01 2.896711e+01 1.032029e+00
1.380384e-04 1.982393e+01 2.048173e+01 2.850420e+01 1.033182e+00
1.412538e-04 1.950100e+01 2.016057e+01 2.804884e+01 1.033823e+00
1.445440e-04 1.918851e+01 1.983997e+01 2.760115e+01 1.033951e+00
1.479108e-04 1.888627e+01 1.952025e+01 2.716121e+01 1.033568e+00
1.513561e-04 1.859408e+01 1.920172e+01 2.672912e+01 1.032679e+00
1.548817e-04 1.831173e+01 1.888466e+01 2.630494e+01 1.031287e+00
1.584893e-04 1.803901e+01 1.856934e+01 2.588873e+01 1.029399e+00
1.621810e-04 1.777569e+01 1.825603e+01 2.548054e+01 1.027023e+00
1.659587e-04 1.752154e+01 1.794497e+01 2.508039e+01 1.024166e+00
1.698244e-04 1.727634e+01 1.763636e+01 2.468832e+01 1.020839e+00
1.737801e-04 1.703986e+01 1.733044e+01 2.430434e+01 1.017053e+00
1.778279e-04 1.681187e+01 1.702738e+01 2.392844e+01 1.012819e+00
1.819701e-04 1.659212e+01 1.672737e+01 2.356063e+01 1.008151e+00
1.862087e-04 1.638039e+01 1.643057e+01 2.320088e+01 1.003063e+00
1.905461e-04 1.617645e+01 1.613713e+01 2.284917e+01 9.975698e-01
1.949845e-04 1.598005e+01 1.584721e+01 2.250546e+01 9.916869e-01
1.995262e-04 1.579097e+01 1.556091e+01 2.216972e+01 9.854306e-01
2.041738e-04 1.560898e+01 1.527835e+01 2.184189e+01 9.788179e-01
2.089296e-04 1.543385e+01 1.499964e+01 2.152192e+01 9.718663e-01
2.137962e-04 1.526536e+01 1.472487e+01 2.120974e+01 9.645937e-01
2.187762e-04 1.510329e+01 1.445412e+01 2.090529e+01 9.570183e-01
2.238721e-04 1.494742e+01 1.418747e+01 2.060848e+01 9.491586e-01
2.290868e-04 1.479753e+01 1.392497e+01 2.031924e+01 9.410335e-01
2.344229e-04 1.465342e+01 1.366668e+01 2.003749e+01 9.326617e-01
2.398833e-04 1.451488e+01 1.341265e+01 1.976312e+01 9.240621e-01
2.454709e-04 1.438171e+01 1.316291e+01 1.949604e+01 9.152535e-01
2.511886e-04 1.425371e+01 1.291749e+01 1.923616e+01 9.062548e-01
2.570396e-04 1.413070e+01 1.267643e+01 1.898337e+01 8.970845e-01
2.630268e-04 1.401247e+01 1.243973e+01 1.873756e+01 8.877610e-01
2.691535e-04 1.389886e+01 1.220740e+01 1.849862e+01 8.783023e-01
2.754229e-04 1.378968e+01 1.197946e+01 1.826644e+01 8.687264e-01
2.818383e-04 1.368476e+01 1.175590e+01 1.804090e+01 8.590505e-01
2.884032e-04 1.358393e+01 1.153672e+01 1.782188e+01 8.492918e-01
2.951209e-04 1.348703e+01 1.132191e+01 1.760925e+01 8.394668e-01
3.019952e-04 1.339390e+01 1.111146e+01 1.740290e+01 8.295916e-01
3.090295e-04 1.330437e+01 1.090535e+01 1.720270e+01 8.196819e-01
3.162278e-04 1.321831e+01 1.070356e+01 1.700853e+01 8.097527e-01
3.235937e-04 1.313557e+01 1.050607e+01 1.682025e+01 7.998186e-01
3.311311e-04 1.305600e+01 1.031285e+01 1.663773e+01 7.898935e-01
3.388442e-04 1.297947e+01 1.012387e+01 1.646085e+01 7.799911e-01
3.467369e-04 1.290585e+01 9.939107e+00 1.628947e+01 7.701241e-01
3.548134e-04 1.283501e+01 9.758518e+00 1.612346e+01 7.603049e-01
3.630781e-04 1.276681e+01 9.582071e+00 1.596269e+01 7.505452e-01
3.715352e-04 1.270115e+01 9.409730e+00 1.580703e+01 7.408563e-01
3.801894e-04 1.263791e+01 9.241455e+00 1.565635e+01 7.312486e-01
3.890451e-04 1.257697e+01 9.077205e+00 1.551051e+01 7.217323e-01
3.981072e-04 1.251822e+01 8.916941e+00 1.536938e+01 7.123169e-01
4.073803e-04 1.246156e+01 8.760618e+00 1.523282e+01 7.030113e-01
4.168694e-04 1.240688e+01 8.608193e+00 1.510072e+01 6.938240e-01
4.265795e-04 1.235409e+01 8.459623e+00 1.497293e+01 6.847629e-01
4.365158e-04 1.230309e+01 8.314861e+00 1.484934e+01 6.758355e-01
4.466836e-04 1.225377e+01 8.173862e+00 1.472980e+01 6.670485e-01
4.570882e-04 1.220607e+01 8.036580e+00 1.461420e+01 6.584085e-01
4.677351e-04 1.215988e+01 7.902968e+00 1.450240e+01 6.499216e-01
4.786301e-04 1.211512e+01 7.772978e+00 1.439428e+01 6.415931e-01
4.897788e-04 1.207171e+01 7.646564e+00 1.428972e+01 6.334284e-01
5.011872e-04 1.202957e+01 7.523678e+00 1.418860e+01 6.254320e-01
5.128614e-04 1.198862e+01 7.404272e+00 1.409078e+01 6.176084e-01
5.248075e-04 1.194878e+01 7.288298e+00 1.399617e+01 6.099615e-01
5.370318e-04 1.190999e+01 7.175709e+00 1.390463e+01 6.024949e-01
5.495409e-04 1.187217e+01 7.066455e+00 1.381605e+01 5.952119e-01
5.623413e-04 1.183525e+01 6.960490e+00 1.373031e+01 5.881154e-01
5.754399e-04 1.179916e+01 6.857765e+00 1.364731e+01 5.812081e-01
5.888437e-04 1.176384e+01 6.758233e+00 1.356693e+01 5.744922e-01
6.025596e-04 1.172922e+01 6.661845e+00 1.348906e+01 5.679699e-01
6.165950e-04 1.169525e+01 6.568554e+00 1.341360e+01 5.616429e-01
6.309573e-04 1.166186e+01 6.478312e+00 1.334045e+01 5.555128e-01
6.456542e-04 1.162899e+01 6.391071e+00 1.326948e+01 5.495810e-01
6.606934e-04 1.159659e+01 6.306785e+00 1.320062e+01 5.438484e-01
6.760830e-04 1.156459e+01 6.225405e+00 1.313375e+01 5.383161e-01
6.918310e-04 1.153295e+01 6.146884e+00 1.306878e+01 5.329847e-01
7.079458e-04 1.150160e+01 6.071175e+00 1.300562e+01 5.278546e-01
7.244360e-04 1.147051e+01 5.998231e+00 1.294416e+01 5.229263e-01
7.413102e-04 1.143961e+01 5.928004e+00 1.288433e+01 5.181999e-01
7.585776e-04 1.140885e+01 5.860448e+00 1.282602e+01 5.136754e-01
7.762471e-04 1.137820e+01 5.795515e+00 1.276916e+01 5.093528e-01
7.943282e-04 1.134759e+01 5.733159e+00 1.271365e+01 5.052316e-01
8.128305e-04 1.131698e+01 5.673332e+00 1.265941e+01 5.013116e-01
8.317638e-04 1.128633e+01 5.615988e+00 1.260637e+01 4.975922e-01
8.511380e-04 1.125558e+01 5.561079e+00 1.255443e+01 4.940729e-01
8.709636e-04 1.122471e+01 5.508557e+00 1.250353e+01 4.907528e-01
8.912509e-04 1.119365e+01 5.458376e+00 1.245358e+01 4.876313e-01
9.120108e-04 1.116238e+01 5.410489e+00 1.240452e+01 4.847074e-01
9.332543e-04 1.113085e+01 5.364847e+00 1.235627e+01 4.819801e-01
9.549926e-04 1.109901e+01 5.321404e+00 1.230876e+01 4.794483e-01
9.772372e-04 1.106684e+01 5.280111e+00 1.226191e+01 4.771110e-01
1.000000e-03 1.103428e+01 5.240920e+00 1.221567e+01 4.749669e-01
1.023293e-03 1.100131e+01 5.203783e+00 1.216997e+01 4.730147e-01
1.047129e-03 1.096789e+01 5.168651e+00 1.212475e+01 4.712532e-01
1.071519e-03 1.093397e+01 5.135477e+00 1.207993e+01 4.696810e-01
1.096478e-03 1.089952e+01 5.104209e+00 1.203547e+01 4.682966e-01
1.122018e-03 1.086452e+01 5.074801e+00 1.199130e+01 4.670985e-01
1.148154e-03 1.082892e+01 5.047201e+00 1.194737e+01 4.660853e-01
1.174898e-03 1.079269e+01 5.021360e+00 1.190363e+01 4.652554e-01
1.202264e-03 1.075581e+01 4.997227e+00 1.186001e+01 4.646072e-01
1.230269e-03 1.071824e+01 4.974752e+00 1.181646e+01 4.641390e-01
1.258925e-03 1.067995e+01 4.953884e+00 1.177294e+01 4.638491e-01
1.288250e-03 1.064091e+01 4.934571e+00 1.172940e+01 4.637359e-01
1.318257e-03 1.060109e+01 4.916761e+00 1.168579e+01 4.637976e-01
1.348963e-03 1.056047e+01 4.900403e+00 1.164206e+01 4.640325e-01
1.380384e-03 1.051903e+01 4.885443e+00 1.159817e+01 4.644386e-01
1.412538e-03 1.047673e+01 4.871828e+00 1.155407e+01 4.650142e-01
1.445440e-03 1.043356e+01 4.859505e+00 1.150973e+01 4.657573e-01
1.479108e-03 1.038948e+01 4.848419e+00 1.146510e+01 4.666661e-01
1.513561e-03 1.034449e+01 4.838517e+00 1.142014e+01 4.677386e-01
1.548817e-03 1.029856e+01 4.829743e+00 1.137483e+01 4.689728e-01
1.584893e-03 1.025166e+01 4.822041e+00 1.132911e+01 4.703666e-01
1.621810e-03 1.020380e+01 4.815356e+00 1.128296e+01 4.719181e-01
1.659587e-03 1.015494e+01 4.809632e+00 1.123634e+01 4.736250e-01
1.698244e-03 1.010507e+01 4.804812e+00 1.118922e+01 4.754852e-01
1.737801e-03 1.005419e+01 4.800839e+00 1.114158e+01 4.774964e-01
1.778279e-03 1.000227e+01 4.797654e+00 1.109337e+01 4.796565e-01
1.819701e-03 9.949314e+00 4.795201e+00 1.104458e+01 4.819630e-01
1.862087e-03 9.895308e+00 4.793421e+00 1.099518e+01 4.844135e-01
1.905461e-03 9.840246e+00 4.792255e+00 1.094514e+01 4.870056e-01
1.949845e-03 9.784124e+00 4.791644e+00 1.089444e+01 4.897367e-01
1.995262e-03 9.726938e+00 4.791530e+00 1.084307e+01 4.926041e-01
2.041738e-03 9.668688e+00 4.791853e+00 1.079099e+01 4.956053e-01
2.089296e-03 9.609374e+00 4.792553e+00 1.073819e+01 4.987373e-01
2.137962e-03 9.549000e+00 4.793572e+00 1.068465e+01 5.019973e-01
2.187762e-03 9.487571e+00 4.794850e+00 1.063036e+01 5.053823e-01
2.238721e-03 9.425093e+00 4.796328e+00 1.057531e+01 5.088892e-01
2.290868e-03 9.361577e+00 4.797946e+00 1.051948e+01 5.125147e-01
2.344229e-03 9.297034e+00 4.799646e+00 1.046286e+01 5.162556e-01
2.398833e-03 9.231479e+00 4.801370e+00 1.040545e+01 5.201085e-01
2.454709e-03 9.164926e+00 4.803060e+00 1.034723e+01 5.240697e-01
2.511886e-03 9.097396e+00 4.804659e+00 1.028822e+01 5.281356e-01
2.570396e-03 9.028910e+00 4.806111e+00 1.022839e+01 5.323024e-01
2.630268e-03 8.959490e+00 4.807360e+00 1.016775e+01 5.365662e-01
2.691535e-03 8.889163e+00 4.808352e+00 1.010631e+01 5.409229e-01
2.754229e-03 8.817957e+00 4.809034e+00 1.004406e+01 5.453683e-01
2.818383e-03 8.745903e+00 4.809355e+00 9.981018e+00 5.498980e-01
2.884032e-03 8.673034e+00 4.809265e+00 9.917184e+00 5.545078e-01
2.951209e-03 8.599385e+00 4.808715e+00 9.852571e+00 5.591929e-01
3.019952e-03 8.524993e+00 4.807658e+00 9.787189e+00 5.639487e-01
3.090295e-03 8.449897e+00 4.806052e+00 9.721054e+00 5.687704e-01
3.162278e-03 8.374141e+00 4.803852e+00 9.654182e+00 5.736531e-01
3.235937e-03 8.297766e+00 4.801019e+00 9.586590e+00 5.785917e-01
3.311311e-03 8.220819e+00 4.797516e+00 9.518299e+00 5.835812e-01
3.388442e-03 8.143346e+00 4.793307e+00 9.449332e+00 5.886164e-01
3.467369e-03 8.065395e+00 4.788360e+00 9.379712e+00 5.936919e-01
3.548134e-03 7.987017e+00 4.782645e+00 9.309465e+00 5.988024e-01
3.630781e-03 7.908263e+00 4.776136e+00 9.238620e+00 6.039425e-01
3.715352e-03 7.829184e+00 4.768809e+00 9.167206e+00 6.091068e-01
3.801894e-03 7.749833e+00 4.760644e+00 9.095254e+00 6.142899e-01
3.890451e-03 7.670263e+00 4.751622e+00 9.022796e+00 6.194862e-01
3.981072e-03 7.590529e+00 4.741730e+00 8.949868e+00 6.246903e-01
4.073803e-03 7.510685e+00 4.730955e+00 8.876504e+00 6.298967e-01
4.168694e-03 7.430784e+00 4.719291e+00 8.802741e+00 6.351000e-01
4.265795e-03 7.350880e+00 4.706730e+00 8.728616e+00 6.402948e-01
4.365158e-03 7.271026e+00 4.693273e+00 8.654169e+00 6.454760e-01
4.466836e-03 7.191276e+00 4.678919e+00 8.579437e+00 6.506382e-01
4.570882e-03 7.111682e+00 4.663673e+00 8.504461e+00 6.557764e-01
4.677351e-03 7.032294e+00 4.647542e+00 8.429282e+00 6.608856e-01
4.786301e-03 6.953162e+00 4.630535e+00 8.353940e+00 6.659610e-01
4.897788e-03 6.874334e+00 4.612665e+00 8.278475e+00 6.709980e-01
5.011872e-03 6.795858e+00 4.593946e+00 8.202928e+00 6.759921e-01
5.128614e-03 6.717779e+00 4.574398e+00 8.127341e+00 6.809390e-01
5.248075e-03 6.640140e+00 4.554038e+00 8.051753e+00 6.858345e-01
5.370318e-03 6.562983e+00 4.532889e+00 7.976204e+00 6.906750e-01
5.495409e-03 6.486348e+00 4.510974e+00 7.900734e+00 6.954568e-01
5.623413e-03 6.410271e+00 4.488320e+00 7.825381e+00 7.001764e-01
5.754399e-03 6.334788e+00 4.464954e+00 7.750184e+00 7.048309e-01
5.888437e-03 6.259932e+00 4.440904e+00 7.675179e+00 7.094173e-01
6.025596e-03 6.185733e+00 4.416200e+00 7.600402e+00 7.139332e-01
6.165950e-03 6.112220e+00 4.390873e+00 7.525889e+00 7.183762e-01
6.309573e-03 6.039419e+00 4.364956e+00 7.451672e+00 7.227444e-01
6.456542e-03 5.967352e+00 4.338481e+00 7.377785e+00 7.270362e-01
6.606934e-03 5.896042e+00 4.311481e+00 7.304258e+00 7.312501e-01
6.760830e-03 5.825507e+00 4.283991e+00 7.231121e+00 7.353851e-01
6.918310e-03 5.755764e+00 4.256044e+00 7.158403e+00 7.394403e-01
7.079458e-03 5.686827e+00 4.227675e+00 7.086129e+00 7.434154e-01
7.244360e-03 5.618707e+00 4.198917e+00 7.014326e+00 7.473101e-01
7.413102e-03 5.551415e+00 4.169804e+00 6.943016e+00 7.511246e-01
7.585776e-03 5.484958e+00 4.140371e+00 6.872222e+00 7.548592e-01
7.762471e-03 5.419343e+00 4.110651e+00 6.801965e+00 7.585146e-01
7.943282e-03 5.354572e+00 4.080675e+00 6.732262e+00 7.620918e-01
8.128305e-03 5.290648e+00 4.050478e+00 6.663132e+00 7.655919e-01
8.317638e-03 5.227572e+00 4.020089e+00 6.594590e+00 7.690165e-01
8.511380e-03 5.165341e+00 3.989540e+00 6.526651e+00 7.723672e-01
8.709636e-03 5.103952e+00 3.958860e+00 6.459327e+00 7.756460e-01
8.912509e-03 5.043402e+00 3.928079e+00 6.392629e+00 7.788551e-01
9.120108e-03 4.983684e+00 3.897224e+00 6.326568e+00 7.819967e-01
9.332543e-03 4.924790e+00 3.866323e+00 6.261151e+00 7.850736e-01
9.549926e-03 4.866713e+00 3.835401e+00 6.196386e+00 7.880884e-01
9.772372e-03 4.809444e+00 3.804482e+00 6.132278e+00 7.910442e-01
1.000000e-02 4.752970e+00 3.773592e+00 6.068832e+00 7.939440e-01
1.023293e-02 4.697282e+00 3.742752e+00 6.006051e+00 7.967910e-01
1.047129e-02 4.642366e+00 3.711984e+00 5.943937e+00 7.995888e-01
1.071519e-02 4.588210e+00 3.681308e+00 5.882491e+00 8.023408e-01
1.096478e-02 4.534800e+00 3.650744e+00 5.821713e+00 8.050506e-01
1.122018e-02 4.482122e+00 3.620309e+00 5.761601e+00 8.077220e-01
1.148154e-02 4.430160e+00 3.590020e+00 5.702154e+00 8.103590e-01
1.174898e-02 4.378899e+00 3.559893e+00 5.643367e+00 8.129653e-01
1.202264e-02 4.328324e+00 3.529943e+00 5.585238e+00 8.155450e-01
1.230269e-02 4.278418e+00 3.500183e+00 5.527761e+00 8.181022e-01
1.258925e-02 4.229165e+00 3.470626e+00 5.470931e+00 8.206410e-01
1.288250e-02 4.180548e+00 3.441283e+00 5.414741e+00 8.231656e-01
1.318257e-02 4.132551e+00 3.412165e+00 5.359183e+00 8.256800e-01
1.348963e-02 4.085156e+00 3.383279e+00 5.304251e+00 8.281886e-01
1.380384e-02 4.038346e+00 3.354636e+00 5.249936e+00 8.306954e-01
1.412538e-02 3.992105e+00 3.326241e+00 5.196228e+00 8.332048e-01
1.445440e-02 3.946415e+00 3.298102e+00 5.143119e+00 8.357209e-01
1.479108e-02 3.901260e+00 3.270222e+00 5.090597e+00 8.382478e-01
1.513561e-02 3.856621e+00 3.242608e+00 5.038654e+00 8.407897e-01
1.548817e-02 3.812484e+00 3.215261e+00 4.987277e+00 8.433506e-01
1.584893e-02 3.768830e+00 3.188184e+00 4.936456e+00 8.459346e-01
1.621810e-02 3.725644e+00 3.161379e+00 4.886179e+00 8.485455e-01
1.659587e-02 3.682910e+00 3.134846e+00 4.836434e+00 8.511873e-01
1.698244e-02 3.640612e+00 3.108586e+00 4.787208e+00 8.538637e-01
1.737801e-02 3.598734e+00 3.082597e+00 4.738490e+00 8.565783e-01
1.778279e-02 3.557261e+00 3.056878e+00 4.690267e+00 8.593348e-01
1.819701e-02 3.516178e+00 3.031425e+00 4.642526e+00 8.621364e-01
1.862087e-02 3.475472e+00 3.006236e+00 4.595254e+00 8.649865e-01
1.905461e-02 3.435127e+00 2.981307e+00 4.548438e+00 8.678882e-01
1.949845e-02 3.395132e+00 2.956632e+00 4.502066e+00 8.708445e-01
1.995262e-02 3.355473e+00 2.932207e+00 4.456124e+00 8.738580e-01
2.041738e-02 3.316138e+00 2.908026e+00 4.410599e+00 8.769315e-01
2.089296e-02 3.277115e+00 2.884082e+00 4.365479e+00 8.800673e-01
2.137962e-02 3.238393e+00 2.860368e+00 4.320751e+00 8.832676e-01
2.187762e-02 3.199962e+00 2.836876e+00 4.276403e+00 8.865343e-01
2.238721e-02 3.161811e+00 2.813599e+00 4.232421e+00 8.898692e-01
2.290868e-02 3.123933e+00 2.790527e+00 4.188795e+00 8.932737e-01
2.344229e-02 3.086318e+00 2.767653e+00 4.145511e+00 8.967491e-01
2.398833e-02 3.048959e+00 2.744967e+00 4.102560e+00 9.002963e-01
2.454709e-02 3.011850e+00 2.722459e+00 4.059929e+00 9.039160e-01
2.511886e-02 2.974983e+00 2.700120e+00 4.017608e+00 9.076086e-01
2.570396e-02 2.938354e+00 2.677940e+00 3.975586e+00 9.113742e-01
2.630268e-02 2.901958e+00 2.655909e+00 3.933855e+00 9.152127e-01
2.691535e-02 2.865792e+00 2.634017e+00 3.892403e+00 9.191236e-01
2.754229e-02 2.829852e+00 2.612253e+00 3.851224e+00 9.231060e-01
2.818383e-02 2.794136e+00 2.590608e+00 3.810308e+00 9.271589e-01
2.884032e-02 2.758644e+00 2.569072e+00 3.769648e+00 9.312809e-01
2.951209e-02 2.723373e+00 2.547635e+00 3.729237e+00 9.354702e-01
3.019952e-02 2.688326e+00 2.526287e+00 3.689068e+00 9.397250e-01
3.090295e-02 2.653502e+00 2.505019e+00 3.649136e+00 9.440427e-01
3.162278e-02 2.618903e+00 2.483822e+00 3.609435e+00 9.484208e-01
3.235937e-02 2.584531e+00 2.462687e+00 3.569962e+00 9.528564e-01
3.311311e-02 2.550389e+00 2.441606e+00 3.530712e+00 9.573463e-01
3.388442e-02 2.516482e+00 2.420571e+00 3.491682e+00 9.618869e-01
3.467369e-02 2.482812e+00 2.399575e+00 3.452871e+00 9.664746e-01
3.548134e-02 2.449385e+00 2.378611e+00 3.414276e+00 9.711053e-01
3.630781e-02 2.416206e+00 2.357673e+00 3.375896e+00 9.757749e-01
3.715352e-02 2.383280e+00 2.336756e+00 3.337732e+00 9.804788e-01
3.801894e-02 2.350614e+00 2.315854e+00 3.299782e+00 9.852125e-01
3.890451e-02 2.318212e+00 2.294964e+00 3.262049e+00 9.899712e-01
3.981072e-02 2.286083e+00 2.274081e+00 3.224534e+00 9.947498e-01
4.073803e-02 2.254233e+00 2.253203e+00 3.187239e+00 9.995433e-01
4.168694e-02 2.222668e+00 2.232329e+00 3.150165e+00 1.004347e+00
4.265795e-02 2.191395e+00 2.211455e+00 3.113318e+00 1.009154e+00
4.365158e-02 2.160421e+00 2.190583e+00 3.076699e+00 1.013961e+00
4.466836e-02 2.129754e+00 2.169711e+00 3.040312e+00 1.018762e+00
4.570882e-02 2.099399e+00 2.148841e+00 3.004163e+00 1.023551e+00
4.677351e-02 2.069364e+00 2.127974e+00 2.968256e+00 1.028323e+00
4.786301e-02 2.039654e+00 2.107112e+00 2.932594e+00 1.033073e+00
4.897788e-02 2.010277e+00 2.086257e+00 2.897185e+00 1.037796e+00
5.011872e-02 1.981237e+00 2.065413e+00 2.862032e+00 1.042487e+00
5.128614e-02 1.952539e+00 2.044583e+00 2.827142e+00 1.047140e+00
5.248075e-02 1.924190e+00 2.023772e+00 2.792519e+00 1.051752e+00
5.370318e-02 1.896194e+00 2.002984e+00 2.758169e+00 1.056318e+00
5.495409e-02 1.868554e+00 1.982224e+00 2.724098e+00 1.060833e+00
5.623413e-02 1.841275e+00 1.961498e+00 2.690310e+00 1.065294e+00
5.754399e-02 1.814359e+00 1.940812e+00 2.656812e+00 1.069696e+00
5.888437e-02 1.787810e+00 1.920172e+00 2.623609e+00 1.074036e+00
6.025596e-02 1.761628e+00 1.899583e+00 2.590705e+00 1.078311e+00
6.165950e-02 1.735817e+00 1.879053e+00 2.558105e+00 1.082518e+00
6.309573e-02 1.710376e+00 1.858588e+00 2.525814e+00 1.086655e+00
6.456542e-02 1.685306e+00 1.838194e+00 2.493835e+00 1.090718e+00
6.606934e-02 1.660608e+00 1.817879e+00 2.462174e+00 1.094707e+00
6.760830e-02 1.636280e+00 1.797648e+00 2.430833e+00 1.098619e+00
6.918310e-02 1.612322e+00 1.777509e+00 2.399816e+00 1.102453e+00
7.079458e-02 1.588731e+00 1.757467e+00 2.369126e+00 1.106208e+00
7.244360e-02 1.565507e+00 1.737530e+00 2.338765e+00 1.109883e+00
7.413102e-02 1.542646e+00 1.717703e+00 2.308736e+00 1.113479e+00
7.585776e-02 1.520145e+00 1.697993e+00 2.279040e+00 1.116994e+00
7.762471e-02 1.498002e+00 1.678405e+00 2.249678e+00 1.120429e+00
7.943282e-02 1.476212e+00 1.658944e+00 2.220653e+00 1.123785e+00
8.128305e-02 1.454771e+00 1.639617e+00 2.191963e+00 1.127061e+00
8.317638e-02 1.433676e+00 1.620427e+00 2.163611e+00 1.130260e+00
8.511380e-02 1.412922e+00 1.601380e+00 2.135595e+00 1.133381e+00
8.709636e-02 1.392504e+00 1.582480e+00 2.107916e+00 1.136427e+00
8.912509e-02 1.372417e+00 1.563730e+00 2.080572e+00 1.139399e+00
9.120108e-02 1.352656e+00 1.545135e+00 2.053563e+00 1.142297e+00
9.332543e-02 1.333215e+00 1.526698e+00 2.026887e+00 1.145125e+00
9.549926e-02 1.314090e+00 1.508422e+00 2.000542e+00 1.147883e+00
9.772372e-02 1.295275e+00 1.490310e+00 1.974528e+00 1.150575e+00
1.000000e-01 1.276763e+00 1.472364e+00 1.948841e+00 1.153200e+00
1.023293e-01 1.258551e+00 1.454586e+00 1.923479e+00 1.155763e+00
1.047129e-01 1.240631e+00 1.436978e+00 1.898440e+00 1.158264e+00
1.071519e-01 1.223000e+00 1.419542e+00 1.873720e+00 1.160705e+00
1.096478e-01 1.205650e+00 1.402279e+00 1.849318e+00 1.163090e+00
1.122018e-01 1.188576e+00 1.385189e+00 1.825230e+00 1.165419e+00
1.148154e-01 1.171774e+00 1.368275e+00 1.801452e+00 1.167695e+00
1.174898e-01 1.155238e+00 1.351535e+00 1.777982e+00 1.169919e+00
1.202264e-01 1.138962e+00 1.334971e+00 1.754817e+00 1.172094e+00
1.230269e-01 1.122942e+00 1.318582e+00 1.731952e+00 1.174221e+00
1.258925e-01 1.107172e+00 1.302369e+00 1.709384e+00 1.176302e+00
1.288250e-01 1.091648e+00 1.286330e+00 1.687110e+00 1.178338e+00
1.318257e-01 1.076365e+00 1.270467e+00 1.665127e+00 1.180331e+00
1.348963e-01 1.061317e+00 1.254778e+00 1.643430e+00 1.182283e+00
1.380384e-01 1.046502e+00 1.239262e+00 1.622016e+00 1.184195e+00
1.412538e-01 1.031913e+00 1.223920e+00 1.600882e+00 1.186068e+00
1.445440e-01 1.017548e+00 1.208749e+00 1.580024e+00 1.187903e+00
1.479108e-01 1.003401e+00 1.193749e+00 1.559439e+00 1.189702e+00
1.513561e-01 9.894699e-01 1.178918e+00 1.539123e+00 1.191465e+00
1.548817e-01 9.757495e-01 1.164257e+00 1.519073e+00 1.193193e+00
1.584893e-01 9.622365e-01 1.149763e+00 1.499285e+00 1.194886e+00
1.621810e-01 9.489273e-01 1.135436e+00 1.479756e+00 1.196547e+00
1.659587e-01 9.358185e-01 1.121274e+00 1.460484e+00 1.198175e+00
1.698244e-01 9.229067e-01 1.107276e+00 1.441464e+00 1.199771e+00
1.737801e-01 9.101887e-01 1.093441e+00 1.422694e+00 1.201335e+00
1.778279e-01 8.976613e-01 1.079768e+00 1.404170e+00 1.202868e+00
1.819701e-01 8.853215e-01 1.066255e+00 1.385891e+00 1.204370e+00
1.862087e-01 8.731665e-01 1.052901e+00 1.367852e+00 1.205842e+00
1.905461e-01 8.611933e-01 1.039705e+00 1.350052e+00 1.207284e+00
1.949845e-01 8.493992e-01 1.026666e+00 1.332487e+00 1.208696e+00
1.995262e-01 8.377815e-01 1.013782e+00 1.315154e+00 1.210079e+00
2.041738e-01 8.263376e-01 1.001052e+00 1.298052e+00 1.211433e+00
2.089296e-01 8.150650e-01 9.884762e-01 1.281178e+00 1.212757e+00
2.137962e-01 8.039612e-01 9.760523e-01 1.264528e+00 1.214054e+00
2.187762e-01 7.930238e-01 9.637795e-01 1.248102e+00 1.215322e+00
2.238721e-01 7.822503e-01 9.516569e-01 1.231895e+00 1.216563e+00
2.290868e-01 7.716385e-01 9.396835e-01 1.215907e+00 1.217777e+00
2.344229e-01 7.611861e-01 9.278583e-01 1.200136e+00 1.218964e+00
2.398833e-01 7.508907e-01 9.161805e-01 1.184577e+00 1.220125e+00
2.454709e-01 7.407501e-01 9.046492e-01 1.169231e+00 1.221261e+00
2.511886e-01 7.307621e-01 8.932637e-01 1.154094e+00 1.222373e+00
2.570396e-01 7.209245e-01 8.820230e-01 1.139165e+00 1.223461e+00
2.630268e-01 7.112351e-01 8.709266e-01 1.124441e+00 1.224527e+00
2.691535e-01 7.016916e-01 8.599737e-01 1.109922e+00 1.225572e+00
2.754229e-01 6.922918e-01 8.491636e-01 1.095603e+00 1.226598e+00
2.818383e-01 6.830336e-01 8.384956e-01 1.081485e+00 1.227605e+00
2.884032e-01 6.739146e-01 8.279693e-01 1.067565e+00 1.228597e+00
2.951209e-01 6.649327e-01 8.175839e-01 1.053840e+00 1.229574e+00
3.019952e-01 6.560855e-01 8.073389e-01 1.040310e+00 1.230539e+00
3.090295e-01 6.473708e-01 7.972337e-01 1.026972e+00 1.231495e+00
3.162278e-01 6.387863e-01 7.872679e-01 1.013824e+00 1.232443e+00
3.235937e-01 6.303296e-01 7.774408e-01 1.000864e+00 1.233388e+00
3.311311e-01 6.219984e-01 7.677519e-01 9.880915e-01 1.234331e+00
3.388442e-01 6.137902e-01 7.582006e-01 9.755032e-01 1.235276e+00
3.467369e-01 6.057027e-01 7.487865e-01 9.630975e-01 1.236228e+00
3.548134e-01 5.977333e-01 7.395088e-01 9.508724e-01 1.237189e+00
3.630781e-01 5.898795e-01 7.303672e-01 9.388259e-01 1.238163e+00
3.715352e-01 5.821389e-01 7.213609e-01 9.269559e-01 1.239156e+00
3.801894e-01 5.745089e-01 7.124893e-01 9.152603e-01 1.240171e+00
3.890451e-01 5.669868e-01 7.037517e-01 9.037370e-01 1.241214e+00
3.981072e-01 5.595701e-01 6.951475e-01 8.923837e-01 1.242289e+00
4.073803e-01 5.522560e-01 6.866758e-01 8.811983e-01 1.243401e+00
4.168694e-01 5.450420e-01 6.783359e-01 8.701784e-01 1.244557e+00
4.265795e-01 5.379254e-01 6.701269e-01 8.593217e-01 1.245762e+00
4.365158e-01 5.309034e-01 6.620480e-01 8.486259e-01 1.247022e+00
4.466836e-01 5.239732e-01 6.540981e-01 8.380885e-01 1.248343e+00
4.570882e-01 5.171323e-01 6.462762e-01 8.277069e-01 1.249731e+00
4.677351e-01 5.103778e-01 6.385813e-01 8.174788e-01 1.251193e+00
4.786301e-01 5.037069e-01 6.310122e-01 8.074014e-01 1.252737e+00
4.897788e-01 4.971171e-01 6.235676e-01 7.974722e-01 1.254368e+00
5.011872e-01 4.906054e-01 6.162462e-01 7.876884e-01 1.256093e+00
5.128614e-01 4.841692e-01 6.090467e-01 7.780474e-01 1.257921e+00
5.248075e-01 4.778059e-01 6.019677e-01 7.685464e-01 1.259858e+00
5.370318e-01 4.715126e-01 5.950075e-01 7.591825e-01 1.261912e+00
5.495409e-01 4.652869e-01 5.881646e-01 7.499530e-01 1.264090e+00
5.623413e-01 4.591260e-01 5.814374e-01 7.408550e-01 1.266400e+00
5.754399e-01 4.530274e-01 5.748240e-01 7.318855e-01 1.268850e+00
5.888437e-01 4.469885e-01 5.683226e-01 7.230417e-01 1.271448e+00
6.025596e-01 4.410069e-01 5.619314e-01 7.143207e-01 1.274201e+00
6.165950e-01 4.350802e-01 5.556484e-01 7.057194e-01 1.277117e+00
6.309573e-01 4.292059e-01 5.494714e-01 6.972349e-01 1.280205e+00
6.456542e-01 4.233818e-01 5.433986e-01 6.888644e-01 1.283472e+00
6.606934e-01 4.176056e-01 5.374275e-01 6.806047e-01 1.286926e+00
6.760830e-01 4.118752e-01 5.315561e-01 6.724530e-01 1.290576e+00
6.918310e-01 4.061885e-01 5.257820e-01 6.644064e-01 1.294429e+00
7.079458e-01 4.005435e-01 5.201029e-01 6.564618e-01 1.298493e+00
7.244360e-01 3.949382e-01 5.145164e-01 6.486164e-01 1.302777e+00
7.413102e-01 3.893708e-01 5.090200e-01 6.408674e-01 1.307289e+00
7.585776e-01 3.838396e-01 5.036113e-01 6.332119e-01 1.312036e+00
7.762471e-01 3.783430e-01 4.982878e-01 6.256470e-01 1.317027e+00
7.943282e-01 3.728793e-01 4.930468e-01 6.181700e-01 1.322269e+00
8.128305e-01 3.674471e-01 4.878859e-01 6.107782e-01 1.327772e+00
8.317638e-01 3.620450e-01 4.828024e-01 6.034689e-01 1.333542e+00
8.511380e-01 3.566719e-01 4.777936e-01 5.962395e-01 1.339588e+00
8.709636e-01 3.513265e-01 4.728569e-01 5.890874e-01 1.345919e+00
8.912509e-01 3.460078e-01 4.679898e-01 5.820102e-01 1.352541e+00
9.120108e-01 3.407149e-01 4.631894e-01 5.750053e-01 1.359463e+00
9.332543e-01 3.354469e-01 4.584533e-01 5.680704e-01 1.366694e+00
9.549926e-01 3.302030e-01 4.537787e-01 5.612033e-01 1.374241e+00
9.772372e-01 3.249827e-01 4.491629e-01 5.544016e-01 1.382113e+00
1.000000e+00 3.197854e-01 4.446035e-01 5.476631e-01 1.390318e+00
1.023293e+00 3.146106e-01 4.400977e-01 5.409860e-01 1.398865e+00
1.047129e+00 3.094581e-01 4.356430e-01 5.343680e-01 1.407761e+00
1.071519e+00 3.043277e-01 4.312368e-01 5.278073e-01 1.417015e+00
1.096478e+00 2.992191e-01 4.268766e-01 5.213020e-01 1.426636e+00
1.122018e+00 2.941324e-01 4.225601e-01 5.148504e-01 1.436632e+00
1.148154e+00 2.890677e-01 4.182846e-01 5.084507e-01 1.447013e+00
1.174898e+00 2.840250e-01 4.140479e-01 5.021014e-01 1.457786e+00
1.202264e+00 2.790047e-01 4.098475e-01 4.958010e-01 1.468963e+00
1.230269e+00 2.740071e-01 4.056813e-01 4.895480e-01 1.480550e+00
1.258925e+00 2.690326e-01 4.015470e-01 4.833410e-01 1.492559e+00
1.288250e+00 2.640817e-01 3.974424e-01 4.771788e-01 1.504998e+00
1.318257e+00 2.591550e-01 3.933655e-01 4.710602e-01 1.517877e+00
1.348963e+00 2.542532e-01 3.893142e-01 4.649841e-01 1.531206e+00
1.380384e+00 2.493770e-01 3.852865e-01 4.589494e-01 1.544996e+00
1.412538e+00 2.445272e-01 3.812806e-01 4.529553e-01 1.559257e+00
1.445440e+00 2.397047e-01 3.772948e-01 4.470008e-01 1.573998e+00
1.479108e+00 2.349104e-01 3.733272e-01 4.410851e-01 1.589232e+00
1.513561e+00 2.301453e-01 3.693762e-01 4.352076e-01 1.604969e+00
1.548817e+00 2.254105e-01 3.654403e-01 4.293676e-01 1.621221e+00
1.584893e+00 2.207071e-01 3.615181e-01 4.235646e-01 1.637999e+00
1.621810e+00 2.160362e-01 3.576082e-01 4.177981e-01 1.655316e+00
1.659587e+00 2.113990e-01 3.537092e-01 4.120676e-01 1.673183e+00
1.698244e+00 2.067967e-01 3.498200e-01 4.063729e-01 1.691613e+00
1.737801e+00 2.022306e-01 3.459396e-01 4.007137e-01 1.710620e+00
1.778279e+00 1.977020e-01 3.420670e-01 3.950897e-01 1.730215e+00
1.819701e+00 1.932121e-01 3.382012e-01 3.895009e-01 1.750414e+00
1.862087e+00 1.887623e-01 3.343414e-01 3.839471e-01 1.771230e+00
1.905461e+00 1.843540e-01 3.304871e-01 3.784284e-01 1.792677e+00
1.949845e+00 1.799884e-01 3.266375e-01 3.729448e-01 1.814770e+00
1.995262e+00 1.756669e-01 3.227921e-01 3.674964e-01 1.837524e+00
2.041738e+00 1.713909e-01 3.189507e-01 3.620834e-01 1.860955e+00
2.089296e+00 1.671617e-01 3.151128e-01 3.567059e-01 1.885078e+00
2.137962e+00 1.629805e-01 3.112783e-01 3.513643e-01 1.909911e+00
2.187762e+00 1.588488e-01 3.074471e-01 3.460588e-01 1.935470e+00
2.238721e+00 1.547678e-01 3.036191e-01 3.407897e-01 1.961772e+00
2.290868e+00 1.507387e-01 2.997944e-01 3.355575e-01 1.988835e+00
2.344229e+00 1.467627e-01 2.959732e-01 3.303626e-01 2.016678e+00
2.398833e+00 1.428411e-01 2.921557e-01 3.252054e-01 2.045319e+00
2.454709e+00 1.389750e-01 2.883422e-01 3.200864e-01 2.074778e+00
2.511886e+00 1.351655e-01 2.845332e-01 3.150061e-01 2.105073e+00
2.570396e+00 1.314135e-01 2.807291e-01 3.099651e-01 2.136227e+00
2.630268e+00 1.277202e-01 2.769305e-01 3.049639e-01 2.168259e+00
2.691535e+00 1.240864e-01 2.731380e-01 3.000030e-01 2.201191e+00
2.754229e+00 1.205131e-01 2.693523e-01 2.950831e-01 2.235046e+00
2.818383e+00 1.170010e-01 2.655741e-01 2.902048e-01 2.269845e+00
2.884032e+00 1.135509e-01 2.618043e-01 2.853687e-01 2.305611e+00
2.951209e+00 1.101635e-01 2.580436e-01 2.805753e-01 2.342369e+00
3.019952e+00 1.068394e-01 2.542931e-01 2.758254e-01 2.380144e+00
3.090295e+00 1.035791e-01 2.505536e-01 2.711195e-01 2.418959e+00
3.162278e+00 1.003832e-01 2.468262e-01 2.664582e-01 2.458840e+00
3.235937e+00 9.725196e-02 2.431118e-01 2.618421e-01 2.499814e+00
3.311311e+00 9.418577e-02 2.394115e-01 2.572719e-01 2.541907e+00
3.388442e+00 9.118488e-02 2.357264e-01 2.527481e-01 2.585148e+00
3.467369e+00 8.824946e-02 2.320575e-01 2.482714e-01 2.629563e+00
3.548134e+00 8.537961e-02 2.284060e-01 2.438422e-01 2.675182e+00
3.630781e+00 8.257537e-02 2.247730e-01 2.394611e-01 2.722035e+00
3.715352e+00 7.983667e-02 2.211596e-01 2.351286e-01 2.770151e+00
3.801894e+00 7.716342e-02 2.175669e-01 2.308453e-01 2.819561e+00
3.890451e+00 7.455541e-02 2.139961e-01 2.266116e-01 2.870296e+00
3.981072e+00 7.201238e-02 2.104482e-01 2.224280e-01 2.922390e+00
4.073803e+00 6.953400e-02 2.069244e-01 2.182949e-01 2.975873e+00
4.168694e+00 6.711989e-02 2.034257e-01 2.142127e-01 3.030782e+00
4.265795e+00 6.476957e-02 1.999532e-01 2.101818e-01 3.087148e+00
4.365158e+00 6.248252e-02 1.965080e-01 2.062025e-01 3.145008e+00
4.466836e+00 6.025816e-02 1.930911e-01 2.022751e-01 3.204397e+00
4.570882e+00 5.809586e-02 1.897035e-01 1.983999e-01 3.265352e+00
4.677351e+00 5.599491e-02 1.863460e-01 1.945772e-01 3.327911e+00
4.786301e+00 5.395456e-02 1.830198e-01 1.908071e-01 3.392110e+00
4.897788e+00 5.197403e-02 1.797256e-01 1.870898e-01 3.457989e+00
5.011872e+00 5.005247e-02 1.764644e-01 1.834255e-01 3.525587e+00
5.128614e+00 4.818899e-02 1.732368e-01 1.798143e-01 3.594946e+00
5.248075e+00 4.638267e-02 1.700438e-01 1.762562e-01 3.666106e+00
5.370318e+00 4.463256e-02 1.668860e-01 1.727513e-01 3.739109e+00
5.495409e+00 4.293765e-02 1.637641e-01 1.692995e-01 3.813999e+00
5.623413e+00 4.129692e-02 1.606789e-01 1.659010e-01 3.890819e+00
5.754399e+00 3.970933e-02 1.576307e-01 1.625555e-01 3.969614e+00
5.888437e+00 3.817380e-02 1.546203e-01 1.592629e-01 4.050430e+00
6.025596e+00 3.668924e-02 1.516481e-01 1.560233e-01 4.133314e+00
6.165950e+00 3.525452e-02 1.487146e-01 1.528363e-01 4.218313e+00
6.309573e+00 3.386854e-02 1.458202e-01 1.497017e-01 4.305476e+00
6.456542e+00 3.253015e-02 1.429653e-01 1.466195e-01 4.394853e+00
6.606934e+00 3.123821e-02 1.401501e-01 1.435892e-01 4.486494e+00
6.760830e+00 2.999156e-02 1.373749e-01 1.406107e-01 4.580452e+00
6.918310e+00 2.878906e-02 1.346400e-01 1.376835e-01 4.676778e+00
7.079458e+00 2.762954e-02 1.319456e-01 1.348074e-01 4.775528e+00
7.244360e+00 2.651184e-02 1.292918e-01 1.319820e-01 4.876757e+00
7.413102e+00 2.543483e-02 1.266787e-01 1.292069e-01 4.980520e+00
7.585776e+00 2.439736e-02 1.241063e-01 1.264817e-01 5.086876e+00
7.762471e+00 2.339828e-02 1.215747e-01 1.238059e-01 5.195883e+00
7.943282e+00 2.243648e-02 1.190839e-01 1.211791e-01 5.307603e+00
8.128305e+00 2.151084e-02 1.166338e-01 1.186008e-01 5.422095e+00
8.317638e+00 2.062025e-02 1.142243e-01 1.160706e-01 5.539424e+00
8.511380e+00 1.976363e-02 1.118553e-01 1.135879e-01 5.659654e+00
8.709636e+00 1.893990e-02 1.095266e-01 1.111522e-01 5.782850e+00
8.912509e+00 1.814802e-02 1.072381e-01 1.087629e-01 5.909079e+00
9.120108e+00 1.738695e-02 1.049895e-01 1.064195e-01 6.038411e+00
9.332543e+00 1.665565e-02 1.027806e-01 1.041214e-01 6.170916e+00
9.549926e+00 1.595315e-02 1.006112e-01 1.018681e-01 6.306665e+00
9.772372e+00 1.527846e-02 9.848085e-02 9.965896e-02 6.445732e+00
1.000000e+01 1.463062e-02 9.638934e-02 9.749339e-02 6.588193e+00
