1.000000e-06 2.438528e+01 1.032234e-01 2.438550e+01 4.233022e-03
1.023293e-06 2.438521e+01 1.056266e-01 2.438544e+01 4.331586e-03
1.047129e-06 2.438514e+01 1.080858e-01 2.438538e+01 4.432443e-03
1.071519e-06 2.438507e+01 1.106021e-01 2.438532e+01 4.535647e-03
1.096478e-06 2.438499e+01 1.131769e-01 2.438525e+01 4.641252e-03
1.122018e-06 2.438491e+01 1.158116e-01 2.438519e+01 4.749314e-03
1.148154e-06 2.438483e+01 1.185076e-01 2.438511e+01 4.859890e-03
1.174898e-06 2.438474e+01 1.212662e-01 2.438504e+01 4.973037e-03
1.202264e-06 2.438464e+01 1.240890e-01 2.438496e+01 5.088817e-03
1.230269e-06 2.438455e+01 1.269774e-01 2.438488e+01 5.207288e-03
1.258925e-06 2.438444e+01 1.299329e-01 2.438479e+01 5.328516e-03
1.288250e-06 2.438434e+01 1.329571e-01 2.438470e+01 5.452562e-03
1.318257e-06 2.438423e+01 1.360516e-01 2.438461e+01 5.579492e-03
1.348963e-06 2.438411e+01 1.392180e-01 2.438451e+01 5.709374e-03
1.380384e-06 2.438399e+01 1.424580e-01 2.438440e+01 5.842275e-03
1.412538e-06 2.438386e+01 1.457732e-01 2.438429e+01 5.978266e-03
1.445440e-06 2.438372e+01 1.491654e-01 2.438418e+01 6.117417e-03
1.479108e-06 2.438358e+01 1.526364e-01 2.438406e+01 6.259803e-03
1.513561e-06 2.438343e+01 1.561880e-01 2.438393e+01 6.405497e-03
1.548817e-06 2.438328e+01 1.598221e-01 2.438380e+01 6.554577e-03
1.584893e-06 2.438312e+01 1.635405e-01 2.438367e+01 6.707121e-03
1.621810e-06 2.438295e+01 1.673453e-01 2.438352e+01 6.863208e-03
1.659587e-06 2.438277e+01 1.712383e-01 2.438337e+01 7.022921e-03
1.698244e-06 2.438259e+01 1.752217e-01 2.438322e+01 7.186344e-03
1.737801e-06 2.438239e+01 1.792974e-01 2.438305e+01 7.353561e-03
1.778279e-06 2.438219e+01 1.834677e-01 2.438288e+01 7.524661e-03
1.819701e-06 2.438198e+01 1.877347e-01 2.438270e+01 7.699734e-03
1.862087e-06 2.438175e+01 1.921006e-01 2.438251e+01 7.878869e-03
1.905461e-06 2.438152e+01 1.965678e-01 2.438231e+01 8.062162e-03
1.949845e-06 2.438127e+01 2.011384e-01 2.438210e+01 8.249709e-03
1.995262e-06 2.438102e+01 2.058149e-01 2.438189e+01 8.441606e-03
2.041738e-06 2.438075e+01 2.105998e-01 2.438166e+01 8.637954e-03
2.089296e-06 2.438047e+01 2.154955e-01 2.438142e+01 8.838856e-03
2.137962e-06 2.438018e+01 2.205044e-01 2.438117e+01 9.044415e-03
2.187762e-06 2.437987e+01 2.256293e-01 2.438091e+01 9.254740e-03
2.238721e-06 2.437955e+01 2.308728e-01 2.438064e+01 9.469939e-03
2.290868e-06 2.437921e+01 2.362376e-01 2.438035e+01 9.690124e-03
2.344229e-06 2.437886e+01 2.417263e-01 2.438005e+01 9.915409e-03
2.398833e-06 2.437849e+01 2.473420e-01 2.437974e+01 1.014591e-02
2.454709e-06 2.437810e+01 2.530873e-01 2.437941e+01 1.038175e-02
2.511886e-06 2.437769e+01 2.589654e-01 2.437907e+01 1.062305e-02
2.570396e-06 2.437727e+01 2.649792e-01 2.437871e+01 1.086993e-02
2.630268e-06 2.437683e+01 2.711317e-01 2.437833e+01 1.112252e-02
2.691535e-06 2.437636e+01 2.774262e-01 2.437794e+01 1.138095e-02
2.754229e-06 2.437587e+01 2.838657e-01 2.437753e+01 1.164536e-02
2.818383e-06 2.437536e+01 2.904537e-01 2.437709e+01 1.191587e-02
2.884032e-06 2.437483e+01 2.971934e-01 2.437664e+01 1.219263e-02
2.951209e-06 2.437427e+01 3.040882e-01 2.437617e+01 1.247579e-02
3.019952e-06 2.437369e+01 3.111417e-01 2.437567e+01 1.276548e-02
3.090295e-06 2.437307e+01 3.183573e-01 2.437515e+01 1.306185e-02
3.162278e-06 2.437243e+01 3.257388e-01 2.437461e+01 1.336505e-02
3.235937e-06 2.437176e+01 3.332898e-01 2.437404e+01 1.367524e-02
3.311311e-06 2.437106e+01 3.410140e-01 2.437345e+01 1.399258e-02
3.388442e-06 2.437033e+01 3.489155e-01 2.437282e+01 1.431723e-02
3.467369e-06 2.436956e+01 3.569979e-01 2.437217e+01 1.464934e-02
3.548134e-06 2.436875e+01 3.652655e-01 2.437149e+01 1.498909e-02
3.630781e-06 2.436791e+01 3.737222e-01 2.437077e+01 1.533666e-02
3.715352e-06 2.436702e+01 3.823722e-01 2.437002e+01 1.569220e-02
3.801894e-06 2.436610e+01 3.912198e-01 2.436924e+01 1.605591e-02
3.890451e-06 2.436513e+01 4.002693e-01 2.436842e+01 1.642796e-02
3.981072e-06 2.436412e+01 4.095251e-01 2.436756e+01 1.680853e-02
4.073803e-06 2.436306e+01 4.189917e-01 2.436666e+01 1.719783e-02
4.168694e-06 2.436195e+01 4.286737e-01 2.436572e+01 1.759603e-02
4.265795e-06 2.436079e+01 4.385756e-01 2.436474e+01 1.800334e-02
4.365158e-06 2.435958e+01 4.487023e-01 2.436371e+01 1.841996e-02
4.466836e-06 2.435830e+01 4.590586e-01 2.436263e+01 1.884608e-02
4.570882e-06 2.435697e+01 4.696494e-01 2.436150e+01 1.928193e-02
4.677351e-06 2.435558e+01 4.804795e-01 2.436032e+01 1.972770e-02
4.786301e-06 2.435412e+01 4.915542e-01 2.435908e+01 2.018361e-02
4.897788e-06 2.435260e+01 5.028786e-01 2.435779e+01 2.064990e-02
5.011872e-06 2.435100e+01 5.144579e-01 2.435644e+01 2.112676e-02
5.128614e-06 2.434933e+01 5.262974e-01 2.435502e+01 2.161445e-02
5.248075e-06 2.434758e+01 5.384025e-01 2.435354e+01 2.211318e-02
5.370318e-06 2.434576e+01 5.507786e-01 2.435199e+01 2.262319e-02
5.495409e-06 2.434384e+01 5.634314e-01 2.435036e+01 2.314472e-02
5.623413e-06 2.434184e+01 5.763665e-01 2.434866e+01 2.367802e-02
5.754399e-06 2.433975e+01 5.895895e-01 2.434689e+01 2.422332e-02
5.888437e-06 2.433756e+01 6.031063e-01 2.434503e+01 2.478089e-02
6.025596e-06 2.433526e+01 6.169226e-01 2.434308e+01 2.535098e-02
6.165950e-06 2.433286e+01 6.310445e-01 2.434105e+01 2.593383e-02
6.309573e-06 2.433036e+01 6.454778e-01 2.433892e+01 2.652973e-02
6.456542e-06 2.432773e+01 6.602286e-01 2.433669e+01 2.713893e-02
6.606934e-06 2.432499e+01 6.753031e-01 2.433436e+01 2.776170e-02
6.760830e-06 2.432212e+01 6.907073e-01 2.433192e+01 2.839832e-02
6.918310e-06 2.431911e+01 7.064475e-01 2.432937e+01 2.904906e-02
7.079458e-06 2.431597e+01 7.225298e-01 2.432671e+01 2.971420e-02
7.244360e-06 2.431269e+01 7.389607e-01 2.432392e+01 3.039403e-02
7.413102e-06 2.430926e+01 7.557464e-01 2.432100e+01 3.108883e-02
7.585776e-06 2.430567e+01 7.728932e-01 2.431795e+01 3.179889e-02
7.762471e-06 2.430191e+01 7.904076e-01 2.431476e+01 3.252450e-02
7.943282e-06 2.429799e+01 8.082958e-01 2.431143e+01 3.326595e-02
8.128305e-06 2.429389e+01 8.265643e-01 2.430794e+01 3.402355e-02
8.317638e-06 2.428960e+01 8.452194e-01 2.430430e+01 3.479758e-02
8.511380e-06 2.428512e+01 8.642675e-01 2.430049e+01 3.558836e-02
8.709636e-06 2.428043e+01 8.837149e-01 2.429651e+01 3.639617e-02
8.912509e-06 2.427554e+01 9.035679e-01 2.429235e+01 3.722133e-02
9.120108e-06 2.427042e+01 9.238327e-01 2.428800e+01 3.806414e-02
9.332543e-06 2.426508e+01 9.445156e-01 2.428345e+01 3.892489e-02
9.549926e-06 2.425949e+01 9.656225e-01 2.427870e+01 3.980390e-02
9.772372e-06 2.425366e+01 9.871596e-01 2.427374e+01 4.070147e-02
1.000000e-05 2.424757e+01 1.009133e+00 2.426856e+01 4.161789e-02
1.023293e-05 2.424120e+01 1.031548e+00 2.426314e+01 4.255348e-02
1.047129e-05 2.423456e+01 1.054410e+00 2.425749e+01 4.350852e-02
1.071519e-05 2.422762e+01 1.077725e+00 2.425158e+01 4.448332e-02
1.096478e-05 2.422038e+01 1.101498e+00 2.424541e+01 4.547817e-02
1.122018e-05 2.421281e+01 1.125735e+00 2.423897e+01 4.649336e-02
1.148154e-05 2.420492e+01 1.150440e+00 2.423225e+01 4.752917e-02
1.174898e-05 2.419669e+01 1.175617e+00 2.422523e+01 4.858588e-02
1.202264e-05 2.418809e+01 1.201272e+00 2.421790e+01 4.966378e-02
1.230269e-05 2.417913e+01 1.227408e+00 2.421026e+01 5.076311e-02
1.258925e-05 2.416977e+01 1.254028e+00 2.420228e+01 5.188415e-02
1.288250e-05 2.416002e+01 1.281137e+00 2.419396e+01 5.302714e-02
1.318257e-05 2.414985e+01 1.308736e+00 2.418529e+01 5.419232e-02
1.348963e-05 2.413925e+01 1.336830e+00 2.417624e+01 5.537993e-02
1.380384e-05 2.412820e+01 1.365419e+00 2.416680e+01 5.659018e-02
1.412538e-05 2.411668e+01 1.394506e+00 2.415697e+01 5.782327e-02
1.445440e-05 2.410469e+01 1.424091e+00 2.414672e+01 5.907941e-02
1.479108e-05 2.409219e+01 1.454175e+00 2.413604e+01 6.035876e-02
1.513561e-05 2.407917e+01 1.484758e+00 2.412491e+01 6.166148e-02
1.548817e-05 2.406562e+01 1.515839e+00 2.411332e+01 6.298772e-02
1.584893e-05 2.405152e+01 1.547417e+00 2.410125e+01 6.433759e-02
1.621810e-05 2.403684e+01 1.579490e+00 2.408868e+01 6.571120e-02
1.659587e-05 2.402157e+01 1.612055e+00 2.407560e+01 6.710862e-02
1.698244e-05 2.400569e+01 1.645108e+00 2.406200e+01 6.852992e-02
1.737801e-05 2.398918e+01 1.678646e+00 2.404784e+01 6.997511e-02
1.778279e-05 2.397202e+01 1.712662e+00 2.403312e+01 7.144421e-02
1.819701e-05 2.395418e+01 1.747151e+00 2.401782e+01 7.293719e-02
1.862087e-05 2.393566e+01 1.782105e+00 2.400191e+01 7.445399e-02
1.905461e-05 2.391642e+01 1.817517e+00 2.398538e+01 7.599453e-02
1.949845e-05 2.389645e+01 1.853377e+00 2.396822e+01 7.755868e-02
1.995262e-05 2.387573e+01 1.889675e+00 2.395039e+01 7.914629e-02
2.041738e-05 2.385423e+01 1.926401e+00 2.393189e+01 8.075717e-02
2.089296e-05 2.383195e+01 1.963540e+00 2.391270e+01 8.239110e-02
2.137962e-05 2.380885e+01 2.001081e+00 2.389279e+01 8.404780e-02
2.187762e-05 2.378491e+01 2.039008e+00 2.387215e+01 8.572696e-02
2.238721e-05 2.376013e+01 2.077306e+00 2.385076e+01 8.742823e-02
2.290868e-05 2.373447e+01 2.115957e+00 2.382860e+01 8.915123e-02
2.344229e-05 2.370792e+01 2.154944e+00 2.380566e+01 9.089551e-02
2.398833e-05 2.368047e+01 2.194246e+00 2.378191e+01 9.266059e-02
2.454709e-05 2.365209e+01 2.233844e+00 2.375735e+01 9.444594e-02
2.511886e-05 2.362277e+01 2.273715e+00 2.373194e+01 9.625099e-02
2.570396e-05 2.359250e+01 2.313837e+00 2.370569e+01 9.807511e-02
2.630268e-05 2.356125e+01 2.354184e+00 2.367857e+01 9.991764e-02
2.691535e-05 2.352902e+01 2.394733e+00 2.365057e+01 1.017779e-01
2.754229e-05 2.349579e+01 2.435456e+00 2.362167e+01 1.036550e-01
2.818383e-05 2.346155e+01 2.476326e+00 2.359188e+01 1.055482e-01
2.884032e-05 2.342630e+01 2.517314e+00 2.356116e+01 1.074568e-01
2.951209e-05 2.339001e+01 2.558391e+00 2.352952e+01 1.093796e-01
3.019952e-05 2.335270e+01 2.599528e+00 2.349694e+01 1.113159e-01
3.090295e-05 2.331435e+01 2.640692e+00 2.346342e+01 1.132647e-01
3.162278e-05 2.327495e+01 2.681853e+00 2.342895e+01 1.152248e-01
3.235937e-05 2.323451e+01 2.722978e+00 2.339353e+01 1.171954e-01
3.311311e-05 2.319303e+01 2.764034e+00 2.335716e+01 1.191752e-01
3.388442e-05 2.315051e+01 2.804989e+00 2.331982e+01 1.211631e-01
3.467369e-05 2.310696e+01 2.845810e+00 2.328154e+01 1.231581e-01
3.548134e-05 2.306237e+01 2.886463e+00 2.324230e+01 1.251590e-01
3.630781e-05 2.301676e+01 2.926916e+00 2.320212e+01 1.271645e-01
3.715352e-05 2.297014e+01 2.967135e+00 2.316099e+01 1.291736e-01
3.801894e-05 2.292253e+01 3.007090e+00 2.311893e+01 1.311849e-01
3.890451e-05 2.287393e+01 3.046748e+00 2.307595e+01 1.331974e-01
3.981072e-05 2.282437e+01 3.086077e+00 2.303205e+01 1.352098e-01
4.073803e-05 2.277385e+01 3.125050e+00 2.298727e+01 1.372210e-01
4.168694e-05 2.272242e+01 3.163637e+00 2.294160e+01 1.392297e-01
4.265795e-05 2.267008e+01 3.201810e+00 2.289507e+01 1.412350e-01
4.365158e-05 2.261687e+01 3.239544e+00 2.284770e+01 1.432357e-01
4.466836e-05 2.256280e+01 3.276814e+00 2.279951e+01 1.452308e-01
4.570882e-05 2.250791e+01 3.313599e+00 2.275052e+01 1.472193e-01
4.677351e-05 2.245224e+01 3.349879e+00 2.270076e+01 1.492002e-01
4.786301e-05 2.239580e+01 3.385634e+00 2.265026e+01 1.511727e-01
4.897788e-05 2.233864e+01 3.420849e+00 2.259905e+01 1.531360e-01
5.011872e-05 2.228078e+01 3.455511e+00 2.254714e+01 1.550893e-01
5.128614e-05 2.222226e+01 3.489608e+00 2.249459e+01 1.570320e-01
5.248075e-05 2.216313e+01 3.523132e+00 2.244140e+01 1.589637e-01
5.370318e-05 2.210340e+01 3.556077e+00 2.238763e+01 1.608837e-01
5.495409e-05 2.204313e+01 3.588441e+00 2.233330e+01 1.627918e-01
5.623413e-05 2.198233e+01 3.620222e+00 2.227844e+01 1.646878e-01
5.754399e-05 2.192106e+01 3.651422e+00 2.222310e+01 1.665714e-01
5.888437e-05 2.185935e+01 3.682048e+00 2.216729e+01 1.684427e-01
6.025596e-05 2.179723e+01 3.712107e+00 2.211106e+01 1.703018e-01
6.165950e-05 2.173473e+01 3.741608e+00 2.205444e+01 1.721488e-01
6.309573e-05 2.167189e+01 3.770565e+00 2.199745e+01 1.739842e-01
6.456542e-05 2.160874e+01 3.798994e+00 2.194014e+01 1.758082e-01
6.606934e-05 2.154530e+01 3.826911e+00 2.188253e+01 1.776216e-01
6.760830e-05 2.148161e+01 3.854337e+00 2.182465e+01 1.794249e-01
6.918310e-05 2.141769e+01 3.881293e+00 2.176654e+01 1.812190e-01
7.079458e-05 2.135357e+01 3.907804e+00 2.170820e+01 1.830047e-01
7.244360e-05 2.128927e+01 3.933894e+00 2.164967e+01 1.847830e-01
7.413102e-05 2.122479e+01 3.959590e+00 2.159098e+01 1.865549e-01
7.585776e-05 2.116018e+01 3.984921e+00 2.153213e+01 1.883217e-01
7.762471e-05 2.109542e+01 4.009916e+00 2.147315e+01 1.900846e-01
7.943282e-05 2.103054e+01 4.034604e+00 2.141406e+01 1.918449e-01
8.128305e-05 2.096555e+01 4.059015e+00 2.135486e+01 1.936040e-01
8.317638e-05 2.090045e+01 4.083182e+00 2.129556e+01 1.953634e-01
8.511380e-05 2.083523e+01 4.107133e+00 2.123618e+01 1.971244e-01
8.709636e-05 2.076991e+01 4.130901e+00 2.117672e+01 1.988887e-01
8.912509e-05 2.070447e+01 4.154514e+00 2.111718e+01 2.006578e-01
9.120108e-05 2.063892e+01 4.178002e+00 2.105755e+01 2.024332e-01
9.332543e-05 2.057323e+01 4.201394e+00 2.099785e+01 2.042165e-01
9.549926e-05 2.050741e+01 4.224717e+00 2.093805e+01 2.060093e-01
9.772372e-05 2.044143e+01 4.247996e+00 2.087816e+01 2.078131e-01
1.000000e-04 2.037528e+01 4.271256e+00 2.081816e+01 2.096293e-01
1.023293e-04 2.030894e+01 4.294519e+00 2.075803e+01 2.114596e-01
1.047129e-04 2.024238e+01 4.317806e+00 2.069776e+01 2.133052e-01
1.071519e-04 2.017559e+01 4.341133e+00 2.063734e+01 2.151676e-01
1.096478e-04 2.010854e+01 4.364518e+00 2.057674e+01 2.170480e-01
1.122018e-04 2.004120e+01 4.387973e+00 2.051595e+01 2.189476e-01
1.148154e-04 1.997354e+01 4.411507e+00 2.045492e+01 2.208675e-01
1.174898e-04 1.990554e+01 4.435130e+00 2.039365e+01 2.228088e-01
1.202264e-04 1.983717e+01 4.458845e+00 2.033211e+01 2.247723e-01
1.230269e-04 1.976839e+01 4.482655e+00 2.027026e+01 2.267588e-01
1.258925e-04 1.969916e+01 4.506556e+00 2.020807e+01 2.287689e-01
1.288250e-04 1.962947e+01 4.530546e+00 2.014552e+01 2.308032e-01
1.318257e-04 1.955928e+01 4.554616e+00 2.008258e+01 2.328621e-01
1.348963e-04 1.948856e+01 4.578755e+00 2.001921e+01 2.349458e-01
1.380384e-04 1.941727e+01 4.602949e+00 1.995539e+01 2.370544e-01
1.412538e-04 1.934539e+01 4.627181e+00 1.989108e+01 2.391878e-01
1.445440e-04 1.927289e+01 4.651430e+00 1.982624e+01 2.413458e-01
1.479108e-04 1.919973e+01 4.675673e+00 1.976086e+01 2.435280e-01
1.513561e-04 1.912591e+01 4.699883e+00 1.969490e+01 2.457339e-01
1.548817e-04 1.905138e+01 4.724032e+00 1.962834e+01 2.479627e-01
1.584893e-04 1.897614e+01 4.748088e+00 1.956114e+01 2.502136e-01
1.621810e-04 1.890015e+01 4.772016e+00 1.949328e+01 2.524856e-01
1.659587e-04 1.882341e+01 4.795780e+00 1.942474e+01 2.547774e-01
1.698244e-04 1.874590e+01 4.819341e+00 1.935549e+01 2.570877e-01
1.737801e-04 1.866761e+01 4.842658e+00 1.928551e+01 2.594150e-01
1.778279e-04 1.858853e+01 4.865689e+00 1.921480e+01 2.617576e-01
1.819701e-04 1.850866e+01 4.888390e+00 1.914332e+01 2.641137e-01
1.862087e-04 1.842799e+01 4.910716e+00 1.907108e+01 2.664813e-01
1.905461e-04 1.834654e+01 4.932621e+00 1.899806e+01 2.688584e-01
1.949845e-04 1.826430e+01 4.954058e+00 1.892425e+01 2.712428e-01
1.995262e-04 1.818128e+01 4.974981e+00 1.884965e+01 2.736320e-01
2.041738e-04 1.809751e+01 4.995343e+00 1.877427e+01 2.760238e-01
2.089296e-04 1.801299e+01 5.015097e+00 1.869810e+01 2.784155e-01
2.137962e-04 1.792776e+01 5.034198e+00 1.862116e+01 2.808046e-01
2.187762e-04 1.784183e+01 5.052601e+00 1.854346e+01 2.831884e-01
2.238721e-04 1.775524e+01 5.070263e+00 1.846500e+01 2.855642e-01
2.290868e-04 1.766803e+01 5.087141e+00 1.838581e+01 2.879292e-01
2.344229e-04 1.758021e+01 5.103196e+00 1.830592e+01 2.902807e-01
2.398833e-04 1.749185e+01 5.118391e+00 1.822533e+01 2.926158e-01
2.454709e-04 1.740298e+01 5.132691e+00 1.814410e+01 2.949317e-01
2.511886e-04 1.731365e+01 5.146064e+00 1.806224e+01 2.972259e-01
2.570396e-04 1.722391e+01 5.158481e+00 1.797979e+01 2.994954e-01
2.630268e-04 1.713380e+01 5.169917e+00 1.789679e+01 3.017378e-01
2.691535e-04 1.704340e+01 5.180350e+00 1.781329e+01 3.039505e-01
2.754229e-04 1.695274e+01 5.189762e+00 1.772933e+01 3.061311e-01
2.818383e-04 1.686190e+01 5.198139e+00 1.764495e+01 3.082772e-01
2.884032e-04 1.677093e+01 5.205473e+00 1.756021e+01 3.103866e-01
2.951209e-04 1.667989e+01 5.211756e+00 1.747516e+01 3.124574e-01
3.019952e-04 1.658885e+01 5.216990e+00 1.738985e+01 3.144878e-01
3.090295e-04 1.649786e+01 5.221176e+00 1.730433e+01 3.164760e-01
3.162278e-04 1.640698e+01 5.224322e+00 1.721867e+01 3.184207e-01
3.235937e-04 1.631629e+01 5.226443e+00 1.713292e+01 3.203206e-01
3.311311e-04 1.622583e+01 5.227552e+00 1.704714e+01 3.221747e-01
3.388442e-04 1.613567e+01 5.227673e+00 1.696138e+01 3.239823e-01
3.467369e-04 1.604587e+01 5.226830e+00 1.687572e+01 3.257430e-01
3.548134e-04 1.595648e+01 5.225053e+00 1.679019e+01 3.274564e-01
3.630781e-04 1.586756e+01 5.222375e+00 1.670487e+01 3.291227e-01
3.715352e-04 1.577915e+01 5.218832e+00 1.661980e+01 3.307422e-01
3.801894e-04 1.569131e+01 5.214465e+00 1.653505e+01 3.323154e-01
3.890451e-04 1.560409e+01 5.209319e+00 1.645067e+01 3.338432e-01
3.981072e-04 1.551752e+01 5.203439e+00 1.636671e+01 3.353268e-01
4.073803e-04 1.543164e+01 5.196875e+00 1.628321e+01 3.367675e-01
4.168694e-04 1.534649e+01 5.189678e+00 1.620023e+01 3.381672e-01
4.265795e-04 1.526210e+01 5.181904e+00 1.611781e+01 3.395276e-01
4.365158e-04 1.517850e+01 5.173607e+00 1.603599e+01 3.408510e-01
4.466836e-04 1.509572e+01 5.164846e+00 1.595482e+01 3.421398e-01
4.570882e-04 1.501376e+01 5.155677e+00 1.587432e+01 3.433968e-01
4.677351e-04 1.493266e+01 5.146162e+00 1.579453e+01 3.446246e-01
4.786301e-04 1.485241e+01 5.136359e+00 1.571548e+01 3.458266e-01
4.897788e-04 1.477304e+01 5.126330e+00 1.563719e+01 3.470058e-01
5.011872e-04 1.469453e+01 5.116133e+00 1.555969e+01 3.481658e-01
5.128614e-04 1.461689e+01 5.105829e+00 1.548299e+01 3.493102e-01
5.248075e-04 1.454012e+01 5.095478e+00 1.540711e+01 3.504426e-01
5.370318e-04 1.446421e+01 5.085137e+00 1.533206e+01 3.515669e-01
5.495409e-04 1.438914e+01 5.074864e+00 1.525784e+01 3.526871e-01
5.623413e-04 1.431490e+01 5.064714e+00 1.518446e+01 3.538071e-01
5.754399e-04 1.424147e+01 5.054741e+00 1.511191e+01 3.549311e-01
5.888437e-04 1.416883e+01 5.044998e+00 1.504020e+01 3.560631e-01
6.025596e-04 1.409695e+01 5.035535e+00 1.496932e+01 3.572074e-01
6.165950e-04 1.402580e+01 5.026400e+00 1.489926e+01 3.583681e-01
6.309573e-04 1.395536e+01 5.017639e+00 1.482999e+01 3.595493e-01
6.456542e-04 1.388558e+01 5.009294e+00 1.476152e+01 3.607551e-01
6.606934e-04 1.381644e+01 5.001407e+00 1.469381e+01 3.619897e-01
6.760830e-04 1.374788e+01 4.994015e+00 1.462684e+01 3.632570e-01
6.918310e-04 1.367988e+01 4.987153e+00 1.456060e+01 3.645611e-01
7.079458e-04 1.361240e+01 4.980854e+00 1.449504e+01 3.659057e-01
7.244360e-04 1.354538e+01 4.975145e+00 1.443015e+01 3.672947e-01
7.413102e-04 1.347878e+01 4.970053e+00 1.436589e+01 3.687317e-01
7.585776e-04 1.341256e+01 4.965601e+00 1.430223e+01 3.702204e-01
7.762471e-04 1.334667e+01 4.961810e+00 1.423914e+01 3.717640e-01
7.943282e-04 1.328106e+01 4.958694e+00 1.417657e+01 3.733660e-01
8.128305e-04 1.321568e+01 4.956269e+00 1.411449e+01 3.750294e-01
8.317638e-04 1.315049e+01 4.954545e+00 1.405286e+01 3.767574e-01
8.511380e-04 1.308544e+01 4.953530e+00 1.399165e+01 3.785527e-01
8.709636e-04 1.302048e+01 4.953227e+00 1.393080e+01 3.804182e-01
8.912509e-04 1.295556e+01 4.953639e+00 1.387029e+01 3.823563e-01
9.120108e-04 1.289063e+01 4.954765e+00 1.381007e+01 3.843695e-01
9.332543e-04 1.282565e+01 4.956601e+00 1.375010e+01 3.864601e-01
9.549926e-04 1.276057e+01 4.959139e+00 1.369033e+01 3.886300e-01
9.772372e-04 1.269534e+01 4.962371e+00 1.363073e+01 3.908814e-01
1.000000e-03 1.262992e+01 4.966285e+00 1.357125e+01 3.932159e-01
1.023293e-03 1.256427e+01 4.970866e+00 1.351186e+01 3.956352e-01
1.047129e-03 1.249834e+01 4.976099e+00 1.345251e+01 3.981408e-01
1.071519e-03 1.243209e+01 4.981963e+00 1.339316e+01 4.007341e-01
1.096478e-03 1.236549e+01 4.988438e+00 1.333379e+01 4.034162e-01
1.122018e-03 1.229849e+01 4.995501e+00 1.327433e+01 4.061881e-01
1.148154e-03 1.223106e+01 5.003128e+00 1.321477e+01 4.090509e-01
1.174898e-03 1.216317e+01 5.011291e+00 1.315506e+01 4.120054e-01
1.202264e-03 1.209477e+01 5.019962e+00 1.309517e+01 4.150521e-01
1.230269e-03 1.202585e+01 5.029111e+00 1.303507e+01 4.181917e-01
1.258925e-03 1.195637e+01 5.038708e+00 1.297472e+01 4.214246e-01
1.288250e-03 1.188630e+01 5.048719e+00 1.291409e+01 4.247512e-01
1.318257e-03 1.181561e+01 5.059111e+00 1.285314e+01 4.281717e-01
1.348963e-03 1.174429e+01 5.069850e+00 1.279186e+01 4.316862e-01
1.380384e-03 1.167231e+01 5.080898e+00 1.273022e+01 4.352948e-01
1.412538e-03 1.159966e+01 5.092220e+00 1.266818e+01 4.389975e-01
1.445440e-03 1.152630e+01 5.103778e+00 1.260572e+01 4.427941e-01
1.479108e-03 1.145223e+01 5.115534e+00 1.254282e+01 4.466844e-01
1.513561e-03 1.137744e+01 5.127450e+00 1.247946e+01 4.506681e-01
1.548817e-03 1.130191e+01 5.139486e+00 1.241561e+01 4.547450e-01
1.584893e-03 1.122562e+01 5.151602e+00 1.235126e+01 4.589146e-01
1.621810e-03 1.114858e+01 5.163758e+00 1.228638e+01 4.631763e-01
1.659587e-03 1.107077e+01 5.175915e+00 1.222097e+01 4.675298e-01
1.698244e-03 1.099219e+01 5.188032e+00 1.215500e+01 4.719743e-01
1.737801e-03 1.091284e+01 5.200069e+00 1.208846e+01 4.765091e-01
1.778279e-03 1.083272e+01 5.211984e+00 1.202134e+01 4.811336e-01
1.819701e-03 1.075182e+01 5.223737e+00 1.195362e+01 4.858469e-01
1.862087e-03 1.067014e+01 5.235287e+00 1.188529e+01 4.906482e-01
1.905461e-03 1.058771e+01 5.246595e+00 1.181636e+01 4.955365e-01
1.949845e-03 1.050450e+01 5.257619e+00 1.174679e+01 5.005109e-01
1.995262e-03 1.042055e+01 5.268319e+00 1.167660e+01 5.055702e-01
2.041738e-03 1.033585e+01 5.278656e+00 1.160577e+01 5.107133e-01
2.089296e-03 1.025041e+01 5.288589e+00 1.153430e+01 5.159391e-01
2.137962e-03 1.016426e+01 5.298080e+00 1.146219e+01 5.212461e-01
2.187762e-03 1.007740e+01 5.307090e+00 1.138943e+01 5.266331e-01
2.238721e-03 9.989843e+00 5.315580e+00 1.131602e+01 5.320985e-01
2.290868e-03 9.901618e+00 5.323513e+00 1.124197e+01 5.376407e-01
2.344229e-03 9.812740e+00 5.330852e+00 1.116727e+01 5.432582e-01
2.398833e-03 9.723230e+00 5.337559e+00 1.109192e+01 5.489491e-01
2.454709e-03 9.633112e+00 5.343599e+00 1.101594e+01 5.547116e-01
2.511886e-03 9.542410e+00 5.348938e+00 1.093932e+01 5.605437e-01
2.570396e-03 9.451150e+00 5.353541e+00 1.086207e+01 5.664433e-01
2.630268e-03 9.359361e+00 5.357375e+00 1.078421e+01 5.724082e-01
2.691535e-03 9.267073e+00 5.360409e+00 1.070573e+01 5.784361e-01
2.754229e-03 9.174315e+00 5.362611e+00 1.062665e+01 5.845244e-01
2.818383e-03 9.081122e+00 5.363953e+00 1.054698e+01 5.906707e-01
2.884032e-03 8.987527e+00 5.364405e+00 1.046673e+01 5.968722e-01
2.951209e-03 8.893567e+00 5.363942e+00 1.038592e+01 6.031261e-01
3.019952e-03 8.799278e+00 5.362538e+00 1.030457e+01 6.094293e-01
3.090295e-03 8.704699e+00 5.360170e+00 1.022268e+01 6.157788e-01
3.162278e-03 8.609870e+00 5.356815e+00 1.014028e+01 6.221714e-01
3.235937e-03 8.514831e+00 5.352455e+00 1.005739e+01 6.286037e-01
3.311311e-03 8.419625e+00 5.347070e+00 9.974028e+00 6.350722e-01
3.388442e-03 8.324295e+00 5.340644e+00 9.890216e+00 6.415732e-01
3.467369e-03 8.228884e+00 5.333164e+00 9.805977e+00 6.481030e-01
3.548134e-03 8.133437e+00 5.324618e+00 9.721335e+00 6.546578e-01
3.630781e-03 8.038000e+00 5.314995e+00 9.636318e+00 6.612335e-01
3.715352e-03 7.942618e+00 5.304288e+00 9.550950e+00 6.678261e-01
3.801894e-03 7.847338e+00 5.292491e+00 9.465261e+00 6.744314e-01
3.890451e-03 7.752206e+00 5.279601e+00 9.379279e+00 6.810450e-01
3.981072e-03 7.657268e+00 5.265618e+00 9.293034e+00 6.876627e-01
4.073803e-03 7.562572e+00 5.250542e+00 9.206557e+00 6.942799e-01
4.168694e-03 7.468163e+00 5.234378e+00 9.119878e+00 7.008922e-01
4.265795e-03 7.374089e+00 5.217130e+00 9.033030e+00 7.074949e-01
4.365158e-03 7.280394e+00 5.198809e+00 8.946047e+00 7.140834e-01
4.466836e-03 7.187125e+00 5.179423e+00 8.858961e+00 7.206530e-01
4.570882e-03 7.094325e+00 5.158987e+00 8.771806e+00 7.271991e-01
4.677351e-03 7.002038e+00 5.137514e+00 8.684618e+00 7.337169e-01
4.786301e-03 6.910307e+00 5.115021e+00 8.597429e+00 7.402017e-01
4.897788e-03 6.819174e+00 5.091529e+00 8.510276e+00 7.466489e-01
5.011872e-03 6.728679e+00 5.067057e+00 8.423194e+00 7.530537e-01
5.128614e-03 6.638861e+00 5.041629e+00 8.336216e+00 7.594116e-01
5.248075e-03 6.549759e+00 5.015268e+00 8.249379e+00 7.657180e-01
5.370318e-03 6.461407e+00 4.988003e+00 8.162717e+00 7.719685e-01
5.495409e-03 6.373841e+00 4.959859e+00 8.076265e+00 7.781586e-01
5.623413e-03 6.287094e+00 4.930868e+00 7.990057e+00 7.842840e-01
5.754399e-03 6.201197e+00 4.901059e+00 7.904127e+00 7.903407e-01
5.888437e-03 6.116180e+00 4.870464e+00 7.818508e+00 7.963246e-01
6.025596e-03 6.032069e+00 4.839118e+00 7.733234e+00 8.022319e-01
6.165950e-03 5.948890e+00 4.807053e+00 7.648336e+00 8.080588e-01
6.309573e-03 5.866667e+00 4.774305e+00 7.563846e+00 8.138020e-01
6.456542e-03 5.785421e+00 4.740910e+00 7.479794e+00 8.194581e-01
6.606934e-03 5.705172e+00 4.706904e+00 7.396210e+00 8.250241e-01
6.760830e-03 5.625937e+00 4.672324e+00 7.313124e+00 8.304971e-01
6.918310e-03 5.547732e+00 4.637208e+00 7.230562e+00 8.358746e-01
7.079458e-03 5.470569e+00 4.601593e+00 7.148551e+00 8.411543e-01
7.244360e-03 5.394461e+00 4.565517e+00 7.067118e+00 8.463342e-01
7.413102e-03 5.319417e+00 4.529018e+00 6.986286e+00 8.514125e-01
7.585776e-03 5.245443e+00 4.492133e+00 6.906079e+00 8.563877e-01
7.762471e-03 5.172545e+00 4.454900e+00 6.826518e+00 8.612589e-01
7.943282e-03 5.100726e+00 4.417356e+00 6.747625e+00 8.660250e-01
8.128305e-03 5.029988e+00 4.379538e+00 6.669418e+00 8.706857e-01
8.317638e-03 4.960330e+00 4.341482e+00 6.591915e+00 8.752407e-01
8.511380e-03 4.891750e+00 4.303224e+00 6.515133e+00 8.796902e-01
8.709636e-03 4.824244e+00 4.264799e+00 6.439087e+00 8.840347e-01
8.912509e-03 4.757806e+00 4.226240e+00 6.363790e+00 8.882750e-01
9.120108e-03 4.692429e+00 4.187581e+00 6.289255e+00 8.924122e-01
9.332543e-03 4.628105e+00 4.148854e+00 6.215493e+00 8.964478e-01
9.549926e-03 4.564823e+00 4.110091e+00 6.142512e+00 9.003835e-01
9.772372e-03 4.502571e+00 4.071320e+00 6.070321e+00 9.042213e-01
1.000000e-02 4.441337e+00 4.032572e+00 5.998926e+00 9.079636e-01
1.023293e-02 4.381106e+00 3.993874e+00 5.928332e+00 9.116131e-01
1.047129e-02 4.321864e+00 3.955252e+00 5.858543e+00 9.151726e-01
1.071519e-02 4.263594e+00 3.916731e+00 5.789561e+00 9.186452e-01
1.096478e-02 4.206280e+00 3.878334e+00 5.721387e+00 9.220344e-01
1.122018e-02 4.149902e+00 3.840086e+00 5.654020e+00 9.253436e-01
1.148154e-02 4.094443e+00 3.802005e+00 5.587460e+00 9.285767e-01
1.174898e-02 4.039884e+00 3.764111e+00 5.521702e+00 9.317375e-01
1.202264e-02 3.986204e+00 3.726424e+00 5.456744e+00 9.348301e-01
1.230269e-02 3.933384e+00 3.688958e+00 5.392580e+00 9.378586e-01
1.258925e-02 3.881403e+00 3.651730e+00 5.329204e+00 9.408274e-01
1.288250e-02 3.830239e+00 3.614753e+00 5.266609e+00 9.437407e-01
1.318257e-02 3.779873e+00 3.578039e+00 5.204786e+00 9.466029e-01
1.348963e-02 3.730283e+00 3.541599e+00 5.143728e+00 9.494184e-01
1.380384e-02 3.681448e+00 3.505443e+00 5.083423e+00 9.521915e-01
1.412538e-02 3.633346e+00 3.469579e+00 5.023862e+00 9.549266e-01
1.445440e-02 3.585959e+00 3.434014e+00 4.965033e+00 9.576278e-01
1.479108e-02 3.539264e+00 3.398753e+00 4.906925e+00 9.602994e-01
1.513561e-02 3.493242e+00 3.363801e+00 4.849525e+00 9.629453e-01
1.548817e-02 3.447873e+00 3.329160e+00 4.792821e+00 9.655694e-01
1.584893e-02 3.403138e+00 3.294834e+00 4.736800e+00 9.681754e-01
1.621810e-02 3.359017e+00 3.260823e+00 4.681449e+00 9.707669e-01
1.659587e-02 3.315494e+00 3.227127e+00 4.626753e+00 9.733472e-01
1.698244e-02 3.272550e+00 3.193745e+00 4.572700e+00 9.759193e-01
1.737801e-02 3.230169e+00 3.160675e+00 4.519276e+00 9.784861e-01
1.778279e-02 3.188333e+00 3.127915e+00 4.466467e+00 9.810502e-01
1.819701e-02 3.147029e+00 3.095462e+00 4.414259e+00 9.836139e-01
1.862087e-02 3.106242e+00 3.063311e+00 4.362638e+00 9.861792e-01
1.905461e-02 3.065957e+00 3.031458e+00 4.311592e+00 9.887478e-01
1.949845e-02 3.026161e+00 2.999898e+00 4.261108e+00 9.913211e-01
1.995262e-02 2.986844e+00 2.968625e+00 4.211172e+00 9.939003e-01
2.041738e-02 2.947992e+00 2.937633e+00 4.161772e+00 9.964862e-01
2.089296e-02 2.909596e+00 2.906917e+00 4.112896e+00 9.990792e-01
2.137962e-02 2.871647e+00 2.876469e+00 4.064533e+00 1.001679e+00
2.187762e-02 2.834134e+00 2.846284e+00 4.016672e+00 1.004287e+00
2.238721e-02 2.797052e+00 2.816354e+00 3.969301e+00 1.006901e+00
2.290868e-02 2.760391e+00 2.786673e+00 3.922410e+00 1.009521e+00
2.344229e-02 2.724146e+00 2.757234e+00 3.875991e+00 1.012146e+00
2.398833e-02 2.688311e+00 2.728030e+00 3.830034e+00 1.014775e+00
2.454709e-02 2.652881e+00 2.699055e+00 3.784531e+00 1.017405e+00
2.511886e-02 2.617851e+00 2.670303e+00 3.739474e+00 1.020036e+00
2.570396e-02 2.583219e+00 2.641768e+00 3.694855e+00 1.022665e+00
2.630268e-02 2.548980e+00 2.613443e+00 3.650669e+00 1.025290e+00
2.691535e-02 2.515133e+00 2.585323e+00 3.606908e+00 1.027907e+00
2.754229e-02 2.481674e+00 2.557404e+00 3.563569e+00 1.030515e+00
2.818383e-02 2.448603e+00 2.529680e+00 3.520645e+00 1.033111e+00
2.884032e-02 2.415919e+00 2.502147e+00 3.478132e+00 1.035691e+00
2.951209e-02 2.383619e+00 2.474800e+00 3.436026e+00 1.038253e+00
3.019952e-02 2.351705e+00 2.447637e+00 3.394325e+00 1.040793e+00
3.090295e-02 2.320175e+00 2.420655e+00 3.353025e+00 1.043307e+00
3.162278e-02 2.289029e+00 2.393849e+00 3.312124e+00 1.045792e+00
3.235937e-02 2.258267e+00 2.367219e+00 3.271620e+00 1.048246e+00
3.311311e-02 2.227891e+00 2.340762e+00 3.231511e+00 1.050663e+00
3.388442e-02 2.197899e+00 2.314477e+00 3.191796e+00 1.053041e+00
3.467369e-02 2.168292e+00 2.288363e+00 3.152474e+00 1.055376e+00
3.548134e-02 2.139070e+00 2.262418e+00 3.113544e+00 1.057664e+00
3.630781e-02 2.110235e+00 2.236644e+00 3.075007e+00 1.059903e+00
3.715352e-02 2.081786e+00 2.211040e+00 3.036861e+00 1.062088e+00
3.801894e-02 2.053722e+00 2.185606e+00 2.999108e+00 1.064217e+00
3.890451e-02 2.026045e+00 2.160343e+00 2.961747e+00 1.066286e+00
3.981072e-02 1.998755e+00 2.135253e+00 2.924778e+00 1.068292e+00
4.073803e-02 1.971850e+00 2.110337e+00 2.888202e+00 1.070232e+00
4.168694e-02 1.945330e+00 2.085596e+00 2.852020e+00 1.072104e+00
4.265795e-02 1.919196e+00 2.061032e+00 2.816232e+00 1.073904e+00
4.365158e-02 1.893445e+00 2.036647e+00 2.780839e+00 1.075631e+00
4.466836e-02 1.868078e+00 2.012445e+00 2.745842e+00 1.077281e+00
4.570882e-02 1.843091e+00 1.988426e+00 2.711241e+00 1.078854e+00
4.677351e-02 1.818485e+00 1.964594e+00 2.677036e+00 1.080347e+00
4.786301e-02 1.794258e+00 1.940952e+00 2.643228e+00 1.081758e+00
4.897788e-02 1.770406e+00 1.917502e+00 2.609818e+00 1.083086e+00
5.011872e-02 1.746929e+00 1.894247e+00 2.576806e+00 1.084330e+00
5.128614e-02 1.723823e+00 1.871190e+00 2.544193e+00 1.085488e+00
5.248075e-02 1.701086e+00 1.848333e+00 2.511977e+00 1.086561e+00
5.370318e-02 1.678715e+00 1.825681e+00 2.480160e+00 1.087547e+00
5.495409e-02 1.656706e+00 1.803236e+00 2.448741e+00 1.088447e+00
5.623413e-02 1.635056e+00 1.781000e+00 2.417720e+00 1.089259e+00
5.754399e-02 1.613761e+00 1.758977e+00 2.387096e+00 1.089986e+00
5.888437e-02 1.592818e+00 1.737169e+00 2.356868e+00 1.090626e+00
6.025596e-02 1.572223e+00 1.715579e+00 2.327036e+00 1.091181e+00
6.165950e-02 1.551970e+00 1.694211e+00 2.297599e+00 1.091652e+00
6.309573e-02 1.532056e+00 1.673065e+00 2.268555e+00 1.092039e+00
6.456542e-02 1.512476e+00 1.652146e+00 2.239904e+00 1.092345e+00
6.606934e-02 1.493224e+00 1.631454e+00 2.211642e+00 1.092571e+00
6.760830e-02 1.474297e+00 1.610993e+00 2.183770e+00 1.092719e+00
6.918310e-02 1.455689e+00 1.590764e+00 2.156284e+00 1.092791e+00
7.079458e-02 1.437394e+00 1.570769e+00 2.129182e+00 1.092790e+00
7.244360e-02 1.419407e+00 1.551010e+00 2.102463e+00 1.092717e+00
7.413102e-02 1.401723e+00 1.531489e+00 2.076123e+00 1.092577e+00
7.585776e-02 1.384335e+00 1.512207e+00 2.050159e+00 1.092371e+00
7.762471e-02 1.367239e+00 1.493165e+00 2.024570e+00 1.092102e+00
7.943282e-02 1.350428e+00 1.474364e+00 1.999351e+00 1.091775e+00
8.128305e-02 1.333896e+00 1.455805e+00 1.974500e+00 1.091393e+00
8.317638e-02 1.317638e+00 1.437490e+00 1.950012e+00 1.090959e+00
8.511380e-02 1.301648e+00 1.419417e+00 1.925885e+00 1.090477e+00
8.709636e-02 1.285919e+00 1.401588e+00 1.902114e+00 1.089951e+00
8.912509e-02 1.270445e+00 1.384004e+00 1.878695e+00 1.089385e+00
9.120108e-02 1.255221e+00 1.366663e+00 1.855625e+00 1.088783e+00
9.332543e-02 1.240239e+00 1.349565e+00 1.832899e+00 1.088149e+00
9.549926e-02 1.225495e+00 1.332711e+00 1.810513e+00 1.087488e+00
9.772372e-02 1.210981e+00 1.316100e+00 1.788461e+00 1.086804e+00
1.000000e-01 1.196693e+00 1.299730e+00 1.766740e+00 1.086102e+00
1.023293e-01 1.182623e+00 1.283601e+00 1.745345e+00 1.085385e+00
1.047129e-01 1.168766e+00 1.267712e+00 1.724270e+00 1.084659e+00
1.071519e-01 1.155115e+00 1.252062e+00 1.703511e+00 1.083928e+00
1.096478e-01 1.141666e+00 1.236649e+00 1.683063e+00 1.083197e+00
1.122018e-01 1.128411e+00 1.221471e+00 1.662920e+00 1.082470e+00
1.148154e-01 1.115346e+00 1.206527e+00 1.643077e+00 1.081751e+00
1.174898e-01 1.102464e+00 1.191814e+00 1.623529e+00 1.081045e+00
1.202264e-01 1.089760e+00 1.177331e+00 1.604271e+00 1.080357e+00
1.230269e-01 1.077229e+00 1.163075e+00 1.585296e+00 1.079691e+00
1.258925e-01 1.064864e+00 1.149043e+00 1.566600e+00 1.079051e+00
1.288250e-01 1.052661e+00 1.135234e+00 1.548177e+00 1.078442e+00
1.318257e-01 1.040615e+00 1.121644e+00 1.530021e+00 1.077867e+00
1.348963e-01 1.028720e+00 1.108271e+00 1.512127e+00 1.077331e+00
1.380384e-01 1.016971e+00 1.095112e+00 1.494490e+00 1.076837e+00
1.412538e-01 1.005364e+00 1.082163e+00 1.477103e+00 1.076389e+00
1.445440e-01 9.938939e-01 1.069421e+00 1.459961e+00 1.075991e+00
1.479108e-01 9.825562e-01 1.056883e+00 1.443059e+00 1.075646e+00
1.513561e-01 9.713467e-01 1.044546e+00 1.426391e+00 1.075358e+00
1.548817e-01 9.602611e-01 1.032406e+00 1.409951e+00 1.075130e+00
1.584893e-01 9.492953e-01 1.020459e+00 1.393735e+00 1.074964e+00
1.621810e-01 9.384456e-01 1.008702e+00 1.377737e+00 1.074864e+00
1.659587e-01 9.277083e-01 9.971306e-01 1.361952e+00 1.074832e+00
1.698244e-01 9.170797e-01 9.857419e-01 1.346374e+00 1.074870e+00
1.737801e-01 9.065567e-01 9.745315e-01 1.330998e+00 1.074981e+00
1.778279e-01 8.961359e-01 9.634957e-01 1.315821e+00 1.075167e+00
1.819701e-01 8.858146e-01 9.526307e-01 1.300835e+00 1.075429e+00
1.862087e-01 8.755898e-01 9.419324e-01 1.286038e+00 1.075769e+00
1.905461e-01 8.654589e-01 9.313970e-01 1.271424e+00 1.076189e+00
1.949845e-01 8.554196e-01 9.210206e-01 1.256989e+00 1.076689e+00
1.995262e-01 8.454695e-01 9.107994e-01 1.242729e+00 1.077271e+00
2.041738e-01 8.356066e-01 9.007294e-01 1.228638e+00 1.077935e+00
2.089296e-01 8.258289e-01 8.908070e-01 1.214714e+00 1.078682e+00
2.137962e-01 8.161348e-01 8.810282e-01 1.200952e+00 1.079513e+00
2.187762e-01 8.065226e-01 8.713895e-01 1.187349e+00 1.080428e+00
2.238721e-01 7.969910e-01 8.618872e-01 1.173901e+00 1.081427e+00
2.290868e-01 7.875386e-01 8.525177e-01 1.160605e+00 1.082509e+00
2.344229e-01 7.781644e-01 8.432776e-01 1.147457e+00 1.083675e+00
2.398833e-01 7.688673e-01 8.341634e-01 1.134454e+00 1.084925e+00
2.454709e-01 7.596465e-01 8.251718e-01 1.121593e+00 1.086258e+00
2.511886e-01 7.505013e-01 8.162998e-01 1.108872e+00 1.087673e+00
2.570396e-01 7.414310e-01 8.075441e-01 1.096288e+00 1.089170e+00
2.630268e-01 7.324352e-01 7.989019e-01 1.083838e+00 1.090748e+00
2.691535e-01 7.235133e-01 7.903702e-01 1.071521e+00 1.092406e+00
2.754229e-01 7.146652e-01 7.819464e-01 1.059333e+00 1.094144e+00
2.818383e-01 7.058905e-01 7.736279e-01 1.047273e+00 1.095960e+00
2.884032e-01 6.971890e-01 7.654121e-01 1.035340e+00 1.097854e+00
2.951209e-01 6.885607e-01 7.572968e-01 1.023530e+00 1.099826e+00
3.019952e-01 6.800054e-01 7.492796e-01 1.011843e+00 1.101873e+00
3.090295e-01 6.715230e-01 7.413585e-01 1.000278e+00 1.103996e+00
3.162278e-01 6.631136e-01 7.335316e-01 9.888317e-01 1.106193e+00
3.235937e-01 6.547772e-01 7.257969e-01 9.775041e-01 1.108464e+00
3.311311e-01 6.465138e-01 7.181527e-01 9.662936e-01 1.110808e+00
3.388442e-01 6.383234e-01 7.105975e-01 9.551992e-01 1.113225e+00
3.467369e-01 6.302059e-01 7.031297e-01 9.442197e-01 1.115714e+00
3.548134e-01 6.221616e-01 6.957479e-01 9.333543e-01 1.118275e+00
3.630781e-01 6.141902e-01 6.884509e-01 9.226019e-01 1.120908e+00
3.715352e-01 6.062917e-01 6.812375e-01 9.119617e-01 1.123613e+00
3.801894e-01 5.984662e-01 6.741065e-01 9.014330e-01 1.126390e+00
3.890451e-01 5.907134e-01 6.670571e-01 8.910149e-01 1.129240e+00
3.981072e-01 5.830333e-01 6.600882e-01 8.807066e-01 1.132162e+00
4.073803e-01 5.754255e-01 6.531990e-01 8.705076e-01 1.135158e+00
4.168694e-01 5.678899e-01 6.463888e-01 8.604170e-01 1.138229e+00
4.265795e-01 5.604262e-01 6.396569e-01 8.504342e-01 1.141376e+00
4.365158e-01 5.530339e-01 6.330025e-01 8.405586e-01 1.144600e+00
4.466836e-01 5.457127e-01 6.264252e-01 8.307893e-01 1.147903e+00
4.570882e-01 5.384621e-01 6.199243e-01 8.211258e-01 1.151287e+00
4.677351e-01 5.312814e-01 6.134993e-01 8.115672e-01 1.154754e+00
4.786301e-01 5.241702e-01 6.071498e-01 8.021130e-01 1.158306e+00
4.897788e-01 5.171277e-01 6.008752e-01 7.927623e-01 1.161947e+00
5.011872e-01 5.101532e-01 5.946751e-01 7.835144e-01 1.165679e+00
5.128614e-01 5.032459e-01 5.885491e-01 7.743684e-01 1.169506e+00
5.248075e-01 4.964048e-01 5.824967e-01 7.653235e-01 1.173431e+00
5.370318e-01 4.896292e-01 5.765174e-01 7.563789e-01 1.177457e+00
5.495409e-01 4.829179e-01 5.706109e-01 7.475336e-01 1.181590e+00
5.623413e-01 4.762700e-01 5.647765e-01 7.387866e-01 1.185833e+00
5.754399e-01 4.696843e-01 5.590139e-01 7.301369e-01 1.190191e+00
5.888437e-01 4.631597e-01 5.533224e-01 7.215835e-01 1.194669e+00
6.025596e-01 4.566951e-01 5.477016e-01 7.131251e-01 1.199272e+00
6.165950e-01 4.502891e-01 5.421508e-01 7.047608e-01 1.204006e+00
6.309573e-01 4.439404e-01 5.366694e-01 6.964892e-01 1.208877e+00
6.456542e-01 4.376479e-01 5.312567e-01 6.883090e-01 1.213891e+00
6.606934e-01 4.314100e-01 5.259118e-01 6.802190e-01 1.219053e+00
6.760830e-01 4.252256e-01 5.206341e-01 6.722177e-01 1.224372e+00
6.918310e-01 4.190931e-01 5.154227e-01 6.643038e-01 1.229853e+00
7.079458e-01 4.130112e-01 5.102766e-01 6.564758e-01 1.235503e+00
7.244360e-01 4.069785e-01 5.051949e-01 6.487321e-01 1.241331e+00
7.413102e-01 4.009936e-01 5.001764e-01 6.410712e-01 1.247343e+00
7.585776e-01 3.950551e-01 4.952202e-01 6.334915e-01 1.253547e+00
7.762471e-01 3.891616e-01 4.903249e-01 6.259914e-01 1.259952e+00
7.943282e-01 3.833117e-01 4.854893e-01 6.185691e-01 1.266565e+00
8.128305e-01 3.775042e-01 4.807121e-01 6.112230e-01 1.273395e+00
8.317638e-01 3.717377e-01 4.759918e-01 6.039513e-01 1.280451e+00
8.511380e-01 3.660109e-01 4.713271e-01 5.967523e-01 1.287741e+00
8.709636e-01 3.603227e-01 4.667164e-01 5.896242e-01 1.295273e+00
8.912509e-01 3.546719e-01 4.621581e-01 5.825652e-01 1.303058e+00
9.120108e-01 3.490574e-01 4.576505e-01 5.755736e-01 1.311104e+00
9.332543e-01 3.434781e-01 4.531919e-01 5.686476e-01 1.319420e+00
9.549926e-01 3.379331e-01 4.487806e-01 5.617854e-01 1.328016e+00
9.772372e-01 3.324215e-01 4.444148e-01 5.549852e-01 1.336901e+00
1.000000e+00 3.269425e-01 4.400925e-01 5.482452e-01 1.346085e+00
1.023293e+00 3.214954e-01 4.358120e-01 5.415639e-01 1.355578e+00
1.047129e+00 3.160796e-01 4.315713e-01 5.349394e-01 1.365388e+00
1.071519e+00 3.106945e-01 4.273685e-01 5.283700e-01 1.375526e+00
1.096478e+00 3.053397e-01 4.232016e-01 5.218543e-01 1.386002e+00
1.122018e+00 3.000149e-01 4.190686e-01 5.153905e-01 1.396826e+00
1.148154e+00 2.947198e-01 4.149676e-01 5.089773e-01 1.408007e+00
1.174898e+00 2.894543e-01 4.108967e-01 5.026130e-01 1.419556e+00
1.202264e+00 2.842184e-01 4.068538e-01 4.962964e-01 1.431483e+00
1.230269e+00 2.790122e-01 4.028371e-01 4.900260e-01 1.443797e+00
1.258925e+00 2.738359e-01 3.988446e-01 4.838007e-01 1.456510e+00
1.288250e+00 2.686896e-01 3.948745e-01 4.776191e-01 1.469631e+00
1.318257e+00 2.635739e-01 3.909250e-01 4.714802e-01 1.483170e+00
1.348963e+00 2.584892e-01 3.869944e-01 4.653830e-01 1.497139e+00
1.380384e+00 2.534361e-01 3.830808e-01 4.593264e-01 1.511548e+00
1.412538e+00 2.484151e-01 3.791827e-01 4.533096e-01 1.526407e+00
1.445440e+00 2.434272e-01 3.752984e-01 4.473317e-01 1.541728e+00
1.479108e+00 2.384729e-01 3.714265e-01 4.413921e-01 1.557521e+00
1.513561e+00 2.335534e-01 3.675656e-01 4.354901e-01 1.573797e+00
1.548817e+00 2.286695e-01 3.637143e-01 4.296252e-01 1.590568e+00
1.584893e+00 2.238222e-01 3.598713e-01 4.237968e-01 1.607845e+00
1.621810e+00 2.190126e-01 3.560356e-01 4.180046e-01 1.625639e+00
1.659587e+00 2.142419e-01 3.522060e-01 4.122483e-01 1.643964e+00
1.698244e+00 2.095112e-01 3.483816e-01 4.065276e-01 1.662830e+00
1.737801e+00 2.048217e-01 3.445615e-01 4.008423e-01 1.682251e+00
1.778279e+00 2.001746e-01 3.407449e-01 3.951923e-01 1.702239e+00
1.819701e+00 1.955711e-01 3.369312e-01 3.895776e-01 1.722806e+00
1.862087e+00 1.910126e-01 3.331199e-01 3.839983e-01 1.743968e+00
1.905461e+00 1.865004e-01 3.293103e-01 3.784543e-01 1.765736e+00
1.949845e+00 1.820355e-01 3.255023e-01 3.729460e-01 1.788125e+00
1.995262e+00 1.776194e-01 3.216955e-01 3.674734e-01 1.811150e+00
2.041738e+00 1.732534e-01 3.178898e-01 3.620368e-01 1.834826e+00
2.089296e+00 1.689385e-01 3.140850e-01 3.566365e-01 1.859168e+00
2.137962e+00 1.646761e-01 3.102813e-01 3.512729e-01 1.884191e+00
2.187762e+00 1.604673e-01 3.064786e-01 3.459464e-01 1.909913e+00
2.238721e+00 1.563134e-01 3.026772e-01 3.406573e-01 1.936349e+00
2.290868e+00 1.522154e-01 2.988774e-01 3.354061e-01 1.963517e+00
2.344229e+00 1.481744e-01 2.950796e-01 3.301933e-01 1.991435e+00
2.398833e+00 1.441914e-01 2.912840e-01 3.250193e-01 2.020121e+00
2.454709e+00 1.402675e-01 2.874914e-01 3.198848e-01 2.049594e+00
2.511886e+00 1.364036e-01 2.837021e-01 3.147902e-01 2.079873e+00
2.570396e+00 1.326006e-01 2.799170e-01 3.097360e-01 2.110979e+00
2.630268e+00 1.288592e-01 2.761366e-01 3.047230e-01 2.142932e+00
2.691535e+00 1.251804e-01 2.723616e-01 2.997516e-01 2.175753e+00
2.754229e+00 1.215648e-01 2.685930e-01 2.948224e-01 2.209464e+00
2.818383e+00 1.180131e-01 2.648316e-01 2.899360e-01 2.244087e+00
2.884032e+00 1.145258e-01 2.610782e-01 2.850930e-01 2.279647e+00
2.951209e+00 1.111034e-01 2.573339e-01 2.802939e-01 2.316165e+00
3.019952e+00 1.077465e-01 2.535994e-01 2.755394e-01 2.353667e+00
3.090295e+00 1.044555e-01 2.498760e-01 2.708301e-01 2.392177e+00
3.162278e+00 1.012305e-01 2.461645e-01 2.661665e-01 2.431722e+00
3.235937e+00 9.807203e-02 2.424661e-01 2.615491e-01 2.472327e+00
3.311311e+00 9.498011e-02 2.387818e-01 2.569785e-01 2.514019e+00
3.388442e+00 9.195490e-02 2.351127e-01 2.524553e-01 2.556826e+00
3.467369e+00 8.899647e-02 2.314599e-01 2.479799e-01 2.600776e+00
3.548134e+00 8.610478e-02 2.278245e-01 2.435529e-01 2.645898e+00
3.630781e+00 8.327976e-02 2.242076e-01 2.391748e-01 2.692222e+00
3.715352e+00 8.052127e-02 2.206104e-01 2.348459e-01 2.739777e+00
3.801894e+00 7.782908e-02 2.170339e-01 2.305668e-01 2.788596e+00
3.890451e+00 7.520293e-02 2.134792e-01 2.263379e-01 2.838709e+00
3.981072e+00 7.264246e-02 2.099475e-01 2.221596e-01 2.890148e+00
4.073803e+00 7.014728e-02 2.064398e-01 2.180321e-01 2.942947e+00
4.168694e+00 6.771693e-02 2.029571e-01 2.139560e-01 2.997140e+00
4.265795e+00 6.535089e-02 1.995006e-01 2.099315e-01 3.052760e+00
4.365158e+00 6.304858e-02 1.960712e-01 2.059588e-01 3.109844e+00
4.466836e+00 6.080937e-02 1.926700e-01 2.020383e-01 3.168426e+00
4.570882e+00 5.863259e-02 1.892978e-01 1.981702e-01 3.228543e+00
4.677351e+00 5.651749e-02 1.859557e-01 1.943547e-01 3.290233e+00
4.786301e+00 5.446332e-02 1.826445e-01 1.905919e-01 3.353533e+00
4.897788e+00 5.246923e-02 1.793652e-01 1.868820e-01 3.418483e+00
5.011872e+00 5.053438e-02 1.761185e-01 1.832251e-01 3.485122e+00
5.128614e+00 4.865785e-02 1.729052e-01 1.796213e-01 3.553491e+00
5.248075e+00 4.683871e-02 1.697261e-01 1.760705e-01 3.623630e+00
5.370318e+00 4.507599e-02 1.665820e-01 1.725729e-01 3.695582e+00
5.495409e+00 4.336868e-02 1.634734e-01 1.691284e-01 3.769389e+00
5.623413e+00 4.171576e-02 1.604011e-01 1.657369e-01 3.845096e+00
5.754399e+00 4.011618e-02 1.573656e-01 1.623984e-01 3.922746e+00
5.888437e+00 3.856884e-02 1.543674e-01 1.591127e-01 4.002386e+00
6.025596e+00 3.707267e-02 1.514071e-01 1.558797e-01 4.084062e+00
6.165950e+00 3.562654e-02 1.484850e-01 1.526992e-01 4.167821e+00
6.309573e+00 3.422933e-02 1.456017e-01 1.495711e-01 4.253711e+00
6.456542e+00 3.287992e-02 1.427574e-01 1.464950e-01 4.341782e+00
6.606934e+00 3.157714e-02 1.399525e-01 1.434707e-01 4.432084e+00
6.760830e+00 3.031986e-02 1.371873e-01 1.404979e-01 4.524669e+00
6.918310e+00 2.910692e-02 1.344620e-01 1.375763e-01 4.619589e+00
7.079458e+00 2.793717e-02 1.317767e-01 1.347056e-01 4.716898e+00
7.244360e+00 2.680945e-02 1.291317e-01 1.318854e-01 4.816649e+00
7.413102e+00 2.572262e-02 1.265270e-01 1.291152e-01 4.918901e+00
7.585776e+00 2.467555e-02 1.239627e-01 1.263948e-01 5.023708e+00
7.762471e+00 2.366708e-02 1.214389e-01 1.237236e-01 5.131130e+00
7.943282e+00 2.269610e-02 1.189554e-01 1.211012e-01 5.241227e+00
8.128305e+00 2.176150e-02 1.165123e-01 1.185272e-01 5.354058e+00
8.317638e+00 2.086217e-02 1.141095e-01 1.160009e-01 5.469687e+00
8.511380e+00 1.999703e-02 1.117469e-01 1.135221e-01 5.588177e+00
8.709636e+00 1.916500e-02 1.094243e-01 1.110900e-01 5.709593e+00
8.912509e+00 1.836503e-02 1.071416e-01 1.087042e-01 5.834001e+00
9.120108e+00 1.759608e-02 1.048985e-01 1.063641e-01 5.961470e+00
9.332543e+00 1.685714e-02 1.026949e-01 1.040692e-01 6.092068e+00
9.549926e+00 1.614720e-02 1.005303e-01 1.018189e-01 6.225867e+00
9.772372e+00 1.546529e-02 9.840472e-02 9.961257e-02 6.362940e+00
1.000000e+01 1.481045e-02 9.631767e-02 9.744969e-02 6.503360e+00
