1.000000e-06 5.242427e+01 5.675850e-01 5.242735e+01 1.082676e-02
1.023293e-06 5.242383e+01 5.807979e-01 5.242705e+01 1.107889e-02
1.047129e-06 5.242337e+01 5.943180e-01 5.242674e+01 1.133689e-02
1.071519e-06 5.242288e+01 6.081524e-01 5.242641e+01 1.160090e-02
1.096478e-06 5.242238e+01 6.223084e-01 5.242607e+01 1.187105e-02
1.122018e-06 5.242184e+01 6.367935e-01 5.242571e+01 1.214748e-02
1.148154e-06 5.242129e+01 6.516152e-01 5.242534e+01 1.243036e-02
1.174898e-06 5.242070e+01 6.667814e-01 5.242494e+01 1.271981e-02
1.202264e-06 5.242009e+01 6.822999e-01 5.242453e+01 1.301600e-02
1.230269e-06 5.241945e+01 6.981791e-01 5.242410e+01 1.331908e-02
1.258925e-06 5.241878e+01 7.144271e-01 5.242365e+01 1.362922e-02
1.288250e-06 5.241808e+01 7.310526e-01 5.242318e+01 1.394657e-02
1.318257e-06 5.241735e+01 7.480641e-01 5.242269e+01 1.427131e-02
1.348963e-06 5.241658e+01 7.654708e-01 5.242217e+01 1.460360e-02
1.380384e-06 5.241577e+01 7.832816e-01 5.242163e+01 1.494362e-02
1.412538e-06 5.241493e+01 8.015059e-01 5.242106e+01 1.529156e-02
1.445440e-06 5.241405e+01 8.201532e-01 5.242047e+01 1.564758e-02
1.479108e-06 5.241313e+01 8.392333e-01 5.241984e+01 1.601189e-02
1.513561e-06 5.241216e+01 8.587561e-01 5.241919e+01 1.638467e-02
1.548817e-06 5.241114e+01 8.787318e-01 5.241851e+01 1.676612e-02
1.584893e-06 5.241008e+01 8.991709e-01 5.241780e+01 1.715645e-02
1.621810e-06 5.240897e+01 9.200840e-01 5.241705e+01 1.755585e-02
1.659587e-06 5.240781e+01 9.414819e-01 5.241627e+01 1.796453e-02
1.698244e-06 5.240659e+01 9.633760e-01 5.241545e+01 1.838272e-02
1.737801e-06 5.240532e+01 9.857774e-01 5.241459e+01 1.881064e-02
1.778279e-06 5.240398e+01 1.008698e+00 5.241369e+01 1.924850e-02
1.819701e-06 5.240259e+01 1.032149e+00 5.241275e+01 1.969653e-02
1.862087e-06 5.240112e+01 1.056144e+00 5.241177e+01 2.015498e-02
1.905461e-06 5.239959e+01 1.080694e+00 5.241073e+01 2.062409e-02
1.949845e-06 5.239799e+01 1.105812e+00 5.240965e+01 2.110409e-02
1.995262e-06 5.239631e+01 1.131511e+00 5.240852e+01 2.159525e-02
2.041738e-06 5.239455e+01 1.157805e+00 5.240734e+01 2.209782e-02
2.089296e-06 5.239271e+01 1.184707e+00 5.240610e+01 2.261206e-02
2.137962e-06 5.239078e+01 1.212231e+00 5.240480e+01 2.313825e-02
2.187762e-06 5.238876e+01 1.240391e+00 5.240344e+01 2.367666e-02
2.238721e-06 5.238665e+01 1.269201e+00 5.240202e+01 2.422757e-02
2.290868e-06 5.238444e+01 1.298676e+00 5.240053e+01 2.479127e-02
2.344229e-06 5.238212e+01 1.328832e+00 5.239897e+01 2.536805e-02
2.398833e-06 5.237969e+01 1.359684e+00 5.239734e+01 2.595822e-02
2.454709e-06 5.237716e+01 1.391246e+00 5.239563e+01 2.656208e-02
2.511886e-06 5.237450e+01 1.423537e+00 5.239384e+01 2.717996e-02
2.570396e-06 5.237171e+01 1.456571e+00 5.239197e+01 2.781217e-02
2.630268e-06 5.236880e+01 1.490366e+00 5.239000e+01 2.845903e-02
2.691535e-06 5.236575e+01 1.524938e+00 5.238795e+01 2.912090e-02
2.754229e-06 5.236256e+01 1.560305e+00 5.238580e+01 2.979811e-02
2.818383e-06 5.235921e+01 1.596486e+00 5.238355e+01 3.049102e-02
2.884032e-06 5.235571e+01 1.633498e+00 5.238119e+01 3.119999e-02
2.951209e-06 5.235205e+01 1.671359e+00 5.237872e+01 3.192537e-02
3.019952e-06 5.234821e+01 1.710088e+00 5.237614e+01 3.266756e-02
3.090295e-06 5.234420e+01 1.749706e+00 5.237343e+01 3.342693e-02
3.162278e-06 5.233999e+01 1.790231e+00 5.237060e+01 3.420388e-02
3.235937e-06 5.233559e+01 1.831683e+00 5.236764e+01 3.499880e-02
3.311311e-06 5.233099e+01 1.874083e+00 5.236453e+01 3.581212e-02
3.388442e-06 5.232617e+01 1.917453e+00 5.236129e+01 3.664424e-02
3.467369e-06 5.232112e+01 1.961812e+00 5.235788e+01 3.749560e-02
3.548134e-06 5.231583e+01 2.007182e+00 5.235432e+01 3.836663e-02
3.630781e-06 5.231030e+01 2.053587e+00 5.235060e+01 3.925779e-02
3.715352e-06 5.230451e+01 2.101047e+00 5.234669e+01 4.016952e-02
3.801894e-06 5.229845e+01 2.149587e+00 5.234261e+01 4.110230e-02
3.890451e-06 5.229211e+01 2.199228e+00 5.233833e+01 4.205660e-02
3.981072e-06 5.228547e+01 2.249995e+00 5.233386e+01 4.303290e-02
4.073803e-06 5.227852e+01 2.301913e+00 5.232917e+01 4.403171e-02
4.168694e-06 5.227125e+01 2.355004e+00 5.232427e+01 4.505353e-02
4.265795e-06 5.226363e+01 2.409295e+00 5.231914e+01 4.609889e-02
4.365158e-06 5.225567e+01 2.464811e+00 5.231377e+01 4.716830e-02
4.466836e-06 5.224733e+01 2.521577e+00 5.230814e+01 4.826230e-02
4.570882e-06 5.223860e+01 2.579619e+00 5.230226e+01 4.938146e-02
4.677351e-06 5.222947e+01 2.638964e+00 5.229610e+01 5.052633e-02
4.786301e-06 5.221991e+01 2.699638e+00 5.228965e+01 5.169749e-02
4.897788e-06 5.220991e+01 2.761670e+00 5.228290e+01 5.289551e-02
5.011872e-06 5.219945e+01 2.825086e+00 5.227584e+01 5.412100e-02
5.128614e-06 5.218850e+01 2.889915e+00 5.226845e+01 5.537456e-02
5.248075e-06 5.217704e+01 2.956185e+00 5.226072e+01 5.665682e-02
5.370318e-06 5.216505e+01 3.023925e+00 5.225262e+01 5.796841e-02
5.495409e-06 5.215251e+01 3.093164e+00 5.224415e+01 5.930998e-02
5.623413e-06 5.213938e+01 3.163931e+00 5.223529e+01 6.068217e-02
5.754399e-06 5.212565e+01 3.236256e+00 5.222602e+01 6.208566e-02
5.888437e-06 5.211129e+01 3.310168e+00 5.221631e+01 6.352114e-02
6.025596e-06 5.209626e+01 3.385699e+00 5.220616e+01 6.498929e-02
6.165950e-06 5.208054e+01 3.462878e+00 5.219554e+01 6.649083e-02
6.309573e-06 5.206410e+01 3.541737e+00 5.218442e+01 6.802647e-02
6.456542e-06 5.204690e+01 3.622305e+00 5.217279e+01 6.959695e-02
6.606934e-06 5.202891e+01 3.704615e+00 5.216063e+01 7.120301e-02
6.760830e-06 5.201009e+01 3.788697e+00 5.214791e+01 7.284542e-02
6.918310e-06 5.199042e+01 3.874583e+00 5.213459e+01 7.452494e-02
7.079458e-06 5.196984e+01 3.962303e+00 5.212067e+01 7.624235e-02
7.244360e-06 5.194833e+01 4.051889e+00 5.210611e+01 7.799846e-02
7.413102e-06 5.192583e+01 4.143373e+00 5.209088e+01 7.979407e-02
7.585776e-06 5.190231e+01 4.236786e+00 5.207495e+01 8.163000e-02
7.762471e-06 5.187772e+01 4.332157e+00 5.205829e+01 8.350709e-02
7.943282e-06 5.185201e+01 4.429520e+00 5.204086e+01 8.542619e-02
8.128305e-06 5.182514e+01 4.528903e+00 5.202265e+01 8.738814e-02
8.317638e-06 5.179705e+01 4.630337e+00 5.200360e+01 8.939383e-02
8.511380e-06 5.176769e+01 4.733852e+00 5.198369e+01 9.144413e-02
8.709636e-06 5.173702e+01 4.839477e+00 5.196287e+01 9.353993e-02
8.912509e-06 5.170496e+01 4.947241e+00 5.194110e+01 9.568213e-02
9.120108e-06 5.167146e+01 5.057171e+00 5.191835e+01 9.787165e-02
9.332543e-06 5.163647e+01 5.169297e+00 5.189457e+01 1.001094e-01
9.549926e-06 5.159991e+01 5.283642e+00 5.186972e+01 1.023963e-01
9.772372e-06 5.156173e+01 5.400234e+00 5.184375e+01 1.047334e-01
1.000000e-05 5.152185e+01 5.519097e+00 5.181662e+01 1.071215e-01
1.023293e-05 5.148021e+01 5.640253e+00 5.178826e+01 1.095616e-01
1.047129e-05 5.143672e+01 5.763725e+00 5.175864e+01 1.120547e-01
1.071519e-05 5.139132e+01 5.889533e+00 5.172770e+01 1.146017e-01
1.096478e-05 5.134393e+01 6.017696e+00 5.169538e+01 1.172036e-01
1.122018e-05 5.129447e+01 6.148231e+00 5.166162e+01 1.198615e-01
1.148154e-05 5.124285e+01 6.281152e+00 5.162638e+01 1.225762e-01
1.174898e-05 5.118899e+01 6.416473e+00 5.158957e+01 1.253487e-01
1.202264e-05 5.113280e+01 6.554205e+00 5.155115e+01 1.281800e-01
1.230269e-05 5.107419e+01 6.694355e+00 5.151105e+01 1.310712e-01
1.258925e-05 5.101307e+01 6.836930e+00 5.146919e+01 1.340231e-01
1.288250e-05 5.094934e+01 6.981931e+00 5.142550e+01 1.370367e-01
1.318257e-05 5.088290e+01 7.129359e+00 5.137993e+01 1.401131e-01
1.348963e-05 5.081364e+01 7.279209e+00 5.133238e+01 1.432530e-01
1.380384e-05 5.074148e+01 7.431475e+00 5.128279e+01 1.464576e-01
1.412538e-05 5.066629e+01 7.586146e+00 5.123107e+01 1.497277e-01
1.445440e-05 5.058797e+01 7.743206e+00 5.117714e+01 1.530642e-01
1.479108e-05 5.050641e+01 7.902636e+00 5.112093e+01 1.564680e-01
1.513561e-05 5.042150e+01 8.064413e+00 5.106234e+01 1.599400e-01
1.548817e-05 5.033311e+01 8.228508e+00 5.100128e+01 1.634810e-01
1.584893e-05 5.024114e+01 8.394887e+00 5.093767e+01 1.670919e-01
1.621810e-05 5.014546e+01 8.563512e+00 5.087141e+01 1.707734e-01
1.659587e-05 5.004595e+01 8.734337e+00 5.080242e+01 1.745264e-01
1.698244e-05 4.994249e+01 8.907313e+00 5.073058e+01 1.783514e-01
1.737801e-05 4.983495e+01 9.082382e+00 5.065582e+01 1.822493e-01
1.778279e-05 4.972321e+01 9.259483e+00 5.057802e+01 1.862205e-01
1.819701e-05 4.960715e+01 9.438545e+00 5.049708e+01 1.902658e-01
1.862087e-05 4.948663e+01 9.619491e+00 5.041291e+01 1.943857e-01
1.905461e-05 4.936154e+01 9.802238e+00 5.032539e+01 1.985805e-01
1.949845e-05 4.923174e+01 9.986695e+00 5.023443e+01 2.028507e-01
1.995262e-05 4.909711e+01 1.017276e+01 5.013991e+01 2.071968e-01
2.041738e-05 4.895752e+01 1.036033e+01 5.004174e+01 2.116188e-01
2.089296e-05 4.881287e+01 1.054929e+01 4.993980e+01 2.161170e-01
2.137962e-05 4.866301e+01 1.073951e+01 4.983398e+01 2.206915e-01
2.187762e-05 4.850784e+01 1.093087e+01 4.972418e+01 2.253423e-01
2.238721e-05 4.834724e+01 1.112321e+01 4.961030e+01 2.300693e-01
2.290868e-05 4.818110e+01 1.131640e+01 4.949222e+01 2.348722e-01
2.344229e-05 4.800931e+01 1.151028e+01 4.936983e+01 2.397509e-01
2.398833e-05 4.783177e+01 1.170467e+01 4.924305e+01 2.447049e-01
2.454709e-05 4.764839e+01 1.189940e+01 4.911175e+01 2.497336e-01
2.511886e-05 4.745906e+01 1.209429e+01 4.897586e+01 2.548363e-01
2.570396e-05 4.726372e+01 1.228915e+01 4.883526e+01 2.600123e-01
2.630268e-05 4.706228e+01 1.248376e+01 4.868986e+01 2.652605e-01
2.691535e-05 4.685467e+01 1.267793e+01 4.853957e+01 2.705799e-01
2.754229e-05 4.664084e+01 1.287144e+01 4.838431e+01 2.759692e-01
2.818383e-05 4.642074e+01 1.306405e+01 4.822400e+01 2.814270e-01
2.884032e-05 4.619433e+01 1.325554e+01 4.805856e+01 2.869516e-01
2.951209e-05 4.596158e+01 1.344566e+01 4.788791e+01 2.925413e-01
3.019952e-05 4.572247e+01 1.363418e+01 4.771200e+01 2.981942e-01
3.090295e-05 4.547702e+01 1.382083e+01 4.753077e+01 3.039080e-01
3.162278e-05 4.522521e+01 1.400537e+01 4.734417e+01 3.096805e-01
3.235937e-05 4.496709e+01 1.418753e+01 4.715215e+01 3.155091e-01
3.311311e-05 4.470269e+01 1.436705e+01 4.695469e+01 3.213911e-01
3.388442e-05 4.443206e+01 1.454366e+01 4.675175e+01 3.273236e-01
3.467369e-05 4.415528e+01 1.471710e+01 4.654333e+01 3.333033e-01
3.548134e-05 4.387242e+01 1.488709e+01 4.632941e+01 3.393269e-01
3.630781e-05 4.358359e+01 1.505338e+01 4.611002e+01 3.453909e-01
3.715352e-05 4.328892e+01 1.521569e+01 4.588515e+01 3.514915e-01
3.801894e-05 4.298852e+01 1.537376e+01 4.565485e+01 3.576248e-01
3.890451e-05 4.268256e+01 1.552734e+01 4.541915e+01 3.637864e-01
3.981072e-05 4.237121e+01 1.567616e+01 4.517810e+01 3.699721e-01
4.073803e-05 4.205464e+01 1.581999e+01 4.493178e+01 3.761772e-01
4.168694e-05 4.173305e+01 1.595859e+01 4.468025e+01 3.823970e-01
4.265795e-05 4.140668e+01 1.609173e+01 4.442360e+01 3.886265e-01
4.365158e-05 4.107573e+01 1.621919e+01 4.416195e+01 3.948606e-01
4.466836e-05 4.074047e+01 1.634076e+01 4.389541e+01 4.010941e-01
4.570882e-05 4.040116e+01 1.645625e+01 4.362410e+01 4.073214e-01
4.677351e-05 4.005805e+01 1.656549e+01 4.334816e+01 4.135370e-01
4.786301e-05 3.971145e+01 1.666830e+01 4.306776e+01 4.197353e-01
4.897788e-05 3.936165e+01 1.676453e+01 4.278305e+01 4.259104e-01
5.011872e-05 3.900895e+01 1.685407e+01 4.249421e+01 4.320565e-01
5.128614e-05 3.865367e+01 1.693679e+01 4.220143e+01 4.381677e-01
5.248075e-05 3.829613e+01 1.701260e+01 4.190492e+01 4.442381e-01
5.370318e-05 3.793666e+01 1.708143e+01 4.160488e+01 4.502618e-01
5.495409e-05 3.757560e+01 1.714322e+01 4.130152e+01 4.562327e-01
5.623413e-05 3.721328e+01 1.719793e+01 4.099508e+01 4.621450e-01
5.754399e-05 3.685003e+01 1.724556e+01 4.068579e+01 4.679930e-01
5.888437e-05 3.648620e+01 1.728610e+01 4.037390e+01 4.737709e-01
6.025596e-05 3.612211e+01 1.731958e+01 4.005964e+01 4.794731e-01
6.165950e-05 3.575811e+01 1.734605e+01 3.974328e+01 4.850943e-01
6.309573e-05 3.539452e+01 1.736558e+01 3.942506e+01 4.906292e-01
6.456542e-05 3.503166e+01 1.737825e+01 3.910525e+01 4.960728e-01
6.606934e-05 3.466984e+01 1.738417e+01 3.878411e+01 5.014205e-01
6.760830e-05 3.430938e+01 1.738345e+01 3.846190e+01 5.066677e-01
6.918310e-05 3.395056e+01 1.737625e+01 3.813888e+01 5.118103e-01
7.079458e-05 3.359366e+01 1.736270e+01 3.781531e+01 5.168445e-01
7.244360e-05 3.323896e+01 1.734299e+01 3.749144e+01 5.217669e-01
7.413102e-05 3.288672e+01 1.731730e+01 3.716753e+01 5.265744e-01
7.585776e-05 3.253716e+01 1.728583e+01 3.684382e+01 5.312643e-01
7.762471e-05 3.219053e+01 1.724879e+01 3.652056e+01 5.358344e-01
7.943282e-05 3.184703e+01 1.720640e+01 3.619797e+01 5.402829e-01
8.128305e-05 3.150684e+01 1.715889e+01 3.587630e+01 5.446084e-01
8.317638e-05 3.117016e+01 1.710650e+01 3.555575e+01 5.488101e-01
8.511380e-05 3.083713e+01 1.704946e+01 3.523653e+01 5.528874e-01
8.709636e-05 3.050790e+01 1.698803e+01 3.491884e+01 5.568405e-01
8.912509e-05 3.018259e+01 1.692247e+01 3.460287e+01 5.606698e-01
9.120108e-05 2.986130e+01 1.685301e+01 3.428879e+01 5.643763e-01
9.332543e-05 2.954412e+01 1.677992e+01 3.397677e+01 5.679614e-01
9.549926e-05 2.923113e+01 1.670345e+01 3.366696e+01 5.714270e-01
9.772372e-05 2.892237e+01 1.662386e+01 3.335950e+01 5.747752e-01
1.000000e-04 2.861789e+01 1.654139e+01 3.305452e+01 5.780088e-01
1.023293e-04 2.831769e+01 1.645629e+01 3.275212e+01 5.811308e-01
1.047129e-04 2.802180e+01 1.636879e+01 3.245241e+01 5.841447e-01
1.071519e-04 2.773020e+01 1.627913e+01 3.215547e+01 5.870542e-01
1.096478e-04 2.744287e+01 1.618754e+01 3.186138e+01 5.898632e-01
1.122018e-04 2.715976e+01 1.609423e+01 3.157019e+01 5.925762e-01
1.148154e-04 2.688084e+01 1.599942e+01 3.128196e+01 5.951977e-01
1.174898e-04 2.660605e+01 1.590330e+01 3.099672e+01 5.977323e-01
1.202264e-04 2.633531e+01 1.580606e+01 3.071449e+01 6.001851e-01
1.230269e-04 2.606855e+01 1.570789e+01 3.043529e+01 6.025609e-01
1.258925e-04 2.580567e+01 1.560895e+01 3.015911e+01 6.048649e-01
1.288250e-04 2.554659e+01 1.550939e+01 2.988594e+01 6.071023e-01
1.318257e-04 2.529120e+01 1.540937e+01 2.961576e+01 6.092781e-01
1.348963e-04 2.503939e+01 1.530902e+01 2.934855e+01 6.113975e-01
1.380384e-04 2.479106e+01 1.520846e+01 2.908425e+01 6.134654e-01
1.412538e-04 2.454609e+01 1.510779e+01 2.882283e+01 6.154868e-01
1.445440e-04 2.430436e+01 1.500713e+01 2.856424e+01 6.174665e-01
1.479108e-04 2.406575e+01 1.490654e+01 2.830839e+01 6.194090e-01
1.513561e-04 2.383014e+01 1.480611e+01 2.805524e+01 6.213186e-01
1.548817e-04 2.359742e+01 1.470590e+01 2.780471e+01 6.231996e-01
1.584893e-04 2.336747e+01 1.460597e+01 2.755672e+01 6.250556e-01
1.621810e-04 2.314017e+01 1.450634e+01 2.731119e+01 6.268903e-01
1.659587e-04 2.291540e+01 1.440706e+01 2.706804e+01 6.287067e-01
1.698244e-04 2.269305e+01 1.430815e+01 2.682718e+01 6.305079e-01
1.737801e-04 2.247303e+01 1.420961e+01 2.658853e+01 6.322961e-01
1.778279e-04 2.225522e+01 1.411145e+01 2.635200e+01 6.340735e-01
1.819701e-04 2.203954e+01 1.401366e+01 2.611750e+01 6.358418e-01
1.862087e-04 2.182588e+01 1.391623e+01 2.588495e+01 6.376022e-01
1.905461e-04 2.161417e+01 1.381914e+01 2.565426e+01 6.393555e-01
1.949845e-04 2.140433e+01 1.372236e+01 2.542536e+01 6.411021e-01
1.995262e-04 2.119629e+01 1.362587e+01 2.519816e+01 6.428421e-01
2.041738e-04 2.098998e+01 1.352962e+01 2.497259e+01 6.445750e-01
2.089296e-04 2.078536e+01 1.343357e+01 2.474857e+01 6.462999e-01
2.137962e-04 2.058236e+01 1.333769e+01 2.452605e+01 6.480155e-01
2.187762e-04 2.038095e+01 1.324191e+01 2.430497e+01 6.497201e-01
2.238721e-04 2.018110e+01 1.314621e+01 2.408526e+01 6.514117e-01
2.290868e-04 1.998279e+01 1.305051e+01 2.386688e+01 6.530878e-01
2.344229e-04 1.978599e+01 1.295479e+01 2.364978e+01 6.547455e-01
2.398833e-04 1.959070e+01 1.285898e+01 2.343393e+01 6.563818e-01
2.454709e-04 1.939692e+01 1.276304e+01 2.321929e+01 6.579932e-01
2.511886e-04 1.920465e+01 1.266692e+01 2.300585e+01 6.595759e-01
2.570396e-04 1.901390e+01 1.257058e+01 2.279359e+01 6.611260e-01
2.630268e-04 1.882469e+01 1.247398e+01 2.258250e+01 6.626393e-01
2.691535e-04 1.863705e+01 1.237708e+01 2.237256e+01 6.641114e-01
2.754229e-04 1.845100e+01 1.227984e+01 2.216380e+01 6.655378e-01
2.818383e-04 1.826659e+01 1.218224e+01 2.195621e+01 6.669139e-01
2.884032e-04 1.808384e+01 1.208426e+01 2.174982e+01 6.682350e-01
2.951209e-04 1.790281e+01 1.198587e+01 2.154465e+01 6.694963e-01
3.019952e-04 1.772354e+01 1.188706e+01 2.134072e+01 6.706933e-01
3.090295e-04 1.754608e+01 1.178783e+01 2.113806e+01 6.718212e-01
3.162278e-04 1.737048e+01 1.168817e+01 2.093673e+01 6.728755e-01
3.235937e-04 1.719679e+01 1.158809e+01 2.073676e+01 6.738518e-01
3.311311e-04 1.702507e+01 1.148759e+01 2.053820e+01 6.747460e-01
3.388442e-04 1.685536e+01 1.138671e+01 2.034110e+01 6.755540e-01
3.467369e-04 1.668774e+01 1.128545e+01 2.014552e+01 6.762721e-01
3.548134e-04 1.652224e+01 1.118385e+01 1.995151e+01 6.768969e-01
3.630781e-04 1.635892e+01 1.108195e+01 1.975914e+01 6.774254e-01
3.715352e-04 1.619782e+01 1.097977e+01 1.956847e+01 6.778549e-01
3.801894e-04 1.603900e+01 1.087738e+01 1.937955e+01 6.781831e-01
3.890451e-04 1.588250e+01 1.077482e+01 1.919246e+01 6.784081e-01
3.981072e-04 1.572836e+01 1.067214e+01 1.900726e+01 6.785285e-01
4.073803e-04 1.557661e+01 1.056941e+01 1.882401e+01 6.785435e-01
4.168694e-04 1.542729e+01 1.046668e+01 1.864277e+01 6.784526e-01
4.265795e-04 1.528042e+01 1.036404e+01 1.846360e+01 6.782560e-01
4.365158e-04 1.513604e+01 1.026154e+01 1.828657e+01 6.779542e-01
4.466836e-04 1.499415e+01 1.015926e+01 1.811174e+01 6.775485e-01
4.570882e-04 1.485476e+01 1.005728e+01 1.793914e+01 6.770405e-01
4.677351e-04 1.471790e+01 9.955667e+00 1.776885e+01 6.764325e-01
4.786301e-04 1.458356e+01 9.854508e+00 1.760090e+01 6.757273e-01
4.897788e-04 1.445173e+01 9.753881e+00 1.743533e+01 6.749280e-01
5.011872e-04 1.432242e+01 9.653864e+00 1.727220e+01 6.740386e-01
5.128614e-04 1.419560e+01 9.554539e+00 1.711153e+01 6.730633e-01
5.248075e-04 1.407126e+01 9.455984e+00 1.695335e+01 6.720068e-01
5.370318e-04 1.394938e+01 9.358279e+00 1.679769e+01 6.708743e-01
5.495409e-04 1.382992e+01 9.261501e+00 1.664458e+01 6.696715e-01
5.623413e-04 1.371285e+01 9.165727e+00 1.649402e+01 6.684043e-01
5.754399e-04 1.359813e+01 9.071030e+00 1.634603e+01 6.670792e-01
5.888437e-04 1.348573e+01 8.977484e+00 1.620062e+01 6.657028e-01
6.025596e-04 1.337558e+01 8.885159e+00 1.605778e+01 6.642821e-01
6.165950e-04 1.326765e+01 8.794120e+00 1.591751e+01 6.628244e-01
6.309573e-04 1.316187e+01 8.704433e+00 1.577979e+01 6.613373e-01
6.456542e-04 1.305818e+01 8.616158e+00 1.564463e+01 6.598283e-01
6.606934e-04 1.295653e+01 8.529354e+00 1.551198e+01 6.583054e-01
6.760830e-04 1.285685e+01 8.444074e+00 1.538184e+01 6.567765e-01
6.918310e-04 1.275906e+01 8.360369e+00 1.525416e+01 6.552497e-01
7.079458e-04 1.266310e+01 8.278286e+00 1.512892e+01 6.537330e-01
7.244360e-04 1.256889e+01 8.197866e+00 1.500607e+01 6.522346e-01
7.413102e-04 1.247636e+01 8.119150e+00 1.488557e+01 6.507626e-01
7.585776e-04 1.238543e+01 8.042171e+00 1.476738e+01 6.493251e-01
7.762471e-04 1.229602e+01 7.966960e+00 1.465144e+01 6.479300e-01
7.943282e-04 1.220805e+01 7.893543e+00 1.453769e+01 6.465852e-01
8.128305e-04 1.212143e+01 7.821943e+00 1.442609e+01 6.452985e-01
8.317638e-04 1.203609e+01 7.752176e+00 1.431656e+01 6.440773e-01
8.511380e-04 1.195195e+01 7.684256e+00 1.420904e+01 6.429292e-01
8.709636e-04 1.186891e+01 7.618193e+00 1.410347e+01 6.418614e-01
8.912509e-04 1.178689e+01 7.553992e+00 1.399977e+01 6.408806e-01
9.120108e-04 1.170582e+01 7.491652e+00 1.389788e+01 6.399939e-01
9.332543e-04 1.162560e+01 7.431172e+00 1.379772e+01 6.392074e-01
9.549926e-04 1.154616e+01 7.372543e+00 1.369921e+01 6.385276e-01
9.772372e-04 1.146741e+01 7.315753e+00 1.360227e+01 6.379602e-01
1.000000e-03 1.138928e+01 7.260788e+00 1.350684e+01 6.375109e-01
1.023293e-03 1.131167e+01 7.207628e+00 1.341282e+01 6.371849e-01
1.047129e-03 1.123452e+01 7.156249e+00 1.332015e+01 6.369873e-01
1.071519e-03 1.115775e+01 7.106624e+00 1.322874e+01 6.369227e-01
1.096478e-03 1.108128e+01 7.058723e+00 1.313850e+01 6.369955e-01
1.122018e-03 1.100503e+01 7.012512e+00 1.304937e+01 6.372095e-01
1.148154e-03 1.092895e+01 6.967952e+00 1.296126e+01 6.375686e-01
1.174898e-03 1.085295e+01 6.925003e+00 1.287409e+01 6.380759e-01
1.202264e-03 1.077697e+01 6.883621e+00 1.278778e+01 6.387344e-01
1.230269e-03 1.070095e+01 6.843758e+00 1.270226e+01 6.395468e-01
1.258925e-03 1.062483e+01 6.805364e+00 1.261744e+01 6.405154e-01
1.288250e-03 1.054854e+01 6.768386e+00 1.253327e+01 6.416420e-01
1.318257e-03 1.047204e+01 6.732769e+00 1.244965e+01 6.429283e-01
1.348963e-03 1.039527e+01 6.698455e+00 1.236652e+01 6.443755e-01
1.380384e-03 1.031818e+01 6.665382e+00 1.228381e+01 6.459845e-01
1.412538e-03 1.024072e+01 6.633490e+00 1.220146e+01 6.477560e-01
1.445440e-03 1.016287e+01 6.602714e+00 1.211939e+01 6.496901e-01
1.479108e-03 1.008457e+01 6.572988e+00 1.203755e+01 6.517868e-01
1.513561e-03 1.000579e+01 6.544245e+00 1.195588e+01 6.540457e-01
1.548817e-03 9.926507e+00 6.516415e+00 1.187431e+01 6.564661e-01
1.584893e-03 9.846689e+00 6.489430e+00 1.179279e+01 6.590470e-01
1.621810e-03 9.766314e+00 6.463219e+00 1.171128e+01 6.617870e-01
1.659587e-03 9.685364e+00 6.437712e+00 1.162972e+01 6.646845e-01
1.698244e-03 9.603824e+00 6.412835e+00 1.154807e+01 6.677377e-01
1.737801e-03 9.521684e+00 6.388520e+00 1.146628e+01 6.709443e-01
1.778279e-03 9.438937e+00 6.364693e+00 1.138432e+01 6.743019e-01
1.819701e-03 9.355581e+00 6.341285e+00 1.130216e+01 6.778076e-01
1.862087e-03 9.271618e+00 6.318224e+00 1.121975e+01 6.814586e-01
1.905461e-03 9.187053e+00 6.295443e+00 1.113708e+01 6.852516e-01
1.949845e-03 9.101894e+00 6.272872e+00 1.105411e+01 6.891832e-01
1.995262e-03 9.016156e+00 6.250446e+00 1.097083e+01 6.932495e-01
2.041738e-03 8.929856e+00 6.228098e+00 1.088722e+01 6.974467e-01
2.089296e-03 8.843012e+00 6.205767e+00 1.080326e+01 7.017707e-01
2.137962e-03 8.755650e+00 6.183389e+00 1.071894e+01 7.062171e-01
2.187762e-03 8.667795e+00 6.160908e+00 1.063426e+01 7.107815e-01
2.238721e-03 8.579479e+00 6.138266e+00 1.054921e+01 7.154591e-01
2.290868e-03 8.490733e+00 6.115409e+00 1.046378e+01 7.202452e-01
2.344229e-03 8.401593e+00 6.092287e+00 1.037799e+01 7.251347e-01
2.398833e-03 8.312098e+00 6.068852e+00 1.029184e+01 7.301227e-01
2.454709e-03 8.222288e+00 6.045058e+00 1.020533e+01 7.352039e-01
2.511886e-03 8.132204e+00 6.020864e+00 1.011848e+01 7.403730e-01
2.570396e-03 8.041891e+00 5.996232e+00 1.003129e+01 7.456247e-01
2.630268e-03 7.951394e+00 5.971127e+00 9.943793e+00 7.509534e-01
2.691535e-03 7.860761e+00 5.945517e+00 9.856000e+00 7.563539e-01
2.754229e-03 7.770038e+00 5.919375e+00 9.767931e+00 7.618205e-01
2.818383e-03 7.679275e+00 5.892675e+00 9.679611e+00 7.673478e-01
2.884032e-03 7.588520e+00 5.865397e+00 9.591065e+00 7.729303e-01
2.951209e-03 7.497823e+00 5.837524e+00 9.502318e+00 7.785625e-01
3.019952e-03 7.407234e+00 5.809041e+00 9.413399e+00 7.842389e-01
3.090295e-03 7.316801e+00 5.779939e+00 9.324337e+00 7.899543e-01
3.162278e-03 7.226573e+00 5.750209e+00 9.235164e+00 7.957034e-01
3.235937e-03 7.136598e+00 5.719847e+00 9.145911e+00 8.014809e-01
3.311311e-03 7.046924e+00 5.688854e+00 9.056610e+00 8.072818e-01
3.388442e-03 6.957596e+00 5.657230e+00 8.967295e+00 8.131012e-01
3.467369e-03 6.868658e+00 5.624980e+00 8.877999e+00 8.189344e-01
3.548134e-03 6.780156e+00 5.592114e+00 8.788757e+00 8.247766e-01
3.630781e-03 6.692129e+00 5.558639e+00 8.699602e+00 8.306234e-01
3.715352e-03 6.604619e+00 5.524570e+00 8.610567e+00 8.364706e-01
3.801894e-03 6.517663e+00 5.489921e+00 8.521688e+00 8.423142e-01
3.890451e-03 6.431298e+00 5.454708e+00 8.432997e+00 8.481504e-01
3.981072e-03 6.345558e+00 5.418950e+00 8.344527e+00 8.539754e-01
4.073803e-03 6.260474e+00 5.382668e+00 8.256310e+00 8.597860e-01
4.168694e-03 6.176077e+00 5.345883e+00 8.168378e+00 8.655791e-01
4.265795e-03 6.092394e+00 5.308618e+00 8.080761e+00 8.713517e-01
4.365158e-03 6.009451e+00 5.270897e+00 7.993488e+00 8.771013e-01
4.466836e-03 5.927270e+00 5.232745e+00 7.906589e+00 8.828255e-01
4.570882e-03 5.845872e+00 5.194187e+00 7.820090e+00 8.885222e-01
4.677351e-03 5.765277e+00 5.155250e+00 7.734017e+00 8.941895e-01
4.786301e-03 5.685500e+00 5.115960e+00 7.648396e+00 8.998258e-01
4.897788e-03 5.606556e+00 5.076343e+00 7.563249e+00 9.054298e-01
5.011872e-03 5.528457e+00 5.036426e+00 7.478598e+00 9.110003e-01
5.128614e-03 5.451213e+00 4.996236e+00 7.394464e+00 9.165365e-01
5.248075e-03 5.374832e+00 4.955798e+00 7.310865e+00 9.220377e-01
5.370318e-03 5.299321e+00 4.915138e+00 7.227820e+00 9.275034e-01
5.495409e-03 5.224684e+00 4.874282e+00 7.145345e+00 9.329335e-01
5.623413e-03 5.150924e+00 4.833255e+00 7.063453e+00 9.383278e-01
5.754399e-03 5.078042e+00 4.792080e+00 6.982159e+00 9.436864e-01
5.888437e-03 5.006040e+00 4.750780e+00 6.901474e+00 9.490097e-01
6.025596e-03 4.934914e+00 4.709378e+00 6.821409e+00 9.542980e-01
6.165950e-03 4.864663e+00 4.667896e+00 6.741972e+00 9.595518e-01
6.309573e-03 4.795282e+00 4.626353e+00 6.663173e+00 9.647717e-01
6.456542e-03 4.726768e+00 4.584769e+00 6.585016e+00 9.699585e-01
6.606934e-03 4.659114e+00 4.543163e+00 6.507509e+00 9.751129e-01
6.760830e-03 4.592315e+00 4.501551e+00 6.430655e+00 9.802358e-01
6.918310e-03 4.526363e+00 4.459952e+00 6.354458e+00 9.853279e-01
7.079458e-03 4.461251e+00 4.418379e+00 6.278919e+00 9.903901e-01
7.244360e-03 4.396970e+00 4.376847e+00 6.204042e+00 9.954233e-01
7.413102e-03 4.333514e+00 4.335370e+00 6.129826e+00 1.000428e+00
7.585776e-03 4.270872e+00 4.293959e+00 6.056272e+00 1.005406e+00
7.762471e-03 4.209036e+00 4.252627e+00 5.983379e+00 1.010356e+00
7.943282e-03 4.147998e+00 4.211383e+00 5.911145e+00 1.015281e+00
8.128305e-03 4.087747e+00 4.170239e+00 5.839569e+00 1.020180e+00
8.317638e-03 4.028276e+00 4.129201e+00 5.768649e+00 1.025054e+00
8.511380e-03 3.969576e+00 4.088279e+00 5.698382e+00 1.029903e+00
8.709636e-03 3.911637e+00 4.047480e+00 5.628765e+00 1.034728e+00
8.912509e-03 3.854452e+00 4.006810e+00 5.559796e+00 1.039528e+00
9.120108e-03 3.798011e+00 3.966276e+00 5.491469e+00 1.044303e+00
9.332543e-03 3.742307e+00 3.925884e+00 5.423783e+00 1.049054e+00
9.549926e-03 3.687332e+00 3.885637e+00 5.356733e+00 1.053780e+00
9.772372e-03 3.633078e+00 3.845542e+00 5.290316e+00 1.058481e+00
1.000000e-02 3.579537e+00 3.805602e+00 5.224528e+00 1.063155e+00
1.023293e-02 3.526703e+00 3.765822e+00 5.159365e+00 1.067802e+00
1.047129e-02 3.474569e+00 3.726204e+00 5.094823e+00 1.072422e+00
1.071519e-02 3.423128e+00 3.686752e+00 5.030900e+00 1.077013e+00
1.096478e-02 3.372375e+00 3.647470e+00 4.967590e+00 1.081573e+00
1.122018e-02 3.322303e+00 3.608361e+00 4.904892e+00 1.086102e+00
1.148154e-02 3.272906e+00 3.569426e+00 4.842800e+00 1.090599e+00
1.174898e-02 3.224179e+00 3.530670e+00 4.781314e+00 1.095060e+00
1.202264e-02 3.176117e+00 3.492095e+00 4.720428e+00 1.099486e+00
1.230269e-02 3.128715e+00 3.453703e+00 4.660141e+00 1.103873e+00
1.258925e-02 3.081967e+00 3.415497e+00 4.600450e+00 1.108220e+00
1.288250e-02 3.035870e+00 3.377481e+00 4.541353e+00 1.112525e+00
1.318257e-02 2.990419e+00 3.339656e+00 4.482846e+00 1.116785e+00
1.348963e-02 2.945608e+00 3.302025e+00 4.424927e+00 1.120999e+00
1.380384e-02 2.901435e+00 3.264592e+00 4.367595e+00 1.125165e+00
1.412538e-02 2.857894e+00 3.227359e+00 4.310847e+00 1.129279e+00
1.445440e-02 2.814982e+00 3.190329e+00 4.254682e+00 1.133339e+00
1.479108e-02 2.772694e+00 3.153504e+00 4.199098e+00 1.137343e+00
1.513561e-02 2.731026e+00 3.116889e+00 4.144092e+00 1.141289e+00
1.548817e-02 2.689974e+00 3.080486e+00 4.089664e+00 1.145173e+00
1.584893e-02 2.649533e+00 3.044298e+00 4.035812e+00 1.148994e+00
1.621810e-02 2.609700e+00 3.008328e+00 3.982534e+00 1.152749e+00
1.659587e-02 2.570470e+00 2.972580e+00 3.929828e+00 1.156434e+00
1.698244e-02 2.531839e+00 2.937057e+00 3.877695e+00 1.160049e+00
1.737801e-02 2.493802e+00 2.901762e+00 3.826131e+00 1.163590e+00
1.778279e-02 2.456355e+00 2.866699e+00 3.775135e+00 1.167054e+00
1.819701e-02 2.419493e+00 2.831870e+00 3.724706e+00 1.170439e+00
1.862087e-02 2.383212e+00 2.797279e+00 3.674843e+00 1.173743e+00
1.905461e-02 2.347506e+00 2.762930e+00 3.625544e+00 1.176964e+00
1.949845e-02 2.312372e+00 2.728825e+00 3.576807e+00 1.180098e+00
1.995262e-02 2.277803e+00 2.694967e+00 3.528631e+00 1.183143e+00
2.041738e-02 2.243795e+00 2.661361e+00 3.481014e+00 1.186098e+00
2.089296e-02 2.210343e+00 2.628008e+00 3.433954e+00 1.188959e+00
2.137962e-02 2.177441e+00 2.594912e+00 3.387450e+00 1.191725e+00
2.187762e-02 2.145085e+00 2.562076e+00 3.341500e+00 1.194394e+00
2.238721e-02 2.113268e+00 2.529502e+00 3.296101e+00 1.196962e+00
2.290868e-02 2.081986e+00 2.497194e+00 3.251253e+00 1.199429e+00
2.344229e-02 2.051233e+00 2.465155e+00 3.206952e+00 1.201792e+00
2.398833e-02 2.021003e+00 2.433386e+00 3.163198e+00 1.204048e+00
2.454709e-02 1.991291e+00 2.401890e+00 3.119987e+00 1.206197e+00
2.511886e-02 1.962092e+00 2.370671e+00 3.077318e+00 1.208237e+00
2.570396e-02 1.933399e+00 2.339730e+00 3.035188e+00 1.210164e+00
2.630268e-02 1.905206e+00 2.309070e+00 2.993596e+00 1.211979e+00
2.691535e-02 1.877509e+00 2.278693e+00 2.952538e+00 1.213679e+00
2.754229e-02 1.850301e+00 2.248601e+00 2.912013e+00 1.215262e+00
2.818383e-02 1.823577e+00 2.218797e+00 2.872019e+00 1.216728e+00
2.884032e-02 1.797330e+00 2.189282e+00 2.832552e+00 1.218075e+00
2.951209e-02 1.771555e+00 2.160059e+00 2.793611e+00 1.219301e+00
3.019952e-02 1.746246e+00 2.131130e+00 2.755193e+00 1.220407e+00
3.090295e-02 1.721396e+00 2.102497e+00 2.717296e+00 1.221390e+00
3.162278e-02 1.697001e+00 2.074161e+00 2.679917e+00 1.222251e+00
3.235937e-02 1.673053e+00 2.046125e+00 2.643053e+00 1.222989e+00
3.311311e-02 1.649547e+00 2.018390e+00 2.606703e+00 1.223603e+00
3.388442e-02 1.626476e+00 1.990958e+00 2.570864e+00 1.224093e+00
3.467369e-02 1.603835e+00 1.963832e+00 2.535532e+00 1.224460e+00
3.548134e-02 1.581617e+00 1.937012e+00 2.500705e+00 1.224704e+00
3.630781e-02 1.559815e+00 1.910501e+00 2.466381e+00 1.224826e+00
3.715352e-02 1.538423e+00 1.884301e+00 2.432557e+00 1.224826e+00
3.801894e-02 1.517434e+00 1.858411e+00 2.399229e+00 1.224706e+00
3.890451e-02 1.496843e+00 1.832836e+00 2.366395e+00 1.224468e+00
3.981072e-02 1.476641e+00 1.807575e+00 2.334051e+00 1.224113e+00
4.073803e-02 1.456822e+00 1.782630e+00 2.302195e+00 1.223643e+00
4.168694e-02 1.437379e+00 1.758002e+00 2.270822e+00 1.223061e+00
4.265795e-02 1.418305e+00 1.733693e+00 2.239929e+00 1.222369e+00
4.365158e-02 1.399593e+00 1.709704e+00 2.209513e+00 1.221572e+00
4.466836e-02 1.381235e+00 1.686035e+00 2.179570e+00 1.220672e+00
4.570882e-02 1.363224e+00 1.662687e+00 2.150095e+00 1.219672e+00
4.677351e-02 1.345552e+00 1.639661e+00 2.121084e+00 1.218579e+00
4.786301e-02 1.328212e+00 1.616957e+00 2.092533e+00 1.217394e+00
4.897788e-02 1.311195e+00 1.594576e+00 2.064438e+00 1.216124e+00
5.011872e-02 1.294494e+00 1.572517e+00 2.036793e+00 1.214773e+00
5.128614e-02 1.278102e+00 1.550781e+00 2.009593e+00 1.213347e+00
5.248075e-02 1.262009e+00 1.529366e+00 1.982834e+00 1.211851e+00
5.370318e-02 1.246208e+00 1.508274e+00 1.956508e+00 1.210290e+00
5.495409e-02 1.230692e+00 1.487501e+00 1.930612e+00 1.208671e+00
5.623413e-02 1.215451e+00 1.467048e+00 1.905138e+00 1.206999e+00
5.754399e-02 1.200478e+00 1.446914e+00 1.880081e+00 1.205282e+00
5.888437e-02 1.185764e+00 1.427096e+00 1.855435e+00 1.203524e+00
6.025596e-02 1.171302e+00 1.407592e+00 1.831192e+00 1.201733e+00
6.165950e-02 1.157083e+00 1.388401e+00 1.807346e+00 1.199915e+00
6.309573e-02 1.143100e+00 1.369521e+00 1.783890e+00 1.198076e+00
6.456542e-02 1.129344e+00 1.350948e+00 1.760817e+00 1.196223e+00
6.606934e-02 1.115809e+00 1.332679e+00 1.738120e+00 1.194362e+00
6.760830e-02 1.102485e+00 1.314712e+00 1.715792e+00 1.192499e+00
6.918310e-02 1.089366e+00 1.297043e+00 1.693824e+00 1.190640e+00
7.079458e-02 1.076444e+00 1.279668e+00 1.672209e+00 1.188792e+00
7.244360e-02 1.063713e+00 1.262584e+00 1.650940e+00 1.186959e+00
7.413102e-02 1.051164e+00 1.245786e+00 1.630009e+00 1.185149e+00
7.585776e-02 1.038791e+00 1.229270e+00 1.609407e+00 1.183365e+00
7.762471e-02 1.026588e+00 1.213031e+00 1.589128e+00 1.181614e+00
7.943282e-02 1.014549e+00 1.197064e+00 1.569163e+00 1.179899e+00
8.128305e-02 1.002666e+00 1.181366e+00 1.549504e+00 1.178225e+00
8.317638e-02 9.909343e-01 1.165930e+00 1.530145e+00 1.176596e+00
8.511380e-02 9.793484e-01 1.150751e+00 1.511076e+00 1.175017e+00
8.709636e-02 9.679028e-01 1.135824e+00 1.492291e+00 1.173489e+00
8.912509e-02 9.565924e-01 1.121143e+00 1.473781e+00 1.172018e+00
9.120108e-02 9.454126e-01 1.106704e+00 1.455540e+00 1.170604e+00
9.332543e-02 9.343588e-01 1.092499e+00 1.437561e+00 1.169250e+00
9.549926e-02 9.234270e-01 1.078524e+00 1.419835e+00 1.167959e+00
9.772372e-02 9.126132e-01 1.064774e+00 1.402357e+00 1.166730e+00
1.000000e-01 9.019139e-01 1.051241e+00 1.385119e+00 1.165567e+00
1.023293e-01 8.913259e-01 1.037921e+00 1.368116e+00 1.164468e+00
1.047129e-01 8.808462e-01 1.024807e+00 1.351340e+00 1.163435e+00
1.071519e-01 8.704721e-01 1.011895e+00 1.334786e+00 1.162467e+00
1.096478e-01 8.602012e-01 9.991786e-01 1.318448e+00 1.161564e+00
1.122018e-01 8.500314e-01 9.866524e-01 1.302320e+00 1.160725e+00
1.148154e-01 8.399608e-01 9.743111e-01 1.286397e+00 1.159948e+00
1.174898e-01 8.299878e-01 9.621494e-01 1.270674e+00 1.159233e+00
1.202264e-01 8.201111e-01 9.501623e-01 1.255146e+00 1.158578e+00
1.230269e-01 8.103294e-01 9.383449e-01 1.239808e+00 1.157979e+00
1.258925e-01 8.006419e-01 9.266923e-01 1.224658e+00 1.157437e+00
1.288250e-01 7.910478e-01 9.151999e-01 1.209689e+00 1.156946e+00
1.318257e-01 7.815464e-01 9.038633e-01 1.194899e+00 1.156506e+00
1.348963e-01 7.721374e-01 8.926783e-01 1.180284e+00 1.156113e+00
1.380384e-01 7.628206e-01 8.816408e-01 1.165841e+00 1.155764e+00
1.412538e-01 7.535958e-01 8.707470e-01 1.151567e+00 1.155456e+00
1.445440e-01 7.444630e-01 8.599932e-01 1.137459e+00 1.155186e+00
1.479108e-01 7.354222e-01 8.493759e-01 1.123515e+00 1.154950e+00
1.513561e-01 7.264737e-01 8.388919e-01 1.109731e+00 1.154745e+00
1.548817e-01 7.176175e-01 8.285383e-01 1.096107e+00 1.154568e+00
1.584893e-01 7.088541e-01 8.183120e-01 1.082640e+00 1.154415e+00
1.621810e-01 7.001837e-01 8.082106e-01 1.069328e+00 1.154284e+00
1.659587e-01 6.916066e-01 7.982315e-01 1.056169e+00 1.154170e+00
1.698244e-01 6.831231e-01 7.883724e-01 1.043163e+00 1.154071e+00
1.737801e-01 6.747335e-01 7.786314e-01 1.030307e+00 1.153984e+00
1.778279e-01 6.664382e-01 7.690064e-01 1.017601e+00 1.153905e+00
1.819701e-01 6.582374e-01 7.594958e-01 1.005042e+00 1.153833e+00
1.862087e-01 6.501313e-01 7.500979e-01 9.926316e-01 1.153764e+00
1.905461e-01 6.421200e-01 7.408112e-01 9.803669e-01 1.153696e+00
1.949845e-01 6.342038e-01 7.316344e-01 9.682476e-01 1.153627e+00
1.995262e-01 6.263826e-01 7.225664e-01 9.562726e-01 1.153554e+00
2.041738e-01 6.186564e-01 7.136060e-01 9.444412e-01 1.153477e+00
2.089296e-01 6.110251e-01 7.047522e-01 9.327526e-01 1.153393e+00
2.137962e-01 6.034886e-01 6.960042e-01 9.212059e-01 1.153301e+00
2.187762e-01 5.960467e-01 6.873610e-01 9.098004e-01 1.153200e+00
2.238721e-01 5.886990e-01 6.788221e-01 8.985354e-01 1.153089e+00
2.290868e-01 5.814451e-01 6.703866e-01 8.874100e-01 1.152966e+00
2.344229e-01 5.742845e-01 6.620539e-01 8.764235e-01 1.152833e+00
2.398833e-01 5.672167e-01 6.538235e-01 8.655749e-01 1.152687e+00
2.454709e-01 5.602411e-01 6.456948e-01 8.548636e-01 1.152530e+00
2.511886e-01 5.533570e-01 6.376672e-01 8.442887e-01 1.152361e+00
2.570396e-01 5.465636e-01 6.297402e-01 8.338492e-01 1.152181e+00
2.630268e-01 5.398600e-01 6.219134e-01 8.235443e-01 1.151990e+00
2.691535e-01 5.332455e-01 6.141862e-01 8.133729e-01 1.151789e+00
2.754229e-01 5.267190e-01 6.065582e-01 8.033341e-01 1.151578e+00
2.818383e-01 5.202795e-01 5.990288e-01 7.934269e-01 1.151360e+00
2.884032e-01 5.139260e-01 5.915975e-01 7.836501e-01 1.151134e+00
2.951209e-01 5.076573e-01 5.842639e-01 7.740028e-01 1.150902e+00
3.019952e-01 5.014725e-01 5.770274e-01 7.644837e-01 1.150666e+00
3.090295e-01 4.953702e-01 5.698875e-01 7.550916e-01 1.150427e+00
3.162278e-01 4.893493e-01 5.628435e-01 7.458254e-01 1.150188e+00
3.235937e-01 4.834085e-01 5.558950e-01 7.366838e-01 1.149949e+00
3.311311e-01 4.775466e-01 5.490413e-01 7.276656e-01 1.149712e+00
3.388442e-01 4.717624e-01 5.422819e-01 7.187694e-01 1.149481e+00
3.467369e-01 4.660545e-01 5.356160e-01 7.099938e-01 1.149256e+00
3.548134e-01 4.604216e-01 5.290430e-01 7.013377e-01 1.149040e+00
3.630781e-01 4.548625e-01 5.225622e-01 6.927995e-01 1.148836e+00
3.715352e-01 4.493758e-01 5.161729e-01 6.843779e-01 1.148644e+00
3.801894e-01 4.439601e-01 5.098745e-01 6.760714e-01 1.148469e+00
3.890451e-01 4.386143e-01 5.036660e-01 6.678787e-01 1.148312e+00
3.981072e-01 4.333369e-01 4.975469e-01 6.597983e-01 1.148176e+00
4.073803e-01 4.281267e-01 4.915162e-01 6.518287e-01 1.148063e+00
4.168694e-01 4.229823e-01 4.855732e-01 6.439685e-01 1.147975e+00
4.265795e-01 4.179025e-01 4.797172e-01 6.362162e-01 1.147916e+00
4.365158e-01 4.128859e-01 4.739471e-01 6.285703e-01 1.147889e+00
4.466836e-01 4.079314e-01 4.682623e-01 6.210294e-01 1.147895e+00
4.570882e-01 4.030375e-01 4.626618e-01 6.135920e-01 1.147937e+00
4.677351e-01 3.982030e-01 4.571448e-01 6.062566e-01 1.148019e+00
4.786301e-01 3.934268e-01 4.517104e-01 5.990216e-01 1.148143e+00
4.897788e-01 3.887075e-01 4.463577e-01 5.918857e-01 1.148312e+00
5.011872e-01 3.840440e-01 4.410858e-01 5.848473e-01 1.148529e+00
5.128614e-01 3.794349e-01 4.358938e-01 5.779051e-01 1.148797e+00
5.248075e-01 3.748793e-01 4.307808e-01 5.710574e-01 1.149119e+00
5.370318e-01 3.703757e-01 4.257458e-01 5.643028e-01 1.149497e+00
5.495409e-01 3.659232e-01 4.207880e-01 5.576400e-01 1.149935e+00
5.623413e-01 3.615205e-01 4.159064e-01 5.510674e-01 1.150437e+00
5.754399e-01 3.571665e-01 4.111001e-01 5.445835e-01 1.151004e+00
5.888437e-01 3.528601e-01 4.063681e-01 5.381870e-01 1.151641e+00
6.025596e-01 3.486001e-01 4.017095e-01 5.318764e-01 1.152351e+00
6.165950e-01 3.443854e-01 3.971233e-01 5.256503e-01 1.153136e+00
6.309573e-01 3.402151e-01 3.926086e-01 5.195073e-01 1.154001e+00
6.456542e-01 3.360879e-01 3.881645e-01 5.134459e-01 1.154949e+00
6.606934e-01 3.320028e-01 3.837899e-01 5.074648e-01 1.155984e+00
6.760830e-01 3.279589e-01 3.794838e-01 5.015626e-01 1.157108e+00
6.918310e-01 3.239550e-01 3.752454e-01 4.957378e-01 1.158326e+00
7.079458e-01 3.199901e-01 3.710737e-01 4.899891e-01 1.159641e+00
7.244360e-01 3.160632e-01 3.669676e-01 4.843152e-01 1.161058e+00
7.413102e-01 3.121733e-01 3.629262e-01 4.787146e-01 1.162579e+00
7.585776e-01 3.083195e-01 3.589485e-01 4.731860e-01 1.164210e+00
7.762471e-01 3.045008e-01 3.550335e-01 4.677280e-01 1.165953e+00
7.943282e-01 3.007161e-01 3.511803e-01 4.623394e-01 1.167813e+00
8.128305e-01 2.969646e-01 3.473877e-01 4.570188e-01 1.169795e+00
8.317638e-01 2.932453e-01 3.436548e-01 4.517647e-01 1.171902e+00
8.511380e-01 2.895572e-01 3.399805e-01 4.465760e-01 1.174139e+00
8.709636e-01 2.858996e-01 3.363639e-01 4.414513e-01 1.176511e+00
8.912509e-01 2.822715e-01 3.328039e-01 4.363893e-01 1.179021e+00
9.120108e-01 2.786720e-01 3.292995e-01 4.313887e-01 1.181674e+00
9.332543e-01 2.751002e-01 3.258495e-01 4.264482e-01 1.184476e+00
9.549926e-01 2.715554e-01 3.224530e-01 4.215664e-01 1.187430e+00
9.772372e-01 2.680366e-01 3.191088e-01 4.167422e-01 1.190542e+00
1.000000e+00 2.645432e-01 3.158159e-01 4.119743e-01 1.193816e+00
1.023293e+00 2.610742e-01 3.125732e-01 4.072613e-01 1.197258e+00
1.047129e+00 2.576289e-01 3.093796e-01 4.026020e-01 1.200873e+00
1.071519e+00 2.542067e-01 3.062339e-01 3.979953e-01 1.204665e+00
1.096478e+00 2.508066e-01 3.031351e-01 3.934398e-01 1.208641e+00
1.122018e+00 2.474282e-01 3.000820e-01 3.889343e-01 1.212804e+00
1.148154e+00 2.440706e-01 2.970734e-01 3.844776e-01 1.217162e+00
1.174898e+00 2.407332e-01 2.941082e-01 3.800686e-01 1.221719e+00
1.202264e+00 2.374154e-01 2.911853e-01 3.757060e-01 1.226480e+00
1.230269e+00 2.341167e-01 2.883034e-01 3.713886e-01 1.231452e+00
1.258925e+00 2.308364e-01 2.854615e-01 3.671154e-01 1.236640e+00
1.288250e+00 2.275740e-01 2.826582e-01 3.628851e-01 1.242050e+00
1.318257e+00 2.243290e-01 2.798925e-01 3.586967e-01 1.247688e+00
1.348963e+00 2.211009e-01 2.771631e-01 3.545490e-01 1.253559e+00
1.380384e+00 2.178894e-01 2.744688e-01 3.504410e-01 1.259670e+00
1.412538e+00 2.146939e-01 2.718084e-01 3.463716e-01 1.266028e+00
1.445440e+00 2.115142e-01 2.691808e-01 3.423398e-01 1.272637e+00
1.479108e+00 2.083499e-01 2.665847e-01 3.383446e-01 1.279505e+00
1.513561e+00 2.052007e-01 2.640189e-01 3.343849e-01 1.286638e+00
1.548817e+00 2.020663e-01 2.614822e-01 3.304598e-01 1.294042e+00
1.584893e+00 1.989465e-01 2.589734e-01 3.265684e-01 1.301724e+00
1.621810e+00 1.958412e-01 2.564913e-01 3.227098e-01 1.309690e+00
1.659587e+00 1.927502e-01 2.540348e-01 3.188830e-01 1.317948e+00
1.698244e+00 1.896734e-01 2.516027e-01 3.150872e-01 1.326505e+00
1.737801e+00 1.866108e-01 2.491938e-01 3.113216e-01 1.335367e+00
1.778279e+00 1.835622e-01 2.468069e-01 3.075854e-01 1.344541e+00
1.819701e+00 1.805277e-01 2.444410e-01 3.038777e-01 1.354036e+00
1.862087e+00 1.775075e-01 2.420949e-01 3.001980e-01 1.363858e+00
1.905461e+00 1.745014e-01 2.397675e-01 2.965455e-01 1.374015e+00
1.949845e+00 1.715097e-01 2.374578e-01 2.929194e-01 1.384515e+00
1.995262e+00 1.685326e-01 2.351646e-01 2.893192e-01 1.395365e+00
2.041738e+00 1.655702e-01 2.328869e-01 2.857443e-01 1.406575e+00
2.089296e+00 1.626228e-01 2.306238e-01 2.821941e-01 1.418152e+00
2.137962e+00 1.596906e-01 2.283742e-01 2.786680e-01 1.430104e+00
2.187762e+00 1.567739e-01 2.261371e-01 2.751655e-01 1.442441e+00
2.238721e+00 1.538731e-01 2.239117e-01 2.716862e-01 1.455171e+00
2.290868e+00 1.509885e-01 2.216970e-01 2.682296e-01 1.468304e+00
2.344229e+00 1.481205e-01 2.194922e-01 2.647953e-01 1.481849e+00
2.398833e+00 1.452696e-01 2.172965e-01 2.613829e-01 1.495815e+00
2.454709e+00 1.424362e-01 2.151089e-01 2.579921e-01 1.510212e+00
2.511886e+00 1.396208e-01 2.129288e-01 2.546226e-01 1.525051e+00
2.570396e+00 1.368239e-01 2.107555e-01 2.512740e-01 1.540341e+00
2.630268e+00 1.340460e-01 2.085882e-01 2.479462e-01 1.556094e+00
2.691535e+00 1.312876e-01 2.064262e-01 2.446390e-01 1.572321e+00
2.754229e+00 1.285494e-01 2.042691e-01 2.413520e-01 1.589032e+00
2.818383e+00 1.258318e-01 2.021162e-01 2.380853e-01 1.606240e+00
2.884032e+00 1.231356e-01 1.999669e-01 2.348386e-01 1.623956e+00
2.951209e+00 1.204614e-01 1.978208e-01 2.316118e-01 1.642193e+00
3.019952e+00 1.178097e-01 1.956775e-01 2.284049e-01 1.660963e+00
3.090295e+00 1.151812e-01 1.935366e-01 2.252179e-01 1.680280e+00
3.162278e+00 1.125765e-01 1.913976e-01 2.220507e-01 1.700156e+00
3.235937e+00 1.099964e-01 1.892603e-01 2.189034e-01 1.720605e+00
3.311311e+00 1.074414e-01 1.871245e-01 2.157759e-01 1.741642e+00
3.388442e+00 1.049123e-01 1.849898e-01 2.126683e-01 1.763281e+00
3.467369e+00 1.024096e-01 1.828562e-01 2.095808e-01 1.785538e+00
3.548134e+00 9.993410e-02 1.807235e-01 2.065134e-01 1.808426e+00
3.630781e+00 9.748639e-02 1.785915e-01 2.034663e-01 1.831964e+00
3.715352e+00 9.506714e-02 1.764603e-01 2.004396e-01 1.856165e+00
3.801894e+00 9.267698e-02 1.743299e-01 1.974334e-01 1.881049e+00
3.890451e+00 9.031654e-02 1.722003e-01 1.944480e-01 1.906631e+00
3.981072e+00 8.798644e-02 1.700716e-01 1.914836e-01 1.932930e+00
4.073803e+00 8.568728e-02 1.679439e-01 1.885403e-01 1.959963e+00
4.168694e+00 8.341964e-02 1.658173e-01 1.856185e-01 1.987750e+00
4.265795e+00 8.118409e-02 1.636922e-01 1.827183e-01 2.016309e+00
4.365158e+00 7.898117e-02 1.615687e-01 1.798401e-01 2.045661e+00
4.466836e+00 7.681142e-02 1.594471e-01 1.769841e-01 2.075826e+00
4.570882e+00 7.467532e-02 1.573277e-01 1.741506e-01 2.106824e+00
4.677351e+00 7.257334e-02 1.552109e-01 1.713398e-01 2.138677e+00
4.786301e+00 7.050594e-02 1.530971e-01 1.685521e-01 2.171407e+00
4.897788e+00 6.847353e-02 1.509867e-01 1.657878e-01 2.205037e+00
5.011872e+00 6.647649e-02 1.488800e-01 1.630472e-01 2.239589e+00
5.128614e+00 6.451518e-02 1.467777e-01 1.603306e-01 2.275087e+00
5.248075e+00 6.258992e-02 1.446801e-01 1.576383e-01 2.311556e+00
5.370318e+00 6.070098e-02 1.425878e-01 1.549706e-01 2.349020e+00
5.495409e+00 5.884864e-02 1.405014e-01 1.523279e-01 2.387504e+00
5.623413e+00 5.703309e-02 1.384213e-01 1.497105e-01 2.427035e+00
5.754399e+00 5.525452e-02 1.363482e-01 1.471187e-01 2.467639e+00
5.888437e+00 5.351306e-02 1.342827e-01 1.445527e-01 2.509344e+00
6.025596e+00 5.180883e-02 1.322253e-01 1.420130e-01 2.552177e+00
6.165950e+00 5.014189e-02 1.301767e-01 1.394997e-01 2.596166e+00
6.309573e+00 4.851226e-02 1.281374e-01 1.370133e-01 2.641341e+00
6.456542e+00 4.691993e-02 1.261082e-01 1.345539e-01 2.687732e+00
6.606934e+00 4.536486e-02 1.240896e-01 1.321219e-01 2.735368e+00
6.760830e+00 4.384695e-02 1.220822e-01 1.297175e-01 2.784280e+00
6.918310e+00 4.236608e-02 1.200867e-01 1.273409e-01 2.834501e+00
7.079458e+00 4.092210e-02 1.181038e-01 1.249925e-01 2.886063e+00
7.244360e+00 3.951480e-02 1.161339e-01 1.226723e-01 2.938998e+00
7.413102e+00 3.814395e-02 1.141778e-01 1.203808e-01 2.993340e+00
7.585776e+00 3.680928e-02 1.122360e-01 1.181179e-01 3.049123e+00
7.762471e+00 3.551049e-02 1.103092e-01 1.158840e-01 3.106383e+00
7.943282e+00 3.424725e-02 1.083978e-01 1.136792e-01 3.165154e+00
8.128305e+00 3.301920e-02 1.065026e-01 1.115036e-01 3.225474e+00
8.317638e+00 3.182593e-02 1.046239e-01 1.093574e-01 3.287380e+00
8.511380e+00 3.066702e-02 1.027624e-01 1.072407e-01 3.350908e+00
8.709636e+00 2.954203e-02 1.009185e-01 1.051536e-01 3.416099e+00
8.912509e+00 2.845047e-02 9.909274e-02 1.030961e-01 3.482991e+00
9.120108e+00 2.739186e-02 9.728559e-02 1.010683e-01 3.551624e+00
9.332543e+00 2.636566e-02 9.549749e-02 9.907027e-02 3.622040e+00
9.549926e+00 2.537135e-02 9.372885e-02 9.710202e-02 3.694280e+00
9.772372e+00 2.440834e-02 9.198007e-02 9.516355e-02 3.768387e+00
1.000000e+01 2.347608e-02 9.025153e-02 9.325484e-02 3.844404e+00
