1.000000e-06 3.384470e+01 2.571197e-01 3.384568e+01 7.597046e-03
1.023293e-06 3.384450e+01 2.631052e-01 3.384552e+01 7.773942e-03
1.047129e-06 3.384428e+01 2.692297e-01 3.384535e+01 7.954955e-03
1.071519e-06 3.384406e+01 2.754967e-01 3.384518e+01 8.140179e-03
1.096478e-06 3.384382e+01 2.819093e-01 3.384500e+01 8.329713e-03
1.122018e-06 3.384358e+01 2.884710e-01 3.384481e+01 8.523656e-03
1.148154e-06 3.384332e+01 2.951852e-01 3.384461e+01 8.722111e-03
1.174898e-06 3.384305e+01 3.020554e-01 3.384440e+01 8.925182e-03
1.202264e-06 3.384277e+01 3.090852e-01 3.384418e+01 9.132977e-03
1.230269e-06 3.384247e+01 3.162783e-01 3.384395e+01 9.345605e-03
1.258925e-06 3.384216e+01 3.236386e-01 3.384371e+01 9.563178e-03
1.288250e-06 3.384184e+01 3.311698e-01 3.384346e+01 9.785810e-03
1.318257e-06 3.384150e+01 3.388759e-01 3.384319e+01 1.001362e-02
1.348963e-06 3.384114e+01 3.467609e-01 3.384292e+01 1.024673e-02
1.380384e-06 3.384077e+01 3.548290e-01 3.384263e+01 1.048525e-02
1.412538e-06 3.384038e+01 3.630844e-01 3.384233e+01 1.072932e-02
1.445440e-06 3.383997e+01 3.715314e-01 3.384201e+01 1.097907e-02
1.479108e-06 3.383954e+01 3.801744e-01 3.384168e+01 1.123462e-02
1.513561e-06 3.383909e+01 3.890179e-01 3.384133e+01 1.149611e-02
1.548817e-06 3.383862e+01 3.980666e-01 3.384097e+01 1.176368e-02
1.584893e-06 3.383813e+01 4.073252e-01 3.384058e+01 1.203746e-02
1.621810e-06 3.383762e+01 4.167984e-01 3.384019e+01 1.231760e-02
1.659587e-06 3.383708e+01 4.264913e-01 3.383977e+01 1.260426e-02
1.698244e-06 3.383652e+01 4.364088e-01 3.383933e+01 1.289757e-02
1.737801e-06 3.383593e+01 4.465561e-01 3.383887e+01 1.319769e-02
1.778279e-06 3.383531e+01 4.569385e-01 3.383839e+01 1.350478e-02
1.819701e-06 3.383466e+01 4.675614e-01 3.383789e+01 1.381900e-02
1.862087e-06 3.383399e+01 4.784302e-01 3.383737e+01 1.414052e-02
1.905461e-06 3.383328e+01 4.895506e-01 3.383682e+01 1.446950e-02
1.949845e-06 3.383253e+01 5.009284e-01 3.383624e+01 1.480611e-02
1.995262e-06 3.383176e+01 5.125694e-01 3.383564e+01 1.515054e-02
2.041738e-06 3.383094e+01 5.244796e-01 3.383501e+01 1.550295e-02
2.089296e-06 3.383009e+01 5.366651e-01 3.383435e+01 1.586354e-02
2.137962e-06 3.382920e+01 5.491322e-01 3.383365e+01 1.623249e-02
2.187762e-06 3.382826e+01 5.618874e-01 3.383293e+01 1.661000e-02
2.238721e-06 3.382729e+01 5.749371e-01 3.383217e+01 1.699625e-02
2.290868e-06 3.382626e+01 5.882881e-01 3.383138e+01 1.739146e-02
2.344229e-06 3.382519e+01 6.019471e-01 3.383054e+01 1.779582e-02
2.398833e-06 3.382407e+01 6.159211e-01 3.382967e+01 1.820955e-02
2.454709e-06 3.382289e+01 6.302173e-01 3.382876e+01 1.863286e-02
2.511886e-06 3.382166e+01 6.448429e-01 3.382781e+01 1.906597e-02
2.570396e-06 3.382037e+01 6.598053e-01 3.382681e+01 1.950911e-02
2.630268e-06 3.381902e+01 6.751120e-01 3.382576e+01 1.996249e-02
2.691535e-06 3.381761e+01 6.907709e-01 3.382467e+01 2.042637e-02
2.754229e-06 3.381613e+01 7.067898e-01 3.382352e+01 2.090096e-02
2.818383e-06 3.381459e+01 7.231767e-01 3.382232e+01 2.138653e-02
2.884032e-06 3.381297e+01 7.399399e-01 3.382106e+01 2.188332e-02
2.951209e-06 3.381127e+01 7.570877e-01 3.381975e+01 2.239158e-02
3.019952e-06 3.380949e+01 7.746288e-01 3.381837e+01 2.291157e-02
3.090295e-06 3.380764e+01 7.925717e-01 3.381692e+01 2.344357e-02
3.162278e-06 3.380569e+01 8.109254e-01 3.381541e+01 2.398784e-02
3.235937e-06 3.380365e+01 8.296989e-01 3.381383e+01 2.454465e-02
3.311311e-06 3.380152e+01 8.489015e-01 3.381218e+01 2.511430e-02
3.388442e-06 3.379929e+01 8.685426e-01 3.381045e+01 2.569707e-02
3.467369e-06 3.379695e+01 8.886318e-01 3.380863e+01 2.629325e-02
3.548134e-06 3.379451e+01 9.091789e-01 3.380673e+01 2.690316e-02
3.630781e-06 3.379195e+01 9.301937e-01 3.380475e+01 2.752708e-02
3.715352e-06 3.378927e+01 9.516865e-01 3.380267e+01 2.816535e-02
3.801894e-06 3.378646e+01 9.736675e-01 3.380049e+01 2.881828e-02
3.890451e-06 3.378352e+01 9.961473e-01 3.379821e+01 2.948619e-02
3.981072e-06 3.378045e+01 1.019136e+00 3.379582e+01 3.016942e-02
4.073803e-06 3.377724e+01 1.042646e+00 3.379332e+01 3.086830e-02
4.168694e-06 3.377387e+01 1.066687e+00 3.379071e+01 3.158320e-02
4.265795e-06 3.377034e+01 1.091270e+00 3.378797e+01 3.231445e-02
4.365158e-06 3.376666e+01 1.116407e+00 3.378511e+01 3.306242e-02
4.466836e-06 3.376280e+01 1.142110e+00 3.378211e+01 3.382747e-02
4.570882e-06 3.375876e+01 1.168390e+00 3.377897e+01 3.460999e-02
4.677351e-06 3.375453e+01 1.195260e+00 3.377569e+01 3.541035e-02
4.786301e-06 3.375011e+01 1.222730e+00 3.377225e+01 3.622893e-02
4.897788e-06 3.374548e+01 1.250815e+00 3.376865e+01 3.706614e-02
5.011872e-06 3.374064e+01 1.279525e+00 3.376489e+01 3.792238e-02
5.128614e-06 3.373557e+01 1.308874e+00 3.376095e+01 3.879805e-02
5.248075e-06 3.373026e+01 1.338875e+00 3.375683e+01 3.969358e-02
5.370318e-06 3.372471e+01 1.369540e+00 3.375251e+01 4.060939e-02
5.495409e-06 3.371891e+01 1.400882e+00 3.374800e+01 4.154590e-02
5.623413e-06 3.371283e+01 1.432916e+00 3.374327e+01 4.250356e-02
5.754399e-06 3.370648e+01 1.465653e+00 3.373833e+01 4.348281e-02
5.888437e-06 3.369983e+01 1.499107e+00 3.373316e+01 4.448411e-02
6.025596e-06 3.369288e+01 1.533292e+00 3.372775e+01 4.550791e-02
6.165950e-06 3.368560e+01 1.568223e+00 3.372209e+01 4.655469e-02
6.309573e-06 3.367799e+01 1.603911e+00 3.371616e+01 4.762490e-02
6.456542e-06 3.367003e+01 1.640372e+00 3.370997e+01 4.871904e-02
6.606934e-06 3.366171e+01 1.677619e+00 3.370348e+01 4.983760e-02
6.760830e-06 3.365300e+01 1.715665e+00 3.369670e+01 5.098105e-02
6.918310e-06 3.364389e+01 1.754526e+00 3.368961e+01 5.214991e-02
7.079458e-06 3.363437e+01 1.794215e+00 3.368219e+01 5.334468e-02
7.244360e-06 3.362441e+01 1.834745e+00 3.367443e+01 5.456587e-02
7.413102e-06 3.361400e+01 1.876132e+00 3.366632e+01 5.581400e-02
7.585776e-06 3.360312e+01 1.918388e+00 3.365783e+01 5.708958e-02
7.762471e-06 3.359174e+01 1.961527e+00 3.364896e+01 5.839315e-02
7.943282e-06 3.357984e+01 2.005564e+00 3.363968e+01 5.972524e-02
8.128305e-06 3.356741e+01 2.050511e+00 3.362998e+01 6.108638e-02
8.317638e-06 3.355441e+01 2.096382e+00 3.361983e+01 6.247711e-02
8.511380e-06 3.354083e+01 2.143191e+00 3.360923e+01 6.389797e-02
8.709636e-06 3.352663e+01 2.190949e+00 3.359814e+01 6.534951e-02
8.912509e-06 3.351180e+01 2.239670e+00 3.358655e+01 6.683228e-02
9.120108e-06 3.349630e+01 2.289366e+00 3.357444e+01 6.834683e-02
9.332543e-06 3.348011e+01 2.340048e+00 3.356178e+01 6.989369e-02
9.549926e-06 3.346319e+01 2.391729e+00 3.354856e+01 7.147343e-02
9.772372e-06 3.344553e+01 2.444419e+00 3.353473e+01 7.308659e-02
1.000000e-05 3.342707e+01 2.498129e+00 3.352029e+01 7.473371e-02
1.023293e-05 3.340781e+01 2.552869e+00 3.350520e+01 7.641534e-02
1.047129e-05 3.338769e+01 2.608648e+00 3.348944e+01 7.813203e-02
1.071519e-05 3.336669e+01 2.665474e+00 3.347298e+01 7.988429e-02
1.096478e-05 3.334476e+01 2.723356e+00 3.345579e+01 8.167267e-02
1.122018e-05 3.332188e+01 2.782300e+00 3.343784e+01 8.349768e-02
1.148154e-05 3.329800e+01 2.842312e+00 3.341909e+01 8.535984e-02
1.174898e-05 3.327309e+01 2.903398e+00 3.339952e+01 8.725964e-02
1.202264e-05 3.324710e+01 2.965561e+00 3.337910e+01 8.919758e-02
1.230269e-05 3.321999e+01 3.028803e+00 3.335778e+01 9.117413e-02
1.258925e-05 3.319172e+01 3.093128e+00 3.333553e+01 9.318975e-02
1.288250e-05 3.316224e+01 3.158534e+00 3.331232e+01 9.524489e-02
1.318257e-05 3.313151e+01 3.225020e+00 3.328810e+01 9.733996e-02
1.348963e-05 3.309948e+01 3.292584e+00 3.326285e+01 9.947538e-02
1.380384e-05 3.306611e+01 3.361220e+00 3.323651e+01 1.016515e-01
1.412538e-05 3.303134e+01 3.430923e+00 3.320905e+01 1.038687e-01
1.445440e-05 3.299513e+01 3.501685e+00 3.318042e+01 1.061273e-01
1.479108e-05 3.295741e+01 3.573494e+00 3.315058e+01 1.084276e-01
1.513561e-05 3.291815e+01 3.646339e+00 3.311949e+01 1.107698e-01
1.548817e-05 3.287729e+01 3.720205e+00 3.308710e+01 1.131542e-01
1.584893e-05 3.283477e+01 3.795074e+00 3.305336e+01 1.155810e-01
1.621810e-05 3.279054e+01 3.870929e+00 3.301823e+01 1.180502e-01
1.659587e-05 3.274454e+01 3.947745e+00 3.298166e+01 1.205619e-01
1.698244e-05 3.269672e+01 4.025499e+00 3.294359e+01 1.231163e-01
1.737801e-05 3.264702e+01 4.104162e+00 3.290398e+01 1.257132e-01
1.778279e-05 3.259538e+01 4.183704e+00 3.286278e+01 1.283527e-01
1.819701e-05 3.254175e+01 4.264091e+00 3.281993e+01 1.310345e-01
1.862087e-05 3.248606e+01 4.345284e+00 3.277538e+01 1.337584e-01
1.905461e-05 3.242827e+01 4.427245e+00 3.272908e+01 1.365243e-01
1.949845e-05 3.236830e+01 4.509928e+00 3.268098e+01 1.393316e-01
1.995262e-05 3.230611e+01 4.593285e+00 3.263102e+01 1.421801e-01
2.041738e-05 3.224164e+01 4.677266e+00 3.257914e+01 1.450691e-01
2.089296e-05 3.217483e+01 4.761815e+00 3.252530e+01 1.479981e-01
2.137962e-05 3.210563e+01 4.846871e+00 3.246943e+01 1.509664e-01
2.187762e-05 3.203399e+01 4.932373e+00 3.241149e+01 1.539731e-01
2.238721e-05 3.195984e+01 5.018253e+00 3.235142e+01 1.570174e-01
2.290868e-05 3.188315e+01 5.104439e+00 3.228917e+01 1.600983e-01
2.344229e-05 3.180387e+01 5.190856e+00 3.222469e+01 1.632146e-01
2.398833e-05 3.172194e+01 5.277424e+00 3.215793e+01 1.663651e-01
2.454709e-05 3.163732e+01 5.364060e+00 3.208884e+01 1.695485e-01
2.511886e-05 3.154998e+01 5.450674e+00 3.201736e+01 1.727631e-01
2.570396e-05 3.145988e+01 5.537177e+00 3.194346e+01 1.760075e-01
2.630268e-05 3.136699e+01 5.623470e+00 3.186709e+01 1.792799e-01
2.691535e-05 3.127127e+01 5.709456e+00 3.178820e+01 1.825783e-01
2.754229e-05 3.117270e+01 5.795029e+00 3.170677e+01 1.859008e-01
2.818383e-05 3.107126e+01 5.880084e+00 3.162275e+01 1.892451e-01
2.884032e-05 3.096693e+01 5.964509e+00 3.153611e+01 1.926090e-01
2.951209e-05 3.085971e+01 6.048190e+00 3.144682e+01 1.959898e-01
3.019952e-05 3.074959e+01 6.131012e+00 3.135485e+01 1.993851e-01
3.090295e-05 3.063658e+01 6.212856e+00 3.126019e+01 2.027921e-01
3.162278e-05 3.052068e+01 6.293598e+00 3.116282e+01 2.062077e-01
3.235937e-05 3.040190e+01 6.373118e+00 3.106271e+01 2.096289e-01
3.311311e-05 3.028027e+01 6.451288e+00 3.095987e+01 2.130525e-01
3.388442e-05 3.015582e+01 6.527984e+00 3.085430e+01 2.164751e-01
3.467369e-05 3.002858e+01 6.603079e+00 3.074599e+01 2.198932e-01
3.548134e-05 2.989860e+01 6.676446e+00 3.063496e+01 2.233030e-01
3.630781e-05 2.976592e+01 6.747959e+00 3.052122e+01 2.267008e-01
3.715352e-05 2.963062e+01 6.817492e+00 3.040480e+01 2.300827e-01
3.801894e-05 2.949275e+01 6.884921e+00 3.028571e+01 2.334445e-01
3.890451e-05 2.935239e+01 6.950124e+00 3.016400e+01 2.367822e-01
3.981072e-05 2.920962e+01 7.012981e+00 3.003971e+01 2.400915e-01
4.073803e-05 2.906454e+01 7.073376e+00 2.991288e+01 2.433679e-01
4.168694e-05 2.891725e+01 7.131198e+00 2.978357e+01 2.466071e-01
4.265795e-05 2.876784e+01 7.186337e+00 2.965185e+01 2.498045e-01
4.365158e-05 2.861644e+01 7.238691e+00 2.951778e+01 2.529557e-01
4.466836e-05 2.846316e+01 7.288162e+00 2.938144e+01 2.560560e-01
4.570882e-05 2.830814e+01 7.334659e+00 2.924291e+01 2.591007e-01
4.677351e-05 2.815150e+01 7.378098e+00 2.910229e+01 2.620855e-01
4.786301e-05 2.799339e+01 7.418402e+00 2.895967e+01 2.650055e-01
4.897788e-05 2.783395e+01 7.455500e+00 2.881515e+01 2.678564e-01
5.011872e-05 2.767333e+01 7.489331e+00 2.866885e+01 2.706336e-01
5.128614e-05 2.751169e+01 7.519843e+00 2.852089e+01 2.733327e-01
5.248075e-05 2.734918e+01 7.546992e+00 2.837137e+01 2.759495e-01
5.370318e-05 2.718597e+01 7.570742e+00 2.822043e+01 2.784798e-01
5.495409e-05 2.702221e+01 7.591070e+00 2.806821e+01 2.809196e-01
5.623413e-05 2.685808e+01 7.607958e+00 2.791483e+01 2.832651e-01
5.754399e-05 2.669374e+01 7.621402e+00 2.776043e+01 2.855127e-01
5.888437e-05 2.652936e+01 7.631405e+00 2.760517e+01 2.876588e-01
6.025596e-05 2.636510e+01 7.637981e+00 2.744918e+01 2.897004e-01
6.165950e-05 2.620113e+01 7.641154e+00 2.729261e+01 2.916346e-01
6.309573e-05 2.603760e+01 7.640957e+00 2.713561e+01 2.934585e-01
6.456542e-05 2.587469e+01 7.637432e+00 2.697833e+01 2.951700e-01
6.606934e-05 2.571254e+01 7.630632e+00 2.682092e+01 2.967669e-01
6.760830e-05 2.555132e+01 7.620617e+00 2.666353e+01 2.982475e-01
6.918310e-05 2.539116e+01 7.607456e+00 2.650631e+01 2.996104e-01
7.079458e-05 2.523221e+01 7.591226e+00 2.634940e+01 3.008546e-01
7.244360e-05 2.507461e+01 7.572013e+00 2.619296e+01 3.019793e-01
7.413102e-05 2.491849e+01 7.549908e+00 2.603713e+01 3.029842e-01
7.585776e-05 2.476397e+01 7.525010e+00 2.588204e+01 3.038693e-01
7.762471e-05 2.461117e+01 7.497424e+00 2.572783e+01 3.046350e-01
7.943282e-05 2.446021e+01 7.467260e+00 2.557463e+01 3.052820e-01
8.128305e-05 2.431117e+01 7.434634e+00 2.542257e+01 3.058114e-01
8.317638e-05 2.416417e+01 7.399663e+00 2.527176e+01 3.062246e-01
8.511380e-05 2.401928e+01 7.362472e+00 2.512234e+01 3.065234e-01
8.709636e-05 2.387659e+01 7.323185e+00 2.497439e+01 3.067099e-01
8.912509e-05 2.373616e+01 7.281933e+00 2.482804e+01 3.067865e-01
9.120108e-05 2.359805e+01 7.238844e+00 2.468337e+01 3.067560e-01
9.332543e-05 2.346233e+01 7.194050e+00 2.454048e+01 3.066214e-01
9.549926e-05 2.332903e+01 7.147684e+00 2.439945e+01 3.063858e-01
9.772372e-05 2.319820e+01 7.099877e+00 2.426035e+01 3.060530e-01
1.000000e-04 2.306986e+01 7.050761e+00 2.412326e+01 3.056265e-01
1.023293e-04 2.294404e+01 7.000466e+00 2.398823e+01 3.051105e-01
1.047129e-04 2.282075e+01 6.949123e+00 2.385533e+01 3.045090e-01
1.071519e-04 2.270000e+01 6.896858e+00 2.372460e+01 3.038263e-01
1.096478e-04 2.258180e+01 6.843796e+00 2.359608e+01 3.030670e-01
1.122018e-04 2.246613e+01 6.790061e+00 2.346981e+01 3.022355e-01
1.148154e-04 2.235299e+01 6.735772e+00 2.334581e+01 3.013365e-01
1.174898e-04 2.224236e+01 6.681046e+00 2.322411e+01 3.003748e-01
1.202264e-04 2.213422e+01 6.625995e+00 2.310471e+01 2.993552e-01
1.230269e-04 2.202855e+01 6.570728e+00 2.298763e+01 2.982824e-01
1.258925e-04 2.192530e+01 6.515350e+00 2.287288e+01 2.971613e-01
1.288250e-04 2.182444e+01 6.459963e+00 2.276044e+01 2.959967e-01
1.318257e-04 2.172594e+01 6.404664e+00 2.265030e+01 2.947934e-01
1.348963e-04 2.162975e+01 6.349544e+00 2.254247e+01 2.935560e-01
1.380384e-04 2.153583e+01 6.294692e+00 2.243691e+01 2.922893e-01
1.412538e-04 2.144412e+01 6.240192e+00 2.233361e+01 2.909979e-01
1.445440e-04 2.135457e+01 6.186122e+00 2.223254e+01 2.896862e-01
1.479108e-04 2.126713e+01 6.132558e+00 2.213366e+01 2.883585e-01
1.513561e-04 2.118174e+01 6.079569e+00 2.203696e+01 2.870193e-01
1.548817e-04 2.109836e+01 6.027221e+00 2.194238e+01 2.856726e-01
1.584893e-04 2.101691e+01 5.975576e+00 2.184989e+01 2.843223e-01
1.621810e-04 2.093733e+01 5.924691e+00 2.175946e+01 2.829725e-01
1.659587e-04 2.085958e+01 5.874619e+00 2.167103e+01 2.816269e-01
1.698244e-04 2.078359e+01 5.825410e+00 2.158456e+01 2.802889e-01
1.737801e-04 2.070930e+01 5.777109e+00 2.150000e+01 2.789620e-01
1.778279e-04 2.063665e+01 5.729757e+00 2.141732e+01 2.776496e-01
1.819701e-04 2.056558e+01 5.683394e+00 2.133645e+01 2.763546e-01
1.862087e-04 2.049603e+01 5.638053e+00 2.125735e+01 2.750802e-01
1.905461e-04 2.042795e+01 5.593766e+00 2.117997e+01 2.738291e-01
1.949845e-04 2.036126e+01 5.550562e+00 2.110426e+01 2.726040e-01
1.995262e-04 2.029593e+01 5.508467e+00 2.103017e+01 2.714074e-01
2.041738e-04 2.023189e+01 5.467503e+00 2.095765e+01 2.702418e-01
2.089296e-04 2.016909e+01 5.427692e+00 2.088665e+01 2.691094e-01
2.137962e-04 2.010748e+01 5.389052e+00 2.081712e+01 2.680123e-01
2.187762e-04 2.004700e+01 5.351600e+00 2.074902e+01 2.669526e-01
2.238721e-04 1.998760e+01 5.315349e+00 2.068229e+01 2.659323e-01
2.290868e-04 1.992924e+01 5.280313e+00 2.061690e+01 2.649530e-01
2.344229e-04 1.987187e+01 5.246504e+00 2.055278e+01 2.640166e-01
2.398833e-04 1.981543e+01 5.213930e+00 2.048991e+01 2.631247e-01
2.454709e-04 1.975989e+01 5.182602e+00 2.042824e+01 2.622788e-01
2.511886e-04 1.970521e+01 5.152526e+00 2.036771e+01 2.614804e-01
2.570396e-04 1.965133e+01 5.123711e+00 2.030831e+01 2.607310e-01
2.630268e-04 1.959823e+01 5.096162e+00 2.024997e+01 2.600318e-01
2.691535e-04 1.954585e+01 5.069886e+00 2.019267e+01 2.593843e-01
2.754229e-04 1.949416e+01 5.044887e+00 2.013637e+01 2.587896e-01
2.818383e-04 1.944313e+01 5.021170e+00 2.008102e+01 2.582491e-01
2.884032e-04 1.939271e+01 4.998742e+00 2.002660e+01 2.577639e-01
2.951209e-04 1.934288e+01 4.977605e+00 1.997307e+01 2.573353e-01
3.019952e-04 1.929359e+01 4.957766e+00 1.992039e+01 2.569645e-01
3.090295e-04 1.924481e+01 4.939229e+00 1.986853e+01 2.566526e-01
3.162278e-04 1.919651e+01 4.921999e+00 1.981747e+01 2.564007e-01
3.235937e-04 1.914865e+01 4.906081e+00 1.976716e+01 2.562102e-01
3.311311e-04 1.910121e+01 4.891480e+00 1.971757e+01 2.560822e-01
3.388442e-04 1.905414e+01 4.878201e+00 1.966868e+01 2.560179e-01
3.467369e-04 1.900742e+01 4.866250e+00 1.962046e+01 2.560185e-01
3.548134e-04 1.896101e+01 4.855633e+00 1.957287e+01 2.560852e-01
3.630781e-04 1.891488e+01 4.846356e+00 1.952588e+01 2.562192e-01
3.715352e-04 1.886900e+01 4.838424e+00 1.947946e+01 2.564219e-01
3.801894e-04 1.882333e+01 4.831845e+00 1.943359e+01 2.566945e-01
3.890451e-04 1.877784e+01 4.826623e+00 1.938823e+01 2.570383e-01
3.981072e-04 1.873249e+01 4.822766e+00 1.934335e+01 2.574546e-01
4.073803e-04 1.868725e+01 4.820279e+00 1.929893e+01 2.579447e-01
4.168694e-04 1.864209e+01 4.819169e+00 1.925492e+01 2.585101e-01
4.265795e-04 1.859697e+01 4.819441e+00 1.921130e+01 2.591520e-01
4.365158e-04 1.855184e+01 4.821101e+00 1.916804e+01 2.598718e-01
4.466836e-04 1.850668e+01 4.824154e+00 1.912511e+01 2.606709e-01
4.570882e-04 1.846145e+01 4.828605e+00 1.908246e+01 2.615508e-01
4.677351e-04 1.841609e+01 4.834458e+00 1.904008e+01 2.625127e-01
4.786301e-04 1.837059e+01 4.841716e+00 1.899791e+01 2.635581e-01
4.897788e-04 1.832488e+01 4.850382e+00 1.895593e+01 2.646883e-01
5.011872e-04 1.827894e+01 4.860458e+00 1.891411e+01 2.659049e-01
5.128614e-04 1.823271e+01 4.871945e+00 1.887240e+01 2.672091e-01
5.248075e-04 1.818615e+01 4.884842e+00 1.883077e+01 2.686023e-01
5.370318e-04 1.813923e+01 4.899148e+00 1.878918e+01 2.700858e-01
5.495409e-04 1.809188e+01 4.914861e+00 1.874759e+01 2.716611e-01
5.623413e-04 1.804407e+01 4.931976e+00 1.870596e+01 2.733294e-01
5.754399e-04 1.799575e+01 4.950488e+00 1.866426e+01 2.750920e-01
5.888437e-04 1.794688e+01 4.970390e+00 1.862244e+01 2.769501e-01
6.025596e-04 1.789739e+01 4.991673e+00 1.858046e+01 2.789051e-01
6.165950e-04 1.784725e+01 5.014328e+00 1.853828e+01 2.809581e-01
6.309573e-04 1.779640e+01 5.038341e+00 1.849586e+01 2.831102e-01
6.456542e-04 1.774479e+01 5.063700e+00 1.845315e+01 2.853626e-01
6.606934e-04 1.769238e+01 5.090387e+00 1.841012e+01 2.877163e-01
6.760830e-04 1.763911e+01 5.118385e+00 1.836671e+01 2.901725e-01
6.918310e-04 1.758494e+01 5.147674e+00 1.832290e+01 2.927320e-01
7.079458e-04 1.752980e+01 5.178232e+00 1.827863e+01 2.953959e-01
7.244360e-04 1.747366e+01 5.210034e+00 1.823385e+01 2.981649e-01
7.413102e-04 1.741647e+01 5.243054e+00 1.818854e+01 3.010401e-01
7.585776e-04 1.735816e+01 5.277264e+00 1.814264e+01 3.040221e-01
7.762471e-04 1.729870e+01 5.312631e+00 1.809610e+01 3.071116e-01
7.943282e-04 1.723803e+01 5.349123e+00 1.804890e+01 3.103095e-01
8.128305e-04 1.717611e+01 5.386705e+00 1.800098e+01 3.136162e-01
8.317638e-04 1.711289e+01 5.425338e+00 1.795230e+01 3.170324e-01
8.511380e-04 1.704832e+01 5.464983e+00 1.790283e+01 3.205585e-01
8.709636e-04 1.698236e+01 5.505597e+00 1.785251e+01 3.241951e-01
8.912509e-04 1.691497e+01 5.547135e+00 1.780131e+01 3.279424e-01
9.120108e-04 1.684610e+01 5.589551e+00 1.774920e+01 3.318010e-01
9.332543e-04 1.677571e+01 5.632796e+00 1.769612e+01 3.357710e-01
9.549926e-04 1.670376e+01 5.676819e+00 1.764205e+01 3.398527e-01
9.772372e-04 1.663023e+01 5.721567e+00 1.758695e+01 3.440462e-01
1.000000e-03 1.655506e+01 5.766985e+00 1.753078e+01 3.483518e-01
1.023293e-03 1.647823e+01 5.813016e+00 1.747350e+01 3.527694e-01
1.047129e-03 1.639971e+01 5.859602e+00 1.741509e+01 3.572991e-01
1.071519e-03 1.631947e+01 5.906683e+00 1.735552e+01 3.619409e-01
1.096478e-03 1.623748e+01 5.954196e+00 1.729474e+01 3.666946e-01
1.122018e-03 1.615371e+01 6.002078e+00 1.723274e+01 3.715603e-01
1.148154e-03 1.606815e+01 6.050264e+00 1.716948e+01 3.765377e-01
1.174898e-03 1.598078e+01 6.098690e+00 1.710495e+01 3.816266e-01
1.202264e-03 1.589157e+01 6.147286e+00 1.703911e+01 3.868268e-01
1.230269e-03 1.580053e+01 6.195987e+00 1.697194e+01 3.921380e-01
1.258925e-03 1.570762e+01 6.244722e+00 1.690343e+01 3.975600e-01
1.288250e-03 1.561286e+01 6.293422e+00 1.683355e+01 4.030923e-01
1.318257e-03 1.551622e+01 6.342016e+00 1.676229e+01 4.087346e-01
1.348963e-03 1.541771e+01 6.390435e+00 1.668962e+01 4.144866e-01
1.380384e-03 1.531734e+01 6.438607e+00 1.661555e+01 4.203477e-01
1.412538e-03 1.521509e+01 6.486461e+00 1.654005e+01 4.263175e-01
1.445440e-03 1.511099e+01 6.533925e+00 1.646311e+01 4.323957e-01
1.479108e-03 1.500503e+01 6.580928e+00 1.638473e+01 4.385816e-01
1.513561e-03 1.489723e+01 6.627400e+00 1.630490e+01 4.448747e-01
1.548817e-03 1.478760e+01 6.673268e+00 1.622362e+01 4.512745e-01
1.584893e-03 1.467617e+01 6.718464e+00 1.614087e+01 4.577805e-01
1.621810e-03 1.456295e+01 6.762917e+00 1.605667e+01 4.643921e-01
1.659587e-03 1.444796e+01 6.806558e+00 1.597100e+01 4.711086e-01
1.698244e-03 1.433124e+01 6.849318e+00 1.588387e+01 4.779294e-01
1.737801e-03 1.421280e+01 6.891130e+00 1.579529e+01 4.848538e-01
1.778279e-03 1.409268e+01 6.931927e+00 1.570526e+01 4.918813e-01
1.819701e-03 1.397092e+01 6.971643e+00 1.561379e+01 4.990110e-01
1.862087e-03 1.384755e+01 7.010214e+00 1.552088e+01 5.062422e-01
1.905461e-03 1.372261e+01 7.047576e+00 1.542655e+01 5.135741e-01
1.949845e-03 1.359614e+01 7.083667e+00 1.533080e+01 5.210058e-01
1.995262e-03 1.346818e+01 7.118426e+00 1.523364e+01 5.285365e-01
2.041738e-03 1.333879e+01 7.151794e+00 1.513510e+01 5.361652e-01
2.089296e-03 1.320800e+01 7.183713e+00 1.503519e+01 5.438910e-01
2.137962e-03 1.307587e+01 7.214126e+00 1.493392e+01 5.517127e-01
2.187762e-03 1.294246e+01 7.242980e+00 1.483132e+01 5.596292e-01
2.238721e-03 1.280782e+01 7.270221e+00 1.472740e+01 5.676393e-01
2.290868e-03 1.267200e+01 7.295799e+00 1.462218e+01 5.757417e-01
2.344229e-03 1.253507e+01 7.319664e+00 1.451570e+01 5.839349e-01
2.398833e-03 1.239709e+01 7.341770e+00 1.440796e+01 5.922174e-01
2.454709e-03 1.225811e+01 7.362072e+00 1.429900e+01 6.005876e-01
2.511886e-03 1.211822e+01 7.380527e+00 1.418885e+01 6.090438e-01
2.570396e-03 1.197747e+01 7.397095e+00 1.407753e+01 6.175840e-01
2.630268e-03 1.183594e+01 7.411740e+00 1.396508e+01 6.262063e-01
2.691535e-03 1.169369e+01 7.424424e+00 1.385152e+01 6.349084e-01
2.754229e-03 1.155081e+01 7.435117e+00 1.373689e+01 6.436881e-01
2.818383e-03 1.140736e+01 7.443788e+00 1.362122e+01 6.525428e-01
2.884032e-03 1.126342e+01 7.450411e+00 1.350456e+01 6.614699e-01
2.951209e-03 1.111906e+01 7.454961e+00 1.338694e+01 6.704666e-01
3.019952e-03 1.097438e+01 7.457419e+00 1.326839e+01 6.795298e-01
3.090295e-03 1.082944e+01 7.457767e+00 1.314896e+01 6.886564e-01
3.162278e-03 1.068434e+01 7.455990e+00 1.302869e+01 6.978430e-01
3.235937e-03 1.053914e+01 7.452078e+00 1.290763e+01 7.070859e-01
3.311311e-03 1.039394e+01 7.446024e+00 1.278582e+01 7.163815e-01
3.388442e-03 1.024881e+01 7.437824e+00 1.266331e+01 7.257256e-01
3.467369e-03 1.010384e+01 7.427478e+00 1.254014e+01 7.351141e-01
3.548134e-03 9.959120e+00 7.414990e+00 1.241637e+01 7.445427e-01
3.630781e-03 9.814722e+00 7.400366e+00 1.229204e+01 7.540067e-01
3.715352e-03 9.670734e+00 7.383619e+00 1.216721e+01 7.635014e-01
3.801894e-03 9.527237e+00 7.364761e+00 1.204193e+01 7.730217e-01
3.890451e-03 9.384314e+00 7.343813e+00 1.191625e+01 7.825626e-01
3.981072e-03 9.242045e+00 7.320797e+00 1.179023e+01 7.921187e-01
4.073803e-03 9.100509e+00 7.295737e+00 1.166392e+01 8.016845e-01
4.168694e-03 8.959785e+00 7.268664e+00 1.153738e+01 8.112543e-01
4.265795e-03 8.819949e+00 7.239610e+00 1.141067e+01 8.208222e-01
4.365158e-03 8.681075e+00 7.208612e+00 1.128384e+01 8.303824e-01
4.466836e-03 8.543236e+00 7.175709e+00 1.115696e+01 8.399287e-01
4.570882e-03 8.406502e+00 7.140944e+00 1.103007e+01 8.494549e-01
4.677351e-03 8.270941e+00 7.104363e+00 1.090323e+01 8.589546e-01
4.786301e-03 8.136617e+00 7.066014e+00 1.077651e+01 8.684216e-01
4.897788e-03 8.003593e+00 7.025948e+00 1.064995e+01 8.778492e-01
5.011872e-03 7.871929e+00 6.984219e+00 1.052362e+01 8.872310e-01
5.128614e-03 7.741680e+00 6.940884e+00 1.039757e+01 8.965604e-01
5.248075e-03 7.612899e+00 6.895999e+00 1.027186e+01 9.058308e-01
5.370318e-03 7.485637e+00 6.849625e+00 1.014653e+01 9.150357e-01
5.495409e-03 7.359940e+00 6.801824e+00 1.002165e+01 9.241684e-01
5.623413e-03 7.235850e+00 6.752658e+00 9.897268e+00 9.332225e-01
5.754399e-03 7.113408e+00 6.702192e+00 9.773431e+00 9.421914e-01
5.888437e-03 6.992649e+00 6.650490e+00 9.650189e+00 9.510688e-01
6.025596e-03 6.873606e+00 6.597619e+00 9.527593e+00 9.598483e-01
6.165950e-03 6.756307e+00 6.543644e+00 9.405688e+00 9.685237e-01
6.309573e-03 6.640780e+00 6.488633e+00 9.284520e+00 9.770890e-01
6.456542e-03 6.527045e+00 6.432651e+00 9.164132e+00 9.855382e-01
6.606934e-03 6.415121e+00 6.375767e+00 9.044567e+00 9.938655e-01
6.760830e-03 6.305024e+00 6.318046e+00 8.925864e+00 1.002065e+00
6.918310e-03 6.196767e+00 6.259555e+00 8.808062e+00 1.010132e+00
7.079458e-03 6.090358e+00 6.200358e+00 8.691197e+00 1.018061e+00
7.244360e-03 5.985804e+00 6.140520e+00 8.575304e+00 1.025847e+00
7.413102e-03 5.883107e+00 6.080105e+00 8.460415e+00 1.033485e+00
7.585776e-03 5.782269e+00 6.019175e+00 8.346562e+00 1.040971e+00
7.762471e-03 5.683286e+00 5.957793e+00 8.233774e+00 1.048301e+00
7.943282e-03 5.586154e+00 5.896016e+00 8.122076e+00 1.055470e+00
8.128305e-03 5.490866e+00 5.833905e+00 8.011496e+00 1.062475e+00
8.317638e-03 5.397412e+00 5.771517e+00 7.902055e+00 1.069312e+00
8.511380e-03 5.305780e+00 5.708907e+00 7.793775e+00 1.075979e+00
8.709636e-03 5.215957e+00 5.646129e+00 7.686675e+00 1.082472e+00
8.912509e-03 5.127927e+00 5.583235e+00 7.580775e+00 1.088790e+00
9.120108e-03 5.041672e+00 5.520275e+00 7.476088e+00 1.094930e+00
9.332543e-03 4.957173e+00 5.457299e+00 7.372630e+00 1.100889e+00
9.549926e-03 4.874410e+00 5.394354e+00 7.270414e+00 1.106668e+00
9.772372e-03 4.793360e+00 5.331484e+00 7.169450e+00 1.112264e+00
1.000000e-02 4.714001e+00 5.268732e+00 7.069748e+00 1.117677e+00
1.023293e-02 4.636307e+00 5.206140e+00 6.971316e+00 1.122907e+00
1.047129e-02 4.560254e+00 5.143748e+00 6.874159e+00 1.127952e+00
1.071519e-02 4.485816e+00 5.081593e+00 6.778284e+00 1.132814e+00
1.096478e-02 4.412964e+00 5.019711e+00 6.683693e+00 1.137492e+00
1.122018e-02 4.341671e+00 4.958137e+00 6.590389e+00 1.141988e+00
1.148154e-02 4.271909e+00 4.896902e+00 6.498373e+00 1.146303e+00
1.174898e-02 4.203647e+00 4.836037e+00 6.407644e+00 1.150438e+00
1.202264e-02 4.136858e+00 4.775572e+00 6.318202e+00 1.154396e+00
1.230269e-02 4.071511e+00 4.715532e+00 6.230044e+00 1.158177e+00
1.258925e-02 4.007576e+00 4.655945e+00 6.143166e+00 1.161786e+00
1.288250e-02 3.945021e+00 4.596834e+00 6.057563e+00 1.165224e+00
1.318257e-02 3.883818e+00 4.538220e+00 5.973231e+00 1.168495e+00
1.348963e-02 3.823934e+00 4.480127e+00 5.890162e+00 1.171601e+00
1.380384e-02 3.765340e+00 4.422571e+00 5.808349e+00 1.174548e+00
1.412538e-02 3.708004e+00 4.365573e+00 5.727785e+00 1.177338e+00
1.445440e-02 3.651896e+00 4.309147e+00 5.648460e+00 1.179975e+00
1.479108e-02 3.596985e+00 4.253311e+00 5.570364e+00 1.182465e+00
1.513561e-02 3.543241e+00 4.198076e+00 5.493487e+00 1.184813e+00
1.548817e-02 3.490633e+00 4.143457e+00 5.417818e+00 1.187022e+00
1.584893e-02 3.439131e+00 4.089465e+00 5.343346e+00 1.189098e+00
1.621810e-02 3.388705e+00 4.036109e+00 5.270057e+00 1.191048e+00
1.659587e-02 3.339326e+00 3.983400e+00 5.197939e+00 1.192875e+00
1.698244e-02 3.290964e+00 3.931344e+00 5.126979e+00 1.194587e+00
1.737801e-02 3.243590e+00 3.879950e+00 5.057162e+00 1.196190e+00
1.778279e-02 3.197176e+00 3.829223e+00 4.988475e+00 1.197689e+00
1.819701e-02 3.151692e+00 3.779168e+00 4.920902e+00 1.199092e+00
1.862087e-02 3.107112e+00 3.729789e+00 4.854428e+00 1.200404e+00
1.905461e-02 3.063407e+00 3.681089e+00 4.789037e+00 1.201632e+00
1.949845e-02 3.020550e+00 3.633070e+00 4.724714e+00 1.202784e+00
1.995262e-02 2.978514e+00 3.585734e+00 4.661441e+00 1.203867e+00
2.041738e-02 2.937273e+00 3.539081e+00 4.599202e+00 1.204887e+00
2.089296e-02 2.896800e+00 3.493110e+00 4.537981e+00 1.205851e+00
2.137962e-02 2.857071e+00 3.447821e+00 4.477759e+00 1.206768e+00
2.187762e-02 2.818060e+00 3.403212e+00 4.418519e+00 1.207644e+00
2.238721e-02 2.779742e+00 3.359280e+00 4.360244e+00 1.208486e+00
2.290868e-02 2.742093e+00 3.316022e+00 4.302914e+00 1.209303e+00
2.344229e-02 2.705089e+00 3.273433e+00 4.246512e+00 1.210102e+00
2.398833e-02 2.668708e+00 3.231508e+00 4.191020e+00 1.210889e+00
2.454709e-02 2.632926e+00 3.190244e+00 4.136418e+00 1.211673e+00
2.511886e-02 2.597721e+00 3.149633e+00 4.082688e+00 1.212460e+00
2.570396e-02 2.563072e+00 3.109668e+00 4.029811e+00 1.213258e+00
2.630268e-02 2.528957e+00 3.070344e+00 3.977767e+00 1.214075e+00
2.691535e-02 2.495356e+00 3.031651e+00 3.926539e+00 1.214917e+00
2.754229e-02 2.462249e+00 2.993582e+00 3.876107e+00 1.215792e+00
2.818383e-02 2.429616e+00 2.956127e+00 3.826450e+00 1.216705e+00
2.884032e-02 2.397439e+00 2.919277e+00 3.777552e+00 1.217665e+00
2.951209e-02 2.365700e+00 2.883023e+00 3.729391e+00 1.218677e+00
3.019952e-02 2.334380e+00 2.847354e+00 3.681950e+00 1.219748e+00
3.090295e-02 2.303463e+00 2.812260e+00 3.635209e+00 1.220883e+00
3.162278e-02 2.272932e+00 2.777728e+00 3.589149e+00 1.222090e+00
3.235937e-02 2.242773e+00 2.743748e+00 3.543752e+00 1.223373e+00
3.311311e-02 2.212969e+00 2.710307e+00 3.498999e+00 1.224738e+00
3.388442e-02 2.183506e+00 2.677393e+00 3.454871e+00 1.226190e+00
3.467369e-02 2.154372e+00 2.644995e+00 3.411351e+00 1.227734e+00
3.548134e-02 2.125553e+00 2.613098e+00 3.368420e+00 1.229373e+00
3.630781e-02 2.097036e+00 2.581689e+00 3.326061e+00 1.231113e+00
3.715352e-02 2.068812e+00 2.550757e+00 3.284257e+00 1.232957e+00
3.801894e-02 2.040868e+00 2.520286e+00 3.242990e+00 1.234909e+00
3.890451e-02 2.013195e+00 2.490263e+00 3.202244e+00 1.236970e+00
3.981072e-02 1.985784e+00 2.460675e+00 3.162003e+00 1.239145e+00
4.073803e-02 1.958627e+00 2.431508e+00 3.122251e+00 1.241435e+00
4.168694e-02 1.931715e+00 2.402747e+00 3.082972e+00 1.243841e+00
4.265795e-02 1.905042e+00 2.374380e+00 3.044153e+00 1.246366e+00
4.365158e-02 1.878602e+00 2.346393e+00 3.005779e+00 1.249010e+00
4.466836e-02 1.852390e+00 2.318771e+00 2.967835e+00 1.251773e+00
4.570882e-02 1.826400e+00 2.291502e+00 2.930310e+00 1.254655e+00
4.677351e-02 1.800628e+00 2.264571e+00 2.893190e+00 1.257656e+00
4.786301e-02 1.775073e+00 2.237967e+00 2.856463e+00 1.260775e+00
4.897788e-02 1.749730e+00 2.211676e+00 2.820117e+00 1.264010e+00
5.011872e-02 1.724598e+00 2.185685e+00 2.784143e+00 1.267359e+00
5.128614e-02 1.699675e+00 2.159982e+00 2.748531e+00 1.270821e+00
5.248075e-02 1.674962e+00 2.134557e+00 2.713269e+00 1.274391e+00
5.370318e-02 1.650458e+00 2.109396e+00 2.678350e+00 1.278067e+00
5.495409e-02 1.626163e+00 2.084489e+00 2.643766e+00 1.281845e+00
5.623413e-02 1.602079e+00 2.059826e+00 2.609509e+00 1.285721e+00
5.754399e-02 1.578206e+00 2.035396e+00 2.575572e+00 1.289690e+00
5.888437e-02 1.554547e+00 2.011190e+00 2.541948e+00 1.293746e+00
6.025596e-02 1.531105e+00 1.987199e+00 2.508633e+00 1.297886e+00
6.165950e-02 1.507881e+00 1.963414e+00 2.475621e+00 1.302101e+00
6.309573e-02 1.484879e+00 1.939828e+00 2.442908e+00 1.306388e+00
6.456542e-02 1.462103e+00 1.916433e+00 2.410489e+00 1.310737e+00
6.606934e-02 1.439555e+00 1.893222e+00 2.378362e+00 1.315144e+00
6.760830e-02 1.417239e+00 1.870189e+00 2.346524e+00 1.319600e+00
6.918310e-02 1.395160e+00 1.847329e+00 2.314972e+00 1.324099e+00
7.079458e-02 1.373321e+00 1.824637e+00 2.283705e+00 1.328631e+00
7.244360e-02 1.351726e+00 1.802108e+00 2.252722e+00 1.333190e+00
7.413102e-02 1.330380e+00 1.779738e+00 2.222021e+00 1.337767e+00
7.585776e-02 1.309286e+00 1.757524e+00 2.191603e+00 1.342353e+00
7.762471e-02 1.288449e+00 1.735464e+00 2.161466e+00 1.346940e+00
7.943282e-02 1.267872e+00 1.713554e+00 2.131612e+00 1.351520e+00
8.128305e-02 1.247560e+00 1.691795e+00 2.102041e+00 1.356083e+00
8.317638e-02 1.227516e+00 1.670183e+00 2.072754e+00 1.360621e+00
8.511380e-02 1.207743e+00 1.648719e+00 2.043751e+00 1.365124e+00
8.709636e-02 1.188245e+00 1.627403e+00 2.015035e+00 1.369585e+00
8.912509e-02 1.169025e+00 1.606233e+00 1.986606e+00 1.373994e+00
9.120108e-02 1.150085e+00 1.585212e+00 1.958467e+00 1.378343e+00
9.332543e-02 1.131428e+00 1.564339e+00 1.930619e+00 1.382623e+00
9.549926e-02 1.113057e+00 1.543617e+00 1.903063e+00 1.386826e+00
9.772372e-02 1.094973e+00 1.523046e+00 1.875803e+00 1.390943e+00
1.000000e-01 1.077178e+00 1.502628e+00 1.848839e+00 1.394967e+00
1.023293e-01 1.059674e+00 1.482366e+00 1.822174e+00 1.398889e+00
1.047129e-01 1.042460e+00 1.462262e+00 1.795810e+00 1.402703e+00
1.071519e-01 1.025538e+00 1.442317e+00 1.769748e+00 1.406401e+00
1.096478e-01 1.008908e+00 1.422535e+00 1.743990e+00 1.409975e+00
1.122018e-01 9.925697e-01 1.402919e+00 1.718539e+00 1.413421e+00
1.148154e-01 9.765229e-01 1.383470e+00 1.693395e+00 1.416731e+00
1.174898e-01 9.607669e-01 1.364192e+00 1.668561e+00 1.419900e+00
1.202264e-01 9.453005e-01 1.345089e+00 1.644037e+00 1.422922e+00
1.230269e-01 9.301223e-01 1.326162e+00 1.619825e+00 1.425793e+00
1.258925e-01 9.152306e-01 1.307414e+00 1.595926e+00 1.428508e+00
1.288250e-01 9.006234e-01 1.288850e+00 1.572341e+00 1.431064e+00
1.318257e-01 8.862983e-01 1.270470e+00 1.549070e+00 1.433457e+00
1.348963e-01 8.722528e-01 1.252279e+00 1.526115e+00 1.435683e+00
1.380384e-01 8.584841e-01 1.234279e+00 1.503475e+00 1.437742e+00
1.412538e-01 8.449889e-01 1.216472e+00 1.481151e+00 1.439630e+00
1.445440e-01 8.317640e-01 1.198860e+00 1.459143e+00 1.441347e+00
1.479108e-01 8.188059e-01 1.181448e+00 1.437450e+00 1.442891e+00
1.513561e-01 8.061106e-01 1.164235e+00 1.416071e+00 1.444262e+00
1.548817e-01 7.936744e-01 1.147225e+00 1.395007e+00 1.445461e+00
1.584893e-01 7.814931e-01 1.130420e+00 1.374256e+00 1.446487e+00
1.621810e-01 7.695624e-01 1.113820e+00 1.353817e+00 1.447342e+00
1.659587e-01 7.578778e-01 1.097428e+00 1.333689e+00 1.448028e+00
1.698244e-01 7.464348e-01 1.081245e+00 1.313871e+00 1.448546e+00
1.737801e-01 7.352289e-01 1.065273e+00 1.294360e+00 1.448900e+00
1.778279e-01 7.242551e-01 1.049511e+00 1.275155e+00 1.449091e+00
1.819701e-01 7.135087e-01 1.033962e+00 1.256253e+00 1.449123e+00
1.862087e-01 7.029847e-01 1.018626e+00 1.237653e+00 1.449001e+00
1.905461e-01 6.926784e-01 1.003502e+00 1.219352e+00 1.448728e+00
1.949845e-01 6.825845e-01 9.885925e-01 1.201348e+00 1.448308e+00
1.995262e-01 6.726982e-01 9.738963e-01 1.183637e+00 1.447746e+00
2.041738e-01 6.630144e-01 9.594136e-01 1.166217e+00 1.447048e+00
2.089296e-01 6.535281e-01 9.451442e-01 1.149085e+00 1.446218e+00
2.137962e-01 6.442342e-01 9.310876e-01 1.132238e+00 1.445262e+00
2.187762e-01 6.351279e-01 9.172432e-01 1.115671e+00 1.444187e+00
2.238721e-01 6.262040e-01 9.036104e-01 1.099383e+00 1.442997e+00
2.290868e-01 6.174578e-01 8.901881e-01 1.083369e+00 1.441699e+00
2.344229e-01 6.088843e-01 8.769754e-01 1.067626e+00 1.440299e+00
2.398833e-01 6.004788e-01 8.639710e-01 1.052150e+00 1.438804e+00
2.454709e-01 5.922364e-01 8.511736e-01 1.036938e+00 1.437219e+00
2.511886e-01 5.841525e-01 8.385818e-01 1.021985e+00 1.435553e+00
2.570396e-01 5.762226e-01 8.261939e-01 1.007288e+00 1.433810e+00
2.630268e-01 5.684421e-01 8.140083e-01 9.928423e-01 1.431999e+00
2.691535e-01 5.608066e-01 8.020231e-01 9.786445e-01 1.430124e+00
2.754229e-01 5.533117e-01 7.902364e-01 9.646903e-01 1.428194e+00
2.818383e-01 5.459533e-01 7.786463e-01 9.509758e-01 1.426214e+00
2.884032e-01 5.387272e-01 7.672506e-01 9.374969e-01 1.424191e+00
2.951209e-01 5.316293e-01 7.560471e-01 9.242494e-01 1.422132e+00
3.019952e-01 5.246559e-01 7.450336e-01 9.112293e-01 1.420042e+00
3.090295e-01 5.178029e-01 7.342079e-01 8.984326e-01 1.417929e+00
3.162278e-01 5.110669e-01 7.235674e-01 8.858551e-01 1.415798e+00
3.235937e-01 5.044440e-01 7.131099e-01 8.734927e-01 1.413655e+00
3.311311e-01 4.979310e-01 7.028329e-01 8.613416e-01 1.411507e+00
3.388442e-01 4.915243e-01 6.927339e-01 8.493976e-01 1.409358e+00
3.467369e-01 4.852207e-01 6.828103e-01 8.376569e-01 1.407216e+00
3.548134e-01 4.790170e-01 6.730597e-01 8.261154e-01 1.405085e+00
3.630781e-01 4.729102e-01 6.634793e-01 8.147692e-01 1.402971e+00
3.715352e-01 4.668973e-01 6.540668e-01 8.036146e-01 1.400879e+00
3.801894e-01 4.609754e-01 6.448194e-01 7.926477e-01 1.398815e+00
3.890451e-01 4.551418e-01 6.357347e-01 7.818648e-01 1.396784e+00
3.981072e-01 4.493938e-01 6.268099e-01 7.712622e-01 1.394790e+00
4.073803e-01 4.437287e-01 6.180425e-01 7.608362e-01 1.392839e+00
4.168694e-01 4.381442e-01 6.094300e-01 7.505833e-01 1.390935e+00
4.265795e-01 4.326378e-01 6.009698e-01 7.404999e-01 1.389083e+00
4.365158e-01 4.272072e-01 5.926592e-01 7.305826e-01 1.387288e+00
4.466836e-01 4.218501e-01 5.844959e-01 7.208280e-01 1.385554e+00
4.570882e-01 4.165643e-01 5.764772e-01 7.112326e-01 1.383885e+00
4.677351e-01 4.113478e-01 5.686007e-01 7.017933e-01 1.382287e+00
4.786301e-01 4.061986e-01 5.608639e-01 6.925068e-01 1.380763e+00
4.897788e-01 4.011145e-01 5.532644e-01 6.833699e-01 1.379318e+00
5.011872e-01 3.960939e-01 5.457997e-01 6.743795e-01 1.377955e+00
5.128614e-01 3.911347e-01 5.384674e-01 6.655325e-01 1.376680e+00
5.248075e-01 3.862353e-01 5.312651e-01 6.568259e-01 1.375496e+00
5.370318e-01 3.813939e-01 5.241905e-01 6.482569e-01 1.374407e+00
5.495409e-01 3.766088e-01 5.172413e-01 6.398224e-01 1.373418e+00
5.623413e-01 3.718783e-01 5.104151e-01 6.315197e-01 1.372533e+00
5.754399e-01 3.672010e-01 5.037097e-01 6.233458e-01 1.371755e+00
5.888437e-01 3.625752e-01 4.971228e-01 6.152982e-01 1.371089e+00
6.025596e-01 3.579996e-01 4.906522e-01 6.073741e-01 1.370538e+00
6.165950e-01 3.534725e-01 4.842956e-01 5.995707e-01 1.370108e+00
6.309573e-01 3.489927e-01 4.780509e-01 5.918856e-01 1.369802e+00
6.456542e-01 3.445588e-01 4.719159e-01 5.843162e-01 1.369624e+00
6.606934e-01 3.401694e-01 4.658885e-01 5.768599e-01 1.369578e+00
6.760830e-01 3.358233e-01 4.599665e-01 5.695142e-01 1.369668e+00
6.918310e-01 3.315191e-01 4.541478e-01 5.622768e-01 1.369899e+00
7.079458e-01 3.272558e-01 4.484304e-01 5.551452e-01 1.370275e+00
7.244360e-01 3.230321e-01 4.428121e-01 5.481171e-01 1.370799e+00
7.413102e-01 3.188469e-01 4.372909e-01 5.411901e-01 1.371476e+00
7.585776e-01 3.146991e-01 4.318648e-01 5.343620e-01 1.372310e+00
7.762471e-01 3.105877e-01 4.265318e-01 5.276306e-01 1.373306e+00
7.943282e-01 3.065115e-01 4.212898e-01 5.209937e-01 1.374467e+00
8.128305e-01 3.024697e-01 4.161369e-01 5.144491e-01 1.375797e+00
8.317638e-01 2.984613e-01 4.110711e-01 5.079947e-01 1.377301e+00
8.511380e-01 2.944853e-01 4.060905e-01 5.016284e-01 1.378984e+00
8.709636e-01 2.905409e-01 4.011931e-01 4.953483e-01 1.380849e+00
8.912509e-01 2.866272e-01 3.963771e-01 4.891522e-01 1.382901e+00
9.120108e-01 2.827434e-01 3.916404e-01 4.830384e-01 1.385144e+00
9.332543e-01 2.788888e-01 3.869814e-01 4.770048e-01 1.387583e+00
9.549926e-01 2.750626e-01 3.823980e-01 4.710496e-01 1.390222e+00
9.772372e-01 2.712641e-01 3.778885e-01 4.651709e-01 1.393065e+00
1.000000e+00 2.674927e-01 3.734511e-01 4.593670e-01 1.396117e+00
1.023293e+00 2.637476e-01 3.690840e-01 4.536362e-01 1.399383e+00
1.047129e+00 2.600284e-01 3.647853e-01 4.479767e-01 1.402867e+00
1.071519e+00 2.563344e-01 3.605534e-01 4.423868e-01 1.406575e+00
1.096478e+00 2.526650e-01 3.563865e-01 4.368650e-01 1.410510e+00
1.122018e+00 2.490199e-01 3.522830e-01 4.314095e-01 1.414678e+00
1.148154e+00 2.453985e-01 3.482410e-01 4.260190e-01 1.419084e+00
1.174898e+00 2.418003e-01 3.442590e-01 4.206919e-01 1.423732e+00
1.202264e+00 2.382251e-01 3.403353e-01 4.154267e-01 1.428629e+00
1.230269e+00 2.346722e-01 3.364684e-01 4.102219e-01 1.433780e+00
1.258925e+00 2.311415e-01 3.326565e-01 4.050762e-01 1.439190e+00
1.288250e+00 2.276326e-01 3.288982e-01 3.999883e-01 1.444864e+00
1.318257e+00 2.241451e-01 3.251918e-01 3.949567e-01 1.450809e+00
1.348963e+00 2.206789e-01 3.215360e-01 3.899802e-01 1.457031e+00
1.380384e+00 2.172336e-01 3.179291e-01 3.850576e-01 1.463535e+00
1.412538e+00 2.138091e-01 3.143696e-01 3.801876e-01 1.470329e+00
1.445440e+00 2.104050e-01 3.108562e-01 3.753690e-01 1.477418e+00
1.479108e+00 2.070214e-01 3.073874e-01 3.706007e-01 1.484810e+00
1.513561e+00 2.036579e-01 3.039617e-01 3.658815e-01 1.492512e+00
1.548817e+00 2.003145e-01 3.005779e-01 3.612104e-01 1.500530e+00
1.584893e+00 1.969911e-01 2.972344e-01 3.565863e-01 1.508873e+00
1.621810e+00 1.936875e-01 2.939300e-01 3.520081e-01 1.517547e+00
1.659587e+00 1.904038e-01 2.906633e-01 3.474749e-01 1.526562e+00
1.698244e+00 1.871399e-01 2.874331e-01 3.429856e-01 1.535926e+00
1.737801e+00 1.838959e-01 2.842379e-01 3.385393e-01 1.545646e+00
1.778279e+00 1.806716e-01 2.810767e-01 3.341352e-01 1.555733e+00
1.819701e+00 1.774671e-01 2.779481e-01 3.297722e-01 1.566194e+00
1.862087e+00 1.742826e-01 2.748508e-01 3.254496e-01 1.577041e+00
1.905461e+00 1.711181e-01 2.717838e-01 3.211664e-01 1.588282e+00
1.949845e+00 1.679737e-01 2.687458e-01 3.169219e-01 1.599928e+00
1.995262e+00 1.648496e-01 2.657357e-01 3.127153e-01 1.611989e+00
2.041738e+00 1.617458e-01 2.627523e-01 3.085457e-01 1.624476e+00
2.089296e+00 1.586627e-01 2.597945e-01 3.044126e-01 1.637401e+00
2.137962e+00 1.556004e-01 2.568612e-01 3.003151e-01 1.650775e+00
2.187762e+00 1.525592e-01 2.539515e-01 2.962527e-01 1.664610e+00
2.238721e+00 1.495392e-01 2.510641e-01 2.922245e-01 1.678918e+00
2.290868e+00 1.465409e-01 2.481982e-01 2.882301e-01 1.693713e+00
2.344229e+00 1.435645e-01 2.453527e-01 2.842687e-01 1.709007e+00
2.398833e+00 1.406104e-01 2.425267e-01 2.803399e-01 1.724813e+00
2.454709e+00 1.376789e-01 2.397193e-01 2.764431e-01 1.741147e+00
2.511886e+00 1.347705e-01 2.369295e-01 2.725778e-01 1.758023e+00
2.570396e+00 1.318855e-01 2.341566e-01 2.687435e-01 1.775454e+00
2.630268e+00 1.290244e-01 2.313996e-01 2.649398e-01 1.793457e+00
2.691535e+00 1.261876e-01 2.286579e-01 2.611661e-01 1.812047e+00
2.754229e+00 1.233757e-01 2.259306e-01 2.574222e-01 1.831240e+00
2.818383e+00 1.205892e-01 2.232171e-01 2.537077e-01 1.851054e+00
2.884032e+00 1.178285e-01 2.205166e-01 2.500222e-01 1.871504e+00
2.951209e+00 1.150943e-01 2.178285e-01 2.463655e-01 1.892609e+00
3.019952e+00 1.123871e-01 2.151523e-01 2.427373e-01 1.914386e+00
3.090295e+00 1.097075e-01 2.124874e-01 2.391373e-01 1.936854e+00
3.162278e+00 1.070561e-01 2.098334e-01 2.355654e-01 1.960032e+00
3.235937e+00 1.044334e-01 2.071896e-01 2.320213e-01 1.983939e+00
3.311311e+00 1.018402e-01 2.045559e-01 2.285050e-01 2.008595e+00
3.388442e+00 9.927710e-02 2.019317e-01 2.250163e-01 2.034021e+00
3.467369e+00 9.674464e-02 1.993168e-01 2.215552e-01 2.060236e+00
3.548134e+00 9.424351e-02 1.967109e-01 2.181216e-01 2.087263e+00
3.630781e+00 9.177435e-02 1.941139e-01 2.147155e-01 2.115122e+00
3.715352e+00 8.933779e-02 1.915256e-01 2.113370e-01 2.143837e+00
3.801894e+00 8.693448e-02 1.889459e-01 2.079860e-01 2.173429e+00
3.890451e+00 8.456503e-02 1.863748e-01 2.046626e-01 2.203922e+00
3.981072e+00 8.223005e-02 1.838121e-01 2.013670e-01 2.235340e+00
4.073803e+00 7.993016e-02 1.812581e-01 1.980993e-01 2.267707e+00
4.168694e+00 7.766592e-02 1.787129e-01 1.948597e-01 2.301046e+00
4.265795e+00 7.543791e-02 1.761765e-01 1.916482e-01 2.335384e+00
4.365158e+00 7.324666e-02 1.736492e-01 1.884651e-01 2.370745e+00
4.466836e+00 7.109268e-02 1.711312e-01 1.853107e-01 2.407156e+00
4.570882e+00 6.897646e-02 1.686228e-01 1.821851e-01 2.444643e+00
4.677351e+00 6.689845e-02 1.661245e-01 1.790886e-01 2.483233e+00
4.786301e+00 6.485907e-02 1.636365e-01 1.760216e-01 2.522954e+00
4.897788e+00 6.285869e-02 1.611592e-01 1.729841e-01 2.563834e+00
5.011872e+00 6.089766e-02 1.586932e-01 1.699766e-01 2.605900e+00
5.128614e+00 5.897628e-02 1.562389e-01 1.669994e-01 2.649182e+00
5.248075e+00 5.709482e-02 1.537969e-01 1.640527e-01 2.693710e+00
5.370318e+00 5.525347e-02 1.513676e-01 1.611369e-01 2.739513e+00
5.495409e+00 5.345241e-02 1.489517e-01 1.582522e-01 2.786622e+00
5.623413e+00 5.169176e-02 1.465497e-01 1.553990e-01 2.835069e+00
5.754399e+00 4.997159e-02 1.441622e-01 1.525776e-01 2.884884e+00
5.888437e+00 4.829193e-02 1.417899e-01 1.497882e-01 2.936100e+00
6.025596e+00 4.665275e-02 1.394334e-01 1.470312e-01 2.988751e+00
6.165950e+00 4.505399e-02 1.370933e-01 1.443068e-01 3.042868e+00
6.309573e+00 4.349552e-02 1.347703e-01 1.416153e-01 3.098487e+00
6.456542e+00 4.197718e-02 1.324649e-01 1.389570e-01 3.155642e+00
6.606934e+00 4.049876e-02 1.301779e-01 1.363321e-01 3.214368e+00
6.760830e+00 3.906000e-02 1.279098e-01 1.337408e-01 3.274701e+00
6.918310e+00 3.766060e-02 1.256613e-01 1.311834e-01 3.336678e+00
7.079458e+00 3.630021e-02 1.234330e-01 1.286600e-01 3.400337e+00
7.244360e+00 3.497846e-02 1.212254e-01 1.261708e-01 3.465715e+00
7.413102e+00 3.369491e-02 1.190391e-01 1.237160e-01 3.532851e+00
7.585776e+00 3.244911e-02 1.168747e-01 1.212957e-01 3.601785e+00
7.762471e+00 3.124056e-02 1.147328e-01 1.189100e-01 3.672558e+00
7.943282e+00 3.006874e-02 1.126137e-01 1.165589e-01 3.745210e+00
8.128305e+00 2.893308e-02 1.105181e-01 1.142426e-01 3.819783e+00
8.317638e+00 2.783300e-02 1.084463e-01 1.119611e-01 3.896321e+00
8.511380e+00 2.676789e-02 1.063988e-01 1.097143e-01 3.974867e+00
8.709636e+00 2.573712e-02 1.043760e-01 1.075023e-01 4.055466e+00
8.912509e+00 2.474003e-02 1.023783e-01 1.053251e-01 4.138164e+00
9.120108e+00 2.377593e-02 1.004060e-01 1.031826e-01 4.223008e+00
9.332543e+00 2.284416e-02 9.845933e-02 1.010747e-01 4.310044e+00
9.549926e+00 2.194399e-02 9.653870e-02 9.900131e-02 4.399322e+00
9.772372e+00 2.107472e-02 9.464431e-02 9.696231e-02 4.490892e+00
1.000000e+01 2.023562e-02 9.277638e-02 9.495756e-02 4.584805e+00
