1.000000e-06 8.651466e+01 1.173088e+00 8.652262e+01 1.355941e-02
1.023293e-06 8.651372e+01 1.200395e+00 8.652205e+01 1.387520e-02
1.047129e-06 8.651273e+01 1.228338e+00 8.652145e+01 1.419835e-02
1.071519e-06 8.651170e+01 1.256930e+00 8.652083e+01 1.452902e-02
1.096478e-06 8.651062e+01 1.286187e+00 8.652018e+01 1.486739e-02
1.122018e-06 8.650948e+01 1.316124e+00 8.651949e+01 1.521364e-02
1.148154e-06 8.650829e+01 1.346757e+00 8.651878e+01 1.556795e-02
1.174898e-06 8.650705e+01 1.378101e+00 8.651803e+01 1.593051e-02
1.202264e-06 8.650575e+01 1.410174e+00 8.651724e+01 1.630151e-02
1.230269e-06 8.650438e+01 1.442992e+00 8.651642e+01 1.668114e-02
1.258925e-06 8.650296e+01 1.476572e+00 8.651556e+01 1.706962e-02
1.288250e-06 8.650146e+01 1.510932e+00 8.651466e+01 1.746713e-02
1.318257e-06 8.649990e+01 1.546090e+00 8.651371e+01 1.787390e-02
1.348963e-06 8.649826e+01 1.582065e+00 8.651272e+01 1.829014e-02
1.380384e-06 8.649654e+01 1.618874e+00 8.651169e+01 1.871606e-02
1.412538e-06 8.649474e+01 1.656538e+00 8.651061e+01 1.915190e-02
1.445440e-06 8.649286e+01 1.695077e+00 8.650947e+01 1.959788e-02
1.479108e-06 8.649089e+01 1.734509e+00 8.650828e+01 2.005424e-02
1.513561e-06 8.648883e+01 1.774857e+00 8.650704e+01 2.052122e-02
1.548817e-06 8.648667e+01 1.816140e+00 8.650574e+01 2.099907e-02
1.584893e-06 8.648441e+01 1.858380e+00 8.650437e+01 2.148804e-02
1.621810e-06 8.648204e+01 1.901601e+00 8.650294e+01 2.198839e-02
1.659587e-06 8.647956e+01 1.945823e+00 8.650145e+01 2.250038e-02
1.698244e-06 8.647696e+01 1.991070e+00 8.649988e+01 2.302428e-02
1.737801e-06 8.647425e+01 2.037365e+00 8.649824e+01 2.356037e-02
1.778279e-06 8.647140e+01 2.084733e+00 8.649653e+01 2.410893e-02
1.819701e-06 8.646842e+01 2.133198e+00 8.649473e+01 2.467025e-02
1.862087e-06 8.646530e+01 2.182785e+00 8.649285e+01 2.524463e-02
1.905461e-06 8.646203e+01 2.233520e+00 8.649088e+01 2.583238e-02
1.949845e-06 8.645861e+01 2.285429e+00 8.648881e+01 2.643379e-02
1.995262e-06 8.645503e+01 2.338538e+00 8.648665e+01 2.704919e-02
2.041738e-06 8.645128e+01 2.392876e+00 8.648439e+01 2.767889e-02
2.089296e-06 8.644736e+01 2.448470e+00 8.648202e+01 2.832325e-02
2.137962e-06 8.644325e+01 2.505348e+00 8.647955e+01 2.898258e-02
2.187762e-06 8.643894e+01 2.563541e+00 8.647695e+01 2.965725e-02
2.238721e-06 8.643444e+01 2.623077e+00 8.647423e+01 3.034759e-02
2.290868e-06 8.642972e+01 2.683988e+00 8.647138e+01 3.105399e-02
2.344229e-06 8.642478e+01 2.746304e+00 8.646841e+01 3.177681e-02
2.398833e-06 8.641961e+01 2.810056e+00 8.646529e+01 3.251642e-02
2.454709e-06 8.641420e+01 2.875279e+00 8.646202e+01 3.327322e-02
2.511886e-06 8.640853e+01 2.942004e+00 8.645860e+01 3.404761e-02
2.570396e-06 8.640260e+01 3.010265e+00 8.645502e+01 3.483999e-02
2.630268e-06 8.639638e+01 3.080098e+00 8.645127e+01 3.565077e-02
2.691535e-06 8.638988e+01 3.151537e+00 8.644735e+01 3.648039e-02
2.754229e-06 8.638307e+01 3.224618e+00 8.644324e+01 3.732928e-02
2.818383e-06 8.637594e+01 3.299378e+00 8.643893e+01 3.819788e-02
2.884032e-06 8.636848e+01 3.375854e+00 8.643443e+01 3.908664e-02
2.951209e-06 8.636067e+01 3.454085e+00 8.642971e+01 3.999604e-02
3.019952e-06 8.635249e+01 3.534109e+00 8.642478e+01 4.092655e-02
3.090295e-06 8.634393e+01 3.615967e+00 8.641961e+01 4.187865e-02
3.162278e-06 8.633496e+01 3.699698e+00 8.641420e+01 4.285284e-02
3.235937e-06 8.632558e+01 3.785345e+00 8.640853e+01 4.384963e-02
3.311311e-06 8.631576e+01 3.872948e+00 8.640260e+01 4.486954e-02
3.388442e-06 8.630548e+01 3.962552e+00 8.639640e+01 4.591310e-02
3.467369e-06 8.629471e+01 4.054200e+00 8.638990e+01 4.698086e-02
3.548134e-06 8.628345e+01 4.147935e+00 8.638309e+01 4.807336e-02
3.630781e-06 8.627165e+01 4.243805e+00 8.637597e+01 4.919119e-02
3.715352e-06 8.625931e+01 4.341854e+00 8.636851e+01 5.033491e-02
3.801894e-06 8.624639e+01 4.442131e+00 8.636071e+01 5.150512e-02
3.890451e-06 8.623286e+01 4.544682e+00 8.635254e+01 5.270243e-02
3.981072e-06 8.621871e+01 4.649556e+00 8.634399e+01 5.392746e-02
4.073803e-06 8.620389e+01 4.756804e+00 8.633503e+01 5.518085e-02
4.168694e-06 8.618838e+01 4.866474e+00 8.632566e+01 5.646323e-02
4.265795e-06 8.617215e+01 4.978619e+00 8.631585e+01 5.777527e-02
4.365158e-06 8.615517e+01 5.093290e+00 8.630559e+01 5.911764e-02
4.466836e-06 8.613739e+01 5.210541e+00 8.629484e+01 6.049104e-02
4.570882e-06 8.611878e+01 5.330424e+00 8.628359e+01 6.189618e-02
4.677351e-06 8.609931e+01 5.452994e+00 8.627182e+01 6.333377e-02
4.786301e-06 8.607894e+01 5.578306e+00 8.625950e+01 6.480454e-02
4.897788e-06 8.605762e+01 5.706417e+00 8.624660e+01 6.630926e-02
5.011872e-06 8.603530e+01 5.837382e+00 8.623311e+01 6.784869e-02
5.128614e-06 8.601196e+01 5.971260e+00 8.621898e+01 6.942360e-02
5.248075e-06 8.598753e+01 6.108108e+00 8.620420e+01 7.103482e-02
5.370318e-06 8.596197e+01 6.247986e+00 8.618873e+01 7.268314e-02
5.495409e-06 8.593522e+01 6.390952e+00 8.617254e+01 7.436941e-02
5.623413e-06 8.590724e+01 6.537067e+00 8.615560e+01 7.609448e-02
5.754399e-06 8.587797e+01 6.686391e+00 8.613787e+01 7.785922e-02
5.888437e-06 8.584734e+01 6.838986e+00 8.611932e+01 7.966451e-02
6.025596e-06 8.581530e+01 6.994913e+00 8.609991e+01 8.151126e-02
6.165950e-06 8.578179e+01 7.154235e+00 8.607961e+01 8.340039e-02
6.309573e-06 8.574674e+01 7.317014e+00 8.605836e+01 8.533286e-02
6.456542e-06 8.571007e+01 7.483313e+00 8.603613e+01 8.730961e-02
6.606934e-06 8.567172e+01 7.653194e+00 8.601288e+01 8.933163e-02
6.760830e-06 8.563161e+01 7.826722e+00 8.598855e+01 9.139991e-02
6.918310e-06 8.558967e+01 8.003959e+00 8.596310e+01 9.351548e-02
7.079458e-06 8.554580e+01 8.184969e+00 8.593648e+01 9.567938e-02
7.244360e-06 8.549994e+01 8.369816e+00 8.590863e+01 9.789266e-02
7.413102e-06 8.545198e+01 8.558562e+00 8.587950e+01 1.001564e-01
7.585776e-06 8.540183e+01 8.751271e+00 8.584904e+01 1.024717e-01
7.762471e-06 8.534941e+01 8.948004e+00 8.581718e+01 1.048397e-01
7.943282e-06 8.529461e+01 9.148824e+00 8.578387e+01 1.072615e-01
8.128305e-06 8.523733e+01 9.353793e+00 8.574903e+01 1.097382e-01
8.317638e-06 8.517746e+01 9.562970e+00 8.571260e+01 1.122711e-01
8.511380e-06 8.511488e+01 9.776415e+00 8.567451e+01 1.148614e-01
8.709636e-06 8.504949e+01 9.994186e+00 8.563469e+01 1.175102e-01
8.912509e-06 8.498116e+01 1.021634e+01 8.559305e+01 1.202189e-01
9.120108e-06 8.490976e+01 1.044293e+01 8.554953e+01 1.229886e-01
9.332543e-06 8.483517e+01 1.067402e+01 8.550404e+01 1.258207e-01
9.549926e-06 8.475726e+01 1.090965e+01 8.545650e+01 1.287164e-01
9.772372e-06 8.467587e+01 1.114987e+01 8.540681e+01 1.316771e-01
1.000000e-05 8.459087e+01 1.139474e+01 8.535488e+01 1.347041e-01
1.023293e-05 8.450211e+01 1.164429e+01 8.530062e+01 1.377988e-01
1.047129e-05 8.440943e+01 1.189856e+01 8.524393e+01 1.409625e-01
1.071519e-05 8.431268e+01 1.215761e+01 8.518471e+01 1.441966e-01
1.096478e-05 8.421168e+01 1.242145e+01 8.512285e+01 1.475027e-01
1.122018e-05 8.410627e+01 1.269012e+01 8.505824e+01 1.508820e-01
1.148154e-05 8.399626e+01 1.296365e+01 8.499076e+01 1.543360e-01
1.174898e-05 8.388149e+01 1.324205e+01 8.492029e+01 1.578662e-01
1.202264e-05 8.376175e+01 1.352535e+01 8.484672e+01 1.614741e-01
1.230269e-05 8.363686e+01 1.381356e+01 8.476992e+01 1.651612e-01
1.258925e-05 8.350662e+01 1.410668e+01 8.468975e+01 1.689289e-01
1.288250e-05 8.337081e+01 1.440471e+01 8.460608e+01 1.727788e-01
1.318257e-05 8.322924e+01 1.470764e+01 8.451877e+01 1.767124e-01
1.348963e-05 8.308169e+01 1.501546e+01 8.442767e+01 1.807313e-01
1.380384e-05 8.292794e+01 1.532815e+01 8.433264e+01 1.848370e-01
1.412538e-05 8.276775e+01 1.564567e+01 8.423353e+01 1.890310e-01
1.445440e-05 8.260090e+01 1.596799e+01 8.413017e+01 1.933149e-01
1.479108e-05 8.242715e+01 1.629505e+01 8.402240e+01 1.976903e-01
1.513561e-05 8.224627e+01 1.662680e+01 8.391006e+01 2.021587e-01
1.548817e-05 8.205800e+01 1.696316e+01 8.379298e+01 2.067216e-01
1.584893e-05 8.186209e+01 1.730407e+01 8.367098e+01 2.113807e-01
1.621810e-05 8.165830e+01 1.764942e+01 8.354388e+01 2.161375e-01
1.659587e-05 8.144637e+01 1.799912e+01 8.341150e+01 2.209935e-01
1.698244e-05 8.122603e+01 1.835304e+01 8.327365e+01 2.259502e-01
1.737801e-05 8.099702e+01 1.871105e+01 8.313015e+01 2.310091e-01
1.778279e-05 8.075909e+01 1.907302e+01 8.298078e+01 2.361718e-01
1.819701e-05 8.051195e+01 1.943878e+01 8.282536e+01 2.414396e-01
1.862087e-05 8.025536e+01 1.980816e+01 8.266369e+01 2.468141e-01
1.905461e-05 7.998904e+01 2.018097e+01 8.249556e+01 2.522966e-01
1.949845e-05 7.971272e+01 2.055700e+01 8.232076e+01 2.578886e-01
1.995262e-05 7.942614e+01 2.093603e+01 8.213909e+01 2.635912e-01
2.041738e-05 7.912905e+01 2.131783e+01 8.195033e+01 2.694059e-01
2.089296e-05 7.882118e+01 2.170213e+01 8.175427e+01 2.753337e-01
2.137962e-05 7.850227e+01 2.208866e+01 8.155069e+01 2.813761e-01
2.187762e-05 7.817209e+01 2.247712e+01 8.133939e+01 2.875339e-01
2.238721e-05 7.783039e+01 2.286721e+01 8.112015e+01 2.938083e-01
2.290868e-05 7.747694e+01 2.325859e+01 8.089276e+01 3.002002e-01
2.344229e-05 7.711152e+01 2.365091e+01 8.065700e+01 3.067105e-01
2.398833e-05 7.673390e+01 2.404381e+01 8.041267e+01 3.133401e-01
2.454709e-05 7.634391e+01 2.443688e+01 8.015955e+01 3.200895e-01
2.511886e-05 7.594133e+01 2.482973e+01 7.989745e+01 3.269594e-01
2.570396e-05 7.552602e+01 2.522193e+01 7.962616e+01 3.339502e-01
2.630268e-05 7.509780e+01 2.561303e+01 7.934549e+01 3.410623e-01
2.691535e-05 7.465655e+01 2.600258e+01 7.905526e+01 3.482960e-01
2.754229e-05 7.420215e+01 2.639008e+01 7.875528e+01 3.556512e-01
2.818383e-05 7.373449e+01 2.677505e+01 7.844539e+01 3.631279e-01
2.884032e-05 7.325352e+01 2.715697e+01 7.812541e+01 3.707258e-01
2.951209e-05 7.275918e+01 2.753532e+01 7.779519e+01 3.784445e-01
3.019952e-05 7.225145e+01 2.790955e+01 7.745460e+01 3.862835e-01
3.090295e-05 7.173034e+01 2.827911e+01 7.710350e+01 3.942420e-01
3.162278e-05 7.119588e+01 2.864344e+01 7.674177e+01 4.023188e-01
3.235937e-05 7.064813e+01 2.900197e+01 7.636932e+01 4.105129e-01
3.311311e-05 7.008720e+01 2.935412e+01 7.598605e+01 4.188228e-01
3.388442e-05 6.951322e+01 2.969930e+01 7.559190e+01 4.272468e-01
3.467369e-05 6.892634e+01 3.003693e+01 7.518681e+01 4.357830e-01
3.548134e-05 6.832676e+01 3.036641e+01 7.477075e+01 4.444292e-01
3.630781e-05 6.771473e+01 3.068717e+01 7.434371e+01 4.531830e-01
3.715352e-05 6.709051e+01 3.099861e+01 7.390568e+01 4.620416e-01
3.801894e-05 6.645440e+01 3.130016e+01 7.345670e+01 4.710020e-01
3.890451e-05 6.580675e+01 3.159125e+01 7.299681e+01 4.800609e-01
3.981072e-05 6.514793e+01 3.187132e+01 7.252609e+01 4.892147e-01
4.073803e-05 6.447836e+01 3.213984e+01 7.204463e+01 4.984594e-01
4.168694e-05 6.379850e+01 3.239628e+01 7.155255e+01 5.077907e-01
4.265795e-05 6.310882e+01 3.264014e+01 7.105000e+01 5.172041e-01
4.365158e-05 6.240984e+01 3.287093e+01 7.053713e+01 5.266946e-01
4.466836e-05 6.170212e+01 3.308820e+01 7.001415e+01 5.362570e-01
4.570882e-05 6.098624e+01 3.329151e+01 6.948126e+01 5.458857e-01
4.677351e-05 6.026280e+01 3.348048e+01 6.893872e+01 5.555746e-01
4.786301e-05 5.953245e+01 3.365474e+01 6.838679e+01 5.653175e-01
4.897788e-05 5.879584e+01 3.381395e+01 6.782576e+01 5.751078e-01
5.011872e-05 5.805366e+01 3.395783e+01 6.725594e+01 5.849386e-01
5.128614e-05 5.730662e+01 3.408612e+01 6.667767e+01 5.948024e-01
5.248075e-05 5.655544e+01 3.419860e+01 6.609132e+01 6.046917e-01
5.370318e-05 5.580084e+01 3.429512e+01 6.549725e+01 6.145986e-01
5.495409e-05 5.504359e+01 3.437553e+01 6.489587e+01 6.245148e-01
5.623413e-05 5.428442e+01 3.443976e+01 6.428760e+01 6.344319e-01
5.754399e-05 5.352409e+01 3.448777e+01 6.367287e+01 6.443410e-01
5.888437e-05 5.276337e+01 3.451956e+01 6.305215e+01 6.542333e-01
6.025596e-05 5.200301e+01 3.453517e+01 6.242589e+01 6.640995e-01
6.165950e-05 5.124376e+01 3.453471e+01 6.179457e+01 6.739301e-01
6.309573e-05 5.048636e+01 3.451831e+01 6.115870e+01 6.837157e-01
6.456542e-05 4.973153e+01 3.448615e+01 6.051875e+01 6.934464e-01
6.606934e-05 4.897999e+01 3.443845e+01 5.987526e+01 7.031127e-01
6.760830e-05 4.823244e+01 3.437548e+01 5.922872e+01 7.127046e-01
6.918310e-05 4.748954e+01 3.429753e+01 5.857966e+01 7.222122e-01
7.079458e-05 4.675195e+01 3.420493e+01 5.792859e+01 7.316258e-01
7.244360e-05 4.602028e+01 3.409807e+01 5.727604e+01 7.409356e-01
7.413102e-05 4.529514e+01 3.397733e+01 5.662251e+01 7.501319e-01
7.585776e-05 4.457709e+01 3.384316e+01 5.596853e+01 7.592052e-01
7.762471e-05 4.386665e+01 3.369601e+01 5.531459e+01 7.681463e-01
7.943282e-05 4.316433e+01 3.353636e+01 5.466120e+01 7.769462e-01
8.128305e-05 4.247058e+01 3.336472e+01 5.400884e+01 7.855959e-01
8.317638e-05 4.178584e+01 3.318161e+01 5.335799e+01 7.940873e-01
8.511380e-05 4.111050e+01 3.298756e+01 5.270913e+01 8.024122e-01
8.709636e-05 4.044490e+01 3.278314e+01 5.206269e+01 8.105630e-01
8.912509e-05 3.978936e+01 3.256889e+01 5.141912e+01 8.185327e-01
9.120108e-05 3.914416e+01 3.234539e+01 5.077883e+01 8.263146e-01
9.332543e-05 3.850954e+01 3.211321e+01 5.014222e+01 8.339027e-01
9.549926e-05 3.788570e+01 3.187291e+01 4.950968e+01 8.412914e-01
9.772372e-05 3.727281e+01 3.162508e+01 4.888157e+01 8.484760e-01
1.000000e-04 3.667100e+01 3.137028e+01 4.825823e+01 8.554521e-01
1.023293e-04 3.608037e+01 3.110908e+01 4.763999e+01 8.622162e-01
1.047129e-04 3.550099e+01 3.084203e+01 4.702713e+01 8.687653e-01
1.071519e-04 3.493288e+01 3.056967e+01 4.641994e+01 8.750972e-01
1.096478e-04 3.437605e+01 3.029253e+01 4.581867e+01 8.812104e-01
1.122018e-04 3.383048e+01 3.001115e+01 4.522356e+01 8.871039e-01
1.148154e-04 3.329610e+01 2.972601e+01 4.463481e+01 8.927775e-01
1.174898e-04 3.277284e+01 2.943761e+01 4.405261e+01 8.982318e-01
1.202264e-04 3.226060e+01 2.914642e+01 4.347712e+01 9.034679e-01
1.230269e-04 3.175925e+01 2.885288e+01 4.290849e+01 9.084874e-01
1.258925e-04 3.126865e+01 2.855743e+01 4.234685e+01 9.132927e-01
1.288250e-04 3.078863e+01 2.826048e+01 4.179228e+01 9.178867e-01
1.318257e-04 3.031902e+01 2.796241e+01 4.124487e+01 9.222728e-01
1.348963e-04 2.985962e+01 2.766359e+01 4.070468e+01 9.264549e-01
1.380384e-04 2.941022e+01 2.736437e+01 4.017175e+01 9.304375e-01
1.412538e-04 2.897060e+01 2.706507e+01 3.964611e+01 9.342252e-01
1.445440e-04 2.854055e+01 2.676598e+01 3.912775e+01 9.378230e-01
1.479108e-04 2.811982e+01 2.646740e+01 3.861667e+01 9.412365e-01
1.513561e-04 2.770817e+01 2.616956e+01 3.811284e+01 9.444710e-01
1.548817e-04 2.730536e+01 2.587271e+01 3.761622e+01 9.475325e-01
1.584893e-04 2.691114e+01 2.557707e+01 3.712675e+01 9.504268e-01
1.621810e-04 2.652526e+01 2.528281e+01 3.664437e+01 9.531599e-01
1.659587e-04 2.614748e+01 2.499012e+01 3.616900e+01 9.557375e-01
1.698244e-04 2.577754e+01 2.469915e+01 3.570056e+01 9.581657e-01
1.737801e-04 2.541520e+01 2.441004e+01 3.523893e+01 9.604501e-01
1.778279e-04 2.506023e+01 2.412289e+01 3.478403e+01 9.625964e-01
1.819701e-04 2.471238e+01 2.383780e+01 3.433573e+01 9.646099e-01
1.862087e-04 2.437142e+01 2.355487e+01 3.389393e+01 9.664957e-01
1.905461e-04 2.403713e+01 2.327416e+01 3.345849e+01 9.682587e-01
1.949845e-04 2.370930e+01 2.299572e+01 3.302929e+01 9.699033e-01
1.995262e-04 2.338770e+01 2.271960e+01 3.260621e+01 9.714335e-01
2.041738e-04 2.307216e+01 2.244582e+01 3.218912e+01 9.728530e-01
2.089296e-04 2.276246e+01 2.217440e+01 3.177788e+01 9.741650e-01
2.137962e-04 2.245844e+01 2.190534e+01 3.137237e+01 9.753723e-01
2.187762e-04 2.215992e+01 2.163866e+01 3.097247e+01 9.764772e-01
2.238721e-04 2.186674e+01 2.137433e+01 3.057804e+01 9.774814e-01
2.290868e-04 2.157874e+01 2.111235e+01 3.018896e+01 9.783863e-01
2.344229e-04 2.129579e+01 2.085269e+01 2.980512e+01 9.791927e-01
2.398833e-04 2.101776e+01 2.059532e+01 2.942641e+01 9.799008e-01
2.454709e-04 2.074452e+01 2.034022e+01 2.905271e+01 9.805106e-01
2.511886e-04 2.047596e+01 2.008736e+01 2.868392e+01 9.810214e-01
2.570396e-04 2.021199e+01 1.983670e+01 2.831994e+01 9.814321e-01
2.630268e-04 1.995251e+01 1.958820e+01 2.796069e+01 9.817414e-01
2.691535e-04 1.969743e+01 1.934184e+01 2.760608e+01 9.819473e-01
2.754229e-04 1.944668e+01 1.909757e+01 2.725602e+01 9.820476e-01
2.818383e-04 1.920021e+01 1.885537e+01 2.691046e+01 9.820398e-01
2.884032e-04 1.895793e+01 1.861520e+01 2.656932e+01 9.819212e-01
2.951209e-04 1.871981e+01 1.837703e+01 2.623255e+01 9.816887e-01
3.019952e-04 1.848580e+01 1.814084e+01 2.590010e+01 9.813392e-01
3.090295e-04 1.825586e+01 1.790661e+01 2.557192e+01 9.808694e-01
3.162278e-04 1.802995e+01 1.767432e+01 2.524798e+01 9.802758e-01
3.235937e-04 1.780804e+01 1.744396e+01 2.492825e+01 9.795551e-01
3.311311e-04 1.759010e+01 1.721550e+01 2.461271e+01 9.787040e-01
3.388442e-04 1.737612e+01 1.698896e+01 2.430132e+01 9.777191e-01
3.467369e-04 1.716606e+01 1.676433e+01 2.399409e+01 9.765973e-01
3.548134e-04 1.695991e+01 1.654161e+01 2.369099e+01 9.753358e-01
3.630781e-04 1.675765e+01 1.632080e+01 2.339204e+01 9.739318e-01
3.715352e-04 1.655926e+01 1.610194e+01 2.309721e+01 9.723830e-01
3.801894e-04 1.636472e+01 1.588502e+01 2.280653e+01 9.706873e-01
3.890451e-04 1.617401e+01 1.567008e+01 2.251999e+01 9.688431e-01
3.981072e-04 1.598712e+01 1.545713e+01 2.223760e+01 9.668493e-01
4.073803e-04 1.580401e+01 1.524621e+01 2.195937e+01 9.647050e-01
4.168694e-04 1.562468e+01 1.503735e+01 2.168531e+01 9.624101e-01
4.265795e-04 1.544909e+01 1.483058e+01 2.141543e+01 9.599648e-01
4.365158e-04 1.527721e+01 1.462595e+01 2.114974e+01 9.573700e-01
4.466836e-04 1.510902e+01 1.442349e+01 2.088826e+01 9.546272e-01
4.570882e-04 1.494448e+01 1.422324e+01 2.063100e+01 9.517384e-01
4.677351e-04 1.478355e+01 1.402525e+01 2.037795e+01 9.487061e-01
4.786301e-04 1.462620e+01 1.382956e+01 2.012914e+01 9.455337e-01
4.897788e-04 1.447237e+01 1.363623e+01 1.988457e+01 9.422248e-01
5.011872e-04 1.432202e+01 1.344529e+01 1.964424e+01 9.387840e-01
5.128614e-04 1.417511e+01 1.325679e+01 1.940814e+01 9.352161e-01
5.248075e-04 1.403156e+01 1.307078e+01 1.917629e+01 9.315267e-01
5.370318e-04 1.389134e+01 1.288730e+01 1.894866e+01 9.277219e-01
5.495409e-04 1.375437e+01 1.270640e+01 1.872526e+01 9.238082e-01
5.623413e-04 1.362059e+01 1.252812e+01 1.850606e+01 9.197927e-01
5.754399e-04 1.348993e+01 1.235250e+01 1.829105e+01 9.156829e-01
5.888437e-04 1.336233e+01 1.217958e+01 1.808021e+01 9.114866e-01
6.025596e-04 1.323770e+01 1.200940e+01 1.787351e+01 9.072123e-01
6.165950e-04 1.311596e+01 1.184199e+01 1.767092e+01 9.028685e-01
6.309573e-04 1.299705e+01 1.167739e+01 1.747240e+01 8.984641e-01
6.456542e-04 1.288088e+01 1.151562e+01 1.727792e+01 8.940082e-01
6.606934e-04 1.276737e+01 1.135671e+01 1.708743e+01 8.895103e-01
6.760830e-04 1.265642e+01 1.120068e+01 1.690089e+01 8.849798e-01
6.918310e-04 1.254796e+01 1.104755e+01 1.671824e+01 8.804264e-01
7.079458e-04 1.244188e+01 1.089735e+01 1.653943e+01 8.758597e-01
7.244360e-04 1.233812e+01 1.075007e+01 1.636439e+01 8.712895e-01
7.413102e-04 1.223656e+01 1.060574e+01 1.619306e+01 8.667254e-01
7.585776e-04 1.213713e+01 1.046436e+01 1.602538e+01 8.621772e-01
7.762471e-04 1.203973e+01 1.032592e+01 1.586126e+01 8.576544e-01
7.943282e-04 1.194426e+01 1.019044e+01 1.570065e+01 8.531664e-01
8.128305e-04 1.185064e+01 1.005790e+01 1.554346e+01 8.487225e-01
8.317638e-04 1.175877e+01 9.928302e+00 1.538960e+01 8.443316e-01
8.511380e-04 1.166856e+01 9.801626e+00 1.523900e+01 8.400028e-01
8.709636e-04 1.157993e+01 9.677860e+00 1.509158e+01 8.357445e-01
8.912509e-04 1.149277e+01 9.556985e+00 1.494723e+01 8.315650e-01
9.120108e-04 1.140700e+01 9.438980e+00 1.480588e+01 8.274723e-01
9.332543e-04 1.132254e+01 9.323820e+00 1.466743e+01 8.234741e-01
9.549926e-04 1.123929e+01 9.211475e+00 1.453179e+01 8.195778e-01
9.772372e-04 1.115717e+01 9.101915e+00 1.439887e+01 8.157903e-01
1.000000e-03 1.107610e+01 8.995104e+00 1.426857e+01 8.121181e-01
1.023293e-03 1.099600e+01 8.891007e+00 1.414079e+01 8.085677e-01
1.047129e-03 1.091677e+01 8.789581e+00 1.401544e+01 8.051447e-01
1.071519e-03 1.083835e+01 8.690785e+00 1.389243e+01 8.018547e-01
1.096478e-03 1.076067e+01 8.594573e+00 1.377166e+01 7.987027e-01
1.122018e-03 1.068363e+01 8.500898e+00 1.365303e+01 7.956934e-01
1.148154e-03 1.060719e+01 8.409708e+00 1.353646e+01 7.928310e-01
1.174898e-03 1.053126e+01 8.320951e+00 1.342183e+01 7.901195e-01
1.202264e-03 1.045577e+01 8.234574e+00 1.330907e+01 7.875623e-01
1.230269e-03 1.038068e+01 8.150519e+00 1.319808e+01 7.851625e-01
1.258925e-03 1.030591e+01 8.068729e+00 1.308878e+01 7.829228e-01
1.288250e-03 1.023140e+01 7.989144e+00 1.298106e+01 7.808455e-01
1.318257e-03 1.015711e+01 7.911702e+00 1.287485e+01 7.789327e-01
1.348963e-03 1.008297e+01 7.836341e+00 1.277006e+01 7.771858e-01
1.380384e-03 1.000894e+01 7.762998e+00 1.266661e+01 7.756062e-01
1.412538e-03 9.934976e+00 7.691607e+00 1.256442e+01 7.741948e-01
1.445440e-03 9.861028e+00 7.622102e+00 1.246340e+01 7.729520e-01
1.479108e-03 9.787058e+00 7.554417e+00 1.236348e+01 7.718782e-01
1.513561e-03 9.713027e+00 7.488484e+00 1.226460e+01 7.709733e-01
1.548817e-03 9.638901e+00 7.424237e+00 1.216666e+01 7.702368e-01
1.584893e-03 9.564649e+00 7.361606e+00 1.206962e+01 7.696681e-01
1.621810e-03 9.490242e+00 7.300523e+00 1.197340e+01 7.692663e-01
1.659587e-03 9.415654e+00 7.240920e+00 1.187794e+01 7.690300e-01
1.698244e-03 9.340863e+00 7.182729e+00 1.178318e+01 7.689577e-01
1.737801e-03 9.265850e+00 7.125882e+00 1.168906e+01 7.690478e-01
1.778279e-03 9.190598e+00 7.070310e+00 1.159553e+01 7.692982e-01
1.819701e-03 9.115093e+00 7.015947e+00 1.150254e+01 7.697065e-01
1.862087e-03 9.039325e+00 6.962726e+00 1.141004e+01 7.702705e-01
1.905461e-03 8.963287e+00 6.910580e+00 1.131798e+01 7.709873e-01
1.949845e-03 8.886972e+00 6.859446e+00 1.122632e+01 7.718541e-01
1.995262e-03 8.810380e+00 6.809259e+00 1.113503e+01 7.728678e-01
2.041738e-03 8.733509e+00 6.759956e+00 1.104406e+01 7.740252e-01
2.089296e-03 8.656364e+00 6.711476e+00 1.095338e+01 7.753227e-01
2.137962e-03 8.578950e+00 6.663758e+00 1.086297e+01 7.767569e-01
2.187762e-03 8.501275e+00 6.616744e+00 1.077279e+01 7.783238e-01
2.238721e-03 8.423349e+00 6.570378e+00 1.068282e+01 7.800197e-01
2.290868e-03 8.345184e+00 6.524603e+00 1.059304e+01 7.818404e-01
2.344229e-03 8.266797e+00 6.479366e+00 1.050343e+01 7.837819e-01
2.398833e-03 8.188202e+00 6.434616e+00 1.041398e+01 7.858399e-01
2.454709e-03 8.109419e+00 6.390303e+00 1.032466e+01 7.880099e-01
2.511886e-03 8.030468e+00 6.346380e+00 1.023548e+01 7.902876e-01
2.570396e-03 7.951372e+00 6.302802e+00 1.014641e+01 7.926685e-01
2.630268e-03 7.872153e+00 6.259525e+00 1.005746e+01 7.951478e-01
2.691535e-03 7.792836e+00 6.216510e+00 9.968615e+00 7.977211e-01
2.754229e-03 7.713448e+00 6.173717e+00 9.879882e+00 8.003836e-01
2.818383e-03 7.634015e+00 6.131112e+00 9.791257e+00 8.031307e-01
2.884032e-03 7.554566e+00 6.088660e+00 9.702744e+00 8.059576e-01
2.951209e-03 7.475128e+00 6.046330e+00 9.614346e+00 8.088597e-01
3.019952e-03 7.395733e+00 6.004094e+00 9.526070e+00 8.118323e-01
3.090295e-03 7.316408e+00 5.961926e+00 9.437923e+00 8.148706e-01
3.162278e-03 7.237184e+00 5.919801e+00 9.349914e+00 8.179703e-01
3.235937e-03 7.158092e+00 5.877699e+00 9.262053e+00 8.211266e-01
3.311311e-03 7.079161e+00 5.835600e+00 9.174353e+00 8.243351e-01
3.388442e-03 7.000421e+00 5.793488e+00 9.086825e+00 8.275914e-01
3.467369e-03 6.921901e+00 5.751347e+00 8.999484e+00 8.308912e-01
3.548134e-03 6.843632e+00 5.709166e+00 8.912344e+00 8.342304e-01
3.630781e-03 6.765642e+00 5.666933e+00 8.825420e+00 8.376047e-01
3.715352e-03 6.687957e+00 5.624641e+00 8.738728e+00 8.410104e-01
3.801894e-03 6.610607e+00 5.582283e+00 8.652284e+00 8.444434e-01
3.890451e-03 6.533616e+00 5.539854e+00 8.566103e+00 8.479002e-01
3.981072e-03 6.457011e+00 5.497351e+00 8.480204e+00 8.513771e-01
4.073803e-03 6.380815e+00 5.454772e+00 8.394602e+00 8.548708e-01
4.168694e-03 6.305051e+00 5.412117e+00 8.309313e+00 8.583780e-01
4.265795e-03 6.229743e+00 5.369387e+00 8.224355e+00 8.618955e-01
4.365158e-03 6.154909e+00 5.326584e+00 8.139742e+00 8.654203e-01
4.466836e-03 6.080572e+00 5.283711e+00 8.055492e+00 8.689497e-01
4.570882e-03 6.006747e+00 5.240772e+00 7.971618e+00 8.724808e-01
4.677351e-03 5.933454e+00 5.197772e+00 7.888137e+00 8.760112e-01
4.786301e-03 5.860707e+00 5.154717e+00 7.805062e+00 8.795384e-01
4.897788e-03 5.788522e+00 5.111612e+00 7.722407e+00 8.830601e-01
5.011872e-03 5.716912e+00 5.068465e+00 7.640184e+00 8.865739e-01
5.128614e-03 5.645889e+00 5.025281e+00 7.558407e+00 8.900779e-01
5.248075e-03 5.575466e+00 4.982069e+00 7.477087e+00 8.935700e-01
5.370318e-03 5.505651e+00 4.938834e+00 7.396234e+00 8.970482e-01
5.495409e-03 5.436456e+00 4.895585e+00 7.315860e+00 9.005105e-01
5.623413e-03 5.367887e+00 4.852329e+00 7.235974e+00 9.039552e-01
5.754399e-03 5.299953e+00 4.809074e+00 7.156584e+00 9.073804e-01
5.888437e-03 5.232660e+00 4.765825e+00 7.077699e+00 9.107843e-01
6.025596e-03 5.166015e+00 4.722590e+00 6.999327e+00 9.141650e-01
6.165950e-03 5.100023e+00 4.679377e+00 6.921474e+00 9.175208e-01
6.309573e-03 5.034688e+00 4.636191e+00 6.844147e+00 9.208497e-01
6.456542e-03 4.970015e+00 4.593039e+00 6.767352e+00 9.241500e-01
6.606934e-03 4.906008e+00 4.549928e+00 6.691095e+00 9.274196e-01
6.760830e-03 4.842670e+00 4.506862e+00 6.615381e+00 9.306565e-01
6.918310e-03 4.780005e+00 4.463849e+00 6.540214e+00 9.338586e-01
7.079458e-03 4.718015e+00 4.420893e+00 6.465599e+00 9.370239e-01
7.244360e-03 4.656704e+00 4.378000e+00 6.391539e+00 9.401500e-01
7.413102e-03 4.596073e+00 4.335175e+00 6.318040e+00 9.432345e-01
7.585776e-03 4.536126e+00 4.292423e+00 6.245105e+00 9.462751e-01
7.762471e-03 4.476864e+00 4.249749e+00 6.172736e+00 9.492692e-01
7.943282e-03 4.418290e+00 4.207158e+00 6.100939e+00 9.522141e-01
8.128305e-03 4.360406e+00 4.164654e+00 6.029717e+00 9.551070e-01
8.317638e-03 4.303215e+00 4.122244e+00 5.959073e+00 9.579451e-01
8.511380e-03 4.246718e+00 4.079931e+00 5.889011e+00 9.607255e-01
8.709636e-03 4.190919e+00 4.037720e+00 5.819535e+00 9.634451e-01
8.912509e-03 4.135819e+00 3.995618e+00 5.750649e+00 9.661007e-01
9.120108e-03 4.081420e+00 3.953628e+00 5.682356e+00 9.686893e-01
9.332543e-03 4.027726e+00 3.911758e+00 5.614661e+00 9.712076e-01
9.549926e-03 3.974737e+00 3.870012e+00 5.547569e+00 9.736524e-01
9.772372e-03 3.922456e+00 3.828396e+00 5.481084e+00 9.760202e-01
1.000000e-02 3.870885e+00 3.786918e+00 5.415210e+00 9.783079e-01
1.023293e-02 3.820026e+00 3.745582e+00 5.349952e+00 9.805122e-01
1.047129e-02 3.769881e+00 3.704398e+00 5.285316e+00 9.826299e-01
1.071519e-02 3.720451e+00 3.663371e+00 5.221306e+00 9.846576e-01
1.096478e-02 3.671738e+00 3.622509e+00 5.157929e+00 9.865925e-01
1.122018e-02 3.623742e+00 3.581820e+00 5.095188e+00 9.884314e-01
1.148154e-02 3.576464e+00 3.541313e+00 5.033090e+00 9.901716e-01
1.174898e-02 3.529906e+00 3.500996e+00 4.971641e+00 9.918102e-01
1.202264e-02 3.484066e+00 3.460879e+00 4.910845e+00 9.933448e-01
1.230269e-02 3.438945e+00 3.420969e+00 4.850708e+00 9.947729e-01
1.258925e-02 3.394541e+00 3.381277e+00 4.791236e+00 9.960927e-01
1.288250e-02 3.350854e+00 3.341813e+00 4.732434e+00 9.973020e-01
1.318257e-02 3.307881e+00 3.302586e+00 4.674308e+00 9.983994e-01
1.348963e-02 3.265621e+00 3.263608e+00 4.616862e+00 9.993835e-01
1.380384e-02 3.224070e+00 3.224887e+00 4.560102e+00 1.000253e+00
1.412538e-02 3.183226e+00 3.186435e+00 4.504031e+00 1.001008e+00
1.445440e-02 3.143083e+00 3.148262e+00 4.448655e+00 1.001648e+00
1.479108e-02 3.103638e+00 3.110380e+00 4.393977e+00 1.002172e+00
1.513561e-02 3.064885e+00 3.072798e+00 4.340001e+00 1.002582e+00
1.548817e-02 3.026819e+00 3.035527e+00 4.286730e+00 1.002877e+00
1.584893e-02 2.989432e+00 2.998578e+00 4.234167e+00 1.003059e+00
1.621810e-02 2.952718e+00 2.961962e+00 4.182315e+00 1.003131e+00
1.659587e-02 2.916668e+00 2.925688e+00 4.131175e+00 1.003092e+00
1.698244e-02 2.881276e+00 2.889767e+00 4.080748e+00 1.002947e+00
1.737801e-02 2.846530e+00 2.854208e+00 4.031034e+00 1.002698e+00
1.778279e-02 2.812422e+00 2.819022e+00 3.982035e+00 1.002347e+00
1.819701e-02 2.778942e+00 2.784218e+00 3.933750e+00 1.001899e+00
1.862087e-02 2.746078e+00 2.749804e+00 3.886177e+00 1.001357e+00
1.905461e-02 2.713820e+00 2.715789e+00 3.839314e+00 1.000725e+00
1.949845e-02 2.682156e+00 2.682181e+00 3.793159e+00 1.000009e+00
1.995262e-02 2.651073e+00 2.648987e+00 3.747709e+00 9.992133e-01
2.041738e-02 2.620558e+00 2.616216e+00 3.702960e+00 9.983429e-01
2.089296e-02 2.590599e+00 2.583872e+00 3.658907e+00 9.974034e-01
2.137962e-02 2.561181e+00 2.551963e+00 3.615545e+00 9.964007e-01
2.187762e-02 2.532291e+00 2.520493e+00 3.572868e+00 9.953409e-01
2.238721e-02 2.503915e+00 2.489468e+00 3.530869e+00 9.942302e-01
2.290868e-02 2.476037e+00 2.458891e+00 3.489542e+00 9.930752e-01
2.344229e-02 2.448643e+00 2.428766e+00 3.448878e+00 9.918824e-01
2.398833e-02 2.421719e+00 2.399096e+00 3.408868e+00 9.906585e-01
2.454709e-02 2.395248e+00 2.369883e+00 3.369504e+00 9.894104e-01
2.511886e-02 2.369216e+00 2.341129e+00 3.330776e+00 9.881450e-01
2.570396e-02 2.343608e+00 2.312834e+00 3.292673e+00 9.868693e-01
2.630268e-02 2.318407e+00 2.284999e+00 3.255185e+00 9.855901e-01
2.691535e-02 2.293599e+00 2.257623e+00 3.218300e+00 9.843144e-01
2.754229e-02 2.269169e+00 2.230704e+00 3.182007e+00 9.830490e-01
2.818383e-02 2.245101e+00 2.204241e+00 3.146293e+00 9.818007e-01
2.884032e-02 2.221380e+00 2.178232e+00 3.111145e+00 9.805760e-01
2.951209e-02 2.197992e+00 2.152673e+00 3.076551e+00 9.793816e-01
3.019952e-02 2.174922e+00 2.127560e+00 3.042498e+00 9.782237e-01
3.090295e-02 2.152155e+00 2.102889e+00 3.008972e+00 9.771085e-01
3.162278e-02 2.129678e+00 2.078654e+00 2.975959e+00 9.760418e-01
3.235937e-02 2.107477e+00 2.054851e+00 2.943445e+00 9.750292e-01
3.311311e-02 2.085538e+00 2.031473e+00 2.911417e+00 9.740763e-01
3.388442e-02 2.063849e+00 2.008513e+00 2.879861e+00 9.731881e-01
3.467369e-02 2.042397e+00 1.985965e+00 2.848762e+00 9.723693e-01
3.548134e-02 2.021171e+00 1.963819e+00 2.818106e+00 9.716246e-01
3.630781e-02 2.000158e+00 1.942070e+00 2.787879e+00 9.709581e-01
3.715352e-02 1.979348e+00 1.920707e+00 2.758067e+00 9.703736e-01
3.801894e-02 1.958730e+00 1.899723e+00 2.728657e+00 9.698746e-01
3.890451e-02 1.938295e+00 1.879108e+00 2.699636e+00 9.694642e-01
3.981072e-02 1.918032e+00 1.858852e+00 2.670988e+00 9.691453e-01
4.073803e-02 1.897934e+00 1.838946e+00 2.642702e+00 9.689202e-01
4.168694e-02 1.877991e+00 1.819381e+00 2.614765e+00 9.687911e-01
4.265795e-02 1.858196e+00 1.800146e+00 2.587164e+00 9.687597e-01
4.365158e-02 1.838543e+00 1.781231e+00 2.559887e+00 9.688272e-01
4.466836e-02 1.819025e+00 1.762625e+00 2.532923e+00 9.689947e-01
4.570882e-02 1.799635e+00 1.744319e+00 2.506259e+00 9.692629e-01
4.677351e-02 1.780369e+00 1.726302e+00 2.479886e+00 9.696321e-01
4.786301e-02 1.761221e+00 1.708565e+00 2.453792e+00 9.701022e-01
4.897788e-02 1.742189e+00 1.691095e+00 2.427967e+00 9.706730e-01
5.011872e-02 1.723267e+00 1.673885e+00 2.402403e+00 9.713438e-01
5.128614e-02 1.704454e+00 1.656923e+00 2.377090e+00 9.721137e-01
5.248075e-02 1.685746e+00 1.640200e+00 2.352019e+00 9.729815e-01
5.370318e-02 1.667142e+00 1.623706e+00 2.327183e+00 9.739457e-01
5.495409e-02 1.648639e+00 1.607431e+00 2.302574e+00 9.750047e-01
5.623413e-02 1.630238e+00 1.591367e+00 2.278185e+00 9.761564e-01
5.754399e-02 1.611937e+00 1.575505e+00 2.254009e+00 9.773987e-01
5.888437e-02 1.593736e+00 1.559836e+00 2.230041e+00 9.787293e-01
6.025596e-02 1.575635e+00 1.544352e+00 2.206275e+00 9.801456e-01
6.165950e-02 1.557635e+00 1.529044e+00 2.182705e+00 9.816450e-01
6.309573e-02 1.539736e+00 1.513906e+00 2.159328e+00 9.832246e-01
6.456542e-02 1.521939e+00 1.498930e+00 2.136139e+00 9.848814e-01
6.606934e-02 1.504247e+00 1.484108e+00 2.113134e+00 9.866124e-01
6.760830e-02 1.486659e+00 1.469436e+00 2.090310e+00 9.884145e-01
6.918310e-02 1.469179e+00 1.454905e+00 2.067665e+00 9.902845e-01
7.079458e-02 1.451808e+00 1.440512e+00 2.045194e+00 9.922191e-01
7.244360e-02 1.434548e+00 1.426249e+00 2.022898e+00 9.942149e-01
7.413102e-02 1.417401e+00 1.412113e+00 2.000772e+00 9.962688e-01
7.585776e-02 1.400370e+00 1.398098e+00 1.978817e+00 9.983773e-01
7.762471e-02 1.383457e+00 1.384200e+00 1.957029e+00 1.000537e+00
7.943282e-02 1.366664e+00 1.370416e+00 1.935410e+00 1.002745e+00
8.128305e-02 1.349994e+00 1.356741e+00 1.913957e+00 1.004998e+00
8.317638e-02 1.333448e+00 1.343173e+00 1.892669e+00 1.007293e+00
8.511380e-02 1.317030e+00 1.329708e+00 1.871548e+00 1.009626e+00
8.709636e-02 1.300741e+00 1.316343e+00 1.850591e+00 1.011995e+00
8.912509e-02 1.284585e+00 1.303077e+00 1.829800e+00 1.014396e+00
9.120108e-02 1.268562e+00 1.289907e+00 1.809174e+00 1.016827e+00
9.332543e-02 1.252675e+00 1.276831e+00 1.788712e+00 1.019284e+00
9.549926e-02 1.236925e+00 1.263848e+00 1.768416e+00 1.021766e+00
9.772372e-02 1.221316e+00 1.250956e+00 1.748286e+00 1.024269e+00
1.000000e-01 1.205848e+00 1.238154e+00 1.728321e+00 1.026791e+00
1.023293e-01 1.190523e+00 1.225440e+00 1.708523e+00 1.029329e+00
1.047129e-01 1.175343e+00 1.212815e+00 1.688890e+00 1.031881e+00
1.071519e-01 1.160309e+00 1.200276e+00 1.669425e+00 1.034445e+00
1.096478e-01 1.145421e+00 1.187824e+00 1.650126e+00 1.037019e+00
1.122018e-01 1.130682e+00 1.175458e+00 1.630995e+00 1.039600e+00
1.148154e-01 1.116093e+00 1.163177e+00 1.612031e+00 1.042187e+00
1.174898e-01 1.101653e+00 1.150982e+00 1.593236e+00 1.044777e+00
1.202264e-01 1.087365e+00 1.138872e+00 1.574608e+00 1.047369e+00
1.230269e-01 1.073228e+00 1.126847e+00 1.556149e+00 1.049961e+00
1.258925e-01 1.059243e+00 1.114906e+00 1.537859e+00 1.052550e+00
1.288250e-01 1.045410e+00 1.103051e+00 1.519738e+00 1.055136e+00
1.318257e-01 1.031731e+00 1.091280e+00 1.501786e+00 1.057717e+00
1.348963e-01 1.018205e+00 1.079594e+00 1.484003e+00 1.060291e+00
1.380384e-01 1.004832e+00 1.067993e+00 1.466389e+00 1.062857e+00
1.412538e-01 9.916127e-01 1.056477e+00 1.448944e+00 1.065413e+00
1.445440e-01 9.785469e-01 1.045046e+00 1.431669e+00 1.067957e+00
1.479108e-01 9.656346e-01 1.033701e+00 1.414563e+00 1.070489e+00
1.513561e-01 9.528757e-01 1.022442e+00 1.397626e+00 1.073006e+00
1.548817e-01 9.402700e-01 1.011268e+00 1.380859e+00 1.075508e+00
1.584893e-01 9.278174e-01 1.000181e+00 1.364261e+00 1.077994e+00
1.621810e-01 9.155175e-01 9.891811e-01 1.347832e+00 1.080461e+00
1.659587e-01 9.033700e-01 9.782679e-01 1.331573e+00 1.082909e+00
1.698244e-01 8.913745e-01 9.674421e-01 1.315482e+00 1.085337e+00
1.737801e-01 8.795306e-01 9.567041e-01 1.299560e+00 1.087744e+00
1.778279e-01 8.678378e-01 9.460545e-01 1.283807e+00 1.090128e+00
1.819701e-01 8.562955e-01 9.354938e-01 1.268223e+00 1.092489e+00
1.862087e-01 8.449032e-01 9.250224e-01 1.252808e+00 1.094826e+00
1.905461e-01 8.336601e-01 9.146409e-01 1.237561e+00 1.097139e+00
1.949845e-01 8.225656e-01 9.043500e-01 1.222482e+00 1.099426e+00
1.995262e-01 8.116188e-01 8.941502e-01 1.207572e+00 1.101687e+00
2.041738e-01 8.008190e-01 8.840422e-01 1.192829e+00 1.103923e+00
2.089296e-01 7.901651e-01 8.740267e-01 1.178254e+00 1.106132e+00
2.137962e-01 7.796561e-01 8.641044e-01 1.163847e+00 1.108315e+00
2.187762e-01 7.692911e-01 8.542760e-01 1.149607e+00 1.110472e+00
2.238721e-01 7.590688e-01 8.445422e-01 1.135534e+00 1.112603e+00
2.290868e-01 7.489880e-01 8.349038e-01 1.121627e+00 1.114709e+00
2.344229e-01 7.390475e-01 8.253616e-01 1.107887e+00 1.116791e+00
2.398833e-01 7.292457e-01 8.159163e-01 1.094312e+00 1.118850e+00
2.454709e-01 7.195813e-01 8.065686e-01 1.080902e+00 1.120886e+00
2.511886e-01 7.100527e-01 7.973193e-01 1.067658e+00 1.122902e+00
2.570396e-01 7.006582e-01 7.881691e-01 1.054577e+00 1.124898e+00
2.630268e-01 6.913960e-01 7.791188e-01 1.041660e+00 1.126878e+00
2.691535e-01 6.822645e-01 7.701689e-01 1.028905e+00 1.128842e+00
2.754229e-01 6.732616e-01 7.613201e-01 1.016312e+00 1.130794e+00
2.818383e-01 6.643854e-01 7.525731e-01 1.003880e+00 1.132736e+00
2.884032e-01 6.556338e-01 7.439283e-01 9.916072e-01 1.134670e+00
2.951209e-01 6.470047e-01 7.353862e-01 9.794937e-01 1.136601e+00
3.019952e-01 6.384958e-01 7.269472e-01 9.675377e-01 1.138531e+00
3.090295e-01 6.301050e-01 7.186117e-01 9.557380e-01 1.140463e+00
3.162278e-01 6.218299e-01 7.103800e-01 9.440933e-01 1.142402e+00
3.235937e-01 6.136682e-01 7.022522e-01 9.326021e-01 1.144352e+00
3.311311e-01 6.056173e-01 6.942285e-01 9.212630e-01 1.146316e+00
3.388442e-01 5.976748e-01 6.863088e-01 9.100741e-01 1.148298e+00
3.467369e-01 5.898382e-01 6.784932e-01 8.990340e-01 1.150304e+00
3.548134e-01 5.821049e-01 6.707815e-01 8.881408e-01 1.152338e+00
3.630781e-01 5.744725e-01 6.631734e-01 8.773925e-01 1.154404e+00
3.715352e-01 5.669384e-01 6.556685e-01 8.667874e-01 1.156508e+00
3.801894e-01 5.594999e-01 6.482664e-01 8.563233e-01 1.158653e+00
3.890451e-01 5.521545e-01 6.409666e-01 8.459981e-01 1.160846e+00
3.981072e-01 5.448997e-01 6.337684e-01 8.358098e-01 1.163092e+00
4.073803e-01 5.377328e-01 6.266711e-01 8.257562e-01 1.165395e+00
4.168694e-01 5.306514e-01 6.196738e-01 8.158349e-01 1.167761e+00
4.265795e-01 5.236530e-01 6.127756e-01 8.060437e-01 1.170194e+00
4.365158e-01 5.167351e-01 6.059754e-01 7.963802e-01 1.172700e+00
4.466836e-01 5.098953e-01 5.992722e-01 7.868421e-01 1.175285e+00
4.570882e-01 5.031313e-01 5.926648e-01 7.774269e-01 1.177952e+00
4.677351e-01 4.964407e-01 5.861518e-01 7.681323e-01 1.180708e+00
4.786301e-01 4.898213e-01 5.797319e-01 7.589558e-01 1.183558e+00
4.897788e-01 4.832709e-01 5.734036e-01 7.498950e-01 1.186506e+00
5.011872e-01 4.767875e-01 5.671656e-01 7.409475e-01 1.189556e+00
5.128614e-01 4.703689e-01 5.610162e-01 7.321107e-01 1.192715e+00
5.248075e-01 4.640132e-01 5.549538e-01 7.233823e-01 1.195987e+00
5.370318e-01 4.577186e-01 5.489768e-01 7.147600e-01 1.199376e+00
5.495409e-01 4.514833e-01 5.430834e-01 7.062413e-01 1.202887e+00
5.623413e-01 4.453055e-01 5.372719e-01 6.978238e-01 1.206524e+00
5.754399e-01 4.391837e-01 5.315405e-01 6.895053e-01 1.210292e+00
5.888437e-01 4.331163e-01 5.258874e-01 6.812836e-01 1.214195e+00
6.025596e-01 4.271018e-01 5.203109e-01 6.731563e-01 1.218236e+00
6.165950e-01 4.211390e-01 5.148090e-01 6.651214e-01 1.222421e+00
6.309573e-01 4.152266e-01 5.093800e-01 6.571766e-01 1.226752e+00
6.456542e-01 4.093633e-01 5.040219e-01 6.493200e-01 1.231234e+00
6.606934e-01 4.035482e-01 4.987330e-01 6.415495e-01 1.235870e+00
6.760830e-01 3.977802e-01 4.935113e-01 6.338632e-01 1.240664e+00
6.918310e-01 3.920583e-01 4.883552e-01 6.262592e-01 1.245619e+00
7.079458e-01 3.863818e-01 4.832628e-01 6.187356e-01 1.250739e+00
7.244360e-01 3.807498e-01 4.782323e-01 6.112909e-01 1.256027e+00
7.413102e-01 3.751618e-01 4.732619e-01 6.039232e-01 1.261488e+00
7.585776e-01 3.696170e-01 4.683500e-01 5.966309e-01 1.267123e+00
7.762471e-01 3.641149e-01 4.634948e-01 5.894125e-01 1.272936e+00
7.943282e-01 3.586550e-01 4.586948e-01 5.822665e-01 1.278931e+00
8.128305e-01 3.532368e-01 4.539483e-01 5.751915e-01 1.285110e+00
8.317638e-01 3.478601e-01 4.492537e-01 5.681862e-01 1.291478e+00
8.511380e-01 3.425245e-01 4.446095e-01 5.612492e-01 1.298037e+00
8.709636e-01 3.372296e-01 4.400143e-01 5.543793e-01 1.304792e+00
8.912509e-01 3.319753e-01 4.354666e-01 5.475754e-01 1.311744e+00
9.120108e-01 3.267613e-01 4.309651e-01 5.408363e-01 1.318899e+00
9.332543e-01 3.215876e-01 4.265083e-01 5.341609e-01 1.326259e+00
9.549926e-01 3.164538e-01 4.220951e-01 5.275484e-01 1.333828e+00
9.772372e-01 3.113601e-01 4.177241e-01 5.209976e-01 1.341611e+00
1.000000e+00 3.063061e-01 4.133943e-01 5.145078e-01 1.349611e+00
1.023293e+00 3.012920e-01 4.091043e-01 5.080780e-01 1.357833e+00
1.047129e+00 2.963176e-01 4.048532e-01 5.017073e-01 1.366281e+00
1.071519e+00 2.913829e-01 4.006399e-01 4.953951e-01 1.374960e+00
1.096478e+00 2.864878e-01 3.964633e-01 4.891405e-01 1.383875e+00
1.122018e+00 2.816324e-01 3.923225e-01 4.829428e-01 1.393030e+00
1.148154e+00 2.768167e-01 3.882165e-01 4.768013e-01 1.402432e+00
1.174898e+00 2.720405e-01 3.841444e-01 4.707154e-01 1.412085e+00
1.202264e+00 2.673040e-01 3.801054e-01 4.646844e-01 1.421997e+00
1.230269e+00 2.626071e-01 3.760986e-01 4.587075e-01 1.432172e+00
1.258925e+00 2.579498e-01 3.721231e-01 4.527843e-01 1.442618e+00
1.288250e+00 2.533320e-01 3.681782e-01 4.469142e-01 1.453342e+00
1.318257e+00 2.487538e-01 3.642631e-01 4.410964e-01 1.464352e+00
1.348963e+00 2.442152e-01 3.603770e-01 4.353305e-01 1.475653e+00
1.380384e+00 2.397161e-01 3.565192e-01 4.296159e-01 1.487256e+00
1.412538e+00 2.352566e-01 3.526890e-01 4.239519e-01 1.499168e+00
1.445440e+00 2.308365e-01 3.488857e-01 4.183381e-01 1.511397e+00
1.479108e+00 2.264560e-01 3.451086e-01 4.127738e-01 1.523955e+00
1.513561e+00 2.221149e-01 3.413570e-01 4.072586e-01 1.536849e+00
1.548817e+00 2.178132e-01 3.376301e-01 4.017919e-01 1.550090e+00
1.584893e+00 2.135511e-01 3.339274e-01 3.963731e-01 1.563689e+00
1.621810e+00 2.093284e-01 3.302482e-01 3.910016e-01 1.577656e+00
1.659587e+00 2.051451e-01 3.265918e-01 3.856770e-01 1.592004e+00
1.698244e+00 2.010014e-01 3.229576e-01 3.803987e-01 1.606743e+00
1.737801e+00 1.968971e-01 3.193448e-01 3.751661e-01 1.621887e+00
1.778279e+00 1.928324e-01 3.157529e-01 3.699787e-01 1.637447e+00
1.819701e+00 1.888074e-01 3.121813e-01 3.648361e-01 1.653438e+00
1.862087e+00 1.848220e-01 3.086292e-01 3.597376e-01 1.669873e+00
1.905461e+00 1.808764e-01 3.050961e-01 3.546828e-01 1.686765e+00
1.949845e+00 1.769707e-01 3.015813e-01 3.496712e-01 1.704131e+00
1.995262e+00 1.731051e-01 2.980843e-01 3.447022e-01 1.721984e+00
2.041738e+00 1.692797e-01 2.946044e-01 3.397754e-01 1.740341e+00
2.089296e+00 1.654947e-01 2.911410e-01 3.348904e-01 1.759217e+00
2.137962e+00 1.617503e-01 2.876937e-01 3.300467e-01 1.778628e+00
2.187762e+00 1.580468e-01 2.842618e-01 3.252439e-01 1.798593e+00
2.238721e+00 1.543844e-01 2.808449e-01 3.204815e-01 1.819127e+00
2.290868e+00 1.507635e-01 2.774423e-01 3.157592e-01 1.840249e+00
2.344229e+00 1.471842e-01 2.740537e-01 3.110766e-01 1.861978e+00
2.398833e+00 1.436471e-01 2.706787e-01 3.064334e-01 1.884331e+00
2.454709e+00 1.401524e-01 2.673167e-01 3.018293e-01 1.907328e+00
2.511886e+00 1.367006e-01 2.639674e-01 2.972639e-01 1.930989e+00
2.570396e+00 1.332921e-01 2.606305e-01 2.927371e-01 1.955334e+00
2.630268e+00 1.299273e-01 2.573057e-01 2.882487e-01 1.980382e+00
2.691535e+00 1.266066e-01 2.539926e-01 2.837983e-01 2.006156e+00
2.754229e+00 1.233306e-01 2.506912e-01 2.793860e-01 2.032677e+00
2.818383e+00 1.200997e-01 2.474012e-01 2.750114e-01 2.059966e+00
2.884032e+00 1.169144e-01 2.441225e-01 2.706746e-01 2.088045e+00
2.951209e+00 1.137752e-01 2.408550e-01 2.663756e-01 2.116938e+00
3.019952e+00 1.106826e-01 2.375988e-01 2.621141e-01 2.146667e+00
3.090295e+00 1.076372e-01 2.343537e-01 2.578904e-01 2.177256e+00
3.162278e+00 1.046394e-01 2.311200e-01 2.537043e-01 2.208729e+00
3.235937e+00 1.016896e-01 2.278978e-01 2.495560e-01 2.241111e+00
3.311311e+00 9.878852e-02 2.246872e-01 2.454455e-01 2.274426e+00
3.388442e+00 9.593644e-02 2.214884e-01 2.413730e-01 2.308700e+00
3.467369e+00 9.313387e-02 2.183019e-01 2.373386e-01 2.343958e+00
3.548134e+00 9.038122e-02 2.151278e-01 2.333426e-01 2.380227e+00
3.630781e+00 8.767888e-02 2.119667e-01 2.293850e-01 2.417534e+00
3.715352e+00 8.502724e-02 2.088189e-01 2.254661e-01 2.455906e+00
3.801894e+00 8.242661e-02 2.056849e-01 2.215861e-01 2.495370e+00
3.890451e+00 7.987730e-02 2.025652e-01 2.177454e-01 2.535954e+00
3.981072e+00 7.737957e-02 1.994604e-01 2.139440e-01 2.577688e+00
4.073803e+00 7.493363e-02 1.963711e-01 2.101824e-01 2.620600e+00
4.168694e+00 7.253965e-02 1.932979e-01 2.064609e-01 2.664721e+00
4.265795e+00 7.019776e-02 1.902415e-01 2.027796e-01 2.710079e+00
4.365158e+00 6.790804e-02 1.872025e-01 1.991389e-01 2.756706e+00
4.466836e+00 6.567050e-02 1.841817e-01 1.955390e-01 2.804634e+00
4.570882e+00 6.348513e-02 1.811798e-01 1.919804e-01 2.853893e+00
4.677351e+00 6.135186e-02 1.781975e-01 1.884632e-01 2.904516e+00
4.786301e+00 5.927054e-02 1.752355e-01 1.849878e-01 2.956537e+00
4.897788e+00 5.724100e-02 1.722947e-01 1.815544e-01 3.009988e+00
5.011872e+00 5.526301e-02 1.693758e-01 1.781633e-01 3.064903e+00
5.128614e+00 5.333628e-02 1.664795e-01 1.748147e-01 3.121318e+00
5.248075e+00 5.146047e-02 1.636066e-01 1.715089e-01 3.179268e+00
5.370318e+00 4.963520e-02 1.607579e-01 1.682461e-01 3.238789e+00
5.495409e+00 4.786002e-02 1.579341e-01 1.650265e-01 3.299917e+00
5.623413e+00 4.613446e-02 1.551358e-01 1.618503e-01 3.362689e+00
5.754399e+00 4.445797e-02 1.523639e-01 1.587176e-01 3.427145e+00
5.888437e+00 4.283000e-02 1.496190e-01 1.556286e-01 3.493322e+00
6.025596e+00 4.124992e-02 1.469017e-01 1.525833e-01 3.561261e+00
6.165950e+00 3.971707e-02 1.442127e-01 1.495820e-01 3.631001e+00
6.309573e+00 3.823077e-02 1.415527e-01 1.466245e-01 3.702584e+00
6.456542e+00 3.679029e-02 1.389221e-01 1.437111e-01 3.776052e+00
6.606934e+00 3.539487e-02 1.363215e-01 1.408416e-01 3.851448e+00
6.760830e+00 3.404372e-02 1.337515e-01 1.380160e-01 3.928815e+00
6.918310e+00 3.273602e-02 1.312124e-01 1.352344e-01 4.008197e+00
7.079458e+00 3.147095e-02 1.287049e-01 1.324967e-01 4.089641e+00
7.244360e+00 3.024763e-02 1.262292e-01 1.298027e-01 4.173193e+00
7.413102e+00 2.906520e-02 1.237858e-01 1.271523e-01 4.258900e+00
7.585776e+00 2.792276e-02 1.213750e-01 1.245454e-01 4.346811e+00
7.762471e+00 2.681939e-02 1.189970e-01 1.219818e-01 4.436976e+00
7.943282e+00 2.575420e-02 1.166522e-01 1.194613e-01 4.529444e+00
8.128305e+00 2.472624e-02 1.143408e-01 1.169837e-01 4.624267e+00
8.317638e+00 2.373460e-02 1.120629e-01 1.145488e-01 4.721499e+00
8.511380e+00 2.277833e-02 1.098187e-01 1.121562e-01 4.821193e+00
8.709636e+00 2.185651e-02 1.076084e-01 1.098056e-01 4.923404e+00
8.912509e+00 2.096819e-02 1.054320e-01 1.074969e-01 5.028189e+00
9.120108e+00 2.011245e-02 1.032896e-01 1.052295e-01 5.135605e+00
9.332543e+00 1.928836e-02 1.011812e-01 1.030033e-01 5.245711e+00
9.549926e+00 1.849500e-02 9.910674e-02 1.008177e-01 5.358568e+00
9.772372e+00 1.773146e-02 9.706622e-02 9.867247e-02 5.474237e+00
1.000000e+01 1.699683e-02 9.505957e-02 9.656715e-02 5.592781e+00
