1.000000e-06 3.699044e+01 3.784034e-01 3.699238e+01 1.022976e-02
1.023293e-06 3.699014e+01 3.872121e-01 3.699216e+01 1.046798e-02
1.047129e-06 3.698982e+01 3.962256e-01 3.699194e+01 1.071175e-02
1.071519e-06 3.698948e+01 4.054486e-01 3.699171e+01 1.096119e-02
1.096478e-06 3.698913e+01 4.148860e-01 3.699146e+01 1.121643e-02
1.122018e-06 3.698877e+01 4.245427e-01 3.699120e+01 1.147761e-02
1.148154e-06 3.698838e+01 4.344239e-01 3.699093e+01 1.174487e-02
1.174898e-06 3.698798e+01 4.445347e-01 3.699065e+01 1.201835e-02
1.202264e-06 3.698756e+01 4.548804e-01 3.699036e+01 1.229820e-02
1.230269e-06 3.698712e+01 4.654664e-01 3.699005e+01 1.258455e-02
1.258925e-06 3.698666e+01 4.762983e-01 3.698972e+01 1.287757e-02
1.288250e-06 3.698617e+01 4.873819e-01 3.698939e+01 1.317741e-02
1.318257e-06 3.698567e+01 4.987228e-01 3.698903e+01 1.348422e-02
1.348963e-06 3.698514e+01 5.103270e-01 3.698866e+01 1.379816e-02
1.380384e-06 3.698458e+01 5.222007e-01 3.698827e+01 1.411941e-02
1.412538e-06 3.698400e+01 5.343499e-01 3.698786e+01 1.444814e-02
1.445440e-06 3.698340e+01 5.467812e-01 3.698744e+01 1.478450e-02
1.479108e-06 3.698276e+01 5.595008e-01 3.698699e+01 1.512869e-02
1.513561e-06 3.698209e+01 5.725156e-01 3.698652e+01 1.548089e-02
1.548817e-06 3.698139e+01 5.858323e-01 3.698603e+01 1.584127e-02
1.584893e-06 3.698066e+01 5.994578e-01 3.698552e+01 1.621003e-02
1.621810e-06 3.697990e+01 6.133993e-01 3.698499e+01 1.658737e-02
1.659587e-06 3.697910e+01 6.276639e-01 3.698442e+01 1.697348e-02
1.698244e-06 3.697826e+01 6.422592e-01 3.698383e+01 1.736856e-02
1.737801e-06 3.697738e+01 6.571926e-01 3.698322e+01 1.777283e-02
1.778279e-06 3.697646e+01 6.724719e-01 3.698257e+01 1.818649e-02
1.819701e-06 3.697550e+01 6.881052e-01 3.698190e+01 1.860976e-02
1.862087e-06 3.697449e+01 7.041003e-01 3.698119e+01 1.904287e-02
1.905461e-06 3.697343e+01 7.204657e-01 3.698045e+01 1.948604e-02
1.949845e-06 3.697233e+01 7.372098e-01 3.697968e+01 1.993950e-02
1.995262e-06 3.697117e+01 7.543412e-01 3.697886e+01 2.040350e-02
2.041738e-06 3.696996e+01 7.718688e-01 3.697801e+01 2.087827e-02
2.089296e-06 3.696869e+01 7.898015e-01 3.697712e+01 2.136407e-02
2.137962e-06 3.696736e+01 8.081487e-01 3.697619e+01 2.186114e-02
2.187762e-06 3.696597e+01 8.269196e-01 3.697522e+01 2.236975e-02
2.238721e-06 3.696451e+01 8.461240e-01 3.697420e+01 2.289017e-02
2.290868e-06 3.696299e+01 8.657717e-01 3.697313e+01 2.342266e-02
2.344229e-06 3.696139e+01 8.858726e-01 3.697201e+01 2.396751e-02
2.398833e-06 3.695972e+01 9.064371e-01 3.697083e+01 2.452500e-02
2.454709e-06 3.695797e+01 9.274756e-01 3.696961e+01 2.509541e-02
2.511886e-06 3.695614e+01 9.489987e-01 3.696832e+01 2.567905e-02
2.570396e-06 3.695422e+01 9.710175e-01 3.696698e+01 2.627623e-02
2.630268e-06 3.695221e+01 9.935430e-01 3.696557e+01 2.688724e-02
2.691535e-06 3.695011e+01 1.016587e+00 3.696409e+01 2.751241e-02
2.754229e-06 3.694791e+01 1.040160e+00 3.696255e+01 2.815206e-02
2.818383e-06 3.694561e+01 1.064275e+00 3.696093e+01 2.880653e-02
2.884032e-06 3.694320e+01 1.088943e+00 3.695924e+01 2.947615e-02
2.951209e-06 3.694067e+01 1.114177e+00 3.695747e+01 3.016127e-02
3.019952e-06 3.693803e+01 1.139990e+00 3.695562e+01 3.086224e-02
3.090295e-06 3.693526e+01 1.166394e+00 3.695367e+01 3.157943e-02
3.162278e-06 3.693236e+01 1.193403e+00 3.695164e+01 3.231320e-02
3.235937e-06 3.692933e+01 1.221029e+00 3.694951e+01 3.306394e-02
3.311311e-06 3.692616e+01 1.249287e+00 3.694728e+01 3.383203e-02
3.388442e-06 3.692283e+01 1.278189e+00 3.694495e+01 3.461786e-02
3.467369e-06 3.691936e+01 1.307751e+00 3.694251e+01 3.542183e-02
3.548134e-06 3.691571e+01 1.337986e+00 3.693995e+01 3.624436e-02
3.630781e-06 3.691190e+01 1.368910e+00 3.693728e+01 3.708587e-02
3.715352e-06 3.690791e+01 1.400537e+00 3.693448e+01 3.794679e-02
3.801894e-06 3.690374e+01 1.432882e+00 3.693154e+01 3.882755e-02
3.890451e-06 3.689937e+01 1.465960e+00 3.692848e+01 3.972860e-02
3.981072e-06 3.689479e+01 1.499788e+00 3.692526e+01 4.065040e-02
4.073803e-06 3.689000e+01 1.534381e+00 3.692190e+01 4.159342e-02
4.168694e-06 3.688499e+01 1.569756e+00 3.691838e+01 4.255812e-02
4.265795e-06 3.687975e+01 1.605929e+00 3.691469e+01 4.354501e-02
4.365158e-06 3.687426e+01 1.642916e+00 3.691084e+01 4.455456e-02
4.466836e-06 3.686851e+01 1.680736e+00 3.690680e+01 4.558730e-02
4.570882e-06 3.686250e+01 1.719404e+00 3.690257e+01 4.664372e-02
4.677351e-06 3.685620e+01 1.758939e+00 3.689815e+01 4.772437e-02
4.786301e-06 3.684962e+01 1.799359e+00 3.689352e+01 4.882978e-02
4.897788e-06 3.684273e+01 1.840681e+00 3.688868e+01 4.996048e-02
5.011872e-06 3.683552e+01 1.882923e+00 3.688361e+01 5.111705e-02
5.128614e-06 3.682797e+01 1.926105e+00 3.687830e+01 5.230005e-02
5.248075e-06 3.682008e+01 1.970245e+00 3.687275e+01 5.351006e-02
5.370318e-06 3.681182e+01 2.015361e+00 3.686694e+01 5.474767e-02
5.495409e-06 3.680317e+01 2.061474e+00 3.686086e+01 5.601349e-02
5.623413e-06 3.679413e+01 2.108602e+00 3.685450e+01 5.730811e-02
5.754399e-06 3.678467e+01 2.156765e+00 3.684784e+01 5.863218e-02
5.888437e-06 3.677477e+01 2.205983e+00 3.684088e+01 5.998631e-02
6.025596e-06 3.676442e+01 2.256275e+00 3.683359e+01 6.137117e-02
6.165950e-06 3.675359e+01 2.307662e+00 3.682596e+01 6.278740e-02
6.309573e-06 3.674226e+01 2.360164e+00 3.681798e+01 6.423568e-02
6.456542e-06 3.673041e+01 2.413800e+00 3.680963e+01 6.571668e-02
6.606934e-06 3.671801e+01 2.468592e+00 3.680090e+01 6.723110e-02
6.760830e-06 3.670505e+01 2.524560e+00 3.679177e+01 6.877963e-02
6.918310e-06 3.669149e+01 2.581723e+00 3.678221e+01 7.036300e-02
7.079458e-06 3.667732e+01 2.640104e+00 3.677222e+01 7.198191e-02
7.244360e-06 3.666250e+01 2.699721e+00 3.676176e+01 7.363712e-02
7.413102e-06 3.664700e+01 2.760595e+00 3.675083e+01 7.532936e-02
7.585776e-06 3.663079e+01 2.822747e+00 3.673939e+01 7.705940e-02
7.762471e-06 3.661385e+01 2.886196e+00 3.672743e+01 7.882799e-02
7.943282e-06 3.659614e+01 2.950963e+00 3.671492e+01 8.063591e-02
8.128305e-06 3.657763e+01 3.017067e+00 3.670185e+01 8.248394e-02
8.317638e-06 3.655828e+01 3.084528e+00 3.668817e+01 8.437289e-02
8.511380e-06 3.653806e+01 3.153364e+00 3.667388e+01 8.630356e-02
8.709636e-06 3.651692e+01 3.223595e+00 3.665893e+01 8.827675e-02
8.912509e-06 3.649484e+01 3.295239e+00 3.664331e+01 9.029329e-02
9.120108e-06 3.647177e+01 3.368314e+00 3.662698e+01 9.235400e-02
9.332543e-06 3.644766e+01 3.442836e+00 3.660991e+01 9.445972e-02
9.549926e-06 3.642248e+01 3.518823e+00 3.659207e+01 9.661129e-02
9.772372e-06 3.639618e+01 3.596290e+00 3.657342e+01 9.880955e-02
1.000000e-05 3.636871e+01 3.675253e+00 3.655394e+01 1.010554e-01
1.023293e-05 3.634003e+01 3.755726e+00 3.653359e+01 1.033496e-01
1.047129e-05 3.631008e+01 3.837721e+00 3.651233e+01 1.056930e-01
1.071519e-05 3.627881e+01 3.921252e+00 3.649011e+01 1.080866e-01
1.096478e-05 3.624617e+01 4.006329e+00 3.646691e+01 1.105311e-01
1.122018e-05 3.621211e+01 4.092963e+00 3.644268e+01 1.130275e-01
1.148154e-05 3.617656e+01 4.181160e+00 3.641738e+01 1.155765e-01
1.174898e-05 3.613947e+01 4.270929e+00 3.639096e+01 1.181791e-01
1.202264e-05 3.610078e+01 4.362274e+00 3.636338e+01 1.208360e-01
1.230269e-05 3.606042e+01 4.455199e+00 3.633459e+01 1.235482e-01
1.258925e-05 3.601833e+01 4.549705e+00 3.630455e+01 1.263164e-01
1.288250e-05 3.597445e+01 4.645793e+00 3.627319e+01 1.291415e-01
1.318257e-05 3.592870e+01 4.743459e+00 3.624047e+01 1.320242e-01
1.348963e-05 3.588102e+01 4.842698e+00 3.620635e+01 1.349654e-01
1.380384e-05 3.583134e+01 4.943503e+00 3.617075e+01 1.379659e-01
1.412538e-05 3.577958e+01 5.045864e+00 3.613362e+01 1.410264e-01
1.445440e-05 3.572566e+01 5.149767e+00 3.609492e+01 1.441476e-01
1.479108e-05 3.566952e+01 5.255197e+00 3.605457e+01 1.473302e-01
1.513561e-05 3.561107e+01 5.362134e+00 3.601251e+01 1.505749e-01
1.548817e-05 3.555024e+01 5.470556e+00 3.596869e+01 1.538824e-01
1.584893e-05 3.548694e+01 5.580436e+00 3.592303e+01 1.572532e-01
1.621810e-05 3.542109e+01 5.691746e+00 3.587548e+01 1.606880e-01
1.659587e-05 3.535261e+01 5.804450e+00 3.582595e+01 1.641873e-01
1.698244e-05 3.528142e+01 5.918510e+00 3.577440e+01 1.677515e-01
1.737801e-05 3.520743e+01 6.033886e+00 3.572074e+01 1.713810e-01
1.778279e-05 3.513056e+01 6.150529e+00 3.566490e+01 1.750763e-01
1.819701e-05 3.505071e+01 6.268388e+00 3.560681e+01 1.788377e-01
1.862087e-05 3.496781e+01 6.387406e+00 3.554640e+01 1.826653e-01
1.905461e-05 3.488177e+01 6.507523e+00 3.548359e+01 1.865594e-01
1.949845e-05 3.479250e+01 6.628670e+00 3.541831e+01 1.905201e-01
1.995262e-05 3.469991e+01 6.750777e+00 3.535049e+01 1.945474e-01
2.041738e-05 3.460393e+01 6.873765e+00 3.528004e+01 1.986411e-01
2.089296e-05 3.450447e+01 6.997550e+00 3.520688e+01 2.028012e-01
2.137962e-05 3.440145e+01 7.122044e+00 3.513095e+01 2.070274e-01
2.187762e-05 3.429479e+01 7.247150e+00 3.505216e+01 2.113193e-01
2.238721e-05 3.418441e+01 7.372768e+00 3.497044e+01 2.156763e-01
2.290868e-05 3.407024e+01 7.498790e+00 3.488572e+01 2.200979e-01
2.344229e-05 3.395221e+01 7.625102e+00 3.479791e+01 2.245834e-01
2.398833e-05 3.383024e+01 7.751585e+00 3.470694e+01 2.291319e-01
2.454709e-05 3.370427e+01 7.878111e+00 3.461275e+01 2.337422e-01
2.511886e-05 3.357424e+01 8.004550e+00 3.451525e+01 2.384134e-01
2.570396e-05 3.344011e+01 8.130762e+00 3.441439e+01 2.431440e-01
2.630268e-05 3.330181e+01 8.256605e+00 3.431009e+01 2.479326e-01
2.691535e-05 3.315931e+01 8.381926e+00 3.420229e+01 2.527775e-01
2.754229e-05 3.301256e+01 8.506572e+00 3.409092e+01 2.576768e-01
2.818383e-05 3.286155e+01 8.630380e+00 3.397594e+01 2.626285e-01
2.884032e-05 3.270624e+01 8.753185e+00 3.385729e+01 2.676305e-01
2.951209e-05 3.254661e+01 8.874817e+00 3.373492e+01 2.726802e-01
3.019952e-05 3.238268e+01 8.995099e+00 3.360877e+01 2.777750e-01
3.090295e-05 3.221443e+01 9.113854e+00 3.347883e+01 2.829122e-01
3.162278e-05 3.204188e+01 9.230898e+00 3.334504e+01 2.880885e-01
3.235937e-05 3.186505e+01 9.346046e+00 3.320738e+01 2.933008e-01
3.311311e-05 3.168398e+01 9.459111e+00 3.306583e+01 2.985455e-01
3.388442e-05 3.149870e+01 9.569902e+00 3.292038e+01 3.038189e-01
3.467369e-05 3.130928e+01 9.678231e+00 3.277101e+01 3.091170e-01
3.548134e-05 3.111577e+01 9.783905e+00 3.261772e+01 3.144356e-01
3.630781e-05 3.091825e+01 9.886736e+00 3.246053e+01 3.197702e-01
3.715352e-05 3.071682e+01 9.986533e+00 3.229944e+01 3.251161e-01
3.801894e-05 3.051157e+01 1.008311e+01 3.213448e+01 3.304685e-01
3.890451e-05 3.030261e+01 1.017629e+01 3.196568e+01 3.358221e-01
3.981072e-05 3.009007e+01 1.026588e+01 3.179309e+01 3.411715e-01
4.073803e-05 2.987408e+01 1.035171e+01 3.161675e+01 3.465113e-01
4.168694e-05 2.965480e+01 1.043361e+01 3.143672e+01 3.518355e-01
4.265795e-05 2.943237e+01 1.051142e+01 3.125307e+01 3.571381e-01
4.365158e-05 2.920697e+01 1.058498e+01 3.106588e+01 3.624129e-01
4.466836e-05 2.897878e+01 1.065415e+01 3.087525e+01 3.676535e-01
4.570882e-05 2.874799e+01 1.071879e+01 3.068126e+01 3.728534e-01
4.677351e-05 2.851480e+01 1.077876e+01 3.048402e+01 3.780058e-01
4.786301e-05 2.827941e+01 1.083395e+01 3.028366e+01 3.831039e-01
4.897788e-05 2.804205e+01 1.088426e+01 3.008029e+01 3.881408e-01
5.011872e-05 2.780293e+01 1.092959e+01 2.987405e+01 3.931093e-01
5.128614e-05 2.756229e+01 1.096986e+01 2.966509e+01 3.980024e-01
5.248075e-05 2.732036e+01 1.100499e+01 2.945355e+01 4.028129e-01
5.370318e-05 2.707738e+01 1.103494e+01 2.923960e+01 4.075337e-01
5.495409e-05 2.683359e+01 1.105967e+01 2.902341e+01 4.121576e-01
5.623413e-05 2.658925e+01 1.107915e+01 2.880513e+01 4.166776e-01
5.754399e-05 2.634460e+01 1.109336e+01 2.858497e+01 4.210866e-01
5.888437e-05 2.609988e+01 1.110231e+01 2.836309e+01 4.253777e-01
6.025596e-05 2.585534e+01 1.110601e+01 2.813969e+01 4.295441e-01
6.165950e-05 2.561124e+01 1.110450e+01 2.791497e+01 4.335794e-01
6.309573e-05 2.536780e+01 1.109783e+01 2.768912e+01 4.374770e-01
6.456542e-05 2.512528e+01 1.108605e+01 2.746234e+01 4.412309e-01
6.606934e-05 2.488389e+01 1.106923e+01 2.723483e+01 4.448353e-01
6.760830e-05 2.464388e+01 1.104747e+01 2.700680e+01 4.482845e-01
6.918310e-05 2.440546e+01 1.102086e+01 2.677846e+01 4.515734e-01
7.079458e-05 2.416884e+01 1.098951e+01 2.655000e+01 4.546973e-01
7.244360e-05 2.393424e+01 1.095354e+01 2.632162e+01 4.576516e-01
7.413102e-05 2.370184e+01 1.091309e+01 2.609354e+01 4.604323e-01
7.585776e-05 2.347183e+01 1.086830e+01 2.586593e+01 4.630360e-01
7.762471e-05 2.324438e+01 1.081932e+01 2.563901e+01 4.654595e-01
7.943282e-05 2.301967e+01 1.076631e+01 2.541296e+01 4.677004e-01
8.128305e-05 2.279784e+01 1.070943e+01 2.518796e+01 4.697564e-01
8.317638e-05 2.257903e+01 1.064886e+01 2.496419e+01 4.716260e-01
8.511380e-05 2.236338e+01 1.058478e+01 2.474184e+01 4.733083e-01
8.709636e-05 2.215101e+01 1.051736e+01 2.452105e+01 4.748028e-01
8.912509e-05 2.194201e+01 1.044680e+01 2.430200e+01 4.761093e-01
9.120108e-05 2.173648e+01 1.037327e+01 2.408484e+01 4.772287e-01
9.332543e-05 2.153451e+01 1.029698e+01 2.386971e+01 4.781618e-01
9.549926e-05 2.133616e+01 1.021811e+01 2.365674e+01 4.789104e-01
9.772372e-05 2.114149e+01 1.013685e+01 2.344607e+01 4.794766e-01
1.000000e-04 2.095055e+01 1.005339e+01 2.323782e+01 4.798630e-01
1.023293e-04 2.076337e+01 9.967922e+00 2.303208e+01 4.800725e-01
1.047129e-04 2.057997e+01 9.880627e+00 2.282897e+01 4.801089e-01
1.071519e-04 2.040038e+01 9.791690e+00 2.262858e+01 4.799760e-01
1.096478e-04 2.022459e+01 9.701290e+00 2.243098e+01 4.796781e-01
1.122018e-04 2.005259e+01 9.609601e+00 2.223625e+01 4.792199e-01
1.148154e-04 1.988439e+01 9.516796e+00 2.204446e+01 4.786065e-01
1.174898e-04 1.971994e+01 9.423038e+00 2.185566e+01 4.778431e-01
1.202264e-04 1.955923e+01 9.328489e+00 2.166989e+01 4.769354e-01
1.230269e-04 1.940221e+01 9.233302e+00 2.148719e+01 4.758893e-01
1.258925e-04 1.924884e+01 9.137626e+00 2.130760e+01 4.747106e-01
1.288250e-04 1.909906e+01 9.041603e+00 2.113113e+01 4.734056e-01
1.318257e-04 1.895283e+01 8.945368e+00 2.095780e+01 4.719806e-01
1.348963e-04 1.881008e+01 8.849049e+00 2.078761e+01 4.704419e-01
1.380384e-04 1.867074e+01 8.752770e+00 2.062056e+01 4.687960e-01
1.412538e-04 1.853475e+01 8.656644e+00 2.045665e+01 4.670493e-01
1.445440e-04 1.840203e+01 8.560780e+00 2.029586e+01 4.652084e-01
1.479108e-04 1.827251e+01 8.465280e+00 2.013816e+01 4.632795e-01
1.513561e-04 1.814611e+01 8.370239e+00 1.998355e+01 4.612691e-01
1.548817e-04 1.802274e+01 8.275743e+00 1.983197e+01 4.591834e-01
1.584893e-04 1.790233e+01 8.181875e+00 1.968341e+01 4.570284e-01
1.621810e-04 1.778480e+01 8.088710e+00 1.953782e+01 4.548103e-01
1.659587e-04 1.767005e+01 7.996315e+00 1.939515e+01 4.525349e-01
1.698244e-04 1.755802e+01 7.904755e+00 1.925537e+01 4.502077e-01
1.737801e-04 1.744861e+01 7.814084e+00 1.911842e+01 4.478342e-01
1.778279e-04 1.734174e+01 7.724356e+00 1.898425e+01 4.454198e-01
1.819701e-04 1.723734e+01 7.635614e+00 1.885281e+01 4.429694e-01
1.862087e-04 1.713532e+01 7.547900e+00 1.872405e+01 4.404879e-01
1.905461e-04 1.703560e+01 7.461250e+00 1.859790e+01 4.379799e-01
1.949845e-04 1.693811e+01 7.375695e+00 1.847432e+01 4.354497e-01
1.995262e-04 1.684277e+01 7.291261e+00 1.835324e+01 4.329015e-01
2.041738e-04 1.674951e+01 7.207971e+00 1.823461e+01 4.303393e-01
2.089296e-04 1.665826e+01 7.125846e+00 1.811837e+01 4.277666e-01
2.137962e-04 1.656894e+01 7.044900e+00 1.800446e+01 4.251870e-01
2.187762e-04 1.648150e+01 6.965147e+00 1.789283e+01 4.226038e-01
2.238721e-04 1.639588e+01 6.886596e+00 1.778342e+01 4.200200e-01
2.290868e-04 1.631200e+01 6.809255e+00 1.767618e+01 4.174385e-01
2.344229e-04 1.622981e+01 6.733130e+00 1.757105e+01 4.148619e-01
2.398833e-04 1.614926e+01 6.658224e+00 1.746799e+01 4.122928e-01
2.454709e-04 1.607029e+01 6.584539e+00 1.736693e+01 4.097336e-01
2.511886e-04 1.599286e+01 6.512075e+00 1.726785e+01 4.071865e-01
2.570396e-04 1.591691e+01 6.440833e+00 1.717068e+01 4.046535e-01
2.630268e-04 1.584240e+01 6.370810e+00 1.707539e+01 4.021366e-01
2.691535e-04 1.576929e+01 6.302004e+00 1.698193e+01 3.996378e-01
2.754229e-04 1.569754e+01 6.234414e+00 1.689025e+01 3.971587e-01
2.818383e-04 1.562710e+01 6.168037e+00 1.680033e+01 3.947012e-01
2.884032e-04 1.555795e+01 6.102869e+00 1.671212e+01 3.922669e-01
2.951209e-04 1.549005e+01 6.038908e+00 1.662558e+01 3.898573e-01
3.019952e-04 1.542336e+01 5.976152e+00 1.654069e+01 3.874742e-01
3.090295e-04 1.535785e+01 5.914600e+00 1.645740e+01 3.851190e-01
3.162278e-04 1.529350e+01 5.854249e+00 1.637569e+01 3.827933e-01
3.235937e-04 1.523027e+01 5.795099e+00 1.629553e+01 3.804987e-01
3.311311e-04 1.516815e+01 5.737149e+00 1.621689e+01 3.782367e-01
3.388442e-04 1.510709e+01 5.680401e+00 1.613974e+01 3.760090e-01
3.467369e-04 1.504708e+01 5.624856e+00 1.606405e+01 3.738172e-01
3.548134e-04 1.498809e+01 5.570516e+00 1.598979e+01 3.716629e-01
3.630781e-04 1.493010e+01 5.517383e+00 1.591695e+01 3.695478e-01
3.715352e-04 1.487307e+01 5.465462e+00 1.584549e+01 3.674736e-01
3.801894e-04 1.481700e+01 5.414757e+00 1.577539e+01 3.654423e-01
3.890451e-04 1.476185e+01 5.365274e+00 1.570663e+01 3.634555e-01
3.981072e-04 1.470759e+01 5.317017e+00 1.563918e+01 3.615151e-01
4.073803e-04 1.465421e+01 5.269994e+00 1.557302e+01 3.596231e-01
4.168694e-04 1.460169e+01 5.224212e+00 1.550811e+01 3.577815e-01
4.265795e-04 1.454998e+01 5.179678e+00 1.544445e+01 3.559921e-01
4.365158e-04 1.449907e+01 5.136400e+00 1.538199e+01 3.542572e-01
4.466836e-04 1.444893e+01 5.094387e+00 1.532072e+01 3.525788e-01
4.570882e-04 1.439954e+01 5.053646e+00 1.526060e+01 3.509589e-01
4.677351e-04 1.435086e+01 5.014187e+00 1.520162e+01 3.493998e-01
4.786301e-04 1.430287e+01 4.976018e+00 1.514374e+01 3.479035e-01
4.897788e-04 1.425553e+01 4.939147e+00 1.508693e+01 3.464723e-01
5.011872e-04 1.420882e+01 4.903583e+00 1.503116e+01 3.451083e-01
5.128614e-04 1.416271e+01 4.869333e+00 1.497641e+01 3.438136e-01
5.248075e-04 1.411716e+01 4.836406e+00 1.492264e+01 3.425906e-01
5.370318e-04 1.407214e+01 4.804809e+00 1.486981e+01 3.414412e-01
5.495409e-04 1.402762e+01 4.774547e+00 1.481791e+01 3.403677e-01
5.623413e-04 1.398355e+01 4.745628e+00 1.476688e+01 3.393721e-01
5.754399e-04 1.393992e+01 4.718056e+00 1.471670e+01 3.384566e-01
5.888437e-04 1.389667e+01 4.691836e+00 1.466733e+01 3.376231e-01
6.025596e-04 1.385377e+01 4.666970e+00 1.461874e+01 3.368737e-01
6.165950e-04 1.381119e+01 4.643463e+00 1.457088e+01 3.362102e-01
6.309573e-04 1.376888e+01 4.621314e+00 1.452373e+01 3.356346e-01
6.456542e-04 1.372681e+01 4.600524e+00 1.447723e+01 3.351487e-01
6.606934e-04 1.368494e+01 4.581093e+00 1.443136e+01 3.347542e-01
6.760830e-04 1.364323e+01 4.563018e+00 1.438607e+01 3.344529e-01
6.918310e-04 1.360164e+01 4.546296e+00 1.434131e+01 3.342462e-01
7.079458e-04 1.356012e+01 4.530922e+00 1.429707e+01 3.341359e-01
7.244360e-04 1.351864e+01 4.516890e+00 1.425328e+01 3.341232e-01
7.413102e-04 1.347715e+01 4.504193e+00 1.420990e+01 3.342096e-01
7.585776e-04 1.343562e+01 4.492822e+00 1.416691e+01 3.343963e-01
7.762471e-04 1.339401e+01 4.482767e+00 1.412425e+01 3.346846e-01
7.943282e-04 1.335226e+01 4.474015e+00 1.408189e+01 3.350755e-01
8.128305e-04 1.331035e+01 4.466554e+00 1.403978e+01 3.355700e-01
8.317638e-04 1.326823e+01 4.460370e+00 1.399789e+01 3.361692e-01
8.511380e-04 1.322586e+01 4.455445e+00 1.395616e+01 3.368737e-01
8.709636e-04 1.318321e+01 4.451763e+00 1.391456e+01 3.376844e-01
8.912509e-04 1.314022e+01 4.449305e+00 1.387306e+01 3.386020e-01
9.120108e-04 1.309687e+01 4.448050e+00 1.383160e+01 3.396269e-01
9.332543e-04 1.305312e+01 4.447975e+00 1.379015e+01 3.407596e-01
9.549926e-04 1.300892e+01 4.449059e+00 1.374868e+01 3.420006e-01
9.772372e-04 1.296425e+01 4.451277e+00 1.370714e+01 3.433502e-01
1.000000e-03 1.291906e+01 4.454602e+00 1.366549e+01 3.448085e-01
1.023293e-03 1.287332e+01 4.459007e+00 1.362370e+01 3.463757e-01
1.047129e-03 1.282701e+01 4.464464e+00 1.358173e+01 3.480519e-01
1.071519e-03 1.278007e+01 4.470944e+00 1.353956e+01 3.498371e-01
1.096478e-03 1.273249e+01 4.478415e+00 1.349713e+01 3.517312e-01
1.122018e-03 1.268423e+01 4.486845e+00 1.345442e+01 3.537341e-01
1.148154e-03 1.263527e+01 4.496203e+00 1.341141e+01 3.558455e-01
1.174898e-03 1.258557e+01 4.506453e+00 1.336805e+01 3.580651e-01
1.202264e-03 1.253511e+01 4.517561e+00 1.332431e+01 3.603928e-01
1.230269e-03 1.248386e+01 4.529492e+00 1.328017e+01 3.628279e-01
1.258925e-03 1.243180e+01 4.542209e+00 1.323561e+01 3.653702e-01
1.288250e-03 1.237891e+01 4.555675e+00 1.319058e+01 3.680191e-01
1.318257e-03 1.232516e+01 4.569852e+00 1.314508e+01 3.707742e-01
1.348963e-03 1.227054e+01 4.584701e+00 1.309907e+01 3.736348e-01
1.380384e-03 1.221503e+01 4.600185e+00 1.305253e+01 3.766004e-01
1.412538e-03 1.215861e+01 4.616263e+00 1.300545e+01 3.796704e-01
1.445440e-03 1.210126e+01 4.632897e+00 1.295779e+01 3.828441e-01
1.479108e-03 1.204298e+01 4.650046e+00 1.290954e+01 3.861209e-01
1.513561e-03 1.198375e+01 4.667670e+00 1.286069e+01 3.895001e-01
1.548817e-03 1.192355e+01 4.685729e+00 1.281121e+01 3.929809e-01
1.584893e-03 1.186239e+01 4.704183e+00 1.276110e+01 3.965628e-01
1.621810e-03 1.180025e+01 4.722991e+00 1.271033e+01 4.002450e-01
1.659587e-03 1.173713e+01 4.742114e+00 1.265890e+01 4.040268e-01
1.698244e-03 1.167301e+01 4.761510e+00 1.260679e+01 4.079075e-01
1.737801e-03 1.160791e+01 4.781140e+00 1.255400e+01 4.118865e-01
1.778279e-03 1.154181e+01 4.800964e+00 1.250050e+01 4.159629e-01
1.819701e-03 1.147471e+01 4.820942e+00 1.244630e+01 4.201362e-01
1.862087e-03 1.140662e+01 4.841035e+00 1.239139e+01 4.244058e-01
1.905461e-03 1.133754e+01 4.861204e+00 1.233576e+01 4.287708e-01
1.949845e-03 1.126746e+01 4.881411e+00 1.227941e+01 4.332308e-01
1.995262e-03 1.119640e+01 4.901616e+00 1.222232e+01 4.377851e-01
2.041738e-03 1.112435e+01 4.921782e+00 1.216451e+01 4.424331e-01
2.089296e-03 1.105134e+01 4.941872e+00 1.210595e+01 4.471742e-01
2.137962e-03 1.097735e+01 4.961848e+00 1.204666e+01 4.520079e-01
2.187762e-03 1.090240e+01 4.981675e+00 1.198664e+01 4.569336e-01
2.238721e-03 1.082651e+01 5.001314e+00 1.192587e+01 4.619509e-01
2.290868e-03 1.074967e+01 5.020733e+00 1.186437e+01 4.670591e-01
2.344229e-03 1.067191e+01 5.039894e+00 1.180213e+01 4.722579e-01
2.398833e-03 1.059323e+01 5.058763e+00 1.173915e+01 4.775467e-01
2.454709e-03 1.051365e+01 5.077307e+00 1.167544e+01 4.829252e-01
2.511886e-03 1.043318e+01 5.095492e+00 1.161100e+01 4.883928e-01
2.570396e-03 1.035185e+01 5.113285e+00 1.154584e+01 4.939491e-01
2.630268e-03 1.026965e+01 5.130653e+00 1.147995e+01 4.995938e-01
2.691535e-03 1.018662e+01 5.147565e+00 1.141335e+01 5.053263e-01
2.754229e-03 1.010276e+01 5.163989e+00 1.134604e+01 5.111464e-01
2.818383e-03 1.001810e+01 5.179896e+00 1.127802e+01 5.170535e-01
2.884032e-03 9.932663e+00 5.195254e+00 1.120930e+01 5.230474e-01
2.951209e-03 9.846461e+00 5.210034e+00 1.113989e+01 5.291275e-01
3.019952e-03 9.759519e+00 5.224208e+00 1.106980e+01 5.352936e-01
3.090295e-03 9.671858e+00 5.237748e+00 1.099904e+01 5.415452e-01
3.162278e-03 9.583501e+00 5.250626e+00 1.092761e+01 5.478818e-01
3.235937e-03 9.494472e+00 5.262816e+00 1.085552e+01 5.543031e-01
3.311311e-03 9.404797e+00 5.274292e+00 1.078278e+01 5.608087e-01
3.388442e-03 9.314499e+00 5.285028e+00 1.070941e+01 5.673981e-01
3.467369e-03 9.223604e+00 5.295001e+00 1.063541e+01 5.740707e-01
3.548134e-03 9.132141e+00 5.304187e+00 1.056080e+01 5.808263e-01
3.630781e-03 9.040135e+00 5.312564e+00 1.048558e+01 5.876642e-01
3.715352e-03 8.947616e+00 5.320109e+00 1.040977e+01 5.945840e-01
3.801894e-03 8.854611e+00 5.326802e+00 1.033339e+01 6.015850e-01
3.890451e-03 8.761151e+00 5.332622e+00 1.025644e+01 6.086669e-01
3.981072e-03 8.667264e+00 5.337552e+00 1.017895e+01 6.158289e-01
4.073803e-03 8.572982e+00 5.341572e+00 1.010091e+01 6.230705e-01
4.168694e-03 8.478335e+00 5.344666e+00 1.002236e+01 6.303910e-01
4.265795e-03 8.383354e+00 5.346817e+00 9.943293e+00 6.377896e-01
4.365158e-03 8.288073e+00 5.348010e+00 9.863740e+00 6.452658e-01
4.466836e-03 8.192522e+00 5.348231e+00 9.783710e+00 6.528187e-01
4.570882e-03 8.096734e+00 5.347468e+00 9.703222e+00 6.604475e-01
4.677351e-03 8.000743e+00 5.345707e+00 9.622290e+00 6.681513e-01
4.786301e-03 7.904581e+00 5.342938e+00 9.540932e+00 6.759293e-01
4.897788e-03 7.808283e+00 5.339150e+00 9.459165e+00 6.837804e-01
5.011872e-03 7.711881e+00 5.334336e+00 9.377006e+00 6.917035e-01
5.128614e-03 7.615410e+00 5.328485e+00 9.294473e+00 6.996977e-01
5.248075e-03 7.518905e+00 5.321592e+00 9.211584e+00 7.077616e-01
5.370318e-03 7.422399e+00 5.313650e+00 9.128356e+00 7.158939e-01
5.495409e-03 7.325926e+00 5.304655e+00 9.044808e+00 7.240934e-01
5.623413e-03 7.229522e+00 5.294601e+00 8.960959e+00 7.323584e-01
5.754399e-03 7.133221e+00 5.283487e+00 8.876828e+00 7.406874e-01
5.888437e-03 7.037057e+00 5.271310e+00 8.792434e+00 7.490787e-01
6.025596e-03 6.941066e+00 5.258069e+00 8.707795e+00 7.575304e-01
6.165950e-03 6.845282e+00 5.243764e+00 8.622932e+00 7.660406e-01
6.309573e-03 6.749740e+00 5.228396e+00 8.537864e+00 7.746070e-01
6.456542e-03 6.654474e+00 5.211966e+00 8.452610e+00 7.832274e-01
6.606934e-03 6.559520e+00 5.194479e+00 8.367193e+00 7.918992e-01
6.760830e-03 6.464912e+00 5.175937e+00 8.281630e+00 8.006199e-01
6.918310e-03 6.370684e+00 5.156345e+00 8.195945e+00 8.093864e-01
7.079458e-03 6.276871e+00 5.135710e+00 8.110156e+00 8.181959e-01
7.244360e-03 6.183508e+00 5.114038e+00 8.024286e+00 8.270448e-01
7.413102e-03 6.090629e+00 5.091338e+00 7.938355e+00 8.359298e-01
7.585776e-03 5.998267e+00 5.067619e+00 7.852386e+00 8.448471e-01
7.762471e-03 5.906458e+00 5.042890e+00 7.766401e+00 8.537926e-01
7.943282e-03 5.815234e+00 5.017163e+00 7.680422e+00 8.627620e-01
8.128305e-03 5.724630e+00 4.990451e+00 7.594471e+00 8.717508e-01
8.317638e-03 5.634679e+00 4.962767e+00 7.508572e+00 8.807542e-01
8.511380e-03 5.545413e+00 4.934125e+00 7.422748e+00 8.897670e-01
8.709636e-03 5.456865e+00 4.904542e+00 7.337023e+00 8.987839e-01
8.912509e-03 5.369068e+00 4.874035e+00 7.251421e+00 9.077992e-01
9.120108e-03 5.282052e+00 4.842622e+00 7.165965e+00 9.168068e-01
9.332543e-03 5.195850e+00 4.810322e+00 7.080682e+00 9.258006e-01
9.549926e-03 5.110492e+00 4.777155e+00 6.995595e+00 9.347740e-01
9.772372e-03 5.026008e+00 4.743145e+00 6.910730e+00 9.437202e-01
1.000000e-02 4.942427e+00 4.708314e+00 6.826112e+00 9.526320e-01
1.023293e-02 4.859777e+00 4.672686e+00 6.741768e+00 9.615021e-01
1.047129e-02 4.778087e+00 4.636287e+00 6.657723e+00 9.703228e-01
1.071519e-02 4.697383e+00 4.599143e+00 6.574004e+00 9.790864e-01
1.096478e-02 4.617689e+00 4.561283e+00 6.490636e+00 9.877847e-01
1.122018e-02 4.539032e+00 4.522735e+00 6.407648e+00 9.964095e-01
1.148154e-02 4.461434e+00 4.483529e+00 6.325064e+00 1.004952e+00
1.174898e-02 4.384918e+00 4.443697e+00 6.242912e+00 1.013405e+00
1.202264e-02 4.309504e+00 4.403270e+00 6.161218e+00 1.021758e+00
1.230269e-02 4.235211e+00 4.362281e+00 6.080009e+00 1.030003e+00
1.258925e-02 4.162058e+00 4.320765e+00 5.999311e+00 1.038132e+00
1.288250e-02 4.090061e+00 4.278755e+00 5.919151e+00 1.046135e+00
1.318257e-02 4.019235e+00 4.236287e+00 5.839553e+00 1.054003e+00
1.348963e-02 3.949593e+00 4.193396e+00 5.760543e+00 1.061729e+00
1.380384e-02 3.881146e+00 4.150120e+00 5.682147e+00 1.069303e+00
1.412538e-02 3.813905e+00 4.106495e+00 5.604388e+00 1.076717e+00
1.445440e-02 3.747877e+00 4.062557e+00 5.527291e+00 1.083962e+00
1.479108e-02 3.683069e+00 4.018345e+00 5.450880e+00 1.091032e+00
1.513561e-02 3.619485e+00 3.973895e+00 5.375176e+00 1.097917e+00
1.548817e-02 3.557128e+00 3.929246e+00 5.300201e+00 1.104612e+00
1.584893e-02 3.495999e+00 3.884434e+00 5.225976e+00 1.111108e+00
1.621810e-02 3.436096e+00 3.839496e+00 5.152522e+00 1.117401e+00
1.659587e-02 3.377419e+00 3.794470e+00 5.079858e+00 1.123482e+00
1.698244e-02 3.319961e+00 3.749391e+00 5.008001e+00 1.129348e+00
1.737801e-02 3.263717e+00 3.704296e+00 4.936968e+00 1.134993e+00
1.778279e-02 3.208679e+00 3.659220e+00 4.866776e+00 1.140413e+00
1.819701e-02 3.154837e+00 3.614196e+00 4.797438e+00 1.145605e+00
1.862087e-02 3.102182e+00 3.569260e+00 4.728969e+00 1.150565e+00
1.905461e-02 3.050699e+00 3.524444e+00 4.661381e+00 1.155290e+00
1.949845e-02 3.000376e+00 3.479779e+00 4.594684e+00 1.159781e+00
1.995262e-02 2.951198e+00 3.435296e+00 4.528888e+00 1.164035e+00
2.041738e-02 2.903146e+00 3.391025e+00 4.464002e+00 1.168052e+00
2.089296e-02 2.856205e+00 3.346995e+00 4.400032e+00 1.171833e+00
2.137962e-02 2.810355e+00 3.303233e+00 4.336985e+00 1.175379e+00
2.187762e-02 2.765575e+00 3.259764e+00 4.274864e+00 1.178693e+00
2.238721e-02 2.721846e+00 3.216613e+00 4.213674e+00 1.181776e+00
2.290868e-02 2.679145e+00 3.173804e+00 4.153414e+00 1.184633e+00
2.344229e-02 2.637451e+00 3.131358e+00 4.094087e+00 1.187267e+00
2.398833e-02 2.596739e+00 3.089295e+00 4.035691e+00 1.189683e+00
2.454709e-02 2.556987e+00 3.047636e+00 3.978224e+00 1.191886e+00
2.511886e-02 2.518170e+00 3.006397e+00 3.921684e+00 1.193882e+00
2.570396e-02 2.480263e+00 2.965595e+00 3.866065e+00 1.195678e+00
2.630268e-02 2.443242e+00 2.925244e+00 3.811362e+00 1.197280e+00
2.691535e-02 2.407081e+00 2.885358e+00 3.757569e+00 1.198696e+00
2.754229e-02 2.371756e+00 2.845948e+00 3.704679e+00 1.199933e+00
2.818383e-02 2.337240e+00 2.807026e+00 3.652682e+00 1.201000e+00
2.884032e-02 2.303510e+00 2.768600e+00 3.601570e+00 1.201905e+00
2.951209e-02 2.270539e+00 2.730678e+00 3.551331e+00 1.202656e+00
3.019952e-02 2.238303e+00 2.693267e+00 3.501955e+00 1.203263e+00
3.090295e-02 2.206777e+00 2.656373e+00 3.453430e+00 1.203734e+00
3.162278e-02 2.175937e+00 2.619999e+00 3.405744e+00 1.204079e+00
3.235937e-02 2.145758e+00 2.584148e+00 3.358883e+00 1.204306e+00
3.311311e-02 2.116216e+00 2.548823e+00 3.312834e+00 1.204425e+00
3.388442e-02 2.087290e+00 2.514025e+00 3.267583e+00 1.204445e+00
3.467369e-02 2.058955e+00 2.479752e+00 3.223115e+00 1.204374e+00
3.548134e-02 2.031191e+00 2.446005e+00 3.179414e+00 1.204222e+00
3.630781e-02 2.003974e+00 2.412781e+00 3.136467e+00 1.203998e+00
3.715352e-02 1.977286e+00 2.380077e+00 3.094257e+00 1.203709e+00
3.801894e-02 1.951104e+00 2.347890e+00 3.052769e+00 1.203365e+00
3.890451e-02 1.925410e+00 2.316216e+00 3.011986e+00 1.202973e+00
3.981072e-02 1.900185e+00 2.285049e+00 2.971894e+00 1.202540e+00
4.073803e-02 1.875411e+00 2.254385e+00 2.932476e+00 1.202075e+00
4.168694e-02 1.851069e+00 2.224217e+00 2.893717e+00 1.201585e+00
4.265795e-02 1.827145e+00 2.194538e+00 2.855601e+00 1.201075e+00
4.365158e-02 1.803620e+00 2.165342e+00 2.818111e+00 1.200553e+00
4.466836e-02 1.780480e+00 2.136621e+00 2.781234e+00 1.200025e+00
4.570882e-02 1.757711e+00 2.108368e+00 2.744953e+00 1.199496e+00
4.677351e-02 1.735299e+00 2.080574e+00 2.709253e+00 1.198972e+00
4.786301e-02 1.713230e+00 2.053232e+00 2.674120e+00 1.198457e+00
4.897788e-02 1.691492e+00 2.026333e+00 2.639540e+00 1.197956e+00
5.011872e-02 1.670073e+00 1.999868e+00 2.605497e+00 1.197474e+00
5.128614e-02 1.648962e+00 1.973830e+00 2.571979e+00 1.197014e+00
5.248075e-02 1.628148e+00 1.948208e+00 2.538972e+00 1.196579e+00
5.370318e-02 1.607622e+00 1.922995e+00 2.506463e+00 1.196173e+00
5.495409e-02 1.587375e+00 1.898182e+00 2.474440e+00 1.195800e+00
5.623413e-02 1.567396e+00 1.873759e+00 2.442889e+00 1.195460e+00
5.754399e-02 1.547679e+00 1.849720e+00 2.411799e+00 1.195157e+00
5.888437e-02 1.528216e+00 1.826054e+00 2.381159e+00 1.194892e+00
6.025596e-02 1.508999e+00 1.802753e+00 2.350957e+00 1.194668e+00
6.165950e-02 1.490022e+00 1.779809e+00 2.321182e+00 1.194485e+00
6.309573e-02 1.471278e+00 1.757215e+00 2.291825e+00 1.194346e+00
6.456542e-02 1.452761e+00 1.734960e+00 2.262875e+00 1.194250e+00
6.606934e-02 1.434467e+00 1.713039e+00 2.234323e+00 1.194199e+00
6.760830e-02 1.416389e+00 1.691443e+00 2.206159e+00 1.194193e+00
6.918310e-02 1.398524e+00 1.670164e+00 2.178375e+00 1.194233e+00
7.079458e-02 1.380866e+00 1.649195e+00 2.150962e+00 1.194319e+00
7.244360e-02 1.363412e+00 1.628529e+00 2.123912e+00 1.194451e+00
7.413102e-02 1.346157e+00 1.608159e+00 2.097216e+00 1.194629e+00
7.585776e-02 1.329099e+00 1.588078e+00 2.070869e+00 1.194853e+00
7.762471e-02 1.312233e+00 1.568279e+00 2.044861e+00 1.195122e+00
7.943282e-02 1.295557e+00 1.548756e+00 2.019187e+00 1.195437e+00
8.128305e-02 1.279067e+00 1.529503e+00 1.993839e+00 1.195795e+00
8.317638e-02 1.262762e+00 1.510513e+00 1.968811e+00 1.196198e+00
8.511380e-02 1.246638e+00 1.491780e+00 1.944097e+00 1.196643e+00
8.709636e-02 1.230693e+00 1.473300e+00 1.919692e+00 1.197130e+00
8.912509e-02 1.214925e+00 1.455066e+00 1.895589e+00 1.197659e+00
9.120108e-02 1.199332e+00 1.437072e+00 1.871783e+00 1.198228e+00
9.332543e-02 1.183911e+00 1.419315e+00 1.848269e+00 1.198835e+00
9.549926e-02 1.168662e+00 1.401788e+00 1.825042e+00 1.199481e+00
9.772372e-02 1.153583e+00 1.384487e+00 1.802098e+00 1.200162e+00
1.000000e-01 1.138671e+00 1.367407e+00 1.779431e+00 1.200880e+00
1.023293e-01 1.123926e+00 1.350544e+00 1.757037e+00 1.201630e+00
1.047129e-01 1.109347e+00 1.333893e+00 1.734913e+00 1.202414e+00
1.071519e-01 1.094931e+00 1.317451e+00 1.713053e+00 1.203228e+00
1.096478e-01 1.080678e+00 1.301213e+00 1.691455e+00 1.204071e+00
1.122018e-01 1.066587e+00 1.285176e+00 1.670115e+00 1.204943e+00
1.148154e-01 1.052656e+00 1.269335e+00 1.649029e+00 1.205840e+00
1.174898e-01 1.038885e+00 1.253688e+00 1.628194e+00 1.206763e+00
1.202264e-01 1.025273e+00 1.238231e+00 1.607607e+00 1.207708e+00
1.230269e-01 1.011818e+00 1.222960e+00 1.587264e+00 1.208676e+00
1.258925e-01 9.985208e-01 1.207873e+00 1.567164e+00 1.209663e+00
1.288250e-01 9.853793e-01 1.192967e+00 1.547302e+00 1.210668e+00
1.318257e-01 9.723929e-01 1.178240e+00 1.527677e+00 1.211691e+00
1.348963e-01 9.595609e-01 1.163687e+00 1.508285e+00 1.212729e+00
1.380384e-01 9.468823e-01 1.149308e+00 1.489125e+00 1.213781e+00
1.412538e-01 9.343564e-01 1.135099e+00 1.470195e+00 1.214846e+00
1.445440e-01 9.219822e-01 1.121059e+00 1.451490e+00 1.215922e+00
1.479108e-01 9.097589e-01 1.107185e+00 1.433011e+00 1.217009e+00
1.513561e-01 8.976856e-01 1.093475e+00 1.414753e+00 1.218105e+00
1.548817e-01 8.857613e-01 1.079928e+00 1.396716e+00 1.219208e+00
1.584893e-01 8.739850e-01 1.066541e+00 1.378898e+00 1.220319e+00
1.621810e-01 8.623557e-01 1.053313e+00 1.361295e+00 1.221436e+00
1.659587e-01 8.508724e-01 1.040242e+00 1.343907e+00 1.222559e+00
1.698244e-01 8.395340e-01 1.027326e+00 1.326732e+00 1.223686e+00
1.737801e-01 8.283394e-01 1.014565e+00 1.309767e+00 1.224818e+00
1.778279e-01 8.172872e-01 1.001957e+00 1.293010e+00 1.225954e+00
1.819701e-01 8.063764e-01 9.894996e-01 1.276461e+00 1.227094e+00
1.862087e-01 7.956056e-01 9.771922e-01 1.260116e+00 1.228237e+00
1.905461e-01 7.849736e-01 9.650335e-01 1.243975e+00 1.229383e+00
1.949845e-01 7.744788e-01 9.530221e-01 1.228034e+00 1.230533e+00
1.995262e-01 7.641201e-01 9.411568e-01 1.212294e+00 1.231687e+00
2.041738e-01 7.538958e-01 9.294363e-01 1.196750e+00 1.232844e+00
2.089296e-01 7.438045e-01 9.178594e-01 1.181402e+00 1.234006e+00
2.137962e-01 7.338448e-01 9.064249e-01 1.166248e+00 1.235173e+00
2.187762e-01 7.240150e-01 8.951316e-01 1.151286e+00 1.236344e+00
2.238721e-01 7.143136e-01 8.839784e-01 1.136513e+00 1.237521e+00
2.290868e-01 7.047390e-01 8.729639e-01 1.121928e+00 1.238705e+00
2.344229e-01 6.952896e-01 8.620870e-01 1.107530e+00 1.239896e+00
2.398833e-01 6.859637e-01 8.513466e-01 1.093315e+00 1.241096e+00
2.454709e-01 6.767598e-01 8.407413e-01 1.079282e+00 1.242304e+00
2.511886e-01 6.676762e-01 8.302700e-01 1.065429e+00 1.243522e+00
2.570396e-01 6.587111e-01 8.199315e-01 1.051755e+00 1.244751e+00
2.630268e-01 6.498631e-01 8.097244e-01 1.038256e+00 1.245992e+00
2.691535e-01 6.411304e-01 7.996476e-01 1.024931e+00 1.247246e+00
2.754229e-01 6.325113e-01 7.896998e-01 1.011779e+00 1.248515e+00
2.818383e-01 6.240044e-01 7.798797e-01 9.987962e-01 1.249799e+00
2.884032e-01 6.156078e-01 7.701861e-01 9.859816e-01 1.251099e+00
2.951209e-01 6.073200e-01 7.606178e-01 9.733329e-01 1.252417e+00
3.019952e-01 5.991395e-01 7.511733e-01 9.608483e-01 1.253754e+00
3.090295e-01 5.910645e-01 7.418515e-01 9.485256e-01 1.255111e+00
3.162278e-01 5.830937e-01 7.326510e-01 9.363630e-01 1.256489e+00
3.235937e-01 5.752253e-01 7.235706e-01 9.243584e-01 1.257891e+00
3.311311e-01 5.674579e-01 7.146090e-01 9.125100e-01 1.259316e+00
3.388442e-01 5.597899e-01 7.057649e-01 9.008156e-01 1.260767e+00
3.467369e-01 5.522199e-01 6.970370e-01 8.892736e-01 1.262245e+00
3.548134e-01 5.447465e-01 6.884241e-01 8.778818e-01 1.263751e+00
3.630781e-01 5.373680e-01 6.799249e-01 8.666385e-01 1.265287e+00
3.715352e-01 5.300832e-01 6.715381e-01 8.555417e-01 1.266854e+00
3.801894e-01 5.228905e-01 6.632625e-01 8.445896e-01 1.268454e+00
3.890451e-01 5.157887e-01 6.550968e-01 8.337804e-01 1.270088e+00
3.981072e-01 5.087762e-01 6.470398e-01 8.231123e-01 1.271757e+00
4.073803e-01 5.018518e-01 6.390904e-01 8.125834e-01 1.273464e+00
4.168694e-01 4.950141e-01 6.312472e-01 8.021920e-01 1.275210e+00
4.265795e-01 4.882618e-01 6.235091e-01 7.919363e-01 1.276997e+00
4.365158e-01 4.815936e-01 6.158748e-01 7.818147e-01 1.278827e+00
4.466836e-01 4.750081e-01 6.083433e-01 7.718253e-01 1.280701e+00
4.570882e-01 4.685041e-01 6.009133e-01 7.619665e-01 1.282621e+00
4.677351e-01 4.620802e-01 5.935837e-01 7.522365e-01 1.284590e+00
4.786301e-01 4.557353e-01 5.863534e-01 7.426338e-01 1.286610e+00
4.897788e-01 4.494680e-01 5.792212e-01 7.331567e-01 1.288682e+00
5.011872e-01 4.432772e-01 5.721860e-01 7.238035e-01 1.290808e+00
5.128614e-01 4.371616e-01 5.652467e-01 7.145726e-01 1.292993e+00
5.248075e-01 4.311199e-01 5.584021e-01 7.054625e-01 1.295236e+00
5.370318e-01 4.251509e-01 5.516513e-01 6.964714e-01 1.297542e+00
5.495409e-01 4.192535e-01 5.449931e-01 6.875980e-01 1.299913e+00
5.623413e-01 4.134264e-01 5.384264e-01 6.788405e-01 1.302351e+00
5.754399e-01 4.076684e-01 5.319502e-01 6.701974e-01 1.304860e+00
5.888437e-01 4.019784e-01 5.255634e-01 6.616672e-01 1.307442e+00
6.025596e-01 3.963551e-01 5.192649e-01 6.532483e-01 1.310100e+00
6.165950e-01 3.907973e-01 5.130538e-01 6.449393e-01 1.312839e+00
6.309573e-01 3.853039e-01 5.069289e-01 6.367386e-01 1.315660e+00
6.456542e-01 3.798738e-01 5.008892e-01 6.286446e-01 1.318567e+00
6.606934e-01 3.745056e-01 4.949337e-01 6.206560e-01 1.321565e+00
6.760830e-01 3.691984e-01 4.890613e-01 6.127711e-01 1.324657e+00
6.918310e-01 3.639509e-01 4.832710e-01 6.049885e-01 1.327847e+00
7.079458e-01 3.587619e-01 4.775618e-01 5.973068e-01 1.331139e+00
7.244360e-01 3.536304e-01 4.719326e-01 5.897244e-01 1.334536e+00
7.413102e-01 3.485551e-01 4.663824e-01 5.822398e-01 1.338045e+00
7.585776e-01 3.435350e-01 4.609100e-01 5.748516e-01 1.341668e+00
7.762471e-01 3.385688e-01 4.555146e-01 5.675583e-01 1.345412e+00
7.943282e-01 3.336555e-01 4.501950e-01 5.603584e-01 1.349281e+00
8.128305e-01 3.287940e-01 4.449501e-01 5.532505e-01 1.353279e+00
8.317638e-01 3.239831e-01 4.397789e-01 5.462330e-01 1.357413e+00
8.511380e-01 3.192217e-01 4.346803e-01 5.393046e-01 1.361688e+00
8.709636e-01 3.145087e-01 4.296531e-01 5.324636e-01 1.366109e+00
8.912509e-01 3.098430e-01 4.246964e-01 5.257088e-01 1.370683e+00
9.120108e-01 3.052235e-01 4.198090e-01 5.190385e-01 1.375415e+00
9.332543e-01 3.006493e-01 4.149897e-01 5.124514e-01 1.380312e+00
9.549926e-01 2.961191e-01 4.102374e-01 5.059459e-01 1.385380e+00
9.772372e-01 2.916319e-01 4.055510e-01 4.995206e-01 1.390626e+00
1.000000e+00 2.871868e-01 4.009293e-01 4.931739e-01 1.396057e+00
1.023293e+00 2.827827e-01 3.963710e-01 4.869045e-01 1.401681e+00
1.047129e+00 2.784186e-01 3.918750e-01 4.807109e-01 1.407503e+00
1.071519e+00 2.740935e-01 3.874401e-01 4.745915e-01 1.413533e+00
1.096478e+00 2.698064e-01 3.830650e-01 4.685449e-01 1.419777e+00
1.122018e+00 2.655565e-01 3.787485e-01 4.625696e-01 1.426244e+00
1.148154e+00 2.613428e-01 3.744892e-01 4.566642e-01 1.432942e+00
1.174898e+00 2.571645e-01 3.702858e-01 4.508272e-01 1.439879e+00
1.202264e+00 2.530207e-01 3.661372e-01 4.450572e-01 1.447064e+00
1.230269e+00 2.489105e-01 3.620419e-01 4.393527e-01 1.454506e+00
1.258925e+00 2.448332e-01 3.579985e-01 4.337122e-01 1.462214e+00
1.288250e+00 2.407881e-01 3.540058e-01 4.281343e-01 1.470196e+00
1.318257e+00 2.367744e-01 3.500623e-01 4.226177e-01 1.478463e+00
1.348963e+00 2.327914e-01 3.461666e-01 4.171608e-01 1.487025e+00
1.380384e+00 2.288386e-01 3.423173e-01 4.117624e-01 1.495890e+00
1.412538e+00 2.249153e-01 3.385131e-01 4.064210e-01 1.505070e+00
1.445440e+00 2.210210e-01 3.347525e-01 4.011353e-01 1.514574e+00
1.479108e+00 2.171552e-01 3.310341e-01 3.959039e-01 1.524413e+00
1.513561e+00 2.133174e-01 3.273563e-01 3.907256e-01 1.534597e+00
1.548817e+00 2.095073e-01 3.237179e-01 3.855990e-01 1.545139e+00
1.584893e+00 2.057246e-01 3.201173e-01 3.805229e-01 1.556048e+00
1.621810e+00 2.019689e-01 3.165532e-01 3.754961e-01 1.567337e+00
1.659587e+00 1.982400e-01 3.130240e-01 3.705174e-01 1.579016e+00
1.698244e+00 1.945377e-01 3.095284e-01 3.655855e-01 1.591098e+00
1.737801e+00 1.908619e-01 3.060650e-01 3.606994e-01 1.603594e+00
1.778279e+00 1.872126e-01 3.026323e-01 3.558580e-01 1.616517e+00
1.819701e+00 1.835897e-01 2.992291e-01 3.510601e-01 1.629880e+00
1.862087e+00 1.799933e-01 2.958539e-01 3.463049e-01 1.643694e+00
1.905461e+00 1.764234e-01 2.925054e-01 3.415913e-01 1.657974e+00
1.949845e+00 1.728803e-01 2.891823e-01 3.369184e-01 1.672731e+00
1.995262e+00 1.693642e-01 2.858833e-01 3.322853e-01 1.687980e+00
2.041738e+00 1.658752e-01 2.826073e-01 3.276911e-01 1.703734e+00
2.089296e+00 1.624138e-01 2.793530e-01 3.231352e-01 1.720008e+00
2.137962e+00 1.589803e-01 2.761192e-01 3.186166e-01 1.736815e+00
2.187762e+00 1.555751e-01 2.729049e-01 3.141348e-01 1.754169e+00
2.238721e+00 1.521986e-01 2.697090e-01 3.096891e-01 1.772086e+00
2.290868e+00 1.488514e-01 2.665305e-01 3.052790e-01 1.790581e+00
2.344229e+00 1.455340e-01 2.633683e-01 3.009037e-01 1.809668e+00
2.398833e+00 1.422471e-01 2.602217e-01 2.965629e-01 1.829364e+00
2.454709e+00 1.389911e-01 2.570898e-01 2.922562e-01 1.849685e+00
2.511886e+00 1.357668e-01 2.539717e-01 2.879830e-01 1.870647e+00
2.570396e+00 1.325748e-01 2.508667e-01 2.837432e-01 1.892266e+00
2.630268e+00 1.294158e-01 2.477743e-01 2.795363e-01 1.914559e+00
2.691535e+00 1.262906e-01 2.446938e-01 2.753622e-01 1.937545e+00
2.754229e+00 1.231999e-01 2.416246e-01 2.712207e-01 1.961240e+00
2.818383e+00 1.201444e-01 2.385663e-01 2.671115e-01 1.985663e+00
2.884032e+00 1.171249e-01 2.355185e-01 2.630346e-01 2.010832e+00
2.951209e+00 1.141421e-01 2.324808e-01 2.589899e-01 2.036766e+00
3.019952e+00 1.111969e-01 2.294531e-01 2.549774e-01 2.063484e+00
3.090295e+00 1.082899e-01 2.264351e-01 2.509971e-01 2.091007e+00
3.162278e+00 1.054220e-01 2.234266e-01 2.470491e-01 2.119355e+00
3.235937e+00 1.025938e-01 2.204277e-01 2.431334e-01 2.148547e+00
3.311311e+00 9.980614e-02 2.174383e-01 2.392502e-01 2.178606e+00
3.388442e+00 9.705965e-02 2.144584e-01 2.353997e-01 2.209553e+00
3.467369e+00 9.435504e-02 2.114883e-01 2.315819e-01 2.241410e+00
3.548134e+00 9.169296e-02 2.085281e-01 2.277972e-01 2.274199e+00
3.630781e+00 8.907404e-02 2.055779e-01 2.240457e-01 2.307944e+00
3.715352e+00 8.649888e-02 2.026382e-01 2.203277e-01 2.342669e+00
3.801894e+00 8.396803e-02 1.997093e-01 2.166436e-01 2.378397e+00
3.890451e+00 8.148201e-02 1.967915e-01 2.129935e-01 2.415153e+00
3.981072e+00 7.904130e-02 1.938854e-01 2.093778e-01 2.452963e+00
4.073803e+00 7.664633e-02 1.909913e-01 2.057968e-01 2.491851e+00
4.168694e+00 7.429749e-02 1.881098e-01 2.022509e-01 2.531846e+00
4.265795e+00 7.199512e-02 1.852415e-01 1.987403e-01 2.572973e+00
4.365158e+00 6.973951e-02 1.823870e-01 1.952655e-01 2.615260e+00
4.466836e+00 6.753089e-02 1.795468e-01 1.918267e-01 2.658736e+00
4.570882e+00 6.536947e-02 1.767217e-01 1.884243e-01 2.703428e+00
4.677351e+00 6.325536e-02 1.739122e-01 1.850587e-01 2.749367e+00
4.786301e+00 6.118867e-02 1.711192e-01 1.817301e-01 2.796583e+00
4.897788e+00 5.916941e-02 1.683432e-01 1.784389e-01 2.845105e+00
5.011872e+00 5.719756e-02 1.655850e-01 1.751855e-01 2.894966e+00
5.128614e+00 5.527305e-02 1.628453e-01 1.719701e-01 2.946197e+00
5.248075e+00 5.339575e-02 1.601248e-01 1.687930e-01 2.998831e+00
5.370318e+00 5.156547e-02 1.574243e-01 1.656545e-01 3.052902e+00
5.495409e+00 4.978200e-02 1.547445e-01 1.625549e-01 3.108442e+00
5.623413e+00 4.804503e-02 1.520860e-01 1.594944e-01 3.165488e+00
5.754399e+00 4.635426e-02 1.494496e-01 1.564733e-01 3.224074e+00
5.888437e+00 4.470929e-02 1.468359e-01 1.534917e-01 3.284237e+00
6.025596e+00 4.310972e-02 1.442457e-01 1.505499e-01 3.346013e+00
6.165950e+00 4.155507e-02 1.416795e-01 1.476479e-01 3.409440e+00
6.309573e+00 4.004484e-02 1.391381e-01 1.447860e-01 3.474557e+00
6.456542e+00 3.857850e-02 1.366220e-01 1.419643e-01 3.541403e+00
6.606934e+00 3.715546e-02 1.341318e-01 1.391829e-01 3.610018e+00
6.760830e+00 3.577510e-02 1.316682e-01 1.364418e-01 3.680442e+00
6.918310e+00 3.443678e-02 1.292315e-01 1.337411e-01 3.752718e+00
7.079458e+00 3.313982e-02 1.268224e-01 1.310808e-01 3.826889e+00
7.244360e+00 3.188352e-02 1.244413e-01 1.284609e-01 3.902997e+00
7.413102e+00 3.066716e-02 1.220886e-01 1.258813e-01 3.981087e+00
7.585776e+00 2.948998e-02 1.197648e-01 1.233421e-01 4.061204e+00
7.762471e+00 2.835121e-02 1.174703e-01 1.208431e-01 4.143396e+00
7.943282e+00 2.725006e-02 1.152053e-01 1.183842e-01 4.227708e+00
8.128305e+00 2.618574e-02 1.129702e-01 1.159654e-01 4.314189e+00
8.317638e+00 2.515743e-02 1.107654e-01 1.135864e-01 4.402889e+00
8.511380e+00 2.416430e-02 1.085909e-01 1.112471e-01 4.493858e+00
8.709636e+00 2.320553e-02 1.064472e-01 1.089472e-01 4.587148e+00
8.912509e+00 2.228026e-02 1.043342e-01 1.066866e-01 4.682810e+00
9.120108e+00 2.138767e-02 1.022523e-01 1.044651e-01 4.780899e+00
9.332543e+00 2.052689e-02 1.002014e-01 1.022823e-01 4.881469e+00
9.549926e+00 1.969710e-02 9.818173e-02 1.001380e-01 4.984577e+00
9.772372e+00 1.889745e-02 9.619329e-02 9.803194e-02 5.090280e+00
1.000000e+01 1.812709e-02 9.423612e-02 9.596373e-02 5.198636e+00
