1.000000e-06 3.889905e+01 3.423149e-01 3.890056e+01 8.800083e-03
1.023293e-06 3.889880e+01 3.502840e-01 3.890038e+01 9.005008e-03
1.047129e-06 3.889854e+01 3.584384e-01 3.890019e+01 9.214702e-03
1.071519e-06 3.889826e+01 3.667825e-01 3.889999e+01 9.429276e-03
1.096478e-06 3.889797e+01 3.753205e-01 3.889978e+01 9.648844e-03
1.122018e-06 3.889767e+01 3.840570e-01 3.889957e+01 9.873522e-03
1.148154e-06 3.889736e+01 3.929966e-01 3.889934e+01 1.010343e-02
1.174898e-06 3.889702e+01 4.021440e-01 3.889910e+01 1.033868e-02
1.202264e-06 3.889668e+01 4.115040e-01 3.889885e+01 1.057941e-02
1.230269e-06 3.889631e+01 4.210815e-01 3.889859e+01 1.082574e-02
1.258925e-06 3.889593e+01 4.308815e-01 3.889832e+01 1.107780e-02
1.288250e-06 3.889553e+01 4.409092e-01 3.889803e+01 1.133573e-02
1.318257e-06 3.889512e+01 4.511698e-01 3.889773e+01 1.159965e-02
1.348963e-06 3.889468e+01 4.616688e-01 3.889742e+01 1.186972e-02
1.380384e-06 3.889422e+01 4.724116e-01 3.889709e+01 1.214606e-02
1.412538e-06 3.889374e+01 4.834039e-01 3.889675e+01 1.242883e-02
1.445440e-06 3.889324e+01 4.946514e-01 3.889639e+01 1.271818e-02
1.479108e-06 3.889272e+01 5.061600e-01 3.889601e+01 1.301426e-02
1.513561e-06 3.889217e+01 5.179357e-01 3.889562e+01 1.331722e-02
1.548817e-06 3.889159e+01 5.299846e-01 3.889520e+01 1.362723e-02
1.584893e-06 3.889099e+01 5.423132e-01 3.889477e+01 1.394444e-02
1.621810e-06 3.889036e+01 5.549277e-01 3.889432e+01 1.426903e-02
1.659587e-06 3.888970e+01 5.678348e-01 3.889384e+01 1.460116e-02
1.698244e-06 3.888900e+01 5.810412e-01 3.889334e+01 1.494101e-02
1.737801e-06 3.888828e+01 5.945538e-01 3.889282e+01 1.528877e-02
1.778279e-06 3.888752e+01 6.083796e-01 3.889228e+01 1.564460e-02
1.819701e-06 3.888673e+01 6.225257e-01 3.889171e+01 1.600869e-02
1.862087e-06 3.888589e+01 6.369996e-01 3.889111e+01 1.638125e-02
1.905461e-06 3.888502e+01 6.518088e-01 3.889049e+01 1.676246e-02
1.949845e-06 3.888411e+01 6.669609e-01 3.888983e+01 1.715253e-02
1.995262e-06 3.888316e+01 6.824637e-01 3.888915e+01 1.755165e-02
2.041738e-06 3.888216e+01 6.983253e-01 3.888843e+01 1.796004e-02
2.089296e-06 3.888111e+01 7.145538e-01 3.888768e+01 1.837792e-02
2.137962e-06 3.888002e+01 7.311577e-01 3.888689e+01 1.880549e-02
2.187762e-06 3.887887e+01 7.481455e-01 3.888607e+01 1.924299e-02
2.238721e-06 3.887767e+01 7.655259e-01 3.888520e+01 1.969063e-02
2.290868e-06 3.887641e+01 7.833079e-01 3.888430e+01 2.014867e-02
2.344229e-06 3.887509e+01 8.015005e-01 3.888336e+01 2.061733e-02
2.398833e-06 3.887372e+01 8.201131e-01 3.888237e+01 2.109685e-02
2.454709e-06 3.887227e+01 8.391552e-01 3.888133e+01 2.158750e-02
2.511886e-06 3.887076e+01 8.586365e-01 3.888024e+01 2.208952e-02
2.570396e-06 3.886918e+01 8.785669e-01 3.887911e+01 2.260318e-02
2.630268e-06 3.886752e+01 8.989566e-01 3.887792e+01 2.312873e-02
2.691535e-06 3.886579e+01 9.198159e-01 3.887667e+01 2.366647e-02
2.754229e-06 3.886397e+01 9.411554e-01 3.887537e+01 2.421665e-02
2.818383e-06 3.886207e+01 9.629858e-01 3.887400e+01 2.477958e-02
2.884032e-06 3.886008e+01 9.853182e-01 3.887257e+01 2.535553e-02
2.951209e-06 3.885800e+01 1.008164e+00 3.887108e+01 2.594482e-02
3.019952e-06 3.885582e+01 1.031534e+00 3.886951e+01 2.654773e-02
3.090295e-06 3.885354e+01 1.055440e+00 3.886787e+01 2.716459e-02
3.162278e-06 3.885115e+01 1.079895e+00 3.886615e+01 2.779570e-02
3.235937e-06 3.884865e+01 1.104910e+00 3.886436e+01 2.844140e-02
3.311311e-06 3.884603e+01 1.130498e+00 3.886248e+01 2.910202e-02
3.388442e-06 3.884329e+01 1.156671e+00 3.886051e+01 2.977789e-02
3.467369e-06 3.884042e+01 1.183443e+00 3.885844e+01 3.046937e-02
3.548134e-06 3.883741e+01 1.210826e+00 3.885629e+01 3.117679e-02
3.630781e-06 3.883427e+01 1.238834e+00 3.885403e+01 3.190053e-02
3.715352e-06 3.883098e+01 1.267480e+00 3.885166e+01 3.264095e-02
3.801894e-06 3.882753e+01 1.296779e+00 3.884918e+01 3.339843e-02
3.890451e-06 3.882393e+01 1.326744e+00 3.884659e+01 3.417336e-02
3.981072e-06 3.882015e+01 1.357390e+00 3.884388e+01 3.496611e-02
4.073803e-06 3.881620e+01 1.388732e+00 3.884104e+01 3.577711e-02
4.168694e-06 3.881207e+01 1.420784e+00 3.883807e+01 3.660674e-02
4.265795e-06 3.880774e+01 1.453561e+00 3.883495e+01 3.745544e-02
4.365158e-06 3.880321e+01 1.487080e+00 3.883170e+01 3.832362e-02
4.466836e-06 3.879847e+01 1.521355e+00 3.882829e+01 3.921172e-02
4.570882e-06 3.879351e+01 1.556403e+00 3.882472e+01 4.012018e-02
4.677351e-06 3.878832e+01 1.592239e+00 3.882099e+01 4.104945e-02
4.786301e-06 3.878289e+01 1.628881e+00 3.881708e+01 4.200000e-02
4.897788e-06 3.877720e+01 1.666345e+00 3.881299e+01 4.297229e-02
5.011872e-06 3.877125e+01 1.704648e+00 3.880871e+01 4.396679e-02
5.128614e-06 3.876503e+01 1.743806e+00 3.880423e+01 4.498400e-02
5.248075e-06 3.875851e+01 1.783838e+00 3.879954e+01 4.602442e-02
5.370318e-06 3.875170e+01 1.824761e+00 3.879464e+01 4.708855e-02
5.495409e-06 3.874457e+01 1.866593e+00 3.878950e+01 4.817689e-02
5.623413e-06 3.873710e+01 1.909352e+00 3.878413e+01 4.928999e-02
5.754399e-06 3.872930e+01 1.953055e+00 3.877851e+01 5.042837e-02
5.888437e-06 3.872113e+01 1.997723e+00 3.877263e+01 5.159258e-02
6.025596e-06 3.871259e+01 2.043373e+00 3.876648e+01 5.278316e-02
6.165950e-06 3.870365e+01 2.090024e+00 3.876004e+01 5.400069e-02
6.309573e-06 3.869430e+01 2.137695e+00 3.875330e+01 5.524573e-02
6.456542e-06 3.868452e+01 2.186405e+00 3.874626e+01 5.651886e-02
6.606934e-06 3.867429e+01 2.236174e+00 3.873889e+01 5.782068e-02
6.760830e-06 3.866360e+01 2.287021e+00 3.873118e+01 5.915178e-02
6.918310e-06 3.865241e+01 2.338965e+00 3.872311e+01 6.051278e-02
7.079458e-06 3.864071e+01 2.392025e+00 3.871468e+01 6.190429e-02
7.244360e-06 3.862847e+01 2.446223e+00 3.870585e+01 6.332694e-02
7.413102e-06 3.861568e+01 2.501576e+00 3.869662e+01 6.478136e-02
7.585776e-06 3.860230e+01 2.558105e+00 3.868697e+01 6.626821e-02
7.762471e-06 3.858832e+01 2.615830e+00 3.867688e+01 6.778812e-02
7.943282e-06 3.857370e+01 2.674769e+00 3.866633e+01 6.934178e-02
8.128305e-06 3.855842e+01 2.734942e+00 3.865529e+01 7.092984e-02
8.317638e-06 3.854244e+01 2.796369e+00 3.864375e+01 7.255298e-02
8.511380e-06 3.852575e+01 2.859069e+00 3.863169e+01 7.421189e-02
8.709636e-06 3.850830e+01 2.923059e+00 3.861908e+01 7.590725e-02
8.912509e-06 3.849007e+01 2.988360e+00 3.860590e+01 7.763977e-02
9.120108e-06 3.847102e+01 3.054989e+00 3.859212e+01 7.941015e-02
9.332543e-06 3.845111e+01 3.122965e+00 3.857773e+01 8.121910e-02
9.549926e-06 3.843032e+01 3.192304e+00 3.856268e+01 8.306733e-02
9.772372e-06 3.840860e+01 3.263024e+00 3.854695e+01 8.495556e-02
1.000000e-05 3.838591e+01 3.335141e+00 3.853052e+01 8.688451e-02
1.023293e-05 3.836222e+01 3.408672e+00 3.851336e+01 8.885491e-02
1.047129e-05 3.833748e+01 3.483630e+00 3.849543e+01 9.086749e-02
1.071519e-05 3.831165e+01 3.560032e+00 3.847670e+01 9.292296e-02
1.096478e-05 3.828469e+01 3.637890e+00 3.845714e+01 9.502206e-02
1.122018e-05 3.825654e+01 3.717216e+00 3.843671e+01 9.716551e-02
1.148154e-05 3.822717e+01 3.798024e+00 3.841538e+01 9.935405e-02
1.174898e-05 3.819652e+01 3.880323e+00 3.839311e+01 1.015884e-01
1.202264e-05 3.816454e+01 3.964122e+00 3.836986e+01 1.038692e-01
1.230269e-05 3.813118e+01 4.049429e+00 3.834560e+01 1.061973e-01
1.258925e-05 3.809640e+01 4.136252e+00 3.832028e+01 1.085733e-01
1.288250e-05 3.806012e+01 4.224595e+00 3.829386e+01 1.109979e-01
1.318257e-05 3.802230e+01 4.314461e+00 3.826630e+01 1.134719e-01
1.348963e-05 3.798287e+01 4.405853e+00 3.823755e+01 1.159958e-01
1.380384e-05 3.794178e+01 4.498769e+00 3.820756e+01 1.185703e-01
1.412538e-05 3.789897e+01 4.593209e+00 3.817630e+01 1.211961e-01
1.445440e-05 3.785437e+01 4.689166e+00 3.814370e+01 1.238738e-01
1.479108e-05 3.780793e+01 4.786636e+00 3.810973e+01 1.266040e-01
1.513561e-05 3.775957e+01 4.885607e+00 3.807432e+01 1.293873e-01
1.548817e-05 3.770922e+01 4.986069e+00 3.803743e+01 1.322241e-01
1.584893e-05 3.765683e+01 5.088007e+00 3.799901e+01 1.351151e-01
1.621810e-05 3.760232e+01 5.191404e+00 3.795899e+01 1.380607e-01
1.659587e-05 3.754562e+01 5.296238e+00 3.791733e+01 1.410614e-01
1.698244e-05 3.748666e+01 5.402488e+00 3.787396e+01 1.441176e-01
1.737801e-05 3.742537e+01 5.510124e+00 3.782882e+01 1.472296e-01
1.778279e-05 3.736168e+01 5.619118e+00 3.778187e+01 1.503979e-01
1.819701e-05 3.729552e+01 5.729434e+00 3.773303e+01 1.536226e-01
1.862087e-05 3.722680e+01 5.841035e+00 3.768226e+01 1.569040e-01
1.905461e-05 3.715547e+01 5.953878e+00 3.762947e+01 1.602423e-01
1.949845e-05 3.708144e+01 6.067919e+00 3.757463e+01 1.636376e-01
1.995262e-05 3.700464e+01 6.183105e+00 3.751765e+01 1.670900e-01
2.041738e-05 3.692500e+01 6.299384e+00 3.745848e+01 1.705994e-01
2.089296e-05 3.684245e+01 6.416695e+00 3.739706e+01 1.741658e-01
2.137962e-05 3.675692e+01 6.534975e+00 3.733332e+01 1.777890e-01
2.187762e-05 3.666833e+01 6.654155e+00 3.726720e+01 1.814687e-01
2.238721e-05 3.657663e+01 6.774163e+00 3.719864e+01 1.852047e-01
2.290868e-05 3.648174e+01 6.894921e+00 3.712758e+01 1.889965e-01
2.344229e-05 3.638360e+01 7.016346e+00 3.705395e+01 1.928436e-01
2.398833e-05 3.628215e+01 7.138350e+00 3.697770e+01 1.967455e-01
2.454709e-05 3.617733e+01 7.260840e+00 3.689877e+01 2.007014e-01
2.511886e-05 3.606909e+01 7.383721e+00 3.681709e+01 2.047105e-01
2.570396e-05 3.595737e+01 7.506889e+00 3.673262e+01 2.087719e-01
2.630268e-05 3.584212e+01 7.630238e+00 3.664530e+01 2.128847e-01
2.691535e-05 3.572331e+01 7.753657e+00 3.655509e+01 2.170475e-01
2.754229e-05 3.560090e+01 7.877030e+00 3.646192e+01 2.212593e-01
2.818383e-05 3.547485e+01 8.000237e+00 3.636576e+01 2.255186e-01
2.884032e-05 3.534514e+01 8.123155e+00 3.626657e+01 2.298239e-01
2.951209e-05 3.521174e+01 8.245656e+00 3.616431e+01 2.341735e-01
3.019952e-05 3.507464e+01 8.367610e+00 3.605894e+01 2.385658e-01
3.090295e-05 3.493383e+01 8.488881e+00 3.595043e+01 2.429989e-01
3.162278e-05 3.478931e+01 8.609334e+00 3.583876e+01 2.474707e-01
3.235937e-05 3.464109e+01 8.728830e+00 3.572391e+01 2.519790e-01
3.311311e-05 3.448919e+01 8.847227e+00 3.560586e+01 2.565218e-01
3.388442e-05 3.433362e+01 8.964384e+00 3.548461e+01 2.610964e-01
3.467369e-05 3.417441e+01 9.080158e+00 3.536014e+01 2.657005e-01
3.548134e-05 3.401161e+01 9.194407e+00 3.523247e+01 2.703314e-01
3.630781e-05 3.384527e+01 9.306986e+00 3.510160e+01 2.749863e-01
3.715352e-05 3.367543e+01 9.417755e+00 3.496754e+01 2.796625e-01
3.801894e-05 3.350218e+01 9.526574e+00 3.483032e+01 2.843569e-01
3.890451e-05 3.332557e+01 9.633304e+00 3.468997e+01 2.890664e-01
3.981072e-05 3.314570e+01 9.737813e+00 3.454653e+01 2.937881e-01
4.073803e-05 3.296266e+01 9.839967e+00 3.440003e+01 2.985186e-01
4.168694e-05 3.277654e+01 9.939642e+00 3.425052e+01 3.032547e-01
4.265795e-05 3.258747e+01 1.003672e+01 3.409808e+01 3.079931e-01
4.365158e-05 3.239555e+01 1.013107e+01 3.394275e+01 3.127304e-01
4.466836e-05 3.220091e+01 1.022260e+01 3.378462e+01 3.174631e-01
4.570882e-05 3.200369e+01 1.031120e+01 3.362376e+01 3.221880e-01
4.677351e-05 3.180402e+01 1.039679e+01 3.346026e+01 3.269016e-01
4.786301e-05 3.160205e+01 1.047926e+01 3.329421e+01 3.316006e-01
4.897788e-05 3.139793e+01 1.055854e+01 3.312572e+01 3.362815e-01
5.011872e-05 3.119182e+01 1.063458e+01 3.295488e+01 3.409413e-01
5.128614e-05 3.098388e+01 1.070730e+01 3.278181e+01 3.455766e-01
5.248075e-05 3.077427e+01 1.077667e+01 3.260663e+01 3.501844e-01
5.370318e-05 3.056316e+01 1.084264e+01 3.242946e+01 3.547617e-01
5.495409e-05 3.035072e+01 1.090519e+01 3.225042e+01 3.593058e-01
5.623413e-05 3.013712e+01 1.096430e+01 3.206964e+01 3.638138e-01
5.754399e-05 2.992253e+01 1.101997e+01 3.188727e+01 3.682834e-01
5.888437e-05 2.970712e+01 1.107221e+01 3.170342e+01 3.727122e-01
6.025596e-05 2.949106e+01 1.112102e+01 3.151824e+01 3.770981e-01
6.165950e-05 2.927451e+01 1.116645e+01 3.133187e+01 3.814394e-01
6.309573e-05 2.905763e+01 1.120853e+01 3.114445e+01 3.857343e-01
6.456542e-05 2.884059e+01 1.124730e+01 3.095612e+01 3.899816e-01
6.606934e-05 2.862354e+01 1.128283e+01 3.076702e+01 3.941801e-01
6.760830e-05 2.840662e+01 1.131519e+01 3.057727e+01 3.983292e-01
6.918310e-05 2.818998e+01 1.134444e+01 3.038702e+01 4.024283e-01
7.079458e-05 2.797374e+01 1.137069e+01 3.019641e+01 4.064772e-01
7.244360e-05 2.775805e+01 1.139401e+01 3.000555e+01 4.104761e-01
7.413102e-05 2.754301e+01 1.141452e+01 2.981457e+01 4.144254e-01
7.585776e-05 2.732873e+01 1.143232e+01 2.962359e+01 4.183259e-01
7.762471e-05 2.711531e+01 1.144751e+01 2.943273e+01 4.221787e-01
7.943282e-05 2.690285e+01 1.146022e+01 2.924209e+01 4.259852e-01
8.128305e-05 2.669143e+01 1.147056e+01 2.905178e+01 4.297471e-01
8.317638e-05 2.648110e+01 1.147867e+01 2.886189e+01 4.334663e-01
8.511380e-05 2.627195e+01 1.148466e+01 2.867251e+01 4.371452e-01
8.709636e-05 2.606401e+01 1.148866e+01 2.848371e+01 4.407864e-01
8.912509e-05 2.585732e+01 1.149080e+01 2.829557e+01 4.443926e-01
9.120108e-05 2.565191e+01 1.149121e+01 2.810816e+01 4.479669e-01
9.332543e-05 2.544781e+01 1.149001e+01 2.792152e+01 4.515126e-01
9.549926e-05 2.524502e+01 1.148733e+01 2.773572e+01 4.550333e-01
9.772372e-05 2.504355e+01 1.148328e+01 2.755077e+01 4.585325e-01
1.000000e-04 2.484338e+01 1.147799e+01 2.736672e+01 4.620142e-01
1.023293e-04 2.464449e+01 1.147157e+01 2.718359e+01 4.654822e-01
1.047129e-04 2.444686e+01 1.146413e+01 2.700139e+01 4.689408e-01
1.071519e-04 2.425045e+01 1.145577e+01 2.682013e+01 4.723940e-01
1.096478e-04 2.405523e+01 1.144659e+01 2.663979e+01 4.758461e-01
1.122018e-04 2.386114e+01 1.143668e+01 2.646038e+01 4.793012e-01
1.148154e-04 2.366813e+01 1.142612e+01 2.628187e+01 4.827637e-01
1.174898e-04 2.347614e+01 1.141499e+01 2.610424e+01 4.862378e-01
1.202264e-04 2.328510e+01 1.140336e+01 2.592745e+01 4.897275e-01
1.230269e-04 2.309495e+01 1.139128e+01 2.575147e+01 4.932371e-01
1.258925e-04 2.290560e+01 1.137882e+01 2.557625e+01 4.967703e-01
1.288250e-04 2.271700e+01 1.136602e+01 2.540174e+01 5.003310e-01
1.318257e-04 2.252904e+01 1.135290e+01 2.522789e+01 5.039229e-01
1.348963e-04 2.234167e+01 1.133950e+01 2.505463e+01 5.075494e-01
1.380384e-04 2.215479e+01 1.132583e+01 2.488191e+01 5.112137e-01
1.412538e-04 2.196834e+01 1.131191e+01 2.470966e+01 5.149188e-01
1.445440e-04 2.178222e+01 1.129773e+01 2.453780e+01 5.186674e-01
1.479108e-04 2.159636e+01 1.128328e+01 2.436627e+01 5.224620e-01
1.513561e-04 2.141069e+01 1.126855e+01 2.419500e+01 5.263046e-01
1.548817e-04 2.122514e+01 1.125351e+01 2.402390e+01 5.301971e-01
1.584893e-04 2.103962e+01 1.123812e+01 2.385291e+01 5.341409e-01
1.621810e-04 2.085409e+01 1.122236e+01 2.368195e+01 5.381371e-01
1.659587e-04 2.066848e+01 1.120617e+01 2.351094e+01 5.421864e-01
1.698244e-04 2.048274e+01 1.118950e+01 2.333983e+01 5.462892e-01
1.737801e-04 2.029681e+01 1.117228e+01 2.316852e+01 5.504452e-01
1.778279e-04 2.011066e+01 1.115446e+01 2.299697e+01 5.546541e-01
1.819701e-04 1.992424e+01 1.113596e+01 2.282510e+01 5.589149e-01
1.862087e-04 1.973754e+01 1.111670e+01 2.265285e+01 5.632263e-01
1.905461e-04 1.955053e+01 1.109661e+01 2.248017e+01 5.675864e-01
1.949845e-04 1.936319e+01 1.107561e+01 2.230700e+01 5.719930e-01
1.995262e-04 1.917552e+01 1.105361e+01 2.213330e+01 5.764436e-01
2.041738e-04 1.898753e+01 1.103052e+01 2.195902e+01 5.809348e-01
2.089296e-04 1.879923e+01 1.100626e+01 2.178414e+01 5.854633e-01
2.137962e-04 1.861063e+01 1.098073e+01 2.160861e+01 5.900249e-01
2.187762e-04 1.842176e+01 1.095386e+01 2.143242e+01 5.946154e-01
2.238721e-04 1.823267e+01 1.092556e+01 2.125555e+01 5.992298e-01
2.290868e-04 1.804340e+01 1.089574e+01 2.107798e+01 6.038629e-01
2.344229e-04 1.785400e+01 1.086432e+01 2.089973e+01 6.085090e-01
2.398833e-04 1.766453e+01 1.083122e+01 2.072078e+01 6.131622e-01
2.454709e-04 1.747506e+01 1.079637e+01 2.054116e+01 6.178160e-01
2.511886e-04 1.728567e+01 1.075970e+01 2.036088e+01 6.224637e-01
2.570396e-04 1.709643e+01 1.072114e+01 2.017996e+01 6.270982e-01
2.630268e-04 1.690745e+01 1.068064e+01 1.999845e+01 6.317122e-01
2.691535e-04 1.671881e+01 1.063815e+01 1.981637e+01 6.362981e-01
2.754229e-04 1.653061e+01 1.059361e+01 1.963379e+01 6.408480e-01
2.818383e-04 1.634296e+01 1.054699e+01 1.945074e+01 6.453538e-01
2.884032e-04 1.615596e+01 1.049827e+01 1.926730e+01 6.498074e-01
2.951209e-04 1.596974e+01 1.044741e+01 1.908352e+01 6.542004e-01
3.019952e-04 1.578439e+01 1.039441e+01 1.889949e+01 6.585243e-01
3.090295e-04 1.560004e+01 1.033925e+01 1.871527e+01 6.627706e-01
3.162278e-04 1.541681e+01 1.028195e+01 1.853096e+01 6.669310e-01
3.235937e-04 1.523480e+01 1.022250e+01 1.834663e+01 6.709967e-01
3.311311e-04 1.505415e+01 1.016094e+01 1.816238e+01 6.749596e-01
3.388442e-04 1.487496e+01 1.009729e+01 1.797831e+01 6.788114e-01
3.467369e-04 1.469735e+01 1.003158e+01 1.779451e+01 6.825440e-01
3.548134e-04 1.452142e+01 9.963867e+00 1.761109e+01 6.861495e-01
3.630781e-04 1.434730e+01 9.894190e+00 1.742814e+01 6.896205e-01
3.715352e-04 1.417508e+01 9.822614e+00 1.724577e+01 6.929496e-01
3.801894e-04 1.400486e+01 9.749203e+00 1.706409e+01 6.961300e-01
3.890451e-04 1.383675e+01 9.674032e+00 1.688320e+01 6.991552e-01
3.981072e-04 1.367082e+01 9.597178e+00 1.670321e+01 7.020192e-01
4.073803e-04 1.350717e+01 9.518727e+00 1.652422e+01 7.047164e-01
4.168694e-04 1.334588e+01 9.438769e+00 1.634634e+01 7.072420e-01
4.265795e-04 1.318702e+01 9.357397e+00 1.616967e+01 7.095914e-01
4.365158e-04 1.303065e+01 9.274709e+00 1.599432e+01 7.117609e-01
4.466836e-04 1.287684e+01 9.190809e+00 1.582037e+01 7.137472e-01
4.570882e-04 1.272564e+01 9.105801e+00 1.564792e+01 7.155478e-01
4.677351e-04 1.257708e+01 9.019792e+00 1.547707e+01 7.171609e-01
4.786301e-04 1.243122e+01 8.932891e+00 1.530790e+01 7.185851e-01
4.897788e-04 1.228808e+01 8.845208e+00 1.514050e+01 7.198200e-01
5.011872e-04 1.214769e+01 8.756855e+00 1.497494e+01 7.208658e-01
5.128614e-04 1.201006e+01 8.667942e+00 1.481131e+01 7.217233e-01
5.248075e-04 1.187521e+01 8.578580e+00 1.464966e+01 7.223941e-01
5.370318e-04 1.174313e+01 8.488881e+00 1.449007e+01 7.228806e-01
5.495409e-04 1.161383e+01 8.398951e+00 1.433260e+01 7.231856e-01
5.623413e-04 1.148729e+01 8.308899e+00 1.417729e+01 7.233126e-01
5.754399e-04 1.136350e+01 8.218829e+00 1.402420e+01 7.232659e-01
5.888437e-04 1.124243e+01 8.128845e+00 1.387337e+01 7.230504e-01
6.025596e-04 1.112407e+01 8.039045e+00 1.372484e+01 7.226713e-01
6.165950e-04 1.100837e+01 7.949527e+00 1.357863e+01 7.221346e-01
6.309573e-04 1.089531e+01 7.860385e+00 1.343478e+01 7.214468e-01
6.456542e-04 1.078483e+01 7.771707e+00 1.329331e+01 7.206146e-01
6.606934e-04 1.067690e+01 7.683580e+00 1.315422e+01 7.196453e-01
6.760830e-04 1.057146e+01 7.596086e+00 1.301754e+01 7.185467e-01
6.918310e-04 1.046846e+01 7.509303e+00 1.288325e+01 7.173267e-01
7.079458e-04 1.036784e+01 7.423305e+00 1.275137e+01 7.159937e-01
7.244360e-04 1.026954e+01 7.338160e+00 1.262189e+01 7.145560e-01
7.413102e-04 1.017350e+01 7.253935e+00 1.249479e+01 7.130225e-01
7.585776e-04 1.007966e+01 7.170688e+00 1.237006e+01 7.114019e-01
7.762471e-04 9.987944e+00 7.088477e+00 1.224767e+01 7.097033e-01
7.943282e-04 9.898290e+00 7.007352e+00 1.212762e+01 7.079356e-01
8.128305e-04 9.810626e+00 6.927361e+00 1.200986e+01 7.061080e-01
8.317638e-04 9.724882e+00 6.848546e+00 1.189437e+01 7.042292e-01
8.511380e-04 9.640987e+00 6.770946e+00 1.178110e+01 7.023084e-01
8.709636e-04 9.558868e+00 6.694594e+00 1.167003e+01 7.003543e-01
8.912509e-04 9.478452e+00 6.619520e+00 1.156110e+01 6.983757e-01
9.120108e-04 9.399669e+00 6.545750e+00 1.145428e+01 6.963809e-01
9.332543e-04 9.322445e+00 6.473305e+00 1.134952e+01 6.943785e-01
9.549926e-04 9.246708e+00 6.402202e+00 1.124677e+01 6.923764e-01
9.772372e-04 9.172389e+00 6.332456e+00 1.114597e+01 6.903824e-01
1.000000e-03 9.099415e+00 6.264077e+00 1.104708e+01 6.884043e-01
1.023293e-03 9.027719e+00 6.197070e+00 1.095004e+01 6.864492e-01
1.047129e-03 8.957231e+00 6.131441e+00 1.085479e+01 6.845241e-01
1.071519e-03 8.887884e+00 6.067187e+00 1.076128e+01 6.826357e-01
1.096478e-03 8.819614e+00 6.004307e+00 1.066946e+01 6.807902e-01
1.122018e-03 8.752355e+00 5.942794e+00 1.057925e+01 6.789937e-01
1.148154e-03 8.686045e+00 5.882639e+00 1.049061e+01 6.772517e-01
1.174898e-03 8.620623e+00 5.823830e+00 1.040347e+01 6.755696e-01
1.202264e-03 8.556030e+00 5.766355e+00 1.031778e+01 6.739521e-01
1.230269e-03 8.492210e+00 5.710196e+00 1.023347e+01 6.724040e-01
1.258925e-03 8.429106e+00 5.655334e+00 1.015050e+01 6.709293e-01
1.288250e-03 8.366666e+00 5.601750e+00 1.006880e+01 6.695319e-01
1.318257e-03 8.304839e+00 5.549420e+00 9.988314e+00 6.682153e-01
1.348963e-03 8.243574e+00 5.498321e+00 9.908988e+00 6.669826e-01
1.380384e-03 8.182826e+00 5.448426e+00 9.830768e+00 6.658367e-01
1.412538e-03 8.122550e+00 5.399708e+00 9.753598e+00 6.647800e-01
1.445440e-03 8.062702e+00 5.352139e+00 9.677425e+00 6.638146e-01
1.479108e-03 8.003242e+00 5.305689e+00 9.602199e+00 6.629424e-01
1.513561e-03 7.944132e+00 5.260326e+00 9.527868e+00 6.621650e-01
1.548817e-03 7.885336e+00 5.216019e+00 9.454384e+00 6.614835e-01
1.584893e-03 7.826819e+00 5.172735e+00 9.381699e+00 6.608989e-01
1.621810e-03 7.768549e+00 5.130441e+00 9.309768e+00 6.604118e-01
1.659587e-03 7.710497e+00 5.089103e+00 9.238546e+00 6.600227e-01
1.698244e-03 7.652634e+00 5.048685e+00 9.167990e+00 6.597317e-01
1.737801e-03 7.594936e+00 5.009154e+00 9.098059e+00 6.595386e-01
1.778279e-03 7.537378e+00 4.970473e+00 9.028714e+00 6.594433e-01
1.819701e-03 7.479939e+00 4.932608e+00 8.959916e+00 6.594450e-01
1.862087e-03 7.422598e+00 4.895523e+00 8.891631e+00 6.595430e-01
1.905461e-03 7.365339e+00 4.859182e+00 8.823823e+00 6.597363e-01
1.949845e-03 7.308144e+00 4.823549e+00 8.756461e+00 6.600238e-01
1.995262e-03 7.251001e+00 4.788590e+00 8.689512e+00 6.604040e-01
2.041738e-03 7.193897e+00 4.754269e+00 8.622948e+00 6.608753e-01
2.089296e-03 7.136821e+00 4.720551e+00 8.556741e+00 6.614360e-01
2.137962e-03 7.079765e+00 4.687401e+00 8.490865e+00 6.620843e-01
2.187762e-03 7.022721e+00 4.654785e+00 8.425297e+00 6.628180e-01
2.238721e-03 6.965684e+00 4.622670e+00 8.360014e+00 6.636349e-01
2.290868e-03 6.908650e+00 4.591023e+00 8.294994e+00 6.645326e-01
2.344229e-03 6.851616e+00 4.559810e+00 8.230219e+00 6.655087e-01
2.398833e-03 6.794583e+00 4.529000e+00 8.165671e+00 6.665604e-01
2.454709e-03 6.737549e+00 4.498561e+00 8.101334e+00 6.676850e-01
2.511886e-03 6.680518e+00 4.468462e+00 8.037193e+00 6.688796e-01
2.570396e-03 6.623493e+00 4.438675e+00 7.973236e+00 6.701412e-01
2.630268e-03 6.566477e+00 4.409170e+00 7.909450e+00 6.714667e-01
2.691535e-03 6.509477e+00 4.379920e+00 7.845826e+00 6.728527e-01
2.754229e-03 6.452500e+00 4.350896e+00 7.782355e+00 6.742961e-01
2.818383e-03 6.395554e+00 4.322073e+00 7.719030e+00 6.757933e-01
2.884032e-03 6.338647e+00 4.293425e+00 7.655844e+00 6.773409e-01
2.951209e-03 6.281791e+00 4.264929e+00 7.592794e+00 6.789352e-01
3.019952e-03 6.224996e+00 4.236562e+00 7.529876e+00 6.805726e-01
3.090295e-03 6.168274e+00 4.208301e+00 7.467087e+00 6.822494e-01
3.162278e-03 6.111637e+00 4.180126e+00 7.404429e+00 6.839617e-01
3.235937e-03 6.055100e+00 4.152017e+00 7.341899e+00 6.857058e-01
3.311311e-03 5.998677e+00 4.123956e+00 7.279501e+00 6.874776e-01
3.388442e-03 5.942382e+00 4.095926e+00 7.217237e+00 6.892733e-01
3.467369e-03 5.886232e+00 4.067910e+00 7.155111e+00 6.910889e-01
3.548134e-03 5.830241e+00 4.039894e+00 7.093127e+00 6.929205e-01
3.630781e-03 5.774427e+00 4.011864e+00 7.031291e+00 6.947640e-01
3.715352e-03 5.718805e+00 3.983809e+00 6.969610e+00 6.966156e-01
3.801894e-03 5.663394e+00 3.955717e+00 6.908092e+00 6.984711e-01
3.890451e-03 5.608210e+00 3.927579e+00 6.846744e+00 7.003266e-01
3.981072e-03 5.553271e+00 3.899386e+00 6.785575e+00 7.021783e-01
4.073803e-03 5.498594e+00 3.871132e+00 6.724597e+00 7.040222e-01
4.168694e-03 5.444196e+00 3.842811e+00 6.663818e+00 7.058546e-01
4.265795e-03 5.390096e+00 3.814418e+00 6.603250e+00 7.076717e-01
4.365158e-03 5.336309e+00 3.785950e+00 6.542905e+00 7.094698e-01
4.466836e-03 5.282854e+00 3.757405e+00 6.482795e+00 7.112453e-01
4.570882e-03 5.229746e+00 3.728782e+00 6.422932e+00 7.129949e-01
4.677351e-03 5.177003e+00 3.700082e+00 6.363329e+00 7.147151e-01
4.786301e-03 5.124639e+00 3.671305e+00 6.303999e+00 7.164027e-01
4.897788e-03 5.072671e+00 3.642455e+00 6.244956e+00 7.180546e-01
5.011872e-03 5.021114e+00 3.613535e+00 6.186212e+00 7.196680e-01
5.128614e-03 4.969981e+00 3.584550e+00 6.127782e+00 7.212401e-01
5.248075e-03 4.919287e+00 3.555504e+00 6.069678e+00 7.227682e-01
5.370318e-03 4.869044e+00 3.526405e+00 6.011915e+00 7.242501e-01
5.495409e-03 4.819264e+00 3.497260e+00 5.954506e+00 7.256834e-01
5.623413e-03 4.769960e+00 3.468077e+00 5.897463e+00 7.270663e-01
5.754399e-03 4.721141e+00 3.438864e+00 5.840801e+00 7.283969e-01
5.888437e-03 4.672817e+00 3.409631e+00 5.784531e+00 7.296736e-01
6.025596e-03 4.624996e+00 3.380387e+00 5.728666e+00 7.308951e-01
6.165950e-03 4.577688e+00 3.351144e+00 5.673217e+00 7.320604e-01
6.309573e-03 4.530898e+00 3.321911e+00 5.618197e+00 7.331684e-01
6.456542e-03 4.484634e+00 3.292701e+00 5.563616e+00 7.342185e-01
6.606934e-03 4.438899e+00 3.263524e+00 5.509484e+00 7.352103e-01
6.760830e-03 4.393698e+00 3.234393e+00 5.455811e+00 7.361437e-01
6.918310e-03 4.349034e+00 3.205319e+00 5.402607e+00 7.370185e-01
7.079458e-03 4.304909e+00 3.176314e+00 5.349880e+00 7.378352e-01
7.244360e-03 4.261326e+00 3.147390e+00 5.297637e+00 7.385941e-01
7.413102e-03 4.218283e+00 3.118559e+00 5.245886e+00 7.392959e-01
7.585776e-03 4.175781e+00 3.089834e+00 5.194634e+00 7.399415e-01
7.762471e-03 4.133818e+00 3.061225e+00 5.143885e+00 7.405321e-01
7.943282e-03 4.092392e+00 3.032744e+00 5.093644e+00 7.410688e-01
8.128305e-03 4.051500e+00 3.004402e+00 5.043916e+00 7.415530e-01
8.317638e-03 4.011139e+00 2.976211e+00 4.994704e+00 7.419865e-01
8.511380e-03 3.971303e+00 2.948180e+00 4.946010e+00 7.423710e-01
8.709636e-03 3.931989e+00 2.920320e+00 4.897837e+00 7.427082e-01
8.912509e-03 3.893189e+00 2.892641e+00 4.850185e+00 7.430003e-01
9.120108e-03 3.854898e+00 2.865151e+00 4.803054e+00 7.432494e-01
9.332543e-03 3.817109e+00 2.837859e+00 4.756444e+00 7.434576e-01
9.549926e-03 3.779814e+00 2.810773e+00 4.710354e+00 7.436273e-01
9.772372e-03 3.743006e+00 2.783901e+00 4.664783e+00 7.437607e-01
1.000000e-02 3.706677e+00 2.757249e+00 4.619727e+00 7.438603e-01
1.023293e-02 3.670817e+00 2.730825e+00 4.575184e+00 7.439284e-01
1.047129e-02 3.635419e+00 2.704634e+00 4.531150e+00 7.439675e-01
1.071519e-02 3.600473e+00 2.678680e+00 4.487620e+00 7.439800e-01
1.096478e-02 3.565971e+00 2.652969e+00 4.444592e+00 7.439683e-01
1.122018e-02 3.531902e+00 2.627505e+00 4.402058e+00 7.439348e-01
1.148154e-02 3.498258e+00 2.602290e+00 4.360015e+00 7.438817e-01
1.174898e-02 3.465030e+00 2.577329e+00 4.318455e+00 7.438114e-01
1.202264e-02 3.432207e+00 2.552622e+00 4.277373e+00 7.437261e-01
1.230269e-02 3.399781e+00 2.528171e+00 4.236763e+00 7.436278e-01
1.258925e-02 3.367742e+00 2.503979e+00 4.196617e+00 7.435186e-01
1.288250e-02 3.336081e+00 2.480045e+00 4.156929e+00 7.434006e-01
1.318257e-02 3.304790e+00 2.456369e+00 4.117692e+00 7.432754e-01
1.348963e-02 3.273860e+00 2.432952e+00 4.078899e+00 7.431448e-01
1.380384e-02 3.243283e+00 2.409793e+00 4.040542e+00 7.430104e-01
1.412538e-02 3.213049e+00 2.386890e+00 4.002615e+00 7.428738e-01
1.445440e-02 3.183152e+00 2.364242e+00 3.965110e+00 7.427363e-01
1.479108e-02 3.153583e+00 2.341848e+00 3.928020e+00 7.425993e-01
1.513561e-02 3.124336e+00 2.319706e+00 3.891338e+00 7.424637e-01
1.548817e-02 3.095403e+00 2.297813e+00 3.855057e+00 7.423308e-01
1.584893e-02 3.066778e+00 2.276167e+00 3.819171e+00 7.422013e-01
1.621810e-02 3.038455e+00 2.254765e+00 3.783672e+00 7.420762e-01
1.659587e-02 3.010427e+00 2.233605e+00 3.748554e+00 7.419561e-01
1.698244e-02 2.982689e+00 2.212683e+00 3.713812e+00 7.418418e-01
1.737801e-02 2.955235e+00 2.191997e+00 3.679439e+00 7.417336e-01
1.778279e-02 2.928062e+00 2.171545e+00 3.645429e+00 7.416321e-01
1.819701e-02 2.901163e+00 2.151322e+00 3.611777e+00 7.415377e-01
1.862087e-02 2.874535e+00 2.131326e+00 3.578477e+00 7.414507e-01
1.905461e-02 2.848173e+00 2.111554e+00 3.545525e+00 7.413714e-01
1.949845e-02 2.822074e+00 2.092003e+00 3.512916e+00 7.413000e-01
1.995262e-02 2.796234e+00 2.072671e+00 3.480645e+00 7.412369e-01
2.041738e-02 2.770649e+00 2.053556e+00 3.448708e+00 7.411821e-01
2.089296e-02 2.745318e+00 2.034653e+00 3.417102e+00 7.411359e-01
2.137962e-02 2.720235e+00 2.015962e+00 3.385821e+00 7.410985e-01
2.187762e-02 2.695400e+00 1.997480e+00 3.354863e+00 7.410702e-01
2.238721e-02 2.670808e+00 1.979206e+00 3.324225e+00 7.410511e-01
2.290868e-02 2.646458e+00 1.961136e+00 3.293903e+00 7.410417e-01
2.344229e-02 2.622347e+00 1.943270e+00 3.263893e+00 7.410421e-01
2.398833e-02 2.598472e+00 1.925605e+00 3.234194e+00 7.410530e-01
2.454709e-02 2.574831e+00 1.908142e+00 3.204802e+00 7.410746e-01
2.511886e-02 2.551421e+00 1.890877e+00 3.175715e+00 7.411075e-01
2.570396e-02 2.528241e+00 1.873811e+00 3.146930e+00 7.411523e-01
2.630268e-02 2.505287e+00 1.856943e+00 3.118445e+00 7.412097e-01
2.691535e-02 2.482557e+00 1.840271e+00 3.090256e+00 7.412805e-01
2.754229e-02 2.460048e+00 1.823795e+00 3.062362e+00 7.413655e-01
2.818383e-02 2.437758e+00 1.807514e+00 3.034760e+00 7.414655e-01
2.884032e-02 2.415684e+00 1.791427e+00 3.007448e+00 7.415818e-01
2.951209e-02 2.393824e+00 1.775536e+00 2.980423e+00 7.417152e-01
3.019952e-02 2.372174e+00 1.759837e+00 2.953682e+00 7.418670e-01
3.090295e-02 2.350731e+00 1.744333e+00 2.927222e+00 7.420385e-01
3.162278e-02 2.329492e+00 1.729021e+00 2.901042e+00 7.422310e-01
3.235937e-02 2.308454e+00 1.713902e+00 2.875138e+00 7.424459e-01
3.311311e-02 2.287614e+00 1.698975e+00 2.849507e+00 7.426846e-01
3.388442e-02 2.266967e+00 1.684240e+00 2.824147e+00 7.429486e-01
3.467369e-02 2.246512e+00 1.669697e+00 2.799054e+00 7.432396e-01
3.548134e-02 2.226244e+00 1.655344e+00 2.774225e+00 7.435592e-01
3.630781e-02 2.206159e+00 1.641182e+00 2.749657e+00 7.439090e-01
3.715352e-02 2.186254e+00 1.627209e+00 2.725347e+00 7.442908e-01
3.801894e-02 2.166525e+00 1.613425e+00 2.701291e+00 7.447062e-01
3.890451e-02 2.146968e+00 1.599828e+00 2.677485e+00 7.451570e-01
3.981072e-02 2.127580e+00 1.586419e+00 2.653926e+00 7.456450e-01
4.073803e-02 2.108356e+00 1.573196e+00 2.630610e+00 7.461719e-01
4.168694e-02 2.089293e+00 1.560157e+00 2.607534e+00 7.467396e-01
4.265795e-02 2.070386e+00 1.547302e+00 2.584694e+00 7.473498e-01
4.365158e-02 2.051632e+00 1.534630e+00 2.562085e+00 7.480043e-01
4.466836e-02 2.033027e+00 1.522137e+00 2.539705e+00 7.487049e-01
4.570882e-02 2.014567e+00 1.509825e+00 2.517549e+00 7.494534e-01
4.677351e-02 1.996249e+00 1.497689e+00 2.495613e+00 7.502516e-01
4.786301e-02 1.978068e+00 1.485729e+00 2.473893e+00 7.511011e-01
4.897788e-02 1.960022e+00 1.473944e+00 2.452386e+00 7.520038e-01
5.011872e-02 1.942105e+00 1.462330e+00 2.431086e+00 7.529614e-01
5.128614e-02 1.924315e+00 1.450887e+00 2.409992e+00 7.539757e-01
5.248075e-02 1.906648e+00 1.439611e+00 2.389098e+00 7.550483e-01
5.370318e-02 1.889101e+00 1.428502e+00 2.368401e+00 7.561810e-01
5.495409e-02 1.871670e+00 1.417557e+00 2.347896e+00 7.573755e-01
5.623413e-02 1.854352e+00 1.406773e+00 2.327581e+00 7.586336e-01
5.754399e-02 1.837143e+00 1.396149e+00 2.307450e+00 7.599570e-01
5.888437e-02 1.820040e+00 1.385683e+00 2.287501e+00 7.613474e-01
6.025596e-02 1.803040e+00 1.375371e+00 2.267730e+00 7.628065e-01
6.165950e-02 1.786140e+00 1.365212e+00 2.248133e+00 7.643362e-01
6.309573e-02 1.769337e+00 1.355203e+00 2.228705e+00 7.659382e-01
6.456542e-02 1.752627e+00 1.345342e+00 2.209445e+00 7.676143e-01
6.606934e-02 1.736008e+00 1.335626e+00 2.190347e+00 7.693663e-01
6.760830e-02 1.719476e+00 1.326053e+00 2.171408e+00 7.711961e-01
6.918310e-02 1.703029e+00 1.316621e+00 2.152626e+00 7.731055e-01
7.079458e-02 1.686663e+00 1.307326e+00 2.133995e+00 7.750964e-01
7.244360e-02 1.670375e+00 1.298167e+00 2.115512e+00 7.771708e-01
7.413102e-02 1.654164e+00 1.289140e+00 2.097174e+00 7.793304e-01
7.585776e-02 1.638025e+00 1.280243e+00 2.078977e+00 7.815773e-01
7.762471e-02 1.621956e+00 1.271473e+00 2.060918e+00 7.839135e-01
7.943282e-02 1.605954e+00 1.262827e+00 2.042993e+00 7.863409e-01
8.128305e-02 1.590016e+00 1.254302e+00 2.025198e+00 7.888615e-01
8.317638e-02 1.574140e+00 1.245896e+00 2.007529e+00 7.914773e-01
8.511380e-02 1.558323e+00 1.237605e+00 1.989984e+00 7.941903e-01
8.709636e-02 1.542561e+00 1.229425e+00 1.972557e+00 7.970025e-01
8.912509e-02 1.526854e+00 1.221355e+00 1.955247e+00 7.999158e-01
9.120108e-02 1.511197e+00 1.213389e+00 1.938048e+00 8.029323e-01
9.332543e-02 1.495589e+00 1.205525e+00 1.920957e+00 8.060539e-01
9.549926e-02 1.480027e+00 1.197760e+00 1.903972e+00 8.092824e-01
9.772372e-02 1.464509e+00 1.190088e+00 1.887087e+00 8.126196e-01
1.000000e-01 1.449032e+00 1.182508e+00 1.870299e+00 8.160675e-01
1.023293e-01 1.433595e+00 1.175014e+00 1.853605e+00 8.196278e-01
1.047129e-01 1.418195e+00 1.167603e+00 1.837001e+00 8.233020e-01
1.071519e-01 1.402831e+00 1.160270e+00 1.820483e+00 8.270918e-01
1.096478e-01 1.387501e+00 1.153011e+00 1.804049e+00 8.309987e-01
1.122018e-01 1.372203e+00 1.145823e+00 1.787694e+00 8.350241e-01
1.148154e-01 1.356937e+00 1.138699e+00 1.771416e+00 8.391692e-01
1.174898e-01 1.341700e+00 1.131637e+00 1.755210e+00 8.434353e-01
1.202264e-01 1.326493e+00 1.124632e+00 1.739074e+00 8.478234e-01
1.230269e-01 1.311314e+00 1.117678e+00 1.723005e+00 8.523344e-01
1.258925e-01 1.296162e+00 1.110771e+00 1.707000e+00 8.569692e-01
1.288250e-01 1.281038e+00 1.103907e+00 1.691056e+00 8.617282e-01
1.318257e-01 1.265942e+00 1.097080e+00 1.675170e+00 8.666121e-01
1.348963e-01 1.250872e+00 1.090287e+00 1.659339e+00 8.716211e-01
1.380384e-01 1.235831e+00 1.083522e+00 1.643563e+00 8.767555e-01
1.412538e-01 1.220818e+00 1.076780e+00 1.627837e+00 8.820152e-01
1.445440e-01 1.205835e+00 1.070058e+00 1.612161e+00 8.874001e-01
1.479108e-01 1.190882e+00 1.063351e+00 1.596532e+00 8.929100e-01
1.513561e-01 1.175961e+00 1.056653e+00 1.580949e+00 8.985442e-01
1.548817e-01 1.161074e+00 1.049961e+00 1.565411e+00 9.043021e-01
1.584893e-01 1.146221e+00 1.043271e+00 1.549915e+00 9.101830e-01
1.621810e-01 1.131406e+00 1.036578e+00 1.534462e+00 9.161859e-01
1.659587e-01 1.116631e+00 1.029879e+00 1.519051e+00 9.223097e-01
1.698244e-01 1.101897e+00 1.023170e+00 1.503680e+00 9.285530e-01
1.737801e-01 1.087208e+00 1.016447e+00 1.488350e+00 9.349145e-01
1.778279e-01 1.072567e+00 1.009706e+00 1.473060e+00 9.413925e-01
1.819701e-01 1.057976e+00 1.002946e+00 1.457811e+00 9.479854e-01
1.862087e-01 1.043438e+00 9.961616e-01 1.442602e+00 9.546914e-01
1.905461e-01 1.028958e+00 9.893515e-01 1.427435e+00 9.615083e-01
1.949845e-01 1.014538e+00 9.825130e-01 1.412310e+00 9.684343e-01
1.995262e-01 1.000181e+00 9.756436e-01 1.397227e+00 9.754670e-01
2.041738e-01 9.858918e-01 9.687415e-01 1.382188e+00 9.826042e-01
2.089296e-01 9.716736e-01 9.618048e-01 1.367194e+00 9.898436e-01
2.137962e-01 9.575299e-01 9.548322e-01 1.352246e+00 9.971826e-01
2.187762e-01 9.434647e-01 9.478222e-01 1.337345e+00 1.004619e+00
2.238721e-01 9.294815e-01 9.407740e-01 1.322494e+00 1.012149e+00
2.290868e-01 9.155840e-01 9.336867e-01 1.307695e+00 1.019772e+00
2.344229e-01 9.017761e-01 9.265598e-01 1.292948e+00 1.027483e+00
2.398833e-01 8.880614e-01 9.193932e-01 1.278255e+00 1.035281e+00
2.454709e-01 8.744434e-01 9.121867e-01 1.263620e+00 1.043163e+00
2.511886e-01 8.609258e-01 9.049405e-01 1.249044e+00 1.051125e+00
2.570396e-01 8.475119e-01 8.976550e-01 1.234529e+00 1.059165e+00
2.630268e-01 8.342053e-01 8.903308e-01 1.220077e+00 1.067280e+00
2.691535e-01 8.210092e-01 8.829687e-01 1.205691e+00 1.075467e+00
2.754229e-01 8.079268e-01 8.755697e-01 1.191372e+00 1.083724e+00
2.818383e-01 7.949611e-01 8.681349e-01 1.177124e+00 1.092047e+00
2.884032e-01 7.821151e-01 8.606657e-01 1.162949e+00 1.100434e+00
2.951209e-01 7.693915e-01 8.531636e-01 1.148848e+00 1.108881e+00
3.019952e-01 7.567932e-01 8.456300e-01 1.134824e+00 1.117386e+00
3.090295e-01 7.443226e-01 8.380669e-01 1.120880e+00 1.125946e+00
3.162278e-01 7.319821e-01 8.304761e-01 1.107018e+00 1.134558e+00
3.235937e-01 7.197739e-01 8.228594e-01 1.093239e+00 1.143219e+00
3.311311e-01 7.077002e-01 8.152191e-01 1.079547e+00 1.151927e+00
3.388442e-01 6.957629e-01 8.075573e-01 1.065943e+00 1.160679e+00
3.467369e-01 6.839637e-01 7.998761e-01 1.052430e+00 1.169472e+00
3.548134e-01 6.723043e-01 7.921780e-01 1.039009e+00 1.178303e+00
3.630781e-01 6.607863e-01 7.844652e-01 1.025682e+00 1.187169e+00
3.715352e-01 6.494109e-01 7.767402e-01 1.012452e+00 1.196069e+00
3.801894e-01 6.381794e-01 7.690054e-01 9.993209e-01 1.204999e+00
3.890451e-01 6.270928e-01 7.612633e-01 9.862896e-01 1.213956e+00
3.981072e-01 6.161520e-01 7.535165e-01 9.733603e-01 1.222939e+00
4.073803e-01 6.053577e-01 7.457674e-01 9.605347e-01 1.231945e+00
4.168694e-01 5.947107e-01 7.380186e-01 9.478145e-01 1.240971e+00
4.265795e-01 5.842114e-01 7.302726e-01 9.352011e-01 1.250014e+00
4.365158e-01 5.738602e-01 7.225320e-01 9.226960e-01 1.259073e+00
4.466836e-01 5.636572e-01 7.147993e-01 9.103008e-01 1.268145e+00
4.570882e-01 5.536027e-01 7.070771e-01 8.980167e-01 1.277228e+00
4.677351e-01 5.436967e-01 6.993679e-01 8.858451e-01 1.286320e+00
4.786301e-01 5.339389e-01 6.916740e-01 8.737870e-01 1.295418e+00
4.897788e-01 5.243293e-01 6.839981e-01 8.618437e-01 1.304520e+00
5.011872e-01 5.148673e-01 6.763426e-01 8.500163e-01 1.313625e+00
5.128614e-01 5.055527e-01 6.687098e-01 8.383056e-01 1.322730e+00
5.248075e-01 4.963848e-01 6.611022e-01 8.267127e-01 1.331834e+00
5.370318e-01 4.873629e-01 6.535220e-01 8.152384e-01 1.340935e+00
5.495409e-01 4.784865e-01 6.459717e-01 8.038835e-01 1.350031e+00
5.623413e-01 4.697545e-01 6.384533e-01 7.926487e-01 1.359121e+00
5.754399e-01 4.611661e-01 6.309693e-01 7.815346e-01 1.368204e+00
5.888437e-01 4.527203e-01 6.235216e-01 7.705419e-01 1.377278e+00
6.025596e-01 4.444160e-01 6.161125e-01 7.596711e-01 1.386342e+00
6.165950e-01 4.362520e-01 6.087440e-01 7.489226e-01 1.395396e+00
6.309573e-01 4.282270e-01 6.014182e-01 7.382969e-01 1.404438e+00
6.456542e-01 4.203398e-01 5.941370e-01 7.277941e-01 1.413469e+00
6.606934e-01 4.125889e-01 5.869023e-01 7.174148e-01 1.422487e+00
6.760830e-01 4.049728e-01 5.797161e-01 7.071589e-01 1.431494e+00
6.918310e-01 3.974901e-01 5.725800e-01 6.970267e-01 1.440489e+00
7.079458e-01 3.901391e-01 5.654959e-01 6.870183e-01 1.449473e+00
7.244360e-01 3.829181e-01 5.584654e-01 6.771336e-01 1.458446e+00
7.413102e-01 3.758255e-01 5.514901e-01 6.673726e-01 1.467410e+00
7.585776e-01 3.688594e-01 5.445717e-01 6.577352e-01 1.476367e+00
7.762471e-01 3.620179e-01 5.377116e-01 6.482212e-01 1.485318e+00
7.943282e-01 3.552993e-01 5.309113e-01 6.388305e-01 1.494265e+00
8.128305e-01 3.487015e-01 5.241720e-01 6.295626e-01 1.503211e+00
8.317638e-01 3.422224e-01 5.174952e-01 6.204171e-01 1.512160e+00
8.511380e-01 3.358602e-01 5.108819e-01 6.113938e-01 1.521115e+00
8.709636e-01 3.296126e-01 5.043334e-01 6.024920e-01 1.530079e+00
8.912509e-01 3.234775e-01 4.978507e-01 5.937112e-01 1.539058e+00
9.120108e-01 3.174527e-01 4.914349e-01 5.850508e-01 1.548057e+00
9.332543e-01 3.115361e-01 4.850867e-01 5.765101e-01 1.557080e+00
9.549926e-01 3.057253e-01 4.788071e-01 5.680882e-01 1.566135e+00
9.772372e-01 3.000180e-01 4.725968e-01 5.597843e-01 1.575228e+00
1.000000e+00 2.944120e-01 4.664563e-01 5.515976e-01 1.584366e+00
1.023293e+00 2.889049e-01 4.603864e-01 5.435271e-01 1.593557e+00
1.047129e+00 2.834942e-01 4.543875e-01 5.355716e-01 1.602810e+00
1.071519e+00 2.781778e-01 4.484599e-01 5.277302e-01 1.612134e+00
1.096478e+00 2.729531e-01 4.426040e-01 5.200016e-01 1.621539e+00
1.122018e+00 2.678177e-01 4.368199e-01 5.123846e-01 1.631034e+00
1.148154e+00 2.627693e-01 4.311077e-01 5.048778e-01 1.640632e+00
1.174898e+00 2.578054e-01 4.254675e-01 4.974799e-01 1.650344e+00
1.202264e+00 2.529237e-01 4.198992e-01 4.901895e-01 1.660181e+00
1.230269e+00 2.481218e-01 4.144026e-01 4.830051e-01 1.670158e+00
1.258925e+00 2.433972e-01 4.089773e-01 4.759250e-01 1.680288e+00
1.288250e+00 2.387477e-01 4.036230e-01 4.689478e-01 1.690584e+00
1.318257e+00 2.341709e-01 3.983393e-01 4.620717e-01 1.701062e+00
1.348963e+00 2.296645e-01 3.931256e-01 4.552950e-01 1.711738e+00
1.380384e+00 2.252264e-01 3.879811e-01 4.486160e-01 1.722627e+00
1.412538e+00 2.208542e-01 3.829052e-01 4.420328e-01 1.733746e+00
1.445440e+00 2.165459e-01 3.778970e-01 4.355437e-01 1.745113e+00
1.479108e+00 2.122993e-01 3.729556e-01 4.291467e-01 1.756744e+00
1.513561e+00 2.081124e-01 3.680799e-01 4.228399e-01 1.768659e+00
1.548817e+00 2.039833e-01 3.632689e-01 4.166215e-01 1.780876e+00
1.584893e+00 1.999099e-01 3.585213e-01 4.104894e-01 1.793414e+00
1.621810e+00 1.958906e-01 3.538360e-01 4.044417e-01 1.806294e+00
1.659587e+00 1.919235e-01 3.492116e-01 3.984764e-01 1.819535e+00
1.698244e+00 1.880071e-01 3.446468e-01 3.925915e-01 1.833159e+00
1.737801e+00 1.841397e-01 3.401401e-01 3.867851e-01 1.847185e+00
1.778279e+00 1.803198e-01 3.356900e-01 3.810551e-01 1.861637e+00
1.819701e+00 1.765461e-01 3.312950e-01 3.753997e-01 1.876535e+00
1.862087e+00 1.728173e-01 3.269536e-01 3.698168e-01 1.891902e+00
1.905461e+00 1.691323e-01 3.226640e-01 3.643046e-01 1.907761e+00
1.949845e+00 1.654899e-01 3.184248e-01 3.588611e-01 1.924134e+00
1.995262e+00 1.618893e-01 3.142342e-01 3.534845e-01 1.941044e+00
2.041738e+00 1.583295e-01 3.100906e-01 3.481730e-01 1.958515e+00
2.089296e+00 1.548098e-01 3.059924e-01 3.429248e-01 1.976570e+00
2.137962e+00 1.513295e-01 3.019378e-01 3.377382e-01 1.995234e+00
2.187762e+00 1.478882e-01 2.979253e-01 3.326115e-01 2.014530e+00
2.238721e+00 1.444855e-01 2.939532e-01 3.275432e-01 2.034483e+00
2.290868e+00 1.411209e-01 2.900200e-01 3.225317e-01 2.055118e+00
2.344229e+00 1.377943e-01 2.861240e-01 3.175755e-01 2.076458e+00
2.398833e+00 1.345055e-01 2.822638e-01 3.126733e-01 2.098530e+00
2.454709e+00 1.312546e-01 2.784379e-01 3.078237e-01 2.121358e+00
2.511886e+00 1.280415e-01 2.746448e-01 3.030255e-01 2.144967e+00
2.570396e+00 1.248665e-01 2.708833e-01 2.982774e-01 2.169383e+00
2.630268e+00 1.217298e-01 2.671521e-01 2.935786e-01 2.194632e+00
2.691535e+00 1.186316e-01 2.634499e-01 2.889279e-01 2.220739e+00
2.754229e+00 1.155724e-01 2.597756e-01 2.843244e-01 2.247731e+00
2.818383e+00 1.125525e-01 2.561283e-01 2.797673e-01 2.275634e+00
2.884032e+00 1.095725e-01 2.525068e-01 2.752559e-01 2.304473e+00
2.951209e+00 1.066328e-01 2.489104e-01 2.707894e-01 2.334276e+00
3.019952e+00 1.037340e-01 2.453382e-01 2.663674e-01 2.365070e+00
3.090295e+00 1.008768e-01 2.417897e-01 2.619893e-01 2.396880e+00
3.162278e+00 9.806173e-02 2.382641e-01 2.576546e-01 2.429736e+00
3.235937e+00 9.528942e-02 2.347611e-01 2.533630e-01 2.463663e+00
3.311311e+00 9.256051e-02 2.312801e-01 2.491143e-01 2.498691e+00
3.388442e+00 8.987564e-02 2.278209e-01 2.449081e-01 2.534846e+00
3.467369e+00 8.723546e-02 2.243833e-01 2.407444e-01 2.572157e+00
3.548134e+00 8.464056e-02 2.209671e-01 2.366231e-01 2.610652e+00
3.630781e+00 8.209154e-02 2.175723e-01 2.325440e-01 2.650362e+00
3.715352e+00 7.958897e-02 2.141989e-01 2.285072e-01 2.691313e+00
3.801894e+00 7.713338e-02 2.108470e-01 2.245128e-01 2.733537e+00
3.890451e+00 7.472527e-02 2.075168e-01 2.205609e-01 2.777063e+00
3.981072e+00 7.236508e-02 2.042086e-01 2.166515e-01 2.821922e+00
4.073803e+00 7.005321e-02 2.009227e-01 2.127848e-01 2.868144e+00
4.168694e+00 6.779001e-02 1.976594e-01 2.089611e-01 2.915761e+00
4.265795e+00 6.557578e-02 1.944193e-01 2.051805e-01 2.964803e+00
4.365158e+00 6.341074e-02 1.912027e-01 2.014432e-01 3.015304e+00
4.466836e+00 6.129508e-02 1.880101e-01 1.977496e-01 3.067296e+00
4.570882e+00 5.922889e-02 1.848422e-01 1.940997e-01 3.120812e+00
4.677351e+00 5.721223e-02 1.816995e-01 1.904940e-01 3.175885e+00
4.786301e+00 5.524509e-02 1.785826e-01 1.869325e-01 3.232551e+00
4.897788e+00 5.332738e-02 1.754921e-01 1.834156e-01 3.290845e+00
5.011872e+00 5.145896e-02 1.724287e-01 1.799436e-01 3.350800e+00
5.128614e+00 4.963962e-02 1.693930e-01 1.765165e-01 3.412455e+00
5.248075e+00 4.786910e-02 1.663856e-01 1.731347e-01 3.475846e+00
5.370318e+00 4.614706e-02 1.634072e-01 1.697983e-01 3.541011e+00
5.495409e+00 4.447312e-02 1.604585e-01 1.665076e-01 3.607987e+00
5.623413e+00 4.284684e-02 1.575399e-01 1.632626e-01 3.676815e+00
5.754399e+00 4.126773e-02 1.546522e-01 1.600635e-01 3.747533e+00
5.888437e+00 3.973523e-02 1.517959e-01 1.569104e-01 3.820184e+00
6.025596e+00 3.824876e-02 1.489716e-01 1.538035e-01 3.894808e+00
6.165950e+00 3.680768e-02 1.461798e-01 1.507426e-01 3.971449e+00
6.309573e+00 3.541131e-02 1.434210e-01 1.477280e-01 4.050148e+00
6.456542e+00 3.405892e-02 1.406958e-01 1.447595e-01 4.130952e+00
6.606934e+00 3.274978e-02 1.380045e-01 1.418372e-01 4.213905e+00
6.760830e+00 3.148310e-02 1.353476e-01 1.389610e-01 4.299054e+00
6.918310e+00 3.025806e-02 1.327254e-01 1.361307e-01 4.386446e+00
7.079458e+00 2.907384e-02 1.301383e-01 1.333464e-01 4.476130e+00
7.244360e+00 2.792957e-02 1.275866e-01 1.306078e-01 4.568155e+00
7.413102e+00 2.682437e-02 1.250705e-01 1.279148e-01 4.662571e+00
7.585776e+00 2.575736e-02 1.225904e-01 1.252671e-01 4.759432e+00
7.762471e+00 2.472763e-02 1.201464e-01 1.226646e-01 4.858789e+00
7.943282e+00 2.373428e-02 1.177386e-01 1.201070e-01 4.960697e+00
8.128305e+00 2.277637e-02 1.153672e-01 1.175940e-01 5.065212e+00
8.317638e+00 2.185299e-02 1.130322e-01 1.151253e-01 5.172391e+00
8.511380e+00 2.096320e-02 1.107337e-01 1.127006e-01 5.282291e+00
8.709636e+00 2.010609e-02 1.084718e-01 1.103195e-01 5.394973e+00
8.912509e+00 1.928073e-02 1.062464e-01 1.079817e-01 5.510496e+00
9.120108e+00 1.848620e-02 1.040574e-01 1.056868e-01 5.628925e+00
9.332543e+00 1.772159e-02 1.019049e-01 1.034343e-01 5.750321e+00
9.549926e+00 1.698600e-02 9.978854e-02 1.012239e-01 5.874752e+00
9.772372e+00 1.627853e-02 9.770834e-02 9.905509e-02 6.002283e+00
1.000000e+01 1.559830e-02 9.566411e-02 9.692744e-02 6.132983e+00
