1.000000e-06 1.728708e+01 1.613910e-02 1.728708e+01 9.335936e-04
1.023293e-06 1.728707e+01 1.651494e-02 1.728708e+01 9.553349e-04
1.047129e-06 1.728706e+01 1.689953e-02 1.728707e+01 9.775822e-04
1.071519e-06 1.728706e+01 1.729306e-02 1.728707e+01 1.000347e-03
1.096478e-06 1.728705e+01 1.769576e-02 1.728706e+01 1.023642e-03
1.122018e-06 1.728705e+01 1.810783e-02 1.728705e+01 1.047480e-03
1.148154e-06 1.728704e+01 1.852949e-02 1.728705e+01 1.071872e-03
1.174898e-06 1.728703e+01 1.896096e-02 1.728704e+01 1.096831e-03
1.202264e-06 1.728702e+01 1.940247e-02 1.728703e+01 1.122372e-03
1.230269e-06 1.728701e+01 1.985425e-02 1.728703e+01 1.148507e-03
1.258925e-06 1.728701e+01 2.031655e-02 1.728702e+01 1.175250e-03
1.288250e-06 1.728700e+01 2.078961e-02 1.728701e+01 1.202615e-03
1.318257e-06 1.728699e+01 2.127366e-02 1.728700e+01 1.230617e-03
1.348963e-06 1.728698e+01 2.176899e-02 1.728699e+01 1.259271e-03
1.380384e-06 1.728697e+01 2.227583e-02 1.728698e+01 1.288591e-03
1.412538e-06 1.728696e+01 2.279446e-02 1.728697e+01 1.318593e-03
1.445440e-06 1.728694e+01 2.332516e-02 1.728696e+01 1.349293e-03
1.479108e-06 1.728693e+01 2.386820e-02 1.728695e+01 1.380708e-03
1.513561e-06 1.728692e+01 2.442387e-02 1.728694e+01 1.412853e-03
1.548817e-06 1.728691e+01 2.499246e-02 1.728692e+01 1.445745e-03
1.584893e-06 1.728689e+01 2.557428e-02 1.728691e+01 1.479403e-03
1.621810e-06 1.728688e+01 2.616962e-02 1.728690e+01 1.513843e-03
1.659587e-06 1.728686e+01 2.677881e-02 1.728688e+01 1.549084e-03
1.698244e-06 1.728685e+01 2.740215e-02 1.728687e+01 1.585145e-03
1.737801e-06 1.728683e+01 2.803999e-02 1.728685e+01 1.622043e-03
1.778279e-06 1.728681e+01 2.869265e-02 1.728684e+01 1.659800e-03
1.819701e-06 1.728680e+01 2.936049e-02 1.728682e+01 1.698434e-03
1.862087e-06 1.728678e+01 3.004384e-02 1.728680e+01 1.737966e-03
1.905461e-06 1.728676e+01 3.074307e-02 1.728678e+01 1.778417e-03
1.949845e-06 1.728674e+01 3.145854e-02 1.728676e+01 1.819808e-03
1.995262e-06 1.728671e+01 3.219064e-02 1.728674e+01 1.862161e-03
2.041738e-06 1.728669e+01 3.293974e-02 1.728672e+01 1.905497e-03
2.089296e-06 1.728667e+01 3.370624e-02 1.728670e+01 1.949840e-03
2.137962e-06 1.728664e+01 3.449054e-02 1.728668e+01 1.995213e-03
2.187762e-06 1.728662e+01 3.529305e-02 1.728665e+01 2.041640e-03
2.238721e-06 1.728659e+01 3.611419e-02 1.728663e+01 2.089145e-03
2.290868e-06 1.728656e+01 3.695439e-02 1.728660e+01 2.137752e-03
2.344229e-06 1.728653e+01 3.781408e-02 1.728657e+01 2.187488e-03
2.398833e-06 1.728650e+01 3.869373e-02 1.728654e+01 2.238379e-03
2.454709e-06 1.728647e+01 3.959378e-02 1.728651e+01 2.290450e-03
2.511886e-06 1.728643e+01 4.051471e-02 1.728648e+01 2.343729e-03
2.570396e-06 1.728640e+01 4.145700e-02 1.728645e+01 2.398244e-03
2.630268e-06 1.728636e+01 4.242113e-02 1.728641e+01 2.454023e-03
2.691535e-06 1.728632e+01 4.340761e-02 1.728637e+01 2.511096e-03
2.754229e-06 1.728628e+01 4.441695e-02 1.728633e+01 2.569492e-03
2.818383e-06 1.728623e+01 4.544968e-02 1.728629e+01 2.629241e-03
2.884032e-06 1.728619e+01 4.650633e-02 1.728625e+01 2.690375e-03
2.951209e-06 1.728614e+01 4.758745e-02 1.728621e+01 2.752925e-03
3.019952e-06 1.728609e+01 4.869360e-02 1.728616e+01 2.816923e-03
3.090295e-06 1.728604e+01 4.982535e-02 1.728611e+01 2.882404e-03
3.162278e-06 1.728598e+01 5.098328e-02 1.728606e+01 2.949400e-03
3.235937e-06 1.728593e+01 5.216800e-02 1.728601e+01 3.017946e-03
3.311311e-06 1.728587e+01 5.338011e-02 1.728595e+01 3.088078e-03
3.388442e-06 1.728581e+01 5.462024e-02 1.728589e+01 3.159832e-03
3.467369e-06 1.728574e+01 5.588903e-02 1.728583e+01 3.233245e-03
3.548134e-06 1.728567e+01 5.718712e-02 1.728577e+01 3.308354e-03
3.630781e-06 1.728560e+01 5.851518e-02 1.728570e+01 3.385198e-03
3.715352e-06 1.728553e+01 5.987389e-02 1.728563e+01 3.463817e-03
3.801894e-06 1.728545e+01 6.126395e-02 1.728556e+01 3.544250e-03
3.890451e-06 1.728536e+01 6.268606e-02 1.728548e+01 3.626540e-03
3.981072e-06 1.728528e+01 6.414094e-02 1.728540e+01 3.710727e-03
4.073803e-06 1.728519e+01 6.562934e-02 1.728531e+01 3.796854e-03
4.168694e-06 1.728509e+01 6.715201e-02 1.728522e+01 3.884966e-03
4.265795e-06 1.728500e+01 6.870972e-02 1.728513e+01 3.975108e-03
4.365158e-06 1.728489e+01 7.030325e-02 1.728503e+01 4.067324e-03
4.466836e-06 1.728478e+01 7.193341e-02 1.728493e+01 4.161661e-03
4.570882e-06 1.728467e+01 7.360101e-02 1.728483e+01 4.258167e-03
4.677351e-06 1.728455e+01 7.530690e-02 1.728472e+01 4.356890e-03
4.786301e-06 1.728443e+01 7.705191e-02 1.728460e+01 4.457881e-03
4.897788e-06 1.728430e+01 7.883693e-02 1.728448e+01 4.561188e-03
5.011872e-06 1.728416e+01 8.066284e-02 1.728435e+01 4.666864e-03
5.128614e-06 1.728402e+01 8.253054e-02 1.728422e+01 4.774962e-03
5.248075e-06 1.728387e+01 8.444095e-02 1.728408e+01 4.885535e-03
5.370318e-06 1.728372e+01 8.639502e-02 1.728393e+01 4.998637e-03
5.495409e-06 1.728355e+01 8.839369e-02 1.728378e+01 5.114324e-03
5.623413e-06 1.728338e+01 9.043795e-02 1.728362e+01 5.232653e-03
5.754399e-06 1.728320e+01 9.252879e-02 1.728345e+01 5.353683e-03
5.888437e-06 1.728302e+01 9.466723e-02 1.728328e+01 5.477471e-03
6.025596e-06 1.728282e+01 9.685428e-02 1.728309e+01 5.604078e-03
6.165950e-06 1.728262e+01 9.909101e-02 1.728290e+01 5.733565e-03
6.309573e-06 1.728241e+01 1.013785e-01 1.728270e+01 5.865994e-03
6.456542e-06 1.728218e+01 1.037178e-01 1.728249e+01 6.001429e-03
6.606934e-06 1.728195e+01 1.061100e-01 1.728227e+01 6.139934e-03
6.760830e-06 1.728170e+01 1.085563e-01 1.728204e+01 6.281574e-03
6.918310e-06 1.728145e+01 1.110578e-01 1.728180e+01 6.426418e-03
7.079458e-06 1.728118e+01 1.136157e-01 1.728155e+01 6.574532e-03
7.244360e-06 1.728090e+01 1.162311e-01 1.728129e+01 6.725985e-03
7.413102e-06 1.728061e+01 1.189052e-01 1.728102e+01 6.880848e-03
7.585776e-06 1.728030e+01 1.216394e-01 1.728073e+01 7.039193e-03
7.762471e-06 1.727998e+01 1.244347e-01 1.728043e+01 7.201090e-03
7.943282e-06 1.727965e+01 1.272925e-01 1.728012e+01 7.366614e-03
8.128305e-06 1.727930e+01 1.302140e-01 1.727979e+01 7.535840e-03
8.317638e-06 1.727893e+01 1.332006e-01 1.727945e+01 7.708843e-03
8.511380e-06 1.727855e+01 1.362535e-01 1.727909e+01 7.885700e-03
8.709636e-06 1.727815e+01 1.393740e-01 1.727871e+01 8.066488e-03
8.912509e-06 1.727773e+01 1.425635e-01 1.727832e+01 8.251287e-03
9.120108e-06 1.727730e+01 1.458234e-01 1.727791e+01 8.440176e-03
9.332543e-06 1.727684e+01 1.491550e-01 1.727748e+01 8.633236e-03
9.549926e-06 1.727636e+01 1.525598e-01 1.727704e+01 8.830549e-03
9.772372e-06 1.727586e+01 1.560390e-01 1.727657e+01 9.032197e-03
1.000000e-05 1.727534e+01 1.595942e-01 1.727608e+01 9.238263e-03
1.023293e-05 1.727480e+01 1.632267e-01 1.727557e+01 9.448833e-03
1.047129e-05 1.727423e+01 1.669380e-01 1.727504e+01 9.663992e-03
1.071519e-05 1.727364e+01 1.707296e-01 1.727448e+01 9.883824e-03
1.096478e-05 1.727302e+01 1.746029e-01 1.727390e+01 1.010842e-02
1.122018e-05 1.727237e+01 1.785593e-01 1.727329e+01 1.033786e-02
1.148154e-05 1.727170e+01 1.826004e-01 1.727266e+01 1.057223e-02
1.174898e-05 1.727099e+01 1.867276e-01 1.727200e+01 1.081163e-02
1.202264e-05 1.727025e+01 1.909424e-01 1.727131e+01 1.105614e-02
1.230269e-05 1.726949e+01 1.952463e-01 1.727059e+01 1.130586e-02
1.258925e-05 1.726869e+01 1.996408e-01 1.726984e+01 1.156086e-02
1.288250e-05 1.726785e+01 2.041274e-01 1.726906e+01 1.182124e-02
1.318257e-05 1.726698e+01 2.087076e-01 1.726824e+01 1.208709e-02
1.348963e-05 1.726607e+01 2.133828e-01 1.726738e+01 1.235850e-02
1.380384e-05 1.726512e+01 2.181545e-01 1.726650e+01 1.263556e-02
1.412538e-05 1.726413e+01 2.230242e-01 1.726557e+01 1.291836e-02
1.445440e-05 1.726310e+01 2.279933e-01 1.726460e+01 1.320698e-02
1.479108e-05 1.726202e+01 2.330634e-01 1.726359e+01 1.350151e-02
1.513561e-05 1.726090e+01 2.382358e-01 1.726254e+01 1.380205e-02
1.548817e-05 1.725973e+01 2.435120e-01 1.726145e+01 1.410868e-02
1.584893e-05 1.725852e+01 2.488933e-01 1.726031e+01 1.442148e-02
1.621810e-05 1.725725e+01 2.543812e-01 1.725913e+01 1.474054e-02
1.659587e-05 1.725593e+01 2.599770e-01 1.725789e+01 1.506595e-02
1.698244e-05 1.725456e+01 2.656820e-01 1.725661e+01 1.539778e-02
1.737801e-05 1.725314e+01 2.714975e-01 1.725527e+01 1.573613e-02
1.778279e-05 1.725165e+01 2.774249e-01 1.725388e+01 1.608106e-02
1.819701e-05 1.725011e+01 2.834653e-01 1.725244e+01 1.643267e-02
1.862087e-05 1.724850e+01 2.896200e-01 1.725093e+01 1.679102e-02
1.905461e-05 1.724683e+01 2.958901e-01 1.724937e+01 1.715620e-02
1.949845e-05 1.724510e+01 3.022768e-01 1.724775e+01 1.752827e-02
1.995262e-05 1.724330e+01 3.087811e-01 1.724606e+01 1.790731e-02
2.041738e-05 1.724142e+01 3.154041e-01 1.724431e+01 1.829339e-02
2.089296e-05 1.723948e+01 3.221468e-01 1.724249e+01 1.868657e-02
2.137962e-05 1.723747e+01 3.290101e-01 1.724061e+01 1.908692e-02
2.187762e-05 1.723538e+01 3.359950e-01 1.723865e+01 1.949450e-02
2.238721e-05 1.723321e+01 3.431024e-01 1.723662e+01 1.990937e-02
2.290868e-05 1.723096e+01 3.503329e-01 1.723452e+01 2.033160e-02
2.344229e-05 1.722863e+01 3.576875e-01 1.723234e+01 2.076123e-02
2.398833e-05 1.722622e+01 3.651668e-01 1.723009e+01 2.119831e-02
2.454709e-05 1.722372e+01 3.727715e-01 1.722776e+01 2.164291e-02
2.511886e-05 1.722114e+01 3.805022e-01 1.722534e+01 2.209507e-02
2.570396e-05 1.721846e+01 3.883595e-01 1.722284e+01 2.255483e-02
2.630268e-05 1.721570e+01 3.963439e-01 1.722026e+01 2.302224e-02
2.691535e-05 1.721284e+01 4.044560e-01 1.721759e+01 2.349734e-02
2.754229e-05 1.720989e+01 4.126961e-01 1.721483e+01 2.398018e-02
2.818383e-05 1.720684e+01 4.210647e-01 1.721199e+01 2.447078e-02
2.884032e-05 1.720369e+01 4.295623e-01 1.720905e+01 2.496919e-02
2.951209e-05 1.720044e+01 4.381892e-01 1.720603e+01 2.547546e-02
3.019952e-05 1.719710e+01 4.469457e-01 1.720290e+01 2.598960e-02
3.090295e-05 1.719365e+01 4.558323e-01 1.719969e+01 2.651167e-02
3.162278e-05 1.719009e+01 4.648492e-01 1.719638e+01 2.704169e-02
3.235937e-05 1.718643e+01 4.739969e-01 1.719297e+01 2.757971e-02
3.311311e-05 1.718267e+01 4.832758e-01 1.718947e+01 2.812577e-02
3.388442e-05 1.717880e+01 4.926862e-01 1.718586e+01 2.867990e-02
3.467369e-05 1.717482e+01 5.022286e-01 1.718216e+01 2.924215e-02
3.548134e-05 1.717073e+01 5.119035e-01 1.717836e+01 2.981257e-02
3.630781e-05 1.716653e+01 5.217115e-01 1.717446e+01 3.039120e-02
3.715352e-05 1.716222e+01 5.316533e-01 1.717046e+01 3.097811e-02
3.801894e-05 1.715781e+01 5.417294e-01 1.716636e+01 3.157335e-02
3.890451e-05 1.715328e+01 5.519408e-01 1.716215e+01 3.217699e-02
3.981072e-05 1.714863e+01 5.622884e-01 1.715785e+01 3.278911e-02
4.073803e-05 1.714388e+01 5.727732e-01 1.715345e+01 3.340978e-02
4.168694e-05 1.713902e+01 5.833965e-01 1.714894e+01 3.403909e-02
4.265795e-05 1.713404e+01 5.941595e-01 1.714434e+01 3.467714e-02
4.365158e-05 1.712895e+01 6.050639e-01 1.713964e+01 3.532404e-02
4.466836e-05 1.712375e+01 6.161111e-01 1.713483e+01 3.597991e-02
4.570882e-05 1.711844e+01 6.273032e-01 1.712993e+01 3.664488e-02
4.677351e-05 1.711302e+01 6.386422e-01 1.712493e+01 3.731908e-02
4.786301e-05 1.710749e+01 6.501304e-01 1.711984e+01 3.800268e-02
4.897788e-05 1.710184e+01 6.617702e-01 1.711464e+01 3.869584e-02
5.011872e-05 1.709609e+01 6.735643e-01 1.710935e+01 3.939874e-02
5.128614e-05 1.709022e+01 6.855157e-01 1.710397e+01 4.011157e-02
5.248075e-05 1.708425e+01 6.976275e-01 1.709848e+01 4.083455e-02
5.370318e-05 1.707816e+01 7.099032e-01 1.709291e+01 4.156790e-02
5.495409e-05 1.707196e+01 7.223463e-01 1.708724e+01 4.231185e-02
5.623413e-05 1.706565e+01 7.349608e-01 1.708147e+01 4.306666e-02
5.754399e-05 1.705924e+01 7.477507e-01 1.707562e+01 4.383260e-02
5.888437e-05 1.705271e+01 7.607205e-01 1.706967e+01 4.460995e-02
6.025596e-05 1.704607e+01 7.738745e-01 1.706362e+01 4.539901e-02
6.165950e-05 1.703931e+01 7.872177e-01 1.705749e+01 4.620009e-02
6.309573e-05 1.703244e+01 8.007551e-01 1.705126e+01 4.701352e-02
6.456542e-05 1.702546e+01 8.144917e-01 1.704493e+01 4.783963e-02
6.606934e-05 1.701836e+01 8.284329e-01 1.703851e+01 4.867877e-02
6.760830e-05 1.701115e+01 8.425844e-01 1.703200e+01 4.953131e-02
6.918310e-05 1.700381e+01 8.569517e-01 1.702539e+01 5.039763e-02
7.079458e-05 1.699635e+01 8.715407e-01 1.701868e+01 5.127811e-02
7.244360e-05 1.698877e+01 8.863573e-01 1.701187e+01 5.217314e-02
7.413102e-05 1.698106e+01 9.014076e-01 1.700497e+01 5.308312e-02
7.585776e-05 1.697322e+01 9.166975e-01 1.699795e+01 5.400847e-02
7.762471e-05 1.696524e+01 9.322333e-01 1.699084e+01 5.494960e-02
7.943282e-05 1.695713e+01 9.480210e-01 1.698361e+01 5.590693e-02
8.128305e-05 1.694887e+01 9.640670e-01 1.697627e+01 5.688089e-02
8.317638e-05 1.694047e+01 9.803771e-01 1.696882e+01 5.787189e-02
8.511380e-05 1.693192e+01 9.969577e-01 1.696124e+01 5.888037e-02
8.709636e-05 1.692321e+01 1.013815e+00 1.695355e+01 5.990676e-02
8.912509e-05 1.691434e+01 1.030954e+00 1.694573e+01 6.095147e-02
9.120108e-05 1.690529e+01 1.048381e+00 1.693777e+01 6.201493e-02
9.332543e-05 1.689608e+01 1.066101e+00 1.692968e+01 6.309756e-02
9.549926e-05 1.688668e+01 1.084121e+00 1.692145e+01 6.419976e-02
9.772372e-05 1.687710e+01 1.102445e+00 1.691307e+01 6.532194e-02
1.000000e-04 1.686732e+01 1.121078e+00 1.690453e+01 6.646450e-02
1.023293e-04 1.685734e+01 1.140025e+00 1.689584e+01 6.762782e-02
1.047129e-04 1.684714e+01 1.159290e+00 1.688698e+01 6.881228e-02
1.071519e-04 1.683674e+01 1.178879e+00 1.687796e+01 7.001824e-02
1.096478e-04 1.682610e+01 1.198793e+00 1.686875e+01 7.124605e-02
1.122018e-04 1.681523e+01 1.219038e+00 1.685936e+01 7.249605e-02
1.148154e-04 1.680412e+01 1.239616e+00 1.684978e+01 7.376856e-02
1.174898e-04 1.679276e+01 1.260530e+00 1.684000e+01 7.506390e-02
1.202264e-04 1.678114e+01 1.281783e+00 1.683002e+01 7.638235e-02
1.230269e-04 1.676925e+01 1.303376e+00 1.681982e+01 7.772420e-02
1.258925e-04 1.675708e+01 1.325312e+00 1.680941e+01 7.908970e-02
1.288250e-04 1.674463e+01 1.347592e+00 1.679877e+01 8.047910e-02
1.318257e-04 1.673188e+01 1.370218e+00 1.678789e+01 8.189262e-02
1.348963e-04 1.671883e+01 1.393188e+00 1.677678e+01 8.333048e-02
1.380384e-04 1.670547e+01 1.416505e+00 1.676542e+01 8.479287e-02
1.412538e-04 1.669179e+01 1.440167e+00 1.675381e+01 8.627997e-02
1.445440e-04 1.667778e+01 1.464175e+00 1.674193e+01 8.779194e-02
1.479108e-04 1.666344e+01 1.488527e+00 1.672979e+01 8.932893e-02
1.513561e-04 1.664876e+01 1.513223e+00 1.671738e+01 9.089108e-02
1.548817e-04 1.663372e+01 1.538262e+00 1.670470e+01 9.247851e-02
1.584893e-04 1.661832e+01 1.563640e+00 1.669173e+01 9.409134e-02
1.621810e-04 1.660257e+01 1.589358e+00 1.667847e+01 9.572965e-02
1.659587e-04 1.658644e+01 1.615412e+00 1.666491e+01 9.739356e-02
1.698244e-04 1.656993e+01 1.641800e+00 1.665107e+01 9.908313e-02
1.737801e-04 1.655304e+01 1.668521e+00 1.663692e+01 1.007985e-01
1.778279e-04 1.653576e+01 1.695571e+00 1.662246e+01 1.025397e-01
1.819701e-04 1.651809e+01 1.722948e+00 1.660770e+01 1.043068e-01
1.862087e-04 1.650002e+01 1.750650e+00 1.659263e+01 1.060999e-01
1.905461e-04 1.648155e+01 1.778674e+00 1.657725e+01 1.079191e-01
1.949845e-04 1.646268e+01 1.807018e+00 1.656155e+01 1.097645e-01
1.995262e-04 1.644340e+01 1.835680e+00 1.654554e+01 1.116363e-01
2.041738e-04 1.642371e+01 1.864658e+00 1.652922e+01 1.135345e-01
2.089296e-04 1.640360e+01 1.893950e+00 1.651258e+01 1.154594e-01
2.137962e-04 1.638309e+01 1.923555e+00 1.649563e+01 1.174110e-01
2.187762e-04 1.636216e+01 1.953472e+00 1.647836e+01 1.193896e-01
2.238721e-04 1.634082e+01 1.983700e+00 1.646078e+01 1.213954e-01
2.290868e-04 1.631906e+01 2.014240e+00 1.644290e+01 1.234287e-01
2.344229e-04 1.629689e+01 2.045093e+00 1.642470e+01 1.254898e-01
2.398833e-04 1.627430e+01 2.076259e+00 1.640621e+01 1.275790e-01
2.454709e-04 1.625129e+01 2.107740e+00 1.638741e+01 1.296968e-01
2.511886e-04 1.622787e+01 2.139540e+00 1.636831e+01 1.318435e-01
2.570396e-04 1.620404e+01 2.171661e+00 1.634892e+01 1.340197e-01
2.630268e-04 1.617980e+01 2.204107e+00 1.632924e+01 1.362258e-01
2.691535e-04 1.615514e+01 2.236883e+00 1.630927e+01 1.384626e-01
2.754229e-04 1.613008e+01 2.269996e+00 1.628902e+01 1.407306e-01
2.818383e-04 1.610460e+01 2.303451e+00 1.626849e+01 1.430307e-01
2.884032e-04 1.607870e+01 2.337256e+00 1.624769e+01 1.453635e-01
2.951209e-04 1.605240e+01 2.371420e+00 1.622662e+01 1.477299e-01
3.019952e-04 1.602569e+01 2.405952e+00 1.620528e+01 1.501310e-01
3.090295e-04 1.599856e+01 2.440861e+00 1.618368e+01 1.525676e-01
3.162278e-04 1.597101e+01 2.476158e+00 1.616182e+01 1.550408e-01
3.235937e-04 1.594304e+01 2.511855e+00 1.613970e+01 1.575518e-01
3.311311e-04 1.591465e+01 2.547965e+00 1.611733e+01 1.601018e-01
3.388442e-04 1.588583e+01 2.584500e+00 1.609470e+01 1.626921e-01
3.467369e-04 1.585658e+01 2.621474e+00 1.607182e+01 1.653240e-01
3.548134e-04 1.582689e+01 2.658901e+00 1.604868e+01 1.679990e-01
3.630781e-04 1.579675e+01 2.696796e+00 1.602529e+01 1.707184e-01
3.715352e-04 1.576615e+01 2.735174e+00 1.600164e+01 1.734840e-01
3.801894e-04 1.573508e+01 2.774051e+00 1.597773e+01 1.762972e-01
3.890451e-04 1.570353e+01 2.813442e+00 1.595356e+01 1.791599e-01
3.981072e-04 1.567148e+01 2.853363e+00 1.592913e+01 1.820736e-01
4.073803e-04 1.563893e+01 2.893831e+00 1.590441e+01 1.850403e-01
4.168694e-04 1.560585e+01 2.934861e+00 1.587942e+01 1.880616e-01
4.265795e-04 1.557222e+01 2.976469e+00 1.585413e+01 1.911396e-01
4.365158e-04 1.553803e+01 3.018670e+00 1.582854e+01 1.942762e-01
4.466836e-04 1.550326e+01 3.061479e+00 1.580265e+01 1.974733e-01
4.570882e-04 1.546787e+01 3.104911e+00 1.577642e+01 2.007329e-01
4.677351e-04 1.543186e+01 3.148980e+00 1.574986e+01 2.040571e-01
4.786301e-04 1.539518e+01 3.193698e+00 1.572295e+01 2.074480e-01
4.897788e-04 1.535781e+01 3.239078e+00 1.569567e+01 2.109075e-01
5.011872e-04 1.531973e+01 3.285131e+00 1.566800e+01 2.144379e-01
5.128614e-04 1.528090e+01 3.331867e+00 1.563992e+01 2.180413e-01
5.248075e-04 1.524129e+01 3.379293e+00 1.561142e+01 2.217197e-01
5.370318e-04 1.520086e+01 3.427418e+00 1.558247e+01 2.254753e-01
5.495409e-04 1.515958e+01 3.476247e+00 1.555304e+01 2.293103e-01
5.623413e-04 1.511741e+01 3.525784e+00 1.552312e+01 2.332268e-01
5.754399e-04 1.507431e+01 3.576031e+00 1.549267e+01 2.372268e-01
5.888437e-04 1.503025e+01 3.626989e+00 1.546168e+01 2.413126e-01
6.025596e-04 1.498518e+01 3.678654e+00 1.543010e+01 2.454862e-01
6.165950e-04 1.493906e+01 3.731025e+00 1.539793e+01 2.497496e-01
6.309573e-04 1.489185e+01 3.784094e+00 1.536511e+01 2.541050e-01
6.456542e-04 1.484351e+01 3.837852e+00 1.533163e+01 2.585543e-01
6.606934e-04 1.479398e+01 3.892289e+00 1.529744e+01 2.630995e-01
6.760830e-04 1.474323e+01 3.947392e+00 1.526253e+01 2.677426e-01
6.918310e-04 1.469122e+01 4.003143e+00 1.522685e+01 2.724855e-01
7.079458e-04 1.463788e+01 4.059525e+00 1.519037e+01 2.773301e-01
7.244360e-04 1.458319e+01 4.116516e+00 1.515306e+01 2.822782e-01
7.413102e-04 1.452709e+01 4.174091e+00 1.511487e+01 2.873315e-01
7.585776e-04 1.446954e+01 4.232223e+00 1.507579e+01 2.924918e-01
7.762471e-04 1.441050e+01 4.290881e+00 1.503576e+01 2.977608e-01
7.943282e-04 1.434991e+01 4.350033e+00 1.499476e+01 3.031401e-01
8.128305e-04 1.428774e+01 4.409642e+00 1.495274e+01 3.086312e-01
8.317638e-04 1.422394e+01 4.469669e+00 1.490967e+01 3.142356e-01
8.511380e-04 1.415847e+01 4.530071e+00 1.486553e+01 3.199548e-01
8.709636e-04 1.409129e+01 4.590804e+00 1.482026e+01 3.257901e-01
8.912509e-04 1.402237e+01 4.651819e+00 1.477384e+01 3.317427e-01
9.120108e-04 1.395166e+01 4.713064e+00 1.472622e+01 3.378140e-01
9.332543e-04 1.387912e+01 4.774487e+00 1.467739e+01 3.440049e-01
9.549926e-04 1.380474e+01 4.836029e+00 1.462730e+01 3.503167e-01
9.772372e-04 1.372846e+01 4.897632e+00 1.457592e+01 3.567502e-01
1.000000e-03 1.365027e+01 4.959232e+00 1.452322e+01 3.633064e-01
1.023293e-03 1.357015e+01 5.020766e+00 1.446917e+01 3.699861e-01
1.047129e-03 1.348806e+01 5.082165e+00 1.441375e+01 3.767899e-01
1.071519e-03 1.340399e+01 5.143360e+00 1.435692e+01 3.837187e-01
1.096478e-03 1.331792e+01 5.204279e+00 1.429865e+01 3.907728e-01
1.122018e-03 1.322983e+01 5.264849e+00 1.423893e+01 3.979528e-01
1.148154e-03 1.313973e+01 5.324994e+00 1.417773e+01 4.052590e-01
1.174898e-03 1.304760e+01 5.384637e+00 1.411503e+01 4.126918e-01
1.202264e-03 1.295344e+01 5.443700e+00 1.405082e+01 4.202514e-01
1.230269e-03 1.285725e+01 5.502103e+00 1.398507e+01 4.279378e-01
1.258925e-03 1.275904e+01 5.559767e+00 1.391777e+01 4.357510e-01
1.288250e-03 1.265883e+01 5.616608e+00 1.384891e+01 4.436911e-01
1.318257e-03 1.255661e+01 5.672548e+00 1.377847e+01 4.517577e-01
1.348963e-03 1.245243e+01 5.727503e+00 1.370647e+01 4.599508e-01
1.380384e-03 1.234628e+01 5.781393e+00 1.363287e+01 4.682699e-01
1.412538e-03 1.223822e+01 5.834137e+00 1.355770e+01 4.767145e-01
1.445440e-03 1.212826e+01 5.885654e+00 1.348094e+01 4.852843e-01
1.479108e-03 1.201645e+01 5.935866e+00 1.340259e+01 4.939785e-01
1.513561e-03 1.190282e+01 5.984694e+00 1.332267e+01 5.027964e-01
1.548817e-03 1.178742e+01 6.032062e+00 1.324119e+01 5.117373e-01
1.584893e-03 1.167030e+01 6.077896e+00 1.315814e+01 5.208003e-01
1.621810e-03 1.155151e+01 6.122123e+00 1.307356e+01 5.299844e-01
1.659587e-03 1.143112e+01 6.164672e+00 1.298744e+01 5.392887e-01
1.698244e-03 1.130917e+01 6.205478e+00 1.289982e+01 5.487119e-01
1.737801e-03 1.118574e+01 6.244474e+00 1.281071e+01 5.582530e-01
1.778279e-03 1.106090e+01 6.281599e+00 1.272014e+01 5.679105e-01
1.819701e-03 1.093470e+01 6.316795e+00 1.262813e+01 5.776832e-01
1.862087e-03 1.080724e+01 6.350007e+00 1.253471e+01 5.875697e-01
1.905461e-03 1.067858e+01 6.381183e+00 1.243992e+01 5.975683e-01
1.949845e-03 1.054881e+01 6.410275e+00 1.234378e+01 6.076776e-01
1.995262e-03 1.041800e+01 6.437240e+00 1.224634e+01 6.178959e-01
2.041738e-03 1.028624e+01 6.462037e+00 1.214762e+01 6.282214e-01
2.089296e-03 1.015362e+01 6.484631e+00 1.204767e+01 6.386524e-01
2.137962e-03 1.002021e+01 6.504990e+00 1.194653e+01 6.491868e-01
2.187762e-03 9.886118e+00 6.523086e+00 1.184424e+01 6.598228e-01
2.238721e-03 9.751421e+00 6.538896e+00 1.174084e+01 6.705584e-01
2.290868e-03 9.616210e+00 6.552401e+00 1.163639e+01 6.813912e-01
2.344229e-03 9.480577e+00 6.563585e+00 1.153091e+01 6.923192e-01
2.398833e-03 9.344610e+00 6.572437e+00 1.142448e+01 7.033399e-01
2.454709e-03 9.208401e+00 6.578951e+00 1.131712e+01 7.144510e-01
2.511886e-03 9.072038e+00 6.583124e+00 1.120890e+01 7.256499e-01
2.570396e-03 8.935612e+00 6.584956e+00 1.109986e+01 7.369340e-01
2.630268e-03 8.799210e+00 6.584453e+00 1.099005e+01 7.483005e-01
2.691535e-03 8.662920e+00 6.581623e+00 1.087952e+01 7.597465e-01
2.754229e-03 8.526829e+00 6.576480e+00 1.076833e+01 7.712691e-01
2.818383e-03 8.391022e+00 6.569037e+00 1.065652e+01 7.828649e-01
2.884032e-03 8.255584e+00 6.559316e+00 1.054416e+01 7.945309e-01
2.951209e-03 8.120595e+00 6.547338e+00 1.043128e+01 8.062633e-01
3.019952e-03 7.986137e+00 6.533129e+00 1.031795e+01 8.180588e-01
3.090295e-03 7.852289e+00 6.516719e+00 1.020422e+01 8.299133e-01
3.162278e-03 7.719128e+00 6.498138e+00 1.009013e+01 8.418228e-01
3.235937e-03 7.586727e+00 6.477421e+00 9.975741e+00 8.537833e-01
3.311311e-03 7.455161e+00 6.454605e+00 9.861103e+00 8.657901e-01
3.388442e-03 7.324499e+00 6.429729e+00 9.746266e+00 8.778387e-01
3.467369e-03 7.194810e+00 6.402835e+00 9.631282e+00 8.899241e-01
3.548134e-03 7.066160e+00 6.373967e+00 9.516200e+00 9.020412e-01
3.630781e-03 6.938611e+00 6.343170e+00 9.401071e+00 9.141845e-01
3.715352e-03 6.812225e+00 6.310493e+00 9.285943e+00 9.263483e-01
3.801894e-03 6.687061e+00 6.275985e+00 9.170866e+00 9.385266e-01
3.890451e-03 6.563175e+00 6.239697e+00 9.055886e+00 9.507133e-01
3.981072e-03 6.440619e+00 6.201682e+00 8.941053e+00 9.629015e-01
4.073803e-03 6.319445e+00 6.161994e+00 8.826412e+00 9.750846e-01
4.168694e-03 6.199702e+00 6.120688e+00 8.712010e+00 9.872551e-01
4.265795e-03 6.081435e+00 6.077821e+00 8.597892e+00 9.994057e-01
4.365158e-03 5.964687e+00 6.033450e+00 8.484103e+00 1.011528e+00
4.466836e-03 5.849498e+00 5.987634e+00 8.370686e+00 1.023615e+00
4.570882e-03 5.735907e+00 5.940432e+00 8.257685e+00 1.035657e+00
4.677351e-03 5.623948e+00 5.891905e+00 8.145141e+00 1.047646e+00
4.786301e-03 5.513654e+00 5.842111e+00 8.033097e+00 1.059572e+00
4.897788e-03 5.405056e+00 5.791114e+00 7.921593e+00 1.071425e+00
5.011872e-03 5.298180e+00 5.738974e+00 7.810668e+00 1.083197e+00
5.128614e-03 5.193051e+00 5.685752e+00 7.700361e+00 1.094877e+00
5.248075e-03 5.089692e+00 5.631511e+00 7.590710e+00 1.106454e+00
5.370318e-03 4.988121e+00 5.576313e+00 7.481752e+00 1.117918e+00
5.495409e-03 4.888357e+00 5.520218e+00 7.373523e+00 1.129259e+00
5.623413e-03 4.790413e+00 5.463290e+00 7.266057e+00 1.140463e+00
5.754399e-03 4.694301e+00 5.405589e+00 7.159389e+00 1.151521e+00
5.888437e-03 4.600032e+00 5.347176e+00 7.053551e+00 1.162421e+00
6.025596e-03 4.507612e+00 5.288112e+00 6.948575e+00 1.173152e+00
6.165950e-03 4.417046e+00 5.228457e+00 6.844491e+00 1.183700e+00
6.309573e-03 4.328337e+00 5.168271e+00 6.741330e+00 1.194055e+00
6.456542e-03 4.241485e+00 5.107612e+00 6.639119e+00 1.204204e+00
6.606934e-03 4.156488e+00 5.046538e+00 6.537885e+00 1.214135e+00
6.760830e-03 4.073342e+00 4.985107e+00 6.437655e+00 1.223837e+00
6.918310e-03 3.992040e+00 4.923373e+00 6.338453e+00 1.233298e+00
7.079458e-03 3.912575e+00 4.861393e+00 6.240303e+00 1.242505e+00
7.244360e-03 3.834936e+00 4.799220e+00 6.143228e+00 1.251447e+00
7.413102e-03 3.759111e+00 4.736907e+00 6.047248e+00 1.260114e+00
7.585776e-03 3.685087e+00 4.674505e+00 5.952383e+00 1.268493e+00
7.762471e-03 3.612847e+00 4.612065e+00 5.858653e+00 1.276574e+00
7.943282e-03 3.542375e+00 4.549635e+00 5.766074e+00 1.284346e+00
8.128305e-03 3.473652e+00 4.487263e+00 5.674662e+00 1.291800e+00
8.317638e-03 3.406657e+00 4.424995e+00 5.584433e+00 1.298926e+00
8.511380e-03 3.341369e+00 4.362875e+00 5.495400e+00 1.305715e+00
8.709636e-03 3.277765e+00 4.300946e+00 5.407576e+00 1.312158e+00
8.912509e-03 3.215820e+00 4.239249e+00 5.320971e+00 1.318248e+00
9.120108e-03 3.155510e+00 4.177825e+00 5.235596e+00 1.323978e+00
9.332543e-03 3.096807e+00 4.116712e+00 5.151459e+00 1.329341e+00
9.549926e-03 3.039684e+00 4.055945e+00 5.068567e+00 1.334331e+00
9.772372e-03 2.984114e+00 3.995561e+00 4.986927e+00 1.338944e+00
1.000000e-02 2.930066e+00 3.935593e+00 4.906544e+00 1.343176e+00
1.023293e-02 2.877510e+00 3.876072e+00 4.827421e+00 1.347023e+00
1.047129e-02 2.826418e+00 3.817028e+00 4.749562e+00 1.350483e+00
1.071519e-02 2.776756e+00 3.758490e+00 4.672967e+00 1.353554e+00
1.096478e-02 2.728494e+00 3.700485e+00 4.597637e+00 1.356237e+00
1.122018e-02 2.681599e+00 3.643037e+00 4.523571e+00 1.358532e+00
1.148154e-02 2.636040e+00 3.586171e+00 4.450767e+00 1.360439e+00
1.174898e-02 2.591782e+00 3.529909e+00 4.379223e+00 1.361962e+00
1.202264e-02 2.548795e+00 3.474270e+00 4.308934e+00 1.363103e+00
1.230269e-02 2.507043e+00 3.419275e+00 4.239895e+00 1.363867e+00
1.258925e-02 2.466495e+00 3.364940e+00 4.172100e+00 1.364259e+00
1.288250e-02 2.427118e+00 3.311281e+00 4.105543e+00 1.364285e+00
1.318257e-02 2.388877e+00 3.258313e+00 4.040215e+00 1.363952e+00
1.348963e-02 2.351739e+00 3.206050e+00 3.976108e+00 1.363267e+00
1.380384e-02 2.315673e+00 3.154502e+00 3.913211e+00 1.362240e+00
1.412538e-02 2.280645e+00 3.103680e+00 3.851515e+00 1.360878e+00
1.445440e-02 2.246623e+00 3.053593e+00 3.791008e+00 1.359193e+00
1.479108e-02 2.213573e+00 3.004249e+00 3.731677e+00 1.357194e+00
1.513561e-02 2.181466e+00 2.955654e+00 3.673511e+00 1.354894e+00
1.548817e-02 2.150268e+00 2.907813e+00 3.616494e+00 1.352303e+00
1.584893e-02 2.119948e+00 2.860732e+00 3.560613e+00 1.349435e+00
1.621810e-02 2.090477e+00 2.814412e+00 3.505854e+00 1.346302e+00
1.659587e-02 2.061823e+00 2.768856e+00 3.452199e+00 1.342917e+00
1.698244e-02 2.033957e+00 2.724065e+00 3.399633e+00 1.339293e+00
1.737801e-02 2.006849e+00 2.680038e+00 3.348140e+00 1.335446e+00
1.778279e-02 1.980471e+00 2.636774e+00 3.297702e+00 1.331387e+00
1.819701e-02 1.954794e+00 2.594271e+00 3.248302e+00 1.327132e+00
1.862087e-02 1.929792e+00 2.552527e+00 3.199920e+00 1.322695e+00
1.905461e-02 1.905437e+00 2.511537e+00 3.152539e+00 1.318090e+00
1.949845e-02 1.881702e+00 2.471296e+00 3.106140e+00 1.313330e+00
1.995262e-02 1.858562e+00 2.431801e+00 3.060704e+00 1.308431e+00
2.041738e-02 1.835993e+00 2.393044e+00 3.016211e+00 1.303406e+00
2.089296e-02 1.813969e+00 2.355018e+00 2.972641e+00 1.298268e+00
2.137962e-02 1.792467e+00 2.317716e+00 2.929974e+00 1.293031e+00
2.187762e-02 1.771465e+00 2.281131e+00 2.888191e+00 1.287709e+00
2.238721e-02 1.750940e+00 2.245253e+00 2.847271e+00 1.282313e+00
2.290868e-02 1.730870e+00 2.210073e+00 2.807193e+00 1.276856e+00
2.344229e-02 1.711235e+00 2.175582e+00 2.767938e+00 1.271351e+00
2.398833e-02 1.692016e+00 2.141769e+00 2.729485e+00 1.265809e+00
2.454709e-02 1.673192e+00 2.108624e+00 2.691815e+00 1.260240e+00
2.511886e-02 1.654745e+00 2.076136e+00 2.654905e+00 1.254656e+00
2.570396e-02 1.636658e+00 2.044294e+00 2.618738e+00 1.249066e+00
2.630268e-02 1.618914e+00 2.013086e+00 2.583292e+00 1.243479e+00
2.691535e-02 1.601496e+00 1.982500e+00 2.548548e+00 1.237905e+00
2.754229e-02 1.584389e+00 1.952524e+00 2.514486e+00 1.232352e+00
2.818383e-02 1.567579e+00 1.923147e+00 2.481088e+00 1.226827e+00
2.884032e-02 1.551050e+00 1.894355e+00 2.448334e+00 1.221337e+00
2.951209e-02 1.534791e+00 1.866136e+00 2.416206e+00 1.215889e+00
3.019952e-02 1.518789e+00 1.838478e+00 2.384685e+00 1.210490e+00
3.090295e-02 1.503031e+00 1.811368e+00 2.353753e+00 1.205143e+00
3.162278e-02 1.487507e+00 1.784792e+00 2.323394e+00 1.199855e+00
3.235937e-02 1.472206e+00 1.758740e+00 2.293590e+00 1.194629e+00
3.311311e-02 1.457119e+00 1.733197e+00 2.264325e+00 1.189468e+00
3.388442e-02 1.442236e+00 1.708151e+00 2.235582e+00 1.184377e+00
3.467369e-02 1.427549e+00 1.683591e+00 2.207345e+00 1.179358e+00
3.548134e-02 1.413050e+00 1.659503e+00 2.179601e+00 1.174412e+00
3.630781e-02 1.398732e+00 1.635876e+00 2.152334e+00 1.169542e+00
3.715352e-02 1.384587e+00 1.612697e+00 2.125529e+00 1.164750e+00
3.801894e-02 1.370611e+00 1.589956e+00 2.099175e+00 1.160034e+00
3.890451e-02 1.356797e+00 1.567640e+00 2.073257e+00 1.155398e+00
3.981072e-02 1.343140e+00 1.545738e+00 2.047763e+00 1.150839e+00
4.073803e-02 1.329635e+00 1.524240e+00 2.022681e+00 1.146359e+00
4.168694e-02 1.316279e+00 1.503134e+00 1.997999e+00 1.141957e+00
4.265795e-02 1.303066e+00 1.482411e+00 1.973708e+00 1.137633e+00
4.365158e-02 1.289994e+00 1.462059e+00 1.949796e+00 1.133384e+00
4.466836e-02 1.277060e+00 1.442070e+00 1.926253e+00 1.129211e+00
4.570882e-02 1.264261e+00 1.422435e+00 1.903070e+00 1.125111e+00
4.677351e-02 1.251594e+00 1.403143e+00 1.880239e+00 1.121084e+00
4.786301e-02 1.239058e+00 1.384186e+00 1.857750e+00 1.117128e+00
4.897788e-02 1.226649e+00 1.365556e+00 1.835596e+00 1.113241e+00
5.011872e-02 1.214367e+00 1.347245e+00 1.813769e+00 1.109422e+00
5.128614e-02 1.202210e+00 1.329245e+00 1.792261e+00 1.105668e+00
5.248075e-02 1.190176e+00 1.311548e+00 1.771067e+00 1.101979e+00
5.370318e-02 1.178264e+00 1.294148e+00 1.750179e+00 1.098352e+00
5.495409e-02 1.166473e+00 1.277038e+00 1.729591e+00 1.094786e+00
5.623413e-02 1.154802e+00 1.260211e+00 1.709298e+00 1.091279e+00
5.754399e-02 1.143249e+00 1.243661e+00 1.689293e+00 1.087830e+00
5.888437e-02 1.131815e+00 1.227382e+00 1.669573e+00 1.084437e+00
6.025596e-02 1.120498e+00 1.211369e+00 1.650131e+00 1.081099e+00
6.165950e-02 1.109297e+00 1.195617e+00 1.630963e+00 1.077815e+00
6.309573e-02 1.098212e+00 1.180120e+00 1.612064e+00 1.074583e+00
6.456542e-02 1.087241e+00 1.164873e+00 1.593431e+00 1.071403e+00
6.606934e-02 1.076384e+00 1.149872e+00 1.575058e+00 1.068273e+00
6.760830e-02 1.065639e+00 1.135112e+00 1.556941e+00 1.065194e+00
6.918310e-02 1.055006e+00 1.120590e+00 1.539078e+00 1.062164e+00
7.079458e-02 1.044484e+00 1.106301e+00 1.521463e+00 1.059184e+00
7.244360e-02 1.034072e+00 1.092242e+00 1.504093e+00 1.056253e+00
7.413102e-02 1.023768e+00 1.078408e+00 1.486965e+00 1.053371e+00
7.585776e-02 1.013572e+00 1.064797e+00 1.470075e+00 1.050538e+00
7.762471e-02 1.003483e+00 1.051404e+00 1.453419e+00 1.047755e+00
7.943282e-02 9.934981e-01 1.038227e+00 1.436995e+00 1.045022e+00
8.128305e-02 9.836171e-01 1.025262e+00 1.420797e+00 1.042339e+00
8.317638e-02 9.738383e-01 1.012506e+00 1.404824e+00 1.039707e+00
8.511380e-02 9.641604e-01 9.999569e-01 1.389071e+00 1.037127e+00
8.709636e-02 9.545818e-01 9.876105e-01 1.373536e+00 1.034600e+00
8.912509e-02 9.451009e-01 9.754643e-01 1.358214e+00 1.032127e+00
9.120108e-02 9.357161e-01 9.635154e-01 1.343103e+00 1.029709e+00
9.332543e-02 9.264256e-01 9.517610e-01 1.328199e+00 1.027347e+00
9.549926e-02 9.172278e-01 9.401982e-01 1.313499e+00 1.025043e+00
9.772372e-02 9.081209e-01 9.288242e-01 1.298999e+00 1.022798e+00
1.000000e-01 8.991030e-01 9.176362e-01 1.284695e+00 1.020613e+00
1.023293e-01 8.901724e-01 9.066315e-01 1.270586e+00 1.018490e+00
1.047129e-01 8.813272e-01 8.958072e-01 1.256666e+00 1.016430e+00
1.071519e-01 8.725656e-01 8.851606e-01 1.242932e+00 1.014434e+00
1.096478e-01 8.638856e-01 8.746888e-01 1.229382e+00 1.012505e+00
1.122018e-01 8.552854e-01 8.643891e-01 1.216011e+00 1.010644e+00
1.148154e-01 8.467631e-01 8.542585e-01 1.202816e+00 1.008852e+00
1.174898e-01 8.383169e-01 8.442943e-01 1.189793e+00 1.007130e+00
1.202264e-01 8.299448e-01 8.344936e-01 1.176940e+00 1.005481e+00
1.230269e-01 8.216451e-01 8.248536e-01 1.164253e+00 1.003905e+00
1.258925e-01 8.134160e-01 8.153712e-01 1.151727e+00 1.002404e+00
1.288250e-01 8.052556e-01 8.060436e-01 1.139361e+00 1.000979e+00
1.318257e-01 7.971623e-01 7.968679e-01 1.127150e+00 9.996307e-01
1.348963e-01 7.891344e-01 7.878411e-01 1.115090e+00 9.983611e-01
1.380384e-01 7.811702e-01 7.789603e-01 1.103180e+00 9.971710e-01
1.412538e-01 7.732682e-01 7.702224e-01 1.091415e+00 9.960611e-01
1.445440e-01 7.654268e-01 7.616245e-01 1.079792e+00 9.950325e-01
1.479108e-01 7.576445e-01 7.531636e-01 1.068307e+00 9.940857e-01
1.513561e-01 7.499200e-01 7.448366e-01 1.056959e+00 9.932214e-01
1.548817e-01 7.422520e-01 7.366407e-01 1.045743e+00 9.924401e-01
1.584893e-01 7.346391e-01 7.285727e-01 1.034656e+00 9.917423e-01
1.621810e-01 7.270802e-01 7.206297e-01 1.023696e+00 9.911282e-01
1.659587e-01 7.195743e-01 7.128088e-01 1.012859e+00 9.905979e-01
1.698244e-01 7.121201e-01 7.051069e-01 1.002143e+00 9.901516e-01
1.737801e-01 7.047170e-01 6.975211e-01 9.915451e-01 9.897890e-01
1.778279e-01 6.973638e-01 6.900486e-01 9.810624e-01 9.895101e-01
1.819701e-01 6.900600e-01 6.826864e-01 9.706922e-01 9.893145e-01
1.862087e-01 6.828047e-01 6.754316e-01 9.604323e-01 9.892017e-01
1.905461e-01 6.755974e-01 6.682816e-01 9.502800e-01 9.891713e-01
1.949845e-01 6.684375e-01 6.612335e-01 9.402332e-01 9.892225e-01
1.995262e-01 6.613246e-01 6.542846e-01 9.302895e-01 9.893546e-01
2.041738e-01 6.542583e-01 6.474322e-01 9.204468e-01 9.895668e-01
2.089296e-01 6.472382e-01 6.406739e-01 9.107032e-01 9.898580e-01
2.137962e-01 6.402641e-01 6.340070e-01 9.010566e-01 9.902273e-01
2.187762e-01 6.333359e-01 6.274291e-01 8.915052e-01 9.906736e-01
2.238721e-01 6.264533e-01 6.209378e-01 8.820474e-01 9.911956e-01
2.290868e-01 6.196165e-01 6.145308e-01 8.726813e-01 9.917921e-01
2.344229e-01 6.128254e-01 6.082058e-01 8.634056e-01 9.924619e-01
2.398833e-01 6.060800e-01 6.019608e-01 8.542188e-01 9.932035e-01
2.454709e-01 5.993804e-01 5.957936e-01 8.451194e-01 9.940157e-01
2.511886e-01 5.927268e-01 5.897022e-01 8.361063e-01 9.948971e-01
2.570396e-01 5.861194e-01 5.836848e-01 8.271783e-01 9.958462e-01
2.630268e-01 5.795583e-01 5.777395e-01 8.183341e-01 9.968618e-01
2.691535e-01 5.730438e-01 5.718647e-01 8.095730e-01 9.979423e-01
2.754229e-01 5.665762e-01 5.660586e-01 8.008938e-01 9.990865e-01
2.818383e-01 5.601556e-01 5.603198e-01 7.922957e-01 1.000293e+00
2.884032e-01 5.537824e-01 5.546467e-01 7.837780e-01 1.001561e+00
2.951209e-01 5.474568e-01 5.490380e-01 7.753397e-01 1.002888e+00
3.019952e-01 5.411792e-01 5.434924e-01 7.669804e-01 1.004274e+00
3.090295e-01 5.349497e-01 5.380087e-01 7.586993e-01 1.005718e+00
3.162278e-01 5.287687e-01 5.325858e-01 7.504958e-01 1.007219e+00
3.235937e-01 5.226363e-01 5.272225e-01 7.423693e-01 1.008775e+00
3.311311e-01 5.165528e-01 5.219178e-01 7.343194e-01 1.010386e+00
3.388442e-01 5.105184e-01 5.166710e-01 7.263456e-01 1.012052e+00
3.467369e-01 5.045332e-01 5.114810e-01 7.184473e-01 1.013771e+00
3.548134e-01 4.985975e-01 5.063471e-01 7.106242e-01 1.015543e+00
3.630781e-01 4.927112e-01 5.012685e-01 7.028759e-01 1.017368e+00
3.715352e-01 4.868746e-01 4.962446e-01 6.952018e-01 1.019245e+00
3.801894e-01 4.810876e-01 4.912746e-01 6.876016e-01 1.021175e+00
3.890451e-01 4.753502e-01 4.863581e-01 6.800749e-01 1.023157e+00
3.981072e-01 4.696624e-01 4.814943e-01 6.726214e-01 1.025192e+00
4.073803e-01 4.640241e-01 4.766828e-01 6.652405e-01 1.027280e+00
4.168694e-01 4.584353e-01 4.719231e-01 6.579319e-01 1.029421e+00
4.265795e-01 4.528958e-01 4.672147e-01 6.506951e-01 1.031616e+00
4.365158e-01 4.474054e-01 4.625571e-01 6.435298e-01 1.033866e+00
4.466836e-01 4.419638e-01 4.579498e-01 6.364354e-01 1.036170e+00
4.570882e-01 4.365709e-01 4.533926e-01 6.294116e-01 1.038531e+00
4.677351e-01 4.312264e-01 4.488849e-01 6.224579e-01 1.040949e+00
4.786301e-01 4.259299e-01 4.444263e-01 6.155737e-01 1.043426e+00
4.897788e-01 4.206811e-01 4.400164e-01 6.087586e-01 1.045962e+00
5.011872e-01 4.154797e-01 4.356549e-01 6.020121e-01 1.048559e+00
5.128614e-01 4.103251e-01 4.313413e-01 5.953335e-01 1.051218e+00
5.248075e-01 4.052170e-01 4.270752e-01 5.887224e-01 1.053942e+00
5.370318e-01 4.001550e-01 4.228562e-01 5.821781e-01 1.056731e+00
5.495409e-01 3.951386e-01 4.186839e-01 5.757002e-01 1.059587e+00
5.623413e-01 3.901672e-01 4.145579e-01 5.692879e-01 1.062513e+00
5.754399e-01 3.852405e-01 4.104777e-01 5.629406e-01 1.065510e+00
5.888437e-01 3.803578e-01 4.064429e-01 5.566578e-01 1.068580e+00
6.025596e-01 3.755186e-01 4.024531e-01 5.504387e-01 1.071726e+00
6.165950e-01 3.707225e-01 3.985077e-01 5.442827e-01 1.074949e+00
6.309573e-01 3.659689e-01 3.946064e-01 5.381891e-01 1.078251e+00
6.456542e-01 3.612572e-01 3.907487e-01 5.321572e-01 1.081636e+00
6.606934e-01 3.565869e-01 3.869339e-01 5.261863e-01 1.085104e+00
6.760830e-01 3.519574e-01 3.831618e-01 5.202758e-01 1.088660e+00
6.918310e-01 3.473682e-01 3.794317e-01 5.144250e-01 1.092304e+00
7.079458e-01 3.428187e-01 3.757431e-01 5.086330e-01 1.096040e+00
7.244360e-01 3.383085e-01 3.720955e-01 5.028993e-01 1.099870e+00
7.413102e-01 3.338368e-01 3.684883e-01 4.972230e-01 1.103798e+00
7.585776e-01 3.294033e-01 3.649211e-01 4.916035e-01 1.107825e+00
7.762471e-01 3.250074e-01 3.613933e-01 4.860400e-01 1.111954e+00
7.943282e-01 3.206485e-01 3.579043e-01 4.805319e-01 1.116189e+00
8.128305e-01 3.163261e-01 3.544535e-01 4.750784e-01 1.120532e+00
8.317638e-01 3.120398e-01 3.510404e-01 4.696788e-01 1.124986e+00
8.511380e-01 3.077890e-01 3.476644e-01 4.643324e-01 1.129554e+00
8.709636e-01 3.035731e-01 3.443249e-01 4.590384e-01 1.134240e+00
8.912509e-01 2.993919e-01 3.410214e-01 4.537963e-01 1.139047e+00
9.120108e-01 2.952446e-01 3.377532e-01 4.486052e-01 1.143978e+00
9.332543e-01 2.911309e-01 3.345199e-01 4.434645e-01 1.149036e+00
9.549926e-01 2.870504e-01 3.313207e-01 4.383735e-01 1.154225e+00
9.772372e-01 2.830024e-01 3.281552e-01 4.333315e-01 1.159549e+00
1.000000e+00 2.789867e-01 3.250226e-01 4.283378e-01 1.165011e+00
1.023293e+00 2.750028e-01 3.219225e-01 4.233918e-01 1.170616e+00
1.047129e+00 2.710501e-01 3.188542e-01 4.184927e-01 1.176366e+00
1.071519e+00 2.671284e-01 3.158171e-01 4.136400e-01 1.182267e+00
1.096478e+00 2.632372e-01 3.128106e-01 4.088328e-01 1.188322e+00
1.122018e+00 2.593760e-01 3.098342e-01 4.040707e-01 1.194537e+00
1.148154e+00 2.555445e-01 3.068871e-01 3.993528e-01 1.200914e+00
1.174898e+00 2.517424e-01 3.039688e-01 3.946787e-01 1.207460e+00
1.202264e+00 2.479691e-01 3.010787e-01 3.900475e-01 1.214178e+00
1.230269e+00 2.442244e-01 2.982162e-01 3.854588e-01 1.221074e+00
1.258925e+00 2.405079e-01 2.953806e-01 3.809118e-01 1.228153e+00
1.288250e+00 2.368193e-01 2.925714e-01 3.764059e-01 1.235420e+00
1.318257e+00 2.331581e-01 2.897878e-01 3.719404e-01 1.242881e+00
1.348963e+00 2.295242e-01 2.870293e-01 3.675148e-01 1.250541e+00
1.380384e+00 2.259171e-01 2.842952e-01 3.631285e-01 1.258405e+00
1.412538e+00 2.223366e-01 2.815850e-01 3.587808e-01 1.266481e+00
1.445440e+00 2.187823e-01 2.788978e-01 3.544710e-01 1.274773e+00
1.479108e+00 2.152541e-01 2.762332e-01 3.501987e-01 1.283289e+00
1.513561e+00 2.117516e-01 2.735905e-01 3.459631e-01 1.292035e+00
1.548817e+00 2.082747e-01 2.709689e-01 3.417638e-01 1.301017e+00
1.584893e+00 2.048230e-01 2.683679e-01 3.376001e-01 1.310243e+00
1.621810e+00 2.013964e-01 2.657869e-01 3.334714e-01 1.319720e+00
1.659587e+00 1.979947e-01 2.632250e-01 3.293771e-01 1.329455e+00
1.698244e+00 1.946176e-01 2.606817e-01 3.253168e-01 1.339456e+00
1.737801e+00 1.912652e-01 2.581564e-01 3.212897e-01 1.349730e+00
1.778279e+00 1.879371e-01 2.556483e-01 3.172955e-01 1.360286e+00
1.819701e+00 1.846334e-01 2.531568e-01 3.133334e-01 1.371132e+00
1.862087e+00 1.813539e-01 2.506812e-01 3.094031e-01 1.382276e+00
1.905461e+00 1.780985e-01 2.482209e-01 3.055040e-01 1.393728e+00
1.949845e+00 1.748672e-01 2.457752e-01 3.016355e-01 1.405496e+00
1.995262e+00 1.716600e-01 2.433435e-01 2.977973e-01 1.417589e+00
2.041738e+00 1.684769e-01 2.409251e-01 2.939887e-01 1.430018e+00
2.089296e+00 1.653179e-01 2.385193e-01 2.902094e-01 1.442792e+00
2.137962e+00 1.621830e-01 2.361256e-01 2.864588e-01 1.455921e+00
2.187762e+00 1.590724e-01 2.337433e-01 2.827366e-01 1.469415e+00
2.238721e+00 1.559860e-01 2.313719e-01 2.790423e-01 1.483286e+00
2.290868e+00 1.529241e-01 2.290106e-01 2.753754e-01 1.497544e+00
2.344229e+00 1.498868e-01 2.266589e-01 2.717357e-01 1.512201e+00
2.398833e+00 1.468742e-01 2.243162e-01 2.681227e-01 1.527268e+00
2.454709e+00 1.438866e-01 2.219820e-01 2.645361e-01 1.542757e+00
2.511886e+00 1.409242e-01 2.196557e-01 2.609756e-01 1.558680e+00
2.570396e+00 1.379871e-01 2.173368e-01 2.574408e-01 1.575051e+00
2.630268e+00 1.350758e-01 2.150248e-01 2.539314e-01 1.591882e+00
2.691535e+00 1.321905e-01 2.127191e-01 2.504471e-01 1.609187e+00
2.754229e+00 1.293314e-01 2.104194e-01 2.469877e-01 1.626978e+00
2.818383e+00 1.264990e-01 2.081252e-01 2.435530e-01 1.645271e+00
2.884032e+00 1.236936e-01 2.058360e-01 2.401428e-01 1.664080e+00
2.951209e+00 1.209155e-01 2.035515e-01 2.367568e-01 1.683419e+00
3.019952e+00 1.181653e-01 2.012713e-01 2.333948e-01 1.703303e+00
3.090295e+00 1.154431e-01 1.989951e-01 2.300569e-01 1.723750e+00
3.162278e+00 1.127497e-01 1.967226e-01 2.267427e-01 1.744773e+00
3.235937e+00 1.100852e-01 1.944535e-01 2.234523e-01 1.766390e+00
3.311311e+00 1.074503e-01 1.921876e-01 2.201855e-01 1.788618e+00
3.388442e+00 1.048454e-01 1.899247e-01 2.169423e-01 1.811474e+00
3.467369e+00 1.022709e-01 1.876646e-01 2.137226e-01 1.834976e+00
3.548134e+00 9.972737e-02 1.854073e-01 2.105265e-01 1.859141e+00
3.630781e+00 9.721530e-02 1.831526e-01 2.073540e-01 1.883989e+00
3.715352e+00 9.473516e-02 1.809004e-01 2.042051e-01 1.909538e+00
3.801894e+00 9.228746e-02 1.786508e-01 2.010798e-01 1.935808e+00
3.890451e+00 8.987270e-02 1.764038e-01 1.979783e-01 1.962819e+00
3.981072e+00 8.749136e-02 1.741595e-01 1.949007e-01 1.990591e+00
4.073803e+00 8.514394e-02 1.719180e-01 1.918470e-01 2.019145e+00
4.168694e+00 8.283091e-02 1.696793e-01 1.888175e-01 2.048503e+00
4.265795e+00 8.055275e-02 1.674438e-01 1.858122e-01 2.078685e+00
4.365158e+00 7.830991e-02 1.652116e-01 1.828314e-01 2.109715e+00
4.466836e+00 7.610283e-02 1.629830e-01 1.798753e-01 2.141616e+00
4.570882e+00 7.393193e-02 1.607583e-01 1.769440e-01 2.174410e+00
4.677351e+00 7.179763e-02 1.585379e-01 1.740378e-01 2.208121e+00
4.786301e+00 6.970029e-02 1.563220e-01 1.711569e-01 2.242774e+00
4.897788e+00 6.764028e-02 1.541111e-01 1.683017e-01 2.278393e+00
5.011872e+00 6.561792e-02 1.519057e-01 1.654722e-01 2.315003e+00
5.128614e+00 6.363352e-02 1.497062e-01 1.626689e-01 2.352631e+00
5.248075e+00 6.168734e-02 1.475131e-01 1.598920e-01 2.391303e+00
5.370318e+00 5.977962e-02 1.453269e-01 1.571417e-01 2.431044e+00
5.495409e+00 5.791057e-02 1.431482e-01 1.544184e-01 2.471884e+00
5.623413e+00 5.608036e-02 1.409775e-01 1.517224e-01 2.513849e+00
5.754399e+00 5.428910e-02 1.388155e-01 1.490538e-01 2.556968e+00
5.888437e+00 5.253690e-02 1.366627e-01 1.464132e-01 2.601270e+00
6.025596e+00 5.082382e-02 1.345197e-01 1.438006e-01 2.646785e+00
6.165950e+00 4.914986e-02 1.323872e-01 1.412164e-01 2.693542e+00
6.309573e+00 4.751500e-02 1.302658e-01 1.386609e-01 2.741572e+00
6.456542e+00 4.591918e-02 1.281561e-01 1.361344e-01 2.790906e+00
6.606934e+00 4.436229e-02 1.260589e-01 1.336370e-01 2.841577e+00
6.760830e+00 4.284419e-02 1.239747e-01 1.311691e-01 2.893616e+00
6.918310e+00 4.136469e-02 1.219041e-01 1.287309e-01 2.947058e+00
7.079458e+00 3.992357e-02 1.198479e-01 1.263227e-01 3.001934e+00
7.244360e+00 3.852057e-02 1.178067e-01 1.239446e-01 3.058280e+00
7.413102e+00 3.715539e-02 1.157811e-01 1.215968e-01 3.116131e+00
7.585776e+00 3.582770e-02 1.137716e-01 1.192795e-01 3.175522e+00
7.762471e+00 3.453711e-02 1.117790e-01 1.169930e-01 3.236489e+00
7.943282e+00 3.328324e-02 1.098037e-01 1.147372e-01 3.299070e+00
8.128305e+00 3.206564e-02 1.078465e-01 1.125125e-01 3.363303e+00
8.317638e+00 3.088385e-02 1.059077e-01 1.103188e-01 3.429225e+00
8.511380e+00 2.973737e-02 1.039879e-01 1.081563e-01 3.496876e+00
8.709636e+00 2.862568e-02 1.020877e-01 1.060251e-01 3.566297e+00
8.912509e+00 2.754824e-02 1.002074e-01 1.039252e-01 3.637527e+00
9.120108e+00 2.650446e-02 9.834769e-02 1.018565e-01 3.710609e+00
9.332543e+00 2.549377e-02 9.650883e-02 9.981927e-02 3.785585e+00
9.549926e+00 2.451555e-02 9.469126e-02 9.781333e-02 3.862498e+00
9.772372e+00 2.356917e-02 9.289537e-02 9.583869e-02 3.941393e+00
1.000000e+01 2.265399e-02 9.112149e-02 9.389531e-02 4.022315e+00
