1.000000e-06 4.573303e+01 4.716534e-01 4.573546e+01 1.031319e-02
1.023293e-06 4.573266e+01 4.826330e-01 4.573520e+01 1.055336e-02
1.047129e-06 4.573227e+01 4.938678e-01 4.573493e+01 1.079911e-02
1.071519e-06 4.573186e+01 5.053639e-01 4.573465e+01 1.105059e-02
1.096478e-06 4.573143e+01 5.171272e-01 4.573436e+01 1.130792e-02
1.122018e-06 4.573099e+01 5.291639e-01 4.573405e+01 1.157123e-02
1.148154e-06 4.573052e+01 5.414804e-01 4.573372e+01 1.184068e-02
1.174898e-06 4.573003e+01 5.540831e-01 4.573339e+01 1.211639e-02
1.202264e-06 4.572952e+01 5.669786e-01 4.573303e+01 1.239853e-02
1.230269e-06 4.572898e+01 5.801737e-01 4.573266e+01 1.268722e-02
1.258925e-06 4.572842e+01 5.936754e-01 4.573227e+01 1.298264e-02
1.288250e-06 4.572783e+01 6.074906e-01 4.573186e+01 1.328492e-02
1.318257e-06 4.572721e+01 6.216268e-01 4.573144e+01 1.359424e-02
1.348963e-06 4.572657e+01 6.360912e-01 4.573099e+01 1.391076e-02
1.380384e-06 4.572589e+01 6.508914e-01 4.573052e+01 1.423463e-02
1.412538e-06 4.572518e+01 6.660352e-01 4.573003e+01 1.456605e-02
1.445440e-06 4.572444e+01 6.815305e-01 4.572952e+01 1.490517e-02
1.479108e-06 4.572367e+01 6.973854e-01 4.572899e+01 1.525218e-02
1.513561e-06 4.572286e+01 7.136082e-01 4.572842e+01 1.560725e-02
1.548817e-06 4.572201e+01 7.302073e-01 4.572784e+01 1.597059e-02
1.584893e-06 4.572111e+01 7.471915e-01 4.572722e+01 1.634237e-02
1.621810e-06 4.572018e+01 7.645694e-01 4.572657e+01 1.672280e-02
1.659587e-06 4.571921e+01 7.823503e-01 4.572590e+01 1.711207e-02
1.698244e-06 4.571818e+01 8.005434e-01 4.572519e+01 1.751039e-02
1.737801e-06 4.571711e+01 8.191581e-01 4.572445e+01 1.791797e-02
1.778279e-06 4.571599e+01 8.382040e-01 4.572368e+01 1.833503e-02
1.819701e-06 4.571482e+01 8.576911e-01 4.572287e+01 1.876177e-02
1.862087e-06 4.571359e+01 8.776295e-01 4.572202e+01 1.919844e-02
1.905461e-06 4.571231e+01 8.980294e-01 4.572113e+01 1.964524e-02
1.949845e-06 4.571096e+01 9.189015e-01 4.572019e+01 2.010243e-02
1.995262e-06 4.570955e+01 9.402565e-01 4.571922e+01 2.057024e-02
2.041738e-06 4.570807e+01 9.621054e-01 4.571820e+01 2.104892e-02
2.089296e-06 4.570653e+01 9.844594e-01 4.571713e+01 2.153871e-02
2.137962e-06 4.570491e+01 1.007330e+00 4.571601e+01 2.203987e-02
2.187762e-06 4.570322e+01 1.030729e+00 4.571484e+01 2.255267e-02
2.238721e-06 4.570144e+01 1.054669e+00 4.571361e+01 2.307737e-02
2.290868e-06 4.569958e+01 1.079161e+00 4.571232e+01 2.361425e-02
2.344229e-06 4.569764e+01 1.104219e+00 4.571098e+01 2.416359e-02
2.398833e-06 4.569560e+01 1.129854e+00 4.570957e+01 2.472567e-02
2.454709e-06 4.569347e+01 1.156081e+00 4.570810e+01 2.530079e-02
2.511886e-06 4.569124e+01 1.182912e+00 4.570655e+01 2.588925e-02
2.570396e-06 4.568891e+01 1.210361e+00 4.570493e+01 2.649135e-02
2.630268e-06 4.568646e+01 1.238442e+00 4.570324e+01 2.710741e-02
2.691535e-06 4.568390e+01 1.267169e+00 4.570147e+01 2.773776e-02
2.754229e-06 4.568122e+01 1.296556e+00 4.569961e+01 2.838270e-02
2.818383e-06 4.567841e+01 1.326619e+00 4.569767e+01 2.904259e-02
2.884032e-06 4.567547e+01 1.357373e+00 4.569564e+01 2.971776e-02
2.951209e-06 4.567240e+01 1.388832e+00 4.569351e+01 3.040856e-02
3.019952e-06 4.566918e+01 1.421013e+00 4.569128e+01 3.111535e-02
3.090295e-06 4.566581e+01 1.453931e+00 4.568895e+01 3.183850e-02
3.162278e-06 4.566228e+01 1.487603e+00 4.568650e+01 3.257838e-02
3.235937e-06 4.565858e+01 1.522045e+00 4.568395e+01 3.333536e-02
3.311311e-06 4.565472e+01 1.557275e+00 4.568127e+01 3.410985e-02
3.388442e-06 4.565067e+01 1.593310e+00 4.567846e+01 3.490223e-02
3.467369e-06 4.564643e+01 1.630167e+00 4.567553e+01 3.571292e-02
3.548134e-06 4.564200e+01 1.667865e+00 4.567246e+01 3.654233e-02
3.630781e-06 4.563735e+01 1.706421e+00 4.566924e+01 3.739088e-02
3.715352e-06 4.563249e+01 1.745854e+00 4.566588e+01 3.825901e-02
3.801894e-06 4.562740e+01 1.786183e+00 4.566235e+01 3.914716e-02
3.890451e-06 4.562208e+01 1.827428e+00 4.565866e+01 4.005578e-02
3.981072e-06 4.561651e+01 1.869608e+00 4.565480e+01 4.098534e-02
4.073803e-06 4.561067e+01 1.912743e+00 4.565076e+01 4.193630e-02
4.168694e-06 4.560457e+01 1.956853e+00 4.564653e+01 4.290915e-02
4.265795e-06 4.559818e+01 2.001960e+00 4.564210e+01 4.390438e-02
4.365158e-06 4.559149e+01 2.048083e+00 4.563747e+01 4.492248e-02
4.466836e-06 4.558449e+01 2.095244e+00 4.563262e+01 4.596398e-02
4.570882e-06 4.557716e+01 2.143466e+00 4.562754e+01 4.702938e-02
4.677351e-06 4.556950e+01 2.192769e+00 4.562223e+01 4.811923e-02
4.786301e-06 4.556148e+01 2.243177e+00 4.561666e+01 4.923407e-02
4.897788e-06 4.555308e+01 2.294711e+00 4.561084e+01 5.037445e-02
5.011872e-06 4.554430e+01 2.347395e+00 4.560475e+01 5.154093e-02
5.128614e-06 4.553510e+01 2.401252e+00 4.559837e+01 5.273409e-02
5.248075e-06 4.552549e+01 2.456306e+00 4.559170e+01 5.395452e-02
5.370318e-06 4.551542e+01 2.512579e+00 4.558472e+01 5.520281e-02
5.495409e-06 4.550489e+01 2.570097e+00 4.557741e+01 5.647958e-02
5.623413e-06 4.549387e+01 2.628884e+00 4.556977e+01 5.778544e-02
5.754399e-06 4.548235e+01 2.688963e+00 4.556177e+01 5.912103e-02
5.888437e-06 4.547029e+01 2.750361e+00 4.555339e+01 6.048699e-02
6.025596e-06 4.545768e+01 2.813102e+00 4.554464e+01 6.188398e-02
6.165950e-06 4.544448e+01 2.877211e+00 4.553547e+01 6.331266e-02
6.309573e-06 4.543068e+01 2.942713e+00 4.552588e+01 6.477371e-02
6.456542e-06 4.541624e+01 3.009635e+00 4.551585e+01 6.626781e-02
6.606934e-06 4.540114e+01 3.078001e+00 4.550536e+01 6.779569e-02
6.760830e-06 4.538535e+01 3.147838e+00 4.549438e+01 6.935803e-02
6.918310e-06 4.536883e+01 3.219172e+00 4.548290e+01 7.095558e-02
7.079458e-06 4.535156e+01 3.292027e+00 4.547089e+01 7.258905e-02
7.244360e-06 4.533350e+01 3.366430e+00 4.545832e+01 7.425922e-02
7.413102e-06 4.531462e+01 3.442407e+00 4.544518e+01 7.596682e-02
7.585776e-06 4.529487e+01 3.519984e+00 4.543144e+01 7.771263e-02
7.762471e-06 4.527423e+01 3.599185e+00 4.541707e+01 7.949744e-02
7.943282e-06 4.525265e+01 3.680037e+00 4.540204e+01 8.132202e-02
8.128305e-06 4.523010e+01 3.762564e+00 4.538633e+01 8.318718e-02
8.317638e-06 4.520652e+01 3.846792e+00 4.536990e+01 8.509374e-02
8.511380e-06 4.518188e+01 3.932744e+00 4.535272e+01 8.704251e-02
8.709636e-06 4.515613e+01 4.020446e+00 4.533476e+01 8.903433e-02
8.912509e-06 4.512922e+01 4.109919e+00 4.531598e+01 9.107002e-02
9.120108e-06 4.510111e+01 4.201188e+00 4.529636e+01 9.315044e-02
9.332543e-06 4.507174e+01 4.294275e+00 4.527585e+01 9.527645e-02
9.549926e-06 4.504105e+01 4.389201e+00 4.525441e+01 9.744890e-02
9.772372e-06 4.500901e+01 4.485987e+00 4.523201e+01 9.966866e-02
1.000000e-05 4.497553e+01 4.584653e+00 4.520860e+01 1.019366e-01
1.023293e-05 4.494058e+01 4.685218e+00 4.518414e+01 1.042536e-01
1.047129e-05 4.490408e+01 4.787699e+00 4.515859e+01 1.066206e-01
1.071519e-05 4.486598e+01 4.892113e+00 4.513190e+01 1.090384e-01
1.096478e-05 4.482620e+01 4.998474e+00 4.510403e+01 1.115079e-01
1.122018e-05 4.478469e+01 5.106797e+00 4.507491e+01 1.140300e-01
1.148154e-05 4.474137e+01 5.217093e+00 4.504451e+01 1.166056e-01
1.174898e-05 4.469616e+01 5.329373e+00 4.501277e+01 1.192356e-01
1.202264e-05 4.464901e+01 5.443643e+00 4.497963e+01 1.219208e-01
1.230269e-05 4.459982e+01 5.559912e+00 4.494504e+01 1.246622e-01
1.258925e-05 4.454852e+01 5.678181e+00 4.490893e+01 1.274606e-01
1.288250e-05 4.449503e+01 5.798454e+00 4.487126e+01 1.303169e-01
1.318257e-05 4.443927e+01 5.920728e+00 4.483195e+01 1.332319e-01
1.348963e-05 4.438115e+01 6.044999e+00 4.479094e+01 1.362064e-01
1.380384e-05 4.432059e+01 6.171260e+00 4.474817e+01 1.392414e-01
1.412538e-05 4.425749e+01 6.299502e+00 4.470357e+01 1.423375e-01
1.445440e-05 4.419177e+01 6.429710e+00 4.465707e+01 1.454956e-01
1.479108e-05 4.412333e+01 6.561867e+00 4.460859e+01 1.487165e-01
1.513561e-05 4.405207e+01 6.695953e+00 4.455806e+01 1.520009e-01
1.548817e-05 4.397790e+01 6.831942e+00 4.450541e+01 1.553494e-01
1.584893e-05 4.390073e+01 6.969805e+00 4.445056e+01 1.587629e-01
1.621810e-05 4.382044e+01 7.109507e+00 4.439342e+01 1.622418e-01
1.659587e-05 4.373694e+01 7.251011e+00 4.433393e+01 1.657869e-01
1.698244e-05 4.365013e+01 7.394273e+00 4.427199e+01 1.693987e-01
1.737801e-05 4.355990e+01 7.539244e+00 4.420752e+01 1.730776e-01
1.778279e-05 4.346615e+01 7.685870e+00 4.414044e+01 1.768243e-01
1.819701e-05 4.336877e+01 7.834091e+00 4.407066e+01 1.806390e-01
1.862087e-05 4.326766e+01 7.983841e+00 4.399809e+01 1.845221e-01
1.905461e-05 4.316271e+01 8.135049e+00 4.392264e+01 1.884740e-01
1.949845e-05 4.305381e+01 8.287636e+00 4.384422e+01 1.924948e-01
1.995262e-05 4.294087e+01 8.441517e+00 4.376274e+01 1.965847e-01
2.041738e-05 4.282378e+01 8.596602e+00 4.367811e+01 2.007437e-01
2.089296e-05 4.270243e+01 8.752792e+00 4.359024e+01 2.049718e-01
2.137962e-05 4.257673e+01 8.909982e+00 4.349903e+01 2.092688e-01
2.187762e-05 4.244657e+01 9.068059e+00 4.340439e+01 2.136347e-01
2.238721e-05 4.231187e+01 9.226903e+00 4.330623e+01 2.180689e-01
2.290868e-05 4.217252e+01 9.386388e+00 4.320446e+01 2.225712e-01
2.344229e-05 4.202844e+01 9.546378e+00 4.309899e+01 2.271409e-01
2.398833e-05 4.187955e+01 9.706732e+00 4.298973e+01 2.317774e-01
2.454709e-05 4.172576e+01 9.867301e+00 4.287660e+01 2.364798e-01
2.511886e-05 4.156700e+01 1.002793e+01 4.275950e+01 2.412473e-01
2.570396e-05 4.140320e+01 1.018845e+01 4.263836e+01 2.460787e-01
2.630268e-05 4.123430e+01 1.034869e+01 4.251309e+01 2.509728e-01
2.691535e-05 4.106023e+01 1.050847e+01 4.238362e+01 2.559282e-01
2.754229e-05 4.088097e+01 1.066762e+01 4.224987e+01 2.609434e-01
2.818383e-05 4.069645e+01 1.082593e+01 4.211178e+01 2.660165e-01
2.884032e-05 4.050666e+01 1.098321e+01 4.196928e+01 2.711458e-01
2.951209e-05 4.031157e+01 1.113926e+01 4.182232e+01 2.763290e-01
3.019952e-05 4.011118e+01 1.129386e+01 4.167083e+01 2.815640e-01
3.090295e-05 3.990547e+01 1.144681e+01 4.151477e+01 2.868482e-01
3.162278e-05 3.969447e+01 1.159789e+01 4.135410e+01 2.921791e-01
3.235937e-05 3.947819e+01 1.174688e+01 4.118879e+01 2.975536e-01
3.311311e-05 3.925667e+01 1.189354e+01 4.101880e+01 3.029688e-01
3.388442e-05 3.902995e+01 1.203767e+01 4.084413e+01 3.084213e-01
3.467369e-05 3.879810e+01 1.217903e+01 4.066475e+01 3.139077e-01
3.548134e-05 3.856120e+01 1.231738e+01 4.048066e+01 3.194243e-01
3.630781e-05 3.831933e+01 1.245252e+01 4.029188e+01 3.249671e-01
3.715352e-05 3.807258e+01 1.258421e+01 4.009843e+01 3.305320e-01
3.801894e-05 3.782109e+01 1.271222e+01 3.990032e+01 3.361147e-01
3.890451e-05 3.756497e+01 1.283635e+01 3.969759e+01 3.417106e-01
3.981072e-05 3.730437e+01 1.295637e+01 3.949030e+01 3.473150e-01
4.073803e-05 3.703946e+01 1.307208e+01 3.927850e+01 3.529230e-01
4.168694e-05 3.677040e+01 1.318327e+01 3.906227e+01 3.585295e-01
4.265795e-05 3.649737e+01 1.328976e+01 3.884167e+01 3.641291e-01
4.365158e-05 3.622058e+01 1.339135e+01 3.861682e+01 3.697165e-01
4.466836e-05 3.594023e+01 1.348787e+01 3.838780e+01 3.752860e-01
4.570882e-05 3.565656e+01 1.357915e+01 3.815473e+01 3.808318e-01
4.677351e-05 3.536978e+01 1.366505e+01 3.791774e+01 3.863481e-01
4.786301e-05 3.508016e+01 1.374542e+01 3.767697e+01 3.918290e-01
4.897788e-05 3.478793e+01 1.382014e+01 3.743256e+01 3.972684e-01
5.011872e-05 3.449336e+01 1.388910e+01 3.718466e+01 4.026602e-01
5.128614e-05 3.419673e+01 1.395220e+01 3.693346e+01 4.079981e-01
5.248075e-05 3.389830e+01 1.400936e+01 3.667911e+01 4.132762e-01
5.370318e-05 3.359836e+01 1.406052e+01 3.642181e+01 4.184881e-01
5.495409e-05 3.329720e+01 1.410562e+01 3.616175e+01 4.236279e-01
5.623413e-05 3.299509e+01 1.414464e+01 3.589912e+01 4.286893e-01
5.754399e-05 3.269234e+01 1.417757e+01 3.563415e+01 4.336665e-01
5.888437e-05 3.238922e+01 1.420441e+01 3.536703e+01 4.385536e-01
6.025596e-05 3.208604e+01 1.422518e+01 3.509800e+01 4.433449e-01
6.165950e-05 3.178306e+01 1.423992e+01 3.482726e+01 4.480350e-01
6.309573e-05 3.148058e+01 1.424869e+01 3.455505e+01 4.526185e-01
6.456542e-05 3.117886e+01 1.425156e+01 3.428160e+01 4.570903e-01
6.606934e-05 3.087819e+01 1.424861e+01 3.400714e+01 4.614457e-01
6.760830e-05 3.057882e+01 1.423995e+01 3.373189e+01 4.656802e-01
6.918310e-05 3.028100e+01 1.422570e+01 3.345609e+01 4.697896e-01
7.079458e-05 2.998499e+01 1.420599e+01 3.317996e+01 4.737701e-01
7.244360e-05 2.969101e+01 1.418097e+01 3.290374e+01 4.776183e-01
7.413102e-05 2.939929e+01 1.415079e+01 3.262764e+01 4.813311e-01
7.585776e-05 2.911003e+01 1.411563e+01 3.235189e+01 4.849059e-01
7.762471e-05 2.882344e+01 1.407565e+01 3.207670e+01 4.883404e-01
7.943282e-05 2.853970e+01 1.403106e+01 3.180228e+01 4.916330e-01
8.128305e-05 2.825897e+01 1.398204e+01 3.152882e+01 4.947822e-01
8.317638e-05 2.798142e+01 1.392879e+01 3.125654e+01 4.977873e-01
8.511380e-05 2.770718e+01 1.387154e+01 3.098560e+01 5.006478e-01
8.709636e-05 2.743638e+01 1.381048e+01 3.071619e+01 5.033638e-01
8.912509e-05 2.716913e+01 1.374584e+01 3.044847e+01 5.059358e-01
9.120108e-05 2.690553e+01 1.367782e+01 3.018261e+01 5.083648e-01
9.332543e-05 2.664565e+01 1.360666e+01 2.991876e+01 5.106523e-01
9.549926e-05 2.638958e+01 1.353257e+01 2.965705e+01 5.128000e-01
9.772372e-05 2.613735e+01 1.345577e+01 2.939760e+01 5.148102e-01
1.000000e-04 2.588901e+01 1.337648e+01 2.914054e+01 5.166856e-01
1.023293e-04 2.564458e+01 1.329490e+01 2.888597e+01 5.184292e-01
1.047129e-04 2.540408e+01 1.321125e+01 2.863397e+01 5.200443e-01
1.071519e-04 2.516751e+01 1.312573e+01 2.838465e+01 5.215347e-01
1.096478e-04 2.493485e+01 1.303854e+01 2.813806e+01 5.229042e-01
1.122018e-04 2.470608e+01 1.294987e+01 2.789426e+01 5.241572e-01
1.148154e-04 2.448118e+01 1.285991e+01 2.765331e+01 5.252980e-01
1.174898e-04 2.426009e+01 1.276884e+01 2.741524e+01 5.263313e-01
1.202264e-04 2.404276e+01 1.267683e+01 2.718008e+01 5.272618e-01
1.230269e-04 2.382914e+01 1.258404e+01 2.694784e+01 5.280945e-01
1.258925e-04 2.361916e+01 1.249062e+01 2.671854e+01 5.288342e-01
1.288250e-04 2.341274e+01 1.239672e+01 2.649217e+01 5.294862e-01
1.318257e-04 2.320981e+01 1.230248e+01 2.626873e+01 5.300552e-01
1.348963e-04 2.301027e+01 1.220802e+01 2.604820e+01 5.305464e-01
1.380384e-04 2.281405e+01 1.211345e+01 2.583054e+01 5.309647e-01
1.412538e-04 2.262104e+01 1.201890e+01 2.561573e+01 5.313149e-01
1.445440e-04 2.243116e+01 1.192444e+01 2.540373e+01 5.316017e-01
1.479108e-04 2.224430e+01 1.183018e+01 2.519449e+01 5.318297e-01
1.513561e-04 2.206037e+01 1.173619e+01 2.498796e+01 5.320033e-01
1.548817e-04 2.187926e+01 1.164254e+01 2.478408e+01 5.321266e-01
1.584893e-04 2.170089e+01 1.154929e+01 2.458281e+01 5.322036e-01
1.621810e-04 2.152514e+01 1.145650e+01 2.438407e+01 5.322380e-01
1.659587e-04 2.135193e+01 1.136420e+01 2.418780e+01 5.322332e-01
1.698244e-04 2.118115e+01 1.127245e+01 2.399394e+01 5.321923e-01
1.737801e-04 2.101272e+01 1.118125e+01 2.380241e+01 5.321182e-01
1.778279e-04 2.084654e+01 1.109064e+01 2.361315e+01 5.320134e-01
1.819701e-04 2.068254e+01 1.100063e+01 2.342608e+01 5.318802e-01
1.862087e-04 2.052062e+01 1.091123e+01 2.324114e+01 5.317203e-01
1.905461e-04 2.036070e+01 1.082244e+01 2.305826e+01 5.315355e-01
1.949845e-04 2.020273e+01 1.073425e+01 2.287738e+01 5.313269e-01
1.995262e-04 2.004661e+01 1.064667e+01 2.269842e+01 5.310955e-01
2.041738e-04 1.989230e+01 1.055967e+01 2.252133e+01 5.308419e-01
2.089296e-04 1.973973e+01 1.047324e+01 2.234605e+01 5.305665e-01
2.137962e-04 1.958885e+01 1.038737e+01 2.217252e+01 5.302693e-01
2.187762e-04 1.943962e+01 1.030203e+01 2.200069e+01 5.299501e-01
2.238721e-04 1.929197e+01 1.021719e+01 2.183051e+01 5.296085e-01
2.290868e-04 1.914589e+01 1.013284e+01 2.166194e+01 5.292435e-01
2.344229e-04 1.900134e+01 1.004895e+01 2.149494e+01 5.288545e-01
2.398833e-04 1.885830e+01 9.965480e+00 2.132947e+01 5.284401e-01
2.454709e-04 1.871673e+01 9.882418e+00 2.116550e+01 5.279991e-01
2.511886e-04 1.857664e+01 9.799733e+00 2.100300e+01 5.275301e-01
2.570396e-04 1.843799e+01 9.717401e+00 2.084196e+01 5.270314e-01
2.630268e-04 1.830080e+01 9.635397e+00 2.068236e+01 5.265014e-01
2.691535e-04 1.816506e+01 9.553701e+00 2.052419e+01 5.259384e-01
2.754229e-04 1.803076e+01 9.472292e+00 2.036744e+01 5.253407e-01
2.818383e-04 1.789792e+01 9.391153e+00 2.021211e+01 5.247064e-01
2.884032e-04 1.776655e+01 9.310271e+00 2.005820e+01 5.240338e-01
2.951209e-04 1.763665e+01 9.229635e+00 1.990572e+01 5.233214e-01
3.019952e-04 1.750824e+01 9.149235e+00 1.975467e+01 5.225674e-01
3.090295e-04 1.738134e+01 9.069070e+00 1.960508e+01 5.217704e-01
3.162278e-04 1.725597e+01 8.989137e+00 1.945696e+01 5.209291e-01
3.235937e-04 1.713215e+01 8.909441e+00 1.931032e+01 5.200423e-01
3.311311e-04 1.700989e+01 8.829988e+00 1.916520e+01 5.191091e-01
3.388442e-04 1.688922e+01 8.750790e+00 1.902162e+01 5.181286e-01
3.467369e-04 1.677017e+01 8.671861e+00 1.887961e+01 5.171004e-01
3.548134e-04 1.665274e+01 8.593220e+00 1.873919e+01 5.160243e-01
3.630781e-04 1.653697e+01 8.514889e+00 1.860040e+01 5.149001e-01
3.715352e-04 1.642287e+01 8.436894e+00 1.846326e+01 5.137282e-01
3.801894e-04 1.631047e+01 8.359264e+00 1.832781e+01 5.125092e-01
3.890451e-04 1.619977e+01 8.282033e+00 1.819408e+01 5.112440e-01
3.981072e-04 1.609079e+01 8.205234e+00 1.806209e+01 5.099337e-01
4.073803e-04 1.598354e+01 8.128908e+00 1.793189e+01 5.085800e-01
4.168694e-04 1.587804e+01 8.053095e+00 1.780349e+01 5.071845e-01
4.265795e-04 1.577428e+01 7.977838e+00 1.767693e+01 5.057496e-01
4.365158e-04 1.567229e+01 7.903182e+00 1.755223e+01 5.042776e-01
4.466836e-04 1.557204e+01 7.829175e+00 1.742941e+01 5.027713e-01
4.570882e-04 1.547355e+01 7.755865e+00 1.730850e+01 5.012337e-01
4.677351e-04 1.537681e+01 7.683302e+00 1.718951e+01 4.996682e-01
4.786301e-04 1.528180e+01 7.611536e+00 1.707246e+01 4.980785e-01
4.897788e-04 1.518852e+01 7.540619e+00 1.695736e+01 4.964683e-01
5.011872e-04 1.509695e+01 7.470602e+00 1.684422e+01 4.948418e-01
5.128614e-04 1.500707e+01 7.401536e+00 1.673305e+01 4.932033e-01
5.248075e-04 1.491885e+01 7.333473e+00 1.662384e+01 4.915574e-01
5.370318e-04 1.483228e+01 7.266463e+00 1.651660e+01 4.899087e-01
5.495409e-04 1.474732e+01 7.200557e+00 1.641132e+01 4.882621e-01
5.623413e-04 1.466394e+01 7.135804e+00 1.630800e+01 4.866226e-01
5.754399e-04 1.458210e+01 7.072250e+00 1.620662e+01 4.849953e-01
5.888437e-04 1.450177e+01 7.009944e+00 1.610716e+01 4.833855e-01
6.025596e-04 1.442290e+01 6.948928e+00 1.600961e+01 4.817984e-01
6.165950e-04 1.434544e+01 6.889247e+00 1.591394e+01 4.802394e-01
6.309573e-04 1.426936e+01 6.830942e+00 1.582013e+01 4.787139e-01
6.456542e-04 1.419460e+01 6.774050e+00 1.572814e+01 4.772272e-01
6.606934e-04 1.412111e+01 6.718609e+00 1.563795e+01 4.757848e-01
6.760830e-04 1.404883e+01 6.664653e+00 1.554951e+01 4.743919e-01
6.918310e-04 1.397772e+01 6.612214e+00 1.546279e+01 4.730539e-01
7.079458e-04 1.390771e+01 6.561321e+00 1.537775e+01 4.717759e-01
7.244360e-04 1.383874e+01 6.512001e+00 1.529434e+01 4.705632e-01
7.413102e-04 1.377075e+01 6.464276e+00 1.521251e+01 4.694209e-01
7.585776e-04 1.370368e+01 6.418169e+00 1.513221e+01 4.683538e-01
7.762471e-04 1.363746e+01 6.373698e+00 1.505339e+01 4.673668e-01
7.943282e-04 1.357204e+01 6.330877e+00 1.497599e+01 4.664646e-01
8.128305e-04 1.350735e+01 6.289719e+00 1.489997e+01 4.656517e-01
8.317638e-04 1.344331e+01 6.250234e+00 1.482525e+01 4.649326e-01
8.511380e-04 1.337987e+01 6.212428e+00 1.475179e+01 4.643115e-01
8.709636e-04 1.331696e+01 6.176305e+00 1.467951e+01 4.637926e-01
8.912509e-04 1.325450e+01 6.141865e+00 1.460836e+01 4.633796e-01
9.120108e-04 1.319244e+01 6.109106e+00 1.453828e+01 4.630763e-01
9.332543e-04 1.313070e+01 6.078022e+00 1.446920e+01 4.628863e-01
9.549926e-04 1.306923e+01 6.048607e+00 1.440105e+01 4.628129e-01
9.772372e-04 1.300794e+01 6.020847e+00 1.433377e+01 4.628594e-01
1.000000e-03 1.294678e+01 5.994730e+00 1.426730e+01 4.630286e-01
1.023293e-03 1.288568e+01 5.970239e+00 1.420157e+01 4.633235e-01
1.047129e-03 1.282458e+01 5.947353e+00 1.413650e+01 4.637466e-01
1.071519e-03 1.276340e+01 5.926051e+00 1.407205e+01 4.643003e-01
1.096478e-03 1.270210e+01 5.906308e+00 1.400813e+01 4.649868e-01
1.122018e-03 1.264060e+01 5.888094e+00 1.394469e+01 4.658083e-01
1.148154e-03 1.257884e+01 5.871381e+00 1.388166e+01 4.667665e-01
1.174898e-03 1.251677e+01 5.856135e+00 1.381897e+01 4.678630e-01
1.202264e-03 1.245433e+01 5.842319e+00 1.375656e+01 4.690995e-01
1.230269e-03 1.239146e+01 5.829897e+00 1.369437e+01 4.704771e-01
1.258925e-03 1.232810e+01 5.818826e+00 1.363234e+01 4.719971e-01
1.288250e-03 1.226420e+01 5.809065e+00 1.357041e+01 4.736602e-01
1.318257e-03 1.219972e+01 5.800568e+00 1.350851e+01 4.754674e-01
1.348963e-03 1.213459e+01 5.793287e+00 1.344658e+01 4.774191e-01
1.380384e-03 1.206879e+01 5.787173e+00 1.338458e+01 4.795158e-01
1.412538e-03 1.200225e+01 5.782174e+00 1.332244e+01 4.817577e-01
1.445440e-03 1.193493e+01 5.778237e+00 1.326011e+01 4.841450e-01
1.479108e-03 1.186680e+01 5.775305e+00 1.319754e+01 4.866774e-01
1.513561e-03 1.179782e+01 5.773322e+00 1.313468e+01 4.893549e-01
1.548817e-03 1.172795e+01 5.772228e+00 1.307148e+01 4.921769e-01
1.584893e-03 1.165716e+01 5.771963e+00 1.300788e+01 4.951430e-01
1.621810e-03 1.158543e+01 5.772465e+00 1.294386e+01 4.982523e-01
1.659587e-03 1.151271e+01 5.773672e+00 1.287936e+01 5.015041e-01
1.698244e-03 1.143899e+01 5.775517e+00 1.281434e+01 5.048973e-01
1.737801e-03 1.136426e+01 5.777937e+00 1.274876e+01 5.084307e-01
1.778279e-03 1.128848e+01 5.780864e+00 1.268259e+01 5.121031e-01
1.819701e-03 1.121164e+01 5.784232e+00 1.261580e+01 5.159129e-01
1.862087e-03 1.113375e+01 5.787973e+00 1.254834e+01 5.198586e-01
1.905461e-03 1.105477e+01 5.792020e+00 1.248020e+01 5.239384e-01
1.949845e-03 1.097472e+01 5.796303e+00 1.241135e+01 5.281505e-01
1.995262e-03 1.089358e+01 5.800755e+00 1.234176e+01 5.324928e-01
2.041738e-03 1.081137e+01 5.805308e+00 1.227140e+01 5.369633e-01
2.089296e-03 1.072808e+01 5.809894e+00 1.220027e+01 5.415595e-01
2.137962e-03 1.064372e+01 5.814446e+00 1.212834e+01 5.462793e-01
2.187762e-03 1.055831e+01 5.818897e+00 1.205560e+01 5.511199e-01
2.238721e-03 1.047186e+01 5.823182e+00 1.198204e+01 5.560789e-01
2.290868e-03 1.038439e+01 5.827235e+00 1.190765e+01 5.611534e-01
2.344229e-03 1.029591e+01 5.830993e+00 1.183243e+01 5.663407e-01
2.398833e-03 1.020646e+01 5.834396e+00 1.175636e+01 5.716376e-01
2.454709e-03 1.011605e+01 5.837381e+00 1.167945e+01 5.770412e-01
2.511886e-03 1.002473e+01 5.839890e+00 1.160170e+01 5.825484e-01
2.570396e-03 9.932519e+00 5.841868e+00 1.152312e+01 5.881557e-01
2.630268e-03 9.839454e+00 5.843259e+00 1.144371e+01 5.938600e-01
2.691535e-03 9.745575e+00 5.844010e+00 1.136348e+01 5.996578e-01
2.754229e-03 9.650922e+00 5.844073e+00 1.128244e+01 6.055456e-01
2.818383e-03 9.555536e+00 5.843400e+00 1.120061e+01 6.115198e-01
2.884032e-03 9.459463e+00 5.841945e+00 1.111799e+01 6.175768e-01
2.951209e-03 9.362748e+00 5.839667e+00 1.103462e+01 6.237130e-01
3.019952e-03 9.265438e+00 5.836526e+00 1.095050e+01 6.299245e-01
3.090295e-03 9.167583e+00 5.832487e+00 1.086566e+01 6.362077e-01
3.162278e-03 9.069234e+00 5.827515e+00 1.078012e+01 6.425586e-01
3.235937e-03 8.970442e+00 5.821579e+00 1.069391e+01 6.489735e-01
3.311311e-03 8.871258e+00 5.814653e+00 1.060705e+01 6.554485e-01
3.388442e-03 8.771737e+00 5.806711e+00 1.051957e+01 6.619797e-01
3.467369e-03 8.671930e+00 5.797732e+00 1.043149e+01 6.685631e-01
3.548134e-03 8.571893e+00 5.787697e+00 1.034286e+01 6.751948e-01
3.630781e-03 8.471678e+00 5.776590e+00 1.025370e+01 6.818708e-01
3.715352e-03 8.371339e+00 5.764398e+00 1.016403e+01 6.885873e-01
3.801894e-03 8.270930e+00 5.751110e+00 1.007390e+01 6.953401e-01
3.890451e-03 8.170504e+00 5.736718e+00 9.983339e+00 7.021254e-01
3.981072e-03 8.070112e+00 5.721218e+00 9.892373e+00 7.089391e-01
4.073803e-03 7.969807e+00 5.704606e+00 9.801038e+00 7.157772e-01
4.168694e-03 7.869639e+00 5.686882e+00 9.709369e+00 7.226356e-01
4.265795e-03 7.769659e+00 5.668048e+00 9.617399e+00 7.295104e-01
4.365158e-03 7.669916e+00 5.648107e+00 9.525163e+00 7.363975e-01
4.466836e-03 7.570458e+00 5.627066e+00 9.432693e+00 7.432927e-01
4.570882e-03 7.471331e+00 5.604932e+00 9.340025e+00 7.501919e-01
4.677351e-03 7.372582e+00 5.581716e+00 9.247189e+00 7.570910e-01
4.786301e-03 7.274255e+00 5.557426e+00 9.154222e+00 7.639857e-01
4.897788e-03 7.176393e+00 5.532078e+00 9.061153e+00 7.708716e-01
5.011872e-03 7.079039e+00 5.505683e+00 8.968018e+00 7.777445e-01
5.128614e-03 6.982233e+00 5.478259e+00 8.874846e+00 7.845999e-01
5.248075e-03 6.886015e+00 5.449821e+00 8.781671e+00 7.914332e-01
5.370318e-03 6.790423e+00 5.420387e+00 8.688524e+00 7.982400e-01
5.495409e-03 6.695496e+00 5.389976e+00 8.595435e+00 8.050153e-01
5.623413e-03 6.601267e+00 5.358608e+00 8.502436e+00 8.117545e-01
5.754399e-03 6.507773e+00 5.326303e+00 8.409555e+00 8.184525e-01
5.888437e-03 6.415048e+00 5.293083e+00 8.316824e+00 8.251043e-01
6.025596e-03 6.323122e+00 5.258970e+00 8.224272e+00 8.317046e-01
6.165950e-03 6.232029e+00 5.223988e+00 8.131927e+00 8.382482e-01
6.309573e-03 6.141799e+00 5.188160e+00 8.039819e+00 8.447296e-01
6.456542e-03 6.052460e+00 5.151510e+00 7.947977e+00 8.511432e-01
6.606934e-03 5.964041e+00 5.114066e+00 7.856428e+00 8.574833e-01
6.760830e-03 5.876569e+00 5.075852e+00 7.765200e+00 8.637440e-01
6.918310e-03 5.790071e+00 5.036895e+00 7.674323e+00 8.699194e-01
7.079458e-03 5.704570e+00 4.997223e+00 7.583822e+00 8.760034e-01
7.244360e-03 5.620092e+00 4.956864e+00 7.493727e+00 8.819899e-01
7.413102e-03 5.536659e+00 4.915847e+00 7.404063e+00 8.878725e-01
7.585776e-03 5.454293e+00 4.874202e+00 7.314859e+00 8.936451e-01
7.762471e-03 5.373014e+00 4.831958e+00 7.226140e+00 8.993012e-01
7.943282e-03 5.292843e+00 4.789147e+00 7.137935e+00 9.048345e-01
8.128305e-03 5.213797e+00 4.745799e+00 7.050269e+00 9.102386e-01
8.317638e-03 5.135893e+00 4.701947e+00 6.963168e+00 9.155072e-01
8.511380e-03 5.059148e+00 4.657623e+00 6.876659e+00 9.206340e-01
8.709636e-03 4.983575e+00 4.612861e+00 6.790767e+00 9.256128e-01
8.912509e-03 4.909189e+00 4.567694e+00 6.705517e+00 9.304376e-01
9.120108e-03 4.836000e+00 4.522155e+00 6.620936e+00 9.351024e-01
9.332543e-03 4.764020e+00 4.476280e+00 6.537046e+00 9.396015e-01
9.549926e-03 4.693257e+00 4.430103e+00 6.453873e+00 9.439294e-01
9.772372e-03 4.623718e+00 4.383659e+00 6.371439e+00 9.480810e-01
1.000000e-02 4.555410e+00 4.336983e+00 6.289769e+00 9.520511e-01
1.023293e-02 4.488337e+00 4.290111e+00 6.208883e+00 9.558353e-01
1.047129e-02 4.422502e+00 4.243078e+00 6.128804e+00 9.594292e-01
1.071519e-02 4.357906e+00 4.195919e+00 6.049552e+00 9.628290e-01
1.096478e-02 4.294549e+00 4.148669e+00 5.971148e+00 9.660314e-01
1.122018e-02 4.232429e+00 4.101364e+00 5.893610e+00 9.690332e-01
1.148154e-02 4.171542e+00 4.054038e+00 5.816957e+00 9.718320e-01
1.174898e-02 4.111884e+00 4.006726e+00 5.741205e+00 9.744259e-01
1.202264e-02 4.053447e+00 3.959461e+00 5.666372e+00 9.768133e-01
1.230269e-02 3.996225e+00 3.912278e+00 5.592471e+00 9.789935e-01
1.258925e-02 3.940207e+00 3.865209e+00 5.519517e+00 9.809660e-01
1.288250e-02 3.885382e+00 3.818285e+00 5.447522e+00 9.827310e-01
1.318257e-02 3.831738e+00 3.771540e+00 5.376498e+00 9.842895e-01
1.348963e-02 3.779262e+00 3.725002e+00 5.306454e+00 9.856427e-01
1.380384e-02 3.727937e+00 3.678701e+00 5.237400e+00 9.867927e-01
1.412538e-02 3.677749e+00 3.632667e+00 5.169343e+00 9.877419e-01
1.445440e-02 3.628679e+00 3.586927e+00 5.102289e+00 9.884937e-01
1.479108e-02 3.580710e+00 3.541506e+00 5.036244e+00 9.890515e-01
1.513561e-02 3.533821e+00 3.496432e+00 4.971209e+00 9.894197e-01
1.548817e-02 3.487992e+00 3.451727e+00 4.907189e+00 9.896029e-01
1.584893e-02 3.443201e+00 3.407414e+00 4.844183e+00 9.896065e-01
1.621810e-02 3.399427e+00 3.363516e+00 4.782191e+00 9.894360e-01
1.659587e-02 3.356647e+00 3.320052e+00 4.721211e+00 9.890977e-01
1.698244e-02 3.314838e+00 3.277042e+00 4.661240e+00 9.885981e-01
1.737801e-02 3.273974e+00 3.234504e+00 4.602274e+00 9.879442e-01
1.778279e-02 3.234033e+00 3.192453e+00 4.544307e+00 9.871431e-01
1.819701e-02 3.194988e+00 3.150905e+00 4.487332e+00 9.862025e-01
1.862087e-02 3.156815e+00 3.109874e+00 4.431342e+00 9.851302e-01
1.905461e-02 3.119489e+00 3.069371e+00 4.376328e+00 9.839341e-01
1.949845e-02 3.082983e+00 3.029409e+00 4.322280e+00 9.826227e-01
1.995262e-02 3.047273e+00 2.989997e+00 4.269186e+00 9.812042e-01
2.041738e-02 3.012332e+00 2.951143e+00 4.217036e+00 9.796870e-01
2.089296e-02 2.978136e+00 2.912855e+00 4.165815e+00 9.780798e-01
2.137962e-02 2.944658e+00 2.875138e+00 4.115511e+00 9.763911e-01
2.187762e-02 2.911874e+00 2.837998e+00 4.066109e+00 9.746295e-01
2.238721e-02 2.879758e+00 2.801439e+00 4.017595e+00 9.728034e-01
2.290868e-02 2.848287e+00 2.765462e+00 3.969952e+00 9.709213e-01
2.344229e-02 2.817435e+00 2.730070e+00 3.923165e+00 9.689916e-01
2.398833e-02 2.787178e+00 2.695264e+00 3.877216e+00 9.670223e-01
2.454709e-02 2.757494e+00 2.661041e+00 3.832090e+00 9.650216e-01
2.511886e-02 2.728359e+00 2.627402e+00 3.787768e+00 9.629973e-01
2.570396e-02 2.699751e+00 2.594344e+00 3.744232e+00 9.609569e-01
2.630268e-02 2.671648e+00 2.561864e+00 3.701466e+00 9.589079e-01
2.691535e-02 2.644028e+00 2.529958e+00 3.659449e+00 9.568574e-01
2.754229e-02 2.616871e+00 2.498621e+00 3.618165e+00 9.548124e-01
2.818383e-02 2.590157e+00 2.467848e+00 3.577595e+00 9.527793e-01
2.884032e-02 2.563867e+00 2.437633e+00 3.537721e+00 9.507645e-01
2.951209e-02 2.537981e+00 2.407970e+00 3.498523e+00 9.487740e-01
3.019952e-02 2.512481e+00 2.378851e+00 3.459985e+00 9.468136e-01
3.090295e-02 2.487351e+00 2.350270e+00 3.422087e+00 9.448887e-01
3.162278e-02 2.462573e+00 2.322217e+00 3.384812e+00 9.430044e-01
3.235937e-02 2.438131e+00 2.294685e+00 3.348143e+00 9.411654e-01
3.311311e-02 2.414010e+00 2.267664e+00 3.312060e+00 9.393764e-01
3.388442e-02 2.390195e+00 2.241146e+00 3.276548e+00 9.376415e-01
3.467369e-02 2.366672e+00 2.215122e+00 3.241590e+00 9.359647e-01
3.548134e-02 2.343428e+00 2.189581e+00 3.207167e+00 9.343496e-01
3.630781e-02 2.320450e+00 2.164515e+00 3.173266e+00 9.327995e-01
3.715352e-02 2.297726e+00 2.139913e+00 3.139868e+00 9.313175e-01
3.801894e-02 2.275245e+00 2.115765e+00 3.106960e+00 9.299064e-01
3.890451e-02 2.252995e+00 2.092061e+00 3.074525e+00 9.285688e-01
3.981072e-02 2.230966e+00 2.068790e+00 3.042549e+00 9.273070e-01
4.073803e-02 2.209149e+00 2.045944e+00 3.011017e+00 9.261230e-01
4.168694e-02 2.187535e+00 2.023511e+00 2.979917e+00 9.250188e-01
4.265795e-02 2.166115e+00 2.001481e+00 2.949234e+00 9.239959e-01
4.365158e-02 2.144880e+00 1.979844e+00 2.918954e+00 9.230558e-01
4.466836e-02 2.123825e+00 1.958591e+00 2.889067e+00 9.221998e-01
4.570882e-02 2.102940e+00 1.937710e+00 2.859559e+00 9.214288e-01
4.677351e-02 2.082221e+00 1.917192e+00 2.830419e+00 9.207437e-01
4.786301e-02 2.061660e+00 1.897027e+00 2.801635e+00 9.201454e-01
4.897788e-02 2.041253e+00 1.877206e+00 2.773196e+00 9.196343e-01
5.011872e-02 2.020993e+00 1.857719e+00 2.745093e+00 9.192109e-01
5.128614e-02 2.000877e+00 1.838556e+00 2.717314e+00 9.188754e-01
5.248075e-02 1.980899e+00 1.819709e+00 2.689851e+00 9.186281e-01
5.370318e-02 1.961055e+00 1.801168e+00 2.662694e+00 9.184689e-01
5.495409e-02 1.941341e+00 1.782924e+00 2.635834e+00 9.183979e-01
5.623413e-02 1.921755e+00 1.764968e+00 2.609263e+00 9.184148e-01
5.754399e-02 1.902292e+00 1.747292e+00 2.582972e+00 9.185194e-01
5.888437e-02 1.882950e+00 1.729888e+00 2.556954e+00 9.187114e-01
6.025596e-02 1.863726e+00 1.712746e+00 2.531201e+00 9.189903e-01
6.165950e-02 1.844619e+00 1.695861e+00 2.505706e+00 9.193556e-01
6.309573e-02 1.825625e+00 1.679222e+00 2.480462e+00 9.198067e-01
6.456542e-02 1.806743e+00 1.662823e+00 2.455463e+00 9.203429e-01
6.606934e-02 1.787971e+00 1.646656e+00 2.430703e+00 9.209637e-01
6.760830e-02 1.769308e+00 1.630715e+00 2.406176e+00 9.216681e-01
6.918310e-02 1.750753e+00 1.614991e+00 2.381875e+00 9.224554e-01
7.079458e-02 1.732303e+00 1.599478e+00 2.357797e+00 9.233246e-01
7.244360e-02 1.713960e+00 1.584170e+00 2.333935e+00 9.242749e-01
7.413102e-02 1.695721e+00 1.569060e+00 2.310285e+00 9.253053e-01
7.585776e-02 1.677586e+00 1.554141e+00 2.286843e+00 9.264147e-01
7.762471e-02 1.659555e+00 1.539407e+00 2.263603e+00 9.276021e-01
7.943282e-02 1.641628e+00 1.524853e+00 2.240562e+00 9.288663e-01
8.128305e-02 1.623804e+00 1.510473e+00 2.217717e+00 9.302062e-01
8.317638e-02 1.606083e+00 1.496260e+00 2.195062e+00 9.316207e-01
8.511380e-02 1.588466e+00 1.482211e+00 2.172596e+00 9.331085e-01
8.709636e-02 1.570952e+00 1.468319e+00 2.150314e+00 9.346684e-01
8.912509e-02 1.553541e+00 1.454579e+00 2.128213e+00 9.362990e-01
9.120108e-02 1.536235e+00 1.440987e+00 2.106291e+00 9.379991e-01
9.332543e-02 1.519034e+00 1.427538e+00 2.084546e+00 9.397673e-01
9.549926e-02 1.501938e+00 1.414228e+00 2.062973e+00 9.416022e-01
9.772372e-02 1.484948e+00 1.401052e+00 2.041572e+00 9.435024e-01
1.000000e-01 1.468064e+00 1.388005e+00 2.020339e+00 9.454665e-01
1.023293e-01 1.451287e+00 1.375085e+00 1.999273e+00 9.474931e-01
1.047129e-01 1.434619e+00 1.362286e+00 1.978372e+00 9.495805e-01
1.071519e-01 1.418059e+00 1.349606e+00 1.957633e+00 9.517275e-01
1.096478e-01 1.401610e+00 1.337041e+00 1.937057e+00 9.539323e-01
1.122018e-01 1.385271e+00 1.324587e+00 1.916640e+00 9.561934e-01
1.148154e-01 1.369045e+00 1.312242e+00 1.896381e+00 9.585094e-01
1.174898e-01 1.352931e+00 1.300002e+00 1.876280e+00 9.608785e-01
1.202264e-01 1.336931e+00 1.287865e+00 1.856335e+00 9.632992e-01
1.230269e-01 1.321047e+00 1.275827e+00 1.836546e+00 9.657698e-01
1.258925e-01 1.305279e+00 1.263887e+00 1.816910e+00 9.682887e-01
1.288250e-01 1.289628e+00 1.252041e+00 1.797428e+00 9.708542e-01
1.318257e-01 1.274096e+00 1.240288e+00 1.778099e+00 9.734648e-01
1.348963e-01 1.258685e+00 1.228625e+00 1.758922e+00 9.761187e-01
1.380384e-01 1.243394e+00 1.217051e+00 1.739897e+00 9.788142e-01
1.412538e-01 1.228225e+00 1.205564e+00 1.721023e+00 9.815498e-01
1.445440e-01 1.213180e+00 1.194162e+00 1.702301e+00 9.843237e-01
1.479108e-01 1.198260e+00 1.182843e+00 1.683729e+00 9.871343e-01
1.513561e-01 1.183465e+00 1.171607e+00 1.665308e+00 9.899801e-01
1.548817e-01 1.168797e+00 1.160451e+00 1.647038e+00 9.928594e-01
1.584893e-01 1.154258e+00 1.149376e+00 1.628919e+00 9.957707e-01
1.621810e-01 1.139847e+00 1.138380e+00 1.610950e+00 9.987125e-01
1.659587e-01 1.125567e+00 1.127462e+00 1.593132e+00 1.001683e+00
1.698244e-01 1.111418e+00 1.116622e+00 1.575466e+00 1.004682e+00
1.737801e-01 1.097401e+00 1.105859e+00 1.557952e+00 1.007706e+00
1.778279e-01 1.083518e+00 1.095172e+00 1.540589e+00 1.010756e+00
1.819701e-01 1.069768e+00 1.084563e+00 1.523378e+00 1.013830e+00
1.862087e-01 1.056153e+00 1.074030e+00 1.506320e+00 1.016927e+00
1.905461e-01 1.042673e+00 1.063574e+00 1.489415e+00 1.020045e+00
1.949845e-01 1.029330e+00 1.053194e+00 1.472663e+00 1.023184e+00
1.995262e-01 1.016122e+00 1.042892e+00 1.456066e+00 1.026344e+00
2.041738e-01 1.003052e+00 1.032666e+00 1.439623e+00 1.029524e+00
2.089296e-01 9.901190e-01 1.022519e+00 1.423334e+00 1.032723e+00
2.137962e-01 9.773232e-01 1.012450e+00 1.407201e+00 1.035942e+00
2.187762e-01 9.646650e-01 1.002460e+00 1.391224e+00 1.039179e+00
2.238721e-01 9.521441e-01 9.925495e-01 1.375403e+00 1.042436e+00
2.290868e-01 9.397606e-01 9.827196e-01 1.359738e+00 1.045713e+00
2.344229e-01 9.275140e-01 9.729711e-01 1.344230e+00 1.049010e+00
2.398833e-01 9.154041e-01 9.633049e-01 1.328880e+00 1.052327e+00
2.454709e-01 9.034303e-01 9.537217e-01 1.313686e+00 1.055667e+00
2.511886e-01 8.915918e-01 9.442227e-01 1.298650e+00 1.059030e+00
2.570396e-01 8.798879e-01 9.348088e-01 1.283772e+00 1.062418e+00
2.630268e-01 8.683177e-01 9.254810e-01 1.269051e+00 1.065832e+00
2.691535e-01 8.568801e-01 9.162403e-01 1.254488e+00 1.069275e+00
2.754229e-01 8.455738e-01 9.070876e-01 1.240082e+00 1.072748e+00
2.818383e-01 8.343976e-01 8.980240e-01 1.225833e+00 1.076254e+00
2.884032e-01 8.233500e-01 8.890503e-01 1.211741e+00 1.079796e+00
2.951209e-01 8.124294e-01 8.801674e-01 1.197805e+00 1.083377e+00
3.019952e-01 8.016341e-01 8.713763e-01 1.184024e+00 1.087000e+00
3.090295e-01 7.909623e-01 8.626777e-01 1.170399e+00 1.090669e+00
3.162278e-01 7.804120e-01 8.540723e-01 1.156928e+00 1.094386e+00
3.235937e-01 7.699813e-01 8.455608e-01 1.143610e+00 1.098158e+00
3.311311e-01 7.596679e-01 8.371438e-01 1.130445e+00 1.101987e+00
3.388442e-01 7.494697e-01 8.288218e-01 1.117430e+00 1.105878e+00
3.467369e-01 7.393844e-01 8.205952e-01 1.104566e+00 1.109836e+00
3.548134e-01 7.294096e-01 8.124643e-01 1.091850e+00 1.113866e+00
3.630781e-01 7.195427e-01 8.044293e-01 1.079281e+00 1.117973e+00
3.715352e-01 7.097813e-01 7.964903e-01 1.066858e+00 1.122163e+00
3.801894e-01 7.001229e-01 7.886473e-01 1.054579e+00 1.126441e+00
3.890451e-01 6.905647e-01 7.809001e-01 1.042442e+00 1.130814e+00
3.981072e-01 6.811042e-01 7.732485e-01 1.030445e+00 1.135287e+00
4.073803e-01 6.717386e-01 7.656921e-01 1.018586e+00 1.139866e+00
4.168694e-01 6.624652e-01 7.582304e-01 1.006863e+00 1.144559e+00
4.265795e-01 6.532814e-01 7.508629e-01 9.952746e-01 1.149371e+00
4.365158e-01 6.441843e-01 7.435886e-01 9.838178e-01 1.154310e+00
4.466836e-01 6.351714e-01 7.364069e-01 9.724905e-01 1.159383e+00
4.570882e-01 6.262398e-01 7.293166e-01 9.612903e-01 1.164596e+00
4.677351e-01 6.173870e-01 7.223166e-01 9.502147e-01 1.169958e+00
4.786301e-01 6.086102e-01 7.154058e-01 9.392613e-01 1.175475e+00
4.897788e-01 5.999069e-01 7.085826e-01 9.284275e-01 1.181154e+00
5.011872e-01 5.912745e-01 7.018457e-01 9.177107e-01 1.187005e+00
5.128614e-01 5.827105e-01 6.951933e-01 9.071082e-01 1.193034e+00
5.248075e-01 5.742125e-01 6.886239e-01 8.966175e-01 1.199249e+00
5.370318e-01 5.657782e-01 6.821355e-01 8.862358e-01 1.205659e+00
5.495409e-01 5.574052e-01 6.757262e-01 8.759603e-01 1.212271e+00
5.623413e-01 5.490914e-01 6.693940e-01 8.657885e-01 1.219094e+00
5.754399e-01 5.408347e-01 6.631368e-01 8.557175e-01 1.226136e+00
5.888437e-01 5.326330e-01 6.569522e-01 8.457447e-01 1.233405e+00
6.025596e-01 5.244845e-01 6.508381e-01 8.358674e-01 1.240910e+00
6.165950e-01 5.163875e-01 6.447920e-01 8.260828e-01 1.248659e+00
6.309573e-01 5.083401e-01 6.388115e-01 8.163883e-01 1.256662e+00
6.456542e-01 5.003410e-01 6.328941e-01 8.067813e-01 1.264925e+00
6.606934e-01 4.923887e-01 6.270371e-01 7.972592e-01 1.273460e+00
6.760830e-01 4.844819e-01 6.212380e-01 7.878194e-01 1.282273e+00
6.918310e-01 4.766194e-01 6.154941e-01 7.784594e-01 1.291375e+00
7.079458e-01 4.688002e-01 6.098027e-01 7.691768e-01 1.300773e+00
7.244360e-01 4.610235e-01 6.041611e-01 7.599693e-01 1.310478e+00
7.413102e-01 4.532886e-01 5.985665e-01 7.508344e-01 1.320498e+00
7.585776e-01 4.455947e-01 5.930162e-01 7.417701e-01 1.330842e+00
7.762471e-01 4.379416e-01 5.875074e-01 7.327740e-01 1.341520e+00
7.943282e-01 4.303287e-01 5.820374e-01 7.238441e-01 1.352541e+00
8.128305e-01 4.227561e-01 5.766034e-01 7.149785e-01 1.363915e+00
8.317638e-01 4.152237e-01 5.712029e-01 7.061752e-01 1.375651e+00
8.511380e-01 4.077315e-01 5.658330e-01 6.974324e-01 1.387759e+00
8.709636e-01 4.002799e-01 5.604913e-01 6.887485e-01 1.400248e+00
8.912509e-01 3.928692e-01 5.551750e-01 6.801217e-01 1.413129e+00
9.120108e-01 3.855000e-01 5.498818e-01 6.715506e-01 1.426412e+00
9.332543e-01 3.781729e-01 5.446091e-01 6.630338e-01 1.440106e+00
9.549926e-01 3.708887e-01 5.393546e-01 6.545700e-01 1.454222e+00
9.772372e-01 3.636483e-01 5.341161e-01 6.461579e-01 1.468771e+00
1.000000e+00 3.564527e-01 5.288913e-01 6.377966e-01 1.483763e+00
1.023293e+00 3.493030e-01 5.236781e-01 6.294849e-01 1.499209e+00
1.047129e+00 3.422005e-01 5.184745e-01 6.212222e-01 1.515119e+00
1.071519e+00 3.351465e-01 5.132787e-01 6.130075e-01 1.531505e+00
1.096478e+00 3.281424e-01 5.080888e-01 6.048402e-01 1.548379e+00
1.122018e+00 3.211897e-01 5.029034e-01 5.967199e-01 1.565752e+00
1.148154e+00 3.142900e-01 4.977207e-01 5.886460e-01 1.583635e+00
1.174898e+00 3.074449e-01 4.925394e-01 5.806182e-01 1.602041e+00
1.202264e+00 3.006562e-01 4.873583e-01 5.726362e-01 1.620982e+00
1.230269e+00 2.939255e-01 4.821762e-01 5.647000e-01 1.640471e+00
1.258925e+00 2.872547e-01 4.769922e-01 5.568095e-01 1.660520e+00
1.288250e+00 2.806456e-01 4.718054e-01 5.489647e-01 1.681143e+00
1.318257e+00 2.741001e-01 4.666150e-01 5.411658e-01 1.702353e+00
1.348963e+00 2.676199e-01 4.614205e-01 5.334129e-01 1.724163e+00
1.380384e+00 2.612071e-01 4.562215e-01 5.257064e-01 1.746589e+00
1.412538e+00 2.548634e-01 4.510177e-01 5.180467e-01 1.769645e+00
1.445440e+00 2.485908e-01 4.458089e-01 5.104341e-01 1.793344e+00
1.479108e+00 2.423911e-01 4.405951e-01 5.028692e-01 1.817704e+00
1.513561e+00 2.362660e-01 4.353764e-01 4.953527e-01 1.842739e+00
1.548817e+00 2.302174e-01 4.301531e-01 4.878850e-01 1.868465e+00
1.584893e+00 2.242470e-01 4.249255e-01 4.804669e-01 1.894899e+00
1.621810e+00 2.183566e-01 4.196942e-01 4.730992e-01 1.922059e+00
1.659587e+00 2.125477e-01 4.144597e-01 4.657825e-01 1.949961e+00
1.698244e+00 2.068220e-01 4.092227e-01 4.585178e-01 1.978623e+00
1.737801e+00 2.011809e-01 4.039842e-01 4.513058e-01 2.008064e+00
1.778279e+00 1.956259e-01 3.987450e-01 4.441475e-01 2.038304e+00
1.819701e+00 1.901583e-01 3.935061e-01 4.370438e-01 2.069361e+00
1.862087e+00 1.847795e-01 3.882688e-01 4.299955e-01 2.101255e+00
1.905461e+00 1.794906e-01 3.830341e-01 4.230035e-01 2.134007e+00
1.949845e+00 1.742927e-01 3.778035e-01 4.160690e-01 2.167638e+00
1.995262e+00 1.691868e-01 3.725782e-01 4.091927e-01 2.202171e+00
2.041738e+00 1.641738e-01 3.673597e-01 4.023757e-01 2.237626e+00
2.089296e+00 1.592546e-01 3.621495e-01 3.956189e-01 2.274028e+00
2.137962e+00 1.544299e-01 3.569491e-01 3.889232e-01 2.311399e+00
2.187762e+00 1.497001e-01 3.517601e-01 3.822895e-01 2.349765e+00
2.238721e+00 1.450660e-01 3.465841e-01 3.757189e-01 2.389148e+00
2.290868e+00 1.405278e-01 3.414229e-01 3.692122e-01 2.429576e+00
2.344229e+00 1.360858e-01 3.362780e-01 3.627703e-01 2.471074e+00
2.398833e+00 1.317402e-01 3.311513e-01 3.563940e-01 2.513668e+00
2.454709e+00 1.274912e-01 3.260443e-01 3.500841e-01 2.557387e+00
2.511886e+00 1.233387e-01 3.209589e-01 3.438416e-01 2.602257e+00
2.570396e+00 1.192825e-01 3.158968e-01 3.376671e-01 2.648308e+00
2.630268e+00 1.153224e-01 3.108597e-01 3.315615e-01 2.695570e+00
2.691535e+00 1.114582e-01 3.058493e-01 3.255253e-01 2.744071e+00
2.754229e+00 1.076894e-01 3.008674e-01 3.195593e-01 2.793844e+00
2.818383e+00 1.040155e-01 2.959155e-01 3.136642e-01 2.844919e+00
2.884032e+00 1.004358e-01 2.909955e-01 3.078404e-01 2.897328e+00
2.951209e+00 9.694975e-02 2.861089e-01 3.020886e-01 2.951105e+00
3.019952e+00 9.355650e-02 2.812573e-01 2.964093e-01 3.006283e+00
3.090295e+00 9.025519e-02 2.764422e-01 2.908029e-01 3.062896e+00
3.162278e+00 8.704489e-02 2.716653e-01 2.852698e-01 3.120979e+00
3.235937e+00 8.392458e-02 2.669279e-01 2.798104e-01 3.180569e+00
3.311311e+00 8.089317e-02 2.622315e-01 2.744250e-01 3.241702e+00
3.388442e+00 7.794950e-02 2.575775e-01 2.691139e-01 3.304414e+00
3.467369e+00 7.509237e-02 2.529671e-01 2.638773e-01 3.368746e+00
3.548134e+00 7.232049e-02 2.484016e-01 2.587153e-01 3.434734e+00
3.630781e+00 6.963252e-02 2.438823e-01 2.536282e-01 3.502420e+00
3.715352e+00 6.702710e-02 2.394103e-01 2.486160e-01 3.571843e+00
3.801894e+00 6.450278e-02 2.349866e-01 2.436787e-01 3.643046e+00
3.890451e+00 6.205810e-02 2.306122e-01 2.388163e-01 3.716070e+00
3.981072e+00 5.969155e-02 2.262882e-01 2.340287e-01 3.790958e+00
4.073803e+00 5.740159e-02 2.220153e-01 2.293158e-01 3.867756e+00
4.168694e+00 5.518664e-02 2.177945e-01 2.246775e-01 3.946507e+00
4.265795e+00 5.304511e-02 2.136263e-01 2.201136e-01 4.027257e+00
4.365158e+00 5.097539e-02 2.095116e-01 2.156237e-01 4.110054e+00
4.466836e+00 4.897583e-02 2.054509e-01 2.112077e-01 4.194945e+00
4.570882e+00 4.704479e-02 2.014448e-01 2.068652e-01 4.281979e+00
4.677351e+00 4.518060e-02 1.974938e-01 2.025958e-01 4.371207e+00
4.786301e+00 4.338162e-02 1.935982e-01 1.983991e-01 4.462678e+00
4.897788e+00 4.164616e-02 1.897584e-01 1.942747e-01 4.556445e+00
5.011872e+00 3.997258e-02 1.859748e-01 1.902221e-01 4.652560e+00
5.128614e+00 3.835919e-02 1.822475e-01 1.862407e-01 4.751079e+00
5.248075e+00 3.680435e-02 1.785768e-01 1.823300e-01 4.852056e+00
5.370318e+00 3.530642e-02 1.749627e-01 1.784895e-01 4.955549e+00
5.495409e+00 3.386376e-02 1.714053e-01 1.747184e-01 5.061614e+00
5.623413e+00 3.247476e-02 1.679046e-01 1.710163e-01 5.170311e+00
5.754399e+00 3.113781e-02 1.644606e-01 1.673823e-01 5.281700e+00
5.888437e+00 2.985133e-02 1.610731e-01 1.638159e-01 5.395843e+00
6.025596e+00 2.861376e-02 1.577420e-01 1.603162e-01 5.512802e+00
6.165950e+00 2.742357e-02 1.544672e-01 1.568826e-01 5.632643e+00
6.309573e+00 2.627924e-02 1.512483e-01 1.535143e-01 5.755430e+00
6.456542e+00 2.517928e-02 1.480852e-01 1.502106e-01 5.881232e+00
6.606934e+00 2.412224e-02 1.449774e-01 1.469706e-01 6.010116e+00
6.760830e+00 2.310668e-02 1.419248e-01 1.437935e-01 6.142153e+00
6.918310e+00 2.213120e-02 1.389268e-01 1.406785e-01 6.277416e+00
7.079458e+00 2.119443e-02 1.359830e-01 1.376248e-01 6.415977e+00
7.244360e+00 2.029503e-02 1.330930e-01 1.346315e-01 6.557911e+00
7.413102e+00 1.943169e-02 1.302564e-01 1.316978e-01 6.703296e+00
7.585776e+00 1.860313e-02 1.274725e-01 1.288228e-01 6.852211e+00
7.762471e+00 1.780810e-02 1.247410e-01 1.260057e-01 7.004734e+00
7.943282e+00 1.704539e-02 1.220612e-01 1.232456e-01 7.160950e+00
8.128305e+00 1.631383e-02 1.194326e-01 1.205416e-01 7.320941e+00
8.317638e+00 1.561225e-02 1.168545e-01 1.178928e-01 7.484794e+00
8.511380e+00 1.493956e-02 1.143264e-01 1.152984e-01 7.652597e+00
8.709636e+00 1.429465e-02 1.118477e-01 1.127574e-01 7.824441e+00
8.912509e+00 1.367649e-02 1.094176e-01 1.102691e-01 8.000416e+00
9.120108e+00 1.308406e-02 1.070357e-01 1.078324e-01 8.180618e+00
9.332543e+00 1.251635e-02 1.047011e-01 1.054466e-01 8.365142e+00
9.549926e+00 1.197243e-02 1.024133e-01 1.031107e-01 8.554089e+00
9.772372e+00 1.145136e-02 1.001715e-01 1.008239e-01 8.747558e+00
1.000000e+01 1.095225e-02 9.797507e-02 9.858532e-02 8.945653e+00
