1.000000e-06 8.769797e+01 1.316019e+00 8.770784e+01 1.500627e-02
1.023293e-06 8.769688e+01 1.346654e+00 8.770722e+01 1.535578e-02
1.047129e-06 8.769575e+01 1.378000e+00 8.770657e+01 1.571342e-02
1.071519e-06 8.769456e+01 1.410076e+00 8.770590e+01 1.607940e-02
1.096478e-06 8.769332e+01 1.442897e+00 8.770519e+01 1.645390e-02
1.122018e-06 8.769202e+01 1.476481e+00 8.770444e+01 1.683712e-02
1.148154e-06 8.769065e+01 1.510845e+00 8.770367e+01 1.722926e-02
1.174898e-06 8.768922e+01 1.546007e+00 8.770285e+01 1.763053e-02
1.202264e-06 8.768773e+01 1.581987e+00 8.770200e+01 1.804115e-02
1.230269e-06 8.768616e+01 1.618802e+00 8.770111e+01 1.846132e-02
1.258925e-06 8.768453e+01 1.656473e+00 8.770017e+01 1.889128e-02
1.288250e-06 8.768281e+01 1.695018e+00 8.769919e+01 1.933125e-02
1.318257e-06 8.768101e+01 1.734459e+00 8.769817e+01 1.978147e-02
1.348963e-06 8.767913e+01 1.774815e+00 8.769709e+01 2.024216e-02
1.380384e-06 8.767716e+01 1.816108e+00 8.769597e+01 2.071358e-02
1.412538e-06 8.767510e+01 1.858360e+00 8.769479e+01 2.119598e-02
1.445440e-06 8.767294e+01 1.901592e+00 8.769356e+01 2.168961e-02
1.479108e-06 8.767068e+01 1.945827e+00 8.769227e+01 2.219473e-02
1.513561e-06 8.766831e+01 1.991088e+00 8.769092e+01 2.271160e-02
1.548817e-06 8.766583e+01 2.037399e+00 8.768950e+01 2.324051e-02
1.584893e-06 8.766324e+01 2.084784e+00 8.768802e+01 2.378173e-02
1.621810e-06 8.766052e+01 2.133267e+00 8.768647e+01 2.433555e-02
1.659587e-06 8.765767e+01 2.182875e+00 8.768485e+01 2.490226e-02
1.698244e-06 8.765469e+01 2.233631e+00 8.768315e+01 2.548217e-02
1.737801e-06 8.765157e+01 2.285564e+00 8.768137e+01 2.607556e-02
1.778279e-06 8.764831e+01 2.338700e+00 8.767950e+01 2.668277e-02
1.819701e-06 8.764489e+01 2.393066e+00 8.767755e+01 2.730411e-02
1.862087e-06 8.764130e+01 2.448691e+00 8.767551e+01 2.793991e-02
1.905461e-06 8.763756e+01 2.505602e+00 8.767337e+01 2.859051e-02
1.949845e-06 8.763363e+01 2.563831e+00 8.767113e+01 2.925625e-02
1.995262e-06 8.762952e+01 2.623406e+00 8.766878e+01 2.993747e-02
2.041738e-06 8.762522e+01 2.684359e+00 8.766632e+01 3.063455e-02
2.089296e-06 8.762071e+01 2.746721e+00 8.766375e+01 3.134785e-02
2.137962e-06 8.761599e+01 2.810523e+00 8.766106e+01 3.207774e-02
2.187762e-06 8.761105e+01 2.875799e+00 8.765824e+01 3.282461e-02
2.238721e-06 8.760588e+01 2.942582e+00 8.765529e+01 3.358886e-02
2.290868e-06 8.760047e+01 3.010905e+00 8.765219e+01 3.437088e-02
2.344229e-06 8.759480e+01 3.080805e+00 8.764896e+01 3.517110e-02
2.398833e-06 8.758886e+01 3.152317e+00 8.764557e+01 3.598992e-02
2.454709e-06 8.758265e+01 3.225476e+00 8.764202e+01 3.682779e-02
2.511886e-06 8.757614e+01 3.300320e+00 8.763831e+01 3.768515e-02
2.570396e-06 8.756933e+01 3.376887e+00 8.763442e+01 3.856244e-02
2.630268e-06 8.756220e+01 3.455216e+00 8.763035e+01 3.946013e-02
2.691535e-06 8.755474e+01 3.535345e+00 8.762608e+01 4.037869e-02
2.754229e-06 8.754692e+01 3.617316e+00 8.762162e+01 4.131860e-02
2.818383e-06 8.753874e+01 3.701170e+00 8.761695e+01 4.228036e-02
2.884032e-06 8.753017e+01 3.786947e+00 8.761206e+01 4.326448e-02
2.951209e-06 8.752121e+01 3.874692e+00 8.760693e+01 4.427147e-02
3.019952e-06 8.751182e+01 3.964448e+00 8.760157e+01 4.530185e-02
3.090295e-06 8.750199e+01 4.056259e+00 8.759596e+01 4.635619e-02
3.162278e-06 8.749171e+01 4.150170e+00 8.759008e+01 4.743501e-02
3.235937e-06 8.748094e+01 4.246228e+00 8.758393e+01 4.853890e-02
3.311311e-06 8.746966e+01 4.344480e+00 8.757749e+01 4.966842e-02
3.388442e-06 8.745786e+01 4.444974e+00 8.757074e+01 5.082418e-02
3.467369e-06 8.744551e+01 4.547759e+00 8.756368e+01 5.200678e-02
3.548134e-06 8.743258e+01 4.652885e+00 8.755629e+01 5.321684e-02
3.630781e-06 8.741904e+01 4.760402e+00 8.754856e+01 5.445498e-02
3.715352e-06 8.740487e+01 4.870362e+00 8.754046e+01 5.572186e-02
3.801894e-06 8.739004e+01 4.982818e+00 8.753198e+01 5.701814e-02
3.890451e-06 8.737452e+01 5.097823e+00 8.752311e+01 5.834450e-02
3.981072e-06 8.735827e+01 5.215431e+00 8.751382e+01 5.970163e-02
4.073803e-06 8.734127e+01 5.335698e+00 8.750409e+01 6.109023e-02
4.168694e-06 8.732347e+01 5.458680e+00 8.749391e+01 6.251103e-02
4.265795e-06 8.730484e+01 5.584434e+00 8.748326e+01 6.396477e-02
4.365158e-06 8.728534e+01 5.713019e+00 8.747211e+01 6.545221e-02
4.466836e-06 8.726494e+01 5.844492e+00 8.746043e+01 6.697412e-02
4.570882e-06 8.724358e+01 5.978915e+00 8.744821e+01 6.853129e-02
4.677351e-06 8.722124e+01 6.116347e+00 8.743543e+01 7.012452e-02
4.786301e-06 8.719785e+01 6.256851e+00 8.742204e+01 7.175464e-02
4.897788e-06 8.717338e+01 6.400488e+00 8.740803e+01 7.342250e-02
5.011872e-06 8.714777e+01 6.547322e+00 8.739337e+01 7.512896e-02
5.128614e-06 8.712097e+01 6.697416e+00 8.737803e+01 7.687490e-02
5.248075e-06 8.709294e+01 6.850837e+00 8.736197e+01 7.866122e-02
5.370318e-06 8.706360e+01 7.007648e+00 8.734516e+01 8.048884e-02
5.495409e-06 8.703290e+01 7.167916e+00 8.732758e+01 8.235869e-02
5.623413e-06 8.700079e+01 7.331709e+00 8.730917e+01 8.427175e-02
5.754399e-06 8.696719e+01 7.499093e+00 8.728991e+01 8.622899e-02
5.888437e-06 8.693205e+01 7.670137e+00 8.726976e+01 8.823141e-02
6.025596e-06 8.689528e+01 7.844909e+00 8.724868e+01 9.028004e-02
6.165950e-06 8.685681e+01 8.023478e+00 8.722662e+01 9.237592e-02
6.309573e-06 8.681658e+01 8.205913e+00 8.720353e+01 9.452012e-02
6.456542e-06 8.677450e+01 8.392285e+00 8.717938e+01 9.671372e-02
6.606934e-06 8.673049e+01 8.582663e+00 8.715412e+01 9.895785e-02
6.760830e-06 8.668446e+01 8.777117e+00 8.712768e+01 1.012536e-01
6.918310e-06 8.663632e+01 8.975717e+00 8.710003e+01 1.036022e-01
7.079458e-06 8.658598e+01 9.178533e+00 8.707111e+01 1.060048e-01
7.244360e-06 8.653334e+01 9.385636e+00 8.704085e+01 1.084627e-01
7.413102e-06 8.647830e+01 9.597095e+00 8.700920e+01 1.109769e-01
7.585776e-06 8.642076e+01 9.812978e+00 8.697610e+01 1.135489e-01
7.762471e-06 8.636060e+01 1.003336e+01 8.694149e+01 1.161798e-01
7.943282e-06 8.629771e+01 1.025830e+01 8.690528e+01 1.188710e-01
8.128305e-06 8.623198e+01 1.048786e+01 8.686742e+01 1.216238e-01
8.317638e-06 8.616327e+01 1.072213e+01 8.682784e+01 1.244397e-01
8.511380e-06 8.609146e+01 1.096115e+01 8.678644e+01 1.273198e-01
8.709636e-06 8.601642e+01 1.120500e+01 8.674316e+01 1.302658e-01
8.912509e-06 8.593801e+01 1.145373e+01 8.669792e+01 1.332790e-01
9.120108e-06 8.585608e+01 1.170741e+01 8.665062e+01 1.363608e-01
9.332543e-06 8.577049e+01 1.196609e+01 8.660118e+01 1.395129e-01
9.549926e-06 8.568108e+01 1.222983e+01 8.654950e+01 1.427366e-01
9.772372e-06 8.558769e+01 1.249868e+01 8.649549e+01 1.460336e-01
1.000000e-05 8.549016e+01 1.277270e+01 8.643905e+01 1.494054e-01
1.023293e-05 8.538832e+01 1.305192e+01 8.638007e+01 1.528537e-01
1.047129e-05 8.528198e+01 1.333639e+01 8.631845e+01 1.563800e-01
1.071519e-05 8.517096e+01 1.362616e+01 8.625407e+01 1.599860e-01
1.096478e-05 8.505508e+01 1.392125e+01 8.618682e+01 1.636734e-01
1.122018e-05 8.493413e+01 1.422170e+01 8.611657e+01 1.674439e-01
1.148154e-05 8.480792e+01 1.452754e+01 8.604320e+01 1.712993e-01
1.174898e-05 8.467623e+01 1.483877e+01 8.596659e+01 1.752413e-01
1.202264e-05 8.453886e+01 1.515543e+01 8.588659e+01 1.792717e-01
1.230269e-05 8.439558e+01 1.547751e+01 8.580307e+01 1.833924e-01
1.258925e-05 8.424616e+01 1.580501e+01 8.571589e+01 1.876051e-01
1.288250e-05 8.409036e+01 1.613793e+01 8.562489e+01 1.919118e-01
1.318257e-05 8.392796e+01 1.647626e+01 8.552993e+01 1.963143e-01
1.348963e-05 8.375869e+01 1.681997e+01 8.543085e+01 2.008146e-01
1.380384e-05 8.358232e+01 1.716903e+01 8.532748e+01 2.054146e-01
1.412538e-05 8.339857e+01 1.752339e+01 8.521966e+01 2.101162e-01
1.445440e-05 8.320718e+01 1.788302e+01 8.510721e+01 2.149215e-01
1.479108e-05 8.300789e+01 1.824783e+01 8.498996e+01 2.198325e-01
1.513561e-05 8.280042e+01 1.861777e+01 8.486773e+01 2.248511e-01
1.548817e-05 8.258449e+01 1.899274e+01 8.474032e+01 2.299795e-01
1.584893e-05 8.235981e+01 1.937264e+01 8.460755e+01 2.352196e-01
1.621810e-05 8.212609e+01 1.975737e+01 8.446922e+01 2.405736e-01
1.659587e-05 8.188305e+01 2.014679e+01 8.432512e+01 2.460435e-01
1.698244e-05 8.163037e+01 2.054077e+01 8.417506e+01 2.516314e-01
1.737801e-05 8.136778e+01 2.093914e+01 8.401882e+01 2.573394e-01
1.778279e-05 8.109495e+01 2.134173e+01 8.385619e+01 2.631697e-01
1.819701e-05 8.081159e+01 2.174836e+01 8.368694e+01 2.691242e-01
1.862087e-05 8.051740e+01 2.215881e+01 8.351086e+01 2.752052e-01
1.905461e-05 8.021207e+01 2.257285e+01 8.332773e+01 2.814147e-01
1.949845e-05 7.989530e+01 2.299025e+01 8.313730e+01 2.877548e-01
1.995262e-05 7.956680e+01 2.341074e+01 8.293936e+01 2.942276e-01
2.041738e-05 7.922625e+01 2.383404e+01 8.273367e+01 3.008351e-01
2.089296e-05 7.887338e+01 2.425983e+01 8.251999e+01 3.075794e-01
2.137962e-05 7.850789e+01 2.468779e+01 8.229809e+01 3.144626e-01
2.187762e-05 7.812950e+01 2.511758e+01 8.206773e+01 3.214865e-01
2.238721e-05 7.773794e+01 2.554882e+01 8.182866e+01 3.286532e-01
2.290868e-05 7.733296e+01 2.598113e+01 8.158067e+01 3.359645e-01
2.344229e-05 7.691428e+01 2.641409e+01 8.132350e+01 3.434224e-01
2.398833e-05 7.648169e+01 2.684727e+01 8.105692e+01 3.510287e-01
2.454709e-05 7.603495e+01 2.728020e+01 8.078071e+01 3.587850e-01
2.511886e-05 7.557385e+01 2.771241e+01 8.049462e+01 3.666931e-01
2.570396e-05 7.509821e+01 2.814339e+01 8.019845e+01 3.747545e-01
2.630268e-05 7.460785e+01 2.857263e+01 7.989196e+01 3.829709e-01
2.691535e-05 7.410262e+01 2.899958e+01 7.957496e+01 3.913436e-01
2.754229e-05 7.358240e+01 2.942368e+01 7.924722e+01 3.998739e-01
2.818383e-05 7.304708e+01 2.984434e+01 7.890856e+01 4.085631e-01
2.884032e-05 7.249659e+01 3.026096e+01 7.855878e+01 4.174122e-01
2.951209e-05 7.193089e+01 3.067293e+01 7.819771e+01 4.264222e-01
3.019952e-05 7.134996e+01 3.107960e+01 7.782517e+01 4.355938e-01
3.090295e-05 7.075381e+01 3.148034e+01 7.744103e+01 4.449278e-01
3.162278e-05 7.014250e+01 3.187448e+01 7.704513e+01 4.544246e-01
3.235937e-05 6.951611e+01 3.226135e+01 7.663735e+01 4.640845e-01
3.311311e-05 6.887476e+01 3.264027e+01 7.621759e+01 4.739075e-01
3.388442e-05 6.821863e+01 3.301056e+01 7.578574e+01 4.838936e-01
3.467369e-05 6.754790e+01 3.337153e+01 7.534174e+01 4.940424e-01
3.548134e-05 6.686283e+01 3.372249e+01 7.488554e+01 5.043533e-01
3.630781e-05 6.616369e+01 3.406274e+01 7.441709e+01 5.148254e-01
3.715352e-05 6.545080e+01 3.439162e+01 7.393640e+01 5.254575e-01
3.801894e-05 6.472454e+01 3.470843e+01 7.344346e+01 5.362483e-01
3.890451e-05 6.398532e+01 3.501252e+01 7.293831e+01 5.471961e-01
3.981072e-05 6.323359e+01 3.530323e+01 7.242102e+01 5.582986e-01
4.073803e-05 6.246984e+01 3.557992e+01 7.189167e+01 5.695536e-01
4.168694e-05 6.169461e+01 3.584199e+01 7.135035e+01 5.809581e-01
4.265795e-05 6.090848e+01 3.608883e+01 7.079722e+01 5.925092e-01
4.365158e-05 6.011206e+01 3.631989e+01 7.023242e+01 6.042030e-01
4.466836e-05 5.930601e+01 3.653462e+01 6.965616e+01 6.160357e-01
4.570882e-05 5.849101e+01 3.673252e+01 6.906864e+01 6.280028e-01
4.677351e-05 5.766780e+01 3.691313e+01 6.847010e+01 6.400995e-01
4.786301e-05 5.683714e+01 3.707601e+01 6.786082e+01 6.523202e-01
4.897788e-05 5.599980e+01 3.722078e+01 6.724109e+01 6.646592e-01
5.011872e-05 5.515660e+01 3.734709e+01 6.661123e+01 6.771100e-01
5.128614e-05 5.430838e+01 3.745463e+01 6.597158e+01 6.896657e-01
5.248075e-05 5.345599e+01 3.754315e+01 6.532252e+01 7.023189e-01
5.370318e-05 5.260031e+01 3.761246e+01 6.466444e+01 7.150616e-01
5.495409e-05 5.174222e+01 3.766239e+01 6.399776e+01 7.278851e-01
5.623413e-05 5.088262e+01 3.769284e+01 6.332292e+01 7.407803e-01
5.754399e-05 5.002241e+01 3.770376e+01 6.264037e+01 7.537374e-01
5.888437e-05 4.916250e+01 3.769516e+01 6.195060e+01 7.667461e-01
6.025596e-05 4.830379e+01 3.766707e+01 6.125409e+01 7.797954e-01
6.165950e-05 4.744716e+01 3.761961e+01 6.055137e+01 7.928738e-01
6.309573e-05 4.659352e+01 3.755294e+01 5.984295e+01 8.059691e-01
6.456542e-05 4.574373e+01 3.746725e+01 5.912938e+01 8.190686e-01
6.606934e-05 4.489864e+01 3.736281e+01 5.841119e+01 8.321589e-01
6.760830e-05 4.405911e+01 3.723991e+01 5.768895e+01 8.452261e-01
6.918310e-05 4.322592e+01 3.709890e+01 5.696323e+01 8.582559e-01
7.079458e-05 4.239988e+01 3.694018e+01 5.623457e+01 8.712330e-01
7.244360e-05 4.158175e+01 3.676417e+01 5.550357e+01 8.841421e-01
7.413102e-05 4.077223e+01 3.657135e+01 5.477078e+01 8.969671e-01
7.585776e-05 3.997203e+01 3.636222e+01 5.403678e+01 9.096915e-01
7.762471e-05 3.918179e+01 3.613731e+01 5.330214e+01 9.222985e-01
7.943282e-05 3.840214e+01 3.589720e+01 5.256741e+01 9.347707e-01
8.128305e-05 3.763365e+01 3.564247e+01 5.183317e+01 9.470905e-01
8.317638e-05 3.687685e+01 3.537375e+01 5.109994e+01 9.592401e-01
8.511380e-05 3.613223e+01 3.509167e+01 5.036828e+01 9.712012e-01
8.709636e-05 3.540026e+01 3.479689e+01 4.963871e+01 9.829557e-01
8.912509e-05 3.468133e+01 3.449006e+01 4.891175e+01 9.944851e-01
9.120108e-05 3.397581e+01 3.417188e+01 4.818789e+01 1.005771e+00
9.332543e-05 3.328402e+01 3.384302e+01 4.746763e+01 1.016795e+00
9.549926e-05 3.260625e+01 3.350417e+01 4.675144e+01 1.027538e+00
9.772372e-05 3.194272e+01 3.315603e+01 4.603976e+01 1.037984e+00
1.000000e-04 3.129365e+01 3.279927e+01 4.533305e+01 1.048113e+00
1.023293e-04 3.065919e+01 3.243460e+01 4.463170e+01 1.057908e+00
1.047129e-04 3.003945e+01 3.206268e+01 4.393614e+01 1.067352e+00
1.071519e-04 2.943452e+01 3.168419e+01 4.324672e+01 1.076429e+00
1.096478e-04 2.884446e+01 3.129978e+01 4.256382e+01 1.085123e+00
1.122018e-04 2.826926e+01 3.091011e+01 4.188778e+01 1.093418e+00
1.148154e-04 2.770891e+01 3.051580e+01 4.121890e+01 1.101299e+00
1.174898e-04 2.716337e+01 3.011747e+01 4.055750e+01 1.108753e+00
1.202264e-04 2.663255e+01 2.971572e+01 3.990384e+01 1.115767e+00
1.230269e-04 2.611634e+01 2.931113e+01 3.925820e+01 1.122329e+00
1.258925e-04 2.561463e+01 2.890426e+01 3.862079e+01 1.128428e+00
1.288250e-04 2.512724e+01 2.849566e+01 3.799185e+01 1.134054e+00
1.318257e-04 2.465401e+01 2.808583e+01 3.737157e+01 1.139199e+00
1.348963e-04 2.419475e+01 2.767528e+01 3.676013e+01 1.143855e+00
1.380384e-04 2.374924e+01 2.726448e+01 3.615768e+01 1.148015e+00
1.412538e-04 2.331725e+01 2.685388e+01 3.556438e+01 1.151674e+00
1.445440e-04 2.289855e+01 2.644391e+01 3.498034e+01 1.154829e+00
1.479108e-04 2.249287e+01 2.603499e+01 3.440567e+01 1.157477e+00
1.513561e-04 2.209996e+01 2.562749e+01 3.384046e+01 1.159617e+00
1.548817e-04 2.171954e+01 2.522178e+01 3.328478e+01 1.161249e+00
1.584893e-04 2.135132e+01 2.481819e+01 3.273869e+01 1.162373e+00
1.621810e-04 2.099502e+01 2.441705e+01 3.220223e+01 1.162992e+00
1.659587e-04 2.065036e+01 2.401866e+01 3.167543e+01 1.163111e+00
1.698244e-04 2.031702e+01 2.362328e+01 3.115831e+01 1.162733e+00
1.737801e-04 1.999471e+01 2.323117e+01 3.065087e+01 1.161866e+00
1.778279e-04 1.968314e+01 2.284257e+01 3.015310e+01 1.160515e+00
1.819701e-04 1.938199e+01 2.245771e+01 2.966497e+01 1.158689e+00
1.862087e-04 1.909098e+01 2.207677e+01 2.918646e+01 1.156398e+00
1.905461e-04 1.880980e+01 2.169994e+01 2.871752e+01 1.153651e+00
1.949845e-04 1.853815e+01 2.132738e+01 2.825810e+01 1.150459e+00
1.995262e-04 1.827575e+01 2.095924e+01 2.780814e+01 1.146833e+00
2.041738e-04 1.802230e+01 2.059566e+01 2.736758e+01 1.142788e+00
2.089296e-04 1.777751e+01 2.023675e+01 2.693633e+01 1.138334e+00
2.137962e-04 1.754111e+01 1.988262e+01 2.651432e+01 1.133487e+00
2.187762e-04 1.731281e+01 1.953335e+01 2.610145e+01 1.128260e+00
2.238721e-04 1.709236e+01 1.918904e+01 2.569763e+01 1.122668e+00
2.290868e-04 1.687947e+01 1.884974e+01 2.530276e+01 1.116726e+00
2.344229e-04 1.667390e+01 1.851552e+01 2.491673e+01 1.110449e+00
2.398833e-04 1.647539e+01 1.818641e+01 2.453944e+01 1.103853e+00
2.454709e-04 1.628370e+01 1.786247e+01 2.417078e+01 1.096954e+00
2.511886e-04 1.609858e+01 1.754371e+01 2.381063e+01 1.089767e+00
2.570396e-04 1.591980e+01 1.723015e+01 2.345886e+01 1.082309e+00
2.630268e-04 1.574714e+01 1.692182e+01 2.311537e+01 1.074596e+00
2.691535e-04 1.558037e+01 1.661871e+01 2.278002e+01 1.066644e+00
2.754229e-04 1.541929e+01 1.632082e+01 2.245270e+01 1.058468e+00
2.818383e-04 1.526368e+01 1.602816e+01 2.213327e+01 1.050085e+00
2.884032e-04 1.511335e+01 1.574070e+01 2.182161e+01 1.041510e+00
2.951209e-04 1.496810e+01 1.545844e+01 2.151760e+01 1.032759e+00
3.019952e-04 1.482774e+01 1.518134e+01 2.122110e+01 1.023847e+00
3.090295e-04 1.469210e+01 1.490940e+01 2.093198e+01 1.014790e+00
3.162278e-04 1.456099e+01 1.464258e+01 2.065012e+01 1.005603e+00
3.235937e-04 1.443426e+01 1.438084e+01 2.037539e+01 9.962994e-01
3.311311e-04 1.431173e+01 1.412417e+01 2.010765e+01 9.868946e-01
3.388442e-04 1.419324e+01 1.387251e+01 1.984678e+01 9.774025e-01
3.467369e-04 1.407865e+01 1.362584e+01 1.959265e+01 9.678369e-01
3.548134e-04 1.396781e+01 1.338411e+01 1.934513e+01 9.582114e-01
3.630781e-04 1.386056e+01 1.314728e+01 1.910409e+01 9.485392e-01
3.715352e-04 1.375677e+01 1.291531e+01 1.886940e+01 9.388331e-01
3.801894e-04 1.365632e+01 1.268816e+01 1.864093e+01 9.291057e-01
3.890451e-04 1.355906e+01 1.246578e+01 1.841857e+01 9.193692e-01
3.981072e-04 1.346486e+01 1.224812e+01 1.820217e+01 9.096354e-01
4.073803e-04 1.337362e+01 1.203513e+01 1.799161e+01 8.999159e-01
4.168694e-04 1.328521e+01 1.182678e+01 1.778678e+01 8.902218e-01
4.265795e-04 1.319950e+01 1.162301e+01 1.758753e+01 8.805639e-01
4.365158e-04 1.311640e+01 1.142377e+01 1.739375e+01 8.709528e-01
4.466836e-04 1.303579e+01 1.122901e+01 1.720530e+01 8.613984e-01
4.570882e-04 1.295756e+01 1.103868e+01 1.702207e+01 8.519106e-01
4.677351e-04 1.288162e+01 1.085274e+01 1.684393e+01 8.424986e-01
4.786301e-04 1.280785e+01 1.067114e+01 1.667076e+01 8.331717e-01
4.897788e-04 1.273617e+01 1.049381e+01 1.650243e+01 8.239384e-01
5.011872e-04 1.266647e+01 1.032072e+01 1.633881e+01 8.148070e-01
5.128614e-04 1.259866e+01 1.015181e+01 1.617979e+01 8.057855e-01
5.248075e-04 1.253265e+01 9.987036e+00 1.602524e+01 7.968815e-01
5.370318e-04 1.246835e+01 9.826335e+00 1.587503e+01 7.881022e-01
5.495409e-04 1.240568e+01 9.669662e+00 1.572905e+01 7.794546e-01
5.623413e-04 1.234454e+01 9.516963e+00 1.558718e+01 7.709452e-01
5.754399e-04 1.228485e+01 9.368186e+00 1.544929e+01 7.625801e-01
5.888437e-04 1.222654e+01 9.223279e+00 1.531526e+01 7.543652e-01
6.025596e-04 1.216952e+01 9.082188e+00 1.518497e+01 7.463061e-01
6.165950e-04 1.211372e+01 8.944861e+00 1.505831e+01 7.384077e-01
6.309573e-04 1.205905e+01 8.811244e+00 1.493515e+01 7.306750e-01
6.456542e-04 1.200544e+01 8.681282e+00 1.481537e+01 7.231125e-01
6.606934e-04 1.195282e+01 8.554921e+00 1.469886e+01 7.157243e-01
6.760830e-04 1.190111e+01 8.432107e+00 1.458550e+01 7.085141e-01
6.918310e-04 1.185026e+01 8.312784e+00 1.447518e+01 7.014856e-01
7.079458e-04 1.180018e+01 8.196897e+00 1.436779e+01 6.946420e-01
7.244360e-04 1.175080e+01 8.084390e+00 1.426320e+01 6.879860e-01
7.413102e-04 1.170208e+01 7.975206e+00 1.416131e+01 6.815204e-01
7.585776e-04 1.165393e+01 7.869288e+00 1.406200e+01 6.752473e-01
7.762471e-04 1.160631e+01 7.766580e+00 1.396518e+01 6.691689e-01
7.943282e-04 1.155914e+01 7.667023e+00 1.387072e+01 6.632868e-01
8.128305e-04 1.151236e+01 7.570560e+00 1.377853e+01 6.576025e-01
8.317638e-04 1.146593e+01 7.477132e+00 1.368850e+01 6.521172e-01
8.511380e-04 1.141978e+01 7.386680e+00 1.360053e+01 6.468318e-01
8.709636e-04 1.137386e+01 7.299144e+00 1.351452e+01 6.417471e-01
8.912509e-04 1.132812e+01 7.214466e+00 1.343037e+01 6.368635e-01
9.120108e-04 1.128250e+01 7.132585e+00 1.334798e+01 6.321812e-01
9.332543e-04 1.123696e+01 7.053440e+00 1.326726e+01 6.277002e-01
9.549926e-04 1.119144e+01 6.976972e+00 1.318812e+01 6.234203e-01
9.772372e-04 1.114590e+01 6.903118e+00 1.311046e+01 6.193412e-01
1.000000e-03 1.110030e+01 6.831818e+00 1.303420e+01 6.154622e-01
1.023293e-03 1.105460e+01 6.763010e+00 1.295926e+01 6.117826e-01
1.047129e-03 1.100874e+01 6.696633e+00 1.288555e+01 6.083014e-01
1.071519e-03 1.096270e+01 6.632625e+00 1.281298e+01 6.050174e-01
1.096478e-03 1.091643e+01 6.570923e+00 1.274149e+01 6.019295e-01
1.122018e-03 1.086990e+01 6.511467e+00 1.267099e+01 5.990362e-01
1.148154e-03 1.082308e+01 6.454193e+00 1.260142e+01 5.963360e-01
1.174898e-03 1.077593e+01 6.399041e+00 1.253269e+01 5.938271e-01
1.202264e-03 1.072842e+01 6.345948e+00 1.246476e+01 5.915079e-01
1.230269e-03 1.068053e+01 6.294853e+00 1.239754e+01 5.893764e-01
1.258925e-03 1.063222e+01 6.245694e+00 1.233097e+01 5.874306e-01
1.288250e-03 1.058348e+01 6.198410e+00 1.226500e+01 5.856684e-01
1.318257e-03 1.053427e+01 6.152940e+00 1.219957e+01 5.840877e-01
1.348963e-03 1.048458e+01 6.109224e+00 1.213462e+01 5.826863e-01
1.380384e-03 1.043439e+01 6.067201e+00 1.207011e+01 5.814619e-01
1.412538e-03 1.038368e+01 6.026813e+00 1.200597e+01 5.804122e-01
1.445440e-03 1.033243e+01 5.988000e+00 1.194216e+01 5.795347e-01
1.479108e-03 1.028062e+01 5.950704e+00 1.187864e+01 5.788271e-01
1.513561e-03 1.022826e+01 5.914866e+00 1.181537e+01 5.782869e-01
1.548817e-03 1.017531e+01 5.880431e+00 1.175230e+01 5.779116e-01
1.584893e-03 1.012178e+01 5.847341e+00 1.168939e+01 5.776989e-01
1.621810e-03 1.006765e+01 5.815542e+00 1.162661e+01 5.776462e-01
1.659587e-03 1.001292e+01 5.784978e+00 1.156394e+01 5.777510e-01
1.698244e-03 9.957588e+00 5.755595e+00 1.150132e+01 5.780110e-01
1.737801e-03 9.901639e+00 5.727341e+00 1.143874e+01 5.784236e-01
1.778279e-03 9.845074e+00 5.700165e+00 1.137618e+01 5.789865e-01
1.819701e-03 9.787894e+00 5.674014e+00 1.131359e+01 5.796971e-01
1.862087e-03 9.730096e+00 5.648839e+00 1.125096e+01 5.805533e-01
1.905461e-03 9.671681e+00 5.624591e+00 1.118827e+01 5.815526e-01
1.949845e-03 9.612652e+00 5.601223e+00 1.112550e+01 5.826928e-01
1.995262e-03 9.553011e+00 5.578686e+00 1.106263e+01 5.839715e-01
2.041738e-03 9.492761e+00 5.556936e+00 1.099964e+01 5.853867e-01
2.089296e-03 9.431909e+00 5.535928e+00 1.093652e+01 5.869361e-01
2.137962e-03 9.370458e+00 5.515618e+00 1.087325e+01 5.886177e-01
2.187762e-03 9.308417e+00 5.495963e+00 1.080982e+01 5.904294e-01
2.238721e-03 9.245791e+00 5.476922e+00 1.074622e+01 5.923692e-01
2.290868e-03 9.182590e+00 5.458455e+00 1.068245e+01 5.944352e-01
2.344229e-03 9.118821e+00 5.440522e+00 1.061848e+01 5.966256e-01
2.398833e-03 9.054494e+00 5.423085e+00 1.055432e+01 5.989385e-01
2.454709e-03 8.989619e+00 5.406106e+00 1.048996e+01 6.013721e-01
2.511886e-03 8.924206e+00 5.389550e+00 1.042539e+01 6.039248e-01
2.570396e-03 8.858267e+00 5.373380e+00 1.036060e+01 6.065950e-01
2.630268e-03 8.791812e+00 5.357564e+00 1.029560e+01 6.093811e-01
2.691535e-03 8.724854e+00 5.342067e+00 1.023038e+01 6.122815e-01
2.754229e-03 8.657406e+00 5.326857e+00 1.016494e+01 6.152949e-01
2.818383e-03 8.589479e+00 5.311904e+00 1.009928e+01 6.184198e-01
2.884032e-03 8.521086e+00 5.297175e+00 1.003339e+01 6.216549e-01
2.951209e-03 8.452243e+00 5.282643e+00 9.967283e+00 6.249990e-01
3.019952e-03 8.382961e+00 5.268279e+00 9.900949e+00 6.284508e-01
3.090295e-03 8.313255e+00 5.254054e+00 9.834393e+00 6.320092e-01
3.162278e-03 8.243139e+00 5.239941e+00 9.767616e+00 6.356731e-01
3.235937e-03 8.172628e+00 5.225916e+00 9.700621e+00 6.394413e-01
3.311311e-03 8.101736e+00 5.211952e+00 9.633410e+00 6.433130e-01
3.388442e-03 8.030479e+00 5.198026e+00 9.565985e+00 6.472872e-01
3.467369e-03 7.958871e+00 5.184113e+00 9.498350e+00 6.513629e-01
3.548134e-03 7.886927e+00 5.170191e+00 9.430509e+00 6.555393e-01
3.630781e-03 7.814664e+00 5.156237e+00 9.362465e+00 6.598156e-01
3.715352e-03 7.742096e+00 5.142231e+00 9.294224e+00 6.641911e-01
3.801894e-03 7.669239e+00 5.128151e+00 9.225788e+00 6.686650e-01
3.890451e-03 7.596109e+00 5.113978e+00 9.157164e+00 6.732365e-01
3.981072e-03 7.522722e+00 5.099692e+00 9.088356e+00 6.779052e-01
4.073803e-03 7.449094e+00 5.085275e+00 9.019369e+00 6.826703e-01
4.168694e-03 7.375240e+00 5.070708e+00 8.950209e+00 6.875312e-01
4.265795e-03 7.301178e+00 5.055974e+00 8.880883e+00 6.924875e-01
4.365158e-03 7.226923e+00 5.041057e+00 8.811394e+00 6.975385e-01
4.466836e-03 7.152491e+00 5.025939e+00 8.741750e+00 7.026837e-01
4.570882e-03 7.077900e+00 5.010607e+00 8.671958e+00 7.079228e-01
4.677351e-03 7.003165e+00 4.995044e+00 8.602022e+00 7.132552e-01
4.786301e-03 6.928303e+00 4.979235e+00 8.531950e+00 7.186804e-01
4.897788e-03 6.853330e+00 4.963168e+00 8.461748e+00 7.241980e-01
5.011872e-03 6.778264e+00 4.946829e+00 8.391423e+00 7.298077e-01
5.128614e-03 6.703121e+00 4.930205e+00 8.320983e+00 7.355089e-01
5.248075e-03 6.627918e+00 4.913284e+00 8.250433e+00 7.413012e-01
5.370318e-03 6.552671e+00 4.896053e+00 8.179782e+00 7.471844e-01
5.495409e-03 6.477397e+00 4.878502e+00 8.109036e+00 7.531578e-01
5.623413e-03 6.402114e+00 4.860620e+00 8.038202e+00 7.592211e-01
5.754399e-03 6.326838e+00 4.842397e+00 7.967289e+00 7.653739e-01
5.888437e-03 6.251587e+00 4.823823e+00 7.896304e+00 7.716158e-01
6.025596e-03 6.176377e+00 4.804889e+00 7.825254e+00 7.779462e-01
6.165950e-03 6.101226e+00 4.785587e+00 7.754147e+00 7.843648e-01
6.309573e-03 6.026150e+00 4.765907e+00 7.682991e+00 7.908710e-01
6.456542e-03 5.951167e+00 4.745843e+00 7.611794e+00 7.974643e-01
6.606934e-03 5.876293e+00 4.725387e+00 7.540564e+00 8.041442e-01
6.760830e-03 5.801546e+00 4.704532e+00 7.469308e+00 8.109100e-01
6.918310e-03 5.726944e+00 4.683273e+00 7.398036e+00 8.177613e-01
7.079458e-03 5.652502e+00 4.661603e+00 7.326754e+00 8.246973e-01
7.244360e-03 5.578239e+00 4.639518e+00 7.255472e+00 8.317173e-01
7.413102e-03 5.504171e+00 4.617012e+00 7.184198e+00 8.388206e-01
7.585776e-03 5.430315e+00 4.594082e+00 7.112940e+00 8.460064e-01
7.762471e-03 5.356688e+00 4.570722e+00 7.041705e+00 8.532739e-01
7.943282e-03 5.283308e+00 4.546931e+00 6.970504e+00 8.606220e-01
8.128305e-03 5.210190e+00 4.522704e+00 6.899343e+00 8.680497e-01
8.317638e-03 5.137353e+00 4.498040e+00 6.828232e+00 8.755560e-01
8.511380e-03 5.064811e+00 4.472935e+00 6.757179e+00 8.831395e-01
8.709636e-03 4.992584e+00 4.447389e+00 6.686192e+00 8.907991e-01
8.912509e-03 4.920686e+00 4.421400e+00 6.615280e+00 8.985332e-01
9.120108e-03 4.849135e+00 4.394966e+00 6.544451e+00 9.063402e-01
9.332543e-03 4.777948e+00 4.368088e+00 6.473714e+00 9.142185e-01
9.549926e-03 4.707140e+00 4.340765e+00 6.403078e+00 9.221662e-01
9.772372e-03 4.636729e+00 4.312998e+00 6.332551e+00 9.301811e-01
1.000000e-02 4.566731e+00 4.284786e+00 6.262142e+00 9.382611e-01
1.023293e-02 4.497163e+00 4.256132e+00 6.191860e+00 9.464037e-01
1.047129e-02 4.428041e+00 4.227036e+00 6.121714e+00 9.546063e-01
1.071519e-02 4.359382e+00 4.197500e+00 6.051712e+00 9.628658e-01
1.096478e-02 4.291202e+00 4.167526e+00 5.981863e+00 9.711792e-01
1.122018e-02 4.223518e+00 4.137118e+00 5.912178e+00 9.795430e-01
1.148154e-02 4.156347e+00 4.106278e+00 5.842665e+00 9.879536e-01
1.174898e-02 4.089705e+00 4.075010e+00 5.773335e+00 9.964068e-01
1.202264e-02 4.023609e+00 4.043318e+00 5.704196e+00 1.004898e+00
1.230269e-02 3.958075e+00 4.011207e+00 5.635258e+00 1.013424e+00
1.258925e-02 3.893120e+00 3.978682e+00 5.566533e+00 1.021978e+00
1.288250e-02 3.828761e+00 3.945748e+00 5.498030e+00 1.030555e+00
1.318257e-02 3.765014e+00 3.912413e+00 5.429761e+00 1.039150e+00
1.348963e-02 3.701895e+00 3.878682e+00 5.361735e+00 1.047756e+00
1.380384e-02 3.639422e+00 3.844565e+00 5.293965e+00 1.056367e+00
1.412538e-02 3.577610e+00 3.810068e+00 5.226463e+00 1.064976e+00
1.445440e-02 3.516476e+00 3.775201e+00 5.159239e+00 1.073575e+00
1.479108e-02 3.456036e+00 3.739973e+00 5.092306e+00 1.082157e+00
1.513561e-02 3.396305e+00 3.704395e+00 5.025677e+00 1.090713e+00
1.548817e-02 3.337299e+00 3.668478e+00 4.959364e+00 1.099236e+00
1.584893e-02 3.279033e+00 3.632234e+00 4.893381e+00 1.107715e+00
1.621810e-02 3.221523e+00 3.595674e+00 4.827741e+00 1.116141e+00
1.659587e-02 3.164783e+00 3.558814e+00 4.762458e+00 1.124505e+00
1.698244e-02 3.108826e+00 3.521666e+00 4.697545e+00 1.132796e+00
1.737801e-02 3.053667e+00 3.484245e+00 4.633017e+00 1.141004e+00
1.778279e-02 2.999318e+00 3.446567e+00 4.568887e+00 1.149117e+00
1.819701e-02 2.945792e+00 3.408648e+00 4.505172e+00 1.157124e+00
1.862087e-02 2.893102e+00 3.370505e+00 4.441885e+00 1.165014e+00
1.905461e-02 2.841257e+00 3.332155e+00 4.379041e+00 1.172775e+00
1.949845e-02 2.790269e+00 3.293617e+00 4.316655e+00 1.180394e+00
1.995262e-02 2.740146e+00 3.254908e+00 4.254742e+00 1.187859e+00
2.041738e-02 2.690899e+00 3.216050e+00 4.193318e+00 1.195158e+00
2.089296e-02 2.642534e+00 3.177061e+00 4.132397e+00 1.202278e+00
2.137962e-02 2.595059e+00 3.137961e+00 4.071993e+00 1.209206e+00
2.187762e-02 2.548480e+00 3.098771e+00 4.012123e+00 1.215929e+00
2.238721e-02 2.502802e+00 3.059512e+00 3.952801e+00 1.222435e+00
2.290868e-02 2.458028e+00 3.020206e+00 3.894040e+00 1.228711e+00
2.344229e-02 2.414163e+00 2.980874e+00 3.835856e+00 1.234744e+00
2.398833e-02 2.371208e+00 2.941537e+00 3.778262e+00 1.240522e+00
2.454709e-02 2.329164e+00 2.902217e+00 3.721272e+00 1.246034e+00
2.511886e-02 2.288032e+00 2.862936e+00 3.664900e+00 1.251266e+00
2.570396e-02 2.247809e+00 2.823716e+00 3.609158e+00 1.256208e+00
2.630268e-02 2.208495e+00 2.784578e+00 3.554058e+00 1.260849e+00
2.691535e-02 2.170086e+00 2.745545e+00 3.499613e+00 1.265178e+00
2.754229e-02 2.132577e+00 2.706637e+00 3.445834e+00 1.269186e+00
2.818383e-02 2.095965e+00 2.667875e+00 3.392732e+00 1.272863e+00
2.884032e-02 2.060242e+00 2.629281e+00 3.340317e+00 1.276200e+00
2.951209e-02 2.025402e+00 2.590875e+00 3.288599e+00 1.279190e+00
3.019952e-02 1.991437e+00 2.552676e+00 3.237588e+00 1.281826e+00
3.090295e-02 1.958338e+00 2.514705e+00 3.187291e+00 1.284101e+00
3.162278e-02 1.926095e+00 2.476979e+00 3.137717e+00 1.286011e+00
3.235937e-02 1.894699e+00 2.439519e+00 3.088873e+00 1.287550e+00
3.311311e-02 1.864137e+00 2.402342e+00 3.040765e+00 1.288715e+00
3.388442e-02 1.834399e+00 2.365465e+00 2.993400e+00 1.289504e+00
3.467369e-02 1.805471e+00 2.328905e+00 2.946781e+00 1.289916e+00
3.548134e-02 1.777340e+00 2.292677e+00 2.900914e+00 1.289949e+00
3.630781e-02 1.749992e+00 2.256798e+00 2.855803e+00 1.289604e+00
3.715352e-02 1.723414e+00 2.221281e+00 2.811449e+00 1.288884e+00
3.801894e-02 1.697591e+00 2.186141e+00 2.767856e+00 1.287790e+00
3.890451e-02 1.672507e+00 2.151391e+00 2.725025e+00 1.286327e+00
3.981072e-02 1.648146e+00 2.117043e+00 2.682957e+00 1.284500e+00
4.073803e-02 1.624493e+00 2.083109e+00 2.641652e+00 1.282313e+00
4.168694e-02 1.601532e+00 2.049600e+00 2.601108e+00 1.279775e+00
4.265795e-02 1.579245e+00 2.016526e+00 2.561327e+00 1.276893e+00
4.365158e-02 1.557617e+00 1.983897e+00 2.522304e+00 1.273675e+00
4.466836e-02 1.536630e+00 1.951721e+00 2.484038e+00 1.270131e+00
4.570882e-02 1.516267e+00 1.920005e+00 2.446525e+00 1.266272e+00
4.677351e-02 1.496511e+00 1.888759e+00 2.409762e+00 1.262108e+00
4.786301e-02 1.477345e+00 1.857987e+00 2.373745e+00 1.257653e+00
4.897788e-02 1.458751e+00 1.827696e+00 2.338467e+00 1.252919e+00
5.011872e-02 1.440713e+00 1.797891e+00 2.303924e+00 1.247918e+00
5.128614e-02 1.423212e+00 1.768577e+00 2.270110e+00 1.242666e+00
5.248075e-02 1.406232e+00 1.739757e+00 2.237017e+00 1.237176e+00
5.370318e-02 1.389756e+00 1.711435e+00 2.204639e+00 1.231464e+00
5.495409e-02 1.373767e+00 1.683614e+00 2.172968e+00 1.225545e+00
5.623413e-02 1.358247e+00 1.656294e+00 2.141996e+00 1.219435e+00
5.754399e-02 1.343180e+00 1.629479e+00 2.111714e+00 1.213150e+00
5.888437e-02 1.328549e+00 1.603169e+00 2.082113e+00 1.206706e+00
6.025596e-02 1.314338e+00 1.577363e+00 2.053183e+00 1.200120e+00
6.165950e-02 1.300531e+00 1.552064e+00 2.024915e+00 1.193408e+00
6.309573e-02 1.287111e+00 1.527268e+00 1.997299e+00 1.186586e+00
6.456542e-02 1.274063e+00 1.502977e+00 1.970324e+00 1.179672e+00
6.606934e-02 1.261371e+00 1.479187e+00 1.943978e+00 1.172683e+00
6.760830e-02 1.249019e+00 1.455898e+00 1.918251e+00 1.165633e+00
6.918310e-02 1.236993e+00 1.433107e+00 1.893132e+00 1.158541e+00
7.079458e-02 1.225278e+00 1.410811e+00 1.868607e+00 1.151421e+00
7.244360e-02 1.213858e+00 1.389007e+00 1.844665e+00 1.144291e+00
7.413102e-02 1.202720e+00 1.367691e+00 1.821295e+00 1.137165e+00
7.585776e-02 1.191849e+00 1.346860e+00 1.798482e+00 1.130059e+00
7.762471e-02 1.181232e+00 1.326510e+00 1.776214e+00 1.122988e+00
7.943282e-02 1.170855e+00 1.306635e+00 1.754479e+00 1.115967e+00
8.128305e-02 1.160704e+00 1.287232e+00 1.733263e+00 1.109010e+00
8.317638e-02 1.150767e+00 1.268295e+00 1.712553e+00 1.102131e+00
8.511380e-02 1.141030e+00 1.249819e+00 1.692335e+00 1.095343e+00
8.709636e-02 1.131482e+00 1.231798e+00 1.672596e+00 1.088659e+00
8.912509e-02 1.122109e+00 1.214226e+00 1.653322e+00 1.082092e+00
9.120108e-02 1.112901e+00 1.197097e+00 1.634500e+00 1.075654e+00
9.332543e-02 1.103845e+00 1.180404e+00 1.616115e+00 1.069356e+00
9.549926e-02 1.094930e+00 1.164141e+00 1.598154e+00 1.063210e+00
9.772372e-02 1.086145e+00 1.148301e+00 1.580603e+00 1.057226e+00
1.000000e-01 1.077479e+00 1.132877e+00 1.563448e+00 1.051415e+00
1.023293e-01 1.068921e+00 1.117861e+00 1.546676e+00 1.045784e+00
1.047129e-01 1.060462e+00 1.103246e+00 1.530272e+00 1.040345e+00
1.071519e-01 1.052091e+00 1.089025e+00 1.514223e+00 1.035105e+00
1.096478e-01 1.043799e+00 1.075188e+00 1.498514e+00 1.030072e+00
1.122018e-01 1.035576e+00 1.061729e+00 1.483134e+00 1.025255e+00
1.148154e-01 1.027413e+00 1.048638e+00 1.468067e+00 1.020659e+00
1.174898e-01 1.019302e+00 1.035908e+00 1.453300e+00 1.016291e+00
1.202264e-01 1.011234e+00 1.023529e+00 1.438821e+00 1.012158e+00
1.230269e-01 1.003202e+00 1.011492e+00 1.424616e+00 1.008264e+00
1.258925e-01 9.951965e-01 9.997899e-01 1.410672e+00 1.004615e+00
1.288250e-01 9.872112e-01 9.884120e-01 1.396977e+00 1.001216e+00
1.318257e-01 9.792388e-01 9.773495e-01 1.383518e+00 9.980707e-01
1.348963e-01 9.712725e-01 9.665930e-01 1.370282e+00 9.951822e-01
1.380384e-01 9.633058e-01 9.561330e-01 1.357258e+00 9.925539e-01
1.412538e-01 9.553329e-01 9.459598e-01 1.344433e+00 9.901886e-01
1.445440e-01 9.473480e-01 9.360636e-01 1.331797e+00 9.880885e-01
1.479108e-01 9.393457e-01 9.264348e-01 1.319338e+00 9.862554e-01
1.513561e-01 9.313212e-01 9.170634e-01 1.307044e+00 9.846907e-01
1.548817e-01 9.232700e-01 9.079394e-01 1.294906e+00 9.833953e-01
1.584893e-01 9.151877e-01 8.990528e-01 1.282913e+00 9.823698e-01
1.621810e-01 9.070708e-01 8.903936e-01 1.271054e+00 9.816142e-01
1.659587e-01 8.989158e-01 8.819517e-01 1.259321e+00 9.811283e-01
1.698244e-01 8.907197e-01 8.737170e-01 1.247703e+00 9.809113e-01
1.737801e-01 8.824800e-01 8.656795e-01 1.236192e+00 9.809622e-01
1.778279e-01 8.741945e-01 8.578291e-01 1.224780e+00 9.812795e-01
1.819701e-01 8.658615e-01 8.501559e-01 1.213458e+00 9.818613e-01
1.862087e-01 8.574797e-01 8.426498e-01 1.202219e+00 9.827053e-01
1.905461e-01 8.490481e-01 8.353011e-01 1.191054e+00 9.838089e-01
1.949845e-01 8.405663e-01 8.281000e-01 1.179958e+00 9.851692e-01
1.995262e-01 8.320341e-01 8.210369e-01 1.168924e+00 9.867827e-01
2.041738e-01 8.234519e-01 8.141023e-01 1.157945e+00 9.886458e-01
2.089296e-01 8.148204e-01 8.072869e-01 1.147015e+00 9.907544e-01
2.137962e-01 8.061406e-01 8.005816e-01 1.136131e+00 9.931041e-01
2.187762e-01 7.974142e-01 7.939775e-01 1.125286e+00 9.956902e-01
2.238721e-01 7.886429e-01 7.874659e-01 1.114478e+00 9.985076e-01
2.290868e-01 7.798290e-01 7.810384e-01 1.103700e+00 1.001551e+00
2.344229e-01 7.709750e-01 7.746868e-01 1.092951e+00 1.004814e+00
2.398833e-01 7.620839e-01 7.684033e-01 1.082227e+00 1.008292e+00
2.454709e-01 7.531590e-01 7.621803e-01 1.071526e+00 1.011978e+00
2.511886e-01 7.442037e-01 7.560105e-01 1.060844e+00 1.015865e+00
2.570396e-01 7.352219e-01 7.498871e-01 1.050182e+00 1.019947e+00
2.630268e-01 7.262176e-01 7.438036e-01 1.039536e+00 1.024216e+00
2.691535e-01 7.171952e-01 7.377537e-01 1.028907e+00 1.028665e+00
2.754229e-01 7.081592e-01 7.317317e-01 1.018293e+00 1.033287e+00
2.818383e-01 6.991144e-01 7.257323e-01 1.007695e+00 1.038074e+00
2.884032e-01 6.900656e-01 7.197505e-01 9.971115e-01 1.043017e+00
2.951209e-01 6.810178e-01 7.137816e-01 9.865442e-01 1.048110e+00
3.019952e-01 6.719763e-01 7.078216e-01 9.759937e-01 1.053343e+00
3.090295e-01 6.629462e-01 7.018668e-01 9.654608e-01 1.058708e+00
3.162278e-01 6.539329e-01 6.959137e-01 9.549472e-01 1.064197e+00
3.235937e-01 6.449416e-01 6.899596e-01 9.444543e-01 1.069802e+00
3.311311e-01 6.359777e-01 6.840020e-01 9.339841e-01 1.075513e+00
3.388442e-01 6.270464e-01 6.780388e-01 9.235388e-01 1.081321e+00
3.467369e-01 6.181532e-01 6.720684e-01 9.131206e-01 1.087220e+00
3.548134e-01 6.093030e-01 6.660894e-01 9.027321e-01 1.093199e+00
3.630781e-01 6.005011e-01 6.601011e-01 8.923761e-01 1.099250e+00
3.715352e-01 5.917524e-01 6.541030e-01 8.820553e-01 1.105366e+00
3.801894e-01 5.830617e-01 6.480948e-01 8.717727e-01 1.111537e+00
3.890451e-01 5.744336e-01 6.420768e-01 8.615315e-01 1.117756e+00
3.981072e-01 5.658727e-01 6.360494e-01 8.513347e-01 1.124015e+00
4.073803e-01 5.573833e-01 6.300136e-01 8.411856e-01 1.130306e+00
4.168694e-01 5.489693e-01 6.239704e-01 8.310875e-01 1.136622e+00
4.265795e-01 5.406347e-01 6.179212e-01 8.210435e-01 1.142955e+00
4.365158e-01 5.323830e-01 6.118676e-01 8.110571e-01 1.149300e+00
4.466836e-01 5.242176e-01 6.058114e-01 8.011314e-01 1.155649e+00
4.570882e-01 5.161414e-01 5.997547e-01 7.912697e-01 1.161997e+00
4.677351e-01 5.081574e-01 5.936997e-01 7.814751e-01 1.168338e+00
4.786301e-01 5.002681e-01 5.876488e-01 7.717508e-01 1.174668e+00
4.897788e-01 4.924757e-01 5.816044e-01 7.620997e-01 1.180981e+00
5.011872e-01 4.847821e-01 5.755691e-01 7.525248e-01 1.187274e+00
5.128614e-01 4.771891e-01 5.695458e-01 7.430288e-01 1.193543e+00
5.248075e-01 4.696981e-01 5.635370e-01 7.336145e-01 1.199786e+00
5.370318e-01 4.623101e-01 5.575457e-01 7.242844e-01 1.205999e+00
5.495409e-01 4.550261e-01 5.515747e-01 7.150409e-01 1.212182e+00
5.623413e-01 4.478467e-01 5.456268e-01 7.058862e-01 1.218334e+00
5.754399e-01 4.407722e-01 5.397048e-01 6.968224e-01 1.224453e+00
5.888437e-01 4.338026e-01 5.338116e-01 6.878514e-01 1.230540e+00
6.025596e-01 4.269379e-01 5.279499e-01 6.789750e-01 1.236597e+00
6.165950e-01 4.201775e-01 5.221224e-01 6.701947e-01 1.242623e+00
6.309573e-01 4.135210e-01 5.163317e-01 6.615120e-01 1.248623e+00
6.456542e-01 4.069674e-01 5.105804e-01 6.529279e-01 1.254598e+00
6.606934e-01 4.005158e-01 5.048708e-01 6.444436e-01 1.260551e+00
6.760830e-01 3.941650e-01 4.992054e-01 6.360598e-01 1.266488e+00
6.918310e-01 3.879135e-01 4.935862e-01 6.277772e-01 1.272413e+00
7.079458e-01 3.817599e-01 4.880154e-01 6.195963e-01 1.278331e+00
7.244360e-01 3.757023e-01 4.824948e-01 6.115174e-01 1.284248e+00
7.413102e-01 3.697392e-01 4.770263e-01 6.035405e-01 1.290170e+00
7.585776e-01 3.638684e-01 4.716115e-01 5.956657e-01 1.296105e+00
7.762471e-01 3.580879e-01 4.662519e-01 5.878927e-01 1.302060e+00
7.943282e-01 3.523957e-01 4.609487e-01 5.802211e-01 1.308043e+00
8.128305e-01 3.467896e-01 4.557032e-01 5.726503e-01 1.314062e+00
8.317638e-01 3.412672e-01 4.505163e-01 5.651798e-01 1.320128e+00
8.511380e-01 3.358262e-01 4.453889e-01 5.578087e-01 1.326248e+00
8.709636e-01 3.304644e-01 4.403217e-01 5.505360e-01 1.332433e+00
8.912509e-01 3.251793e-01 4.353151e-01 5.433607e-01 1.338693e+00
9.120108e-01 3.199685e-01 4.303696e-01 5.362815e-01 1.345038e+00
9.332543e-01 3.148296e-01 4.254854e-01 5.292972e-01 1.351478e+00
9.549926e-01 3.097604e-01 4.206625e-01 5.224064e-01 1.358026e+00
9.772372e-01 3.047583e-01 4.159008e-01 5.156075e-01 1.364691e+00
1.000000e+00 2.998211e-01 4.112002e-01 5.088991e-01 1.371485e+00
1.023293e+00 2.949464e-01 4.065603e-01 5.022795e-01 1.378421e+00
1.047129e+00 2.901321e-01 4.019807e-01 4.957470e-01 1.385509e+00
1.071519e+00 2.853760e-01 3.974606e-01 4.892999e-01 1.392761e+00
1.096478e+00 2.806758e-01 3.929995e-01 4.829363e-01 1.400190e+00
1.122018e+00 2.760296e-01 3.885964e-01 4.766545e-01 1.407807e+00
1.148154e+00 2.714353e-01 3.842506e-01 4.704526e-01 1.415625e+00
1.174898e+00 2.668910e-01 3.799609e-01 4.643286e-01 1.423656e+00
1.202264e+00 2.623949e-01 3.757263e-01 4.582808e-01 1.431911e+00
1.230269e+00 2.579453e-01 3.715456e-01 4.523073e-01 1.440404e+00
1.258925e+00 2.535405e-01 3.674175e-01 4.464061e-01 1.449147e+00
1.288250e+00 2.491789e-01 3.633409e-01 4.405754e-01 1.458153e+00
1.318257e+00 2.448590e-01 3.593142e-01 4.348133e-01 1.467433e+00
1.348963e+00 2.405795e-01 3.553362e-01 4.291180e-01 1.477001e+00
1.380384e+00 2.363391e-01 3.514052e-01 4.234877e-01 1.486869e+00
1.412538e+00 2.321365e-01 3.475200e-01 4.179205e-01 1.497050e+00
1.445440e+00 2.279708e-01 3.436789e-01 4.124147e-01 1.507557e+00
1.479108e+00 2.238408e-01 3.398804e-01 4.069686e-01 1.518402e+00
1.513561e+00 2.197458e-01 3.361230e-01 4.015805e-01 1.529599e+00
1.548817e+00 2.156848e-01 3.324051e-01 3.962488e-01 1.541161e+00
1.584893e+00 2.116572e-01 3.287252e-01 3.909719e-01 1.553102e+00
1.621810e+00 2.076624e-01 3.250816e-01 3.857483e-01 1.565433e+00
1.659587e+00 2.036997e-01 3.214729e-01 3.805764e-01 1.578171e+00
1.698244e+00 1.997688e-01 3.178974e-01 3.754549e-01 1.591327e+00
1.737801e+00 1.958693e-01 3.143537e-01 3.703823e-01 1.604916e+00
1.778279e+00 1.920009e-01 3.108402e-01 3.653573e-01 1.618952e+00
1.819701e+00 1.881634e-01 3.073555e-01 3.603788e-01 1.633450e+00
1.862087e+00 1.843567e-01 3.038980e-01 3.554454e-01 1.648424e+00
1.905461e+00 1.805807e-01 3.004664e-01 3.505559e-01 1.663890e+00
1.949845e+00 1.768355e-01 2.970593e-01 3.457094e-01 1.679862e+00
1.995262e+00 1.731212e-01 2.936752e-01 3.409048e-01 1.696356e+00
2.041738e+00 1.694379e-01 2.903129e-01 3.361410e-01 1.713388e+00
2.089296e+00 1.657859e-01 2.869712e-01 3.314173e-01 1.730975e+00
2.137962e+00 1.621654e-01 2.836487e-01 3.267326e-01 1.749132e+00
2.187762e+00 1.585769e-01 2.803443e-01 3.220863e-01 1.767876e+00
2.238721e+00 1.550207e-01 2.770569e-01 3.174775e-01 1.787225e+00
2.290868e+00 1.514973e-01 2.737854e-01 3.129056e-01 1.807197e+00
2.344229e+00 1.480072e-01 2.705289e-01 3.083699e-01 1.827808e+00
2.398833e+00 1.445511e-01 2.672863e-01 3.038700e-01 1.849078e+00
2.454709e+00 1.411294e-01 2.640567e-01 2.994052e-01 1.871026e+00
2.511886e+00 1.377429e-01 2.608395e-01 2.949752e-01 1.893670e+00
2.570396e+00 1.343922e-01 2.576338e-01 2.905795e-01 1.917029e+00
2.630268e+00 1.310781e-01 2.544389e-01 2.862178e-01 1.941125e+00
2.691535e+00 1.278013e-01 2.512542e-01 2.818898e-01 1.965976e+00
2.754229e+00 1.245625e-01 2.480793e-01 2.775953e-01 1.991604e+00
2.818383e+00 1.213627e-01 2.449136e-01 2.733341e-01 2.018031e+00
2.884032e+00 1.182025e-01 2.417567e-01 2.691062e-01 2.045276e+00
2.951209e+00 1.150828e-01 2.386084e-01 2.649113e-01 2.073364e+00
3.019952e+00 1.120044e-01 2.354684e-01 2.607496e-01 2.102315e+00
3.090295e+00 1.089681e-01 2.323366e-01 2.566210e-01 2.132153e+00
3.162278e+00 1.059748e-01 2.292129e-01 2.525256e-01 2.162900e+00
3.235937e+00 1.030252e-01 2.260972e-01 2.484635e-01 2.194582e+00
3.311311e+00 1.001202e-01 2.229897e-01 2.444350e-01 2.227220e+00
3.388442e+00 9.726047e-02 2.198905e-01 2.404401e-01 2.260841e+00
3.467369e+00 9.444684e-02 2.167998e-01 2.364791e-01 2.295469e+00
3.548134e+00 9.168000e-02 2.137179e-01 2.325523e-01 2.331129e+00
3.630781e+00 8.896063e-02 2.106452e-01 2.286600e-01 2.367848e+00
3.715352e+00 8.628938e-02 2.075821e-01 2.248025e-01 2.405651e+00
3.801894e+00 8.366685e-02 2.045290e-01 2.209802e-01 2.444565e+00
3.890451e+00 8.109361e-02 2.014866e-01 2.171935e-01 2.484617e+00
3.981072e+00 7.857016e-02 1.984553e-01 2.134427e-01 2.525835e+00
4.073803e+00 7.609697e-02 1.954358e-01 2.097282e-01 2.568247e+00
4.168694e+00 7.367442e-02 1.924289e-01 2.060505e-01 2.611882e+00
4.265795e+00 7.130286e-02 1.894352e-01 2.024100e-01 2.656769e+00
4.365158e+00 6.898257e-02 1.864555e-01 1.988071e-01 2.702937e+00
4.466836e+00 6.671378e-02 1.834907e-01 1.952423e-01 2.750416e+00
4.570882e+00 6.449663e-02 1.805414e-01 1.917160e-01 2.799238e+00
4.677351e+00 6.233122e-02 1.776086e-01 1.882286e-01 2.849432e+00
4.786301e+00 6.021758e-02 1.746931e-01 1.847805e-01 2.901032e+00
4.897788e+00 5.815566e-02 1.717958e-01 1.813722e-01 2.954069e+00
5.011872e+00 5.614536e-02 1.689176e-01 1.780041e-01 3.008576e+00
5.128614e+00 5.418652e-02 1.660593e-01 1.746764e-01 3.064587e+00
5.248075e+00 5.227889e-02 1.632218e-01 1.713897e-01 3.122136e+00
5.370318e+00 5.042220e-02 1.604060e-01 1.681442e-01 3.181257e+00
5.495409e+00 4.861609e-02 1.576127e-01 1.649403e-01 3.241987e+00
5.623413e+00 4.686014e-02 1.548428e-01 1.617782e-01 3.304361e+00
5.754399e+00 4.515390e-02 1.520972e-01 1.586582e-01 3.368417e+00
5.888437e+00 4.349685e-02 1.493765e-01 1.555806e-01 3.434191e+00
6.025596e+00 4.188841e-02 1.466816e-01 1.525455e-01 3.501723e+00
6.165950e+00 4.032797e-02 1.440132e-01 1.495532e-01 3.571052e+00
6.309573e+00 3.881486e-02 1.413721e-01 1.466038e-01 3.642216e+00
6.456542e+00 3.734840e-02 1.387589e-01 1.436974e-01 3.715258e+00
6.606934e+00 3.592783e-02 1.361743e-01 1.408342e-01 3.790219e+00
6.760830e+00 3.455237e-02 1.336189e-01 1.380141e-01 3.867142e+00
6.918310e+00 3.322123e-02 1.310933e-01 1.352372e-01 3.946069e+00
7.079458e+00 3.193357e-02 1.285979e-01 1.325035e-01 4.027045e+00
7.244360e+00 3.068851e-02 1.261334e-01 1.298130e-01 4.110116e+00
7.413102e+00 2.948519e-02 1.237000e-01 1.271655e-01 4.195328e+00
7.585776e+00 2.832269e-02 1.212984e-01 1.245611e-01 4.282729e+00
7.762471e+00 2.720010e-02 1.189288e-01 1.219996e-01 4.372366e+00
7.943282e+00 2.611648e-02 1.165915e-01 1.194808e-01 4.464289e+00
8.128305e+00 2.507089e-02 1.142869e-01 1.170045e-01 4.558549e+00
8.317638e+00 2.406239e-02 1.120152e-01 1.145705e-01 4.655198e+00
8.511380e+00 2.309002e-02 1.097766e-01 1.121787e-01 4.754288e+00
8.709636e+00 2.215282e-02 1.075713e-01 1.098286e-01 4.855873e+00
8.912509e+00 2.124984e-02 1.053994e-01 1.075202e-01 4.960010e+00
9.120108e+00 2.038011e-02 1.032610e-01 1.052530e-01 5.066754e+00
9.332543e+00 1.954270e-02 1.011562e-01 1.030267e-01 5.176163e+00
9.549926e+00 1.873665e-02 9.908499e-02 1.008409e-01 5.288298e+00
9.772372e+00 1.796103e-02 9.704735e-02 9.869543e-02 5.403217e+00
1.000000e+01 1.721491e-02 9.504327e-02 9.658973e-02 5.520984e+00
