1.000000e-06 9.302946e+01 1.328375e+00 9.303894e+01 1.427908e-02
1.023293e-06 9.302838e+01 1.359298e+00 9.303831e+01 1.461165e-02
1.047129e-06 9.302724e+01 1.390939e+00 9.303764e+01 1.495195e-02
1.071519e-06 9.302606e+01 1.423316e+00 9.303694e+01 1.530019e-02
1.096478e-06 9.302481e+01 1.456445e+00 9.303621e+01 1.565652e-02
1.122018e-06 9.302351e+01 1.490345e+00 9.303545e+01 1.602116e-02
1.148154e-06 9.302215e+01 1.525032e+00 9.303465e+01 1.639429e-02
1.174898e-06 9.302072e+01 1.560525e+00 9.303381e+01 1.677610e-02
1.202264e-06 9.301923e+01 1.596843e+00 9.303293e+01 1.716680e-02
1.230269e-06 9.301766e+01 1.634004e+00 9.303201e+01 1.756660e-02
1.258925e-06 9.301602e+01 1.672029e+00 9.303105e+01 1.797571e-02
1.288250e-06 9.301431e+01 1.710937e+00 9.303004e+01 1.839434e-02
1.318257e-06 9.301251e+01 1.750748e+00 9.302899e+01 1.882272e-02
1.348963e-06 9.301063e+01 1.791484e+00 9.302788e+01 1.926107e-02
1.380384e-06 9.300866e+01 1.833165e+00 9.302672e+01 1.970962e-02
1.412538e-06 9.300660e+01 1.875814e+00 9.302551e+01 2.016861e-02
1.445440e-06 9.300444e+01 1.919453e+00 9.302424e+01 2.063829e-02
1.479108e-06 9.300218e+01 1.964104e+00 9.302291e+01 2.111890e-02
1.513561e-06 9.299981e+01 2.009791e+00 9.302152e+01 2.161070e-02
1.548817e-06 9.299733e+01 2.056538e+00 9.302007e+01 2.211394e-02
1.584893e-06 9.299473e+01 2.104369e+00 9.301854e+01 2.262890e-02
1.621810e-06 9.299202e+01 2.153308e+00 9.301694e+01 2.315584e-02
1.659587e-06 9.298917e+01 2.203383e+00 9.301527e+01 2.369505e-02
1.698244e-06 9.298619e+01 2.254617e+00 9.301352e+01 2.424680e-02
1.737801e-06 9.298307e+01 2.307039e+00 9.301169e+01 2.481139e-02
1.778279e-06 9.297980e+01 2.360675e+00 9.300977e+01 2.538912e-02
1.819701e-06 9.297638e+01 2.415553e+00 9.300776e+01 2.598029e-02
1.862087e-06 9.297280e+01 2.471702e+00 9.300565e+01 2.658522e-02
1.905461e-06 9.296905e+01 2.529150e+00 9.300345e+01 2.720422e-02
1.949845e-06 9.296513e+01 2.587928e+00 9.300114e+01 2.783762e-02
1.995262e-06 9.296102e+01 2.648065e+00 9.299873e+01 2.848575e-02
2.041738e-06 9.295672e+01 2.709592e+00 9.299620e+01 2.914896e-02
2.089296e-06 9.295221e+01 2.772541e+00 9.299355e+01 2.982760e-02
2.137962e-06 9.294749e+01 2.836946e+00 9.299078e+01 3.052202e-02
2.187762e-06 9.294255e+01 2.902837e+00 9.298787e+01 3.123260e-02
2.238721e-06 9.293738e+01 2.970250e+00 9.298483e+01 3.195969e-02
2.290868e-06 9.293197e+01 3.039219e+00 9.298165e+01 3.270370e-02
2.344229e-06 9.292630e+01 3.109778e+00 9.297832e+01 3.346500e-02
2.398833e-06 9.292036e+01 3.181965e+00 9.297483e+01 3.424400e-02
2.454709e-06 9.291415e+01 3.255815e+00 9.297118e+01 3.504111e-02
2.511886e-06 9.290765e+01 3.331367e+00 9.296735e+01 3.585676e-02
2.570396e-06 9.290084e+01 3.408657e+00 9.296335e+01 3.669135e-02
2.630268e-06 9.289370e+01 3.487727e+00 9.295916e+01 3.754535e-02
2.691535e-06 9.288624e+01 3.568614e+00 9.295477e+01 3.841919e-02
2.754229e-06 9.287843e+01 3.651361e+00 9.295017e+01 3.931334e-02
2.818383e-06 9.287024e+01 3.736008e+00 9.294536e+01 4.022826e-02
2.884032e-06 9.286168e+01 3.822598e+00 9.294032e+01 4.116443e-02
2.951209e-06 9.285271e+01 3.911174e+00 9.293505e+01 4.212235e-02
3.019952e-06 9.284333e+01 4.001780e+00 9.292953e+01 4.310251e-02
3.090295e-06 9.283350e+01 4.094462e+00 9.292375e+01 4.410543e-02
3.162278e-06 9.282321e+01 4.189264e+00 9.291770e+01 4.513164e-02
3.235937e-06 9.281244e+01 4.286234e+00 9.291136e+01 4.618167e-02
3.311311e-06 9.280117e+01 4.385419e+00 9.290473e+01 4.725608e-02
3.388442e-06 9.278937e+01 4.486868e+00 9.289779e+01 4.835541e-02
3.467369e-06 9.277702e+01 4.590630e+00 9.289052e+01 4.948025e-02
3.548134e-06 9.276408e+01 4.696756e+00 9.288291e+01 5.063119e-02
3.630781e-06 9.275055e+01 4.805296e+00 9.287494e+01 5.180882e-02
3.715352e-06 9.273638e+01 4.916304e+00 9.286661e+01 5.301375e-02
3.801894e-06 9.272155e+01 5.029831e+00 9.285788e+01 5.424663e-02
3.890451e-06 9.270603e+01 5.145933e+00 9.284874e+01 5.550807e-02
3.981072e-06 9.268978e+01 5.264664e+00 9.283918e+01 5.679875e-02
4.073803e-06 9.267278e+01 5.386080e+00 9.282916e+01 5.811933e-02
4.168694e-06 9.265498e+01 5.510238e+00 9.281868e+01 5.947050e-02
4.265795e-06 9.263635e+01 5.637196e+00 9.280771e+01 6.085295e-02
4.365158e-06 9.261686e+01 5.767012e+00 9.279623e+01 6.226741e-02
4.466836e-06 9.259645e+01 5.899746e+00 9.278421e+01 6.371460e-02
4.570882e-06 9.257510e+01 6.035458e+00 9.277163e+01 6.519527e-02
4.677351e-06 9.255275e+01 6.174211e+00 9.275846e+01 6.671018e-02
4.786301e-06 9.252937e+01 6.316066e+00 9.274468e+01 6.826012e-02
4.897788e-06 9.250490e+01 6.461086e+00 9.273026e+01 6.984588e-02
5.011872e-06 9.247929e+01 6.609335e+00 9.271517e+01 7.146828e-02
5.128614e-06 9.245249e+01 6.760879e+00 9.269937e+01 7.312814e-02
5.248075e-06 9.242445e+01 6.915782e+00 9.268283e+01 7.482632e-02
5.370318e-06 9.239512e+01 7.074111e+00 9.266553e+01 7.656369e-02
5.495409e-06 9.236442e+01 7.235933e+00 9.264743e+01 7.834112e-02
5.623413e-06 9.233231e+01 7.401315e+00 9.262848e+01 8.015954e-02
5.754399e-06 9.229871e+01 7.570327e+00 9.260865e+01 8.201985e-02
5.888437e-06 9.226357e+01 7.743036e+00 9.258791e+01 8.392301e-02
6.025596e-06 9.222680e+01 7.919513e+00 9.256620e+01 8.586998e-02
6.165950e-06 9.218834e+01 8.099827e+00 9.254349e+01 8.786174e-02
6.309573e-06 9.214811e+01 8.284049e+00 9.251972e+01 8.989929e-02
6.456542e-06 9.210602e+01 8.472249e+00 9.249486e+01 9.198366e-02
6.606934e-06 9.206201e+01 8.664499e+00 9.246885e+01 9.411589e-02
6.760830e-06 9.201598e+01 8.860868e+00 9.244163e+01 9.629706e-02
6.918310e-06 9.196784e+01 9.061430e+00 9.241317e+01 9.852824e-02
7.079458e-06 9.191750e+01 9.266254e+00 9.238339e+01 1.008105e-01
7.244360e-06 9.186486e+01 9.475411e+00 9.235224e+01 1.031451e-01
7.413102e-06 9.180983e+01 9.688974e+00 9.231966e+01 1.055331e-01
7.585776e-06 9.175228e+01 9.907011e+00 9.228559e+01 1.079756e-01
7.762471e-06 9.169212e+01 1.012959e+01 9.224995e+01 1.104740e-01
7.943282e-06 9.162923e+01 1.035679e+01 9.221268e+01 1.130293e-01
8.128305e-06 9.156349e+01 1.058867e+01 9.217371e+01 1.156429e-01
8.317638e-06 9.149478e+01 1.082530e+01 9.213296e+01 1.183160e-01
8.511380e-06 9.142297e+01 1.106674e+01 9.209035e+01 1.210499e-01
8.709636e-06 9.134793e+01 1.131307e+01 9.204580e+01 1.238460e-01
8.912509e-06 9.126951e+01 1.156434e+01 9.199923e+01 1.267054e-01
9.120108e-06 9.118758e+01 1.182062e+01 9.195054e+01 1.296297e-01
9.332543e-06 9.110199e+01 1.208196e+01 9.189965e+01 1.326202e-01
9.549926e-06 9.101257e+01 1.234843e+01 9.184646e+01 1.356783e-01
9.772372e-06 9.091918e+01 1.262007e+01 9.179087e+01 1.388054e-01
1.000000e-05 9.082164e+01 1.289694e+01 9.173277e+01 1.420030e-01
1.023293e-05 9.071979e+01 1.317909e+01 9.167207e+01 1.452725e-01
1.047129e-05 9.061344e+01 1.346656e+01 9.160864e+01 1.486155e-01
1.071519e-05 9.050241e+01 1.375940e+01 9.154238e+01 1.520335e-01
1.096478e-05 9.038652e+01 1.405764e+01 9.147316e+01 1.555280e-01
1.122018e-05 9.026556e+01 1.436131e+01 9.140086e+01 1.591006e-01
1.148154e-05 9.013933e+01 1.467044e+01 9.132536e+01 1.627529e-01
1.174898e-05 9.000763e+01 1.498505e+01 9.124651e+01 1.664864e-01
1.202264e-05 8.987024e+01 1.530516e+01 9.116418e+01 1.703029e-01
1.230269e-05 8.972694e+01 1.563078e+01 9.107824e+01 1.742038e-01
1.258925e-05 8.957750e+01 1.596191e+01 9.098852e+01 1.781911e-01
1.288250e-05 8.942168e+01 1.629855e+01 9.089488e+01 1.822662e-01
1.318257e-05 8.925925e+01 1.664068e+01 9.079717e+01 1.864309e-01
1.348963e-05 8.908995e+01 1.698829e+01 9.069521e+01 1.906869e-01
1.380384e-05 8.891354e+01 1.734134e+01 9.058885e+01 1.950360e-01
1.412538e-05 8.872976e+01 1.769980e+01 9.047792e+01 1.994799e-01
1.445440e-05 8.853834e+01 1.806362e+01 9.036222e+01 2.040203e-01
1.479108e-05 8.833900e+01 1.843273e+01 9.024159e+01 2.086591e-01
1.513561e-05 8.813148e+01 1.880707e+01 9.011584e+01 2.133979e-01
1.548817e-05 8.791549e+01 1.918655e+01 8.998477e+01 2.182386e-01
1.584893e-05 8.769076e+01 1.957108e+01 8.984818e+01 2.231829e-01
1.621810e-05 8.745697e+01 1.996054e+01 8.970588e+01 2.282327e-01
1.659587e-05 8.721385e+01 2.035482e+01 8.955766e+01 2.333897e-01
1.698244e-05 8.696110e+01 2.075377e+01 8.940331e+01 2.386557e-01
1.737801e-05 8.669842e+01 2.115724e+01 8.924261e+01 2.440325e-01
1.778279e-05 8.642549e+01 2.156505e+01 8.907535e+01 2.495219e-01
1.819701e-05 8.614203e+01 2.197704e+01 8.890129e+01 2.551256e-01
1.862087e-05 8.584772e+01 2.239298e+01 8.872022e+01 2.608453e-01
1.905461e-05 8.554227e+01 2.281265e+01 8.853190e+01 2.666828e-01
1.949845e-05 8.522536e+01 2.323582e+01 8.833610e+01 2.726397e-01
1.995262e-05 8.489670e+01 2.366222e+01 8.813258e+01 2.787178e-01
2.041738e-05 8.455599e+01 2.409158e+01 8.792110e+01 2.849186e-01
2.089296e-05 8.420294e+01 2.452359e+01 8.770143e+01 2.912438e-01
2.137962e-05 8.383725e+01 2.495792e+01 8.747332e+01 2.976949e-01
2.187762e-05 8.345864e+01 2.539424e+01 8.723653e+01 3.042734e-01
2.238721e-05 8.306685e+01 2.583219e+01 8.699082e+01 3.109807e-01
2.290868e-05 8.266160e+01 2.627137e+01 8.673595e+01 3.178182e-01
2.344229e-05 8.224265e+01 2.671137e+01 8.647167e+01 3.247873e-01
2.398833e-05 8.180975e+01 2.715177e+01 8.619776e+01 3.318891e-01
2.454709e-05 8.136267e+01 2.759210e+01 8.591396e+01 3.391249e-01
2.511886e-05 8.090121e+01 2.803191e+01 8.562005e+01 3.464956e-01
2.570396e-05 8.042517e+01 2.847069e+01 8.531581e+01 3.540022e-01
2.630268e-05 7.993438e+01 2.890791e+01 8.500101e+01 3.616456e-01
2.691535e-05 7.942868e+01 2.934305e+01 8.467544e+01 3.694264e-01
2.754229e-05 7.890795e+01 2.977555e+01 8.433889e+01 3.773453e-01
2.818383e-05 7.837209e+01 3.020482e+01 8.399116e+01 3.854028e-01
2.884032e-05 7.782100e+01 3.063028e+01 8.363206e+01 3.935991e-01
2.951209e-05 7.725465e+01 3.105130e+01 8.326142e+01 4.019344e-01
3.019952e-05 7.667302e+01 3.146726e+01 8.287907e+01 4.104086e-01
3.090295e-05 7.607611e+01 3.187753e+01 8.248485e+01 4.190215e-01
3.162278e-05 7.546398e+01 3.228143e+01 8.207864e+01 4.277728e-01
3.235937e-05 7.483670e+01 3.267832e+01 8.166030e+01 4.366617e-01
3.311311e-05 7.419440e+01 3.306751e+01 8.122973e+01 4.456874e-01
3.388442e-05 7.353723e+01 3.344833e+01 8.078685e+01 4.548489e-01
3.467369e-05 7.286539e+01 3.382009e+01 8.033158e+01 4.641447e-01
3.548134e-05 7.217911e+01 3.418211e+01 7.986389e+01 4.735734e-01
3.630781e-05 7.147867e+01 3.453370e+01 7.938373e+01 4.831330e-01
3.715352e-05 7.076439e+01 3.487420e+01 7.889112e+01 4.928213e-01
3.801894e-05 7.003663e+01 3.520292e+01 7.838607e+01 5.026358e-01
3.890451e-05 6.929580e+01 3.551921e+01 7.786862e+01 5.125738e-01
3.981072e-05 6.854233e+01 3.582243e+01 7.733885e+01 5.226322e-01
4.073803e-05 6.777672e+01 3.611193e+01 7.679685e+01 5.328073e-01
4.168694e-05 6.699950e+01 3.638712e+01 7.624274e+01 5.430954e-01
4.265795e-05 6.621123e+01 3.664740e+01 7.567667e+01 5.534923e-01
4.365158e-05 6.541252e+01 3.689222e+01 7.509882e+01 5.639933e-01
4.466836e-05 6.460401e+01 3.712104e+01 7.450940e+01 5.745934e-01
4.570882e-05 6.378640e+01 3.733336e+01 7.390862e+01 5.852872e-01
4.677351e-05 6.296039e+01 3.752873e+01 7.329677e+01 5.960689e-01
4.786301e-05 6.212673e+01 3.770672e+01 7.267411e+01 6.069322e-01
4.897788e-05 6.128620e+01 3.786693e+01 7.204098e+01 6.178704e-01
5.011872e-05 6.043960e+01 3.800903e+01 7.139770e+01 6.288764e-01
5.128614e-05 5.958775e+01 3.813273e+01 7.074465e+01 6.399425e-01
5.248075e-05 5.873150e+01 3.823777e+01 7.008221e+01 6.510608e-01
5.370318e-05 5.787171e+01 3.832396e+01 6.941081e+01 6.622227e-01
5.495409e-05 5.700925e+01 3.839113e+01 6.873088e+01 6.734193e-01
5.623413e-05 5.614502e+01 3.843920e+01 6.804289e+01 6.846413e-01
5.754399e-05 5.527989e+01 3.846811e+01 6.734732e+01 6.958788e-01
5.888437e-05 5.441476e+01 3.847786e+01 6.664466e+01 7.071217e-01
6.025596e-05 5.355051e+01 3.846851e+01 6.593544e+01 7.183593e-01
6.165950e-05 5.268803e+01 3.844016e+01 6.522020e+01 7.295806e-01
6.309573e-05 5.182818e+01 3.839298e+01 6.449947e+01 7.407741e-01
6.456542e-05 5.097183e+01 3.832716e+01 6.377381e+01 7.519282e-01
6.606934e-05 5.011982e+01 3.824297e+01 6.304380e+01 7.630307e-01
6.760830e-05 4.927297e+01 3.814070e+01 6.231002e+01 7.740693e-01
6.918310e-05 4.843207e+01 3.802070e+01 6.157304e+01 7.850314e-01
7.079458e-05 4.759790e+01 3.788335e+01 6.083345e+01 7.959040e-01
7.244360e-05 4.677119e+01 3.772910e+01 6.009184e+01 8.066741e-01
7.413102e-05 4.595264e+01 3.755840e+01 5.934879e+01 8.173284e-01
7.585776e-05 4.514295e+01 3.737176e+01 5.860490e+01 8.278538e-01
7.762471e-05 4.434273e+01 3.716971e+01 5.786074e+01 8.382368e-01
7.943282e-05 4.355259e+01 3.695281e+01 5.711688e+01 8.484641e-01
8.128305e-05 4.277309e+01 3.672165e+01 5.637390e+01 8.585223e-01
8.317638e-05 4.200473e+01 3.647684e+01 5.563234e+01 8.683983e-01
8.511380e-05 4.124801e+01 3.621901e+01 5.489276e+01 8.780789e-01
8.709636e-05 4.050334e+01 3.594880e+01 5.415568e+01 8.875515e-01
8.912509e-05 3.977113e+01 3.566688e+01 5.342162e+01 8.968033e-01
9.120108e-05 3.905171e+01 3.537391e+01 5.269107e+01 9.058223e-01
9.332543e-05 3.834538e+01 3.507056e+01 5.196453e+01 9.145966e-01
9.549926e-05 3.765242e+01 3.475751e+01 5.124246e+01 9.231149e-01
9.772372e-05 3.697304e+01 3.443544e+01 5.052530e+01 9.313663e-01
1.000000e-04 3.630742e+01 3.410503e+01 4.981347e+01 9.393405e-01
1.023293e-04 3.565570e+01 3.376694e+01 4.910738e+01 9.470278e-01
1.047129e-04 3.501798e+01 3.342183e+01 4.840742e+01 9.544192e-01
1.071519e-04 3.439433e+01 3.307037e+01 4.771393e+01 9.615065e-01
1.096478e-04 3.378477e+01 3.271318e+01 4.702726e+01 9.682820e-01
1.122018e-04 3.318930e+01 3.235091e+01 4.634772e+01 9.747390e-01
1.148154e-04 3.260789e+01 3.198415e+01 4.567559e+01 9.808715e-01
1.174898e-04 3.204046e+01 3.161350e+01 4.501116e+01 9.866743e-01
1.202264e-04 3.148693e+01 3.123954e+01 4.435466e+01 9.921432e-01
1.230269e-04 3.094717e+01 3.086283e+01 4.370631e+01 9.972746e-01
1.258925e-04 3.042104e+01 3.048389e+01 4.306631e+01 1.002066e+00
1.288250e-04 2.990837e+01 3.010324e+01 4.243484e+01 1.006516e+00
1.318257e-04 2.940897e+01 2.972138e+01 4.181205e+01 1.010623e+00
1.348963e-04 2.892263e+01 2.933877e+01 4.119808e+01 1.014388e+00
1.380384e-04 2.844915e+01 2.895585e+01 4.059304e+01 1.017811e+00
1.412538e-04 2.798827e+01 2.857304e+01 3.999702e+01 1.020893e+00
1.445440e-04 2.753974e+01 2.819074e+01 3.941009e+01 1.023638e+00
1.479108e-04 2.710332e+01 2.780932e+01 3.883231e+01 1.026049e+00
1.513561e-04 2.667872e+01 2.742914e+01 3.826371e+01 1.028128e+00
1.548817e-04 2.626567e+01 2.705052e+01 3.770432e+01 1.029881e+00
1.584893e-04 2.586389e+01 2.667375e+01 3.715413e+01 1.031312e+00
1.621810e-04 2.547309e+01 2.629913e+01 3.661314e+01 1.032428e+00
1.659587e-04 2.509298e+01 2.592690e+01 3.608132e+01 1.033233e+00
1.698244e-04 2.472326e+01 2.555731e+01 3.555863e+01 1.033736e+00
1.737801e-04 2.436365e+01 2.519058e+01 3.504501e+01 1.033941e+00
1.778279e-04 2.401385e+01 2.482689e+01 3.454041e+01 1.033857e+00
1.819701e-04 2.367358e+01 2.446643e+01 3.404475e+01 1.033491e+00
1.862087e-04 2.334254e+01 2.410936e+01 3.355794e+01 1.032851e+00
1.905461e-04 2.302046e+01 2.375581e+01 3.307990e+01 1.031943e+00
1.949845e-04 2.270705e+01 2.340591e+01 3.261053e+01 1.030777e+00
1.995262e-04 2.240204e+01 2.305977e+01 3.214972e+01 1.029360e+00
2.041738e-04 2.210517e+01 2.271748e+01 3.169736e+01 1.027700e+00
2.089296e-04 2.181618e+01 2.237913e+01 3.125333e+01 1.025804e+00
2.137962e-04 2.153480e+01 2.204477e+01 3.081752e+01 1.023681e+00
2.187762e-04 2.126080e+01 2.171448e+01 3.038980e+01 1.021339e+00
2.238721e-04 2.099394e+01 2.138828e+01 2.997006e+01 1.018784e+00
2.290868e-04 2.073399e+01 2.106623e+01 2.955815e+01 1.016024e+00
2.344229e-04 2.048072e+01 2.074833e+01 2.915395e+01 1.013066e+00
2.398833e-04 2.023393e+01 2.043461e+01 2.875735e+01 1.009918e+00
2.454709e-04 1.999340e+01 2.012508e+01 2.836820e+01 1.006586e+00
2.511886e-04 1.975894e+01 1.981974e+01 2.798639e+01 1.003077e+00
2.570396e-04 1.953037e+01 1.951859e+01 2.761179e+01 9.993965e-01
2.630268e-04 1.930751e+01 1.922162e+01 2.724427e+01 9.955515e-01
2.691535e-04 1.909017e+01 1.892882e+01 2.688373e+01 9.915478e-01
2.754229e-04 1.887820e+01 1.864017e+01 2.653003e+01 9.873913e-01
2.818383e-04 1.867144e+01 1.835566e+01 2.618307e+01 9.830875e-01
2.884032e-04 1.846975e+01 1.807527e+01 2.584273e+01 9.786420e-01
2.951209e-04 1.827297e+01 1.779897e+01 2.550892e+01 9.740600e-01
3.019952e-04 1.808098e+01 1.752674e+01 2.518151e+01 9.693470e-01
3.090295e-04 1.789364e+01 1.725856e+01 2.486041e+01 9.645081e-01
3.162278e-04 1.771083e+01 1.699440e+01 2.454553e+01 9.595484e-01
3.235937e-04 1.753243e+01 1.673423e+01 2.423676e+01 9.544730e-01
3.311311e-04 1.735833e+01 1.647804e+01 2.393402e+01 9.492870e-01
3.388442e-04 1.718842e+01 1.622579e+01 2.363722e+01 9.439955e-01
3.467369e-04 1.702260e+01 1.597748e+01 2.334628e+01 9.386037e-01
3.548134e-04 1.686076e+01 1.573306e+01 2.306110e+01 9.331168e-01
3.630781e-04 1.670281e+01 1.549252e+01 2.278162e+01 9.275401e-01
3.715352e-04 1.654865e+01 1.525585e+01 2.250775e+01 9.218789e-01
3.801894e-04 1.639819e+01 1.502302e+01 2.223942e+01 9.161388e-01
3.890451e-04 1.625134e+01 1.479401e+01 2.197655e+01 9.103255e-01
3.981072e-04 1.610802e+01 1.456881e+01 2.171908e+01 9.044447e-01
4.073803e-04 1.596813e+01 1.434740e+01 2.146693e+01 8.985023e-01
4.168694e-04 1.583160e+01 1.412977e+01 2.122004e+01 8.925046e-01
4.265795e-04 1.569833e+01 1.391591e+01 2.097832e+01 8.864576e-01
4.365158e-04 1.556825e+01 1.370579e+01 2.074172e+01 8.803679e-01
4.466836e-04 1.544127e+01 1.349941e+01 2.051017e+01 8.742420e-01
4.570882e-04 1.531732e+01 1.329676e+01 2.028359e+01 8.680867e-01
4.677351e-04 1.519630e+01 1.309782e+01 2.006191e+01 8.619087e-01
4.786301e-04 1.507814e+01 1.290259e+01 1.984507e+01 8.557150e-01
4.897788e-04 1.496275e+01 1.271105e+01 1.963300e+01 8.495128e-01
5.011872e-04 1.485005e+01 1.252319e+01 1.942561e+01 8.433093e-01
5.128614e-04 1.473997e+01 1.233900e+01 1.922284e+01 8.371116e-01
5.248075e-04 1.463241e+01 1.215847e+01 1.902461e+01 8.309272e-01
5.370318e-04 1.452730e+01 1.198158e+01 1.883084e+01 8.247635e-01
5.495409e-04 1.442454e+01 1.180833e+01 1.864146e+01 8.186277e-01
5.623413e-04 1.432407e+01 1.163869e+01 1.845638e+01 8.125272e-01
5.754399e-04 1.422578e+01 1.147266e+01 1.827553e+01 8.064696e-01
5.888437e-04 1.412961e+01 1.131021e+01 1.809881e+01 8.004619e-01
6.025596e-04 1.403546e+01 1.115133e+01 1.792613e+01 7.945115e-01
6.165950e-04 1.394325e+01 1.099600e+01 1.775742e+01 7.886256e-01
6.309573e-04 1.385289e+01 1.084419e+01 1.759259e+01 7.828110e-01
6.456542e-04 1.376430e+01 1.069589e+01 1.743153e+01 7.770748e-01
6.606934e-04 1.367740e+01 1.055107e+01 1.727416e+01 7.714235e-01
6.760830e-04 1.359210e+01 1.040970e+01 1.712037e+01 7.658638e-01
6.918310e-04 1.350832e+01 1.027176e+01 1.697008e+01 7.604020e-01
7.079458e-04 1.342597e+01 1.013721e+01 1.682319e+01 7.550442e-01
7.244360e-04 1.334498e+01 1.000602e+01 1.667959e+01 7.497964e-01
7.413102e-04 1.326525e+01 9.878156e+00 1.653919e+01 7.446640e-01
7.585776e-04 1.318671e+01 9.753586e+00 1.640188e+01 7.396526e-01
7.762471e-04 1.310928e+01 9.632270e+00 1.626757e+01 7.347673e-01
7.943282e-04 1.303288e+01 9.514166e+00 1.613615e+01 7.300128e-01
8.128305e-04 1.295742e+01 9.399233e+00 1.600751e+01 7.253938e-01
8.317638e-04 1.288284e+01 9.287425e+00 1.588156e+01 7.209145e-01
8.511380e-04 1.280905e+01 9.178697e+00 1.575818e+01 7.165789e-01
8.709636e-04 1.273599e+01 9.073000e+00 1.563729e+01 7.123905e-01
8.912509e-04 1.266358e+01 8.970284e+00 1.551877e+01 7.083528e-01
9.120108e-04 1.259175e+01 8.870497e+00 1.540253e+01 7.044688e-01
9.332543e-04 1.252043e+01 8.773584e+00 1.528846e+01 7.007412e-01
9.549926e-04 1.244956e+01 8.679492e+00 1.517647e+01 6.971725e-01
9.772372e-04 1.237907e+01 8.588161e+00 1.506645e+01 6.937648e-01
1.000000e-03 1.230889e+01 8.499535e+00 1.495831e+01 6.905200e-01
1.023293e-03 1.223897e+01 8.413553e+00 1.485195e+01 6.874394e-01
1.047129e-03 1.216926e+01 8.330154e+00 1.474728e+01 6.845246e-01
1.071519e-03 1.209968e+01 8.249275e+00 1.464421e+01 6.817763e-01
1.096478e-03 1.203020e+01 8.170853e+00 1.454264e+01 6.791954e-01
1.122018e-03 1.196075e+01 8.094823e+00 1.444250e+01 6.767822e-01
1.148154e-03 1.189130e+01 8.021120e+00 1.434369e+01 6.745371e-01
1.174898e-03 1.182179e+01 7.949678e+00 1.424612e+01 6.724598e-01
1.202264e-03 1.175218e+01 7.880430e+00 1.414973e+01 6.705502e-01
1.230269e-03 1.168244e+01 7.813308e+00 1.405444e+01 6.688078e-01
1.258925e-03 1.161252e+01 7.748245e+00 1.396016e+01 6.672319e-01
1.288250e-03 1.154239e+01 7.685174e+00 1.386682e+01 6.658215e-01
1.318257e-03 1.147202e+01 7.624025e+00 1.377436e+01 6.645756e-01
1.348963e-03 1.140137e+01 7.564732e+00 1.368271e+01 6.634930e-01
1.380384e-03 1.133043e+01 7.507227e+00 1.359180e+01 6.625722e-01
1.412538e-03 1.125916e+01 7.451442e+00 1.350158e+01 6.618117e-01
1.445440e-03 1.118754e+01 7.397309e+00 1.341198e+01 6.612097e-01
1.479108e-03 1.111555e+01 7.344763e+00 1.332295e+01 6.607645e-01
1.513561e-03 1.104318e+01 7.293737e+00 1.323444e+01 6.604742e-01
1.548817e-03 1.097041e+01 7.244165e+00 1.314640e+01 6.603366e-01
1.584893e-03 1.089723e+01 7.195984e+00 1.305878e+01 6.603497e-01
1.621810e-03 1.082363e+01 7.149130e+00 1.297155e+01 6.605114e-01
1.659587e-03 1.074960e+01 7.103540e+00 1.288464e+01 6.608193e-01
1.698244e-03 1.067513e+01 7.059152e+00 1.279804e+01 6.612711e-01
1.737801e-03 1.060022e+01 7.015907e+00 1.271171e+01 6.618645e-01
1.778279e-03 1.052486e+01 6.973744e+00 1.262560e+01 6.625972e-01
1.819701e-03 1.044907e+01 6.932607e+00 1.253970e+01 6.634666e-01
1.862087e-03 1.037283e+01 6.892438e+00 1.245397e+01 6.644703e-01
1.905461e-03 1.029616e+01 6.853183e+00 1.236838e+01 6.656060e-01
1.949845e-03 1.021905e+01 6.814787e+00 1.228292e+01 6.668711e-01
1.995262e-03 1.014151e+01 6.777198e+00 1.219757e+01 6.682633e-01
2.041738e-03 1.006355e+01 6.740366e+00 1.211229e+01 6.697800e-01
2.089296e-03 9.985183e+00 6.704240e+00 1.202708e+01 6.714189e-01
2.137962e-03 9.906412e+00 6.668774e+00 1.194192e+01 6.731775e-01
2.187762e-03 9.827249e+00 6.633920e+00 1.185680e+01 6.750536e-01
2.238721e-03 9.747708e+00 6.599633e+00 1.177170e+01 6.770446e-01
2.290868e-03 9.667800e+00 6.565870e+00 1.168662e+01 6.791483e-01
2.344229e-03 9.587540e+00 6.532590e+00 1.160154e+01 6.813625e-01
2.398833e-03 9.506941e+00 6.499751e+00 1.151645e+01 6.836847e-01
2.454709e-03 9.426019e+00 6.467314e+00 1.143136e+01 6.861129e-01
2.511886e-03 9.344790e+00 6.435241e+00 1.134625e+01 6.886448e-01
2.570396e-03 9.263270e+00 6.403497e+00 1.126113e+01 6.912782e-01
2.630268e-03 9.181476e+00 6.372045e+00 1.117598e+01 6.940110e-01
2.691535e-03 9.099426e+00 6.340854e+00 1.109081e+01 6.968411e-01
2.754229e-03 9.017136e+00 6.309889e+00 1.100561e+01 6.997664e-01
2.818383e-03 8.934626e+00 6.279120e+00 1.092039e+01 7.027849e-01
2.884032e-03 8.851915e+00 6.248518e+00 1.083515e+01 7.058945e-01
2.951209e-03 8.769020e+00 6.218053e+00 1.074988e+01 7.090933e-01
3.019952e-03 8.685961e+00 6.187698e+00 1.066459e+01 7.123792e-01
3.090295e-03 8.602758e+00 6.157427e+00 1.057929e+01 7.157503e-01
3.162278e-03 8.519430e+00 6.127214e+00 1.049397e+01 7.192047e-01
3.235937e-03 8.435998e+00 6.097036e+00 1.040865e+01 7.227404e-01
3.311311e-03 8.352480e+00 6.066870e+00 1.032332e+01 7.263555e-01
3.388442e-03 8.268899e+00 6.036694e+00 1.023799e+01 7.300481e-01
3.467369e-03 8.185273e+00 6.006486e+00 1.015266e+01 7.338162e-01
3.548134e-03 8.101624e+00 5.976228e+00 1.006735e+01 7.376581e-01
3.630781e-03 8.017972e+00 5.945900e+00 9.982064e+00 7.415716e-01
3.715352e-03 7.934338e+00 5.915485e+00 9.896802e+00 7.455550e-01
3.801894e-03 7.850743e+00 5.884966e+00 9.811575e+00 7.496063e-01
3.890451e-03 7.767208e+00 5.854328e+00 9.726391e+00 7.537236e-01
3.981072e-03 7.683754e+00 5.823555e+00 9.641259e+00 7.579050e-01
4.073803e-03 7.600402e+00 5.792635e+00 9.556188e+00 7.621484e-01
4.168694e-03 7.517174e+00 5.761554e+00 9.471188e+00 7.664521e-01
4.265795e-03 7.434089e+00 5.730300e+00 9.386268e+00 7.708140e-01
4.365158e-03 7.351170e+00 5.698863e+00 9.301438e+00 7.752321e-01
4.466836e-03 7.268437e+00 5.667234e+00 9.216709e+00 7.797046e-01
4.570882e-03 7.185912e+00 5.635403e+00 9.132092e+00 7.842293e-01
4.677351e-03 7.103614e+00 5.603363e+00 9.047597e+00 7.888044e-01
4.786301e-03 7.021565e+00 5.571106e+00 8.963236e+00 7.934279e-01
4.897788e-03 6.939786e+00 5.538628e+00 8.879022e+00 7.980979e-01
5.011872e-03 6.858295e+00 5.505923e+00 8.794964e+00 8.028122e-01
5.128614e-03 6.777114e+00 5.472987e+00 8.711077e+00 8.075690e-01
5.248075e-03 6.696261e+00 5.439818e+00 8.627371e+00 8.123664e-01
5.370318e-03 6.615757e+00 5.406412e+00 8.543860e+00 8.172023e-01
5.495409e-03 6.535620e+00 5.372770e+00 8.460555e+00 8.220749e-01
5.623413e-03 6.455869e+00 5.338890e+00 8.377470e+00 8.269823e-01
5.754399e-03 6.376522e+00 5.304773e+00 8.294616e+00 8.319227e-01
5.888437e-03 6.297596e+00 5.270421e+00 8.212007e+00 8.368940e-01
6.025596e-03 6.219109e+00 5.235835e+00 8.129655e+00 8.418946e-01
6.165950e-03 6.141077e+00 5.201018e+00 8.047572e+00 8.469227e-01
6.309573e-03 6.063516e+00 5.165974e+00 7.965771e+00 8.519766e-01
6.456542e-03 5.986442e+00 5.130706e+00 7.884265e+00 8.570544e-01
6.606934e-03 5.909868e+00 5.095221e+00 7.803064e+00 8.621547e-01
6.760830e-03 5.833810e+00 5.059521e+00 7.722182e+00 8.672757e-01
6.918310e-03 5.758280e+00 5.023615e+00 7.641629e+00 8.724158e-01
7.079458e-03 5.683292e+00 4.987507e+00 7.561417e+00 8.775736e-01
7.244360e-03 5.608856e+00 4.951204e+00 7.481556e+00 8.827475e-01
7.413102e-03 5.534986e+00 4.914713e+00 7.402059e+00 8.879360e-01
7.585776e-03 5.461690e+00 4.878042e+00 7.322933e+00 8.931378e-01
7.762471e-03 5.388980e+00 4.841197e+00 7.244191e+00 8.983513e-01
7.943282e-03 5.316864e+00 4.804188e+00 7.165840e+00 9.035753e-01
8.128305e-03 5.245352e+00 4.767020e+00 7.087891e+00 9.088084e-01
8.317638e-03 5.174451e+00 4.729702e+00 7.010351e+00 9.140491e-01
8.511380e-03 5.104168e+00 4.692243e+00 6.933230e+00 9.192963e-01
8.709636e-03 5.034511e+00 4.654649e+00 6.856534e+00 9.245484e-01
8.912509e-03 4.965486e+00 4.616929e+00 6.780272e+00 9.298041e-01
9.120108e-03 4.897099e+00 4.579091e+00 6.704450e+00 9.350621e-01
9.332543e-03 4.829354e+00 4.541142e+00 6.629075e+00 9.403208e-01
9.549926e-03 4.762258e+00 4.503091e+00 6.554153e+00 9.455790e-01
9.772372e-03 4.695814e+00 4.464944e+00 6.479691e+00 9.508349e-01
1.000000e-02 4.630027e+00 4.426709e+00 6.405693e+00 9.560870e-01
1.023293e-02 4.564901e+00 4.388393e+00 6.332165e+00 9.613338e-01
1.047129e-02 4.500439e+00 4.350004e+00 6.259112e+00 9.665734e-01
1.071519e-02 4.436644e+00 4.311549e+00 6.186539e+00 9.718040e-01
1.096478e-02 4.373521e+00 4.273034e+00 6.114450e+00 9.770237e-01
1.122018e-02 4.311072e+00 4.234466e+00 6.042850e+00 9.822305e-01
1.148154e-02 4.249299e+00 4.195852e+00 5.971743e+00 9.874222e-01
1.174898e-02 4.188206e+00 4.157199e+00 5.901134e+00 9.925966e-01
1.202264e-02 4.127796e+00 4.118513e+00 5.831025e+00 9.977512e-01
1.230269e-02 4.068070e+00 4.079802e+00 5.761422e+00 1.002884e+00
1.258925e-02 4.009033e+00 4.041070e+00 5.692327e+00 1.007991e+00
1.288250e-02 3.950685e+00 4.002326e+00 5.623746e+00 1.013071e+00
1.318257e-02 3.893030e+00 3.963575e+00 5.555683e+00 1.018121e+00
1.348963e-02 3.836069e+00 3.924825e+00 5.488140e+00 1.023137e+00
1.380384e-02 3.779807e+00 3.886083e+00 5.421123e+00 1.028117e+00
1.412538e-02 3.724243e+00 3.847355e+00 5.354636e+00 1.033057e+00
1.445440e-02 3.669382e+00 3.808650e+00 5.288684e+00 1.037954e+00
1.479108e-02 3.615224e+00 3.769973e+00 5.223269e+00 1.042805e+00
1.513561e-02 3.561773e+00 3.731333e+00 5.158398e+00 1.047606e+00
1.548817e-02 3.509029e+00 3.692738e+00 5.094074e+00 1.052353e+00
1.584893e-02 3.456994e+00 3.654195e+00 5.030303e+00 1.057044e+00
1.621810e-02 3.405670e+00 3.615714e+00 4.967089e+00 1.061675e+00
1.659587e-02 3.355059e+00 3.577302e+00 4.904438e+00 1.066241e+00
1.698244e-02 3.305160e+00 3.538969e+00 4.842353e+00 1.070741e+00
1.737801e-02 3.255975e+00 3.500723e+00 4.780840e+00 1.075169e+00
1.778279e-02 3.207503e+00 3.462573e+00 4.719904e+00 1.079523e+00
1.819701e-02 3.159746e+00 3.424530e+00 4.659549e+00 1.083799e+00
1.862087e-02 3.112703e+00 3.386602e+00 4.599782e+00 1.087994e+00
1.905461e-02 3.066372e+00 3.348800e+00 4.540606e+00 1.092105e+00
1.949845e-02 3.020753e+00 3.311134e+00 4.482025e+00 1.096129e+00
1.995262e-02 2.975843e+00 3.273613e+00 4.424046e+00 1.100062e+00
2.041738e-02 2.931642e+00 3.236247e+00 4.366672e+00 1.103903e+00
2.089296e-02 2.888145e+00 3.199048e+00 4.309906e+00 1.107648e+00
2.137962e-02 2.845351e+00 3.162026e+00 4.253755e+00 1.111296e+00
2.187762e-02 2.803255e+00 3.125190e+00 4.198220e+00 1.114843e+00
2.238721e-02 2.761853e+00 3.088550e+00 4.143305e+00 1.118289e+00
2.290868e-02 2.721142e+00 3.052118e+00 4.089014e+00 1.121632e+00
2.344229e-02 2.681114e+00 3.015904e+00 4.035350e+00 1.124870e+00
2.398833e-02 2.641766e+00 2.979916e+00 3.982314e+00 1.128002e+00
2.454709e-02 2.603090e+00 2.944166e+00 3.929910e+00 1.131027e+00
2.511886e-02 2.565081e+00 2.908662e+00 3.878138e+00 1.133945e+00
2.570396e-02 2.527730e+00 2.873413e+00 3.827000e+00 1.136756e+00
2.630268e-02 2.491032e+00 2.838430e+00 3.776496e+00 1.139460e+00
2.691535e-02 2.454976e+00 2.803721e+00 3.726629e+00 1.142056e+00
2.754229e-02 2.419556e+00 2.769294e+00 3.677396e+00 1.144546e+00
2.818383e-02 2.384763e+00 2.735158e+00 3.628799e+00 1.146931e+00
2.884032e-02 2.350586e+00 2.701320e+00 3.580836e+00 1.149211e+00
2.951209e-02 2.317017e+00 2.667788e+00 3.533505e+00 1.151389e+00
3.019952e-02 2.284046e+00 2.634569e+00 3.486806e+00 1.153466e+00
3.090295e-02 2.251662e+00 2.601668e+00 3.440736e+00 1.155443e+00
3.162278e-02 2.219856e+00 2.569094e+00 3.395292e+00 1.157324e+00
3.235937e-02 2.188617e+00 2.536851e+00 3.350471e+00 1.159112e+00
3.311311e-02 2.157933e+00 2.504944e+00 3.306270e+00 1.160807e+00
3.388442e-02 2.127793e+00 2.473379e+00 3.262684e+00 1.162415e+00
3.467369e-02 2.098187e+00 2.442160e+00 3.219710e+00 1.163938e+00
3.548134e-02 2.069103e+00 2.411290e+00 3.177343e+00 1.165379e+00
3.630781e-02 2.040530e+00 2.380774e+00 3.135578e+00 1.166743e+00
3.715352e-02 2.012456e+00 2.350614e+00 3.094408e+00 1.168033e+00
3.801894e-02 1.984868e+00 2.320813e+00 3.053830e+00 1.169253e+00
3.890451e-02 1.957757e+00 2.291372e+00 3.013835e+00 1.170407e+00
3.981072e-02 1.931109e+00 2.262295e+00 2.974418e+00 1.171500e+00
4.073803e-02 1.904914e+00 2.233580e+00 2.935571e+00 1.172536e+00
4.168694e-02 1.879159e+00 2.205231e+00 2.897289e+00 1.173520e+00
4.265795e-02 1.853834e+00 2.177245e+00 2.859562e+00 1.174455e+00
4.365158e-02 1.828926e+00 2.149625e+00 2.822385e+00 1.175348e+00
4.466836e-02 1.804424e+00 2.122368e+00 2.785748e+00 1.176202e+00
4.570882e-02 1.780317e+00 2.095473e+00 2.749643e+00 1.177023e+00
4.677351e-02 1.756594e+00 2.068941e+00 2.714063e+00 1.177814e+00
4.786301e-02 1.733244e+00 2.042768e+00 2.678998e+00 1.178581e+00
4.897788e-02 1.710255e+00 2.016952e+00 2.644441e+00 1.179328e+00
5.011872e-02 1.687618e+00 1.991491e+00 2.610381e+00 1.180061e+00
5.128614e-02 1.665321e+00 1.966382e+00 2.576811e+00 1.180782e+00
5.248075e-02 1.643356e+00 1.941621e+00 2.543720e+00 1.181498e+00
5.370318e-02 1.621711e+00 1.917205e+00 2.511100e+00 1.182212e+00
5.495409e-02 1.600377e+00 1.893131e+00 2.478942e+00 1.182928e+00
5.623413e-02 1.579346e+00 1.869392e+00 2.447235e+00 1.183650e+00
5.754399e-02 1.558607e+00 1.845986e+00 2.415972e+00 1.184382e+00
5.888437e-02 1.538152e+00 1.822907e+00 2.385142e+00 1.185128e+00
6.025596e-02 1.517972e+00 1.800150e+00 2.354736e+00 1.185892e+00
6.165950e-02 1.498060e+00 1.777710e+00 2.324745e+00 1.186675e+00
6.309573e-02 1.478408e+00 1.755582e+00 2.295159e+00 1.187481e+00
6.456542e-02 1.459008e+00 1.733759e+00 2.265970e+00 1.188314e+00
6.606934e-02 1.439853e+00 1.712235e+00 2.237169e+00 1.189174e+00
6.760830e-02 1.420937e+00 1.691005e+00 2.208746e+00 1.190064e+00
6.918310e-02 1.402253e+00 1.670063e+00 2.180694e+00 1.190986e+00
7.079458e-02 1.383796e+00 1.649402e+00 2.153002e+00 1.191940e+00
7.244360e-02 1.365560e+00 1.629016e+00 2.125664e+00 1.192929e+00
7.413102e-02 1.347539e+00 1.608899e+00 2.098671e+00 1.193953e+00
7.585776e-02 1.329730e+00 1.589044e+00 2.072014e+00 1.195012e+00
7.762471e-02 1.312128e+00 1.569445e+00 2.045688e+00 1.196107e+00
7.943282e-02 1.294729e+00 1.550096e+00 2.019683e+00 1.197236e+00
8.128305e-02 1.277529e+00 1.530990e+00 1.993993e+00 1.198399e+00
8.317638e-02 1.260525e+00 1.512121e+00 1.968612e+00 1.199596e+00
8.511380e-02 1.243715e+00 1.493483e+00 1.943532e+00 1.200824e+00
8.709636e-02 1.227095e+00 1.475070e+00 1.918748e+00 1.202083e+00
8.912509e-02 1.210664e+00 1.456877e+00 1.894254e+00 1.203370e+00
9.120108e-02 1.194420e+00 1.438897e+00 1.870044e+00 1.204683e+00
9.332543e-02 1.178361e+00 1.421126e+00 1.846113e+00 1.206019e+00
9.549926e-02 1.162486e+00 1.403558e+00 1.822456e+00 1.207376e+00
9.772372e-02 1.146794e+00 1.386187e+00 1.799070e+00 1.208750e+00
1.000000e-01 1.131284e+00 1.369011e+00 1.775948e+00 1.210139e+00
1.023293e-01 1.115955e+00 1.352022e+00 1.753089e+00 1.211539e+00
1.047129e-01 1.100807e+00 1.335219e+00 1.730487e+00 1.212945e+00
1.071519e-01 1.085840e+00 1.318596e+00 1.708141e+00 1.214355e+00
1.096478e-01 1.071054e+00 1.302150e+00 1.686046e+00 1.215765e+00
1.122018e-01 1.056448e+00 1.285877e+00 1.664200e+00 1.217170e+00
1.148154e-01 1.042024e+00 1.269775e+00 1.642602e+00 1.218566e+00
1.174898e-01 1.027780e+00 1.253839e+00 1.621248e+00 1.219950e+00
1.202264e-01 1.013717e+00 1.238069e+00 1.600137e+00 1.221316e+00
1.230269e-01 9.998357e-01 1.222461e+00 1.579266e+00 1.222662e+00
1.258925e-01 9.861361e-01 1.207013e+00 1.558636e+00 1.223982e+00
1.288250e-01 9.726184e-01 1.191724e+00 1.538243e+00 1.225274e+00
1.318257e-01 9.592829e-01 1.176591e+00 1.518088e+00 1.226532e+00
1.348963e-01 9.461295e-01 1.161614e+00 1.498169e+00 1.227754e+00
1.380384e-01 9.331585e-01 1.146792e+00 1.478484e+00 1.228936e+00
1.412538e-01 9.203698e-01 1.132123e+00 1.459035e+00 1.230074e+00
1.445440e-01 9.077632e-01 1.117606e+00 1.439819e+00 1.231165e+00
1.479108e-01 8.953387e-01 1.103242e+00 1.420836e+00 1.232206e+00
1.513561e-01 8.830958e-01 1.089029e+00 1.402085e+00 1.233195e+00
1.548817e-01 8.710342e-01 1.074968e+00 1.383567e+00 1.234128e+00
1.584893e-01 8.591531e-01 1.061058e+00 1.365280e+00 1.235005e+00
1.621810e-01 8.474519e-01 1.047300e+00 1.347224e+00 1.235822e+00
1.659587e-01 8.359297e-01 1.033693e+00 1.329398e+00 1.236578e+00
1.698244e-01 8.245855e-01 1.020237e+00 1.311802e+00 1.237273e+00
1.737801e-01 8.134181e-01 1.006934e+00 1.294436e+00 1.237904e+00
1.778279e-01 8.024262e-01 9.937821e-01 1.277298e+00 1.238472e+00
1.819701e-01 7.916083e-01 9.807832e-01 1.260389e+00 1.238975e+00
1.862087e-01 7.809629e-01 9.679372e-01 1.243706e+00 1.239415e+00
1.905461e-01 7.704881e-01 9.552444e-01 1.227250e+00 1.239791e+00
1.949845e-01 7.601821e-01 9.427052e-01 1.211020e+00 1.240104e+00
1.995262e-01 7.500430e-01 9.303200e-01 1.195015e+00 1.240356e+00
2.041738e-01 7.400684e-01 9.180891e-01 1.179232e+00 1.240546e+00
2.089296e-01 7.302563e-01 9.060128e-01 1.163672e+00 1.240678e+00
2.137962e-01 7.206043e-01 8.940914e-01 1.148334e+00 1.240752e+00
2.187762e-01 7.111098e-01 8.823250e-01 1.133214e+00 1.240772e+00
2.238721e-01 7.017703e-01 8.707140e-01 1.118313e+00 1.240739e+00
2.290868e-01 6.925832e-01 8.592582e-01 1.103629e+00 1.240657e+00
2.344229e-01 6.835457e-01 8.479578e-01 1.089159e+00 1.240528e+00
2.398833e-01 6.746550e-01 8.368127e-01 1.074902e+00 1.240357e+00
2.454709e-01 6.659083e-01 8.258228e-01 1.060857e+00 1.240145e+00
2.511886e-01 6.573027e-01 8.149878e-01 1.047021e+00 1.239897e+00
2.570396e-01 6.488352e-01 8.043074e-01 1.033391e+00 1.239618e+00
2.630268e-01 6.405027e-01 7.937813e-01 1.019967e+00 1.239310e+00
2.691535e-01 6.323023e-01 7.834089e-01 1.006745e+00 1.238978e+00
2.754229e-01 6.242309e-01 7.731897e-01 9.937236e-01 1.238628e+00
2.818383e-01 6.162854e-01 7.631231e-01 9.808999e-01 1.238262e+00
2.884032e-01 6.084628e-01 7.532082e-01 9.682714e-01 1.237887e+00
2.951209e-01 6.007600e-01 7.434442e-01 9.558357e-01 1.237506e+00
3.019952e-01 5.931739e-01 7.338303e-01 9.435901e-01 1.237125e+00
3.090295e-01 5.857015e-01 7.243653e-01 9.315318e-01 1.236748e+00
3.162278e-01 5.783398e-01 7.150483e-01 9.196581e-01 1.236381e+00
3.235937e-01 5.710857e-01 7.058780e-01 9.079662e-01 1.236028e+00
3.311311e-01 5.639362e-01 6.968532e-01 8.964533e-01 1.235695e+00
3.388442e-01 5.568885e-01 6.879726e-01 8.851164e-01 1.235387e+00
3.467369e-01 5.499395e-01 6.792348e-01 8.739527e-01 1.235108e+00
3.548134e-01 5.430866e-01 6.706382e-01 8.629592e-01 1.234864e+00
3.630781e-01 5.363267e-01 6.621815e-01 8.521330e-01 1.234661e+00
3.715352e-01 5.296572e-01 6.538630e-01 8.414711e-01 1.234502e+00
3.801894e-01 5.230754e-01 6.456810e-01 8.309704e-01 1.234394e+00
3.890451e-01 5.165786e-01 6.376339e-01 8.206281e-01 1.234340e+00
3.981072e-01 5.101642e-01 6.297199e-01 8.104411e-01 1.234347e+00
4.073803e-01 5.038297e-01 6.219373e-01 8.004064e-01 1.234420e+00
4.168694e-01 4.975726e-01 6.142841e-01 7.905210e-01 1.234562e+00
4.265795e-01 4.913905e-01 6.067586e-01 7.807821e-01 1.234779e+00
4.365158e-01 4.852810e-01 5.993588e-01 7.711865e-01 1.235076e+00
4.466836e-01 4.792419e-01 5.920828e-01 7.617315e-01 1.235457e+00
4.570882e-01 4.732709e-01 5.849287e-01 7.524140e-01 1.235928e+00
4.677351e-01 4.673659e-01 5.778943e-01 7.432313e-01 1.236492e+00
4.786301e-01 4.615248e-01 5.709778e-01 7.341804e-01 1.237155e+00
4.897788e-01 4.557456e-01 5.641771e-01 7.252585e-01 1.237921e+00
5.011872e-01 4.500263e-01 5.574902e-01 7.164628e-01 1.238795e+00
5.128614e-01 4.443651e-01 5.509149e-01 7.077907e-01 1.239780e+00
5.248075e-01 4.387601e-01 5.444494e-01 6.992392e-01 1.240882e+00
5.370318e-01 4.332095e-01 5.380914e-01 6.908059e-01 1.242104e+00
5.495409e-01 4.277118e-01 5.318389e-01 6.824881e-01 1.243452e+00
5.623413e-01 4.222652e-01 5.256899e-01 6.742831e-01 1.244928e+00
5.754399e-01 4.168681e-01 5.196422e-01 6.661884e-01 1.246539e+00
5.888437e-01 4.115192e-01 5.136938e-01 6.582016e-01 1.248287e+00
6.025596e-01 4.062168e-01 5.078427e-01 6.503202e-01 1.250177e+00
6.165950e-01 4.009597e-01 5.020868e-01 6.425417e-01 1.252213e+00
6.309573e-01 3.957464e-01 4.964240e-01 6.348638e-01 1.254399e+00
6.456542e-01 3.905758e-01 4.908523e-01 6.272842e-01 1.256740e+00
6.606934e-01 3.854466e-01 4.853698e-01 6.198007e-01 1.259240e+00
6.760830e-01 3.803575e-01 4.799743e-01 6.124109e-01 1.261903e+00
6.918310e-01 3.753076e-01 4.746639e-01 6.051129e-01 1.264733e+00
7.079458e-01 3.702956e-01 4.694366e-01 5.979043e-01 1.267735e+00
7.244360e-01 3.653207e-01 4.642904e-01 5.907832e-01 1.270912e+00
7.413102e-01 3.603817e-01 4.592235e-01 5.837476e-01 1.274270e+00
7.585776e-01 3.554778e-01 4.542338e-01 5.767953e-01 1.277812e+00
7.762471e-01 3.506081e-01 4.493195e-01 5.699246e-01 1.281543e+00
7.943282e-01 3.457717e-01 4.444786e-01 5.631335e-01 1.285468e+00
8.128305e-01 3.409678e-01 4.397094e-01 5.564201e-01 1.289592e+00
8.317638e-01 3.361957e-01 4.350098e-01 5.497827e-01 1.293919e+00
8.511380e-01 3.314545e-01 4.303781e-01 5.432195e-01 1.298453e+00
8.709636e-01 3.267436e-01 4.258125e-01 5.367287e-01 1.303201e+00
8.912509e-01 3.220624e-01 4.213111e-01 5.303087e-01 1.308166e+00
9.120108e-01 3.174103e-01 4.168722e-01 5.239577e-01 1.313355e+00
9.332543e-01 3.127865e-01 4.124940e-01 5.176743e-01 1.318772e+00
9.549926e-01 3.081907e-01 4.081746e-01 5.114568e-01 1.324423e+00
9.772372e-01 3.036222e-01 4.039125e-01 5.053036e-01 1.330313e+00
1.000000e+00 2.990806e-01 3.997058e-01 4.992133e-01 1.336448e+00
1.023293e+00 2.945654e-01 3.955528e-01 4.931843e-01 1.342835e+00
1.047129e+00 2.900763e-01 3.914518e-01 4.872153e-01 1.349479e+00
1.071519e+00 2.856129e-01 3.874012e-01 4.813049e-01 1.356385e+00
1.096478e+00 2.811748e-01 3.833992e-01 4.754516e-01 1.363562e+00
1.122018e+00 2.767617e-01 3.794443e-01 4.696542e-01 1.371014e+00
1.148154e+00 2.723734e-01 3.755348e-01 4.639113e-01 1.378750e+00
1.174898e+00 2.680097e-01 3.716690e-01 4.582216e-01 1.386775e+00
1.202264e+00 2.636702e-01 3.678454e-01 4.525839e-01 1.395096e+00
1.230269e+00 2.593550e-01 3.640624e-01 4.469971e-01 1.403722e+00
1.258925e+00 2.550638e-01 3.603184e-01 4.414599e-01 1.412660e+00
1.288250e+00 2.507967e-01 3.566118e-01 4.359713e-01 1.421916e+00
1.318257e+00 2.465535e-01 3.529411e-01 4.305300e-01 1.431499e+00
1.348963e+00 2.423343e-01 3.493049e-01 4.251351e-01 1.441418e+00
1.380384e+00 2.381391e-01 3.457016e-01 4.197855e-01 1.451679e+00
1.412538e+00 2.339680e-01 3.421298e-01 4.144802e-01 1.462293e+00
1.445440e+00 2.298211e-01 3.385880e-01 4.092182e-01 1.473267e+00
1.479108e+00 2.256986e-01 3.350748e-01 4.039987e-01 1.484611e+00
1.513561e+00 2.216007e-01 3.315888e-01 3.988207e-01 1.496334e+00
1.548817e+00 2.175276e-01 3.281286e-01 3.936835e-01 1.508446e+00
1.584893e+00 2.134797e-01 3.246931e-01 3.885861e-01 1.520955e+00
1.621810e+00 2.094572e-01 3.212807e-01 3.835279e-01 1.533873e+00
1.659587e+00 2.054604e-01 3.178904e-01 3.785080e-01 1.547210e+00
1.698244e+00 2.014899e-01 3.145208e-01 3.735258e-01 1.560975e+00
1.737801e+00 1.975460e-01 3.111708e-01 3.685806e-01 1.575181e+00
1.778279e+00 1.936292e-01 3.078392e-01 3.636719e-01 1.589839e+00
1.819701e+00 1.897400e-01 3.045250e-01 3.587990e-01 1.604959e+00
1.862087e+00 1.858789e-01 3.012270e-01 3.539614e-01 1.620555e+00
1.905461e+00 1.820466e-01 2.979443e-01 3.491586e-01 1.636638e+00
1.949845e+00 1.782435e-01 2.946758e-01 3.443902e-01 1.653221e+00
1.995262e+00 1.744704e-01 2.914207e-01 3.396556e-01 1.670316e+00
2.041738e+00 1.707279e-01 2.881780e-01 3.349546e-01 1.687938e+00
2.089296e+00 1.670166e-01 2.849470e-01 3.302868e-01 1.706100e+00
2.137962e+00 1.633374e-01 2.817269e-01 3.256519e-01 1.724816e+00
2.187762e+00 1.596908e-01 2.785169e-01 3.210496e-01 1.744101e+00
2.238721e+00 1.560777e-01 2.753164e-01 3.164797e-01 1.763970e+00
2.290868e+00 1.524989e-01 2.721248e-01 3.119420e-01 1.784438e+00
2.344229e+00 1.489550e-01 2.689414e-01 3.074363e-01 1.805521e+00
2.398833e+00 1.454470e-01 2.657659e-01 3.029625e-01 1.827236e+00
2.454709e+00 1.419755e-01 2.625977e-01 2.985206e-01 1.849598e+00
2.511886e+00 1.385414e-01 2.594364e-01 2.941105e-01 1.872627e+00
2.570396e+00 1.351456e-01 2.562818e-01 2.897322e-01 1.896338e+00
2.630268e+00 1.317889e-01 2.531336e-01 2.853856e-01 1.920751e+00
2.691535e+00 1.284720e-01 2.499916e-01 2.810709e-01 1.945884e+00
2.754229e+00 1.251958e-01 2.468555e-01 2.767881e-01 1.971756e+00
2.818383e+00 1.219611e-01 2.437254e-01 2.725373e-01 1.998387e+00
2.884032e+00 1.187687e-01 2.406012e-01 2.683187e-01 2.025797e+00
2.951209e+00 1.156193e-01 2.374829e-01 2.641325e-01 2.054007e+00
3.019952e+00 1.125139e-01 2.343706e-01 2.599788e-01 2.083037e+00
3.090295e+00 1.094531e-01 2.312645e-01 2.558579e-01 2.112910e+00
3.162278e+00 1.064376e-01 2.281647e-01 2.517699e-01 2.143647e+00
3.235937e+00 1.034682e-01 2.250716e-01 2.477153e-01 2.175272e+00
3.311311e+00 1.005456e-01 2.219853e-01 2.436943e-01 2.207807e+00
3.388442e+00 9.767040e-02 2.189064e-01 2.397072e-01 2.241277e+00
3.467369e+00 9.484323e-02 2.158352e-01 2.357543e-01 2.275705e+00
3.548134e+00 9.206469e-02 2.127722e-01 2.318360e-01 2.311116e+00
3.630781e+00 8.933532e-02 2.097179e-01 2.279526e-01 2.347536e+00
3.715352e+00 8.665563e-02 2.066728e-01 2.241045e-01 2.384990e+00
3.801894e+00 8.402609e-02 2.036376e-01 2.202922e-01 2.423504e+00
3.890451e+00 8.144710e-02 2.006129e-01 2.165160e-01 2.463107e+00
3.981072e+00 7.891904e-02 1.975994e-01 2.127762e-01 2.503824e+00
4.073803e+00 7.644222e-02 1.945977e-01 2.090734e-01 2.545684e+00
4.168694e+00 7.401692e-02 1.916087e-01 2.054079e-01 2.588715e+00
4.265795e+00 7.164334e-02 1.886331e-01 2.017802e-01 2.632947e+00
4.365158e+00 6.932164e-02 1.856717e-01 1.981905e-01 2.678410e+00
4.466836e+00 6.705192e-02 1.827253e-01 1.946394e-01 2.725132e+00
4.570882e+00 6.483423e-02 1.797948e-01 1.911273e-01 2.773145e+00
4.677351e+00 6.266856e-02 1.768808e-01 1.876544e-01 2.822481e+00
4.786301e+00 6.055483e-02 1.739844e-01 1.842213e-01 2.873172e+00
4.897788e+00 5.849293e-02 1.711064e-01 1.808281e-01 2.925249e+00
5.011872e+00 5.648267e-02 1.682475e-01 1.774754e-01 2.978746e+00
5.128614e+00 5.452382e-02 1.654088e-01 1.741634e-01 3.033697e+00
5.248075e+00 5.261608e-02 1.625909e-01 1.708925e-01 3.090137e+00
5.370318e+00 5.075910e-02 1.597947e-01 1.676629e-01 3.148100e+00
5.495409e+00 4.895250e-02 1.570211e-01 1.644749e-01 3.207622e+00
5.623413e+00 4.719582e-02 1.542709e-01 1.613287e-01 3.268739e+00
5.754399e+00 4.548857e-02 1.515447e-01 1.582246e-01 3.331490e+00
5.888437e+00 4.383021e-02 1.488435e-01 1.551627e-01 3.395911e+00
6.025596e+00 4.222014e-02 1.461679e-01 1.521433e-01 3.462041e+00
6.165950e+00 4.065775e-02 1.435186e-01 1.491665e-01 3.529920e+00
6.309573e+00 3.914236e-02 1.408963e-01 1.462324e-01 3.599588e+00
6.456542e+00 3.767326e-02 1.383017e-01 1.433410e-01 3.671085e+00
6.606934e+00 3.624973e-02 1.357354e-01 1.404925e-01 3.744454e+00
6.760830e+00 3.487098e-02 1.331980e-01 1.376869e-01 3.819737e+00
6.918310e+00 3.353623e-02 1.306899e-01 1.349242e-01 3.896977e+00
7.079458e+00 3.224465e-02 1.282118e-01 1.322043e-01 3.976220e+00
7.244360e+00 3.099538e-02 1.257641e-01 1.295273e-01 4.057510e+00
7.413102e+00 2.978757e-02 1.233471e-01 1.268929e-01 4.140893e+00
7.585776e+00 2.862033e-02 1.209615e-01 1.243012e-01 4.226417e+00
7.762471e+00 2.749275e-02 1.186073e-01 1.217520e-01 4.314131e+00
7.943282e+00 2.640394e-02 1.162851e-01 1.192451e-01 4.404083e+00
8.128305e+00 2.535296e-02 1.139951e-01 1.167803e-01 4.496323e+00
8.317638e+00 2.433888e-02 1.117375e-01 1.143575e-01 4.590904e+00
8.511380e+00 2.336078e-02 1.095125e-01 1.119764e-01 4.687877e+00
8.709636e+00 2.241772e-02 1.073203e-01 1.096367e-01 4.787297e+00
8.912509e+00 2.150876e-02 1.051610e-01 1.073381e-01 4.889218e+00
9.120108e+00 2.063297e-02 1.030348e-01 1.050804e-01 4.993696e+00
9.332543e+00 1.978942e-02 1.009416e-01 1.028632e-01 5.100789e+00
9.549926e+00 1.897717e-02 9.888163e-02 1.006862e-01 5.210556e+00
9.772372e+00 1.819532e-02 9.685473e-02 9.854901e-02 5.323056e+00
1.000000e+01 1.744295e-02 9.486091e-02 9.645128e-02 5.438351e+00
