1.000000e-06 4.354141e+01 4.156528e-01 4.354339e+01 9.546149e-03
1.023293e-06 4.354109e+01 4.253289e-01 4.354317e+01 9.768449e-03
1.047129e-06 4.354076e+01 4.352301e-01 4.354293e+01 9.995923e-03
1.071519e-06 4.354041e+01 4.453614e-01 4.354268e+01 1.022869e-02
1.096478e-06 4.354004e+01 4.557282e-01 4.354243e+01 1.046688e-02
1.122018e-06 4.353966e+01 4.663361e-01 4.354215e+01 1.071060e-02
1.148154e-06 4.353926e+01 4.771904e-01 4.354187e+01 1.096000e-02
1.174898e-06 4.353883e+01 4.882971e-01 4.354157e+01 1.121521e-02
1.202264e-06 4.353839e+01 4.996618e-01 4.354126e+01 1.147635e-02
1.230269e-06 4.353793e+01 5.112906e-01 4.354094e+01 1.174357e-02
1.258925e-06 4.353745e+01 5.231896e-01 4.354059e+01 1.201700e-02
1.288250e-06 4.353695e+01 5.353650e-01 4.354024e+01 1.229680e-02
1.318257e-06 4.353642e+01 5.478231e-01 4.353986e+01 1.258310e-02
1.348963e-06 4.353586e+01 5.605706e-01 4.353947e+01 1.287607e-02
1.380384e-06 4.353528e+01 5.736141e-01 4.353906e+01 1.317584e-02
1.412538e-06 4.353468e+01 5.869605e-01 4.353863e+01 1.348260e-02
1.445440e-06 4.353404e+01 6.006166e-01 4.353818e+01 1.379648e-02
1.479108e-06 4.353337e+01 6.145897e-01 4.353771e+01 1.411767e-02
1.513561e-06 4.353268e+01 6.288871e-01 4.353722e+01 1.444632e-02
1.548817e-06 4.353195e+01 6.435161e-01 4.353670e+01 1.478262e-02
1.584893e-06 4.353118e+01 6.584846e-01 4.353616e+01 1.512673e-02
1.621810e-06 4.353038e+01 6.738002e-01 4.353560e+01 1.547885e-02
1.659587e-06 4.352954e+01 6.894709e-01 4.353500e+01 1.583915e-02
1.698244e-06 4.352867e+01 7.055050e-01 4.353438e+01 1.620782e-02
1.737801e-06 4.352775e+01 7.219106e-01 4.353373e+01 1.658507e-02
1.778279e-06 4.352679e+01 7.386965e-01 4.353305e+01 1.697108e-02
1.819701e-06 4.352578e+01 7.558712e-01 4.353234e+01 1.736606e-02
1.862087e-06 4.352472e+01 7.734437e-01 4.353160e+01 1.777021e-02
1.905461e-06 4.352362e+01 7.914231e-01 4.353082e+01 1.818376e-02
1.949845e-06 4.352246e+01 8.098186e-01 4.353000e+01 1.860691e-02
1.995262e-06 4.352125e+01 8.286399e-01 4.352914e+01 1.903989e-02
2.041738e-06 4.351999e+01 8.478966e-01 4.352825e+01 1.948292e-02
2.089296e-06 4.351866e+01 8.675986e-01 4.352731e+01 1.993624e-02
2.137962e-06 4.351727e+01 8.877562e-01 4.352632e+01 2.040009e-02
2.187762e-06 4.351582e+01 9.083796e-01 4.352530e+01 2.087470e-02
2.238721e-06 4.351429e+01 9.294794e-01 4.352422e+01 2.136032e-02
2.290868e-06 4.351270e+01 9.510665e-01 4.352309e+01 2.185722e-02
2.344229e-06 4.351103e+01 9.731519e-01 4.352191e+01 2.236564e-02
2.398833e-06 4.350928e+01 9.957469e-01 4.352067e+01 2.288585e-02
2.454709e-06 4.350745e+01 1.018863e+00 4.351938e+01 2.341813e-02
2.511886e-06 4.350554e+01 1.042512e+00 4.351803e+01 2.396275e-02
2.570396e-06 4.350353e+01 1.066706e+00 4.351661e+01 2.451999e-02
2.630268e-06 4.350143e+01 1.091457e+00 4.351512e+01 2.509015e-02
2.691535e-06 4.349923e+01 1.116778e+00 4.351357e+01 2.567351e-02
2.754229e-06 4.349693e+01 1.142681e+00 4.351194e+01 2.627039e-02
2.818383e-06 4.349452e+01 1.169180e+00 4.351023e+01 2.688109e-02
2.884032e-06 4.349200e+01 1.196288e+00 4.350845e+01 2.750593e-02
2.951209e-06 4.348936e+01 1.224018e+00 4.350658e+01 2.814523e-02
3.019952e-06 4.348659e+01 1.252385e+00 4.350462e+01 2.879933e-02
3.090295e-06 4.348370e+01 1.281402e+00 4.350258e+01 2.946855e-02
3.162278e-06 4.348067e+01 1.311083e+00 4.350043e+01 3.015325e-02
3.235937e-06 4.347750e+01 1.341445e+00 4.349819e+01 3.085377e-02
3.311311e-06 4.347418e+01 1.372501e+00 4.349584e+01 3.157048e-02
3.388442e-06 4.347070e+01 1.404266e+00 4.349338e+01 3.230374e-02
3.467369e-06 4.346707e+01 1.436757e+00 4.349080e+01 3.305393e-02
3.548134e-06 4.346326e+01 1.469990e+00 4.348811e+01 3.382144e-02
3.630781e-06 4.345927e+01 1.503980e+00 4.348529e+01 3.460665e-02
3.715352e-06 4.345510e+01 1.538743e+00 4.348233e+01 3.540996e-02
3.801894e-06 4.345073e+01 1.574298e+00 4.347924e+01 3.623179e-02
3.890451e-06 4.344616e+01 1.610660e+00 4.347601e+01 3.707255e-02
3.981072e-06 4.344138e+01 1.647847e+00 4.347262e+01 3.793267e-02
4.073803e-06 4.343637e+01 1.685877e+00 4.346907e+01 3.881257e-02
4.168694e-06 4.343112e+01 1.724768e+00 4.346536e+01 3.971272e-02
4.265795e-06 4.342564e+01 1.764538e+00 4.346147e+01 4.063355e-02
4.365158e-06 4.341990e+01 1.805205e+00 4.345741e+01 4.157553e-02
4.466836e-06 4.341389e+01 1.846789e+00 4.345315e+01 4.253913e-02
4.570882e-06 4.340760e+01 1.889308e+00 4.344869e+01 4.352483e-02
4.677351e-06 4.340102e+01 1.932783e+00 4.344403e+01 4.453313e-02
4.786301e-06 4.339413e+01 1.977232e+00 4.343915e+01 4.556452e-02
4.897788e-06 4.338692e+01 2.022677e+00 4.343404e+01 4.661951e-02
5.011872e-06 4.337938e+01 2.069137e+00 4.342870e+01 4.769862e-02
5.128614e-06 4.337149e+01 2.116632e+00 4.342310e+01 4.880239e-02
5.248075e-06 4.336323e+01 2.165184e+00 4.341725e+01 4.993135e-02
5.370318e-06 4.335459e+01 2.214815e+00 4.341112e+01 5.108605e-02
5.495409e-06 4.334555e+01 2.265544e+00 4.340471e+01 5.226705e-02
5.623413e-06 4.333609e+01 2.317394e+00 4.339800e+01 5.347493e-02
5.754399e-06 4.332619e+01 2.370388e+00 4.339099e+01 5.471027e-02
5.888437e-06 4.331584e+01 2.424545e+00 4.338364e+01 5.597365e-02
6.025596e-06 4.330501e+01 2.479891e+00 4.337596e+01 5.726568e-02
6.165950e-06 4.329368e+01 2.536445e+00 4.336792e+01 5.858696e-02
6.309573e-06 4.328183e+01 2.594232e+00 4.335950e+01 5.993814e-02
6.456542e-06 4.326943e+01 2.653274e+00 4.335070e+01 6.131982e-02
6.606934e-06 4.325647e+01 2.713594e+00 4.334150e+01 6.273267e-02
6.760830e-06 4.324291e+01 2.775214e+00 4.333187e+01 6.417733e-02
6.918310e-06 4.322873e+01 2.838159e+00 4.332179e+01 6.565447e-02
7.079458e-06 4.321390e+01 2.902451e+00 4.331126e+01 6.716475e-02
7.244360e-06 4.319839e+01 2.968113e+00 4.330024e+01 6.870888e-02
7.413102e-06 4.318217e+01 3.035168e+00 4.328871e+01 7.028753e-02
7.585776e-06 4.316522e+01 3.103640e+00 4.327665e+01 7.190141e-02
7.762471e-06 4.314749e+01 3.173552e+00 4.326405e+01 7.355124e-02
7.943282e-06 4.312897e+01 3.244925e+00 4.325086e+01 7.523773e-02
8.128305e-06 4.310960e+01 3.317784e+00 4.323708e+01 7.696162e-02
8.317638e-06 4.308935e+01 3.392151e+00 4.322267e+01 7.872365e-02
8.511380e-06 4.306819e+01 3.468047e+00 4.320760e+01 8.052456e-02
8.709636e-06 4.304608e+01 3.545495e+00 4.319185e+01 8.236511e-02
8.912509e-06 4.302297e+01 3.624516e+00 4.317538e+01 8.424607e-02
9.120108e-06 4.299883e+01 3.705131e+00 4.315817e+01 8.616819e-02
9.332543e-06 4.297361e+01 3.787361e+00 4.314018e+01 8.813226e-02
9.549926e-06 4.294726e+01 3.871225e+00 4.312138e+01 9.013906e-02
9.772372e-06 4.291973e+01 3.956743e+00 4.310173e+01 9.218938e-02
1.000000e-05 4.289098e+01 4.043933e+00 4.308120e+01 9.428399e-02
1.023293e-05 4.286096e+01 4.132813e+00 4.305975e+01 9.642371e-02
1.047129e-05 4.282962e+01 4.223400e+00 4.303735e+01 9.860932e-02
1.071519e-05 4.279689e+01 4.315708e+00 4.301394e+01 1.008416e-01
1.096478e-05 4.276273e+01 4.409753e+00 4.298950e+01 1.031214e-01
1.122018e-05 4.272707e+01 4.505548e+00 4.296397e+01 1.054495e-01
1.148154e-05 4.268986e+01 4.603105e+00 4.293731e+01 1.078266e-01
1.174898e-05 4.265104e+01 4.702434e+00 4.290948e+01 1.102537e-01
1.202264e-05 4.261053e+01 4.803543e+00 4.288043e+01 1.127314e-01
1.230269e-05 4.256828e+01 4.906441e+00 4.285010e+01 1.152605e-01
1.258925e-05 4.252421e+01 5.011132e+00 4.281845e+01 1.178419e-01
1.288250e-05 4.247826e+01 5.117619e+00 4.278543e+01 1.204762e-01
1.318257e-05 4.243036e+01 5.225904e+00 4.275097e+01 1.231643e-01
1.348963e-05 4.238043e+01 5.335984e+00 4.271503e+01 1.259068e-01
1.380384e-05 4.232840e+01 5.447856e+00 4.267754e+01 1.287045e-01
1.412538e-05 4.227418e+01 5.561513e+00 4.263845e+01 1.315581e-01
1.445440e-05 4.221771e+01 5.676946e+00 4.259769e+01 1.344684e-01
1.479108e-05 4.215891e+01 5.794143e+00 4.255521e+01 1.374358e-01
1.513561e-05 4.209768e+01 5.913087e+00 4.251093e+01 1.404611e-01
1.548817e-05 4.203394e+01 6.033760e+00 4.246479e+01 1.435449e-01
1.584893e-05 4.196762e+01 6.156139e+00 4.241673e+01 1.466878e-01
1.621810e-05 4.189862e+01 6.280197e+00 4.236668e+01 1.498903e-01
1.659587e-05 4.182686e+01 6.405905e+00 4.231456e+01 1.531529e-01
1.698244e-05 4.175225e+01 6.533226e+00 4.226030e+01 1.564760e-01
1.737801e-05 4.167469e+01 6.662123e+00 4.220384e+01 1.598602e-01
1.778279e-05 4.159411e+01 6.792552e+00 4.214509e+01 1.633056e-01
1.819701e-05 4.151039e+01 6.924464e+00 4.208398e+01 1.668128e-01
1.862087e-05 4.142347e+01 7.057806e+00 4.202043e+01 1.703818e-01
1.905461e-05 4.133324e+01 7.192519e+00 4.195436e+01 1.740130e-01
1.949845e-05 4.123961e+01 7.328540e+00 4.188571e+01 1.777064e-01
1.995262e-05 4.114249e+01 7.465799e+00 4.181438e+01 1.814620e-01
2.041738e-05 4.104179e+01 7.604221e+00 4.174030e+01 1.852800e-01
2.089296e-05 4.093743e+01 7.743726e+00 4.166339e+01 1.891601e-01
2.137962e-05 4.082931e+01 7.884226e+00 4.158357e+01 1.931021e-01
2.187762e-05 4.071735e+01 8.025629e+00 4.150076e+01 1.971059e-01
2.238721e-05 4.060147e+01 8.167835e+00 4.141488e+01 2.011709e-01
2.290868e-05 4.048158e+01 8.310739e+00 4.132586e+01 2.052968e-01
2.344229e-05 4.035760e+01 8.454231e+00 4.123360e+01 2.094830e-01
2.398833e-05 4.022947e+01 8.598191e+00 4.113805e+01 2.137287e-01
2.454709e-05 4.009711e+01 8.742496e+00 4.103912e+01 2.180331e-01
2.511886e-05 3.996045e+01 8.887015e+00 4.093674e+01 2.223953e-01
2.570396e-05 3.981944e+01 9.031612e+00 4.083084e+01 2.268142e-01
2.630268e-05 3.967401e+01 9.176143e+00 4.072135e+01 2.312885e-01
2.691535e-05 3.952411e+01 9.320462e+00 4.060821e+01 2.358171e-01
2.754229e-05 3.936971e+01 9.464412e+00 4.049135e+01 2.403983e-01
2.818383e-05 3.921077e+01 9.607835e+00 4.037072e+01 2.450305e-01
2.884032e-05 3.904725e+01 9.750566e+00 4.024626e+01 2.497120e-01
2.951209e-05 3.887913e+01 9.892434e+00 4.011792e+01 2.544407e-01
3.019952e-05 3.870641e+01 1.003327e+01 3.998565e+01 2.592146e-01
3.090295e-05 3.852907e+01 1.017288e+01 3.984943e+01 2.640314e-01
3.162278e-05 3.834713e+01 1.031110e+01 3.970920e+01 2.688886e-01
3.235937e-05 3.816059e+01 1.044774e+01 3.956496e+01 2.737836e-01
3.311311e-05 3.796948e+01 1.058262e+01 3.941667e+01 2.787138e-01
3.388442e-05 3.777385e+01 1.071553e+01 3.926432e+01 2.836760e-01
3.467369e-05 3.757373e+01 1.084630e+01 3.910790e+01 2.886672e-01
3.548134e-05 3.736919e+01 1.097474e+01 3.894742e+01 2.936841e-01
3.630781e-05 3.716030e+01 1.110065e+01 3.878288e+01 2.987233e-01
3.715352e-05 3.694713e+01 1.122384e+01 3.861431e+01 3.037812e-01
3.801894e-05 3.672978e+01 1.134414e+01 3.844172e+01 3.088539e-01
3.890451e-05 3.650836e+01 1.146135e+01 3.826516e+01 3.139377e-01
3.981072e-05 3.628298e+01 1.157530e+01 3.808467e+01 3.190283e-01
4.073803e-05 3.605377e+01 1.168581e+01 3.790029e+01 3.241218e-01
4.168694e-05 3.582087e+01 1.179272e+01 3.771211e+01 3.292136e-01
4.265795e-05 3.558444e+01 1.189586e+01 3.752018e+01 3.342995e-01
4.365158e-05 3.534463e+01 1.199508e+01 3.732458e+01 3.393749e-01
4.466836e-05 3.510162e+01 1.209023e+01 3.712542e+01 3.444352e-01
4.570882e-05 3.485558e+01 1.218118e+01 3.692280e+01 3.494757e-01
4.677351e-05 3.460672e+01 1.226780e+01 3.671681e+01 3.544917e-01
4.786301e-05 3.435524e+01 1.234997e+01 3.650759e+01 3.594784e-01
4.897788e-05 3.410133e+01 1.242759e+01 3.629525e+01 3.644311e-01
5.011872e-05 3.384521e+01 1.250056e+01 3.607995e+01 3.693450e-01
5.128614e-05 3.358712e+01 1.256881e+01 3.586181e+01 3.742153e-01
5.248075e-05 3.332726e+01 1.263228e+01 3.564099e+01 3.790374e-01
5.370318e-05 3.306587e+01 1.269090e+01 3.541766e+01 3.838066e-01
5.495409e-05 3.280319e+01 1.274464e+01 3.519198e+01 3.885184e-01
5.623413e-05 3.253945e+01 1.279348e+01 3.496411e+01 3.931685e-01
5.754399e-05 3.227488e+01 1.283741e+01 3.473423e+01 3.977525e-01
5.888437e-05 3.200972e+01 1.287643e+01 3.450253e+01 4.022664e-01
6.025596e-05 3.174421e+01 1.291057e+01 3.426919e+01 4.067063e-01
6.165950e-05 3.147857e+01 1.293985e+01 3.403440e+01 4.110684e-01
6.309573e-05 3.121304e+01 1.296432e+01 3.379834e+01 4.153495e-01
6.456542e-05 3.094784e+01 1.298405e+01 3.356120e+01 4.195463e-01
6.606934e-05 3.068318e+01 1.299911e+01 3.332318e+01 4.236560e-01
6.760830e-05 3.041928e+01 1.300959e+01 3.308447e+01 4.276759e-01
6.918310e-05 3.015634e+01 1.301559e+01 3.284524e+01 4.316038e-01
7.079458e-05 2.989455e+01 1.301721e+01 3.260570e+01 4.354377e-01
7.244360e-05 2.963410e+01 1.301459e+01 3.236602e+01 4.391762e-01
7.413102e-05 2.937516e+01 1.300785e+01 3.212638e+01 4.428180e-01
7.585776e-05 2.911790e+01 1.299713e+01 3.188695e+01 4.463623e-01
7.762471e-05 2.886248e+01 1.298259e+01 3.164791e+01 4.498085e-01
7.943282e-05 2.860902e+01 1.296437e+01 3.140941e+01 4.531567e-01
8.128305e-05 2.835767e+01 1.294264e+01 3.117161e+01 4.564071e-01
8.317638e-05 2.810854e+01 1.291757e+01 3.093467e+01 4.595603e-01
8.511380e-05 2.786173e+01 1.288932e+01 3.069871e+01 4.626175e-01
8.709636e-05 2.761733e+01 1.285808e+01 3.046387e+01 4.655800e-01
8.912509e-05 2.737543e+01 1.282401e+01 3.023027e+01 4.684497e-01
9.120108e-05 2.713608e+01 1.278729e+01 2.999803e+01 4.712285e-01
9.332543e-05 2.689934e+01 1.274811e+01 2.976724e+01 4.739189e-01
9.549926e-05 2.666526e+01 1.270662e+01 2.953801e+01 4.765237e-01
9.772372e-05 2.643385e+01 1.266302e+01 2.931041e+01 4.790458e-01
1.000000e-04 2.620513e+01 1.261747e+01 2.908452e+01 4.814885e-01
1.023293e-04 2.597912e+01 1.257013e+01 2.886040e+01 4.838553e-01
1.047129e-04 2.575580e+01 1.252118e+01 2.863810e+01 4.861499e-01
1.071519e-04 2.553516e+01 1.247076e+01 2.841767e+01 4.883761e-01
1.096478e-04 2.531716e+01 1.241903e+01 2.819913e+01 4.905380e-01
1.122018e-04 2.510179e+01 1.236614e+01 2.798252e+01 4.926397e-01
1.148154e-04 2.488899e+01 1.231222e+01 2.776783e+01 4.946855e-01
1.174898e-04 2.467871e+01 1.225741e+01 2.755508e+01 4.966795e-01
1.202264e-04 2.447089e+01 1.220182e+01 2.734426e+01 4.986260e-01
1.230269e-04 2.426546e+01 1.214558e+01 2.713536e+01 5.005293e-01
1.258925e-04 2.406237e+01 1.208878e+01 2.692835e+01 5.023936e-01
1.288250e-04 2.386152e+01 1.203153e+01 2.672321e+01 5.042231e-01
1.318257e-04 2.366284e+01 1.197391e+01 2.651989e+01 5.060217e-01
1.348963e-04 2.346626e+01 1.191601e+01 2.631837e+01 5.077932e-01
1.380384e-04 2.327167e+01 1.185788e+01 2.611858e+01 5.095415e-01
1.412538e-04 2.307900e+01 1.179960e+01 2.592048e+01 5.112700e-01
1.445440e-04 2.288816e+01 1.174121e+01 2.572400e+01 5.129819e-01
1.479108e-04 2.269906e+01 1.168276e+01 2.552909e+01 5.146803e-01
1.513561e-04 2.251161e+01 1.162427e+01 2.533567e+01 5.163680e-01
1.548817e-04 2.232572e+01 1.156578e+01 2.514369e+01 5.180473e-01
1.584893e-04 2.214131e+01 1.150729e+01 2.495306e+01 5.197204e-01
1.621810e-04 2.195829e+01 1.144882e+01 2.476373e+01 5.213892e-01
1.659587e-04 2.177660e+01 1.139036e+01 2.457560e+01 5.230550e-01
1.698244e-04 2.159614e+01 1.133190e+01 2.438863e+01 5.247189e-01
1.737801e-04 2.141685e+01 1.127344e+01 2.420272e+01 5.263818e-01
1.778279e-04 2.123866e+01 1.121494e+01 2.401782e+01 5.280439e-01
1.819701e-04 2.106151e+01 1.115639e+01 2.383384e+01 5.297051e-01
1.862087e-04 2.088534e+01 1.109774e+01 2.365074e+01 5.313652e-01
1.905461e-04 2.071011e+01 1.103897e+01 2.346843e+01 5.330232e-01
1.949845e-04 2.053576e+01 1.098002e+01 2.328687e+01 5.346781e-01
1.995262e-04 2.036226e+01 1.092085e+01 2.310599e+01 5.363281e-01
2.041738e-04 2.018959e+01 1.086142e+01 2.292575e+01 5.379713e-01
2.089296e-04 2.001770e+01 1.080166e+01 2.274609e+01 5.396056e-01
2.137962e-04 1.984660e+01 1.074154e+01 2.256697e+01 5.412280e-01
2.187762e-04 1.967627e+01 1.068098e+01 2.238836e+01 5.428358e-01
2.238721e-04 1.950670e+01 1.061994e+01 2.221023e+01 5.444255e-01
2.290868e-04 1.933790e+01 1.055837e+01 2.203255e+01 5.459935e-01
2.344229e-04 1.916988e+01 1.049620e+01 2.185531e+01 5.475359e-01
2.398833e-04 1.900266e+01 1.043338e+01 2.167848e+01 5.490485e-01
2.454709e-04 1.883626e+01 1.036987e+01 2.150207e+01 5.505269e-01
2.511886e-04 1.867072e+01 1.030561e+01 2.132607e+01 5.519666e-01
2.570396e-04 1.850606e+01 1.024057e+01 2.115050e+01 5.533628e-01
2.630268e-04 1.834234e+01 1.017469e+01 2.097536e+01 5.547105e-01
2.691535e-04 1.817960e+01 1.010794e+01 2.080068e+01 5.560047e-01
2.754229e-04 1.801789e+01 1.004029e+01 2.062648e+01 5.572403e-01
2.818383e-04 1.785726e+01 9.971712e+00 2.045280e+01 5.584122e-01
2.884032e-04 1.769778e+01 9.902180e+00 2.027966e+01 5.595152e-01
2.951209e-04 1.753952e+01 9.831678e+00 2.010713e+01 5.605443e-01
3.019952e-04 1.738253e+01 9.760195e+00 1.993524e+01 5.614945e-01
3.090295e-04 1.722689e+01 9.687725e+00 1.976405e+01 5.623608e-01
3.162278e-04 1.707266e+01 9.614269e+00 1.959362e+01 5.631385e-01
3.235937e-04 1.691991e+01 9.539835e+00 1.942400e+01 5.638230e-01
3.311311e-04 1.676872e+01 9.464434e+00 1.925527e+01 5.644100e-01
3.388442e-04 1.661916e+01 9.388088e+00 1.908750e+01 5.648954e-01
3.467369e-04 1.647129e+01 9.310820e+00 1.892075e+01 5.652755e-01
3.548134e-04 1.632519e+01 9.232663e+00 1.875511e+01 5.655469e-01
3.630781e-04 1.618093e+01 9.153654e+00 1.859064e+01 5.657064e-01
3.715352e-04 1.603856e+01 9.073835e+00 1.842742e+01 5.657513e-01
3.801894e-04 1.589815e+01 8.993256e+00 1.826554e+01 5.656794e-01
3.890451e-04 1.575976e+01 8.911968e+00 1.810506e+01 5.654889e-01
3.981072e-04 1.562344e+01 8.830032e+00 1.794607e+01 5.651784e-01
4.073803e-04 1.548925e+01 8.747508e+00 1.778864e+01 5.647470e-01
4.168694e-04 1.535724e+01 8.664463e+00 1.763286e+01 5.641942e-01
4.265795e-04 1.522744e+01 8.580967e+00 1.747878e+01 5.635202e-01
4.365158e-04 1.509989e+01 8.497094e+00 1.732649e+01 5.627255e-01
4.466836e-04 1.497464e+01 8.412920e+00 1.717606e+01 5.618114e-01
4.570882e-04 1.485170e+01 8.328523e+00 1.702754e+01 5.607792e-01
4.677351e-04 1.473110e+01 8.243983e+00 1.688101e+01 5.596313e-01
4.786301e-04 1.461286e+01 8.159383e+00 1.673652e+01 5.583701e-01
4.897788e-04 1.449699e+01 8.074806e+00 1.659413e+01 5.569987e-01
5.011872e-04 1.438350e+01 7.990334e+00 1.645389e+01 5.555207e-01
5.128614e-04 1.427240e+01 7.906054e+00 1.631585e+01 5.539401e-01
5.248075e-04 1.416367e+01 7.822048e+00 1.618005e+01 5.522613e-01
5.370318e-04 1.405732e+01 7.738400e+00 1.604652e+01 5.504892e-01
5.495409e-04 1.395332e+01 7.655194e+00 1.591531e+01 5.486289e-01
5.623413e-04 1.385167e+01 7.572510e+00 1.578644e+01 5.466859e-01
5.754399e-04 1.375233e+01 7.490430e+00 1.565992e+01 5.446663e-01
5.888437e-04 1.365529e+01 7.409033e+00 1.553579e+01 5.425761e-01
6.025596e-04 1.356051e+01 7.328395e+00 1.541405e+01 5.404217e-01
6.165950e-04 1.346796e+01 7.248591e+00 1.529471e+01 5.382100e-01
6.309573e-04 1.337760e+01 7.169694e+00 1.517777e+01 5.359477e-01
6.456542e-04 1.328939e+01 7.091773e+00 1.506324e+01 5.336418e-01
6.606934e-04 1.320328e+01 7.014896e+00 1.495110e+01 5.312996e-01
6.760830e-04 1.311922e+01 6.939127e+00 1.484134e+01 5.289284e-01
6.918310e-04 1.303716e+01 6.864527e+00 1.473395e+01 5.265353e-01
7.079458e-04 1.295705e+01 6.791154e+00 1.462891e+01 5.241279e-01
7.244360e-04 1.287884e+01 6.719064e+00 1.452619e+01 5.217136e-01
7.413102e-04 1.280245e+01 6.648309e+00 1.442577e+01 5.192997e-01
7.585776e-04 1.272784e+01 6.578936e+00 1.432760e+01 5.168935e-01
7.762471e-04 1.265493e+01 6.510992e+00 1.423167e+01 5.145024e-01
7.943282e-04 1.258367e+01 6.444518e+00 1.413791e+01 5.121335e-01
8.128305e-04 1.251399e+01 6.379554e+00 1.404630e+01 5.097938e-01
8.317638e-04 1.244582e+01 6.316133e+00 1.395679e+01 5.074904e-01
8.511380e-04 1.237909e+01 6.254288e+00 1.386932e+01 5.052300e-01
8.709636e-04 1.231374e+01 6.194048e+00 1.378385e+01 5.030192e-01
8.912509e-04 1.224970e+01 6.135439e+00 1.370032e+01 5.008645e-01
9.120108e-04 1.218689e+01 6.078481e+00 1.361867e+01 4.987721e-01
9.332543e-04 1.212525e+01 6.023194e+00 1.353886e+01 4.967480e-01
9.549926e-04 1.206471e+01 5.969595e+00 1.346081e+01 4.947980e-01
9.772372e-04 1.200520e+01 5.917695e+00 1.338446e+01 4.929278e-01
1.000000e-03 1.194664e+01 5.867504e+00 1.330976e+01 4.911426e-01
1.023293e-03 1.188897e+01 5.819029e+00 1.323664e+01 4.894477e-01
1.047129e-03 1.183212e+01 5.772274e+00 1.316504e+01 4.878479e-01
1.071519e-03 1.177602e+01 5.727239e+00 1.309488e+01 4.863477e-01
1.096478e-03 1.172060e+01 5.683924e+00 1.302610e+01 4.849517e-01
1.122018e-03 1.166579e+01 5.642322e+00 1.295864e+01 4.836640e-01
1.148154e-03 1.161153e+01 5.602428e+00 1.289243e+01 4.824884e-01
1.174898e-03 1.155775e+01 5.564232e+00 1.282740e+01 4.814287e-01
1.202264e-03 1.150439e+01 5.527720e+00 1.276349e+01 4.804881e-01
1.230269e-03 1.145137e+01 5.492880e+00 1.270062e+01 4.796699e-01
1.258925e-03 1.139865e+01 5.459692e+00 1.263873e+01 4.789770e-01
1.288250e-03 1.134616e+01 5.428140e+00 1.257776e+01 4.784122e-01
1.318257e-03 1.129383e+01 5.398200e+00 1.251763e+01 4.779778e-01
1.348963e-03 1.124161e+01 5.369849e+00 1.245829e+01 4.776762e-01
1.380384e-03 1.118944e+01 5.343062e+00 1.239967e+01 4.775093e-01
1.412538e-03 1.113727e+01 5.317811e+00 1.234171e+01 4.774790e-01
1.445440e-03 1.108503e+01 5.294066e+00 1.228434e+01 4.775869e-01
1.479108e-03 1.103269e+01 5.271796e+00 1.222751e+01 4.778343e-01
1.513561e-03 1.098017e+01 5.250968e+00 1.217115e+01 4.782226e-01
1.548817e-03 1.092745e+01 5.231547e+00 1.211521e+01 4.787528e-01
1.584893e-03 1.087446e+01 5.213497e+00 1.205962e+01 4.794257e-01
1.621810e-03 1.082117e+01 5.196779e+00 1.200434e+01 4.802420e-01
1.659587e-03 1.076752e+01 5.181354e+00 1.194931e+01 4.812022e-01
1.698244e-03 1.071348e+01 5.167181e+00 1.189447e+01 4.823066e-01
1.737801e-03 1.065900e+01 5.154219e+00 1.183977e+01 4.835556e-01
1.778279e-03 1.060405e+01 5.142424e+00 1.178518e+01 4.849490e-01
1.819701e-03 1.054859e+01 5.131751e+00 1.173063e+01 4.864870e-01
1.862087e-03 1.049258e+01 5.122156e+00 1.167608e+01 4.881692e-01
1.905461e-03 1.043600e+01 5.113592e+00 1.162149e+01 4.899953e-01
1.949845e-03 1.037881e+01 5.106012e+00 1.156681e+01 4.919649e-01
1.995262e-03 1.032099e+01 5.099368e+00 1.151201e+01 4.940774e-01
2.041738e-03 1.026250e+01 5.093612e+00 1.145704e+01 4.963323e-01
2.089296e-03 1.020333e+01 5.088694e+00 1.140188e+01 4.987286e-01
2.137962e-03 1.014346e+01 5.084566e+00 1.134648e+01 5.012656e-01
2.187762e-03 1.008285e+01 5.081176e+00 1.129080e+01 5.039424e-01
2.238721e-03 1.002150e+01 5.078476e+00 1.123483e+01 5.067580e-01
2.290868e-03 9.959393e+00 5.076414e+00 1.117853e+01 5.097112e-01
2.344229e-03 9.896511e+00 5.074940e+00 1.112187e+01 5.128010e-01
2.398833e-03 9.832846e+00 5.074005e+00 1.106483e+01 5.160261e-01
2.454709e-03 9.768387e+00 5.073556e+00 1.100738e+01 5.193853e-01
2.511886e-03 9.703127e+00 5.073545e+00 1.094950e+01 5.228773e-01
2.570396e-03 9.637063e+00 5.073920e+00 1.089117e+01 5.265007e-01
2.630268e-03 9.570190e+00 5.074633e+00 1.083238e+01 5.302542e-01
2.691535e-03 9.502508e+00 5.075635e+00 1.077310e+01 5.341363e-01
2.754229e-03 9.434018e+00 5.076876e+00 1.071333e+01 5.381457e-01
2.818383e-03 9.364723e+00 5.078309e+00 1.065304e+01 5.422807e-01
2.884032e-03 9.294627e+00 5.079885e+00 1.059223e+01 5.465400e-01
2.951209e-03 9.223737e+00 5.081559e+00 1.053089e+01 5.509220e-01
3.019952e-03 9.152061e+00 5.083284e+00 1.046900e+01 5.554251e-01
3.090295e-03 9.079609e+00 5.085016e+00 1.040657e+01 5.600479e-01
3.162278e-03 9.006393e+00 5.086709e+00 1.034358e+01 5.647887e-01
3.235937e-03 8.932427e+00 5.088322e+00 1.028004e+01 5.696461e-01
3.311311e-03 8.857723e+00 5.089810e+00 1.021594e+01 5.746184e-01
3.388442e-03 8.782300e+00 5.091135e+00 1.015128e+01 5.797041e-01
3.467369e-03 8.706174e+00 5.092255e+00 1.008606e+01 5.849016e-01
3.548134e-03 8.629364e+00 5.093131e+00 1.002027e+01 5.902094e-01
3.630781e-03 8.551890e+00 5.093727e+00 9.953938e+00 5.956259e-01
3.715352e-03 8.473774e+00 5.094006e+00 9.887049e+00 6.011495e-01
3.801894e-03 8.395039e+00 5.093932e+00 9.819614e+00 6.067788e-01
3.890451e-03 8.315707e+00 5.093472e+00 9.751638e+00 6.125122e-01
3.981072e-03 8.235803e+00 5.092593e+00 9.683127e+00 6.183481e-01
4.073803e-03 8.155353e+00 5.091264e+00 9.614091e+00 6.242850e-01
4.168694e-03 8.074382e+00 5.089456e+00 9.544538e+00 6.303214e-01
4.265795e-03 7.992918e+00 5.087140e+00 9.474478e+00 6.364559e-01
4.365158e-03 7.910988e+00 5.084288e+00 9.403920e+00 6.426869e-01
4.466836e-03 7.828621e+00 5.080876e+00 9.332877e+00 6.490129e-01
4.570882e-03 7.745844e+00 5.076878e+00 9.261360e+00 6.554325e-01
4.677351e-03 7.662688e+00 5.072272e+00 9.189382e+00 6.619442e-01
4.786301e-03 7.579183e+00 5.067035e+00 9.116954e+00 6.685464e-01
4.897788e-03 7.495357e+00 5.061148e+00 9.044092e+00 6.752378e-01
5.011872e-03 7.411242e+00 5.054592e+00 8.970809e+00 6.820168e-01
5.128614e-03 7.326868e+00 5.047347e+00 8.897118e+00 6.888819e-01
5.248075e-03 7.242267e+00 5.039398e+00 8.823036e+00 6.958317e-01
5.370318e-03 7.157468e+00 5.030730e+00 8.748576e+00 7.028645e-01
5.495409e-03 7.072503e+00 5.021327e+00 8.673755e+00 7.099788e-01
5.623413e-03 6.987404e+00 5.011177e+00 8.598588e+00 7.171730e-01
5.754399e-03 6.902201e+00 5.000268e+00 8.523090e+00 7.244454e-01
5.888437e-03 6.816926e+00 4.988588e+00 8.447277e+00 7.317944e-01
6.025596e-03 6.731611e+00 4.976128e+00 8.371167e+00 7.392181e-01
6.165950e-03 6.646286e+00 4.962879e+00 8.294774e+00 7.467147e-01
6.309573e-03 6.560983e+00 4.948833e+00 8.218117e+00 7.542823e-01
6.456542e-03 6.475733e+00 4.933983e+00 8.141210e+00 7.619188e-01
6.606934e-03 6.390567e+00 4.918322e+00 8.064071e+00 7.696221e-01
6.760830e-03 6.305518e+00 4.901846e+00 7.986717e+00 7.773899e-01
6.918310e-03 6.220616e+00 4.884551e+00 7.909166e+00 7.852198e-01
7.079458e-03 6.135892e+00 4.866433e+00 7.831433e+00 7.931092e-01
7.244360e-03 6.051378e+00 4.847490e+00 7.753537e+00 8.010555e-01
7.413102e-03 5.967106e+00 4.827720e+00 7.675495e+00 8.090556e-01
7.585776e-03 5.883105e+00 4.807123e+00 7.597326e+00 8.171064e-01
7.762471e-03 5.799408e+00 4.785699e+00 7.519046e+00 8.252048e-01
7.943282e-03 5.716046e+00 4.763450e+00 7.440675e+00 8.333470e-01
8.128305e-03 5.633051e+00 4.740378e+00 7.362231e+00 8.415294e-01
8.317638e-03 5.550452e+00 4.716485e+00 7.283732e+00 8.497479e-01
8.511380e-03 5.468283e+00 4.691778e+00 7.205199e+00 8.579983e-01
8.709636e-03 5.386573e+00 4.666259e+00 7.126650e+00 8.662760e-01
8.912509e-03 5.305355e+00 4.639937e+00 7.048107e+00 8.745762e-01
9.120108e-03 5.224658e+00 4.612819e+00 6.969587e+00 8.828939e-01
9.332543e-03 5.144515e+00 4.584912e+00 6.891114e+00 8.912235e-01
9.549926e-03 5.064955e+00 4.556228e+00 6.812707e+00 8.995596e-01
9.772372e-03 4.986009e+00 4.526777e+00 6.734389e+00 9.078960e-01
1.000000e-02 4.907707e+00 4.496572e+00 6.656181e+00 9.162267e-01
1.023293e-02 4.830079e+00 4.465625e+00 6.578106e+00 9.245450e-01
1.047129e-02 4.753155e+00 4.433952e+00 6.500186e+00 9.328441e-01
1.071519e-02 4.676962e+00 4.401569e+00 6.422444e+00 9.411170e-01
1.096478e-02 4.601531e+00 4.368493e+00 6.344905e+00 9.493564e-01
1.122018e-02 4.526887e+00 4.334742e+00 6.267591e+00 9.575547e-01
1.148154e-02 4.453059e+00 4.300337e+00 6.190527e+00 9.657040e-01
1.174898e-02 4.380071e+00 4.265298e+00 6.113738e+00 9.737964e-01
1.202264e-02 4.307950e+00 4.229647e+00 6.037247e+00 9.818237e-01
1.230269e-02 4.236719e+00 4.193409e+00 5.961080e+00 9.897775e-01
1.258925e-02 4.166403e+00 4.156608e+00 5.885261e+00 9.976492e-01
1.288250e-02 4.097022e+00 4.119270e+00 5.809816e+00 1.005430e+00
1.318257e-02 4.028597e+00 4.081420e+00 5.734770e+00 1.013112e+00
1.348963e-02 3.961148e+00 4.043088e+00 5.660146e+00 1.020686e+00
1.380384e-02 3.894694e+00 4.004301e+00 5.585970e+00 1.028143e+00
1.412538e-02 3.829250e+00 3.965089e+00 5.512266e+00 1.035474e+00
1.445440e-02 3.764832e+00 3.925482e+00 5.439059e+00 1.042671e+00
1.479108e-02 3.701454e+00 3.885510e+00 5.366372e+00 1.049725e+00
1.513561e-02 3.639128e+00 3.845206e+00 5.294229e+00 1.056629e+00
1.548817e-02 3.577864e+00 3.804601e+00 5.222653e+00 1.063372e+00
1.584893e-02 3.517671e+00 3.763727e+00 5.151665e+00 1.069949e+00
1.621810e-02 3.458557e+00 3.722617e+00 5.081289e+00 1.076350e+00
1.659587e-02 3.400527e+00 3.681302e+00 5.011544e+00 1.082568e+00
1.698244e-02 3.343586e+00 3.639817e+00 4.942452e+00 1.088597e+00
1.737801e-02 3.287734e+00 3.598192e+00 4.874031e+00 1.094429e+00
1.778279e-02 3.232974e+00 3.556461e+00 4.806302e+00 1.100059e+00
1.819701e-02 3.179304e+00 3.514655e+00 4.739280e+00 1.105479e+00
1.862087e-02 3.126722e+00 3.472807e+00 4.672984e+00 1.110686e+00
1.905461e-02 3.075223e+00 3.430948e+00 4.607429e+00 1.115675e+00
1.949845e-02 3.024803e+00 3.389109e+00 4.542630e+00 1.120440e+00
1.995262e-02 2.975453e+00 3.347320e+00 4.478601e+00 1.124978e+00
2.041738e-02 2.927166e+00 3.305610e+00 4.415355e+00 1.129287e+00
2.089296e-02 2.879932e+00 3.264009e+00 4.352903e+00 1.133363e+00
2.137962e-02 2.833740e+00 3.222544e+00 4.291255e+00 1.137205e+00
2.187762e-02 2.788577e+00 3.181243e+00 4.230421e+00 1.140812e+00
2.238721e-02 2.744430e+00 3.140131e+00 4.170410e+00 1.144183e+00
2.290868e-02 2.701285e+00 3.099234e+00 4.111228e+00 1.147319e+00
2.344229e-02 2.659125e+00 3.058576e+00 4.052880e+00 1.150219e+00
2.398833e-02 2.617936e+00 3.018181e+00 3.995373e+00 1.152886e+00
2.454709e-02 2.577699e+00 2.978069e+00 3.938709e+00 1.155321e+00
2.511886e-02 2.538395e+00 2.938262e+00 3.882890e+00 1.157527e+00
2.570396e-02 2.500008e+00 2.898780e+00 3.827919e+00 1.159508e+00
2.630268e-02 2.462516e+00 2.859641e+00 3.773795e+00 1.161268e+00
2.691535e-02 2.425901e+00 2.820862e+00 3.720518e+00 1.162810e+00
2.754229e-02 2.390141e+00 2.782459e+00 3.668086e+00 1.164140e+00
2.818383e-02 2.355216e+00 2.744447e+00 3.616495e+00 1.165263e+00
2.884032e-02 2.321105e+00 2.706840e+00 3.565742e+00 1.166186e+00
2.951209e-02 2.287787e+00 2.669651e+00 3.515822e+00 1.166914e+00
3.019952e-02 2.255240e+00 2.632890e+00 3.466730e+00 1.167455e+00
3.090295e-02 2.223442e+00 2.596568e+00 3.418458e+00 1.167815e+00
3.162278e-02 2.192372e+00 2.560693e+00 3.371000e+00 1.168002e+00
3.235937e-02 2.162007e+00 2.525274e+00 3.324347e+00 1.168023e+00
3.311311e-02 2.132328e+00 2.490318e+00 3.278491e+00 1.167887e+00
3.388442e-02 2.103311e+00 2.455830e+00 3.233422e+00 1.167602e+00
3.467369e-02 2.074936e+00 2.421814e+00 3.189129e+00 1.167175e+00
3.548134e-02 2.047182e+00 2.388275e+00 3.145602e+00 1.166616e+00
3.630781e-02 2.020028e+00 2.355215e+00 3.102830e+00 1.165932e+00
3.715352e-02 1.993454e+00 2.322637e+00 3.060801e+00 1.165132e+00
3.801894e-02 1.967440e+00 2.290540e+00 3.019503e+00 1.164224e+00
3.890451e-02 1.941967e+00 2.258926e+00 2.978923e+00 1.163216e+00
3.981072e-02 1.917014e+00 2.227793e+00 2.939048e+00 1.162116e+00
4.073803e-02 1.892564e+00 2.197141e+00 2.899866e+00 1.160934e+00
4.168694e-02 1.868598e+00 2.166966e+00 2.861364e+00 1.159675e+00
4.265795e-02 1.845099e+00 2.137268e+00 2.823527e+00 1.158348e+00
4.365158e-02 1.822050e+00 2.108041e+00 2.786342e+00 1.156961e+00
4.466836e-02 1.799433e+00 2.079282e+00 2.749796e+00 1.155521e+00
4.570882e-02 1.777234e+00 2.050988e+00 2.713874e+00 1.154033e+00
4.677351e-02 1.755437e+00 2.023152e+00 2.678564e+00 1.152506e+00
4.786301e-02 1.734027e+00 1.995771e+00 2.643851e+00 1.150945e+00
4.897788e-02 1.712990e+00 1.968837e+00 2.609723e+00 1.149357e+00
5.011872e-02 1.692311e+00 1.942346e+00 2.576165e+00 1.147748e+00
5.128614e-02 1.671979e+00 1.916291e+00 2.543165e+00 1.146122e+00
5.248075e-02 1.651980e+00 1.890666e+00 2.510709e+00 1.144485e+00
5.370318e-02 1.632303e+00 1.865464e+00 2.478784e+00 1.142842e+00
5.495409e-02 1.612937e+00 1.840678e+00 2.447378e+00 1.141197e+00
5.623413e-02 1.593869e+00 1.816302e+00 2.416479e+00 1.139555e+00
5.754399e-02 1.575091e+00 1.792327e+00 2.386074e+00 1.137920e+00
5.888437e-02 1.556592e+00 1.768748e+00 2.356151e+00 1.136295e+00
6.025596e-02 1.538363e+00 1.745556e+00 2.326698e+00 1.134684e+00
6.165950e-02 1.520395e+00 1.722745e+00 2.297706e+00 1.133090e+00
6.309573e-02 1.502680e+00 1.700307e+00 2.269161e+00 1.131517e+00
6.456542e-02 1.485209e+00 1.678235e+00 2.241053e+00 1.129965e+00
6.606934e-02 1.467976e+00 1.656523e+00 2.213373e+00 1.128440e+00
6.760830e-02 1.450973e+00 1.635161e+00 2.186110e+00 1.126941e+00
6.918310e-02 1.434193e+00 1.614145e+00 2.159253e+00 1.125472e+00
7.079458e-02 1.417630e+00 1.593466e+00 2.132794e+00 1.124035e+00
7.244360e-02 1.401279e+00 1.573118e+00 2.106723e+00 1.122631e+00
7.413102e-02 1.385132e+00 1.553094e+00 2.081031e+00 1.121261e+00
7.585776e-02 1.369185e+00 1.533387e+00 2.055710e+00 1.119927e+00
7.762471e-02 1.353432e+00 1.513990e+00 2.030750e+00 1.118630e+00
7.943282e-02 1.337870e+00 1.494897e+00 2.006144e+00 1.117371e+00
8.128305e-02 1.322492e+00 1.476102e+00 1.981883e+00 1.116152e+00
8.317638e-02 1.307295e+00 1.457598e+00 1.957961e+00 1.114972e+00
8.511380e-02 1.292275e+00 1.439378e+00 1.934369e+00 1.113833e+00
8.709636e-02 1.277428e+00 1.421438e+00 1.911101e+00 1.112734e+00
8.912509e-02 1.262750e+00 1.403770e+00 1.888149e+00 1.111677e+00
9.120108e-02 1.248238e+00 1.386369e+00 1.865507e+00 1.110661e+00
9.332543e-02 1.233889e+00 1.369230e+00 1.843169e+00 1.109687e+00
9.549926e-02 1.219699e+00 1.352346e+00 1.821127e+00 1.108754e+00
9.772372e-02 1.205665e+00 1.335712e+00 1.799376e+00 1.107863e+00
1.000000e-01 1.191786e+00 1.319323e+00 1.777911e+00 1.107014e+00
1.023293e-01 1.178057e+00 1.303173e+00 1.756724e+00 1.106205e+00
1.047129e-01 1.164478e+00 1.287258e+00 1.735812e+00 1.105438e+00
1.071519e-01 1.151046e+00 1.271572e+00 1.715169e+00 1.104710e+00
1.096478e-01 1.137759e+00 1.256111e+00 1.694789e+00 1.104022e+00
1.122018e-01 1.124615e+00 1.240870e+00 1.674669e+00 1.103373e+00
1.148154e-01 1.111612e+00 1.225843e+00 1.654803e+00 1.102762e+00
1.174898e-01 1.098748e+00 1.211028e+00 1.635187e+00 1.102188e+00
1.202264e-01 1.086023e+00 1.196419e+00 1.615817e+00 1.101651e+00
1.230269e-01 1.073434e+00 1.182012e+00 1.596688e+00 1.101150e+00
1.258925e-01 1.060981e+00 1.167803e+00 1.577798e+00 1.100682e+00
1.288250e-01 1.048663e+00 1.153790e+00 1.559142e+00 1.100249e+00
1.318257e-01 1.036477e+00 1.139967e+00 1.540717e+00 1.099847e+00
1.348963e-01 1.024424e+00 1.126331e+00 1.522520e+00 1.099477e+00
1.380384e-01 1.012502e+00 1.112879e+00 1.504547e+00 1.099138e+00
1.412538e-01 1.000711e+00 1.099608e+00 1.486795e+00 1.098828e+00
1.445440e-01 9.890492e-01 1.086516e+00 1.469263e+00 1.098545e+00
1.479108e-01 9.775166e-01 1.073598e+00 1.451947e+00 1.098291e+00
1.513561e-01 9.661122e-01 1.060852e+00 1.434845e+00 1.098063e+00
1.548817e-01 9.548354e-01 1.048276e+00 1.417954e+00 1.097860e+00
1.584893e-01 9.436853e-01 1.035868e+00 1.401272e+00 1.097683e+00
1.621810e-01 9.326614e-01 1.023624e+00 1.384797e+00 1.097531e+00
1.659587e-01 9.217628e-01 1.011544e+00 1.368528e+00 1.097402e+00
1.698244e-01 9.109888e-01 9.996258e-01 1.352462e+00 1.097298e+00
1.737801e-01 9.003385e-01 9.878668e-01 1.336597e+00 1.097217e+00
1.778279e-01 8.898112e-01 9.762657e-01 1.320931e+00 1.097160e+00
1.819701e-01 8.794060e-01 9.648211e-01 1.305463e+00 1.097128e+00
1.862087e-01 8.691217e-01 9.535315e-01 1.290192e+00 1.097121e+00
1.905461e-01 8.589574e-01 9.423957e-01 1.275115e+00 1.097139e+00
1.949845e-01 8.489120e-01 9.314125e-01 1.260230e+00 1.097184e+00
1.995262e-01 8.389841e-01 9.205808e-01 1.245537e+00 1.097257e+00
2.041738e-01 8.291726e-01 9.098995e-01 1.231034e+00 1.097358e+00
2.089296e-01 8.194760e-01 8.993677e-01 1.216718e+00 1.097491e+00
2.137962e-01 8.098927e-01 8.889845e-01 1.202589e+00 1.097657e+00
2.187762e-01 8.004212e-01 8.787488e-01 1.188644e+00 1.097858e+00
2.238721e-01 7.910598e-01 8.686599e-01 1.174881e+00 1.098096e+00
2.290868e-01 7.818066e-01 8.587169e-01 1.161299e+00 1.098375e+00
2.344229e-01 7.726598e-01 8.489188e-01 1.147896e+00 1.098697e+00
2.398833e-01 7.636174e-01 8.392649e-01 1.134670e+00 1.099065e+00
2.454709e-01 7.546773e-01 8.297541e-01 1.121619e+00 1.099482e+00
2.511886e-01 7.458373e-01 8.203855e-01 1.108741e+00 1.099952e+00
2.570396e-01 7.370953e-01 8.111582e-01 1.096032e+00 1.100479e+00
2.630268e-01 7.284489e-01 8.020711e-01 1.083492e+00 1.101067e+00
2.691535e-01 7.198958e-01 7.931230e-01 1.071118e+00 1.101719e+00
2.754229e-01 7.114335e-01 7.843127e-01 1.058907e+00 1.102440e+00
2.818383e-01 7.030597e-01 7.756391e-01 1.046857e+00 1.103234e+00
2.884032e-01 6.947718e-01 7.671007e-01 1.034964e+00 1.104105e+00
2.951209e-01 6.865673e-01 7.586961e-01 1.023227e+00 1.105057e+00
3.019952e-01 6.784436e-01 7.504239e-01 1.011643e+00 1.106096e+00
3.090295e-01 6.703984e-01 7.422823e-01 1.000209e+00 1.107226e+00
3.162278e-01 6.624290e-01 7.342698e-01 9.889208e-01 1.108450e+00
3.235937e-01 6.545330e-01 7.263844e-01 9.777769e-01 1.109775e+00
3.311311e-01 6.467078e-01 7.186243e-01 9.667739e-01 1.111204e+00
3.388442e-01 6.389511e-01 7.109875e-01 9.559089e-01 1.112742e+00
3.467369e-01 6.312604e-01 7.034720e-01 9.451786e-01 1.114393e+00
3.548134e-01 6.236334e-01 6.960755e-01 9.345800e-01 1.116161e+00
3.630781e-01 6.160679e-01 6.887959e-01 9.241101e-01 1.118052e+00
3.715352e-01 6.085616e-01 6.816308e-01 9.137657e-01 1.120069e+00
3.801894e-01 6.011124e-01 6.745779e-01 9.035438e-01 1.122216e+00
3.890451e-01 5.937182e-01 6.676346e-01 8.934413e-01 1.124497e+00
3.981072e-01 5.863773e-01 6.607985e-01 8.834551e-01 1.126917e+00
4.073803e-01 5.790876e-01 6.540670e-01 8.735823e-01 1.129478e+00
4.168694e-01 5.718475e-01 6.474375e-01 8.638199e-01 1.132186e+00
4.265795e-01 5.646552e-01 6.409073e-01 8.541649e-01 1.135042e+00
4.365158e-01 5.575094e-01 6.344738e-01 8.446146e-01 1.138050e+00
4.466836e-01 5.504086e-01 6.281344e-01 8.351661e-01 1.141215e+00
4.570882e-01 5.433514e-01 6.218862e-01 8.258167e-01 1.144538e+00
4.677351e-01 5.363367e-01 6.157267e-01 8.165638e-01 1.148023e+00
4.786301e-01 5.293635e-01 6.096530e-01 8.074048e-01 1.151672e+00
4.897788e-01 5.224307e-01 6.036626e-01 7.983372e-01 1.155488e+00
5.011872e-01 5.155375e-01 5.977527e-01 7.893587e-01 1.159475e+00
5.128614e-01 5.086831e-01 5.919207e-01 7.804669e-01 1.163634e+00
5.248075e-01 5.018669e-01 5.861641e-01 7.716598e-01 1.167967e+00
5.370318e-01 4.950885e-01 5.804803e-01 7.629351e-01 1.172478e+00
5.495409e-01 4.883472e-01 5.748668e-01 7.542909e-01 1.177168e+00
5.623413e-01 4.816428e-01 5.693211e-01 7.457253e-01 1.182040e+00
5.754399e-01 4.749750e-01 5.638408e-01 7.372365e-01 1.187096e+00
5.888437e-01 4.683435e-01 5.584237e-01 7.288228e-01 1.192338e+00
6.025596e-01 4.617484e-01 5.530675e-01 7.204826e-01 1.197768e+00
6.165950e-01 4.551895e-01 5.477699e-01 7.122144e-01 1.203389e+00
6.309573e-01 4.486668e-01 5.425289e-01 7.040167e-01 1.209202e+00
6.456542e-01 4.421805e-01 5.373424e-01 6.958882e-01 1.215211e+00
6.606934e-01 4.357305e-01 5.322085e-01 6.878277e-01 1.221417e+00
6.760830e-01 4.293171e-01 5.271253e-01 6.798340e-01 1.227823e+00
6.918310e-01 4.229405e-01 5.220909e-01 6.719059e-01 1.234431e+00
7.079458e-01 4.166008e-01 5.171036e-01 6.640425e-01 1.241245e+00
7.244360e-01 4.102984e-01 5.121618e-01 6.562427e-01 1.248267e+00
7.413102e-01 4.040335e-01 5.072638e-01 6.485057e-01 1.255499e+00
7.585776e-01 3.978063e-01 5.024081e-01 6.408305e-01 1.262947e+00
7.762471e-01 3.916172e-01 4.975933e-01 6.332165e-01 1.270611e+00
7.943282e-01 3.854665e-01 4.928179e-01 6.256628e-01 1.278498e+00
8.128305e-01 3.793544e-01 4.880807e-01 6.181686e-01 1.286609e+00
8.317638e-01 3.732812e-01 4.833802e-01 6.107334e-01 1.294949e+00
8.511380e-01 3.672473e-01 4.787153e-01 6.033564e-01 1.303523e+00
8.709636e-01 3.612530e-01 4.740848e-01 5.960370e-01 1.312334e+00
8.912509e-01 3.552985e-01 4.694875e-01 5.887746e-01 1.321389e+00
9.120108e-01 3.493842e-01 4.649223e-01 5.815686e-01 1.330691e+00
9.332543e-01 3.435102e-01 4.603881e-01 5.744184e-01 1.340246e+00
9.549926e-01 3.376769e-01 4.558840e-01 5.673235e-01 1.350060e+00
9.772372e-01 3.318846e-01 4.514088e-01 5.602832e-01 1.360138e+00
1.000000e+00 3.261335e-01 4.469616e-01 5.532972e-01 1.370487e+00
1.023293e+00 3.204238e-01 4.425415e-01 5.463647e-01 1.381113e+00
1.047129e+00 3.147559e-01 4.381475e-01 5.394854e-01 1.392023e+00
1.071519e+00 3.091300e-01 4.337786e-01 5.326586e-01 1.403224e+00
1.096478e+00 3.035463e-01 4.294340e-01 5.258840e-01 1.414723e+00
1.122018e+00 2.980051e-01 4.251128e-01 5.191608e-01 1.426528e+00
1.148154e+00 2.925068e-01 4.208141e-01 5.124888e-01 1.438648e+00
1.174898e+00 2.870514e-01 4.165371e-01 5.058672e-01 1.451089e+00
1.202264e+00 2.816395e-01 4.122809e-01 4.992958e-01 1.463860e+00
1.230269e+00 2.762712e-01 4.080446e-01 4.927740e-01 1.476971e+00
1.258925e+00 2.709469e-01 4.038275e-01 4.863012e-01 1.490431e+00
1.288250e+00 2.656669e-01 3.996288e-01 4.798772e-01 1.504248e+00
1.318257e+00 2.604315e-01 3.954477e-01 4.735013e-01 1.518433e+00
1.348963e+00 2.552412e-01 3.912835e-01 4.671733e-01 1.532995e+00
1.380384e+00 2.500964e-01 3.871354e-01 4.608926e-01 1.547945e+00
1.412538e+00 2.449973e-01 3.830026e-01 4.546589e-01 1.563293e+00
1.445440e+00 2.399446e-01 3.788845e-01 4.484717e-01 1.579050e+00
1.479108e+00 2.349386e-01 3.747805e-01 4.423308e-01 1.595228e+00
1.513561e+00 2.299798e-01 3.706899e-01 4.362358e-01 1.611837e+00
1.548817e+00 2.250687e-01 3.666121e-01 4.301864e-01 1.628889e+00
1.584893e+00 2.202059e-01 3.625465e-01 4.241823e-01 1.646397e+00
1.621810e+00 2.153919e-01 3.584926e-01 4.182232e-01 1.664373e+00
1.659587e+00 2.106273e-01 3.544499e-01 4.123089e-01 1.682830e+00
1.698244e+00 2.059127e-01 3.504180e-01 4.064391e-01 1.701780e+00
1.737801e+00 2.012486e-01 3.463963e-01 4.006138e-01 1.721236e+00
1.778279e+00 1.966357e-01 3.423847e-01 3.948327e-01 1.741214e+00
1.819701e+00 1.920746e-01 3.383827e-01 3.890958e-01 1.761726e+00
1.862087e+00 1.875660e-01 3.343901e-01 3.834029e-01 1.782786e+00
1.905461e+00 1.831105e-01 3.304066e-01 3.777539e-01 1.804411e+00
1.949845e+00 1.787088e-01 3.264321e-01 3.721489e-01 1.826614e+00
1.995262e+00 1.743616e-01 3.224665e-01 3.665878e-01 1.849412e+00
2.041738e+00 1.700695e-01 3.185096e-01 3.610707e-01 1.872820e+00
2.089296e+00 1.658332e-01 3.145616e-01 3.555975e-01 1.896855e+00
2.137962e+00 1.616533e-01 3.106223e-01 3.501685e-01 1.921533e+00
2.187762e+00 1.575305e-01 3.066918e-01 3.447836e-01 1.946872e+00
2.238721e+00 1.534655e-01 3.027704e-01 3.394431e-01 1.972889e+00
2.290868e+00 1.494588e-01 2.988583e-01 3.341470e-01 1.999602e+00
2.344229e+00 1.455111e-01 2.949555e-01 3.288955e-01 2.027031e+00
2.398833e+00 1.416230e-01 2.910626e-01 3.236889e-01 2.055192e+00
2.454709e+00 1.377950e-01 2.871797e-01 3.185273e-01 2.084108e+00
2.511886e+00 1.340277e-01 2.833073e-01 3.134110e-01 2.113796e+00
2.570396e+00 1.303216e-01 2.794459e-01 3.083403e-01 2.144279e+00
2.630268e+00 1.266772e-01 2.755958e-01 3.033153e-01 2.175576e+00
2.691535e+00 1.230949e-01 2.717578e-01 2.983364e-01 2.207710e+00
2.754229e+00 1.195751e-01 2.679322e-01 2.934039e-01 2.240702e+00
2.818383e+00 1.161182e-01 2.641198e-01 2.885181e-01 2.274576e+00
2.884032e+00 1.127246e-01 2.603211e-01 2.836793e-01 2.309354e+00
2.951209e+00 1.093946e-01 2.565369e-01 2.788877e-01 2.345060e+00
3.019952e+00 1.061283e-01 2.527679e-01 2.741438e-01 2.381719e+00
3.090295e+00 1.029261e-01 2.490148e-01 2.694479e-01 2.419355e+00
3.162278e+00 9.978802e-02 2.452784e-01 2.648002e-01 2.457994e+00
3.235937e+00 9.671421e-02 2.415595e-01 2.602011e-01 2.497663e+00
3.311311e+00 9.370473e-02 2.378589e-01 2.556510e-01 2.538387e+00
3.388442e+00 9.075959e-02 2.341774e-01 2.511501e-01 2.580195e+00
3.467369e+00 8.787875e-02 2.305160e-01 2.466988e-01 2.623114e+00
3.548134e+00 8.506212e-02 2.268754e-01 2.422973e-01 2.667173e+00
3.630781e+00 8.230955e-02 2.232565e-01 2.379461e-01 2.712401e+00
3.715352e+00 7.962084e-02 2.196603e-01 2.336453e-01 2.758829e+00
3.801894e+00 7.699575e-02 2.160875e-01 2.293952e-01 2.806486e+00
3.890451e+00 7.443398e-02 2.125391e-01 2.251961e-01 2.855404e+00
3.981072e+00 7.193517e-02 2.090160e-01 2.210483e-01 2.905616e+00
4.073803e+00 6.949892e-02 2.055190e-01 2.169520e-01 2.957154e+00
4.168694e+00 6.712478e-02 2.020490e-01 2.129073e-01 3.010050e+00
4.265795e+00 6.481226e-02 1.986068e-01 2.089145e-01 3.064340e+00
4.365158e+00 6.256079e-02 1.951933e-01 2.049738e-01 3.120058e+00
4.466836e+00 6.036979e-02 1.918093e-01 2.010854e-01 3.177240e+00
4.570882e+00 5.823863e-02 1.884556e-01 1.972492e-01 3.235921e+00
4.677351e+00 5.616661e-02 1.851330e-01 1.934655e-01 3.296140e+00
4.786301e+00 5.415301e-02 1.818422e-01 1.897344e-01 3.357933e+00
4.897788e+00 5.219709e-02 1.785839e-01 1.860558e-01 3.421339e+00
5.011872e+00 5.029803e-02 1.753590e-01 1.824299e-01 3.486399e+00
5.128614e+00 4.845500e-02 1.721679e-01 1.788566e-01 3.553151e+00
5.248075e+00 4.666714e-02 1.690114e-01 1.753359e-01 3.621637e+00
5.370318e+00 4.493355e-02 1.658901e-01 1.718679e-01 3.691899e+00
5.495409e+00 4.325331e-02 1.628046e-01 1.684523e-01 3.763979e+00
5.623413e+00 4.162547e-02 1.597553e-01 1.650891e-01 3.837921e+00
5.754399e+00 4.004905e-02 1.567428e-01 1.617783e-01 3.913770e+00
5.888437e+00 3.852306e-02 1.537675e-01 1.585196e-01 3.991570e+00
6.025596e+00 3.704648e-02 1.508299e-01 1.553129e-01 4.071369e+00
6.165950e+00 3.561829e-02 1.479303e-01 1.521580e-01 4.153212e+00
6.309573e+00 3.423744e-02 1.450692e-01 1.490546e-01 4.237150e+00
6.456542e+00 3.290289e-02 1.422467e-01 1.460025e-01 4.323229e+00
6.606934e+00 3.161356e-02 1.394633e-01 1.430015e-01 4.411502e+00
6.760830e+00 3.036839e-02 1.367190e-01 1.400512e-01 4.502019e+00
6.918310e+00 2.916630e-02 1.340142e-01 1.371513e-01 4.594832e+00
7.079458e+00 2.800621e-02 1.313490e-01 1.343015e-01 4.689994e+00
7.244360e+00 2.688705e-02 1.287234e-01 1.315014e-01 4.787561e+00
7.413102e+00 2.580775e-02 1.261376e-01 1.287507e-01 4.887587e+00
7.585776e+00 2.476722e-02 1.235917e-01 1.260489e-01 4.990130e+00
7.762471e+00 2.376441e-02 1.210855e-01 1.233955e-01 5.095248e+00
7.943282e+00 2.279825e-02 1.186193e-01 1.207903e-01 5.202999e+00
8.128305e+00 2.186769e-02 1.161927e-01 1.182326e-01 5.313445e+00
8.317638e+00 2.097168e-02 1.138059e-01 1.157221e-01 5.426646e+00
8.511380e+00 2.010921e-02 1.114587e-01 1.132582e-01 5.542667e+00
8.709636e+00 1.927925e-02 1.091509e-01 1.108404e-01 5.661572e+00
8.912509e+00 1.848080e-02 1.068823e-01 1.084683e-01 5.783426e+00
9.120108e+00 1.771286e-02 1.046528e-01 1.061412e-01 5.908297e+00
9.332543e+00 1.697447e-02 1.024622e-01 1.038587e-01 6.036254e+00
9.549926e+00 1.626467e-02 1.003102e-01 1.016202e-01 6.167367e+00
9.772372e+00 1.558251e-02 9.819645e-02 9.942514e-02 6.301708e+00
1.000000e+01 1.492709e-02 9.612078e-02 9.727292e-02 6.439351e+00
