1.000000e-06 4.253725e+01 4.642756e-01 4.253978e+01 1.091457e-02
1.023293e-06 4.253687e+01 4.750833e-01 4.253952e+01 1.116874e-02
1.047129e-06 4.253648e+01 4.861422e-01 4.253926e+01 1.142883e-02
1.071519e-06 4.253607e+01 4.974582e-01 4.253898e+01 1.169497e-02
1.096478e-06 4.253564e+01 5.090372e-01 4.253868e+01 1.196731e-02
1.122018e-06 4.253519e+01 5.208854e-01 4.253838e+01 1.224599e-02
1.148154e-06 4.253472e+01 5.330089e-01 4.253806e+01 1.253115e-02
1.174898e-06 4.253422e+01 5.454141e-01 4.253772e+01 1.282295e-02
1.202264e-06 4.253370e+01 5.581075e-01 4.253737e+01 1.312154e-02
1.230269e-06 4.253316e+01 5.710959e-01 4.253700e+01 1.342707e-02
1.258925e-06 4.253260e+01 5.843859e-01 4.253661e+01 1.373972e-02
1.288250e-06 4.253200e+01 5.979846e-01 4.253621e+01 1.405964e-02
1.318257e-06 4.253138e+01 6.118991e-01 4.253578e+01 1.438700e-02
1.348963e-06 4.253073e+01 6.261367e-01 4.253534e+01 1.472198e-02
1.380384e-06 4.253005e+01 6.407048e-01 4.253487e+01 1.506476e-02
1.412538e-06 4.252933e+01 6.556111e-01 4.253439e+01 1.541550e-02
1.445440e-06 4.252859e+01 6.708634e-01 4.253388e+01 1.577441e-02
1.479108e-06 4.252780e+01 6.864695e-01 4.253334e+01 1.614166e-02
1.513561e-06 4.252698e+01 7.024377e-01 4.253279e+01 1.651746e-02
1.548817e-06 4.252613e+01 7.187764e-01 4.253220e+01 1.690199e-02
1.584893e-06 4.252523e+01 7.354939e-01 4.253159e+01 1.729547e-02
1.621810e-06 4.252429e+01 7.525990e-01 4.253095e+01 1.769810e-02
1.659587e-06 4.252330e+01 7.701007e-01 4.253028e+01 1.811009e-02
1.698244e-06 4.252227e+01 7.880080e-01 4.252957e+01 1.853165e-02
1.737801e-06 4.252119e+01 8.063302e-01 4.252884e+01 1.896302e-02
1.778279e-06 4.252006e+01 8.250769e-01 4.252807e+01 1.940441e-02
1.819701e-06 4.251888e+01 8.442577e-01 4.252726e+01 1.985607e-02
1.862087e-06 4.251764e+01 8.638826e-01 4.252641e+01 2.031822e-02
1.905461e-06 4.251634e+01 8.839618e-01 4.252553e+01 2.079111e-02
1.949845e-06 4.251498e+01 9.045055e-01 4.252460e+01 2.127498e-02
1.995262e-06 4.251356e+01 9.255245e-01 4.252363e+01 2.177010e-02
2.041738e-06 4.251207e+01 9.470295e-01 4.252262e+01 2.227672e-02
2.089296e-06 4.251051e+01 9.690316e-01 4.252156e+01 2.279511e-02
2.137962e-06 4.250888e+01 9.915422e-01 4.252044e+01 2.332553e-02
2.187762e-06 4.250717e+01 1.014573e+00 4.251928e+01 2.386827e-02
2.238721e-06 4.250538e+01 1.038135e+00 4.251806e+01 2.442361e-02
2.290868e-06 4.250351e+01 1.062241e+00 4.251678e+01 2.499185e-02
2.344229e-06 4.250155e+01 1.086903e+00 4.251544e+01 2.557327e-02
2.398833e-06 4.249949e+01 1.112134e+00 4.251404e+01 2.616818e-02
2.454709e-06 4.249734e+01 1.137947e+00 4.251257e+01 2.677690e-02
2.511886e-06 4.249509e+01 1.164354e+00 4.251104e+01 2.739973e-02
2.570396e-06 4.249273e+01 1.191369e+00 4.250943e+01 2.803702e-02
2.630268e-06 4.249027e+01 1.219006e+00 4.250775e+01 2.868907e-02
2.691535e-06 4.248768e+01 1.247279e+00 4.250599e+01 2.935625e-02
2.754229e-06 4.248498e+01 1.276202e+00 4.250414e+01 3.003889e-02
2.818383e-06 4.248215e+01 1.305788e+00 4.250221e+01 3.073734e-02
2.884032e-06 4.247918e+01 1.336055e+00 4.250019e+01 3.145198e-02
2.951209e-06 4.247608e+01 1.367015e+00 4.249807e+01 3.218317e-02
3.019952e-06 4.247283e+01 1.398685e+00 4.249586e+01 3.293129e-02
3.090295e-06 4.246943e+01 1.431081e+00 4.249354e+01 3.369672e-02
3.162278e-06 4.246587e+01 1.464218e+00 4.249111e+01 3.447987e-02
3.235937e-06 4.246214e+01 1.498113e+00 4.248856e+01 3.528114e-02
3.311311e-06 4.245824e+01 1.532782e+00 4.248590e+01 3.610093e-02
3.388442e-06 4.245416e+01 1.568243e+00 4.248311e+01 3.693968e-02
3.467369e-06 4.244988e+01 1.604513e+00 4.248020e+01 3.779781e-02
3.548134e-06 4.244541e+01 1.641609e+00 4.247714e+01 3.867577e-02
3.630781e-06 4.244072e+01 1.679549e+00 4.247395e+01 3.957399e-02
3.715352e-06 4.243582e+01 1.718352e+00 4.247060e+01 4.049296e-02
3.801894e-06 4.243069e+01 1.758036e+00 4.246709e+01 4.143312e-02
3.890451e-06 4.242532e+01 1.798620e+00 4.246343e+01 4.239497e-02
3.981072e-06 4.241970e+01 1.840124e+00 4.245959e+01 4.337899e-02
4.073803e-06 4.241381e+01 1.882566e+00 4.245557e+01 4.438568e-02
4.168694e-06 4.240765e+01 1.925967e+00 4.245136e+01 4.541556e-02
4.265795e-06 4.240120e+01 1.970347e+00 4.244696e+01 4.646914e-02
4.365158e-06 4.239446e+01 2.015727e+00 4.244235e+01 4.754695e-02
4.466836e-06 4.238740e+01 2.062127e+00 4.243753e+01 4.864954e-02
4.570882e-06 4.238001e+01 2.109569e+00 4.243248e+01 4.977747e-02
4.677351e-06 4.237227e+01 2.158074e+00 4.242719e+01 5.093129e-02
4.786301e-06 4.236418e+01 2.207664e+00 4.242166e+01 5.211158e-02
4.897788e-06 4.235571e+01 2.258362e+00 4.241588e+01 5.331894e-02
5.011872e-06 4.234685e+01 2.310188e+00 4.240982e+01 5.455396e-02
5.128614e-06 4.233758e+01 2.363167e+00 4.240348e+01 5.581725e-02
5.248075e-06 4.232787e+01 2.417321e+00 4.239684e+01 5.710944e-02
5.370318e-06 4.231772e+01 2.472673e+00 4.238990e+01 5.843116e-02
5.495409e-06 4.230710e+01 2.529248e+00 4.238263e+01 5.978306e-02
5.623413e-06 4.229599e+01 2.587068e+00 4.237503e+01 6.116580e-02
5.754399e-06 4.228436e+01 2.646157e+00 4.236708e+01 6.258005e-02
5.888437e-06 4.227219e+01 2.706541e+00 4.235875e+01 6.402650e-02
6.025596e-06 4.225947e+01 2.768242e+00 4.235004e+01 6.550584e-02
6.165950e-06 4.224616e+01 2.831286e+00 4.234093e+01 6.701879e-02
6.309573e-06 4.223224e+01 2.895698e+00 4.233139e+01 6.856606e-02
6.456542e-06 4.221767e+01 2.961502e+00 4.232142e+01 7.014839e-02
6.606934e-06 4.220244e+01 3.028723e+00 4.231098e+01 7.176653e-02
6.760830e-06 4.218651e+01 3.097386e+00 4.230007e+01 7.342124e-02
6.918310e-06 4.216985e+01 3.167516e+00 4.228865e+01 7.511328e-02
7.079458e-06 4.215243e+01 3.239138e+00 4.227670e+01 7.684346e-02
7.244360e-06 4.213421e+01 3.312278e+00 4.226421e+01 7.861255e-02
7.413102e-06 4.211517e+01 3.386960e+00 4.225114e+01 8.042138e-02
7.585776e-06 4.209525e+01 3.463208e+00 4.223747e+01 8.227076e-02
7.762471e-06 4.207443e+01 3.541048e+00 4.222318e+01 8.416152e-02
7.943282e-06 4.205267e+01 3.620504e+00 4.220823e+01 8.609452e-02
8.128305e-06 4.202992e+01 3.701600e+00 4.219260e+01 8.807061e-02
8.317638e-06 4.200614e+01 3.784360e+00 4.217626e+01 9.009065e-02
8.511380e-06 4.198128e+01 3.868807e+00 4.215917e+01 9.215553e-02
8.709636e-06 4.195531e+01 3.954965e+00 4.214131e+01 9.426613e-02
8.912509e-06 4.192817e+01 4.042855e+00 4.212264e+01 9.642335e-02
9.120108e-06 4.189982e+01 4.132500e+00 4.210312e+01 9.862810e-02
9.332543e-06 4.187020e+01 4.223920e+00 4.208271e+01 1.008813e-01
9.549926e-06 4.183925e+01 4.317136e+00 4.206139e+01 1.031839e-01
9.772372e-06 4.180693e+01 4.412167e+00 4.203911e+01 1.055367e-01
1.000000e-05 4.177317e+01 4.509033e+00 4.201582e+01 1.079409e-01
1.023293e-05 4.173792e+01 4.607749e+00 4.199149e+01 1.103972e-01
1.047129e-05 4.170111e+01 4.708333e+00 4.196607e+01 1.129066e-01
1.071519e-05 4.166269e+01 4.810799e+00 4.193952e+01 1.154702e-01
1.096478e-05 4.162258e+01 4.915161e+00 4.191179e+01 1.180888e-01
1.122018e-05 4.158071e+01 5.021430e+00 4.188282e+01 1.207634e-01
1.148154e-05 4.153703e+01 5.129618e+00 4.185257e+01 1.234951e-01
1.174898e-05 4.149145e+01 5.239731e+00 4.182099e+01 1.262846e-01
1.202264e-05 4.144390e+01 5.351776e+00 4.178801e+01 1.291330e-01
1.230269e-05 4.139430e+01 5.465759e+00 4.175359e+01 1.320413e-01
1.258925e-05 4.134258e+01 5.581679e+00 4.171767e+01 1.350104e-01
1.288250e-05 4.128865e+01 5.699537e+00 4.168018e+01 1.380413e-01
1.318257e-05 4.123243e+01 5.819329e+00 4.164106e+01 1.411348e-01
1.348963e-05 4.117383e+01 5.941049e+00 4.160025e+01 1.442919e-01
1.380384e-05 4.111277e+01 6.064687e+00 4.155768e+01 1.475135e-01
1.412538e-05 4.104916e+01 6.190232e+00 4.151329e+01 1.508004e-01
1.445440e-05 4.098291e+01 6.317665e+00 4.146700e+01 1.541537e-01
1.479108e-05 4.091392e+01 6.446969e+00 4.141874e+01 1.575740e-01
1.513561e-05 4.084209e+01 6.578119e+00 4.136844e+01 1.610623e-01
1.548817e-05 4.076733e+01 6.711087e+00 4.131602e+01 1.646192e-01
1.584893e-05 4.068954e+01 6.845840e+00 4.126141e+01 1.682457e-01
1.621810e-05 4.060862e+01 6.982342e+00 4.120453e+01 1.719424e-01
1.659587e-05 4.052447e+01 7.120551e+00 4.114529e+01 1.757099e-01
1.698244e-05 4.043698e+01 7.260421e+00 4.108361e+01 1.795490e-01
1.737801e-05 4.034605e+01 7.401898e+00 4.101941e+01 1.834603e-01
1.778279e-05 4.025158e+01 7.544925e+00 4.095260e+01 1.874442e-01
1.819701e-05 4.015346e+01 7.689439e+00 4.088310e+01 1.915013e-01
1.862087e-05 4.005159e+01 7.835370e+00 4.081081e+01 1.956319e-01
1.905461e-05 3.994585e+01 7.982641e+00 4.073565e+01 1.998366e-01
1.949845e-05 3.983615e+01 8.131172e+00 4.065753e+01 2.041154e-01
1.995262e-05 3.972238e+01 8.280872e+00 4.057635e+01 2.084687e-01
2.041738e-05 3.960443e+01 8.431646e+00 4.049202e+01 2.128965e-01
2.089296e-05 3.948221e+01 8.583390e+00 4.040445e+01 2.173989e-01
2.137962e-05 3.935561e+01 8.735996e+00 4.031355e+01 2.219759e-01
2.187762e-05 3.922454e+01 8.889345e+00 4.021921e+01 2.266271e-01
2.238721e-05 3.908890e+01 9.043312e+00 4.012137e+01 2.313524e-01
2.290868e-05 3.894861e+01 9.197766e+00 4.001991e+01 2.361514e-01
2.344229e-05 3.880356e+01 9.352566e+00 3.991474e+01 2.410234e-01
2.398833e-05 3.865368e+01 9.507564e+00 3.980579e+01 2.459679e-01
2.454709e-05 3.849889e+01 9.662605e+00 3.969295e+01 2.509840e-01
2.511886e-05 3.833911e+01 9.817527e+00 3.957615e+01 2.560708e-01
2.570396e-05 3.817429e+01 9.972159e+00 3.945529e+01 2.612271e-01
2.630268e-05 3.800435e+01 1.012632e+01 3.933031e+01 2.664517e-01
2.691535e-05 3.782925e+01 1.027984e+01 3.920111e+01 2.717431e-01
2.754229e-05 3.764893e+01 1.043251e+01 3.906762e+01 2.770997e-01
2.818383e-05 3.746337e+01 1.058413e+01 3.892978e+01 2.825195e-01
2.884032e-05 3.727253e+01 1.073452e+01 3.878751e+01 2.880007e-01
2.951209e-05 3.707640e+01 1.088344e+01 3.864076e+01 2.935409e-01
3.019952e-05 3.687496e+01 1.103069e+01 3.848947e+01 2.991378e-01
3.090295e-05 3.666823e+01 1.117606e+01 3.833358e+01 3.047885e-01
3.162278e-05 3.645622e+01 1.131930e+01 3.817306e+01 3.104902e-01
3.235937e-05 3.623896e+01 1.146020e+01 3.800787e+01 3.162398e-01
3.311311e-05 3.601648e+01 1.159852e+01 3.783798e+01 3.220338e-01
3.388442e-05 3.578884e+01 1.173404e+01 3.766336e+01 3.278687e-01
3.467369e-05 3.555610e+01 1.186651e+01 3.748400e+01 3.337405e-01
3.548134e-05 3.531835e+01 1.199570e+01 3.729990e+01 3.396451e-01
3.630781e-05 3.507568e+01 1.212139e+01 3.711107e+01 3.455780e-01
3.715352e-05 3.482820e+01 1.224332e+01 3.691751e+01 3.515347e-01
3.801894e-05 3.457604e+01 1.236129e+01 3.671925e+01 3.575102e-01
3.890451e-05 3.431932e+01 1.247505e+01 3.651633e+01 3.634992e-01
3.981072e-05 3.405821e+01 1.258439e+01 3.630879e+01 3.694964e-01
4.073803e-05 3.379287e+01 1.268909e+01 3.609669e+01 3.754960e-01
4.168694e-05 3.352349e+01 1.278894e+01 3.588009e+01 3.814920e-01
4.265795e-05 3.325025e+01 1.288375e+01 3.565908e+01 3.874783e-01
4.365158e-05 3.297337e+01 1.297332e+01 3.543374e+01 3.934483e-01
4.466836e-05 3.269306e+01 1.305746e+01 3.520417e+01 3.993955e-01
4.570882e-05 3.240957e+01 1.313601e+01 3.497049e+01 4.053128e-01
4.677351e-05 3.212313e+01 1.320882e+01 3.473282e+01 4.111933e-01
4.786301e-05 3.183401e+01 1.327573e+01 3.449129e+01 4.170297e-01
4.897788e-05 3.154247e+01 1.333661e+01 3.424606e+01 4.228144e-01
5.011872e-05 3.124879e+01 1.339135e+01 3.399728e+01 4.285399e-01
5.128614e-05 3.095324e+01 1.343985e+01 3.374512e+01 4.341985e-01
5.248075e-05 3.065613e+01 1.348203e+01 3.348975e+01 4.397824e-01
5.370318e-05 3.035773e+01 1.351780e+01 3.323136e+01 4.452837e-01
5.495409e-05 3.005837e+01 1.354714e+01 3.297014e+01 4.506945e-01
5.623413e-05 2.975833e+01 1.357000e+01 3.270631e+01 4.560067e-01
5.754399e-05 2.945792e+01 1.358636e+01 3.244007e+01 4.612126e-01
5.888437e-05 2.915745e+01 1.359624e+01 3.217164e+01 4.663041e-01
6.025596e-05 2.885722e+01 1.359965e+01 3.190124e+01 4.712736e-01
6.165950e-05 2.855753e+01 1.359662e+01 3.162911e+01 4.761134e-01
6.309573e-05 2.825869e+01 1.358723e+01 3.135548e+01 4.808159e-01
6.456542e-05 2.796099e+01 1.357153e+01 3.108059e+01 4.853738e-01
6.606934e-05 2.766471e+01 1.354962e+01 3.080468e+01 4.897802e-01
6.760830e-05 2.737013e+01 1.352161e+01 3.052799e+01 4.940281e-01
6.918310e-05 2.707753e+01 1.348762e+01 3.025076e+01 4.981110e-01
7.079458e-05 2.678717e+01 1.344778e+01 2.997324e+01 5.020229e-01
7.244360e-05 2.649931e+01 1.340224e+01 2.969568e+01 5.057580e-01
7.413102e-05 2.621418e+01 1.335116e+01 2.941831e+01 5.093108e-01
7.585776e-05 2.593201e+01 1.329473e+01 2.914136e+01 5.126764e-01
7.762471e-05 2.565302e+01 1.323312e+01 2.886508e+01 5.158505e-01
7.943282e-05 2.537742e+01 1.316654e+01 2.858970e+01 5.188290e-01
8.128305e-05 2.510538e+01 1.309518e+01 2.831544e+01 5.216086e-01
8.317638e-05 2.483710e+01 1.301927e+01 2.804252e+01 5.241863e-01
8.511380e-05 2.457272e+01 1.293900e+01 2.777114e+01 5.265597e-01
8.709636e-05 2.431239e+01 1.285463e+01 2.750153e+01 5.287273e-01
8.912509e-05 2.405625e+01 1.276636e+01 2.723386e+01 5.306877e-01
9.120108e-05 2.380441e+01 1.267443e+01 2.696833e+01 5.324404e-01
9.332543e-05 2.355697e+01 1.257908e+01 2.670513e+01 5.339853e-01
9.549926e-05 2.331401e+01 1.248053e+01 2.644441e+01 5.353232e-01
9.772372e-05 2.307562e+01 1.237903e+01 2.618634e+01 5.364550e-01
1.000000e-04 2.284184e+01 1.227481e+01 2.593108e+01 5.373827e-01
1.023293e-04 2.261272e+01 1.216810e+01 2.567874e+01 5.381084e-01
1.047129e-04 2.238830e+01 1.205912e+01 2.542948e+01 5.386350e-01
1.071519e-04 2.216858e+01 1.194811e+01 2.518340e+01 5.389658e-01
1.096478e-04 2.195359e+01 1.183528e+01 2.494061e+01 5.391048e-01
1.122018e-04 2.174330e+01 1.172086e+01 2.470121e+01 5.390560e-01
1.148154e-04 2.153771e+01 1.160504e+01 2.446528e+01 5.388244e-01
1.174898e-04 2.133678e+01 1.148804e+01 2.423290e+01 5.384150e-01
1.202264e-04 2.114048e+01 1.137006e+01 2.400413e+01 5.378334e-01
1.230269e-04 2.094877e+01 1.125128e+01 2.377903e+01 5.370852e-01
1.258925e-04 2.076159e+01 1.113188e+01 2.355765e+01 5.361767e-01
1.288250e-04 2.057888e+01 1.101205e+01 2.334001e+01 5.351142e-01
1.318257e-04 2.040058e+01 1.089196e+01 2.312614e+01 5.339043e-01
1.348963e-04 2.022659e+01 1.077175e+01 2.291606e+01 5.325537e-01
1.380384e-04 2.005686e+01 1.065158e+01 2.270977e+01 5.310693e-01
1.412538e-04 1.989128e+01 1.053160e+01 2.250728e+01 5.294581e-01
1.445440e-04 1.972978e+01 1.041194e+01 2.230858e+01 5.277270e-01
1.479108e-04 1.957226e+01 1.029272e+01 2.211365e+01 5.258833e-01
1.513561e-04 1.941862e+01 1.017407e+01 2.192246e+01 5.239338e-01
1.548817e-04 1.926876e+01 1.005609e+01 2.173500e+01 5.218857e-01
1.584893e-04 1.912260e+01 9.938890e+00 2.155122e+01 5.197458e-01
1.621810e-04 1.898001e+01 9.822556e+00 2.137109e+01 5.175210e-01
1.659587e-04 1.884091e+01 9.707178e+00 2.119456e+01 5.152180e-01
1.698244e-04 1.870519e+01 9.592834e+00 2.102158e+01 5.128433e-01
1.737801e-04 1.857275e+01 9.479596e+00 2.085210e+01 5.104034e-01
1.778279e-04 1.844349e+01 9.367529e+00 2.068606e+01 5.079043e-01
1.819701e-04 1.831731e+01 9.256690e+00 2.052340e+01 5.053521e-01
1.862087e-04 1.819410e+01 9.147132e+00 2.036407e+01 5.027526e-01
1.905461e-04 1.807378e+01 9.038901e+00 2.020800e+01 5.001113e-01
1.949845e-04 1.795624e+01 8.932036e+00 2.005512e+01 4.974335e-01
1.995262e-04 1.784140e+01 8.826573e+00 1.990537e+01 4.947243e-01
2.041738e-04 1.772916e+01 8.722542e+00 1.975869e+01 4.919885e-01
2.089296e-04 1.761943e+01 8.619968e+00 1.961500e+01 4.892308e-01
2.137962e-04 1.751213e+01 8.518873e+00 1.947424e+01 4.864555e-01
2.187762e-04 1.740719e+01 8.419275e+00 1.933635e+01 4.836666e-01
2.238721e-04 1.730451e+01 8.321187e+00 1.920125e+01 4.808682e-01
2.290868e-04 1.720402e+01 8.224621e+00 1.906889e+01 4.780640e-01
2.344229e-04 1.710565e+01 8.129584e+00 1.893920e+01 4.752573e-01
2.398833e-04 1.700933e+01 8.036083e+00 1.881212e+01 4.724515e-01
2.454709e-04 1.691499e+01 7.944122e+00 1.868759e+01 4.696498e-01
2.511886e-04 1.682257e+01 7.853702e+00 1.856555e+01 4.668550e-01
2.570396e-04 1.673201e+01 7.764825e+00 1.844594e+01 4.640699e-01
2.630268e-04 1.664325e+01 7.677488e+00 1.832871e+01 4.612973e-01
2.691535e-04 1.655624e+01 7.591693e+00 1.821381e+01 4.585396e-01
2.754229e-04 1.647092e+01 7.507435e+00 1.810118e+01 4.557993e-01
2.818383e-04 1.638725e+01 7.424713e+00 1.799078e+01 4.530787e-01
2.884032e-04 1.630517e+01 7.343524e+00 1.788256e+01 4.503801e-01
2.951209e-04 1.622464e+01 7.263865e+00 1.777647e+01 4.477057e-01
3.019952e-04 1.614563e+01 7.185735e+00 1.767247e+01 4.450576e-01
3.090295e-04 1.606808e+01 7.109130e+00 1.757051e+01 4.424381e-01
3.162278e-04 1.599196e+01 7.034051e+00 1.747057e+01 4.398491e-01
3.235937e-04 1.591724e+01 6.960495e+00 1.737259e+01 4.372928e-01
3.311311e-04 1.584387e+01 6.888462e+00 1.727655e+01 4.347714e-01
3.388442e-04 1.577183e+01 6.817954e+00 1.718241e+01 4.322869e-01
3.467369e-04 1.570107e+01 6.748971e+00 1.709012e+01 4.298415e-01
3.548134e-04 1.563157e+01 6.681517e+00 1.699966e+01 4.274374e-01
3.630781e-04 1.556329e+01 6.615593e+00 1.691100e+01 4.250769e-01
3.715352e-04 1.549619e+01 6.551205e+00 1.682410e+01 4.227622e-01
3.801894e-04 1.543026e+01 6.488357e+00 1.673893e+01 4.204957e-01
3.890451e-04 1.536545e+01 6.427055e+00 1.665545e+01 4.182796e-01
3.981072e-04 1.530174e+01 6.367305e+00 1.657364e+01 4.161166e-01
4.073803e-04 1.523908e+01 6.309115e+00 1.649347e+01 4.140089e-01
4.168694e-04 1.517746e+01 6.252493e+00 1.641490e+01 4.119593e-01
4.265795e-04 1.511683e+01 6.197447e+00 1.633789e+01 4.099702e-01
4.365158e-04 1.505716e+01 6.143987e+00 1.626243e+01 4.080443e-01
4.466836e-04 1.499841e+01 6.092120e+00 1.618846e+01 4.061843e-01
4.570882e-04 1.494056e+01 6.041858e+00 1.611597e+01 4.043929e-01
4.677351e-04 1.488357e+01 5.993209e+00 1.604491e+01 4.026728e-01
4.786301e-04 1.482739e+01 5.946184e+00 1.597525e+01 4.010270e-01
4.897788e-04 1.477199e+01 5.900792e+00 1.590695e+01 3.994580e-01
5.011872e-04 1.471734e+01 5.857042e+00 1.583998e+01 3.979689e-01
5.128614e-04 1.466338e+01 5.814945e+00 1.577429e+01 3.965624e-01
5.248075e-04 1.461008e+01 5.774509e+00 1.570985e+01 3.952413e-01
5.370318e-04 1.455740e+01 5.735741e+00 1.564662e+01 3.940086e-01
5.495409e-04 1.450529e+01 5.698650e+00 1.558455e+01 3.928670e-01
5.623413e-04 1.445371e+01 5.663243e+00 1.552360e+01 3.918193e-01
5.754399e-04 1.440261e+01 5.629525e+00 1.546372e+01 3.908683e-01
5.888437e-04 1.435195e+01 5.597502e+00 1.540488e+01 3.900169e-01
6.025596e-04 1.430167e+01 5.567177e+00 1.534703e+01 3.892676e-01
6.165950e-04 1.425173e+01 5.538553e+00 1.529011e+01 3.886231e-01
6.309573e-04 1.420208e+01 5.511632e+00 1.523408e+01 3.880862e-01
6.456542e-04 1.415267e+01 5.486414e+00 1.517890e+01 3.876592e-01
6.606934e-04 1.410345e+01 5.462898e+00 1.512450e+01 3.873448e-01
6.760830e-04 1.405436e+01 5.441080e+00 1.507084e+01 3.871454e-01
6.918310e-04 1.400535e+01 5.420956e+00 1.501787e+01 3.870633e-01
7.079458e-04 1.395637e+01 5.402521e+00 1.496554e+01 3.871008e-01
7.244360e-04 1.390736e+01 5.385765e+00 1.491379e+01 3.872602e-01
7.413102e-04 1.385827e+01 5.370680e+00 1.486256e+01 3.875434e-01
7.585776e-04 1.380904e+01 5.357254e+00 1.481181e+01 3.879527e-01
7.762471e-04 1.375962e+01 5.345473e+00 1.476148e+01 3.884899e-01
7.943282e-04 1.370996e+01 5.335322e+00 1.471151e+01 3.891568e-01
8.128305e-04 1.365999e+01 5.326784e+00 1.466185e+01 3.899553e-01
8.317638e-04 1.360966e+01 5.319837e+00 1.461244e+01 3.908869e-01
8.511380e-04 1.355892e+01 5.314461e+00 1.456323e+01 3.919533e-01
8.709636e-04 1.350770e+01 5.310632e+00 1.451416e+01 3.931559e-01
8.912509e-04 1.345596e+01 5.308323e+00 1.446517e+01 3.944960e-01
9.120108e-04 1.340364e+01 5.307505e+00 1.441621e+01 3.959749e-01
9.332543e-04 1.335068e+01 5.308149e+00 1.436723e+01 3.975938e-01
9.549926e-04 1.329704e+01 5.310220e+00 1.431816e+01 3.993536e-01
9.772372e-04 1.324265e+01 5.313683e+00 1.426895e+01 4.012554e-01
1.000000e-03 1.318746e+01 5.318502e+00 1.421955e+01 4.032999e-01
1.023293e-03 1.313143e+01 5.324634e+00 1.416990e+01 4.054878e-01
1.047129e-03 1.307450e+01 5.332038e+00 1.411995e+01 4.078197e-01
1.071519e-03 1.301662e+01 5.340670e+00 1.406965e+01 4.102962e-01
1.096478e-03 1.295775e+01 5.350481e+00 1.401895e+01 4.129175e-01
1.122018e-03 1.289783e+01 5.361422e+00 1.396778e+01 4.156839e-01
1.148154e-03 1.283683e+01 5.373442e+00 1.391611e+01 4.185956e-01
1.174898e-03 1.277470e+01 5.386487e+00 1.386388e+01 4.216526e-01
1.202264e-03 1.271140e+01 5.400500e+00 1.381105e+01 4.248548e-01
1.230269e-03 1.264689e+01 5.415423e+00 1.375757e+01 4.282020e-01
1.258925e-03 1.258113e+01 5.431196e+00 1.370338e+01 4.316938e-01
1.288250e-03 1.251409e+01 5.447755e+00 1.364846e+01 4.353297e-01
1.318257e-03 1.244573e+01 5.465037e+00 1.359275e+01 4.391093e-01
1.348963e-03 1.237603e+01 5.482975e+00 1.353622e+01 4.430317e-01
1.380384e-03 1.230496e+01 5.501502e+00 1.347882e+01 4.470962e-01
1.412538e-03 1.223249e+01 5.520547e+00 1.342052e+01 4.513019e-01
1.445440e-03 1.215861e+01 5.540039e+00 1.336128e+01 4.556475e-01
1.479108e-03 1.208329e+01 5.559906e+00 1.330107e+01 4.601319e-01
1.513561e-03 1.200652e+01 5.580074e+00 1.323985e+01 4.647538e-01
1.548817e-03 1.192828e+01 5.600469e+00 1.317760e+01 4.695117e-01
1.584893e-03 1.184858e+01 5.621013e+00 1.311429e+01 4.744039e-01
1.621810e-03 1.176740e+01 5.641632e+00 1.304990e+01 4.794288e-01
1.659587e-03 1.168475e+01 5.662248e+00 1.298439e+01 4.845844e-01
1.698244e-03 1.160063e+01 5.682783e+00 1.291776e+01 4.898687e-01
1.737801e-03 1.151503e+01 5.703161e+00 1.284998e+01 4.952796e-01
1.778279e-03 1.142798e+01 5.723303e+00 1.278104e+01 5.008148e-01
1.819701e-03 1.133949e+01 5.743132e+00 1.271092e+01 5.064718e-01
1.862087e-03 1.124957e+01 5.762572e+00 1.263962e+01 5.122481e-01
1.905461e-03 1.115825e+01 5.781546e+00 1.256713e+01 5.181410e-01
1.949845e-03 1.106555e+01 5.799980e+00 1.249344e+01 5.241475e-01
1.995262e-03 1.097150e+01 5.817800e+00 1.241856e+01 5.302647e-01
2.041738e-03 1.087614e+01 5.834932e+00 1.234248e+01 5.364895e-01
2.089296e-03 1.077949e+01 5.851307e+00 1.226520e+01 5.428185e-01
2.137962e-03 1.068161e+01 5.866856e+00 1.218675e+01 5.492483e-01
2.187762e-03 1.058253e+01 5.881511e+00 1.210711e+01 5.557755e-01
2.238721e-03 1.048230e+01 5.895207e+00 1.202631e+01 5.623962e-01
2.290868e-03 1.038098e+01 5.907884e+00 1.194436e+01 5.691066e-01
2.344229e-03 1.027861e+01 5.919481e+00 1.186129e+01 5.759028e-01
2.398833e-03 1.017526e+01 5.929942e+00 1.177710e+01 5.827806e-01
2.454709e-03 1.007097e+01 5.939213e+00 1.169182e+01 5.897359e-01
2.511886e-03 9.965823e+00 5.947246e+00 1.160549e+01 5.967642e-01
2.570396e-03 9.859872e+00 5.953992e+00 1.151812e+01 6.038610e-01
2.630268e-03 9.753186e+00 5.959410e+00 1.142975e+01 6.110219e-01
2.691535e-03 9.645833e+00 5.963460e+00 1.134041e+01 6.182421e-01
2.754229e-03 9.537885e+00 5.966107e+00 1.125014e+01 6.255167e-01
2.818383e-03 9.429412e+00 5.967318e+00 1.115897e+01 6.328410e-01
2.884032e-03 9.320488e+00 5.967068e+00 1.106695e+01 6.402098e-01
2.951209e-03 9.211187e+00 5.965332e+00 1.097411e+01 6.476182e-01
3.019952e-03 9.101582e+00 5.962092e+00 1.088050e+01 6.550610e-01
3.090295e-03 8.991751e+00 5.957331e+00 1.078617e+01 6.625330e-01
3.162278e-03 8.881766e+00 5.951041e+00 1.069115e+01 6.700290e-01
3.235937e-03 8.771704e+00 5.943212e+00 1.059550e+01 6.775437e-01
3.311311e-03 8.661639e+00 5.933844e+00 1.049926e+01 6.850718e-01
3.388442e-03 8.551645e+00 5.922938e+00 1.040249e+01 6.926080e-01
3.467369e-03 8.441796e+00 5.910498e+00 1.030524e+01 7.001469e-01
3.548134e-03 8.332163e+00 5.896533e+00 1.020755e+01 7.076834e-01
3.630781e-03 8.222816e+00 5.881058e+00 1.010948e+01 7.152122e-01
3.715352e-03 8.113825e+00 5.864088e+00 1.001108e+01 7.227279e-01
3.801894e-03 8.005257e+00 5.845642e+00 9.912400e+00 7.302255e-01
3.890451e-03 7.897176e+00 5.825745e+00 9.813495e+00 7.376998e-01
3.981072e-03 7.789645e+00 5.804422e+00 9.714417e+00 7.451459e-01
4.073803e-03 7.682726e+00 5.781703e+00 9.615215e+00 7.525588e-01
4.168694e-03 7.576475e+00 5.757619e+00 9.515942e+00 7.599337e-01
4.265795e-03 7.470948e+00 5.732204e+00 9.416646e+00 7.672660e-01
4.365158e-03 7.366196e+00 5.705496e+00 9.317378e+00 7.745511e-01
4.466836e-03 7.262271e+00 5.677531e+00 9.218185e+00 7.817846e-01
4.570882e-03 7.159217e+00 5.648351e+00 9.119115e+00 7.889622e-01
4.677351e-03 7.057079e+00 5.617998e+00 9.020214e+00 7.960798e-01
4.786301e-03 6.955896e+00 5.586514e+00 8.921526e+00 8.031336e-01
4.897788e-03 6.855707e+00 5.553943e+00 8.823095e+00 8.101196e-01
5.011872e-03 6.756545e+00 5.520330e+00 8.724961e+00 8.170345e-01
5.128614e-03 6.658442e+00 5.485722e+00 8.627166e+00 8.238746e-01
5.248075e-03 6.561426e+00 5.450163e+00 8.529747e+00 8.306369e-01
5.370318e-03 6.465523e+00 5.413700e+00 8.432742e+00 8.373182e-01
5.495409e-03 6.370755e+00 5.376379e+00 8.336184e+00 8.439156e-01
5.623413e-03 6.277141e+00 5.338246e+00 8.240108e+00 8.504264e-01
5.754399e-03 6.184699e+00 5.299347e+00 8.144544e+00 8.568480e-01
5.888437e-03 6.093444e+00 5.259727e+00 8.049521e+00 8.631780e-01
6.025596e-03 6.003388e+00 5.219430e+00 7.955068e+00 8.694141e-01
6.165950e-03 5.914540e+00 5.178499e+00 7.861211e+00 8.755541e-01
6.309573e-03 5.826908e+00 5.136979e+00 7.767973e+00 8.815960e-01
6.456542e-03 5.740498e+00 5.094909e+00 7.675377e+00 8.875378e-01
6.606934e-03 5.655314e+00 5.052331e+00 7.583445e+00 8.933777e-01
6.760830e-03 5.571358e+00 5.009285e+00 7.492194e+00 8.991139e-01
6.918310e-03 5.488630e+00 4.965809e+00 7.401643e+00 9.047447e-01
7.079458e-03 5.407130e+00 4.921940e+00 7.311809e+00 9.102685e-01
7.244360e-03 5.326856e+00 4.877714e+00 7.222706e+00 9.156836e-01
7.413102e-03 5.247803e+00 4.833166e+00 7.134349e+00 9.209884e-01
7.585776e-03 5.169968e+00 4.788329e+00 7.046748e+00 9.261814e-01
7.762471e-03 5.093346e+00 4.743235e+00 6.959917e+00 9.312610e-01
7.943282e-03 5.017930e+00 4.697915e+00 6.873865e+00 9.362257e-01
8.128305e-03 4.943713e+00 4.652399e+00 6.788602e+00 9.410738e-01
8.317638e-03 4.870689e+00 4.606717e+00 6.704137e+00 9.458038e-01
8.511380e-03 4.798849e+00 4.560894e+00 6.620477e+00 9.504141e-01
8.709636e-03 4.728186e+00 4.514959e+00 6.537629e+00 9.549031e-01
8.912509e-03 4.658689e+00 4.468937e+00 6.455601e+00 9.592691e-01
9.120108e-03 4.590351e+00 4.422852e+00 6.374398e+00 9.635106e-01
9.332543e-03 4.523163e+00 4.376728e+00 6.294025e+00 9.676257e-01
9.549926e-03 4.457114e+00 4.330590e+00 6.214489e+00 9.716130e-01
9.772372e-03 4.392195e+00 4.284458e+00 6.135793e+00 9.754707e-01
1.000000e-02 4.328396e+00 4.238354e+00 6.057942e+00 9.791973e-01
1.023293e-02 4.265708e+00 4.192301e+00 5.980941e+00 9.827913e-01
1.047129e-02 4.204120e+00 4.146318e+00 5.904793e+00 9.862510e-01
1.071519e-02 4.143622e+00 4.100425e+00 5.829502e+00 9.895752e-01
1.096478e-02 4.084203e+00 4.054643e+00 5.755071e+00 9.927623e-01
1.122018e-02 4.025853e+00 4.008990e+00 5.681504e+00 9.958113e-01
1.148154e-02 3.968560e+00 3.963485e+00 5.608804e+00 9.987211e-01
1.174898e-02 3.912314e+00 3.918146e+00 5.536973e+00 1.001491e+00
1.202264e-02 3.857103e+00 3.872991e+00 5.466014e+00 1.004119e+00
1.230269e-02 3.802916e+00 3.828039e+00 5.395929e+00 1.006606e+00
1.258925e-02 3.749740e+00 3.783307e+00 5.326721e+00 1.008952e+00
1.288250e-02 3.697564e+00 3.738811e+00 5.258392e+00 1.011155e+00
1.318257e-02 3.646374e+00 3.694568e+00 5.190941e+00 1.013217e+00
1.348963e-02 3.596158e+00 3.650594e+00 5.124372e+00 1.015137e+00
1.380384e-02 3.546902e+00 3.606906e+00 5.058685e+00 1.016917e+00
1.412538e-02 3.498593e+00 3.563520e+00 4.993879e+00 1.018558e+00
1.445440e-02 3.451217e+00 3.520449e+00 4.929955e+00 1.020060e+00
1.479108e-02 3.404758e+00 3.477710e+00 4.866913e+00 1.021426e+00
1.513561e-02 3.359202e+00 3.435316e+00 4.804751e+00 1.022658e+00
1.548817e-02 3.314533e+00 3.393281e+00 4.743467e+00 1.023758e+00
1.584893e-02 3.270736e+00 3.351618e+00 4.683060e+00 1.024729e+00
1.621810e-02 3.227794e+00 3.310341e+00 4.623528e+00 1.025574e+00
1.659587e-02 3.185690e+00 3.269461e+00 4.564865e+00 1.026296e+00
1.698244e-02 3.144408e+00 3.228989e+00 4.507069e+00 1.026899e+00
1.737801e-02 3.103929e+00 3.188938e+00 4.450135e+00 1.027387e+00
1.778279e-02 3.064237e+00 3.149317e+00 4.394058e+00 1.027765e+00
1.819701e-02 3.025313e+00 3.110135e+00 4.338831e+00 1.028038e+00
1.862087e-02 2.987138e+00 3.071402e+00 4.284449e+00 1.028209e+00
1.905461e-02 2.949694e+00 3.033125e+00 4.230903e+00 1.028285e+00
1.949845e-02 2.912962e+00 2.995312e+00 4.178187e+00 1.028270e+00
1.995262e-02 2.876923e+00 2.957970e+00 4.126290e+00 1.028171e+00
2.041738e-02 2.841558e+00 2.921103e+00 4.075205e+00 1.027994e+00
2.089296e-02 2.806847e+00 2.884717e+00 4.024920e+00 1.027743e+00
2.137962e-02 2.772771e+00 2.848817e+00 3.975426e+00 1.027426e+00
2.187762e-02 2.739311e+00 2.813404e+00 3.926712e+00 1.027048e+00
2.238721e-02 2.706447e+00 2.778482e+00 3.878765e+00 1.026616e+00
2.290868e-02 2.674160e+00 2.744052e+00 3.831573e+00 1.026136e+00
2.344229e-02 2.642431e+00 2.710115e+00 3.785125e+00 1.025614e+00
2.398833e-02 2.611242e+00 2.676671e+00 3.739405e+00 1.025057e+00
2.454709e-02 2.580573e+00 2.643720e+00 3.694402e+00 1.024470e+00
2.511886e-02 2.550406e+00 2.611258e+00 3.650101e+00 1.023860e+00
2.570396e-02 2.520723e+00 2.579284e+00 3.606487e+00 1.023232e+00
2.630268e-02 2.491506e+00 2.547796e+00 3.563547e+00 1.022593e+00
2.691535e-02 2.462739e+00 2.516788e+00 3.521265e+00 1.021947e+00
2.754229e-02 2.434403e+00 2.486257e+00 3.479625e+00 1.021300e+00
2.818383e-02 2.406484e+00 2.456197e+00 3.438615e+00 1.020658e+00
2.884032e-02 2.378964e+00 2.426603e+00 3.398216e+00 1.020025e+00
2.951209e-02 2.351829e+00 2.397469e+00 3.358416e+00 1.019406e+00
3.019952e-02 2.325065e+00 2.368787e+00 3.319198e+00 1.018805e+00
3.090295e-02 2.298656e+00 2.340550e+00 3.280547e+00 1.018225e+00
3.162278e-02 2.272589e+00 2.312750e+00 3.242449e+00 1.017672e+00
3.235937e-02 2.246852e+00 2.285380e+00 3.204887e+00 1.017148e+00
3.311311e-02 2.221432e+00 2.258430e+00 3.167849e+00 1.016655e+00
3.388442e-02 2.196318e+00 2.231893e+00 3.131319e+00 1.016198e+00
3.467369e-02 2.171498e+00 2.205758e+00 3.095282e+00 1.015777e+00
3.548134e-02 2.146964e+00 2.180017e+00 3.059726e+00 1.015395e+00
3.630781e-02 2.122704e+00 2.154660e+00 3.024637e+00 1.015054e+00
3.715352e-02 2.098710e+00 2.129678e+00 2.990002e+00 1.014755e+00
3.801894e-02 2.074975e+00 2.105061e+00 2.955808e+00 1.014499e+00
3.890451e-02 2.051490e+00 2.080799e+00 2.922043e+00 1.014287e+00
3.981072e-02 2.028249e+00 2.056884e+00 2.888696e+00 1.014118e+00
4.073803e-02 2.005245e+00 2.033304e+00 2.855754e+00 1.013993e+00
4.168694e-02 1.982472e+00 2.010052e+00 2.823208e+00 1.013912e+00
4.265795e-02 1.959926e+00 1.987117e+00 2.791047e+00 1.013873e+00
4.365158e-02 1.937602e+00 1.964491e+00 2.759262e+00 1.013877e+00
4.466836e-02 1.915496e+00 1.942164e+00 2.727843e+00 1.013922e+00
4.570882e-02 1.893605e+00 1.920128e+00 2.696781e+00 1.014007e+00
4.677351e-02 1.871924e+00 1.898374e+00 2.666069e+00 1.014130e+00
4.786301e-02 1.850452e+00 1.876894e+00 2.635698e+00 1.014289e+00
4.897788e-02 1.829187e+00 1.855681e+00 2.605662e+00 1.014484e+00
5.011872e-02 1.808127e+00 1.834726e+00 2.575954e+00 1.014711e+00
5.128614e-02 1.787269e+00 1.814022e+00 2.546568e+00 1.014968e+00
5.248075e-02 1.766614e+00 1.793563e+00 2.517497e+00 1.015254e+00
5.370318e-02 1.746160e+00 1.773341e+00 2.488738e+00 1.015566e+00
5.495409e-02 1.725907e+00 1.753351e+00 2.460284e+00 1.015902e+00
5.623413e-02 1.705853e+00 1.733587e+00 2.432131e+00 1.016258e+00
5.754399e-02 1.686000e+00 1.714043e+00 2.404275e+00 1.016633e+00
5.888437e-02 1.666346e+00 1.694714e+00 2.376713e+00 1.017024e+00
6.025596e-02 1.646892e+00 1.675595e+00 2.349441e+00 1.017428e+00
6.165950e-02 1.627639e+00 1.656681e+00 2.322455e+00 1.017843e+00
6.309573e-02 1.608586e+00 1.637968e+00 2.295754e+00 1.018266e+00
6.456542e-02 1.589733e+00 1.619454e+00 2.269335e+00 1.018695e+00
6.606934e-02 1.571082e+00 1.601133e+00 2.243195e+00 1.019127e+00
6.760830e-02 1.552633e+00 1.583003e+00 2.217333e+00 1.019560e+00
6.918310e-02 1.534385e+00 1.565060e+00 2.191746e+00 1.019992e+00
7.079458e-02 1.516340e+00 1.547303e+00 2.166433e+00 1.020420e+00
7.244360e-02 1.498497e+00 1.529729e+00 2.141393e+00 1.020842e+00
7.413102e-02 1.480858e+00 1.512335e+00 2.116624e+00 1.021256e+00
7.585776e-02 1.463421e+00 1.495121e+00 2.092125e+00 1.021661e+00
7.762471e-02 1.446189e+00 1.478083e+00 2.067895e+00 1.022054e+00
7.943282e-02 1.429159e+00 1.461222e+00 2.043934e+00 1.022435e+00
8.128305e-02 1.412333e+00 1.444535e+00 2.020239e+00 1.022800e+00
8.317638e-02 1.395711e+00 1.428022e+00 1.996812e+00 1.023150e+00
8.511380e-02 1.379292e+00 1.411682e+00 1.973650e+00 1.023483e+00
8.709636e-02 1.363075e+00 1.395515e+00 1.950753e+00 1.023799e+00
8.912509e-02 1.347061e+00 1.379519e+00 1.928120e+00 1.024095e+00
9.120108e-02 1.331249e+00 1.363695e+00 1.905751e+00 1.024373e+00
9.332543e-02 1.315637e+00 1.348042e+00 1.883645e+00 1.024631e+00
9.549926e-02 1.300226e+00 1.332561e+00 1.861802e+00 1.024869e+00
9.772372e-02 1.285013e+00 1.317251e+00 1.840220e+00 1.025088e+00
1.000000e-01 1.269998e+00 1.302112e+00 1.818899e+00 1.025287e+00
1.023293e-01 1.255180e+00 1.287146e+00 1.797837e+00 1.025467e+00
1.047129e-01 1.240556e+00 1.272351e+00 1.777036e+00 1.025629e+00
1.071519e-01 1.226126e+00 1.257728e+00 1.756492e+00 1.025774e+00
1.096478e-01 1.211887e+00 1.243278e+00 1.736205e+00 1.025903e+00
1.122018e-01 1.197837e+00 1.229001e+00 1.716175e+00 1.026017e+00
1.148154e-01 1.183975e+00 1.214897e+00 1.696399e+00 1.026117e+00
1.174898e-01 1.170297e+00 1.200967e+00 1.676877e+00 1.026206e+00
1.202264e-01 1.156802e+00 1.187211e+00 1.657607e+00 1.026286e+00
1.230269e-01 1.143488e+00 1.173629e+00 1.638587e+00 1.026359e+00
1.258925e-01 1.130350e+00 1.160222e+00 1.619817e+00 1.026427e+00
1.288250e-01 1.117387e+00 1.146990e+00 1.601293e+00 1.026493e+00
1.318257e-01 1.104595e+00 1.133934e+00 1.583015e+00 1.026560e+00
1.348963e-01 1.091972e+00 1.121052e+00 1.564979e+00 1.026631e+00
1.380384e-01 1.079514e+00 1.108346e+00 1.547185e+00 1.026709e+00
1.412538e-01 1.067217e+00 1.095816e+00 1.529629e+00 1.026797e+00
1.445440e-01 1.055079e+00 1.083460e+00 1.512309e+00 1.026900e+00
1.479108e-01 1.043096e+00 1.071280e+00 1.495222e+00 1.027020e+00
1.513561e-01 1.031264e+00 1.059274e+00 1.478366e+00 1.027161e+00
1.548817e-01 1.019579e+00 1.047443e+00 1.461738e+00 1.027328e+00
1.584893e-01 1.008039e+00 1.035785e+00 1.445334e+00 1.027525e+00
1.621810e-01 9.966381e-01 1.024299e+00 1.429152e+00 1.027755e+00
1.659587e-01 9.853738e-01 1.012986e+00 1.413189e+00 1.028022e+00
1.698244e-01 9.742419e-01 1.001844e+00 1.397440e+00 1.028332e+00
1.737801e-01 9.632386e-01 9.908713e-01 1.381903e+00 1.028687e+00
1.778279e-01 9.523600e-01 9.800673e-01 1.366573e+00 1.029093e+00
1.819701e-01 9.416022e-01 9.694304e-01 1.351447e+00 1.029554e+00
1.862087e-01 9.309615e-01 9.589590e-01 1.336522e+00 1.030074e+00
1.905461e-01 9.204339e-01 9.486514e-01 1.321793e+00 1.030657e+00
1.949845e-01 9.100157e-01 9.385057e-01 1.307257e+00 1.031307e+00
1.995262e-01 8.997033e-01 9.285200e-01 1.292910e+00 1.032029e+00
2.041738e-01 8.894930e-01 9.186921e-01 1.278747e+00 1.032827e+00
2.089296e-01 8.793811e-01 9.090197e-01 1.264764e+00 1.033704e+00
2.137962e-01 8.693643e-01 8.995005e-01 1.250958e+00 1.034665e+00
2.187762e-01 8.594391e-01 8.901320e-01 1.237324e+00 1.035713e+00
2.238721e-01 8.496023e-01 8.809115e-01 1.223858e+00 1.036852e+00
2.290868e-01 8.398507e-01 8.718364e-01 1.210557e+00 1.038085e+00
2.344229e-01 8.301811e-01 8.629038e-01 1.197415e+00 1.039416e+00
2.398833e-01 8.205907e-01 8.541109e-01 1.184430e+00 1.040849e+00
2.454709e-01 8.110767e-01 8.454547e-01 1.171597e+00 1.042386e+00
2.511886e-01 8.016364e-01 8.369321e-01 1.158912e+00 1.044030e+00
2.570396e-01 7.922672e-01 8.285400e-01 1.146371e+00 1.045784e+00
2.630268e-01 7.829668e-01 8.202754e-01 1.133970e+00 1.047650e+00
2.691535e-01 7.737330e-01 8.121349e-01 1.121707e+00 1.049632e+00
2.754229e-01 7.645636e-01 8.041154e-01 1.109576e+00 1.051731e+00
2.818383e-01 7.554567e-01 7.962137e-01 1.097575e+00 1.053950e+00
2.884032e-01 7.464105e-01 7.884266e-01 1.085700e+00 1.056291e+00
2.951209e-01 7.374233e-01 7.807507e-01 1.073948e+00 1.058755e+00
3.019952e-01 7.284937e-01 7.731829e-01 1.062316e+00 1.061345e+00
3.090295e-01 7.196202e-01 7.657199e-01 1.050800e+00 1.064061e+00
3.162278e-01 7.108017e-01 7.583586e-01 1.039397e+00 1.066906e+00
3.235937e-01 7.020370e-01 7.510958e-01 1.028105e+00 1.069881e+00
3.311311e-01 6.933253e-01 7.439284e-01 1.016922e+00 1.072986e+00
3.388442e-01 6.846656e-01 7.368535e-01 1.005843e+00 1.076224e+00
3.467369e-01 6.760573e-01 7.298679e-01 9.948671e-01 1.079595e+00
3.548134e-01 6.674998e-01 7.229688e-01 9.839918e-01 1.083100e+00
3.630781e-01 6.589926e-01 7.161533e-01 9.732146e-01 1.086740e+00
3.715352e-01 6.505353e-01 7.094186e-01 9.625336e-01 1.090515e+00
3.801894e-01 6.421276e-01 7.027622e-01 9.519467e-01 1.094428e+00
3.890451e-01 6.337693e-01 6.961813e-01 9.414520e-01 1.098477e+00
3.981072e-01 6.254603e-01 6.896734e-01 9.310479e-01 1.102665e+00
4.073803e-01 6.172007e-01 6.832362e-01 9.207325e-01 1.106992e+00
4.168694e-01 6.089903e-01 6.768673e-01 9.105045e-01 1.111458e+00
4.265795e-01 6.008293e-01 6.705644e-01 9.003624e-01 1.116065e+00
4.365158e-01 5.927178e-01 6.643254e-01 8.903048e-01 1.120812e+00
4.466836e-01 5.846560e-01 6.581482e-01 8.803305e-01 1.125702e+00
4.570882e-01 5.766441e-01 6.520310e-01 8.704383e-01 1.130734e+00
4.677351e-01 5.686824e-01 6.459718e-01 8.606272e-01 1.135910e+00
4.786301e-01 5.607711e-01 6.399688e-01 8.508962e-01 1.141230e+00
4.897788e-01 5.529106e-01 6.340204e-01 8.412443e-01 1.146696e+00
5.011872e-01 5.451011e-01 6.281250e-01 8.316707e-01 1.152309e+00
5.128614e-01 5.373430e-01 6.222810e-01 8.221746e-01 1.158070e+00
5.248075e-01 5.296366e-01 6.164871e-01 8.127553e-01 1.163981e+00
5.370318e-01 5.219822e-01 6.107418e-01 8.034121e-01 1.170043e+00
5.495409e-01 5.143801e-01 6.050440e-01 7.941442e-01 1.176259e+00
5.623413e-01 5.068306e-01 5.993923e-01 7.849512e-01 1.182628e+00
5.754399e-01 4.993341e-01 5.937857e-01 7.758325e-01 1.189155e+00
5.888437e-01 4.918908e-01 5.882231e-01 7.667874e-01 1.195841e+00
6.025596e-01 4.845009e-01 5.827035e-01 7.578156e-01 1.202688e+00
6.165950e-01 4.771648e-01 5.772258e-01 7.489164e-01 1.209699e+00
6.309573e-01 4.698825e-01 5.717892e-01 7.400895e-01 1.216877e+00
6.456542e-01 4.626543e-01 5.663929e-01 7.313343e-01 1.224225e+00
6.606934e-01 4.554804e-01 5.610359e-01 7.226505e-01 1.231746e+00
6.760830e-01 4.483609e-01 5.557176e-01 7.140375e-01 1.239443e+00
6.918310e-01 4.412959e-01 5.504371e-01 7.054949e-01 1.247320e+00
7.079458e-01 4.342855e-01 5.451937e-01 6.970223e-01 1.255381e+00
7.244360e-01 4.273297e-01 5.399868e-01 6.886192e-01 1.263630e+00
7.413102e-01 4.204286e-01 5.348156e-01 6.802852e-01 1.272072e+00
7.585776e-01 4.135821e-01 5.296795e-01 6.720197e-01 1.280712e+00
7.762471e-01 4.067904e-01 5.245778e-01 6.638224e-01 1.289553e+00
7.943282e-01 4.000532e-01 5.195099e-01 6.556928e-01 1.298602e+00
8.128305e-01 3.933706e-01 5.144751e-01 6.476304e-01 1.307864e+00
8.317638e-01 3.867425e-01 5.094729e-01 6.396346e-01 1.317344e+00
8.511380e-01 3.801687e-01 5.045026e-01 6.317050e-01 1.327049e+00
8.709636e-01 3.736492e-01 4.995636e-01 6.238410e-01 1.336986e+00
8.912509e-01 3.671838e-01 4.946553e-01 6.160420e-01 1.347160e+00
9.120108e-01 3.607724e-01 4.897770e-01 6.083076e-01 1.357579e+00
9.332543e-01 3.544148e-01 4.849280e-01 6.006372e-01 1.368250e+00
9.549926e-01 3.481109e-01 4.801078e-01 5.930300e-01 1.379181e+00
9.772372e-01 3.418605e-01 4.753156e-01 5.854857e-01 1.390379e+00
1.000000e+00 3.356635e-01 4.705508e-01 5.780035e-01 1.401853e+00
1.023293e+00 3.295198e-01 4.658128e-01 5.705829e-01 1.413611e+00
1.047129e+00 3.234291e-01 4.611007e-01 5.632231e-01 1.425663e+00
1.071519e+00 3.173914e-01 4.564140e-01 5.559236e-01 1.438016e+00
1.096478e+00 3.114066e-01 4.517519e-01 5.486838e-01 1.450682e+00
1.122018e+00 3.054745e-01 4.471137e-01 5.415029e-01 1.463670e+00
1.148154e+00 2.995951e-01 4.424987e-01 5.343803e-01 1.476989e+00
1.174898e+00 2.937683e-01 4.379060e-01 5.273154e-01 1.490651e+00
1.202264e+00 2.879941e-01 4.333350e-01 5.203075e-01 1.504667e+00
1.230269e+00 2.822724e-01 4.287850e-01 5.133559e-01 1.519047e+00
1.258925e+00 2.766034e-01 4.242551e-01 5.064601e-01 1.533803e+00
1.288250e+00 2.709871e-01 4.197446e-01 4.996194e-01 1.548947e+00
1.318257e+00 2.654235e-01 4.152528e-01 4.928332e-01 1.564492e+00
1.348963e+00 2.599128e-01 4.107790e-01 4.861008e-01 1.580449e+00
1.380384e+00 2.544551e-01 4.063223e-01 4.794217e-01 1.596833e+00
1.412538e+00 2.490507e-01 4.018821e-01 4.727953e-01 1.613656e+00
1.445440e+00 2.436997e-01 3.974576e-01 4.662211e-01 1.630932e+00
1.479108e+00 2.384025e-01 3.930482e-01 4.596985e-01 1.648675e+00
1.513561e+00 2.331594e-01 3.886533e-01 4.532270e-01 1.666900e+00
1.548817e+00 2.279707e-01 3.842721e-01 4.468061e-01 1.685621e+00
1.584893e+00 2.228368e-01 3.799041e-01 4.404354e-01 1.704853e+00
1.621810e+00 2.177582e-01 3.755486e-01 4.341145e-01 1.724613e+00
1.659587e+00 2.127353e-01 3.712052e-01 4.278429e-01 1.744916e+00
1.698244e+00 2.077686e-01 3.668733e-01 4.216204e-01 1.765778e+00
1.737801e+00 2.028586e-01 3.625524e-01 4.154466e-01 1.787217e+00
1.778279e+00 1.980060e-01 3.582422e-01 4.093212e-01 1.809249e+00
1.819701e+00 1.932113e-01 3.539423e-01 4.032441e-01 1.831892e+00
1.862087e+00 1.884751e-01 3.496524e-01 3.972149e-01 1.855165e+00
1.905461e+00 1.837981e-01 3.453721e-01 3.912335e-01 1.879084e+00
1.949845e+00 1.791809e-01 3.411013e-01 3.852998e-01 1.903670e+00
1.995262e+00 1.746243e-01 3.368399e-01 3.794137e-01 1.928941e+00
2.041738e+00 1.701288e-01 3.325877e-01 3.735752e-01 1.954917e+00
2.089296e+00 1.656952e-01 3.283448e-01 3.677842e-01 1.981619e+00
2.137962e+00 1.613243e-01 3.241111e-01 3.620408e-01 2.009066e+00
2.187762e+00 1.570166e-01 3.198868e-01 3.563451e-01 2.037280e+00
2.238721e+00 1.527730e-01 3.156721e-01 3.506971e-01 2.066283e+00
2.290868e+00 1.485940e-01 3.114671e-01 3.450970e-01 2.096095e+00
2.344229e+00 1.444804e-01 3.072722e-01 3.395450e-01 2.126740e+00
2.398833e+00 1.404328e-01 3.030877e-01 3.340412e-01 2.158241e+00
2.454709e+00 1.364518e-01 2.989141e-01 3.285860e-01 2.190620e+00
2.511886e+00 1.325381e-01 2.947519e-01 3.231796e-01 2.223902e+00
2.570396e+00 1.286923e-01 2.906015e-01 3.178222e-01 2.258111e+00
2.630268e+00 1.249148e-01 2.864637e-01 3.125143e-01 2.293272e+00
2.691535e+00 1.212063e-01 2.823390e-01 3.072561e-01 2.329410e+00
2.754229e+00 1.175670e-01 2.782283e-01 3.020480e-01 2.366550e+00
2.818383e+00 1.139976e-01 2.741322e-01 2.968904e-01 2.404719e+00
2.884032e+00 1.104982e-01 2.700516e-01 2.917837e-01 2.443945e+00
2.951209e+00 1.070693e-01 2.659874e-01 2.867283e-01 2.484253e+00
3.019952e+00 1.037111e-01 2.619404e-01 2.817246e-01 2.525673e+00
3.090295e+00 1.004238e-01 2.579116e-01 2.767731e-01 2.568233e+00
3.162278e+00 9.720744e-02 2.539020e-01 2.718741e-01 2.611961e+00
3.235937e+00 9.406220e-02 2.499126e-01 2.670281e-01 2.656887e+00
3.311311e+00 9.098804e-02 2.459444e-01 2.622355e-01 2.703041e+00
3.388442e+00 8.798492e-02 2.419985e-01 2.574968e-01 2.750454e+00
3.467369e+00 8.505269e-02 2.380758e-01 2.528123e-01 2.799157e+00
3.548134e+00 8.219117e-02 2.341776e-01 2.481824e-01 2.849182e+00
3.630781e+00 7.940009e-02 2.303048e-01 2.436076e-01 2.900561e+00
3.715352e+00 7.667913e-02 2.264586e-01 2.390882e-01 2.953328e+00
3.801894e+00 7.402788e-02 2.226400e-01 2.346246e-01 3.007515e+00
3.890451e+00 7.144590e-02 2.188501e-01 2.302170e-01 3.063158e+00
3.981072e+00 6.893264e-02 2.150899e-01 2.258659e-01 3.120292e+00
4.073803e+00 6.648752e-02 2.113606e-01 2.215714e-01 3.178951e+00
4.168694e+00 6.410989e-02 2.076630e-01 2.173338e-01 3.239173e+00
4.265795e+00 6.179904e-02 2.039982e-01 2.131535e-01 3.300994e+00
4.365158e+00 5.955421e-02 2.003673e-01 2.090305e-01 3.364452e+00
4.466836e+00 5.737457e-02 1.967710e-01 2.049650e-01 3.429585e+00
4.570882e+00 5.525925e-02 1.932103e-01 2.009572e-01 3.496434e+00
4.677351e+00 5.320734e-02 1.896862e-01 1.970073e-01 3.565037e+00
4.786301e+00 5.121787e-02 1.861993e-01 1.931151e-01 3.635436e+00
4.897788e+00 4.928983e-02 1.827505e-01 1.892809e-01 3.707672e+00
5.011872e+00 4.742218e-02 1.793406e-01 1.855045e-01 3.781788e+00
5.128614e+00 4.561383e-02 1.759703e-01 1.817860e-01 3.857827e+00
5.248075e+00 4.386368e-02 1.726401e-01 1.781253e-01 3.935833e+00
5.370318e+00 4.217057e-02 1.693508e-01 1.745223e-01 4.015852e+00
5.495409e+00 4.053335e-02 1.661028e-01 1.709769e-01 4.097929e+00
5.623413e+00 3.895083e-02 1.628967e-01 1.674888e-01 4.182111e+00
5.754399e+00 3.742180e-02 1.597329e-01 1.640579e-01 4.268447e+00
5.888437e+00 3.594503e-02 1.566119e-01 1.606840e-01 4.356984e+00
6.025596e+00 3.451930e-02 1.535341e-01 1.573667e-01 4.447775e+00
6.165950e+00 3.314335e-02 1.504996e-01 1.541058e-01 4.540869e+00
6.309573e+00 3.181595e-02 1.475088e-01 1.509010e-01 4.636318e+00
6.456542e+00 3.053583e-02 1.445620e-01 1.477519e-01 4.734176e+00
6.606934e+00 2.930175e-02 1.416593e-01 1.446580e-01 4.834498e+00
6.760830e+00 2.811246e-02 1.388007e-01 1.416190e-01 4.937339e+00
6.918310e+00 2.696670e-02 1.359865e-01 1.386345e-01 5.042756e+00
7.079458e+00 2.586325e-02 1.332166e-01 1.357040e-01 5.150807e+00
7.244360e+00 2.480087e-02 1.304911e-01 1.328270e-01 5.261552e+00
7.413102e+00 2.377835e-02 1.278098e-01 1.300029e-01 5.375052e+00
7.585776e+00 2.279447e-02 1.251728e-01 1.272314e-01 5.491367e+00
7.762471e+00 2.184805e-02 1.225799e-01 1.245117e-01 5.610563e+00
7.943282e+00 2.093792e-02 1.200309e-01 1.218434e-01 5.732705e+00
8.128305e+00 2.006291e-02 1.175257e-01 1.192258e-01 5.857857e+00
8.317638e+00 1.922189e-02 1.150640e-01 1.166585e-01 5.986089e+00
8.511380e+00 1.841375e-02 1.126456e-01 1.141406e-01 6.117470e+00
8.709636e+00 1.763738e-02 1.102701e-01 1.116718e-01 6.252071e+00
8.912509e+00 1.689171e-02 1.079374e-01 1.092512e-01 6.389965e+00
9.120108e+00 1.617569e-02 1.056471e-01 1.068782e-01 6.531227e+00
9.332543e+00 1.548829e-02 1.033987e-01 1.045523e-01 6.675931e+00
9.549926e+00 1.482850e-02 1.011920e-01 1.022727e-01 6.824157e+00
9.772372e+00 1.419535e-02 9.902656e-02 1.000388e-01 6.975984e+00
1.000000e+01 1.358788e-02 9.690189e-02 9.784992e-02 7.131493e+00
