1.000000e-06 2.145507e+01 1.111836e-01 2.145536e+01 5.182161e-03
1.023293e-06 2.145499e+01 1.137719e-01 2.145529e+01 5.302819e-03
1.047129e-06 2.145490e+01 1.164204e-01 2.145521e+01 5.426284e-03
1.071519e-06 2.145481e+01 1.191304e-01 2.145514e+01 5.552621e-03
1.096478e-06 2.145471e+01 1.219034e-01 2.145505e+01 5.681896e-03
1.122018e-06 2.145460e+01 1.247409e-01 2.145497e+01 5.814178e-03
1.148154e-06 2.145450e+01 1.276443e-01 2.145488e+01 5.949537e-03
1.174898e-06 2.145438e+01 1.306152e-01 2.145478e+01 6.088044e-03
1.202264e-06 2.145427e+01 1.336552e-01 2.145468e+01 6.229772e-03
1.230269e-06 2.145414e+01 1.367657e-01 2.145458e+01 6.374795e-03
1.258925e-06 2.145401e+01 1.399486e-01 2.145447e+01 6.523190e-03
1.288250e-06 2.145388e+01 1.432054e-01 2.145435e+01 6.675034e-03
1.318257e-06 2.145373e+01 1.465378e-01 2.145423e+01 6.830409e-03
1.348963e-06 2.145359e+01 1.499476e-01 2.145411e+01 6.989395e-03
1.380384e-06 2.145343e+01 1.534366e-01 2.145398e+01 7.152076e-03
1.412538e-06 2.145327e+01 1.570065e-01 2.145384e+01 7.318538e-03
1.445440e-06 2.145310e+01 1.606594e-01 2.145370e+01 7.488867e-03
1.479108e-06 2.145292e+01 1.643970e-01 2.145355e+01 7.663154e-03
1.513561e-06 2.145273e+01 1.682214e-01 2.145339e+01 7.841490e-03
1.548817e-06 2.145253e+01 1.721345e-01 2.145322e+01 8.023969e-03
1.584893e-06 2.145233e+01 1.761383e-01 2.145305e+01 8.210685e-03
1.621810e-06 2.145211e+01 1.802350e-01 2.145287e+01 8.401737e-03
1.659587e-06 2.145189e+01 1.844267e-01 2.145268e+01 8.597226e-03
1.698244e-06 2.145165e+01 1.887156e-01 2.145248e+01 8.797252e-03
1.737801e-06 2.145141e+01 1.931039e-01 2.145228e+01 9.001921e-03
1.778279e-06 2.145115e+01 1.975938e-01 2.145206e+01 9.211341e-03
1.819701e-06 2.145088e+01 2.021878e-01 2.145183e+01 9.425619e-03
1.862087e-06 2.145060e+01 2.068882e-01 2.145159e+01 9.644869e-03
1.905461e-06 2.145030e+01 2.116974e-01 2.145134e+01 9.869204e-03
1.949845e-06 2.144999e+01 2.166179e-01 2.145108e+01 1.009874e-02
1.995262e-06 2.144966e+01 2.216523e-01 2.145081e+01 1.033360e-02
2.041738e-06 2.144932e+01 2.268031e-01 2.145052e+01 1.057390e-02
2.089296e-06 2.144897e+01 2.320730e-01 2.145022e+01 1.081978e-02
2.137962e-06 2.144859e+01 2.374648e-01 2.144991e+01 1.107135e-02
2.187762e-06 2.144820e+01 2.429812e-01 2.144958e+01 1.132874e-02
2.238721e-06 2.144780e+01 2.486250e-01 2.144924e+01 1.159210e-02
2.290868e-06 2.144737e+01 2.543991e-01 2.144888e+01 1.186155e-02
2.344229e-06 2.144692e+01 2.603065e-01 2.144850e+01 1.213724e-02
2.398833e-06 2.144645e+01 2.663502e-01 2.144810e+01 1.241931e-02
2.454709e-06 2.144596e+01 2.725332e-01 2.144769e+01 1.270791e-02
2.511886e-06 2.144544e+01 2.788588e-01 2.144726e+01 1.300317e-02
2.570396e-06 2.144491e+01 2.853301e-01 2.144680e+01 1.330526e-02
2.630268e-06 2.144434e+01 2.919505e-01 2.144633e+01 1.361434e-02
2.691535e-06 2.144375e+01 2.987232e-01 2.144583e+01 1.393055e-02
2.754229e-06 2.144313e+01 3.056517e-01 2.144531e+01 1.425406e-02
2.818383e-06 2.144249e+01 3.127394e-01 2.144477e+01 1.458503e-02
2.884032e-06 2.144181e+01 3.199900e-01 2.144420e+01 1.492365e-02
2.951209e-06 2.144110e+01 3.274070e-01 2.144360e+01 1.527007e-02
3.019952e-06 2.144036e+01 3.349942e-01 2.144298e+01 1.562447e-02
3.090295e-06 2.143958e+01 3.427554e-01 2.144232e+01 1.598704e-02
3.162278e-06 2.143877e+01 3.506943e-01 2.144164e+01 1.635795e-02
3.235937e-06 2.143792e+01 3.588150e-01 2.144092e+01 1.673740e-02
3.311311e-06 2.143703e+01 3.671214e-01 2.144017e+01 1.712557e-02
3.388442e-06 2.143609e+01 3.756177e-01 2.143939e+01 1.752267e-02
3.467369e-06 2.143512e+01 3.843079e-01 2.143856e+01 1.792889e-02
3.548134e-06 2.143410e+01 3.931963e-01 2.143770e+01 1.834443e-02
3.630781e-06 2.143303e+01 4.022872e-01 2.143680e+01 1.876950e-02
3.715352e-06 2.143191e+01 4.115851e-01 2.143586e+01 1.920432e-02
3.801894e-06 2.143073e+01 4.210945e-01 2.143487e+01 1.964909e-02
3.890451e-06 2.142951e+01 4.308198e-01 2.143384e+01 2.010404e-02
3.981072e-06 2.142822e+01 4.407657e-01 2.143276e+01 2.056940e-02
4.073803e-06 2.142688e+01 4.509369e-01 2.143162e+01 2.104539e-02
4.168694e-06 2.142547e+01 4.613383e-01 2.143044e+01 2.153224e-02
4.265795e-06 2.142400e+01 4.719747e-01 2.142920e+01 2.203019e-02
4.365158e-06 2.142246e+01 4.828511e-01 2.142790e+01 2.253948e-02
4.466836e-06 2.142084e+01 4.939724e-01 2.142654e+01 2.306036e-02
4.570882e-06 2.141916e+01 5.053440e-01 2.142512e+01 2.359309e-02
4.677351e-06 2.141739e+01 5.169709e-01 2.142363e+01 2.413790e-02
4.786301e-06 2.141554e+01 5.288583e-01 2.142207e+01 2.469507e-02
4.897788e-06 2.141361e+01 5.410118e-01 2.142044e+01 2.526486e-02
5.011872e-06 2.141158e+01 5.534366e-01 2.141873e+01 2.584754e-02
5.128614e-06 2.140946e+01 5.661384e-01 2.141695e+01 2.644337e-02
5.248075e-06 2.140725e+01 5.791226e-01 2.141508e+01 2.705264e-02
5.370318e-06 2.140493e+01 5.923949e-01 2.141312e+01 2.767563e-02
5.495409e-06 2.140250e+01 6.059610e-01 2.141108e+01 2.831262e-02
5.623413e-06 2.139996e+01 6.198266e-01 2.140894e+01 2.896391e-02
5.754399e-06 2.139731e+01 6.339977e-01 2.140670e+01 2.962979e-02
5.888437e-06 2.139453e+01 6.484801e-01 2.140435e+01 3.031056e-02
6.025596e-06 2.139162e+01 6.632797e-01 2.140190e+01 3.100652e-02
6.165950e-06 2.138858e+01 6.784025e-01 2.139934e+01 3.171798e-02
6.309573e-06 2.138540e+01 6.938546e-01 2.139665e+01 3.244525e-02
6.456542e-06 2.138207e+01 7.096419e-01 2.139385e+01 3.318864e-02
6.606934e-06 2.137859e+01 7.257707e-01 2.139091e+01 3.394848e-02
6.760830e-06 2.137495e+01 7.422471e-01 2.138784e+01 3.472508e-02
6.918310e-06 2.137115e+01 7.590771e-01 2.138463e+01 3.551878e-02
7.079458e-06 2.136717e+01 7.762669e-01 2.138126e+01 3.632989e-02
7.244360e-06 2.136301e+01 7.938228e-01 2.137775e+01 3.715876e-02
7.413102e-06 2.135866e+01 8.117508e-01 2.137408e+01 3.800571e-02
7.585776e-06 2.135411e+01 8.300571e-01 2.137023e+01 3.887108e-02
7.762471e-06 2.134935e+01 8.487478e-01 2.136621e+01 3.975521e-02
7.943282e-06 2.134438e+01 8.678290e-01 2.136201e+01 4.065844e-02
8.128305e-06 2.133918e+01 8.873067e-01 2.135762e+01 4.158111e-02
8.317638e-06 2.133375e+01 9.071868e-01 2.135303e+01 4.252356e-02
8.511380e-06 2.132807e+01 9.274753e-01 2.134823e+01 4.348614e-02
8.709636e-06 2.132214e+01 9.481779e-01 2.134321e+01 4.446918e-02
8.912509e-06 2.131594e+01 9.693003e-01 2.133796e+01 4.547304e-02
9.120108e-06 2.130946e+01 9.908481e-01 2.133248e+01 4.649805e-02
9.332543e-06 2.130269e+01 1.012827e+00 2.132675e+01 4.754455e-02
9.549926e-06 2.129562e+01 1.035241e+00 2.132077e+01 4.861288e-02
9.772372e-06 2.128823e+01 1.058097e+00 2.131451e+01 4.970337e-02
1.000000e-05 2.128052e+01 1.081399e+00 2.130798e+01 5.081636e-02
1.023293e-05 2.127247e+01 1.105151e+00 2.130116e+01 5.195216e-02
1.047129e-05 2.126406e+01 1.129358e+00 2.129403e+01 5.311111e-02
1.071519e-05 2.125528e+01 1.154024e+00 2.128658e+01 5.429352e-02
1.096478e-05 2.124611e+01 1.179153e+00 2.127881e+01 5.549969e-02
1.122018e-05 2.123655e+01 1.204748e+00 2.127069e+01 5.672993e-02
1.148154e-05 2.122657e+01 1.230812e+00 2.126222e+01 5.798452e-02
1.174898e-05 2.121615e+01 1.257348e+00 2.125338e+01 5.926374e-02
1.202264e-05 2.120528e+01 1.284359e+00 2.124414e+01 6.056786e-02
1.230269e-05 2.119395e+01 1.311845e+00 2.123451e+01 6.189714e-02
1.258925e-05 2.118213e+01 1.339808e+00 2.122446e+01 6.325182e-02
1.288250e-05 2.116981e+01 1.368249e+00 2.121398e+01 6.463211e-02
1.318257e-05 2.115696e+01 1.397168e+00 2.120304e+01 6.603824e-02
1.348963e-05 2.114357e+01 1.426565e+00 2.119164e+01 6.747037e-02
1.380384e-05 2.112962e+01 1.456437e+00 2.117975e+01 6.892869e-02
1.412538e-05 2.111508e+01 1.486783e+00 2.116736e+01 7.041333e-02
1.445440e-05 2.109994e+01 1.517601e+00 2.115444e+01 7.192442e-02
1.479108e-05 2.108417e+01 1.548886e+00 2.114099e+01 7.346204e-02
1.513561e-05 2.106775e+01 1.580635e+00 2.112697e+01 7.502626e-02
1.548817e-05 2.105067e+01 1.612842e+00 2.111236e+01 7.661712e-02
1.584893e-05 2.103289e+01 1.645500e+00 2.109716e+01 7.823462e-02
1.621810e-05 2.101439e+01 1.678602e+00 2.108133e+01 7.987871e-02
1.659587e-05 2.099516e+01 1.712141e+00 2.106485e+01 8.154933e-02
1.698244e-05 2.097516e+01 1.746105e+00 2.104771e+01 8.324636e-02
1.737801e-05 2.095437e+01 1.780486e+00 2.102988e+01 8.496965e-02
1.778279e-05 2.093277e+01 1.815269e+00 2.101134e+01 8.671899e-02
1.819701e-05 2.091034e+01 1.850443e+00 2.099206e+01 8.849414e-02
1.862087e-05 2.088705e+01 1.885992e+00 2.097203e+01 9.029480e-02
1.905461e-05 2.086288e+01 1.921901e+00 2.095121e+01 9.212061e-02
1.949845e-05 2.083779e+01 1.958152e+00 2.092960e+01 9.397116e-02
1.995262e-05 2.081178e+01 1.994725e+00 2.090715e+01 9.584598e-02
2.041738e-05 2.078481e+01 2.031602e+00 2.088386e+01 9.774453e-02
2.089296e-05 2.075686e+01 2.068758e+00 2.085970e+01 9.966624e-02
2.137962e-05 2.072791e+01 2.106172e+00 2.083464e+01 1.016104e-01
2.187762e-05 2.069793e+01 2.143816e+00 2.080866e+01 1.035763e-01
2.238721e-05 2.066691e+01 2.181665e+00 2.078174e+01 1.055632e-01
2.290868e-05 2.063482e+01 2.219690e+00 2.075386e+01 1.075701e-01
2.344229e-05 2.060164e+01 2.257860e+00 2.072500e+01 1.095961e-01
2.398833e-05 2.056735e+01 2.296143e+00 2.069513e+01 1.116402e-01
2.454709e-05 2.053194e+01 2.334506e+00 2.066423e+01 1.137012e-01
2.511886e-05 2.049538e+01 2.372913e+00 2.063229e+01 1.157779e-01
2.570396e-05 2.045767e+01 2.411326e+00 2.059929e+01 1.178691e-01
2.630268e-05 2.041878e+01 2.449708e+00 2.056520e+01 1.199733e-01
2.691535e-05 2.037870e+01 2.488018e+00 2.053002e+01 1.220891e-01
2.754229e-05 2.033743e+01 2.526213e+00 2.049373e+01 1.242149e-01
2.818383e-05 2.029495e+01 2.564251e+00 2.045631e+01 1.263492e-01
2.884032e-05 2.025127e+01 2.602086e+00 2.041775e+01 1.284901e-01
2.951209e-05 2.020636e+01 2.639673e+00 2.037805e+01 1.306358e-01
3.019952e-05 2.016023e+01 2.676965e+00 2.033719e+01 1.327844e-01
3.090295e-05 2.011289e+01 2.713913e+00 2.029516e+01 1.349341e-01
3.162278e-05 2.006433e+01 2.750469e+00 2.025197e+01 1.370825e-01
3.235937e-05 2.001455e+01 2.786581e+00 2.020761e+01 1.392277e-01
3.311311e-05 1.996358e+01 2.822200e+00 2.016208e+01 1.413674e-01
3.388442e-05 1.991141e+01 2.857275e+00 2.011538e+01 1.434993e-01
3.467369e-05 1.985807e+01 2.891754e+00 2.006752e+01 1.456211e-01
3.548134e-05 1.980357e+01 2.925585e+00 2.001850e+01 1.477302e-01
3.630781e-05 1.974793e+01 2.958719e+00 1.996835e+01 1.498243e-01
3.715352e-05 1.969118e+01 2.991104e+00 1.991706e+01 1.519007e-01
3.801894e-05 1.963334e+01 3.022690e+00 1.986466e+01 1.539570e-01
3.890451e-05 1.957444e+01 3.053428e+00 1.981116e+01 1.559906e-01
3.981072e-05 1.951452e+01 3.083269e+00 1.975659e+01 1.579987e-01
4.073803e-05 1.945361e+01 3.112168e+00 1.970098e+01 1.599789e-01
4.168694e-05 1.939176e+01 3.140077e+00 1.964435e+01 1.619285e-01
4.265795e-05 1.932900e+01 3.166956e+00 1.958673e+01 1.638448e-01
4.365158e-05 1.926539e+01 3.192761e+00 1.952816e+01 1.657252e-01
4.466836e-05 1.920097e+01 3.217455e+00 1.946868e+01 1.675673e-01
4.570882e-05 1.913580e+01 3.241001e+00 1.940832e+01 1.693685e-01
4.677351e-05 1.906992e+01 3.263366e+00 1.934713e+01 1.711263e-01
4.786301e-05 1.900341e+01 3.284519e+00 1.928516e+01 1.728384e-01
4.897788e-05 1.893630e+01 3.304432e+00 1.922246e+01 1.745025e-01
5.011872e-05 1.886868e+01 3.323083e+00 1.915907e+01 1.761164e-01
5.128614e-05 1.880059e+01 3.340451e+00 1.909505e+01 1.776780e-01
5.248075e-05 1.873211e+01 3.356520e+00 1.903045e+01 1.791854e-01
5.370318e-05 1.866329e+01 3.371276e+00 1.896534e+01 1.806367e-01
5.495409e-05 1.859422e+01 3.384712e+00 1.889977e+01 1.820304e-01
5.623413e-05 1.852494e+01 3.396822e+00 1.883380e+01 1.833648e-01
5.754399e-05 1.845554e+01 3.407606e+00 1.876749e+01 1.846387e-01
5.888437e-05 1.838607e+01 3.417068e+00 1.870091e+01 1.858509e-01
6.025596e-05 1.831661e+01 3.425214e+00 1.863412e+01 1.870004e-01
6.165950e-05 1.824723e+01 3.432058e+00 1.856718e+01 1.880866e-01
6.309573e-05 1.817798e+01 3.437613e+00 1.850016e+01 1.891087e-01
6.456542e-05 1.810893e+01 3.441901e+00 1.843312e+01 1.900665e-01
6.606934e-05 1.804015e+01 3.444943e+00 1.836612e+01 1.909598e-01
6.760830e-05 1.797169e+01 3.446768e+00 1.829923e+01 1.917888e-01
6.918310e-05 1.790362e+01 3.447406e+00 1.823251e+01 1.925536e-01
7.079458e-05 1.783600e+01 3.446891e+00 1.816601e+01 1.932547e-01
7.244360e-05 1.776887e+01 3.445260e+00 1.809980e+01 1.938930e-01
7.413102e-05 1.770230e+01 3.442552e+00 1.803392e+01 1.944693e-01
7.585776e-05 1.763632e+01 3.438811e+00 1.796845e+01 1.949846e-01
7.762471e-05 1.757099e+01 3.434083e+00 1.790343e+01 1.954404e-01
7.943282e-05 1.750635e+01 3.428413e+00 1.783890e+01 1.958382e-01
8.128305e-05 1.744244e+01 3.421853e+00 1.777493e+01 1.961796e-01
8.317638e-05 1.737930e+01 3.414452e+00 1.771154e+01 1.964666e-01
8.511380e-05 1.731696e+01 3.406264e+00 1.764879e+01 1.967011e-01
8.709636e-05 1.725545e+01 3.397343e+00 1.758671e+01 1.968853e-01
8.912509e-05 1.719479e+01 3.387743e+00 1.752534e+01 1.970215e-01
9.120108e-05 1.713501e+01 3.377520e+00 1.746472e+01 1.971122e-01
9.332543e-05 1.707613e+01 3.366730e+00 1.740486e+01 1.971600e-01
9.549926e-05 1.701817e+01 3.355429e+00 1.734580e+01 1.971675e-01
9.772372e-05 1.696113e+01 3.343673e+00 1.728757e+01 1.971374e-01
1.000000e-04 1.690503e+01 3.331518e+00 1.723018e+01 1.970726e-01
1.023293e-04 1.684987e+01 3.319019e+00 1.717364e+01 1.969759e-01
1.047129e-04 1.679566e+01 3.306231e+00 1.711798e+01 1.968503e-01
1.071519e-04 1.674239e+01 3.293208e+00 1.706320e+01 1.966988e-01
1.096478e-04 1.669007e+01 3.280002e+00 1.700931e+01 1.965242e-01
1.122018e-04 1.663868e+01 3.266666e+00 1.695632e+01 1.963296e-01
1.148154e-04 1.658823e+01 3.253249e+00 1.690423e+01 1.961179e-01
1.174898e-04 1.653869e+01 3.239800e+00 1.685303e+01 1.958922e-01
1.202264e-04 1.649007e+01 3.226367e+00 1.680273e+01 1.956552e-01
1.230269e-04 1.644233e+01 3.212996e+00 1.675332e+01 1.954100e-01
1.258925e-04 1.639548e+01 3.199729e+00 1.670479e+01 1.951593e-01
1.288250e-04 1.634948e+01 3.186609e+00 1.665713e+01 1.949059e-01
1.318257e-04 1.630431e+01 3.173677e+00 1.661032e+01 1.946526e-01
1.348963e-04 1.625997e+01 3.160970e+00 1.656437e+01 1.944020e-01
1.380384e-04 1.621642e+01 3.148526e+00 1.651925e+01 1.941566e-01
1.412538e-04 1.617364e+01 3.136377e+00 1.647494e+01 1.939190e-01
1.445440e-04 1.613161e+01 3.124557e+00 1.643142e+01 1.936916e-01
1.479108e-04 1.609030e+01 3.113096e+00 1.638869e+01 1.934766e-01
1.513561e-04 1.604968e+01 3.102023e+00 1.634671e+01 1.932763e-01
1.548817e-04 1.600973e+01 3.091365e+00 1.630546e+01 1.930928e-01
1.584893e-04 1.597043e+01 3.081145e+00 1.626493e+01 1.929282e-01
1.621810e-04 1.593173e+01 3.071388e+00 1.622509e+01 1.927843e-01
1.659587e-04 1.589363e+01 3.062115e+00 1.618592e+01 1.926630e-01
1.698244e-04 1.585609e+01 3.053344e+00 1.614740e+01 1.925661e-01
1.737801e-04 1.581907e+01 3.045095e+00 1.610949e+01 1.924952e-01
1.778279e-04 1.578257e+01 3.037384e+00 1.607219e+01 1.924518e-01
1.819701e-04 1.574655e+01 3.030225e+00 1.603546e+01 1.924374e-01
1.862087e-04 1.571097e+01 3.023632e+00 1.599928e+01 1.924535e-01
1.905461e-04 1.567583e+01 3.017618e+00 1.596364e+01 1.925014e-01
1.949845e-04 1.564109e+01 3.012194e+00 1.592849e+01 1.925822e-01
1.995262e-04 1.560672e+01 3.007370e+00 1.589384e+01 1.926971e-01
2.041738e-04 1.557271e+01 3.003155e+00 1.585964e+01 1.928473e-01
2.089296e-04 1.553903e+01 2.999557e+00 1.582589e+01 1.930337e-01
2.137962e-04 1.550566e+01 2.996584e+00 1.579256e+01 1.932575e-01
2.187762e-04 1.547257e+01 2.994242e+00 1.575962e+01 1.935194e-01
2.238721e-04 1.543974e+01 2.992537e+00 1.572707e+01 1.938205e-01
2.290868e-04 1.540715e+01 2.991476e+00 1.569488e+01 1.941615e-01
2.344229e-04 1.537479e+01 2.991064e+00 1.566303e+01 1.945434e-01
2.398833e-04 1.534263e+01 2.991305e+00 1.563151e+01 1.949669e-01
2.454709e-04 1.531065e+01 2.992204e+00 1.560030e+01 1.954328e-01
2.511886e-04 1.527884e+01 2.993766e+00 1.556938e+01 1.959420e-01
2.570396e-04 1.524717e+01 2.995995e+00 1.553874e+01 1.964951e-01
2.630268e-04 1.521564e+01 2.998896e+00 1.550835e+01 1.970930e-01
2.691535e-04 1.518421e+01 3.002473e+00 1.547822e+01 1.977365e-01
2.754229e-04 1.515289e+01 3.006731e+00 1.544831e+01 1.984263e-01
2.818383e-04 1.512164e+01 3.011675e+00 1.541863e+01 1.991633e-01
2.884032e-04 1.509045e+01 3.017311e+00 1.538915e+01 1.999483e-01
2.951209e-04 1.505932e+01 3.023642e+00 1.535986e+01 2.007822e-01
3.019952e-04 1.502821e+01 3.030676e+00 1.533076e+01 2.016658e-01
3.090295e-04 1.499712e+01 3.038418e+00 1.530182e+01 2.026001e-01
3.162278e-04 1.496603e+01 3.046874e+00 1.527303e+01 2.035859e-01
3.235937e-04 1.493493e+01 3.056051e+00 1.524439e+01 2.046244e-01
3.311311e-04 1.490379e+01 3.065956e+00 1.521588e+01 2.057166e-01
3.388442e-04 1.487260e+01 3.076597e+00 1.518749e+01 2.068634e-01
3.467369e-04 1.484135e+01 3.087980e+00 1.515920e+01 2.080660e-01
3.548134e-04 1.481001e+01 3.100113e+00 1.513100e+01 2.093255e-01
3.630781e-04 1.477857e+01 3.113005e+00 1.510288e+01 2.106431e-01
3.715352e-04 1.474701e+01 3.126663e+00 1.507483e+01 2.120201e-01
3.801894e-04 1.471531e+01 3.141097e+00 1.504682e+01 2.134577e-01
3.890451e-04 1.468345e+01 3.156313e+00 1.501886e+01 2.149572e-01
3.981072e-04 1.465141e+01 3.172321e+00 1.499091e+01 2.165198e-01
4.073803e-04 1.461916e+01 3.189128e+00 1.496297e+01 2.181471e-01
4.168694e-04 1.458669e+01 3.206743e+00 1.493502e+01 2.198403e-01
4.265795e-04 1.455397e+01 3.225174e+00 1.490704e+01 2.216009e-01
4.365158e-04 1.452098e+01 3.244428e+00 1.487901e+01 2.234304e-01
4.466836e-04 1.448768e+01 3.264512e+00 1.485092e+01 2.253302e-01
4.570882e-04 1.445406e+01 3.285432e+00 1.482275e+01 2.273017e-01
4.677351e-04 1.442008e+01 3.307196e+00 1.479447e+01 2.293465e-01
4.786301e-04 1.438572e+01 3.329808e+00 1.476606e+01 2.314661e-01
4.897788e-04 1.435095e+01 3.353272e+00 1.473751e+01 2.336620e-01
5.011872e-04 1.431573e+01 3.377593e+00 1.470878e+01 2.359357e-01
5.128614e-04 1.428004e+01 3.402773e+00 1.467986e+01 2.382887e-01
5.248075e-04 1.424384e+01 3.428814e+00 1.465073e+01 2.407225e-01
5.370318e-04 1.420710e+01 3.455716e+00 1.462134e+01 2.432387e-01
5.495409e-04 1.416978e+01 3.483478e+00 1.459169e+01 2.458385e-01
5.623413e-04 1.413185e+01 3.512099e+00 1.456173e+01 2.485237e-01
5.754399e-04 1.409327e+01 3.541575e+00 1.453145e+01 2.512954e-01
5.888437e-04 1.405401e+01 3.571900e+00 1.450081e+01 2.541553e-01
6.025596e-04 1.401402e+01 3.603069e+00 1.446979e+01 2.571046e-01
6.165950e-04 1.397328e+01 3.635072e+00 1.443836e+01 2.601446e-01
6.309573e-04 1.393173e+01 3.667900e+00 1.440648e+01 2.632767e-01
6.456542e-04 1.388935e+01 3.701540e+00 1.437412e+01 2.665021e-01
6.606934e-04 1.384608e+01 3.735979e+00 1.434125e+01 2.698221e-01
6.760830e-04 1.380190e+01 3.771201e+00 1.430785e+01 2.732377e-01
6.918310e-04 1.375677e+01 3.807187e+00 1.427387e+01 2.767501e-01
7.079458e-04 1.371064e+01 3.843918e+00 1.423928e+01 2.803603e-01
7.244360e-04 1.366347e+01 3.881371e+00 1.420406e+01 2.840693e-01
7.413102e-04 1.361522e+01 3.919522e+00 1.416817e+01 2.878780e-01
7.585776e-04 1.356586e+01 3.958345e+00 1.413156e+01 2.917872e-01
7.762471e-04 1.351535e+01 3.997811e+00 1.409422e+01 2.957978e-01
7.943282e-04 1.346365e+01 4.037888e+00 1.405611e+01 2.999104e-01
8.128305e-04 1.341072e+01 4.078543e+00 1.401720e+01 3.041257e-01
8.317638e-04 1.335652e+01 4.119740e+00 1.397744e+01 3.084441e-01
8.511380e-04 1.330103e+01 4.161442e+00 1.393682e+01 3.128663e-01
8.709636e-04 1.324420e+01 4.203608e+00 1.389529e+01 3.173925e-01
8.912509e-04 1.318600e+01 4.246196e+00 1.385283e+01 3.220230e-01
9.120108e-04 1.312641e+01 4.289161e+00 1.380941e+01 3.267580e-01
9.332543e-04 1.306540e+01 4.332457e+00 1.376499e+01 3.315977e-01
9.549926e-04 1.300293e+01 4.376034e+00 1.371954e+01 3.365421e-01
9.772372e-04 1.293898e+01 4.419842e+00 1.367305e+01 3.415911e-01
1.000000e-03 1.287353e+01 4.463827e+00 1.362548e+01 3.467445e-01
1.023293e-03 1.280656e+01 4.507936e+00 1.357680e+01 3.520020e-01
1.047129e-03 1.273805e+01 4.552112e+00 1.352699e+01 3.573634e-01
1.071519e-03 1.266797e+01 4.596296e+00 1.347603e+01 3.628280e-01
1.096478e-03 1.259633e+01 4.640430e+00 1.342390e+01 3.683954e-01
1.122018e-03 1.252310e+01 4.684452e+00 1.337057e+01 3.740648e-01
1.148154e-03 1.244829e+01 4.728301e+00 1.331603e+01 3.798356e-01
1.174898e-03 1.237187e+01 4.771914e+00 1.326026e+01 3.857067e-01
1.202264e-03 1.229386e+01 4.815226e+00 1.320324e+01 3.916772e-01
1.230269e-03 1.221426e+01 4.858172e+00 1.314496e+01 3.977460e-01
1.258925e-03 1.213306e+01 4.900689e+00 1.308541e+01 4.039119e-01
1.288250e-03 1.205029e+01 4.942709e+00 1.302458e+01 4.101736e-01
1.318257e-03 1.196594e+01 4.984168e+00 1.296247e+01 4.165298e-01
1.348963e-03 1.188003e+01 5.025000e+00 1.289906e+01 4.229788e-01
1.380384e-03 1.179258e+01 5.065140e+00 1.283436e+01 4.295191e-01
1.412538e-03 1.170362e+01 5.104523e+00 1.276836e+01 4.361489e-01
1.445440e-03 1.161317e+01 5.143084e+00 1.270106e+01 4.428666e-01
1.479108e-03 1.152125e+01 5.180762e+00 1.263248e+01 4.496700e-01
1.513561e-03 1.142790e+01 5.217493e+00 1.256261e+01 4.565573e-01
1.548817e-03 1.133316e+01 5.253217e+00 1.249147e+01 4.635263e-01
1.584893e-03 1.123706e+01 5.287876e+00 1.241906e+01 4.705749e-01
1.621810e-03 1.113963e+01 5.321411e+00 1.234540e+01 4.777007e-01
1.659587e-03 1.104094e+01 5.353768e+00 1.227050e+01 4.849015e-01
1.698244e-03 1.094102e+01 5.384893e+00 1.219438e+01 4.921747e-01
1.737801e-03 1.083992e+01 5.414735e+00 1.211707e+01 4.995179e-01
1.778279e-03 1.073770e+01 5.443247e+00 1.203857e+01 5.069284e-01
1.819701e-03 1.063441e+01 5.470381e+00 1.195892e+01 5.144036e-01
1.862087e-03 1.053011e+01 5.496095e+00 1.187815e+01 5.219407e-01
1.905461e-03 1.042486e+01 5.520349e+00 1.179627e+01 5.295370e-01
1.949845e-03 1.031872e+01 5.543106e+00 1.171332e+01 5.371896e-01
1.995262e-03 1.021174e+01 5.564332e+00 1.162934e+01 5.448955e-01
2.041738e-03 1.010400e+01 5.583997e+00 1.154435e+01 5.526519e-01
2.089296e-03 9.995566e+00 5.602072e+00 1.145838e+01 5.604557e-01
2.137962e-03 9.886495e+00 5.618534e+00 1.137149e+01 5.683039e-01
2.187762e-03 9.776858e+00 5.633362e+00 1.128369e+01 5.761935e-01
2.238721e-03 9.666724e+00 5.646539e+00 1.119504e+01 5.841212e-01
2.290868e-03 9.556160e+00 5.658050e+00 1.110557e+01 5.920841e-01
2.344229e-03 9.445234e+00 5.667886e+00 1.101532e+01 6.000790e-01
2.398833e-03 9.334015e+00 5.676039e+00 1.092434e+01 6.081026e-01
2.454709e-03 9.222571e+00 5.682504e+00 1.083267e+01 6.161519e-01
2.511886e-03 9.110968e+00 5.687282e+00 1.074034e+01 6.242237e-01
2.570396e-03 8.999275e+00 5.690374e+00 1.064741e+01 6.323147e-01
2.630268e-03 8.887557e+00 5.691787e+00 1.055391e+01 6.404220e-01
2.691535e-03 8.775879e+00 5.691528e+00 1.045990e+01 6.485422e-01
2.754229e-03 8.664305e+00 5.689608e+00 1.036541e+01 6.566722e-01
2.818383e-03 8.552897e+00 5.686043e+00 1.027050e+01 6.648089e-01
2.884032e-03 8.441717e+00 5.680847e+00 1.017520e+01 6.729492e-01
2.951209e-03 8.330824e+00 5.674041e+00 1.007955e+01 6.810900e-01
3.019952e-03 8.220275e+00 5.665645e+00 9.983610e+00 6.892282e-01
3.090295e-03 8.110127e+00 5.655684e+00 9.887413e+00 6.973607e-01
3.162278e-03 8.000434e+00 5.644182e+00 9.791003e+00 7.054844e-01
3.235937e-03 7.891249e+00 5.631166e+00 9.694423e+00 7.135964e-01
3.311311e-03 7.782620e+00 5.616667e+00 9.597715e+00 7.216936e-01
3.388442e-03 7.674597e+00 5.600714e+00 9.500918e+00 7.297730e-01
3.467369e-03 7.567226e+00 5.583339e+00 9.404073e+00 7.378317e-01
3.548134e-03 7.460551e+00 5.564576e+00 9.307219e+00 7.458667e-01
3.630781e-03 7.354613e+00 5.544459e+00 9.210394e+00 7.538751e-01
3.715352e-03 7.249453e+00 5.523024e+00 9.113636e+00 7.618539e-01
3.801894e-03 7.145108e+00 5.500305e+00 9.016980e+00 7.698002e-01
3.890451e-03 7.041614e+00 5.476342e+00 8.920462e+00 7.777111e-01
3.981072e-03 6.939005e+00 5.451170e+00 8.824117e+00 7.855838e-01
4.073803e-03 6.837313e+00 5.424828e+00 8.727978e+00 7.934152e-01
4.168694e-03 6.736567e+00 5.397355e+00 8.632078e+00 8.012025e-01
4.265795e-03 6.636795e+00 5.368788e+00 8.536447e+00 8.089429e-01
4.365158e-03 6.538023e+00 5.339168e+00 8.441117e+00 8.166333e-01
4.466836e-03 6.440275e+00 5.308532e+00 8.346116e+00 8.242710e-01
4.570882e-03 6.343574e+00 5.276920e+00 8.251474e+00 8.318529e-01
4.677351e-03 6.247939e+00 5.244372e+00 8.157217e+00 8.393762e-01
4.786301e-03 6.153391e+00 5.210925e+00 8.063372e+00 8.468380e-01
4.897788e-03 6.059946e+00 5.176619e+00 7.969964e+00 8.542352e-01
5.011872e-03 5.967620e+00 5.141492e+00 7.877019e+00 8.615650e-01
5.128614e-03 5.876427e+00 5.105583e+00 7.784560e+00 8.688244e-01
5.248075e-03 5.786381e+00 5.068930e+00 7.692610e+00 8.760104e-01
5.370318e-03 5.697492e+00 5.031570e+00 7.601191e+00 8.831202e-01
5.495409e-03 5.609770e+00 4.993540e+00 7.510324e+00 8.901507e-01
5.623413e-03 5.523225e+00 4.954879e+00 7.420029e+00 8.970990e-01
5.754399e-03 5.437863e+00 4.915622e+00 7.330327e+00 9.039621e-01
5.888437e-03 5.353691e+00 4.875806e+00 7.241235e+00 9.107373e-01
6.025596e-03 5.270714e+00 4.835466e+00 7.152772e+00 9.174214e-01
6.165950e-03 5.188935e+00 4.794638e+00 7.064956e+00 9.240118e-01
6.309573e-03 5.108358e+00 4.753356e+00 6.977802e+00 9.305055e-01
6.456542e-03 5.028985e+00 4.711655e+00 6.891326e+00 9.368998e-01
6.606934e-03 4.950814e+00 4.669568e+00 6.805544e+00 9.431920e-01
6.760830e-03 4.873847e+00 4.627130e+00 6.720470e+00 9.493793e-01
6.918310e-03 4.798082e+00 4.584372e+00 6.636117e+00 9.554593e-01
7.079458e-03 4.723515e+00 4.541326e+00 6.552499e+00 9.614293e-01
7.244360e-03 4.650145e+00 4.498025e+00 6.469627e+00 9.672871e-01
7.413102e-03 4.577966e+00 4.454500e+00 6.387514e+00 9.730303e-01
7.585776e-03 4.506973e+00 4.410780e+00 6.306170e+00 9.786567e-01
7.762471e-03 4.437161e+00 4.366895e+00 6.225606e+00 9.841642e-01
7.943282e-03 4.368521e+00 4.322875e+00 6.145830e+00 9.895511e-01
8.128305e-03 4.301047e+00 4.278748e+00 6.066852e+00 9.948154e-01
8.317638e-03 4.234729e+00 4.234542e+00 5.988679e+00 9.999557e-01
8.511380e-03 4.169559e+00 4.190283e+00 5.911319e+00 1.004970e+00
8.709636e-03 4.105525e+00 4.145999e+00 5.834779e+00 1.009858e+00
8.912509e-03 4.042618e+00 4.101714e+00 5.759064e+00 1.014618e+00
9.120108e-03 3.980825e+00 4.057453e+00 5.684179e+00 1.019249e+00
9.332543e-03 3.920134e+00 4.013241e+00 5.610129e+00 1.023751e+00
9.549926e-03 3.860532e+00 3.969100e+00 5.536918e+00 1.028123e+00
9.772372e-03 3.802005e+00 3.925053e+00 5.464548e+00 1.032364e+00
1.000000e-02 3.744540e+00 3.881121e+00 5.393022e+00 1.036475e+00
1.023293e-02 3.688123e+00 3.837325e+00 5.322340e+00 1.040455e+00
1.047129e-02 3.632737e+00 3.793684e+00 5.252505e+00 1.044305e+00
1.071519e-02 3.578367e+00 3.750217e+00 5.183516e+00 1.048025e+00
1.096478e-02 3.524998e+00 3.706942e+00 5.115372e+00 1.051615e+00
1.122018e-02 3.472613e+00 3.663876e+00 5.048072e+00 1.055078e+00
1.148154e-02 3.421196e+00 3.621036e+00 4.981614e+00 1.058412e+00
1.174898e-02 3.370729e+00 3.578436e+00 4.915996e+00 1.061621e+00
1.202264e-02 3.321197e+00 3.536090e+00 4.851214e+00 1.064703e+00
1.230269e-02 3.272581e+00 3.494011e+00 4.787265e+00 1.067662e+00
1.258925e-02 3.224865e+00 3.452213e+00 4.724143e+00 1.070499e+00
1.288250e-02 3.178031e+00 3.410707e+00 4.661845e+00 1.073214e+00
1.318257e-02 3.132062e+00 3.369503e+00 4.600365e+00 1.075810e+00
1.348963e-02 3.086941e+00 3.328611e+00 4.539698e+00 1.078288e+00
1.380384e-02 3.042650e+00 3.288040e+00 4.479835e+00 1.080650e+00
1.412538e-02 2.999172e+00 3.247799e+00 4.420772e+00 1.082898e+00
1.445440e-02 2.956491e+00 3.207894e+00 4.362502e+00 1.085034e+00
1.479108e-02 2.914589e+00 3.168332e+00 4.305016e+00 1.087060e+00
1.513561e-02 2.873451e+00 3.129120e+00 4.248307e+00 1.088976e+00
1.548817e-02 2.833059e+00 3.090262e+00 4.192367e+00 1.090786e+00
1.584893e-02 2.793398e+00 3.051763e+00 4.137188e+00 1.092491e+00
1.621810e-02 2.754452e+00 3.013627e+00 4.082763e+00 1.094093e+00
1.659587e-02 2.716205e+00 2.975858e+00 4.029081e+00 1.095594e+00
1.698244e-02 2.678643e+00 2.938457e+00 3.976136e+00 1.096995e+00
1.737801e-02 2.641750e+00 2.901429e+00 3.923918e+00 1.098298e+00
1.778279e-02 2.605513e+00 2.864774e+00 3.872419e+00 1.099505e+00
1.819701e-02 2.569917e+00 2.828494e+00 3.821630e+00 1.100617e+00
1.862087e-02 2.534949e+00 2.792590e+00 3.771542e+00 1.101636e+00
1.905461e-02 2.500595e+00 2.757064e+00 3.722146e+00 1.102563e+00
1.949845e-02 2.466842e+00 2.721914e+00 3.673435e+00 1.103400e+00
1.995262e-02 2.433677e+00 2.687142e+00 3.625399e+00 1.104149e+00
2.041738e-02 2.401090e+00 2.652747e+00 3.578030e+00 1.104810e+00
2.089296e-02 2.369066e+00 2.618729e+00 3.531320e+00 1.105384e+00
2.137962e-02 2.337596e+00 2.585088e+00 3.485259e+00 1.105874e+00
2.187762e-02 2.306667e+00 2.551822e+00 3.439841e+00 1.106281e+00
2.238721e-02 2.276269e+00 2.518931e+00 3.395057e+00 1.106605e+00
2.290868e-02 2.246391e+00 2.486413e+00 3.350899e+00 1.106848e+00
2.344229e-02 2.217023e+00 2.454268e+00 3.307359e+00 1.107011e+00
2.398833e-02 2.188154e+00 2.422494e+00 3.264429e+00 1.107095e+00
2.454709e-02 2.159775e+00 2.391090e+00 3.222102e+00 1.107101e+00
2.511886e-02 2.131876e+00 2.360054e+00 3.180370e+00 1.107032e+00
2.570396e-02 2.104447e+00 2.329385e+00 3.139225e+00 1.106887e+00
2.630268e-02 2.077480e+00 2.299081e+00 3.098661e+00 1.106668e+00
2.691535e-02 2.050965e+00 2.269141e+00 3.058669e+00 1.106377e+00
2.754229e-02 2.024893e+00 2.239562e+00 3.019243e+00 1.106015e+00
2.818383e-02 1.999257e+00 2.210343e+00 2.980376e+00 1.105582e+00
2.884032e-02 1.974046e+00 2.181482e+00 2.942061e+00 1.105081e+00
2.951209e-02 1.949253e+00 2.152977e+00 2.904289e+00 1.104513e+00
3.019952e-02 1.924870e+00 2.124826e+00 2.867056e+00 1.103880e+00
3.090295e-02 1.900889e+00 2.097026e+00 2.830353e+00 1.103182e+00
3.162278e-02 1.877301e+00 2.069577e+00 2.794174e+00 1.102421e+00
3.235937e-02 1.854099e+00 2.042475e+00 2.758512e+00 1.101600e+00
3.311311e-02 1.831275e+00 2.015718e+00 2.723360e+00 1.100718e+00
3.388442e-02 1.808822e+00 1.989305e+00 2.688712e+00 1.099779e+00
3.467369e-02 1.786732e+00 1.963232e+00 2.654560e+00 1.098784e+00
3.548134e-02 1.764997e+00 1.937496e+00 2.620898e+00 1.097733e+00
3.630781e-02 1.743612e+00 1.912097e+00 2.587720e+00 1.096630e+00
3.715352e-02 1.722567e+00 1.887030e+00 2.555019e+00 1.095475e+00
3.801894e-02 1.701858e+00 1.862293e+00 2.522787e+00 1.094271e+00
3.890451e-02 1.681476e+00 1.837884e+00 2.491019e+00 1.093018e+00
3.981072e-02 1.661415e+00 1.813799e+00 2.459708e+00 1.091719e+00
4.073803e-02 1.641669e+00 1.790036e+00 2.428848e+00 1.090376e+00
4.168694e-02 1.622231e+00 1.766591e+00 2.398432e+00 1.088989e+00
4.265795e-02 1.603094e+00 1.743462e+00 2.368453e+00 1.087560e+00
4.365158e-02 1.584254e+00 1.720646e+00 2.338906e+00 1.086092e+00
4.466836e-02 1.565703e+00 1.698139e+00 2.309784e+00 1.084585e+00
4.570882e-02 1.547437e+00 1.675938e+00 2.281081e+00 1.083041e+00
4.677351e-02 1.529448e+00 1.654041e+00 2.252790e+00 1.081462e+00
4.786301e-02 1.511733e+00 1.632443e+00 2.224906e+00 1.079849e+00
4.897788e-02 1.494284e+00 1.611142e+00 2.197422e+00 1.078203e+00
5.011872e-02 1.477098e+00 1.590134e+00 2.170333e+00 1.076526e+00
5.128614e-02 1.460169e+00 1.569417e+00 2.143633e+00 1.074819e+00
5.248075e-02 1.443491e+00 1.548987e+00 2.117316e+00 1.073084e+00
5.370318e-02 1.427061e+00 1.528840e+00 2.091376e+00 1.071321e+00
5.495409e-02 1.410873e+00 1.508973e+00 2.065808e+00 1.069531e+00
5.623413e-02 1.394923e+00 1.489384e+00 2.040606e+00 1.067717e+00
5.754399e-02 1.379206e+00 1.470068e+00 2.015765e+00 1.065880e+00
5.888437e-02 1.363719e+00 1.451023e+00 1.991280e+00 1.064020e+00
6.025596e-02 1.348456e+00 1.432246e+00 1.967146e+00 1.062138e+00
6.165950e-02 1.333414e+00 1.413734e+00 1.943357e+00 1.060236e+00
6.309573e-02 1.318589e+00 1.395482e+00 1.919908e+00 1.058315e+00
6.456542e-02 1.303976e+00 1.377490e+00 1.896795e+00 1.056376e+00
6.606934e-02 1.289573e+00 1.359752e+00 1.874013e+00 1.054421e+00
6.760830e-02 1.275374e+00 1.342267e+00 1.851556e+00 1.052449e+00
6.918310e-02 1.261378e+00 1.325031e+00 1.829421e+00 1.050463e+00
7.079458e-02 1.247579e+00 1.308042e+00 1.807603e+00 1.048464e+00
7.244360e-02 1.233975e+00 1.291297e+00 1.786097e+00 1.046453e+00
7.413102e-02 1.220563e+00 1.274793e+00 1.764900e+00 1.044431e+00
7.585776e-02 1.207337e+00 1.258528e+00 1.744006e+00 1.042399e+00
7.762471e-02 1.194297e+00 1.242498e+00 1.723411e+00 1.040359e+00
7.943282e-02 1.181437e+00 1.226701e+00 1.703112e+00 1.038312e+00
8.128305e-02 1.168756e+00 1.211134e+00 1.683103e+00 1.036260e+00
8.317638e-02 1.156249e+00 1.195796e+00 1.663382e+00 1.034203e+00
8.511380e-02 1.143914e+00 1.180682e+00 1.643943e+00 1.032143e+00
8.709636e-02 1.131747e+00 1.165792e+00 1.624784e+00 1.030082e+00
8.912509e-02 1.119746e+00 1.151122e+00 1.605900e+00 1.028020e+00
9.120108e-02 1.107908e+00 1.136670e+00 1.587286e+00 1.025961e+00
9.332543e-02 1.096229e+00 1.122434e+00 1.568941e+00 1.023905e+00
9.549926e-02 1.084706e+00 1.108410e+00 1.550858e+00 1.021853e+00
9.772372e-02 1.073337e+00 1.094598e+00 1.533036e+00 1.019808e+00
1.000000e-01 1.062120e+00 1.080994e+00 1.515469e+00 1.017771e+00
1.023293e-01 1.051050e+00 1.067597e+00 1.498155e+00 1.015744e+00
1.047129e-01 1.040125e+00 1.054403e+00 1.481090e+00 1.013728e+00
1.071519e-01 1.029342e+00 1.041412e+00 1.464269e+00 1.011725e+00
1.096478e-01 1.018700e+00 1.028619e+00 1.447690e+00 1.009738e+00
1.122018e-01 1.008194e+00 1.016025e+00 1.431349e+00 1.007767e+00
1.148154e-01 9.978221e-01 1.003625e+00 1.415243e+00 1.005815e+00
1.174898e-01 9.875820e-01 9.914179e-01 1.399367e+00 1.003884e+00
1.202264e-01 9.774707e-01 9.794019e-01 1.383719e+00 1.001976e+00
1.230269e-01 9.674858e-01 9.675746e-01 1.368294e+00 1.000092e+00
1.258925e-01 9.576245e-01 9.559338e-01 1.353091e+00 9.982346e-01
1.288250e-01 9.478843e-01 9.444775e-01 1.338104e+00 9.964060e-01
1.318257e-01 9.382626e-01 9.332036e-01 1.323331e+00 9.946081e-01
1.348963e-01 9.287570e-01 9.221100e-01 1.308769e+00 9.928431e-01
1.380384e-01 9.193649e-01 9.111947e-01 1.294414e+00 9.911131e-01
1.412538e-01 9.100838e-01 9.004555e-01 1.280263e+00 9.894204e-01
1.445440e-01 9.009113e-01 8.898906e-01 1.266312e+00 9.877671e-01
1.479108e-01 8.918448e-01 8.794978e-01 1.252559e+00 9.861556e-01
1.513561e-01 8.828820e-01 8.692751e-01 1.239000e+00 9.845881e-01
1.548817e-01 8.740203e-01 8.592206e-01 1.225631e+00 9.830670e-01
1.584893e-01 8.652574e-01 8.493322e-01 1.212450e+00 9.815947e-01
1.621810e-01 8.565909e-01 8.396078e-01 1.199454e+00 9.801736e-01
1.659587e-01 8.480184e-01 8.300456e-01 1.186639e+00 9.788062e-01
1.698244e-01 8.395375e-01 8.206435e-01 1.174001e+00 9.774948e-01
1.737801e-01 8.311458e-01 8.113995e-01 1.161539e+00 9.762421e-01
1.778279e-01 8.228410e-01 8.023115e-01 1.149248e+00 9.750505e-01
1.819701e-01 8.146207e-01 7.933776e-01 1.137126e+00 9.739226e-01
1.862087e-01 8.064827e-01 7.845956e-01 1.125169e+00 9.728609e-01
1.905461e-01 7.984247e-01 7.759635e-01 1.113374e+00 9.718681e-01
1.949845e-01 7.904443e-01 7.674792e-01 1.101738e+00 9.709466e-01
1.995262e-01 7.825393e-01 7.591407e-01 1.090258e+00 9.700991e-01
2.041738e-01 7.747076e-01 7.509458e-01 1.078931e+00 9.693282e-01
2.089296e-01 7.669468e-01 7.428925e-01 1.067753e+00 9.686363e-01
2.137962e-01 7.592548e-01 7.349784e-01 1.056722e+00 9.680261e-01
2.187762e-01 7.516294e-01 7.272016e-01 1.045834e+00 9.675001e-01
2.238721e-01 7.440687e-01 7.195597e-01 1.035087e+00 9.670609e-01
2.290868e-01 7.365704e-01 7.120506e-01 1.024476e+00 9.667108e-01
2.344229e-01 7.291326e-01 7.046720e-01 1.014000e+00 9.664525e-01
2.398833e-01 7.217532e-01 6.974217e-01 1.003656e+00 9.662883e-01
2.454709e-01 7.144304e-01 6.902974e-01 9.934391e-01 9.662207e-01
2.511886e-01 7.071622e-01 6.832968e-01 9.833478e-01 9.662519e-01
2.570396e-01 6.999467e-01 6.764176e-01 9.733788e-01 9.663844e-01
2.630268e-01 6.927823e-01 6.696575e-01 9.635291e-01 9.666204e-01
2.691535e-01 6.856670e-01 6.630141e-01 9.537960e-01 9.669622e-01
2.754229e-01 6.785993e-01 6.564850e-01 9.441767e-01 9.674119e-01
2.818383e-01 6.715775e-01 6.500679e-01 9.346682e-01 9.679716e-01
2.884032e-01 6.646000e-01 6.437605e-01 9.252679e-01 9.686436e-01
2.951209e-01 6.576653e-01 6.375603e-01 9.159731e-01 9.694298e-01
3.019952e-01 6.507719e-01 6.314650e-01 9.067812e-01 9.703323e-01
3.090295e-01 6.439185e-01 6.254722e-01 8.976895e-01 9.713530e-01
3.162278e-01 6.371037e-01 6.195794e-01 8.886956e-01 9.724938e-01
3.235937e-01 6.303263e-01 6.137844e-01 8.797968e-01 9.737566e-01
3.311311e-01 6.235849e-01 6.080847e-01 8.709909e-01 9.751434e-01
3.388442e-01 6.168786e-01 6.024780e-01 8.622754e-01 9.766558e-01
3.467369e-01 6.102061e-01 5.969620e-01 8.536481e-01 9.782957e-01
3.548134e-01 6.035664e-01 5.915342e-01 8.451066e-01 9.800648e-01
3.630781e-01 5.969587e-01 5.861924e-01 8.366488e-01 9.819649e-01
3.715352e-01 5.903819e-01 5.809343e-01 8.282726e-01 9.839976e-01
3.801894e-01 5.838352e-01 5.757576e-01 8.199758e-01 9.861647e-01
3.890451e-01 5.773178e-01 5.706601e-01 8.117566e-01 9.884679e-01
3.981072e-01 5.708289e-01 5.656394e-01 8.036128e-01 9.909088e-01
4.073803e-01 5.643679e-01 5.606934e-01 7.955427e-01 9.934891e-01
4.168694e-01 5.579342e-01 5.558199e-01 7.875445e-01 9.962105e-01
4.265795e-01 5.515270e-01 5.510167e-01 7.796162e-01 9.990746e-01
4.365158e-01 5.451460e-01 5.462817e-01 7.717564e-01 1.002083e+00
4.466836e-01 5.387906e-01 5.416128e-01 7.639632e-01 1.005238e+00
4.570882e-01 5.324603e-01 5.370080e-01 7.562351e-01 1.008541e+00
4.677351e-01 5.261547e-01 5.324652e-01 7.485706e-01 1.011993e+00
4.786301e-01 5.198736e-01 5.279823e-01 7.409682e-01 1.015597e+00
4.897788e-01 5.136165e-01 5.235575e-01 7.334264e-01 1.019355e+00
5.011872e-01 5.073832e-01 5.191887e-01 7.259439e-01 1.023268e+00
5.128614e-01 5.011734e-01 5.148741e-01 7.185194e-01 1.027337e+00
5.248075e-01 4.949869e-01 5.106119e-01 7.111515e-01 1.031566e+00
5.370318e-01 4.888236e-01 5.064000e-01 7.038391e-01 1.035957e+00
5.495409e-01 4.826833e-01 5.022369e-01 6.965809e-01 1.040510e+00
5.623413e-01 4.765658e-01 4.981206e-01 6.893759e-01 1.045229e+00
5.754399e-01 4.704712e-01 4.940495e-01 6.822229e-01 1.050116e+00
5.888437e-01 4.643994e-01 4.900218e-01 6.751208e-01 1.055173e+00
6.025596e-01 4.583503e-01 4.860358e-01 6.680687e-01 1.060402e+00
6.165950e-01 4.523240e-01 4.820900e-01 6.610656e-01 1.065807e+00
6.309573e-01 4.463204e-01 4.781827e-01 6.541105e-01 1.071389e+00
6.456542e-01 4.403397e-01 4.743123e-01 6.472026e-01 1.077151e+00
6.606934e-01 4.343819e-01 4.704773e-01 6.403409e-01 1.083096e+00
6.760830e-01 4.284471e-01 4.666761e-01 6.335247e-01 1.089227e+00
6.918310e-01 4.225355e-01 4.629073e-01 6.267531e-01 1.095547e+00
7.079458e-01 4.166472e-01 4.591695e-01 6.200254e-01 1.102058e+00
7.244360e-01 4.107823e-01 4.554611e-01 6.133408e-01 1.108765e+00
7.413102e-01 4.049411e-01 4.517808e-01 6.066986e-01 1.115670e+00
7.585776e-01 3.991238e-01 4.481272e-01 6.000982e-01 1.122778e+00
7.762471e-01 3.933306e-01 4.444990e-01 5.935388e-01 1.130090e+00
7.943282e-01 3.875617e-01 4.408949e-01 5.870199e-01 1.137612e+00
8.128305e-01 3.818175e-01 4.373134e-01 5.805409e-01 1.145347e+00
8.317638e-01 3.760983e-01 4.337535e-01 5.741011e-01 1.153298e+00
8.511380e-01 3.704043e-01 4.302139e-01 5.677001e-01 1.161471e+00
8.709636e-01 3.647360e-01 4.266933e-01 5.613372e-01 1.169869e+00
8.912509e-01 3.590935e-01 4.231905e-01 5.550121e-01 1.178497e+00
9.120108e-01 3.534775e-01 4.197045e-01 5.487242e-01 1.187359e+00
9.332543e-01 3.478882e-01 4.162341e-01 5.424730e-01 1.196460e+00
9.549926e-01 3.423260e-01 4.127781e-01 5.362582e-01 1.205804e+00
9.772372e-01 3.367914e-01 4.093356e-01 5.300793e-01 1.215398e+00
1.000000e+00 3.312849e-01 4.059054e-01 5.239360e-01 1.225246e+00
1.023293e+00 3.258070e-01 4.024866e-01 5.178278e-01 1.235353e+00
1.047129e+00 3.203581e-01 3.990781e-01 5.117545e-01 1.245725e+00
1.071519e+00 3.149387e-01 3.956790e-01 5.057156e-01 1.256368e+00
1.096478e+00 3.095495e-01 3.922885e-01 4.997110e-01 1.267288e+00
1.122018e+00 3.041909e-01 3.889055e-01 4.937404e-01 1.278491e+00
1.148154e+00 2.988636e-01 3.855292e-01 4.878034e-01 1.289984e+00
1.174898e+00 2.935681e-01 3.821588e-01 4.818999e-01 1.301772e+00
1.202264e+00 2.883050e-01 3.787934e-01 4.760296e-01 1.313864e+00
1.230269e+00 2.830750e-01 3.754324e-01 4.701924e-01 1.326265e+00
1.258925e+00 2.778787e-01 3.720749e-01 4.643881e-01 1.338983e+00
1.288250e+00 2.727168e-01 3.687203e-01 4.586165e-01 1.352027e+00
1.318257e+00 2.675899e-01 3.653679e-01 4.528775e-01 1.365402e+00
1.348963e+00 2.624988e-01 3.620171e-01 4.471711e-01 1.379119e+00
1.380384e+00 2.574441e-01 3.586672e-01 4.414970e-01 1.393185e+00
1.412538e+00 2.524266e-01 3.553177e-01 4.358553e-01 1.407608e+00
1.445440e+00 2.474470e-01 3.519680e-01 4.302459e-01 1.422398e+00
1.479108e+00 2.425060e-01 3.486178e-01 4.246687e-01 1.437564e+00
1.513561e+00 2.376043e-01 3.452665e-01 4.191238e-01 1.453115e+00
1.548817e+00 2.327429e-01 3.419137e-01 4.136112e-01 1.469062e+00
1.584893e+00 2.279223e-01 3.385590e-01 4.081308e-01 1.485414e+00
1.621810e+00 2.231434e-01 3.352021e-01 4.026828e-01 1.502182e+00
1.659587e+00 2.184070e-01 3.318427e-01 3.972672e-01 1.519377e+00
1.698244e+00 2.137139e-01 3.284805e-01 3.918840e-01 1.537011e+00
1.737801e+00 2.090648e-01 3.251154e-01 3.865335e-01 1.555094e+00
1.778279e+00 2.044606e-01 3.217471e-01 3.812156e-01 1.573638e+00
1.819701e+00 1.999021e-01 3.183755e-01 3.759306e-01 1.592657e+00
1.862087e+00 1.953900e-01 3.150005e-01 3.706785e-01 1.612163e+00
1.905461e+00 1.909252e-01 3.116220e-01 3.654596e-01 1.632168e+00
1.949845e+00 1.865084e-01 3.082400e-01 3.602740e-01 1.652687e+00
1.995262e+00 1.821405e-01 3.048547e-01 3.551219e-01 1.673733e+00
2.041738e+00 1.778223e-01 3.014659e-01 3.500036e-01 1.695321e+00
2.089296e+00 1.735546e-01 2.980740e-01 3.449192e-01 1.717465e+00
2.137962e+00 1.693381e-01 2.946789e-01 3.398691e-01 1.740181e+00
2.187762e+00 1.651736e-01 2.912809e-01 3.348536e-01 1.763484e+00
2.238721e+00 1.610619e-01 2.878804e-01 3.298728e-01 1.787390e+00
2.290868e+00 1.570037e-01 2.844775e-01 3.249271e-01 1.811916e+00
2.344229e+00 1.529998e-01 2.810726e-01 3.200168e-01 1.837078e+00
2.398833e+00 1.490509e-01 2.776661e-01 3.151422e-01 1.862894e+00
2.454709e+00 1.451577e-01 2.742584e-01 3.103037e-01 1.889382e+00
2.511886e+00 1.413209e-01 2.708500e-01 3.055017e-01 1.916561e+00
2.570396e+00 1.375411e-01 2.674414e-01 3.007365e-01 1.944448e+00
2.630268e+00 1.338189e-01 2.640332e-01 2.960085e-01 1.973063e+00
2.691535e+00 1.301551e-01 2.606259e-01 2.913181e-01 2.002426e+00
2.754229e+00 1.265501e-01 2.572203e-01 2.866656e-01 2.032557e+00
2.818383e+00 1.230045e-01 2.538169e-01 2.820516e-01 2.063476e+00
2.884032e+00 1.195188e-01 2.504165e-01 2.774765e-01 2.095206e+00
2.951209e+00 1.160935e-01 2.470200e-01 2.729406e-01 2.127767e+00
3.019952e+00 1.127290e-01 2.436279e-01 2.684444e-01 2.161182e+00
3.090295e+00 1.094257e-01 2.402413e-01 2.639884e-01 2.195474e+00
3.162278e+00 1.061840e-01 2.368609e-01 2.595729e-01 2.230666e+00
3.235937e+00 1.030041e-01 2.334876e-01 2.551985e-01 2.266780e+00
3.311311e+00 9.988629e-02 2.301224e-01 2.508657e-01 2.303843e+00
3.388442e+00 9.683085e-02 2.267661e-01 2.465747e-01 2.341879e+00
3.467369e+00 9.383789e-02 2.234198e-01 2.423262e-01 2.380913e+00
3.548134e+00 9.090752e-02 2.200844e-01 2.381204e-01 2.420971e+00
3.630781e+00 8.803980e-02 2.167610e-01 2.339579e-01 2.462079e+00
3.715352e+00 8.523474e-02 2.134504e-01 2.298392e-01 2.504265e+00
3.801894e+00 8.249227e-02 2.101538e-01 2.257645e-01 2.547557e+00
3.890451e+00 7.981231e-02 2.068721e-01 2.217343e-01 2.591983e+00
3.981072e+00 7.719468e-02 2.036065e-01 2.177490e-01 2.637571e+00
4.073803e+00 7.463918e-02 2.003578e-01 2.138090e-01 2.684352e+00
4.168694e+00 7.214554e-02 1.971272e-01 2.099146e-01 2.732355e+00
4.265795e+00 6.971344e-02 1.939157e-01 2.060662e-01 2.781611e+00
4.365158e+00 6.734250e-02 1.907242e-01 2.022640e-01 2.832152e+00
4.466836e+00 6.503231e-02 1.875538e-01 1.985085e-01 2.884010e+00
4.570882e+00 6.278238e-02 1.844055e-01 1.947999e-01 2.937218e+00
4.677351e+00 6.059218e-02 1.812802e-01 1.911385e-01 2.991808e+00
4.786301e+00 5.846115e-02 1.781788e-01 1.875244e-01 3.047816e+00
4.897788e+00 5.638867e-02 1.751023e-01 1.839579e-01 3.105275e+00
5.011872e+00 5.437407e-02 1.720517e-01 1.804392e-01 3.164223e+00
5.128614e+00 5.241664e-02 1.690276e-01 1.769685e-01 3.224694e+00
5.248075e+00 5.051564e-02 1.660311e-01 1.735458e-01 3.286727e+00
5.370318e+00 4.867027e-02 1.630628e-01 1.701713e-01 3.350358e+00
5.495409e+00 4.687973e-02 1.601237e-01 1.668451e-01 3.415627e+00
5.623413e+00 4.514314e-02 1.572143e-01 1.635673e-01 3.482574e+00
5.754399e+00 4.345964e-02 1.543355e-01 1.603377e-01 3.551237e+00
5.888437e+00 4.182829e-02 1.514878e-01 1.571565e-01 3.621659e+00
6.025596e+00 4.024817e-02 1.486720e-01 1.540236e-01 3.693882e+00
6.165950e+00 3.871830e-02 1.458885e-01 1.509390e-01 3.767947e+00
6.309573e+00 3.723771e-02 1.431380e-01 1.479025e-01 3.843900e+00
6.456542e+00 3.580538e-02 1.404209e-01 1.449140e-01 3.921784e+00
6.606934e+00 3.442029e-02 1.377378e-01 1.419734e-01 4.001645e+00
6.760830e+00 3.308142e-02 1.350890e-01 1.390806e-01 4.083529e+00
6.918310e+00 3.178772e-02 1.324749e-01 1.362353e-01 4.167485e+00
7.079458e+00 3.053814e-02 1.298958e-01 1.334373e-01 4.253560e+00
7.244360e+00 2.933162e-02 1.273521e-01 1.306863e-01 4.341804e+00
7.413102e+00 2.816709e-02 1.248441e-01 1.279821e-01 4.432268e+00
7.585776e+00 2.704350e-02 1.223719e-01 1.253245e-01 4.525002e+00
7.762471e+00 2.595977e-02 1.199357e-01 1.227130e-01 4.620060e+00
7.943282e+00 2.491485e-02 1.175357e-01 1.201474e-01 4.717496e+00
8.128305e+00 2.390767e-02 1.151720e-01 1.176272e-01 4.817365e+00
8.317638e+00 2.293720e-02 1.128446e-01 1.151522e-01 4.919722e+00
8.511380e+00 2.200237e-02 1.105537e-01 1.127218e-01 5.024625e+00
8.709636e+00 2.110216e-02 1.082991e-01 1.103358e-01 5.132133e+00
8.912509e+00 2.023554e-02 1.060809e-01 1.079937e-01 5.242305e+00
9.120108e+00 1.940150e-02 1.038990e-01 1.056949e-01 5.355203e+00
9.332543e+00 1.859904e-02 1.017533e-01 1.034392e-01 5.470890e+00
9.549926e+00 1.782718e-02 9.964374e-02 1.012259e-01 5.589428e+00
9.772372e+00 1.708494e-02 9.757011e-02 9.905464e-02 5.710884e+00
1.000000e+01 1.637137e-02 9.553225e-02 9.692488e-02 5.835325e+00
