1.000000e-06 2.053320e+01 1.971292e-02 2.053321e+01 9.600514e-04
1.023293e-06 2.053319e+01 2.017208e-02 2.053320e+01 9.824129e-04
1.047129e-06 2.053319e+01 2.064192e-02 2.053320e+01 1.005295e-03
1.071519e-06 2.053319e+01 2.112271e-02 2.053320e+01 1.028711e-03
1.096478e-06 2.053319e+01 2.161470e-02 2.053320e+01 1.052671e-03
1.122018e-06 2.053318e+01 2.211814e-02 2.053319e+01 1.077190e-03
1.148154e-06 2.053318e+01 2.263331e-02 2.053319e+01 1.102280e-03
1.174898e-06 2.053317e+01 2.316047e-02 2.053319e+01 1.127954e-03
1.202264e-06 2.053317e+01 2.369991e-02 2.053318e+01 1.154226e-03
1.230269e-06 2.053317e+01 2.425192e-02 2.053318e+01 1.181110e-03
1.258925e-06 2.053316e+01 2.481678e-02 2.053318e+01 1.208620e-03
1.288250e-06 2.053316e+01 2.539480e-02 2.053317e+01 1.236770e-03
1.318257e-06 2.053315e+01 2.598627e-02 2.053317e+01 1.265576e-03
1.348963e-06 2.053315e+01 2.659152e-02 2.053317e+01 1.295053e-03
1.380384e-06 2.053314e+01 2.721087e-02 2.053316e+01 1.325217e-03
1.412538e-06 2.053314e+01 2.784463e-02 2.053316e+01 1.356083e-03
1.445440e-06 2.053313e+01 2.849316e-02 2.053315e+01 1.387668e-03
1.479108e-06 2.053313e+01 2.915679e-02 2.053315e+01 1.419988e-03
1.513561e-06 2.053312e+01 2.983587e-02 2.053314e+01 1.453061e-03
1.548817e-06 2.053311e+01 3.053076e-02 2.053314e+01 1.486904e-03
1.584893e-06 2.053311e+01 3.124184e-02 2.053313e+01 1.521535e-03
1.621810e-06 2.053310e+01 3.196947e-02 2.053312e+01 1.556972e-03
1.659587e-06 2.053309e+01 3.271405e-02 2.053312e+01 1.593235e-03
1.698244e-06 2.053308e+01 3.347596e-02 2.053311e+01 1.630342e-03
1.737801e-06 2.053308e+01 3.425561e-02 2.053310e+01 1.668314e-03
1.778279e-06 2.053307e+01 3.505342e-02 2.053310e+01 1.707169e-03
1.819701e-06 2.053306e+01 3.586980e-02 2.053309e+01 1.746929e-03
1.862087e-06 2.053305e+01 3.670519e-02 2.053308e+01 1.787615e-03
1.905461e-06 2.053304e+01 3.756002e-02 2.053307e+01 1.829248e-03
1.949845e-06 2.053303e+01 3.843476e-02 2.053306e+01 1.871851e-03
1.995262e-06 2.053302e+01 3.932987e-02 2.053305e+01 1.915445e-03
2.041738e-06 2.053301e+01 4.024581e-02 2.053305e+01 1.960055e-03
2.089296e-06 2.053299e+01 4.118308e-02 2.053304e+01 2.005703e-03
2.137962e-06 2.053298e+01 4.214217e-02 2.053302e+01 2.052413e-03
2.187762e-06 2.053297e+01 4.312358e-02 2.053301e+01 2.100212e-03
2.238721e-06 2.053295e+01 4.412784e-02 2.053300e+01 2.149123e-03
2.290868e-06 2.053294e+01 4.515547e-02 2.053299e+01 2.199172e-03
2.344229e-06 2.053293e+01 4.620703e-02 2.053298e+01 2.250387e-03
2.398833e-06 2.053291e+01 4.728306e-02 2.053296e+01 2.302794e-03
2.454709e-06 2.053289e+01 4.838413e-02 2.053295e+01 2.356421e-03
2.511886e-06 2.053288e+01 4.951083e-02 2.053294e+01 2.411296e-03
2.570396e-06 2.053286e+01 5.066376e-02 2.053292e+01 2.467448e-03
2.630268e-06 2.053284e+01 5.184351e-02 2.053291e+01 2.524907e-03
2.691535e-06 2.053282e+01 5.305072e-02 2.053289e+01 2.583704e-03
2.754229e-06 2.053280e+01 5.428602e-02 2.053287e+01 2.643869e-03
2.818383e-06 2.053278e+01 5.555007e-02 2.053285e+01 2.705434e-03
2.884032e-06 2.053275e+01 5.684353e-02 2.053283e+01 2.768432e-03
2.951209e-06 2.053273e+01 5.816709e-02 2.053281e+01 2.832896e-03
3.019952e-06 2.053271e+01 5.952143e-02 2.053279e+01 2.898860e-03
3.090295e-06 2.053268e+01 6.090729e-02 2.053277e+01 2.966358e-03
3.162278e-06 2.053265e+01 6.232539e-02 2.053275e+01 3.035428e-03
3.235937e-06 2.053262e+01 6.377647e-02 2.053272e+01 3.106104e-03
3.311311e-06 2.053260e+01 6.526131e-02 2.053270e+01 3.178425e-03
3.388442e-06 2.053256e+01 6.678068e-02 2.053267e+01 3.252428e-03
3.467369e-06 2.053253e+01 6.833539e-02 2.053264e+01 3.328152e-03
3.548134e-06 2.053250e+01 6.992626e-02 2.053262e+01 3.405638e-03
3.630781e-06 2.053246e+01 7.155412e-02 2.053259e+01 3.484926e-03
3.715352e-06 2.053242e+01 7.321983e-02 2.053255e+01 3.566059e-03
3.801894e-06 2.053238e+01 7.492427e-02 2.053252e+01 3.649078e-03
3.890451e-06 2.053234e+01 7.666833e-02 2.053249e+01 3.734027e-03
3.981072e-06 2.053230e+01 7.845294e-02 2.053245e+01 3.820952e-03
4.073803e-06 2.053226e+01 8.027903e-02 2.053241e+01 3.909898e-03
4.168694e-06 2.053221e+01 8.214756e-02 2.053237e+01 4.000912e-03
4.265795e-06 2.053216e+01 8.405951e-02 2.053233e+01 4.094042e-03
4.365158e-06 2.053211e+01 8.601589e-02 2.053229e+01 4.189336e-03
4.466836e-06 2.053205e+01 8.801773e-02 2.053224e+01 4.286845e-03
4.570882e-06 2.053200e+01 9.006607e-02 2.053219e+01 4.386620e-03
4.677351e-06 2.053194e+01 9.216200e-02 2.053214e+01 4.488714e-03
4.786301e-06 2.053187e+01 9.430660e-02 2.053209e+01 4.593180e-03
4.897788e-06 2.053181e+01 9.650100e-02 2.053204e+01 4.700073e-03
5.011872e-06 2.053174e+01 9.874636e-02 2.053198e+01 4.809449e-03
5.128614e-06 2.053167e+01 1.010438e-01 2.053192e+01 4.921365e-03
5.248075e-06 2.053160e+01 1.033947e-01 2.053186e+01 5.035881e-03
5.370318e-06 2.053152e+01 1.058000e-01 2.053179e+01 5.153055e-03
5.495409e-06 2.053144e+01 1.082612e-01 2.053172e+01 5.272950e-03
5.623413e-06 2.053135e+01 1.107795e-01 2.053165e+01 5.395628e-03
5.754399e-06 2.053126e+01 1.133562e-01 2.053157e+01 5.521153e-03
5.888437e-06 2.053117e+01 1.159927e-01 2.053149e+01 5.649591e-03
6.025596e-06 2.053107e+01 1.186903e-01 2.053141e+01 5.781009e-03
6.165950e-06 2.053096e+01 1.214504e-01 2.053132e+01 5.915476e-03
6.309573e-06 2.053086e+01 1.242745e-01 2.053123e+01 6.053061e-03
6.456542e-06 2.053074e+01 1.271641e-01 2.053114e+01 6.193837e-03
6.606934e-06 2.053063e+01 1.301206e-01 2.053104e+01 6.337876e-03
6.760830e-06 2.053050e+01 1.331455e-01 2.053093e+01 6.485254e-03
6.918310e-06 2.053037e+01 1.362405e-01 2.053083e+01 6.636047e-03
7.079458e-06 2.053024e+01 1.394072e-01 2.053071e+01 6.790334e-03
7.244360e-06 2.053010e+01 1.426471e-01 2.053059e+01 6.948194e-03
7.413102e-06 2.052995e+01 1.459620e-01 2.053047e+01 7.109710e-03
7.585776e-06 2.052979e+01 1.493535e-01 2.053034e+01 7.274965e-03
7.762471e-06 2.052963e+01 1.528235e-01 2.053020e+01 7.444044e-03
7.943282e-06 2.052946e+01 1.563736e-01 2.053006e+01 7.617036e-03
8.128305e-06 2.052928e+01 1.600058e-01 2.052991e+01 7.794029e-03
8.317638e-06 2.052910e+01 1.637219e-01 2.052975e+01 7.975114e-03
8.511380e-06 2.052890e+01 1.675237e-01 2.052959e+01 8.160385e-03
8.709636e-06 2.052870e+01 1.714133e-01 2.052941e+01 8.349937e-03
8.912509e-06 2.052848e+01 1.753927e-01 2.052923e+01 8.543867e-03
9.120108e-06 2.052826e+01 1.794637e-01 2.052905e+01 8.742276e-03
9.332543e-06 2.052803e+01 1.836286e-01 2.052885e+01 8.945263e-03
9.549926e-06 2.052778e+01 1.878894e-01 2.052864e+01 9.152934e-03
9.772372e-06 2.052753e+01 1.922484e-01 2.052843e+01 9.365394e-03
1.000000e-05 2.052726e+01 1.967076e-01 2.052820e+01 9.582752e-03
1.023293e-05 2.052698e+01 2.012695e-01 2.052797e+01 9.805118e-03
1.047129e-05 2.052669e+01 2.059361e-01 2.052772e+01 1.003260e-02
1.071519e-05 2.052638e+01 2.107100e-01 2.052746e+01 1.026533e-02
1.096478e-05 2.052606e+01 2.155935e-01 2.052719e+01 1.050340e-02
1.122018e-05 2.052572e+01 2.205891e-01 2.052691e+01 1.074696e-02
1.148154e-05 2.052537e+01 2.256992e-01 2.052661e+01 1.099611e-02
1.174898e-05 2.052501e+01 2.309264e-01 2.052631e+01 1.125098e-02
1.202264e-05 2.052462e+01 2.362733e-01 2.052598e+01 1.151170e-02
1.230269e-05 2.052422e+01 2.417425e-01 2.052564e+01 1.177840e-02
1.258925e-05 2.052380e+01 2.473368e-01 2.052529e+01 1.205122e-02
1.288250e-05 2.052336e+01 2.530588e-01 2.052492e+01 1.233028e-02
1.318257e-05 2.052290e+01 2.589115e-01 2.052454e+01 1.261574e-02
1.348963e-05 2.052242e+01 2.648977e-01 2.052413e+01 1.290772e-02
1.380384e-05 2.052192e+01 2.710203e-01 2.052371e+01 1.320638e-02
1.412538e-05 2.052139e+01 2.772822e-01 2.052327e+01 1.351186e-02
1.445440e-05 2.052085e+01 2.836866e-01 2.052281e+01 1.382431e-02
1.479108e-05 2.052027e+01 2.902365e-01 2.052232e+01 1.414389e-02
1.513561e-05 2.051967e+01 2.969350e-01 2.052182e+01 1.447075e-02
1.548817e-05 2.051904e+01 3.037854e-01 2.052129e+01 1.480505e-02
1.584893e-05 2.051839e+01 3.107910e-01 2.052074e+01 1.514695e-02
1.621810e-05 2.051770e+01 3.179550e-01 2.052017e+01 1.549662e-02
1.659587e-05 2.051699e+01 3.252809e-01 2.051957e+01 1.585422e-02
1.698244e-05 2.051624e+01 3.327721e-01 2.051894e+01 1.621994e-02
1.737801e-05 2.051546e+01 3.404321e-01 2.051828e+01 1.659393e-02
1.778279e-05 2.051464e+01 3.482646e-01 2.051760e+01 1.697639e-02
1.819701e-05 2.051379e+01 3.562731e-01 2.051688e+01 1.736749e-02
1.862087e-05 2.051289e+01 3.644613e-01 2.051613e+01 1.776743e-02
1.905461e-05 2.051196e+01 3.728331e-01 2.051535e+01 1.817637e-02
1.949845e-05 2.051099e+01 3.813922e-01 2.051453e+01 1.859453e-02
1.995262e-05 2.050997e+01 3.901426e-01 2.051368e+01 1.902209e-02
2.041738e-05 2.050891e+01 3.990882e-01 2.051279e+01 1.945926e-02
2.089296e-05 2.050780e+01 4.082331e-01 2.051187e+01 1.990623e-02
2.137962e-05 2.050665e+01 4.175813e-01 2.051090e+01 2.036322e-02
2.187762e-05 2.050544e+01 4.271370e-01 2.050989e+01 2.083043e-02
2.238721e-05 2.050418e+01 4.369045e-01 2.050883e+01 2.130808e-02
2.290868e-05 2.050286e+01 4.468880e-01 2.050773e+01 2.179638e-02
2.344229e-05 2.050149e+01 4.570920e-01 2.050658e+01 2.229556e-02
2.398833e-05 2.050005e+01 4.675208e-01 2.050538e+01 2.280584e-02
2.454709e-05 2.049856e+01 4.781790e-01 2.050413e+01 2.332745e-02
2.511886e-05 2.049699e+01 4.890711e-01 2.050283e+01 2.386062e-02
2.570396e-05 2.049537e+01 5.002018e-01 2.050147e+01 2.440560e-02
2.630268e-05 2.049367e+01 5.115757e-01 2.050005e+01 2.496263e-02
2.691535e-05 2.049190e+01 5.231978e-01 2.049857e+01 2.553194e-02
2.754229e-05 2.049005e+01 5.350728e-01 2.049703e+01 2.611379e-02
2.818383e-05 2.048812e+01 5.472057e-01 2.049543e+01 2.670844e-02
2.884032e-05 2.048611e+01 5.596015e-01 2.049375e+01 2.731614e-02
2.951209e-05 2.048402e+01 5.722652e-01 2.049201e+01 2.793715e-02
3.019952e-05 2.048183e+01 5.852020e-01 2.049019e+01 2.857175e-02
3.090295e-05 2.047956e+01 5.984170e-01 2.048830e+01 2.922021e-02
3.162278e-05 2.047719e+01 6.119157e-01 2.048633e+01 2.988280e-02
3.235937e-05 2.047472e+01 6.257033e-01 2.048428e+01 3.055980e-02
3.311311e-05 2.047214e+01 6.397853e-01 2.048214e+01 3.125151e-02
3.388442e-05 2.046946e+01 6.541671e-01 2.047991e+01 3.195820e-02
3.467369e-05 2.046667e+01 6.688544e-01 2.047759e+01 3.268018e-02
3.548134e-05 2.046376e+01 6.838527e-01 2.047518e+01 3.341775e-02
3.630781e-05 2.046073e+01 6.991679e-01 2.047267e+01 3.417121e-02
3.715352e-05 2.045757e+01 7.148055e-01 2.047005e+01 3.494088e-02
3.801894e-05 2.045428e+01 7.307716e-01 2.046733e+01 3.572707e-02
3.890451e-05 2.045086e+01 7.470719e-01 2.046450e+01 3.653009e-02
3.981072e-05 2.044730e+01 7.637125e-01 2.046156e+01 3.735028e-02
4.073803e-05 2.044359e+01 7.806993e-01 2.045849e+01 3.818797e-02
4.168694e-05 2.043973e+01 7.980385e-01 2.045531e+01 3.904349e-02
4.265795e-05 2.043572e+01 8.157361e-01 2.045199e+01 3.991717e-02
4.365158e-05 2.043154e+01 8.337983e-01 2.044854e+01 4.080938e-02
4.466836e-05 2.042719e+01 8.522314e-01 2.044496e+01 4.172045e-02
4.570882e-05 2.042266e+01 8.710415e-01 2.044123e+01 4.265073e-02
4.677351e-05 2.041795e+01 8.902350e-01 2.043735e+01 4.360060e-02
4.786301e-05 2.041305e+01 9.098182e-01 2.043332e+01 4.457041e-02
4.897788e-05 2.040796e+01 9.297974e-01 2.042913e+01 4.556053e-02
5.011872e-05 2.040266e+01 9.501788e-01 2.042477e+01 4.657133e-02
5.128614e-05 2.039714e+01 9.709689e-01 2.042024e+01 4.760318e-02
5.248075e-05 2.039141e+01 9.921739e-01 2.041553e+01 4.865647e-02
5.370318e-05 2.038544e+01 1.013800e+00 2.041064e+01 4.973157e-02
5.495409e-05 2.037924e+01 1.035854e+00 2.040555e+01 5.082887e-02
5.623413e-05 2.037279e+01 1.058341e+00 2.040026e+01 5.194875e-02
5.754399e-05 2.036608e+01 1.081268e+00 2.039477e+01 5.309160e-02
5.888437e-05 2.035911e+01 1.104641e+00 2.038905e+01 5.425781e-02
6.025596e-05 2.035186e+01 1.128465e+00 2.038312e+01 5.544777e-02
6.165950e-05 2.034432e+01 1.152747e+00 2.037695e+01 5.666187e-02
6.309573e-05 2.033648e+01 1.177492e+00 2.037054e+01 5.790049e-02
6.456542e-05 2.032834e+01 1.202706e+00 2.036388e+01 5.916402e-02
6.606934e-05 2.031987e+01 1.228394e+00 2.035696e+01 6.045285e-02
6.760830e-05 2.031107e+01 1.254561e+00 2.034977e+01 6.176736e-02
6.918310e-05 2.030192e+01 1.281212e+00 2.034231e+01 6.310792e-02
7.079458e-05 2.029241e+01 1.308352e+00 2.033455e+01 6.447491e-02
7.244360e-05 2.028253e+01 1.335984e+00 2.032649e+01 6.586870e-02
7.413102e-05 2.027227e+01 1.364114e+00 2.031811e+01 6.728964e-02
7.585776e-05 2.026161e+01 1.392744e+00 2.030942e+01 6.873809e-02
7.762471e-05 2.025053e+01 1.421878e+00 2.030039e+01 7.021438e-02
7.943282e-05 2.023902e+01 1.451520e+00 2.029101e+01 7.171886e-02
8.128305e-05 2.022707e+01 1.481670e+00 2.028127e+01 7.325184e-02
8.317638e-05 2.021466e+01 1.512332e+00 2.027115e+01 7.481362e-02
8.511380e-05 2.020178e+01 1.543507e+00 2.026066e+01 7.640451e-02
8.709636e-05 2.018840e+01 1.575195e+00 2.024976e+01 7.802478e-02
8.912509e-05 2.017451e+01 1.607398e+00 2.023845e+01 7.967469e-02
9.120108e-05 2.016011e+01 1.640115e+00 2.022671e+01 8.135448e-02
9.332543e-05 2.014515e+01 1.673345e+00 2.021453e+01 8.306437e-02
9.549926e-05 2.012964e+01 1.707086e+00 2.020190e+01 8.480458e-02
9.772372e-05 2.011356e+01 1.741337e+00 2.018880e+01 8.657527e-02
1.000000e-04 2.009688e+01 1.776094e+00 2.017521e+01 8.837659e-02
1.023293e-04 2.007959e+01 1.811353e+00 2.016112e+01 9.020869e-02
1.047129e-04 2.006166e+01 1.847111e+00 2.014652e+01 9.207166e-02
1.071519e-04 2.004309e+01 1.883361e+00 2.013139e+01 9.396558e-02
1.096478e-04 2.002386e+01 1.920098e+00 2.011571e+01 9.589048e-02
1.122018e-04 2.000394e+01 1.957314e+00 2.009947e+01 9.784639e-02
1.148154e-04 1.998332e+01 1.995001e+00 2.008266e+01 9.983329e-02
1.174898e-04 1.996199e+01 2.033151e+00 2.006526e+01 1.018511e-01
1.202264e-04 1.993992e+01 2.071753e+00 2.004725e+01 1.038998e-01
1.230269e-04 1.991709e+01 2.110797e+00 2.002863e+01 1.059792e-01
1.258925e-04 1.989350e+01 2.150271e+00 2.000937e+01 1.080891e-01
1.288250e-04 1.986912e+01 2.190163e+00 1.998947e+01 1.102295e-01
1.318257e-04 1.984394e+01 2.230458e+00 1.996890e+01 1.124000e-01
1.348963e-04 1.981795e+01 2.271143e+00 1.994766e+01 1.146003e-01
1.380384e-04 1.979112e+01 2.312201e+00 1.992573e+01 1.168302e-01
1.412538e-04 1.976345e+01 2.353617e+00 1.990311e+01 1.190894e-01
1.445440e-04 1.973493e+01 2.395374e+00 1.987977e+01 1.213774e-01
1.479108e-04 1.970554e+01 2.437453e+00 1.985571e+01 1.236938e-01
1.513561e-04 1.967526e+01 2.479835e+00 1.983093e+01 1.260382e-01
1.548817e-04 1.964410e+01 2.522502e+00 1.980540e+01 1.284101e-01
1.584893e-04 1.961205e+01 2.565433e+00 1.977912e+01 1.308090e-01
1.621810e-04 1.957908e+01 2.608607e+00 1.975210e+01 1.332344e-01
1.659587e-04 1.954521e+01 2.652003e+00 1.972431e+01 1.356856e-01
1.698244e-04 1.951042e+01 2.695600e+00 1.969575e+01 1.381621e-01
1.737801e-04 1.947471e+01 2.739375e+00 1.966643e+01 1.406632e-01
1.778279e-04 1.943808e+01 2.783307e+00 1.963634e+01 1.431884e-01
1.819701e-04 1.940053e+01 2.827373e+00 1.960548e+01 1.457369e-01
1.862087e-04 1.936206e+01 2.871551e+00 1.957384e+01 1.483081e-01
1.905461e-04 1.932267e+01 2.915819e+00 1.954144e+01 1.509014e-01
1.949845e-04 1.928237e+01 2.960155e+00 1.950827e+01 1.535161e-01
1.995262e-04 1.924117e+01 3.004537e+00 1.947434e+01 1.561515e-01
2.041738e-04 1.919906e+01 3.048945e+00 1.943965e+01 1.588070e-01
2.089296e-04 1.915606e+01 3.093358e+00 1.940422e+01 1.614819e-01
2.137962e-04 1.911219e+01 3.137757e+00 1.936805e+01 1.641757e-01
2.187762e-04 1.906745e+01 3.182124e+00 1.933115e+01 1.668878e-01
2.238721e-04 1.902185e+01 3.226441e+00 1.929354e+01 1.696176e-01
2.290868e-04 1.897542e+01 3.270692e+00 1.925523e+01 1.723647e-01
2.344229e-04 1.892816e+01 3.314862e+00 1.921623e+01 1.751286e-01
2.398833e-04 1.888010e+01 3.358939e+00 1.917657e+01 1.779089e-01
2.454709e-04 1.883126e+01 3.402910e+00 1.913625e+01 1.807054e-01
2.511886e-04 1.878165e+01 3.446767e+00 1.909530e+01 1.835178e-01
2.570396e-04 1.873130e+01 3.490501e+00 1.905374e+01 1.863459e-01
2.630268e-04 1.868022e+01 3.534106e+00 1.901159e+01 1.891898e-01
2.691535e-04 1.862844e+01 3.577578e+00 1.896886e+01 1.920493e-01
2.754229e-04 1.857597e+01 3.620917e+00 1.892559e+01 1.949248e-01
2.818383e-04 1.852285e+01 3.664122e+00 1.888179e+01 1.978163e-01
2.884032e-04 1.846910e+01 3.707196e+00 1.883748e+01 2.007243e-01
2.951209e-04 1.841472e+01 3.750144e+00 1.879270e+01 2.036492e-01
3.019952e-04 1.835976e+01 3.792973e+00 1.874746e+01 2.065917e-01
3.090295e-04 1.830422e+01 3.835693e+00 1.870179e+01 2.095524e-01
3.162278e-04 1.824813e+01 3.878315e+00 1.865571e+01 2.125323e-01
3.235937e-04 1.819150e+01 3.920854e+00 1.860924e+01 2.155322e-01
3.311311e-04 1.813435e+01 3.963324e+00 1.856240e+01 2.185534e-01
3.388442e-04 1.807671e+01 4.005744e+00 1.851522e+01 2.215970e-01
3.467369e-04 1.801857e+01 4.048134e+00 1.846771e+01 2.246645e-01
3.548134e-04 1.795996e+01 4.090514e+00 1.841990e+01 2.277574e-01
3.630781e-04 1.790089e+01 4.132909e+00 1.837179e+01 2.308773e-01
3.715352e-04 1.784136e+01 4.175342e+00 1.832341e+01 2.340260e-01
3.801894e-04 1.778137e+01 4.217840e+00 1.827478e+01 2.372055e-01
3.890451e-04 1.772094e+01 4.260429e+00 1.822589e+01 2.404177e-01
3.981072e-04 1.766006e+01 4.303137e+00 1.817677e+01 2.436649e-01
4.073803e-04 1.759873e+01 4.345992e+00 1.812741e+01 2.469491e-01
4.168694e-04 1.753695e+01 4.389024e+00 1.807784e+01 2.502729e-01
4.265795e-04 1.747470e+01 4.432261e+00 1.802804e+01 2.536387e-01
4.365158e-04 1.741198e+01 4.475733e+00 1.797802e+01 2.570490e-01
4.466836e-04 1.734878e+01 4.519469e+00 1.792779e+01 2.605065e-01
4.570882e-04 1.728507e+01 4.563497e+00 1.787733e+01 2.640139e-01
4.677351e-04 1.722083e+01 4.607845e+00 1.782664e+01 2.675739e-01
4.786301e-04 1.715605e+01 4.652540e+00 1.777572e+01 2.711894e-01
4.897788e-04 1.709070e+01 4.697607e+00 1.772455e+01 2.748633e-01
5.011872e-04 1.702475e+01 4.743070e+00 1.767311e+01 2.785985e-01
5.128614e-04 1.695817e+01 4.788953e+00 1.762139e+01 2.823980e-01
5.248075e-04 1.689092e+01 4.835274e+00 1.756938e+01 2.862647e-01
5.370318e-04 1.682298e+01 4.882054e+00 1.751705e+01 2.902016e-01
5.495409e-04 1.675429e+01 4.929308e+00 1.746437e+01 2.942117e-01
5.623413e-04 1.668482e+01 4.977049e+00 1.741133e+01 2.982980e-01
5.754399e-04 1.661453e+01 5.025289e+00 1.735789e+01 3.024635e-01
5.888437e-04 1.654337e+01 5.074035e+00 1.730402e+01 3.067111e-01
6.025596e-04 1.647130e+01 5.123293e+00 1.724969e+01 3.110437e-01
6.165950e-04 1.639825e+01 5.173062e+00 1.719486e+01 3.154642e-01
6.309573e-04 1.632420e+01 5.223343e+00 1.713951e+01 3.199754e-01
6.456542e-04 1.624908e+01 5.274128e+00 1.708359e+01 3.245802e-01
6.606934e-04 1.617284e+01 5.325409e+00 1.702706e+01 3.292811e-01
6.760830e-04 1.609543e+01 5.377173e+00 1.696988e+01 3.340808e-01
6.918310e-04 1.601679e+01 5.429402e+00 1.691201e+01 3.389818e-01
7.079458e-04 1.593688e+01 5.482076e+00 1.685341e+01 3.439867e-01
7.244360e-04 1.585564e+01 5.535170e+00 1.679403e+01 3.490978e-01
7.413102e-04 1.577302e+01 5.588654e+00 1.673383e+01 3.543174e-01
7.585776e-04 1.568896e+01 5.642496e+00 1.667277e+01 3.596475e-01
7.762471e-04 1.560341e+01 5.696657e+00 1.661079e+01 3.650904e-01
7.943282e-04 1.551633e+01 5.751096e+00 1.654786e+01 3.706479e-01
8.128305e-04 1.542767e+01 5.805768e+00 1.648393e+01 3.763218e-01
8.317638e-04 1.533737e+01 5.860622e+00 1.641894e+01 3.821139e-01
8.511380e-04 1.524539e+01 5.915605e+00 1.635287e+01 3.880257e-01
8.709636e-04 1.515170e+01 5.970659e+00 1.628566e+01 3.940586e-01
8.912509e-04 1.505625e+01 6.025723e+00 1.621728e+01 4.002140e-01
9.120108e-04 1.495901e+01 6.080732e+00 1.614767e+01 4.064929e-01
9.332543e-04 1.485994e+01 6.135616e+00 1.607680e+01 4.128964e-01
9.549926e-04 1.475902e+01 6.190305e+00 1.600464e+01 4.194254e-01
9.772372e-04 1.465621e+01 6.244724e+00 1.593113e+01 4.260804e-01
1.000000e-03 1.455150e+01 6.298793e+00 1.585626e+01 4.328621e-01
1.023293e-03 1.444487e+01 6.352434e+00 1.577998e+01 4.397709e-01
1.047129e-03 1.433631e+01 6.405563e+00 1.570226e+01 4.468070e-01
1.071519e-03 1.422581e+01 6.458096e+00 1.562308e+01 4.539704e-01
1.096478e-03 1.411336e+01 6.509945e+00 1.554241e+01 4.612611e-01
1.122018e-03 1.399898e+01 6.561023e+00 1.546022e+01 4.686788e-01
1.148154e-03 1.388266e+01 6.611241e+00 1.537650e+01 4.762230e-01
1.174898e-03 1.376442e+01 6.660509e+00 1.529122e+01 4.838933e-01
1.202264e-03 1.364427e+01 6.708737e+00 1.520439e+01 4.916888e-01
1.230269e-03 1.352225e+01 6.755834e+00 1.511597e+01 4.996086e-01
1.258925e-03 1.339838e+01 6.801712e+00 1.502598e+01 5.076517e-01
1.288250e-03 1.327270e+01 6.846281e+00 1.493439e+01 5.158169e-01
1.318257e-03 1.314524e+01 6.889454e+00 1.484122e+01 5.241026e-01
1.348963e-03 1.301605e+01 6.931145e+00 1.474647e+01 5.325075e-01
1.380384e-03 1.288519e+01 6.971269e+00 1.465014e+01 5.410297e-01
1.412538e-03 1.275270e+01 7.009745e+00 1.455225e+01 5.496675e-01
1.445440e-03 1.261866e+01 7.046495e+00 1.445281e+01 5.584188e-01
1.479108e-03 1.248312e+01 7.081442e+00 1.435183e+01 5.672815e-01
1.513561e-03 1.234616e+01 7.114515e+00 1.424935e+01 5.762534e-01
1.548817e-03 1.220785e+01 7.145644e+00 1.414538e+01 5.853321e-01
1.584893e-03 1.206827e+01 7.174766e+00 1.403996e+01 5.945150e-01
1.621810e-03 1.192750e+01 7.201819e+00 1.393311e+01 6.037994e-01
1.659587e-03 1.178564e+01 7.226750e+00 1.382488e+01 6.131827e-01
1.698244e-03 1.164276e+01 7.249506e+00 1.371529e+01 6.226620e-01
1.737801e-03 1.149897e+01 7.270042e+00 1.360440e+01 6.322343e-01
1.778279e-03 1.135435e+01 7.288318e+00 1.349225e+01 6.418967e-01
1.819701e-03 1.120900e+01 7.304298e+00 1.337888e+01 6.516458e-01
1.862087e-03 1.106302e+01 7.317952e+00 1.326435e+01 6.614787e-01
1.905461e-03 1.091651e+01 7.329256e+00 1.314870e+01 6.713919e-01
1.949845e-03 1.076957e+01 7.338190e+00 1.303198e+01 6.813821e-01
1.995262e-03 1.062229e+01 7.344741e+00 1.291427e+01 6.914460e-01
2.041738e-03 1.047478e+01 7.348900e+00 1.279560e+01 7.015801e-01
2.089296e-03 1.032714e+01 7.350664e+00 1.267605e+01 7.117810e-01
2.137962e-03 1.017947e+01 7.350034e+00 1.255566e+01 7.220451e-01
2.187762e-03 1.003186e+01 7.347019e+00 1.243450e+01 7.323688e-01
2.238721e-03 9.884406e+00 7.341629e+00 1.231264e+01 7.427486e-01
2.290868e-03 9.737211e+00 7.333881e+00 1.219012e+01 7.531809e-01
2.344229e-03 9.590363e+00 7.323797e+00 1.206702e+01 7.636621e-01
2.398833e-03 9.443953e+00 7.311401e+00 1.194340e+01 7.741886e-01
2.454709e-03 9.298071e+00 7.296723e+00 1.181932e+01 7.847567e-01
2.511886e-03 9.152800e+00 7.279796e+00 1.169484e+01 7.953628e-01
2.570396e-03 9.008223e+00 7.260656e+00 1.157001e+01 8.060032e-01
2.630268e-03 8.864421e+00 7.239344e+00 1.144491e+01 8.166742e-01
2.691535e-03 8.721469e+00 7.215902e+00 1.131960e+01 8.273723e-01
2.754229e-03 8.579442e+00 7.190376e+00 1.119412e+01 8.380938e-01
2.818383e-03 8.438408e+00 7.162815e+00 1.106854e+01 8.488349e-01
2.884032e-03 8.298435e+00 7.133267e+00 1.094292e+01 8.595919e-01
2.951209e-03 8.159585e+00 7.101787e+00 1.081731e+01 8.703613e-01
3.019952e-03 8.021919e+00 7.068426e+00 1.069176e+01 8.811391e-01
3.090295e-03 7.885492e+00 7.033242e+00 1.056634e+01 8.919218e-01
3.162278e-03 7.750359e+00 6.996291e+00 1.044108e+01 9.027055e-01
3.235937e-03 7.616567e+00 6.957631e+00 1.031604e+01 9.134864e-01
3.311311e-03 7.484164e+00 6.917319e+00 1.019127e+01 9.242607e-01
3.388442e-03 7.353193e+00 6.875415e+00 1.006682e+01 9.350244e-01
3.467369e-03 7.223692e+00 6.831978e+00 9.942719e+00 9.457737e-01
3.548134e-03 7.095700e+00 6.787069e+00 9.819026e+00 9.565045e-01
3.630781e-03 6.969250e+00 6.740747e+00 9.695778e+00 9.672128e-01
3.715352e-03 6.844371e+00 6.693072e+00 9.573016e+00 9.778943e-01
3.801894e-03 6.721093e+00 6.644103e+00 9.450777e+00 9.885449e-01
3.890451e-03 6.599440e+00 6.593899e+00 9.329100e+00 9.991603e-01
3.981072e-03 6.479435e+00 6.542519e+00 9.208021e+00 1.009736e+00
4.073803e-03 6.361099e+00 6.490022e+00 9.087572e+00 1.020268e+00
4.168694e-03 6.244447e+00 6.436465e+00 8.967787e+00 1.030750e+00
4.265795e-03 6.129497e+00 6.381905e+00 8.848697e+00 1.041179e+00
4.365158e-03 6.016260e+00 6.326398e+00 8.730332e+00 1.051550e+00
4.466836e-03 5.904749e+00 6.269999e+00 8.612720e+00 1.061857e+00
4.570882e-03 5.794972e+00 6.212763e+00 8.495888e+00 1.072095e+00
4.677351e-03 5.686936e+00 6.154743e+00 8.379863e+00 1.082260e+00
4.786301e-03 5.580647e+00 6.095992e+00 8.264668e+00 1.092345e+00
4.897788e-03 5.476109e+00 6.036560e+00 8.150327e+00 1.102345e+00
5.011872e-03 5.373323e+00 5.976500e+00 8.036862e+00 1.112254e+00
5.128614e-03 5.272291e+00 5.915860e+00 7.924295e+00 1.122066e+00
5.248075e-03 5.173011e+00 5.854689e+00 7.812645e+00 1.131776e+00
5.370318e-03 5.075482e+00 5.793034e+00 7.701932e+00 1.141376e+00
5.495409e-03 4.979700e+00 5.730941e+00 7.592174e+00 1.150861e+00
5.623413e-03 4.885660e+00 5.668457e+00 7.483387e+00 1.160223e+00
5.754399e-03 4.793358e+00 5.605625e+00 7.375589e+00 1.169457e+00
5.888437e-03 4.702785e+00 5.542489e+00 7.268795e+00 1.178555e+00
6.025596e-03 4.613934e+00 5.479092e+00 7.163019e+00 1.187510e+00
6.165950e-03 4.526798e+00 5.415474e+00 7.058275e+00 1.196315e+00
6.309573e-03 4.441365e+00 5.351676e+00 6.954578e+00 1.204962e+00
6.456542e-03 4.357625e+00 5.287737e+00 6.851938e+00 1.213445e+00
6.606934e-03 4.275567e+00 5.223697e+00 6.750369e+00 1.221755e+00
6.760830e-03 4.195180e+00 5.159592e+00 6.649881e+00 1.229886e+00
6.918310e-03 4.116449e+00 5.095459e+00 6.550485e+00 1.237829e+00
7.079458e-03 4.039362e+00 5.031335e+00 6.452192e+00 1.245576e+00
7.244360e-03 3.963905e+00 4.967253e+00 6.355009e+00 1.253121e+00
7.413102e-03 3.890061e+00 4.903249e+00 6.258947e+00 1.260455e+00
7.585776e-03 3.817816e+00 4.839354e+00 6.164014e+00 1.267571e+00
7.762471e-03 3.747154e+00 4.775603e+00 6.070218e+00 1.274461e+00
7.943282e-03 3.678057e+00 4.712026e+00 5.977565e+00 1.281118e+00
8.128305e-03 3.610508e+00 4.648653e+00 5.886064e+00 1.287534e+00
8.317638e-03 3.544490e+00 4.585516e+00 5.795719e+00 1.293703e+00
8.511380e-03 3.479982e+00 4.522642e+00 5.706538e+00 1.299616e+00
8.709636e-03 3.416967e+00 4.460061e+00 5.618524e+00 1.305269e+00
8.912509e-03 3.355425e+00 4.397800e+00 5.531683e+00 1.310654e+00
9.120108e-03 3.295335e+00 4.335884e+00 5.446019e+00 1.315765e+00
9.332543e-03 3.236676e+00 4.274342e+00 5.361536e+00 1.320596e+00
9.549926e-03 3.179427e+00 4.213196e+00 5.278236e+00 1.325143e+00
9.772372e-03 3.123566e+00 4.152472e+00 5.196122e+00 1.329401e+00
1.000000e-02 3.069071e+00 4.092193e+00 5.115197e+00 1.333365e+00
1.023293e-02 3.015918e+00 4.032381e+00 5.035460e+00 1.337032e+00
1.047129e-02 2.964086e+00 3.973058e+00 4.956914e+00 1.340399e+00
1.071519e-02 2.913549e+00 3.914244e+00 4.879557e+00 1.343463e+00
1.096478e-02 2.864284e+00 3.855960e+00 4.803390e+00 1.346222e+00
1.122018e-02 2.816265e+00 3.798225e+00 4.728410e+00 1.348674e+00
1.148154e-02 2.769469e+00 3.741056e+00 4.654617e+00 1.350820e+00
1.174898e-02 2.723870e+00 3.684470e+00 4.582007e+00 1.352660e+00
1.202264e-02 2.679441e+00 3.628484e+00 4.510577e+00 1.354194e+00
1.230269e-02 2.636158e+00 3.573112e+00 4.440322e+00 1.355424e+00
1.258925e-02 2.593994e+00 3.518369e+00 4.371239e+00 1.356352e+00
1.288250e-02 2.552922e+00 3.464269e+00 4.303320e+00 1.356982e+00
1.318257e-02 2.512916e+00 3.410822e+00 4.236561e+00 1.357316e+00
1.348963e-02 2.473949e+00 3.358040e+00 4.170954e+00 1.357361e+00
1.380384e-02 2.435994e+00 3.305934e+00 4.106491e+00 1.357119e+00
1.412538e-02 2.399024e+00 3.254513e+00 4.043163e+00 1.356599e+00
1.445440e-02 2.363013e+00 3.203784e+00 3.980962e+00 1.355805e+00
1.479108e-02 2.327932e+00 3.153754e+00 3.919877e+00 1.354745e+00
1.513561e-02 2.293756e+00 3.104431e+00 3.859897e+00 1.353427e+00
1.548817e-02 2.260458e+00 3.055818e+00 3.801012e+00 1.351858e+00
1.584893e-02 2.228010e+00 3.007920e+00 3.743209e+00 1.350048e+00
1.621810e-02 2.196387e+00 2.960741e+00 3.686475e+00 1.348005e+00
1.659587e-02 2.165561e+00 2.914282e+00 3.630798e+00 1.345740e+00
1.698244e-02 2.135508e+00 2.868544e+00 3.576162e+00 1.343261e+00
1.737801e-02 2.106201e+00 2.823528e+00 3.522554e+00 1.340579e+00
1.778279e-02 2.077615e+00 2.779233e+00 3.469959e+00 1.337704e+00
1.819701e-02 2.049724e+00 2.735657e+00 3.418361e+00 1.334646e+00
1.862087e-02 2.022506e+00 2.692799e+00 3.367744e+00 1.331417e+00
1.905461e-02 1.995935e+00 2.650655e+00 3.318091e+00 1.328027e+00
1.949845e-02 1.969987e+00 2.609222e+00 3.269386e+00 1.324487e+00
1.995262e-02 1.944640e+00 2.568493e+00 3.221612e+00 1.320806e+00
2.041738e-02 1.919872e+00 2.528465e+00 3.174751e+00 1.316997e+00
2.089296e-02 1.895660e+00 2.489131e+00 3.128786e+00 1.313068e+00
2.137962e-02 1.871984e+00 2.450484e+00 3.083698e+00 1.309031e+00
2.187762e-02 1.848821e+00 2.412517e+00 3.039470e+00 1.304894e+00
2.238721e-02 1.826154e+00 2.375222e+00 2.996083e+00 1.300669e+00
2.290868e-02 1.803961e+00 2.338590e+00 2.953520e+00 1.296364e+00
2.344229e-02 1.782226e+00 2.302613e+00 2.911762e+00 1.291988e+00
2.398833e-02 1.760928e+00 2.267282e+00 2.870790e+00 1.287549e+00
2.454709e-02 1.740052e+00 2.232586e+00 2.830587e+00 1.283057e+00
2.511886e-02 1.719582e+00 2.198517e+00 2.791135e+00 1.278518e+00
2.570396e-02 1.699500e+00 2.165062e+00 2.752416e+00 1.273941e+00
2.630268e-02 1.679792e+00 2.132212e+00 2.714412e+00 1.269331e+00
2.691535e-02 1.660444e+00 2.099957e+00 2.677105e+00 1.264696e+00
2.754229e-02 1.641442e+00 2.068284e+00 2.640479e+00 1.260041e+00
2.818383e-02 1.622774e+00 2.037183e+00 2.604517e+00 1.255371e+00
2.884032e-02 1.604426e+00 2.006644e+00 2.569202e+00 1.250693e+00
2.951209e-02 1.586387e+00 1.976654e+00 2.534518e+00 1.246010e+00
3.019952e-02 1.568647e+00 1.947202e+00 2.500450e+00 1.241326e+00
3.090295e-02 1.551195e+00 1.918278e+00 2.466981e+00 1.236645e+00
3.162278e-02 1.534021e+00 1.889870e+00 2.434098e+00 1.231971e+00
3.235937e-02 1.517117e+00 1.861968e+00 2.401785e+00 1.227306e+00
3.311311e-02 1.500474e+00 1.834560e+00 2.370028e+00 1.222653e+00
3.388442e-02 1.484085e+00 1.807635e+00 2.338814e+00 1.218014e+00
3.467369e-02 1.467940e+00 1.781184e+00 2.308130e+00 1.213390e+00
3.548134e-02 1.452035e+00 1.755196e+00 2.277964e+00 1.208783e+00
3.630781e-02 1.436363e+00 1.729660e+00 2.248302e+00 1.204194e+00
3.715352e-02 1.420917e+00 1.704568e+00 2.219134e+00 1.199625e+00
3.801894e-02 1.405692e+00 1.679908e+00 2.190448e+00 1.195076e+00
3.890451e-02 1.390683e+00 1.655673e+00 2.162233e+00 1.190547e+00
3.981072e-02 1.375885e+00 1.631853e+00 2.134480e+00 1.186039e+00
4.073803e-02 1.361294e+00 1.608439e+00 2.107178e+00 1.181552e+00
4.168694e-02 1.346905e+00 1.585423e+00 2.080317e+00 1.177086e+00
4.265795e-02 1.332715e+00 1.562797e+00 2.053890e+00 1.172642e+00
4.365158e-02 1.318720e+00 1.540553e+00 2.027887e+00 1.168218e+00
4.466836e-02 1.304916e+00 1.518682e+00 2.002299e+00 1.163816e+00
4.570882e-02 1.291301e+00 1.497179e+00 1.977120e+00 1.159435e+00
4.677351e-02 1.277870e+00 1.476036e+00 1.952341e+00 1.155076e+00
4.786301e-02 1.264622e+00 1.455247e+00 1.927955e+00 1.150737e+00
4.897788e-02 1.251553e+00 1.434805e+00 1.903956e+00 1.146420e+00
5.011872e-02 1.238660e+00 1.414703e+00 1.880336e+00 1.142124e+00
5.128614e-02 1.225941e+00 1.394937e+00 1.857089e+00 1.137850e+00
5.248075e-02 1.213393e+00 1.375500e+00 1.834209e+00 1.133598e+00
5.370318e-02 1.201013e+00 1.356387e+00 1.811689e+00 1.129369e+00
5.495409e-02 1.188799e+00 1.337593e+00 1.789525e+00 1.125163e+00
5.623413e-02 1.176749e+00 1.319113e+00 1.767709e+00 1.120981e+00
5.754399e-02 1.164859e+00 1.300942e+00 1.746238e+00 1.116823e+00
5.888437e-02 1.153127e+00 1.283075e+00 1.725104e+00 1.112692e+00
6.025596e-02 1.141551e+00 1.265508e+00 1.704303e+00 1.108587e+00
6.165950e-02 1.130127e+00 1.248237e+00 1.683830e+00 1.104511e+00
6.309573e-02 1.118853e+00 1.231258e+00 1.663679e+00 1.100464e+00
6.456542e-02 1.107727e+00 1.214566e+00 1.643846e+00 1.096449e+00
6.606934e-02 1.096745e+00 1.198157e+00 1.624325e+00 1.092466e+00
6.760830e-02 1.085905e+00 1.182028e+00 1.605111e+00 1.088519e+00
6.918310e-02 1.075204e+00 1.166175e+00 1.586199e+00 1.084608e+00
7.079458e-02 1.064639e+00 1.150593e+00 1.567584e+00 1.080736e+00
7.244360e-02 1.054207e+00 1.135280e+00 1.549262e+00 1.076904e+00
7.413102e-02 1.043906e+00 1.120232e+00 1.531228e+00 1.073116e+00
7.585776e-02 1.033732e+00 1.105444e+00 1.513475e+00 1.069373e+00
7.762471e-02 1.023682e+00 1.090914e+00 1.496001e+00 1.065677e+00
7.943282e-02 1.013754e+00 1.076638e+00 1.478799e+00 1.062031e+00
8.128305e-02 1.003944e+00 1.062612e+00 1.461864e+00 1.058437e+00
8.317638e-02 9.942493e-01 1.048832e+00 1.445192e+00 1.054899e+00
8.511380e-02 9.846673e-01 1.035296e+00 1.428778e+00 1.051417e+00
8.709636e-02 9.751949e-01 1.021999e+00 1.412617e+00 1.047994e+00
8.912509e-02 9.658289e-01 1.008938e+00 1.396703e+00 1.044634e+00
9.120108e-02 9.565666e-01 9.961086e-01 1.381033e+00 1.041337e+00
9.332543e-02 9.474050e-01 9.835083e-01 1.365601e+00 1.038108e+00
9.549926e-02 9.383412e-01 9.711330e-01 1.350401e+00 1.034947e+00
9.772372e-02 9.293725e-01 9.589789e-01 1.335430e+00 1.031856e+00
1.000000e-01 9.204960e-01 9.470425e-01 1.320683e+00 1.028839e+00
1.023293e-01 9.117091e-01 9.353201e-01 1.306154e+00 1.025898e+00
1.047129e-01 9.030090e-01 9.238080e-01 1.291838e+00 1.023033e+00
1.071519e-01 8.943932e-01 9.125024e-01 1.277732e+00 1.020247e+00
1.096478e-01 8.858592e-01 9.013997e-01 1.263831e+00 1.017543e+00
1.122018e-01 8.774044e-01 8.904961e-01 1.250129e+00 1.014921e+00
1.148154e-01 8.690266e-01 8.797880e-01 1.236622e+00 1.012383e+00
1.174898e-01 8.607233e-01 8.692716e-01 1.223306e+00 1.009932e+00
1.202264e-01 8.524923e-01 8.589433e-01 1.210176e+00 1.007567e+00
1.230269e-01 8.443316e-01 8.487993e-01 1.197228e+00 1.005291e+00
1.258925e-01 8.362389e-01 8.388359e-01 1.184458e+00 1.003106e+00
1.288250e-01 8.282124e-01 8.290496e-01 1.171861e+00 1.001011e+00
1.318257e-01 8.202500e-01 8.194366e-01 1.159434e+00 9.990084e-01
1.348963e-01 8.123500e-01 8.099934e-01 1.147171e+00 9.970991e-01
1.380384e-01 8.045106e-01 8.007164e-01 1.135070e+00 9.952839e-01
1.412538e-01 7.967301e-01 7.916021e-01 1.123126e+00 9.935636e-01
1.445440e-01 7.890069e-01 7.826468e-01 1.111336e+00 9.919391e-01
1.479108e-01 7.813396e-01 7.738473e-01 1.099696e+00 9.904109e-01
1.513561e-01 7.737266e-01 7.651999e-01 1.088202e+00 9.889797e-01
1.548817e-01 7.661666e-01 7.567014e-01 1.076851e+00 9.876461e-01
1.584893e-01 7.586582e-01 7.483484e-01 1.065640e+00 9.864105e-01
1.621810e-01 7.512003e-01 7.401376e-01 1.054564e+00 9.852734e-01
1.659587e-01 7.437916e-01 7.320658e-01 1.043622e+00 9.842352e-01
1.698244e-01 7.364311e-01 7.241298e-01 1.032809e+00 9.832962e-01
1.737801e-01 7.291176e-01 7.163265e-01 1.022123e+00 9.824567e-01
1.778279e-01 7.218502e-01 7.086527e-01 1.011561e+00 9.817172e-01
1.819701e-01 7.146279e-01 7.011055e-01 1.001120e+00 9.810777e-01
1.862087e-01 7.074498e-01 6.936818e-01 9.907975e-01 9.805385e-01
1.905461e-01 7.003151e-01 6.863788e-01 9.805902e-01 9.801000e-01
1.949845e-01 6.932230e-01 6.791936e-01 9.704958e-01 9.797621e-01
1.995262e-01 6.861726e-01 6.721233e-01 9.605116e-01 9.795252e-01
2.041738e-01 6.791632e-01 6.651653e-01 9.506353e-01 9.793894e-01
2.089296e-01 6.721942e-01 6.583167e-01 9.408644e-01 9.793549e-01
2.137962e-01 6.652649e-01 6.515749e-01 9.311967e-01 9.794217e-01
2.187762e-01 6.583746e-01 6.449373e-01 9.216297e-01 9.795901e-01
2.238721e-01 6.515228e-01 6.384013e-01 9.121613e-01 9.798602e-01
2.290868e-01 6.447089e-01 6.319644e-01 9.027893e-01 9.802321e-01
2.344229e-01 6.379324e-01 6.256240e-01 8.935117e-01 9.807058e-01
2.398833e-01 6.311928e-01 6.193778e-01 8.843264e-01 9.812816e-01
2.454709e-01 6.244895e-01 6.132233e-01 8.752314e-01 9.819594e-01
2.511886e-01 6.178222e-01 6.071582e-01 8.662248e-01 9.827393e-01
2.570396e-01 6.111905e-01 6.011800e-01 8.573046e-01 9.836214e-01
2.630268e-01 6.045939e-01 5.952865e-01 8.484691e-01 9.846056e-01
2.691535e-01 5.980321e-01 5.894755e-01 8.397165e-01 9.856920e-01
2.754229e-01 5.915049e-01 5.837446e-01 8.310450e-01 9.868805e-01
2.818383e-01 5.850118e-01 5.780917e-01 8.224529e-01 9.881710e-01
2.884032e-01 5.785527e-01 5.725146e-01 8.139387e-01 9.895635e-01
2.951209e-01 5.721274e-01 5.670113e-01 8.055008e-01 9.910577e-01
3.019952e-01 5.657357e-01 5.615794e-01 7.971376e-01 9.926534e-01
3.090295e-01 5.593774e-01 5.562171e-01 7.888476e-01 9.943504e-01
3.162278e-01 5.530524e-01 5.509223e-01 7.806294e-01 9.961484e-01
3.235937e-01 5.467607e-01 5.456929e-01 7.724817e-01 9.980471e-01
3.311311e-01 5.405022e-01 5.405271e-01 7.644031e-01 1.000046e+00
3.388442e-01 5.342770e-01 5.354228e-01 7.563924e-01 1.002145e+00
3.467369e-01 5.280850e-01 5.303783e-01 7.484484e-01 1.004343e+00
3.548134e-01 5.219265e-01 5.253917e-01 7.405699e-01 1.006639e+00
3.630781e-01 5.158015e-01 5.204612e-01 7.327558e-01 1.009034e+00
3.715352e-01 5.097101e-01 5.155850e-01 7.250051e-01 1.011526e+00
3.801894e-01 5.036526e-01 5.107615e-01 7.173168e-01 1.014115e+00
3.890451e-01 4.976293e-01 5.059891e-01 7.096900e-01 1.016799e+00
3.981072e-01 4.916403e-01 5.012661e-01 7.021238e-01 1.019579e+00
4.073803e-01 4.856860e-01 4.965910e-01 6.946175e-01 1.022453e+00
4.168694e-01 4.797668e-01 4.919623e-01 6.871703e-01 1.025420e+00
4.265795e-01 4.738829e-01 4.873786e-01 6.797815e-01 1.028479e+00
4.365158e-01 4.680347e-01 4.828386e-01 6.724505e-01 1.031630e+00
4.466836e-01 4.622228e-01 4.783410e-01 6.651767e-01 1.034871e+00
4.570882e-01 4.564474e-01 4.738845e-01 6.579596e-01 1.038202e+00
4.677351e-01 4.507091e-01 4.694680e-01 6.507987e-01 1.041621e+00
4.786301e-01 4.450083e-01 4.650903e-01 6.436936e-01 1.045127e+00
4.897788e-01 4.393455e-01 4.607504e-01 6.366439e-01 1.048720e+00
5.011872e-01 4.337211e-01 4.564474e-01 6.296493e-01 1.052398e+00
5.128614e-01 4.281357e-01 4.521803e-01 6.227095e-01 1.056161e+00
5.248075e-01 4.225896e-01 4.479483e-01 6.158244e-01 1.060008e+00
5.370318e-01 4.170834e-01 4.437506e-01 6.089936e-01 1.063937e+00
5.495409e-01 4.116176e-01 4.395864e-01 6.022170e-01 1.067949e+00
5.623413e-01 4.061926e-01 4.354552e-01 5.954945e-01 1.072041e+00
5.754399e-01 4.008088e-01 4.313563e-01 5.888259e-01 1.076215e+00
5.888437e-01 3.954667e-01 4.272892e-01 5.822113e-01 1.080468e+00
6.025596e-01 3.901666e-01 4.232534e-01 5.756504e-01 1.084802e+00
6.165950e-01 3.849091e-01 4.192484e-01 5.691434e-01 1.089214e+00
6.309573e-01 3.796943e-01 4.152739e-01 5.626901e-01 1.093706e+00
6.456542e-01 3.745227e-01 4.113296e-01 5.562906e-01 1.098277e+00
6.606934e-01 3.693946e-01 4.074151e-01 5.499449e-01 1.102927e+00
6.760830e-01 3.643101e-01 4.035302e-01 5.436529e-01 1.107656e+00
6.918310e-01 3.592697e-01 3.996747e-01 5.374147e-01 1.112464e+00
7.079458e-01 3.542733e-01 3.958484e-01 5.312302e-01 1.117353e+00
7.244360e-01 3.493213e-01 3.920513e-01 5.250996e-01 1.122323e+00
7.413102e-01 3.444138e-01 3.882831e-01 5.190228e-01 1.127374e+00
7.585776e-01 3.395508e-01 3.845438e-01 5.129997e-01 1.132508e+00
7.762471e-01 3.347323e-01 3.808334e-01 5.070304e-01 1.137725e+00
7.943282e-01 3.299585e-01 3.771518e-01 5.011149e-01 1.143028e+00
8.128305e-01 3.252292e-01 3.734990e-01 4.952530e-01 1.148418e+00
8.317638e-01 3.205444e-01 3.698750e-01 4.894448e-01 1.153896e+00
8.511380e-01 3.159040e-01 3.662798e-01 4.836902e-01 1.159466e+00
8.709636e-01 3.113077e-01 3.627134e-01 4.779890e-01 1.165128e+00
8.912509e-01 3.067556e-01 3.591757e-01 4.723412e-01 1.170886e+00
9.120108e-01 3.022472e-01 3.556669e-01 4.667466e-01 1.176742e+00
9.332543e-01 2.977824e-01 3.521870e-01 4.612050e-01 1.182699e+00
9.549926e-01 2.933609e-01 3.487358e-01 4.557163e-01 1.188761e+00
9.772372e-01 2.889823e-01 3.453136e-01 4.502802e-01 1.194930e+00
1.000000e+00 2.846463e-01 3.419201e-01 4.448964e-01 1.201210e+00
1.023293e+00 2.803524e-01 3.385554e-01 4.395648e-01 1.207606e+00
1.047129e+00 2.761004e-01 3.352195e-01 4.342851e-01 1.214122e+00
1.071519e+00 2.718897e-01 3.319123e-01 4.290568e-01 1.220761e+00
1.096478e+00 2.677198e-01 3.286337e-01 4.238797e-01 1.227528e+00
1.122018e+00 2.635903e-01 3.253836e-01 4.187533e-01 1.234429e+00
1.148154e+00 2.595008e-01 3.221620e-01 4.136774e-01 1.241468e+00
1.174898e+00 2.554505e-01 3.189686e-01 4.086514e-01 1.248651e+00
1.202264e+00 2.514391e-01 3.158034e-01 4.036749e-01 1.255983e+00
1.230269e+00 2.474660e-01 3.126660e-01 3.987474e-01 1.263471e+00
1.258925e+00 2.435306e-01 3.095564e-01 3.938684e-01 1.271119e+00
1.288250e+00 2.396323e-01 3.064743e-01 3.890374e-01 1.278936e+00
1.318257e+00 2.357706e-01 3.034194e-01 3.842539e-01 1.286926e+00
1.348963e+00 2.319449e-01 3.003913e-01 3.795173e-01 1.295098e+00
1.380384e+00 2.281547e-01 2.973899e-01 3.748271e-01 1.303457e+00
1.412538e+00 2.243993e-01 2.944147e-01 3.701825e-01 1.312013e+00
1.445440e+00 2.206782e-01 2.914654e-01 3.655831e-01 1.320771e+00
1.479108e+00 2.169909e-01 2.885415e-01 3.610281e-01 1.329740e+00
1.513561e+00 2.133367e-01 2.856427e-01 3.565169e-01 1.338929e+00
1.548817e+00 2.097153e-01 2.827685e-01 3.520490e-01 1.348345e+00
1.584893e+00 2.061259e-01 2.799183e-01 3.476236e-01 1.357997e+00
1.621810e+00 2.025681e-01 2.770918e-01 3.432400e-01 1.367894e+00
1.659587e+00 1.990415e-01 2.742883e-01 3.388976e-01 1.378045e+00
1.698244e+00 1.955456e-01 2.715073e-01 3.345957e-01 1.388460e+00
1.737801e+00 1.920798e-01 2.687482e-01 3.303336e-01 1.399149e+00
1.778279e+00 1.886439e-01 2.660105e-01 3.261106e-01 1.410120e+00
1.819701e+00 1.852373e-01 2.632935e-01 3.219260e-01 1.421385e+00
1.862087e+00 1.818598e-01 2.605967e-01 3.177792e-01 1.432954e+00
1.905461e+00 1.785109e-01 2.579193e-01 3.136694e-01 1.444838e+00
1.949845e+00 1.751904e-01 2.552607e-01 3.095960e-01 1.457047e+00
1.995262e+00 1.718979e-01 2.526203e-01 3.055583e-01 1.469594e+00
2.041738e+00 1.686333e-01 2.499973e-01 3.015557e-01 1.482490e+00
2.089296e+00 1.653963e-01 2.473911e-01 2.975874e-01 1.495747e+00
2.137962e+00 1.621867e-01 2.448009e-01 2.936529e-01 1.509377e+00
2.187762e+00 1.590044e-01 2.422262e-01 2.897515e-01 1.523393e+00
2.238721e+00 1.558493e-01 2.396662e-01 2.858826e-01 1.537807e+00
2.290868e+00 1.527213e-01 2.371202e-01 2.820457e-01 1.552633e+00
2.344229e+00 1.496203e-01 2.345874e-01 2.782400e-01 1.567885e+00
2.398833e+00 1.465464e-01 2.320673e-01 2.744651e-01 1.583576e+00
2.454709e+00 1.434996e-01 2.295592e-01 2.707205e-01 1.599720e+00
2.511886e+00 1.404800e-01 2.270623e-01 2.670055e-01 1.616332e+00
2.570396e+00 1.374878e-01 2.245761e-01 2.633198e-01 1.633426e+00
2.630268e+00 1.345229e-01 2.220999e-01 2.596628e-01 1.651019e+00
2.691535e+00 1.315857e-01 2.196330e-01 2.560341e-01 1.669125e+00
2.754229e+00 1.286764e-01 2.171750e-01 2.524333e-01 1.687760e+00
2.818383e+00 1.257953e-01 2.147251e-01 2.488600e-01 1.706941e+00
2.884032e+00 1.229425e-01 2.122829e-01 2.453139e-01 1.726684e+00
2.951209e+00 1.201186e-01 2.098479e-01 2.417946e-01 1.747007e+00
3.019952e+00 1.173237e-01 2.074196e-01 2.383018e-01 1.767925e+00
3.090295e+00 1.145584e-01 2.049975e-01 2.348352e-01 1.789459e+00
3.162278e+00 1.118230e-01 2.025812e-01 2.313947e-01 1.811624e+00
3.235937e+00 1.091179e-01 2.001703e-01 2.279800e-01 1.834440e+00
3.311311e+00 1.064437e-01 1.977645e-01 2.245909e-01 1.857926e+00
3.388442e+00 1.038008e-01 1.953636e-01 2.212273e-01 1.882101e+00
3.467369e+00 1.011897e-01 1.929672e-01 2.178892e-01 1.906985e+00
3.548134e+00 9.861092e-02 1.905752e-01 2.145764e-01 1.932597e+00
3.630781e+00 9.606500e-02 1.881874e-01 2.112888e-01 1.958959e+00
3.715352e+00 9.355248e-02 1.858037e-01 2.080266e-01 1.986090e+00
3.801894e+00 9.107388e-02 1.834240e-01 2.047897e-01 2.014013e+00
3.890451e+00 8.862975e-02 1.810483e-01 2.015781e-01 2.042749e+00
3.981072e+00 8.622064e-02 1.786767e-01 1.983920e-01 2.072320e+00
4.073803e+00 8.384707e-02 1.763093e-01 1.952314e-01 2.102748e+00
4.168694e+00 8.150958e-02 1.739461e-01 1.920965e-01 2.134058e+00
4.265795e+00 7.920867e-02 1.715875e-01 1.889875e-01 2.166271e+00
4.365158e+00 7.694486e-02 1.692335e-01 1.859045e-01 2.199412e+00
4.466836e+00 7.471862e-02 1.668845e-01 1.828477e-01 2.233506e+00
4.570882e+00 7.253041e-02 1.645408e-01 1.798175e-01 2.268576e+00
4.677351e+00 7.038067e-02 1.622027e-01 1.768139e-01 2.304649e+00
4.786301e+00 6.826981e-02 1.598708e-01 1.738374e-01 2.341749e+00
4.897788e+00 6.619820e-02 1.575453e-01 1.708880e-01 2.379903e+00
5.011872e+00 6.416619e-02 1.552269e-01 1.679663e-01 2.419138e+00
5.128614e+00 6.217409e-02 1.529159e-01 1.650724e-01 2.459480e+00
5.248075e+00 6.022216e-02 1.506131e-01 1.622067e-01 2.500957e+00
5.370318e+00 5.831064e-02 1.483188e-01 1.593694e-01 2.543598e+00
5.495409e+00 5.643972e-02 1.460339e-01 1.565610e-01 2.587431e+00
5.623413e+00 5.460955e-02 1.437588e-01 1.537816e-01 2.632484e+00
5.754399e+00 5.282022e-02 1.414942e-01 1.510317e-01 2.678788e+00
5.888437e+00 5.107180e-02 1.392408e-01 1.483116e-01 2.726373e+00
6.025596e+00 4.936429e-02 1.369992e-01 1.456215e-01 2.775270e+00
6.165950e+00 4.769767e-02 1.347702e-01 1.429618e-01 2.825510e+00
6.309573e+00 4.607186e-02 1.325544e-01 1.403328e-01 2.877124e+00
6.456542e+00 4.448672e-02 1.303526e-01 1.377347e-01 2.930145e+00
6.606934e+00 4.294209e-02 1.281653e-01 1.351679e-01 2.984607e+00
6.760830e+00 4.143776e-02 1.259933e-01 1.326326e-01 3.040544e+00
6.918310e+00 3.997345e-02 1.238373e-01 1.301290e-01 3.097988e+00
7.079458e+00 3.854889e-02 1.216979e-01 1.276574e-01 3.156977e+00
7.244360e+00 3.716371e-02 1.195759e-01 1.252179e-01 3.217544e+00
7.413102e+00 3.581754e-02 1.174718e-01 1.228109e-01 3.279728e+00
7.585776e+00 3.450995e-02 1.153862e-01 1.204364e-01 3.343564e+00
7.762471e+00 3.324050e-02 1.133199e-01 1.180945e-01 3.409091e+00
7.943282e+00 3.200868e-02 1.112733e-01 1.157856e-01 3.476347e+00
8.128305e+00 3.081398e-02 1.092470e-01 1.135095e-01 3.545372e+00
8.317638e+00 2.965584e-02 1.072416e-01 1.112665e-01 3.616206e+00
8.511380e+00 2.853368e-02 1.052576e-01 1.090566e-01 3.688890e+00
8.709636e+00 2.744689e-02 1.032955e-01 1.068798e-01 3.763466e+00
8.912509e+00 2.639485e-02 1.013556e-01 1.047361e-01 3.839977e+00
9.120108e+00 2.537690e-02 9.943853e-02 1.026256e-01 3.918466e+00
9.332543e+00 2.439238e-02 9.754458e-02 1.005482e-01 3.998978e+00
9.549926e+00 2.344059e-02 9.567414e-02 9.850382e-02 4.081558e+00
9.772372e+00 2.252084e-02 9.382754e-02 9.649247e-02 4.166253e+00
1.000000e+01 2.163242e-02 9.200508e-02 9.451400e-02 4.253111e+00
