1.000000e-06 3.007838e+01 2.670433e-01 3.007956e+01 8.878247e-03
1.023293e-06 3.007817e+01 2.732597e-01 3.007941e+01 9.084986e-03
1.047129e-06 3.007794e+01 2.796207e-01 3.007924e+01 9.296536e-03
1.071519e-06 3.007771e+01 2.861295e-01 3.007907e+01 9.513008e-03
1.096478e-06 3.007747e+01 2.927897e-01 3.007889e+01 9.734518e-03
1.122018e-06 3.007721e+01 2.996046e-01 3.007870e+01 9.961183e-03
1.148154e-06 3.007694e+01 3.065779e-01 3.007851e+01 1.019312e-02
1.174898e-06 3.007666e+01 3.137133e-01 3.007830e+01 1.043045e-02
1.202264e-06 3.007637e+01 3.210144e-01 3.007808e+01 1.067331e-02
1.230269e-06 3.007606e+01 3.284852e-01 3.007786e+01 1.092182e-02
1.258925e-06 3.007574e+01 3.361295e-01 3.007762e+01 1.117610e-02
1.288250e-06 3.007540e+01 3.439514e-01 3.007737e+01 1.143630e-02
1.318257e-06 3.007505e+01 3.519550e-01 3.007711e+01 1.170256e-02
1.348963e-06 3.007468e+01 3.601444e-01 3.007684e+01 1.197500e-02
1.380384e-06 3.007429e+01 3.685239e-01 3.007655e+01 1.225378e-02
1.412538e-06 3.007389e+01 3.770979e-01 3.007625e+01 1.253905e-02
1.445440e-06 3.007347e+01 3.858709e-01 3.007594e+01 1.283094e-02
1.479108e-06 3.007302e+01 3.948476e-01 3.007561e+01 1.312963e-02
1.513561e-06 3.007256e+01 4.040324e-01 3.007527e+01 1.343525e-02
1.548817e-06 3.007207e+01 4.134304e-01 3.007491e+01 1.374799e-02
1.584893e-06 3.007156e+01 4.230463e-01 3.007454e+01 1.406799e-02
1.621810e-06 3.007103e+01 4.328852e-01 3.007414e+01 1.439543e-02
1.659587e-06 3.007047e+01 4.429522e-01 3.007373e+01 1.473047e-02
1.698244e-06 3.006988e+01 4.532526e-01 3.007330e+01 1.507331e-02
1.737801e-06 3.006927e+01 4.637916e-01 3.007285e+01 1.542410e-02
1.778279e-06 3.006863e+01 4.745748e-01 3.007237e+01 1.578305e-02
1.819701e-06 3.006796e+01 4.856077e-01 3.007188e+01 1.615034e-02
1.862087e-06 3.006726e+01 4.968961e-01 3.007136e+01 1.652615e-02
1.905461e-06 3.006652e+01 5.084458e-01 3.007082e+01 1.691070e-02
1.949845e-06 3.006575e+01 5.202627e-01 3.007025e+01 1.730417e-02
1.995262e-06 3.006494e+01 5.323531e-01 3.006965e+01 1.770677e-02
2.041738e-06 3.006410e+01 5.447231e-01 3.006903e+01 1.811872e-02
2.089296e-06 3.006321e+01 5.573790e-01 3.006838e+01 1.854024e-02
2.137962e-06 3.006229e+01 5.703275e-01 3.006769e+01 1.897153e-02
2.187762e-06 3.006132e+01 5.835750e-01 3.006698e+01 1.941282e-02
2.238721e-06 3.006030e+01 5.971286e-01 3.006623e+01 1.986436e-02
2.290868e-06 3.005924e+01 6.109949e-01 3.006545e+01 2.032636e-02
2.344229e-06 3.005812e+01 6.251813e-01 3.006463e+01 2.079908e-02
2.398833e-06 3.005696e+01 6.396948e-01 3.006377e+01 2.128275e-02
2.454709e-06 3.005574e+01 6.545429e-01 3.006287e+01 2.177763e-02
2.511886e-06 3.005446e+01 6.697331e-01 3.006192e+01 2.228398e-02
2.570396e-06 3.005312e+01 6.852732e-01 3.006094e+01 2.280206e-02
2.630268e-06 3.005172e+01 7.011709e-01 3.005990e+01 2.333214e-02
2.691535e-06 3.005026e+01 7.174344e-01 3.005882e+01 2.387448e-02
2.754229e-06 3.004872e+01 7.340718e-01 3.005769e+01 2.442938e-02
2.818383e-06 3.004712e+01 7.510915e-01 3.005650e+01 2.499712e-02
2.884032e-06 3.004544e+01 7.685019e-01 3.005526e+01 2.557799e-02
2.951209e-06 3.004368e+01 7.863119e-01 3.005396e+01 2.617229e-02
3.019952e-06 3.004183e+01 8.045303e-01 3.005260e+01 2.678033e-02
3.090295e-06 3.003990e+01 8.231660e-01 3.005118e+01 2.740242e-02
3.162278e-06 3.003788e+01 8.422285e-01 3.004969e+01 2.803888e-02
3.235937e-06 3.003577e+01 8.617270e-01 3.004813e+01 2.869003e-02
3.311311e-06 3.003356e+01 8.816712e-01 3.004649e+01 2.935620e-02
3.388442e-06 3.003124e+01 9.020709e-01 3.004478e+01 3.003775e-02
3.467369e-06 3.002881e+01 9.229359e-01 3.004299e+01 3.073501e-02
3.548134e-06 3.002628e+01 9.442765e-01 3.004112e+01 3.144834e-02
3.630781e-06 3.002362e+01 9.661031e-01 3.003916e+01 3.217810e-02
3.715352e-06 3.002084e+01 9.884260e-01 3.003710e+01 3.292467e-02
3.801894e-06 3.001792e+01 1.011256e+00 3.003495e+01 3.368841e-02
3.890451e-06 3.001488e+01 1.034604e+00 3.003270e+01 3.446971e-02
3.981072e-06 3.001169e+01 1.058481e+00 3.003035e+01 3.526897e-02
4.073803e-06 3.000835e+01 1.082899e+00 3.002788e+01 3.608659e-02
4.168694e-06 3.000485e+01 1.107869e+00 3.002530e+01 3.692298e-02
4.265795e-06 3.000120e+01 1.133402e+00 3.002260e+01 3.777855e-02
4.365158e-06 2.999737e+01 1.159510e+00 3.001977e+01 3.865373e-02
4.466836e-06 2.999336e+01 1.186206e+00 3.001681e+01 3.954896e-02
4.570882e-06 2.998917e+01 1.213502e+00 3.001371e+01 4.046467e-02
4.677351e-06 2.998478e+01 1.241409e+00 3.001047e+01 4.140132e-02
4.786301e-06 2.998019e+01 1.269942e+00 3.000707e+01 4.235936e-02
4.897788e-06 2.997538e+01 1.299112e+00 3.000352e+01 4.333928e-02
5.011872e-06 2.997036e+01 1.328932e+00 2.999981e+01 4.434154e-02
5.128614e-06 2.996510e+01 1.359415e+00 2.999592e+01 4.536662e-02
5.248075e-06 2.995959e+01 1.390576e+00 2.999184e+01 4.641504e-02
5.370318e-06 2.995383e+01 1.422426e+00 2.998758e+01 4.748728e-02
5.495409e-06 2.994780e+01 1.454980e+00 2.998313e+01 4.858387e-02
5.623413e-06 2.994150e+01 1.488252e+00 2.997846e+01 4.970532e-02
5.754399e-06 2.993490e+01 1.522255e+00 2.997358e+01 5.085217e-02
5.888437e-06 2.992800e+01 1.557003e+00 2.996847e+01 5.202496e-02
6.025596e-06 2.992078e+01 1.592510e+00 2.996313e+01 5.322423e-02
6.165950e-06 2.991323e+01 1.628792e+00 2.995754e+01 5.445055e-02
6.309573e-06 2.990533e+01 1.665861e+00 2.995169e+01 5.570448e-02
6.456542e-06 2.989707e+01 1.703732e+00 2.994557e+01 5.698659e-02
6.606934e-06 2.988842e+01 1.742420e+00 2.993917e+01 5.829748e-02
6.760830e-06 2.987939e+01 1.781939e+00 2.993247e+01 5.963774e-02
6.918310e-06 2.986993e+01 1.822304e+00 2.992547e+01 6.100796e-02
7.079458e-06 2.986005e+01 1.863529e+00 2.991814e+01 6.240876e-02
7.244360e-06 2.984971e+01 1.905628e+00 2.991048e+01 6.384076e-02
7.413102e-06 2.983891e+01 1.948617e+00 2.990246e+01 6.530457e-02
7.585776e-06 2.982761e+01 1.992509e+00 2.989408e+01 6.680085e-02
7.762471e-06 2.981579e+01 2.037320e+00 2.988532e+01 6.833022e-02
7.943282e-06 2.980344e+01 2.083062e+00 2.987615e+01 6.989333e-02
8.128305e-06 2.979053e+01 2.129751e+00 2.986657e+01 7.149085e-02
8.317638e-06 2.977704e+01 2.177399e+00 2.985655e+01 7.312342e-02
8.511380e-06 2.976294e+01 2.226022e+00 2.984607e+01 7.479173e-02
8.709636e-06 2.974820e+01 2.275631e+00 2.983512e+01 7.649643e-02
8.912509e-06 2.973281e+01 2.326241e+00 2.982367e+01 7.823820e-02
9.120108e-06 2.971672e+01 2.377864e+00 2.981170e+01 8.001774e-02
9.332543e-06 2.969991e+01 2.430513e+00 2.979919e+01 8.183571e-02
9.549926e-06 2.968235e+01 2.484199e+00 2.978612e+01 8.369281e-02
9.772372e-06 2.966401e+01 2.538934e+00 2.977246e+01 8.558972e-02
1.000000e-05 2.964485e+01 2.594729e+00 2.975819e+01 8.752714e-02
1.023293e-05 2.962485e+01 2.651595e+00 2.974328e+01 8.950576e-02
1.047129e-05 2.960397e+01 2.709540e+00 2.972770e+01 9.152626e-02
1.071519e-05 2.958216e+01 2.768574e+00 2.971143e+01 9.358932e-02
1.096478e-05 2.955940e+01 2.828706e+00 2.969444e+01 9.569565e-02
1.122018e-05 2.953565e+01 2.889942e+00 2.967669e+01 9.784590e-02
1.148154e-05 2.951086e+01 2.952288e+00 2.965816e+01 1.000408e-01
1.174898e-05 2.948499e+01 3.015751e+00 2.963882e+01 1.022809e-01
1.202264e-05 2.945801e+01 3.080333e+00 2.961862e+01 1.045669e-01
1.230269e-05 2.942986e+01 3.146039e+00 2.959754e+01 1.068996e-01
1.258925e-05 2.940051e+01 3.212869e+00 2.957554e+01 1.092794e-01
1.288250e-05 2.936990e+01 3.280825e+00 2.955258e+01 1.117070e-01
1.318257e-05 2.933800e+01 3.349904e+00 2.952863e+01 1.141831e-01
1.348963e-05 2.930475e+01 3.420104e+00 2.950365e+01 1.167082e-01
1.380384e-05 2.927010e+01 3.491419e+00 2.947759e+01 1.192828e-01
1.412538e-05 2.923400e+01 3.563845e+00 2.945043e+01 1.219076e-01
1.445440e-05 2.919639e+01 3.637372e+00 2.942210e+01 1.245829e-01
1.479108e-05 2.915724e+01 3.711989e+00 2.939257e+01 1.273094e-01
1.513561e-05 2.911647e+01 3.787685e+00 2.936180e+01 1.300873e-01
1.548817e-05 2.907404e+01 3.864443e+00 2.932974e+01 1.329173e-01
1.584893e-05 2.902989e+01 3.942247e+00 2.929635e+01 1.357996e-01
1.621810e-05 2.898396e+01 4.021076e+00 2.926157e+01 1.387345e-01
1.659587e-05 2.893620e+01 4.100907e+00 2.922535e+01 1.417224e-01
1.698244e-05 2.888654e+01 4.181716e+00 2.918765e+01 1.447635e-01
1.737801e-05 2.883493e+01 4.263472e+00 2.914842e+01 1.478579e-01
1.778279e-05 2.878131e+01 4.346144e+00 2.910760e+01 1.510058e-01
1.819701e-05 2.872561e+01 4.429697e+00 2.906515e+01 1.542073e-01
1.862087e-05 2.866778e+01 4.514093e+00 2.902100e+01 1.574623e-01
1.905461e-05 2.860775e+01 4.599289e+00 2.897511e+01 1.607707e-01
1.949845e-05 2.854548e+01 4.685240e+00 2.892742e+01 1.641325e-01
1.995262e-05 2.848089e+01 4.771897e+00 2.887788e+01 1.675473e-01
2.041738e-05 2.841393e+01 4.859205e+00 2.882643e+01 1.710149e-01
2.089296e-05 2.834454e+01 4.947108e+00 2.877302e+01 1.745348e-01
2.137962e-05 2.827266e+01 5.035545e+00 2.871759e+01 1.781065e-01
2.187762e-05 2.819824e+01 5.124450e+00 2.866009e+01 1.817294e-01
2.238721e-05 2.812122e+01 5.213753e+00 2.860046e+01 1.854028e-01
2.290868e-05 2.804156e+01 5.303381e+00 2.853865e+01 1.891258e-01
2.344229e-05 2.795919e+01 5.393255e+00 2.847461e+01 1.928974e-01
2.398833e-05 2.787408e+01 5.483293e+00 2.840829e+01 1.967166e-01
2.454709e-05 2.778617e+01 5.573409e+00 2.833962e+01 2.005821e-01
2.511886e-05 2.769543e+01 5.663510e+00 2.826857e+01 2.044926e-01
2.570396e-05 2.760181e+01 5.753503e+00 2.819509e+01 2.084465e-01
2.630268e-05 2.750529e+01 5.843287e+00 2.811912e+01 2.124423e-01
2.691535e-05 2.740582e+01 5.932759e+00 2.804063e+01 2.164781e-01
2.754229e-05 2.730339e+01 6.021813e+00 2.795957e+01 2.205518e-01
2.818383e-05 2.719797e+01 6.110336e+00 2.787590e+01 2.246615e-01
2.884032e-05 2.708955e+01 6.198216e+00 2.778959e+01 2.288047e-01
2.951209e-05 2.697811e+01 6.285333e+00 2.770061e+01 2.329790e-01
3.019952e-05 2.686364e+01 6.371568e+00 2.760892e+01 2.371818e-01
3.090295e-05 2.674616e+01 6.456797e+00 2.751450e+01 2.414102e-01
3.162278e-05 2.662567e+01 6.540894e+00 2.741732e+01 2.456612e-01
3.235937e-05 2.650218e+01 6.623731e+00 2.731738e+01 2.499315e-01
3.311311e-05 2.637572e+01 6.705179e+00 2.721466e+01 2.542179e-01
3.388442e-05 2.624630e+01 6.785107e+00 2.710915e+01 2.585167e-01
3.467369e-05 2.611398e+01 6.863385e+00 2.700085e+01 2.628242e-01
3.548134e-05 2.597879e+01 6.939880e+00 2.688977e+01 2.671364e-01
3.630781e-05 2.584079e+01 7.014461e+00 2.677590e+01 2.714492e-01
3.715352e-05 2.570003e+01 7.086998e+00 2.665928e+01 2.757584e-01
3.801894e-05 2.555659e+01 7.157364e+00 2.653991e+01 2.800594e-01
3.890451e-05 2.541054e+01 7.225429e+00 2.641784e+01 2.843478e-01
3.981072e-05 2.526196e+01 7.291072e+00 2.629309e+01 2.886186e-01
4.073803e-05 2.511096e+01 7.354171e+00 2.616570e+01 2.928670e-01
4.168694e-05 2.495762e+01 7.414608e+00 2.603573e+01 2.970879e-01
4.265795e-05 2.480207e+01 7.472273e+00 2.590323e+01 3.012762e-01
4.365158e-05 2.464441e+01 7.527058e+00 2.576827e+01 3.054266e-01
4.466836e-05 2.448477e+01 7.578861e+00 2.563090e+01 3.095337e-01
4.570882e-05 2.432328e+01 7.627587e+00 2.549121e+01 3.135920e-01
4.677351e-05 2.416007e+01 7.673148e+00 2.534929e+01 3.175962e-01
4.786301e-05 2.399530e+01 7.715463e+00 2.520521e+01 3.215406e-01
4.897788e-05 2.382910e+01 7.754461e+00 2.505908e+01 3.254198e-01
5.011872e-05 2.366163e+01 7.790075e+00 2.491101e+01 3.292281e-01
5.128614e-05 2.349306e+01 7.822251e+00 2.476109e+01 3.329601e-01
5.248075e-05 2.332353e+01 7.850941e+00 2.460944e+01 3.366103e-01
5.370318e-05 2.315322e+01 7.876110e+00 2.445618e+01 3.401734e-01
5.495409e-05 2.298229e+01 7.897729e+00 2.430144e+01 3.436441e-01
5.623413e-05 2.281092e+01 7.915782e+00 2.414534e+01 3.470172e-01
5.754399e-05 2.263926e+01 7.930261e+00 2.398802e+01 3.502879e-01
5.888437e-05 2.246750e+01 7.941167e+00 2.382962e+01 3.534513e-01
6.025596e-05 2.229580e+01 7.948516e+00 2.367027e+01 3.565028e-01
6.165950e-05 2.212433e+01 7.952328e+00 2.351011e+01 3.594382e-01
6.309573e-05 2.195325e+01 7.952636e+00 2.334929e+01 3.622533e-01
6.456542e-05 2.178272e+01 7.949483e+00 2.318796e+01 3.649444e-01
6.606934e-05 2.161292e+01 7.942920e+00 2.302625e+01 3.675080e-01
6.760830e-05 2.144399e+01 7.933008e+00 2.286432e+01 3.699409e-01
6.918310e-05 2.127608e+01 7.919815e+00 2.270231e+01 3.722404e-01
7.079458e-05 2.110934e+01 7.903419e+00 2.254037e+01 3.744040e-01
7.244360e-05 2.094390e+01 7.883906e+00 2.237863e+01 3.764297e-01
7.413102e-05 2.077991e+01 7.861367e+00 2.221724e+01 3.783158e-01
7.585776e-05 2.061748e+01 7.835902e+00 2.205633e+01 3.800612e-01
7.762471e-05 2.045673e+01 7.807615e+00 2.189604e+01 3.816649e-01
7.943282e-05 2.029778e+01 7.776617e+00 2.173651e+01 3.831265e-01
8.128305e-05 2.014073e+01 7.743023e+00 2.157784e+01 3.844460e-01
8.317638e-05 1.998567e+01 7.706953e+00 2.142018e+01 3.856240e-01
8.511380e-05 1.983269e+01 7.668529e+00 2.126363e+01 3.866611e-01
8.709636e-05 1.968186e+01 7.627878e+00 2.110830e+01 3.875587e-01
8.912509e-05 1.953327e+01 7.585127e+00 2.095430e+01 3.883184e-01
9.120108e-05 1.938696e+01 7.540406e+00 2.080173e+01 3.889422e-01
9.332543e-05 1.924299e+01 7.493845e+00 2.065067e+01 3.894325e-01
9.549926e-05 1.910141e+01 7.445576e+00 2.050123e+01 3.897920e-01
9.772372e-05 1.896224e+01 7.395728e+00 2.035346e+01 3.900239e-01
1.000000e-04 1.882553e+01 7.344433e+00 2.020745e+01 3.901316e-01
1.023293e-04 1.869128e+01 7.291818e+00 2.006327e+01 3.901186e-01
1.047129e-04 1.855952e+01 7.238011e+00 1.992096e+01 3.899891e-01
1.071519e-04 1.843025e+01 7.183136e+00 1.978058e+01 3.897471e-01
1.096478e-04 1.830346e+01 7.127314e+00 1.964218e+01 3.893970e-01
1.122018e-04 1.817916e+01 7.070664e+00 1.950579e+01 3.889435e-01
1.148154e-04 1.805732e+01 7.013302e+00 1.937145e+01 3.883912e-01
1.174898e-04 1.793792e+01 6.955339e+00 1.923917e+01 3.877450e-01
1.202264e-04 1.782095e+01 6.896883e+00 1.910898e+01 3.870099e-01
1.230269e-04 1.770637e+01 6.838036e+00 1.898089e+01 3.861908e-01
1.258925e-04 1.759414e+01 6.778898e+00 1.885490e+01 3.852929e-01
1.288250e-04 1.748424e+01 6.719563e+00 1.873102e+01 3.843212e-01
1.318257e-04 1.737661e+01 6.660119e+00 1.860924e+01 3.832807e-01
1.348963e-04 1.727121e+01 6.600651e+00 1.848955e+01 3.821765e-01
1.380384e-04 1.716800e+01 6.541239e+00 1.837193e+01 3.810136e-01
1.412538e-04 1.706691e+01 6.481957e+00 1.825638e+01 3.797967e-01
1.445440e-04 1.696791e+01 6.422874e+00 1.814286e+01 3.785307e-01
1.479108e-04 1.687093e+01 6.364056e+00 1.803135e+01 3.772202e-01
1.513561e-04 1.677592e+01 6.305560e+00 1.792182e+01 3.758698e-01
1.548817e-04 1.668282e+01 6.247442e+00 1.781423e+01 3.744836e-01
1.584893e-04 1.659157e+01 6.189752e+00 1.770857e+01 3.730660e-01
1.621810e-04 1.650212e+01 6.132535e+00 1.760478e+01 3.716209e-01
1.659587e-04 1.641442e+01 6.075832e+00 1.750282e+01 3.701522e-01
1.698244e-04 1.632839e+01 6.019679e+00 1.740267e+01 3.686634e-01
1.737801e-04 1.624399e+01 5.964109e+00 1.730427e+01 3.671580e-01
1.778279e-04 1.616115e+01 5.909149e+00 1.720758e+01 3.656391e-01
1.819701e-04 1.607983e+01 5.854824e+00 1.711257e+01 3.641098e-01
1.862087e-04 1.599997e+01 5.801156e+00 1.701918e+01 3.625728e-01
1.905461e-04 1.592152e+01 5.748161e+00 1.692738e+01 3.610308e-01
1.949845e-04 1.584443e+01 5.695854e+00 1.683713e+01 3.594861e-01
1.995262e-04 1.576865e+01 5.644247e+00 1.674837e+01 3.579410e-01
2.041738e-04 1.569413e+01 5.593348e+00 1.666107e+01 3.563974e-01
2.089296e-04 1.562084e+01 5.543165e+00 1.657520e+01 3.548572e-01
2.137962e-04 1.554871e+01 5.493702e+00 1.649070e+01 3.533220e-01
2.187762e-04 1.547773e+01 5.444962e+00 1.640755e+01 3.517933e-01
2.238721e-04 1.540784e+01 5.396944e+00 1.632570e+01 3.502726e-01
2.290868e-04 1.533902e+01 5.349650e+00 1.624513e+01 3.487609e-01
2.344229e-04 1.527122e+01 5.303078e+00 1.616579e+01 3.472595e-01
2.398833e-04 1.520443e+01 5.257224e+00 1.608767e+01 3.457693e-01
2.454709e-04 1.513860e+01 5.212087e+00 1.601072e+01 3.442911e-01
2.511886e-04 1.507372e+01 5.167662e+00 1.593492e+01 3.428259e-01
2.570396e-04 1.500976e+01 5.123947e+00 1.586025e+01 3.413744e-01
2.630268e-04 1.494669e+01 5.080936e+00 1.578669e+01 3.399372e-01
2.691535e-04 1.488450e+01 5.038627e+00 1.571420e+01 3.385151e-01
2.754229e-04 1.482316e+01 4.997016e+00 1.564277e+01 3.371086e-01
2.818383e-04 1.476266e+01 4.956100e+00 1.557239e+01 3.357185e-01
2.884032e-04 1.470299e+01 4.915877e+00 1.550303e+01 3.343454e-01
2.951209e-04 1.464413e+01 4.876346e+00 1.543468e+01 3.329898e-01
3.019952e-04 1.458606e+01 4.837505e+00 1.536732e+01 3.316526e-01
3.090295e-04 1.452878e+01 4.799356e+00 1.530095e+01 3.303345e-01
3.162278e-04 1.447226e+01 4.761899e+00 1.523555e+01 3.290362e-01
3.235937e-04 1.441652e+01 4.725137e+00 1.517112e+01 3.277586e-01
3.311311e-04 1.436152e+01 4.689073e+00 1.510764e+01 3.265026e-01
3.388442e-04 1.430727e+01 4.653712e+00 1.504510e+01 3.252691e-01
3.467369e-04 1.425375e+01 4.619061e+00 1.498349e+01 3.240593e-01
3.548134e-04 1.420096e+01 4.585125e+00 1.492282e+01 3.228743e-01
3.630781e-04 1.414888e+01 4.551913e+00 1.486307e+01 3.217154e-01
3.715352e-04 1.409751e+01 4.519434e+00 1.480423e+01 3.205838e-01
3.801894e-04 1.404684e+01 4.487698e+00 1.474629e+01 3.194809e-01
3.890451e-04 1.399686e+01 4.456716e+00 1.468926e+01 3.184084e-01
3.981072e-04 1.394755e+01 4.426502e+00 1.463311e+01 3.173677e-01
4.073803e-04 1.389891e+01 4.397067e+00 1.457785e+01 3.163606e-01
4.168694e-04 1.385092e+01 4.368425e+00 1.452347e+01 3.153888e-01
4.265795e-04 1.380357e+01 4.340590e+00 1.446994e+01 3.144543e-01
4.365158e-04 1.375684e+01 4.313579e+00 1.441727e+01 3.135588e-01
4.466836e-04 1.371073e+01 4.287405e+00 1.436544e+01 3.127043e-01
4.570882e-04 1.366521e+01 4.262084e+00 1.431444e+01 3.118931e-01
4.677351e-04 1.362027e+01 4.237633e+00 1.426426e+01 3.111270e-01
4.786301e-04 1.357588e+01 4.214067e+00 1.421488e+01 3.104083e-01
4.897788e-04 1.353204e+01 4.191403e+00 1.416629e+01 3.097392e-01
5.011872e-04 1.348871e+01 4.169656e+00 1.411847e+01 3.091220e-01
5.128614e-04 1.344587e+01 4.148841e+00 1.407140e+01 3.085587e-01
5.248075e-04 1.340351e+01 4.128975e+00 1.402507e+01 3.080518e-01
5.370318e-04 1.336159e+01 4.110072e+00 1.397944e+01 3.076034e-01
5.495409e-04 1.332010e+01 4.092146e+00 1.393451e+01 3.072159e-01
5.623413e-04 1.327900e+01 4.075212e+00 1.389025e+01 3.068916e-01
5.754399e-04 1.323826e+01 4.059281e+00 1.384663e+01 3.066325e-01
5.888437e-04 1.319786e+01 4.044366e+00 1.380364e+01 3.064411e-01
6.025596e-04 1.315776e+01 4.030478e+00 1.376123e+01 3.063194e-01
6.165950e-04 1.311794e+01 4.017628e+00 1.371939e+01 3.062697e-01
6.309573e-04 1.307836e+01 4.005824e+00 1.367809e+01 3.062940e-01
6.456542e-04 1.303900e+01 3.995075e+00 1.363730e+01 3.063943e-01
6.606934e-04 1.299980e+01 3.985386e+00 1.359699e+01 3.065728e-01
6.760830e-04 1.296075e+01 3.976765e+00 1.355713e+01 3.068313e-01
6.918310e-04 1.292181e+01 3.969214e+00 1.351768e+01 3.071717e-01
7.079458e-04 1.288293e+01 3.962738e+00 1.347862e+01 3.075959e-01
7.244360e-04 1.284409e+01 3.957336e+00 1.343991e+01 3.081055e-01
7.413102e-04 1.280525e+01 3.953010e+00 1.340152e+01 3.087022e-01
7.585776e-04 1.276637e+01 3.949758e+00 1.336342e+01 3.093877e-01
7.762471e-04 1.272742e+01 3.947578e+00 1.332556e+01 3.101633e-01
7.943282e-04 1.268835e+01 3.946464e+00 1.328792e+01 3.110305e-01
8.128305e-04 1.264913e+01 3.946411e+00 1.325046e+01 3.119906e-01
8.317638e-04 1.260973e+01 3.947412e+00 1.321315e+01 3.130449e-01
8.511380e-04 1.257010e+01 3.949458e+00 1.317595e+01 3.141946e-01
8.709636e-04 1.253021e+01 3.952538e+00 1.313883e+01 3.154406e-01
8.912509e-04 1.249003e+01 3.956642e+00 1.310175e+01 3.167840e-01
9.120108e-04 1.244951e+01 3.961755e+00 1.306468e+01 3.182257e-01
9.332543e-04 1.240862e+01 3.967862e+00 1.302758e+01 3.197665e-01
9.549926e-04 1.236733e+01 3.974949e+00 1.299043e+01 3.214071e-01
9.772372e-04 1.232560e+01 3.982996e+00 1.295318e+01 3.231482e-01
1.000000e-03 1.228340e+01 3.991986e+00 1.291580e+01 3.249903e-01
1.023293e-03 1.224070e+01 4.001898e+00 1.287827e+01 3.269338e-01
1.047129e-03 1.219745e+01 4.012709e+00 1.284055e+01 3.289794e-01
1.071519e-03 1.215363e+01 4.024399e+00 1.280260e+01 3.311272e-01
1.096478e-03 1.210922e+01 4.036941e+00 1.276441e+01 3.333775e-01
1.122018e-03 1.206417e+01 4.050312e+00 1.272593e+01 3.357306e-01
1.148154e-03 1.201847e+01 4.064485e+00 1.268715e+01 3.381865e-01
1.174898e-03 1.197208e+01 4.079433e+00 1.264802e+01 3.407455e-01
1.202264e-03 1.192498e+01 4.095126e+00 1.260854e+01 3.434074e-01
1.230269e-03 1.187714e+01 4.111537e+00 1.256866e+01 3.461723e-01
1.258925e-03 1.182854e+01 4.128635e+00 1.252837e+01 3.490402e-01
1.288250e-03 1.177915e+01 4.146389e+00 1.248763e+01 3.520108e-01
1.318257e-03 1.172896e+01 4.164767e+00 1.244644e+01 3.550841e-01
1.348963e-03 1.167794e+01 4.183738e+00 1.240476e+01 3.582599e-01
1.380384e-03 1.162608e+01 4.203268e+00 1.236257e+01 3.615379e-01
1.412538e-03 1.157335e+01 4.223323e+00 1.231986e+01 3.649179e-01
1.445440e-03 1.151974e+01 4.243871e+00 1.227660e+01 3.683998e-01
1.479108e-03 1.146524e+01 4.264877e+00 1.223278e+01 3.719831e-01
1.513561e-03 1.140983e+01 4.286306e+00 1.218839e+01 3.756677e-01
1.548817e-03 1.135350e+01 4.308124e+00 1.214339e+01 3.794532e-01
1.584893e-03 1.129624e+01 4.330295e+00 1.209779e+01 3.833394e-01
1.621810e-03 1.123804e+01 4.352784e+00 1.205157e+01 3.873260e-01
1.659587e-03 1.117888e+01 4.375556e+00 1.200471e+01 3.914126e-01
1.698244e-03 1.111877e+01 4.398576e+00 1.195720e+01 3.955991e-01
1.737801e-03 1.105770e+01 4.421808e+00 1.190903e+01 3.998851e-01
1.778279e-03 1.099565e+01 4.445216e+00 1.186020e+01 4.042704e-01
1.819701e-03 1.093263e+01 4.468767e+00 1.181069e+01 4.087548e-01
1.862087e-03 1.086864e+01 4.492423e+00 1.176049e+01 4.133381e-01
1.905461e-03 1.080367e+01 4.516151e+00 1.170961e+01 4.180202e-01
1.949845e-03 1.073772e+01 4.539916e+00 1.165802e+01 4.228007e-01
1.995262e-03 1.067079e+01 4.563682e+00 1.160573e+01 4.276797e-01
2.041738e-03 1.060289e+01 4.587415e+00 1.155273e+01 4.326570e-01
2.089296e-03 1.053401e+01 4.611080e+00 1.149902e+01 4.377325e-01
2.137962e-03 1.046417e+01 4.634644e+00 1.144459e+01 4.429062e-01
2.187762e-03 1.039335e+01 4.658073e+00 1.138944e+01 4.481781e-01
2.238721e-03 1.032158e+01 4.681333e+00 1.133357e+01 4.535481e-01
2.290868e-03 1.024885e+01 4.704390e+00 1.127698e+01 4.590163e-01
2.344229e-03 1.017517e+01 4.727210e+00 1.121966e+01 4.645828e-01
2.398833e-03 1.010056e+01 4.749762e+00 1.116161e+01 4.702475e-01
2.454709e-03 1.002501e+01 4.772012e+00 1.110283e+01 4.760106e-01
2.511886e-03 9.948543e+00 4.793927e+00 1.104333e+01 4.818723e-01
2.570396e-03 9.871163e+00 4.815474e+00 1.098311e+01 4.878325e-01
2.630268e-03 9.792885e+00 4.836623e+00 1.092216e+01 4.938915e-01
2.691535e-03 9.713720e+00 4.857340e+00 1.086048e+01 5.000494e-01
2.754229e-03 9.633681e+00 4.877594e+00 1.079809e+01 5.063063e-01
2.818383e-03 9.552783e+00 4.897353e+00 1.073498e+01 5.126624e-01
2.884032e-03 9.471040e+00 4.916586e+00 1.067115e+01 5.191179e-01
2.951209e-03 9.388469e+00 4.935263e+00 1.060661e+01 5.256728e-01
3.019952e-03 9.305087e+00 4.953352e+00 1.054136e+01 5.323273e-01
3.090295e-03 9.220912e+00 4.970824e+00 1.047541e+01 5.390816e-01
3.162278e-03 9.135962e+00 4.987647e+00 1.040877e+01 5.459357e-01
3.235937e-03 9.050258e+00 5.003794e+00 1.034143e+01 5.528896e-01
3.311311e-03 8.963821e+00 5.019234e+00 1.027340e+01 5.599436e-01
3.388442e-03 8.876673e+00 5.033939e+00 1.020470e+01 5.670975e-01
3.467369e-03 8.788837e+00 5.047881e+00 1.013532e+01 5.743515e-01
3.548134e-03 8.700336e+00 5.061032e+00 1.006528e+01 5.817054e-01
3.630781e-03 8.611198e+00 5.073366e+00 9.994587e+00 5.891592e-01
3.715352e-03 8.521446e+00 5.084855e+00 9.923246e+00 5.967127e-01
3.801894e-03 8.431110e+00 5.095475e+00 9.851268e+00 6.043659e-01
3.890451e-03 8.340216e+00 5.105201e+00 9.778664e+00 6.121185e-01
3.981072e-03 8.248794e+00 5.114008e+00 9.705446e+00 6.199703e-01
4.073803e-03 8.156875e+00 5.121873e+00 9.631625e+00 6.279210e-01
4.168694e-03 8.064490e+00 5.128774e+00 9.557213e+00 6.359701e-01
4.265795e-03 7.971670e+00 5.134690e+00 9.482224e+00 6.441173e-01
4.365158e-03 7.878448e+00 5.139601e+00 9.406670e+00 6.523621e-01
4.466836e-03 7.784860e+00 5.143487e+00 9.330568e+00 6.607039e-01
4.570882e-03 7.690938e+00 5.146330e+00 9.253931e+00 6.691421e-01
4.677351e-03 7.596719e+00 5.148113e+00 9.176775e+00 6.776759e-01
4.786301e-03 7.502238e+00 5.148821e+00 9.099117e+00 6.863047e-01
4.897788e-03 7.407533e+00 5.148439e+00 9.020974e+00 6.950275e-01
5.011872e-03 7.312642e+00 5.146954e+00 8.942363e+00 7.038433e-01
5.128614e-03 7.217601e+00 5.144353e+00 8.863303e+00 7.127511e-01
5.248075e-03 7.122450e+00 5.140627e+00 8.783811e+00 7.217498e-01
5.370318e-03 7.027228e+00 5.135766e+00 8.703909e+00 7.308381e-01
5.495409e-03 6.931974e+00 5.129762e+00 8.623614e+00 7.400146e-01
5.623413e-03 6.836729e+00 5.122609e+00 8.542949e+00 7.492778e-01
5.754399e-03 6.741531e+00 5.114302e+00 8.461934e+00 7.586261e-01
5.888437e-03 6.646423e+00 5.104837e+00 8.380591e+00 7.680578e-01
6.025596e-03 6.551444e+00 5.094213e+00 8.298941e+00 7.775710e-01
6.165950e-03 6.456634e+00 5.082428e+00 8.217007e+00 7.871637e-01
6.309573e-03 6.362036e+00 5.069484e+00 8.134812e+00 7.968336e-01
6.456542e-03 6.267689e+00 5.055383e+00 8.052380e+00 8.065785e-01
6.606934e-03 6.173634e+00 5.040130e+00 7.969734e+00 8.163960e-01
6.760830e-03 6.079912e+00 5.023729e+00 7.886900e+00 8.262833e-01
6.918310e-03 5.986563e+00 5.006188e+00 7.803900e+00 8.362375e-01
7.079458e-03 5.893626e+00 4.987516e+00 7.720761e+00 8.462558e-01
7.244360e-03 5.801143e+00 4.967722e+00 7.637507e+00 8.563350e-01
7.413102e-03 5.709152e+00 4.946817e+00 7.554165e+00 8.664715e-01
7.585776e-03 5.617691e+00 4.924816e+00 7.470761e+00 8.766619e-01
7.762471e-03 5.526800e+00 4.901732e+00 7.387320e+00 8.869024e-01
7.943282e-03 5.436515e+00 4.877582e+00 7.303869e+00 8.971891e-01
8.128305e-03 5.346875e+00 4.852383e+00 7.220435e+00 9.075176e-01
8.317638e-03 5.257914e+00 4.826154e+00 7.137045e+00 9.178837e-01
8.511380e-03 5.169668e+00 4.798914e+00 7.053726e+00 9.282828e-01
8.709636e-03 5.082173e+00 4.770687e+00 6.970505e+00 9.387101e-01
8.912509e-03 4.995461e+00 4.741495e+00 6.887409e+00 9.491606e-01
9.120108e-03 4.909565e+00 4.711361e+00 6.804465e+00 9.596291e-01
9.332543e-03 4.824516e+00 4.680312e+00 6.721701e+00 9.701102e-01
9.549926e-03 4.740344e+00 4.648374e+00 6.639145e+00 9.805984e-01
9.772372e-03 4.657079e+00 4.615575e+00 6.556822e+00 9.910880e-01
1.000000e-02 4.574748e+00 4.581943e+00 6.474760e+00 1.001573e+00
1.023293e-02 4.493377e+00 4.547510e+00 6.392987e+00 1.012047e+00
1.047129e-02 4.412991e+00 4.512304e+00 6.311528e+00 1.022505e+00
1.071519e-02 4.333615e+00 4.476359e+00 6.230410e+00 1.032939e+00
1.096478e-02 4.255269e+00 4.439705e+00 6.149658e+00 1.043343e+00
1.122018e-02 4.177974e+00 4.402378e+00 6.069300e+00 1.053711e+00
1.148154e-02 4.101749e+00 4.364410e+00 5.989359e+00 1.064036e+00
1.174898e-02 4.026612e+00 4.325835e+00 5.909861e+00 1.074312e+00
1.202264e-02 3.952577e+00 4.286689e+00 5.830829e+00 1.084530e+00
1.230269e-02 3.879659e+00 4.247006e+00 5.752288e+00 1.094685e+00
1.258925e-02 3.807870e+00 4.206823e+00 5.674260e+00 1.104770e+00
1.288250e-02 3.737221e+00 4.166173e+00 5.596768e+00 1.114778e+00
1.318257e-02 3.667720e+00 4.125093e+00 5.519834e+00 1.124702e+00
1.348963e-02 3.599375e+00 4.083619e+00 5.443478e+00 1.134536e+00
1.380384e-02 3.532192e+00 4.041787e+00 5.367720e+00 1.144271e+00
1.412538e-02 3.466174e+00 3.999630e+00 5.292580e+00 1.153903e+00
1.445440e-02 3.401325e+00 3.957185e+00 5.218076e+00 1.163425e+00
1.479108e-02 3.337643e+00 3.914486e+00 5.144226e+00 1.172829e+00
1.513561e-02 3.275130e+00 3.871567e+00 5.071046e+00 1.182111e+00
1.548817e-02 3.213783e+00 3.828462e+00 4.998552e+00 1.191263e+00
1.584893e-02 3.153598e+00 3.785204e+00 4.926759e+00 1.200281e+00
1.621810e-02 3.094570e+00 3.741826e+00 4.855680e+00 1.209159e+00
1.659587e-02 3.036693e+00 3.698358e+00 4.785327e+00 1.217890e+00
1.698244e-02 2.979959e+00 3.654832e+00 4.715714e+00 1.226471e+00
1.737801e-02 2.924359e+00 3.611278e+00 4.646849e+00 1.234896e+00
1.778279e-02 2.869884e+00 3.567725e+00 4.578744e+00 1.243160e+00
1.819701e-02 2.816522e+00 3.524200e+00 4.511406e+00 1.251260e+00
1.862087e-02 2.764262e+00 3.480731e+00 4.444843e+00 1.259190e+00
1.905461e-02 2.713090e+00 3.437345e+00 4.379063e+00 1.266948e+00
1.949845e-02 2.662992e+00 3.394064e+00 4.314070e+00 1.274530e+00
1.995262e-02 2.613956e+00 3.350915e+00 4.249870e+00 1.281933e+00
2.041738e-02 2.565964e+00 3.307919e+00 4.186466e+00 1.289153e+00
2.089296e-02 2.519001e+00 3.265099e+00 4.123862e+00 1.296188e+00
2.137962e-02 2.473052e+00 3.222474e+00 4.062059e+00 1.303035e+00
2.187762e-02 2.428098e+00 3.180065e+00 4.001059e+00 1.309693e+00
2.238721e-02 2.384124e+00 3.137889e+00 3.940862e+00 1.316160e+00
2.290868e-02 2.341112e+00 3.095963e+00 3.881468e+00 1.322433e+00
2.344229e-02 2.299043e+00 3.054305e+00 3.822876e+00 1.328512e+00
2.398833e-02 2.257900e+00 3.012929e+00 3.765084e+00 1.334394e+00
2.454709e-02 2.217665e+00 2.971850e+00 3.708090e+00 1.340080e+00
2.511886e-02 2.178320e+00 2.931079e+00 3.651891e+00 1.345569e+00
2.570396e-02 2.139847e+00 2.890631e+00 3.596483e+00 1.350859e+00
2.630268e-02 2.102227e+00 2.850514e+00 3.541862e+00 1.355950e+00
2.691535e-02 2.065442e+00 2.810741e+00 3.488025e+00 1.360842e+00
2.754229e-02 2.029475e+00 2.771320e+00 3.434965e+00 1.365535e+00
2.818383e-02 1.994308e+00 2.732260e+00 3.382677e+00 1.370029e+00
2.884032e-02 1.959922e+00 2.693568e+00 3.331157e+00 1.374324e+00
2.951209e-02 1.926302e+00 2.655252e+00 3.280397e+00 1.378419e+00
3.019952e-02 1.893429e+00 2.617318e+00 3.230391e+00 1.382316e+00
3.090295e-02 1.861287e+00 2.579771e+00 3.181133e+00 1.386015e+00
3.162278e-02 1.829859e+00 2.542617e+00 3.132617e+00 1.389515e+00
3.235937e-02 1.799129e+00 2.505860e+00 3.084834e+00 1.392818e+00
3.311311e-02 1.769081e+00 2.469503e+00 3.037777e+00 1.395925e+00
3.388442e-02 1.739698e+00 2.433551e+00 2.991441e+00 1.398835e+00
3.467369e-02 1.710967e+00 2.398005e+00 2.945816e+00 1.401550e+00
3.548134e-02 1.682870e+00 2.362868e+00 2.900896e+00 1.404070e+00
3.630781e-02 1.655395e+00 2.328143e+00 2.856673e+00 1.406397e+00
3.715352e-02 1.628526e+00 2.293830e+00 2.813140e+00 1.408531e+00
3.801894e-02 1.602250e+00 2.259932e+00 2.770288e+00 1.410474e+00
3.890451e-02 1.576551e+00 2.226448e+00 2.728110e+00 1.412227e+00
3.981072e-02 1.551418e+00 2.193380e+00 2.686599e+00 1.413790e+00
4.073803e-02 1.526837e+00 2.160727e+00 2.645746e+00 1.415166e+00
4.168694e-02 1.502794e+00 2.128491e+00 2.605545e+00 1.416356e+00
4.265795e-02 1.479277e+00 2.096670e+00 2.565986e+00 1.417361e+00
4.365158e-02 1.456275e+00 2.065264e+00 2.527064e+00 1.418183e+00
4.466836e-02 1.433773e+00 2.034273e+00 2.488769e+00 1.418825e+00
4.570882e-02 1.411762e+00 2.003696e+00 2.451095e+00 1.419287e+00
4.677351e-02 1.390228e+00 1.973531e+00 2.414034e+00 1.419573e+00
4.786301e-02 1.369162e+00 1.943778e+00 2.377578e+00 1.419685e+00
4.897788e-02 1.348550e+00 1.914435e+00 2.341720e+00 1.419625e+00
5.011872e-02 1.328384e+00 1.885502e+00 2.306452e+00 1.419395e+00
5.128614e-02 1.308651e+00 1.856975e+00 2.271766e+00 1.418999e+00
5.248075e-02 1.289341e+00 1.828854e+00 2.237656e+00 1.418441e+00
5.370318e-02 1.270444e+00 1.801136e+00 2.204114e+00 1.417721e+00
5.495409e-02 1.251950e+00 1.773820e+00 2.171132e+00 1.416846e+00
5.623413e-02 1.233848e+00 1.746903e+00 2.138703e+00 1.415817e+00
5.754399e-02 1.216129e+00 1.720383e+00 2.106819e+00 1.414639e+00
5.888437e-02 1.198783e+00 1.694257e+00 2.075473e+00 1.413315e+00
6.025596e-02 1.181800e+00 1.668524e+00 2.044657e+00 1.411850e+00
6.165950e-02 1.165172e+00 1.643180e+00 2.014365e+00 1.410247e+00
6.309573e-02 1.148888e+00 1.618223e+00 1.984588e+00 1.408512e+00
6.456542e-02 1.132941e+00 1.593649e+00 1.955319e+00 1.406648e+00
6.606934e-02 1.117320e+00 1.569456e+00 1.926551e+00 1.404661e+00
6.760830e-02 1.102019e+00 1.545641e+00 1.898276e+00 1.402554e+00
6.918310e-02 1.087027e+00 1.522200e+00 1.870486e+00 1.400334e+00
7.079458e-02 1.072336e+00 1.499130e+00 1.843175e+00 1.398004e+00
7.244360e-02 1.057939e+00 1.476428e+00 1.816335e+00 1.395570e+00
7.413102e-02 1.043827e+00 1.454090e+00 1.789958e+00 1.393038e+00
7.585776e-02 1.029992e+00 1.432112e+00 1.764038e+00 1.390411e+00
7.762471e-02 1.016427e+00 1.410491e+00 1.738566e+00 1.387696e+00
7.943282e-02 1.003124e+00 1.389224e+00 1.713535e+00 1.384897e+00
8.128305e-02 9.900758e-01 1.368305e+00 1.688937e+00 1.382021e+00
8.317638e-02 9.772750e-01 1.347732e+00 1.664767e+00 1.379071e+00
8.511380e-02 9.647147e-01 1.327500e+00 1.641015e+00 1.376054e+00
8.709636e-02 9.523879e-01 1.307605e+00 1.617675e+00 1.372975e+00
8.912509e-02 9.402879e-01 1.288043e+00 1.594740e+00 1.369839e+00
9.120108e-02 9.284083e-01 1.268809e+00 1.572202e+00 1.366650e+00
9.332543e-02 9.167425e-01 1.249901e+00 1.550054e+00 1.363415e+00
9.549926e-02 9.052845e-01 1.231312e+00 1.528290e+00 1.360138e+00
9.772372e-02 8.940282e-01 1.213040e+00 1.506901e+00 1.356825e+00
1.000000e-01 8.829676e-01 1.195079e+00 1.485882e+00 1.353480e+00
1.023293e-01 8.720972e-01 1.177425e+00 1.465225e+00 1.350108e+00
1.047129e-01 8.614113e-01 1.160074e+00 1.444923e+00 1.346714e+00
1.071519e-01 8.509046e-01 1.143022e+00 1.424969e+00 1.343302e+00
1.096478e-01 8.405717e-01 1.126263e+00 1.405358e+00 1.339878e+00
1.122018e-01 8.304078e-01 1.109794e+00 1.386081e+00 1.336445e+00
1.148154e-01 8.204078e-01 1.093611e+00 1.367133e+00 1.333009e+00
1.174898e-01 8.105669e-01 1.077708e+00 1.348507e+00 1.329573e+00
1.202264e-01 8.008805e-01 1.062081e+00 1.330197e+00 1.326141e+00
1.230269e-01 7.913441e-01 1.046726e+00 1.312197e+00 1.322719e+00
1.258925e-01 7.819533e-01 1.031639e+00 1.294500e+00 1.319310e+00
1.288250e-01 7.727040e-01 1.016814e+00 1.277099e+00 1.315917e+00
1.318257e-01 7.635920e-01 1.002249e+00 1.259990e+00 1.312545e+00
1.348963e-01 7.546134e-01 9.879377e-01 1.243166e+00 1.309197e+00
1.380384e-01 7.457643e-01 9.738767e-01 1.226621e+00 1.305877e+00
1.412538e-01 7.370409e-01 9.600615e-01 1.210350e+00 1.302589e+00
1.445440e-01 7.284398e-01 9.464879e-01 1.194347e+00 1.299336e+00
1.479108e-01 7.199573e-01 9.331517e-01 1.178605e+00 1.296121e+00
1.513561e-01 7.115901e-01 9.200485e-01 1.163121e+00 1.292947e+00
1.548817e-01 7.033350e-01 9.071743e-01 1.147887e+00 1.289818e+00
1.584893e-01 6.951887e-01 8.945250e-01 1.132900e+00 1.286737e+00
1.621810e-01 6.871482e-01 8.820963e-01 1.118153e+00 1.283706e+00
1.659587e-01 6.792105e-01 8.698842e-01 1.103642e+00 1.280728e+00
1.698244e-01 6.713728e-01 8.578846e-01 1.089361e+00 1.277807e+00
1.737801e-01 6.636323e-01 8.460936e-01 1.075306e+00 1.274943e+00
1.778279e-01 6.559862e-01 8.345071e-01 1.061471e+00 1.272141e+00
1.819701e-01 6.484322e-01 8.231212e-01 1.047852e+00 1.269402e+00
1.862087e-01 6.409676e-01 8.119320e-01 1.034443e+00 1.266729e+00
1.905461e-01 6.335901e-01 8.009355e-01 1.021241e+00 1.264123e+00
1.949845e-01 6.262974e-01 7.901280e-01 1.008241e+00 1.261586e+00
1.995262e-01 6.190872e-01 7.795056e-01 9.954386e-01 1.259121e+00
2.041738e-01 6.119576e-01 7.690645e-01 9.828287e-01 1.256728e+00
2.089296e-01 6.049064e-01 7.588010e-01 9.704076e-01 1.254411e+00
2.137962e-01 5.979318e-01 7.487114e-01 9.581708e-01 1.252169e+00
2.187762e-01 5.910319e-01 7.387921e-01 9.461144e-01 1.250004e+00
2.238721e-01 5.842050e-01 7.290394e-01 9.342344e-01 1.247917e+00
2.290868e-01 5.774494e-01 7.194498e-01 9.225268e-01 1.245910e+00
2.344229e-01 5.707635e-01 7.100197e-01 9.109879e-01 1.243982e+00
2.398833e-01 5.641459e-01 7.007457e-01 8.996139e-01 1.242136e+00
2.454709e-01 5.575951e-01 6.916244e-01 8.884012e-01 1.240370e+00
2.511886e-01 5.511099e-01 6.826525e-01 8.773463e-01 1.238687e+00
2.570396e-01 5.446890e-01 6.738265e-01 8.664458e-01 1.237085e+00
2.630268e-01 5.383312e-01 6.651434e-01 8.556963e-01 1.235565e+00
2.691535e-01 5.320355e-01 6.565999e-01 8.450948e-01 1.234128e+00
2.754229e-01 5.258008e-01 6.481930e-01 8.346380e-01 1.232773e+00
2.818383e-01 5.196263e-01 6.399195e-01 8.243231e-01 1.231499e+00
2.884032e-01 5.135111e-01 6.317766e-01 8.141470e-01 1.230308e+00
2.951209e-01 5.074543e-01 6.237613e-01 8.041070e-01 1.229197e+00
3.019952e-01 5.014553e-01 6.158708e-01 7.942004e-01 1.228167e+00
3.090295e-01 4.955133e-01 6.081024e-01 7.844246e-01 1.227217e+00
3.162278e-01 4.896278e-01 6.004535e-01 7.747772e-01 1.226347e+00
3.235937e-01 4.837981e-01 5.929214e-01 7.652557e-01 1.225555e+00
3.311311e-01 4.780237e-01 5.855036e-01 7.558578e-01 1.224842e+00
3.388442e-01 4.723041e-01 5.781977e-01 7.465814e-01 1.224207e+00
3.467369e-01 4.666388e-01 5.710014e-01 7.374242e-01 1.223647e+00
3.548134e-01 4.610276e-01 5.639125e-01 7.283843e-01 1.223164e+00
3.630781e-01 4.554698e-01 5.569286e-01 7.194597e-01 1.222756e+00
3.715352e-01 4.499652e-01 5.500478e-01 7.106485e-01 1.222423e+00
3.801894e-01 4.445134e-01 5.432681e-01 7.019490e-01 1.222163e+00
3.890451e-01 4.391141e-01 5.365873e-01 6.933593e-01 1.221977e+00
3.981072e-01 4.337670e-01 5.300038e-01 6.848779e-01 1.221863e+00
4.073803e-01 4.284716e-01 5.235156e-01 6.765031e-01 1.221821e+00
4.168694e-01 4.232277e-01 5.171211e-01 6.682334e-01 1.221851e+00
4.265795e-01 4.180350e-01 5.108186e-01 6.600673e-01 1.221952e+00
4.365158e-01 4.128932e-01 5.046064e-01 6.520034e-01 1.222123e+00
4.466836e-01 4.078018e-01 4.984831e-01 6.440402e-01 1.222366e+00
4.570882e-01 4.027607e-01 4.924472e-01 6.361764e-01 1.222679e+00
4.677351e-01 3.977693e-01 4.864972e-01 6.284106e-01 1.223064e+00
4.786301e-01 3.928274e-01 4.806317e-01 6.207417e-01 1.223519e+00
4.897788e-01 3.879347e-01 4.748495e-01 6.131683e-01 1.224045e+00
5.011872e-01 3.830906e-01 4.691492e-01 6.056892e-01 1.224643e+00
5.128614e-01 3.782947e-01 4.635297e-01 5.983032e-01 1.225314e+00
5.248075e-01 3.735468e-01 4.579896e-01 5.910090e-01 1.226057e+00
5.370318e-01 3.688462e-01 4.525279e-01 5.838056e-01 1.226874e+00
5.495409e-01 3.641926e-01 4.471433e-01 5.766918e-01 1.227766e+00
5.623413e-01 3.595855e-01 4.418348e-01 5.696663e-01 1.228734e+00
5.754399e-01 3.550243e-01 4.366013e-01 5.627281e-01 1.229778e+00
5.888437e-01 3.505086e-01 4.314417e-01 5.558761e-01 1.230902e+00
6.025596e-01 3.460379e-01 4.263549e-01 5.491090e-01 1.232105e+00
6.165950e-01 3.416115e-01 4.213400e-01 5.424258e-01 1.233389e+00
6.309573e-01 3.372290e-01 4.163958e-01 5.358254e-01 1.234757e+00
6.456542e-01 3.328897e-01 4.115215e-01 5.293066e-01 1.236210e+00
6.606934e-01 3.285932e-01 4.067159e-01 5.228684e-01 1.237749e+00
6.760830e-01 3.243387e-01 4.019782e-01 5.165095e-01 1.239378e+00
6.918310e-01 3.201258e-01 3.973073e-01 5.102289e-01 1.241097e+00
7.079458e-01 3.159537e-01 3.927022e-01 5.040256e-01 1.242910e+00
7.244360e-01 3.118220e-01 3.881619e-01 4.978982e-01 1.244819e+00
7.413102e-01 3.077300e-01 3.836856e-01 4.918459e-01 1.246825e+00
7.585776e-01 3.036771e-01 3.792722e-01 4.858674e-01 1.248932e+00
7.762471e-01 2.996627e-01 3.749207e-01 4.799618e-01 1.251142e+00
7.943282e-01 2.956862e-01 3.706302e-01 4.741277e-01 1.253458e+00
8.128305e-01 2.917470e-01 3.663998e-01 4.683643e-01 1.255882e+00
8.317638e-01 2.878444e-01 3.622284e-01 4.626704e-01 1.258417e+00
8.511380e-01 2.839780e-01 3.581152e-01 4.570449e-01 1.261067e+00
8.709636e-01 2.801471e-01 3.540591e-01 4.514867e-01 1.263833e+00
8.912509e-01 2.763511e-01 3.500592e-01 4.459948e-01 1.266719e+00
9.120108e-01 2.725895e-01 3.461146e-01 4.405682e-01 1.269728e+00
9.332543e-01 2.688618e-01 3.422242e-01 4.352058e-01 1.272863e+00
9.549926e-01 2.651673e-01 3.383873e-01 4.299065e-01 1.276128e+00
9.772372e-01 2.615055e-01 3.346027e-01 4.246694e-01 1.279525e+00
1.000000e+00 2.578759e-01 3.308696e-01 4.194934e-01 1.283057e+00
1.023293e+00 2.542780e-01 3.271871e-01 4.143775e-01 1.286730e+00
1.047129e+00 2.507113e-01 3.235542e-01 4.093208e-01 1.290545e+00
1.071519e+00 2.471753e-01 3.199700e-01 4.043222e-01 1.294506e+00
1.096478e+00 2.436695e-01 3.164337e-01 3.993809e-01 1.298618e+00
1.122018e+00 2.401934e-01 3.129441e-01 3.944958e-01 1.302884e+00
1.148154e+00 2.367466e-01 3.095006e-01 3.896660e-01 1.307307e+00
1.174898e+00 2.333286e-01 3.061022e-01 3.848906e-01 1.311893e+00
1.202264e+00 2.299390e-01 3.027479e-01 3.801687e-01 1.316644e+00
1.230269e+00 2.265774e-01 2.994370e-01 3.754994e-01 1.321566e+00
1.258925e+00 2.232433e-01 2.961684e-01 3.708818e-01 1.326662e+00
1.288250e+00 2.199363e-01 2.929415e-01 3.663150e-01 1.331938e+00
1.318257e+00 2.166561e-01 2.897552e-01 3.617982e-01 1.337397e+00
1.348963e+00 2.134022e-01 2.866088e-01 3.573305e-01 1.343045e+00
1.380384e+00 2.101743e-01 2.835014e-01 3.529111e-01 1.348887e+00
1.412538e+00 2.069721e-01 2.804321e-01 3.485392e-01 1.354927e+00
1.445440e+00 2.037951e-01 2.774001e-01 3.442139e-01 1.361172e+00
1.479108e+00 2.006430e-01 2.744045e-01 3.399345e-01 1.367626e+00
1.513561e+00 1.975155e-01 2.714447e-01 3.357001e-01 1.374296e+00
1.548817e+00 1.944122e-01 2.685196e-01 3.315100e-01 1.381187e+00
1.584893e+00 1.913330e-01 2.656285e-01 3.273634e-01 1.388305e+00
1.621810e+00 1.882773e-01 2.627706e-01 3.232596e-01 1.395657e+00
1.659587e+00 1.852451e-01 2.599451e-01 3.191977e-01 1.403250e+00
1.698244e+00 1.822359e-01 2.571511e-01 3.151771e-01 1.411089e+00
1.737801e+00 1.792495e-01 2.543879e-01 3.111970e-01 1.419183e+00
1.778279e+00 1.762858e-01 2.516546e-01 3.072567e-01 1.427538e+00
1.819701e+00 1.733443e-01 2.489505e-01 3.033555e-01 1.436162e+00
1.862087e+00 1.704249e-01 2.462747e-01 2.994927e-01 1.445062e+00
1.905461e+00 1.675275e-01 2.436265e-01 2.956676e-01 1.454248e+00
1.949845e+00 1.646517e-01 2.410050e-01 2.918794e-01 1.463727e+00
1.995262e+00 1.617974e-01 2.384096e-01 2.881276e-01 1.473507e+00
2.041738e+00 1.589644e-01 2.358394e-01 2.844115e-01 1.483598e+00
2.089296e+00 1.561526e-01 2.332935e-01 2.807303e-01 1.494010e+00
2.137962e+00 1.533619e-01 2.307714e-01 2.770835e-01 1.504750e+00
2.187762e+00 1.505921e-01 2.282720e-01 2.734705e-01 1.515830e+00
2.238721e+00 1.478431e-01 2.257948e-01 2.698905e-01 1.527260e+00
2.290868e+00 1.451148e-01 2.233389e-01 2.663430e-01 1.539050e+00
2.344229e+00 1.424073e-01 2.209036e-01 2.628274e-01 1.551210e+00
2.398833e+00 1.397204e-01 2.184881e-01 2.593431e-01 1.563753e+00
2.454709e+00 1.370541e-01 2.160917e-01 2.558895e-01 1.576689e+00
2.511886e+00 1.344085e-01 2.137136e-01 2.524661e-01 1.590031e+00
2.570396e+00 1.317835e-01 2.113531e-01 2.490723e-01 1.603790e+00
2.630268e+00 1.291792e-01 2.090094e-01 2.457076e-01 1.617980e+00
2.691535e+00 1.265957e-01 2.066819e-01 2.423714e-01 1.632613e+00
2.754229e+00 1.240331e-01 2.043699e-01 2.390633e-01 1.647704e+00
2.818383e+00 1.214916e-01 2.020726e-01 2.357828e-01 1.663264e+00
2.884032e+00 1.189711e-01 1.997893e-01 2.325294e-01 1.679310e+00
2.951209e+00 1.164720e-01 1.975196e-01 2.293027e-01 1.695854e+00
3.019952e+00 1.139944e-01 1.952626e-01 2.261022e-01 1.712913e+00
3.090295e+00 1.115386e-01 1.930177e-01 2.229276e-01 1.730501e+00
3.162278e+00 1.091048e-01 1.907844e-01 2.197784e-01 1.748635e+00
3.235937e+00 1.066932e-01 1.885621e-01 2.166543e-01 1.767330e+00
3.311311e+00 1.043042e-01 1.863502e-01 2.135550e-01 1.786603e+00
3.388442e+00 1.019380e-01 1.841482e-01 2.104802e-01 1.806472e+00
3.467369e+00 9.959512e-02 1.819555e-01 2.074295e-01 1.826952e+00
3.548134e+00 9.727577e-02 1.797718e-01 2.044027e-01 1.848063e+00
3.630781e+00 9.498038e-02 1.775965e-01 2.013996e-01 1.869823e+00
3.715352e+00 9.270935e-02 1.754293e-01 1.984199e-01 1.892250e+00
3.801894e+00 9.046310e-02 1.732697e-01 1.954635e-01 1.915364e+00
3.890451e+00 8.824206e-02 1.711175e-01 1.925302e-01 1.939183e+00
3.981072e+00 8.604666e-02 1.689723e-01 1.896198e-01 1.963729e+00
4.073803e+00 8.387739e-02 1.668338e-01 1.867323e-01 1.989021e+00
4.168694e+00 8.173469e-02 1.647019e-01 1.838676e-01 2.015080e+00
4.265795e+00 7.961905e-02 1.625763e-01 1.810256e-01 2.041927e+00
4.365158e+00 7.753094e-02 1.604569e-01 1.782062e-01 2.069585e+00
4.466836e+00 7.547085e-02 1.583436e-01 1.754096e-01 2.098076e+00
4.570882e+00 7.343927e-02 1.562363e-01 1.726357e-01 2.127422e+00
4.677351e+00 7.143666e-02 1.541350e-01 1.698846e-01 2.157645e+00
4.786301e+00 6.946350e-02 1.520397e-01 1.671563e-01 2.188771e+00
4.897788e+00 6.752027e-02 1.499505e-01 1.644510e-01 2.220821e+00
5.011872e+00 6.560741e-02 1.478674e-01 1.617687e-01 2.253822e+00
5.128614e+00 6.372536e-02 1.457907e-01 1.591096e-01 2.287798e+00
5.248075e+00 6.187455e-02 1.437206e-01 1.564738e-01 2.322774e+00
5.370318e+00 6.005538e-02 1.416571e-01 1.538616e-01 2.358775e+00
5.495409e+00 5.826823e-02 1.396007e-01 1.512731e-01 2.395829e+00
5.623413e+00 5.651346e-02 1.375516e-01 1.487085e-01 2.433961e+00
5.754399e+00 5.479141e-02 1.355101e-01 1.461680e-01 2.473200e+00
5.888437e+00 5.310238e-02 1.334766e-01 1.436519e-01 2.513572e+00
6.025596e+00 5.144663e-02 1.314515e-01 1.411604e-01 2.555105e+00
6.165950e+00 4.982440e-02 1.294353e-01 1.386938e-01 2.597829e+00
6.309573e+00 4.823591e-02 1.274283e-01 1.362522e-01 2.641772e+00
6.456542e+00 4.668131e-02 1.254310e-01 1.338360e-01 2.686965e+00
6.606934e+00 4.516074e-02 1.234440e-01 1.314455e-01 2.733436e+00
6.760830e+00 4.367429e-02 1.214677e-01 1.290808e-01 2.781218e+00
6.918310e+00 4.222201e-02 1.195027e-01 1.267422e-01 2.830340e+00
7.079458e+00 4.080392e-02 1.175494e-01 1.244300e-01 2.880836e+00
7.244360e+00 3.942000e-02 1.156085e-01 1.221444e-01 2.932737e+00
7.413102e+00 3.807018e-02 1.136804e-01 1.198857e-01 2.986076e+00
7.585776e+00 3.675436e-02 1.117658e-01 1.176541e-01 3.040886e+00
7.762471e+00 3.547238e-02 1.098652e-01 1.154498e-01 3.097203e+00
7.943282e+00 3.422408e-02 1.079791e-01 1.132730e-01 3.155061e+00
8.128305e+00 3.300923e-02 1.061080e-01 1.111239e-01 3.214495e+00
8.317638e+00 3.182758e-02 1.042525e-01 1.090027e-01 3.275541e+00
8.511380e+00 3.067883e-02 1.024132e-01 1.069096e-01 3.338236e+00
8.709636e+00 2.956267e-02 1.005905e-01 1.048446e-01 3.402618e+00
8.912509e+00 2.847873e-02 9.878489e-02 1.028080e-01 3.468725e+00
9.120108e+00 2.742663e-02 9.699691e-02 1.007999e-01 3.536596e+00
9.332543e+00 2.640594e-02 9.522699e-02 9.882031e-02 3.606271e+00
9.549926e+00 2.541624e-02 9.347559e-02 9.686935e-02 3.677791e+00
9.772372e+00 2.445703e-02 9.174312e-02 9.494708e-02 3.751196e+00
1.000000e+01 2.352785e-02 9.002998e-02 9.305352e-02 3.826529e+00
