1.000000e-06 2.485262e+01 3.967602e-02 2.485265e+01 1.596452e-03
1.023293e-06 2.485261e+01 4.060013e-02 2.485264e+01 1.633636e-03
1.047129e-06 2.485260e+01 4.154576e-02 2.485264e+01 1.671687e-03
1.071519e-06 2.485260e+01 4.251342e-02 2.485263e+01 1.710623e-03
1.096478e-06 2.485259e+01 4.350361e-02 2.485262e+01 1.750466e-03
1.122018e-06 2.485258e+01 4.451686e-02 2.485262e+01 1.791237e-03
1.148154e-06 2.485257e+01 4.555371e-02 2.485261e+01 1.832958e-03
1.174898e-06 2.485256e+01 4.661470e-02 2.485260e+01 1.875650e-03
1.202264e-06 2.485255e+01 4.770040e-02 2.485259e+01 1.919336e-03
1.230269e-06 2.485254e+01 4.881138e-02 2.485259e+01 1.964040e-03
1.258925e-06 2.485253e+01 4.994824e-02 2.485258e+01 2.009785e-03
1.288250e-06 2.485251e+01 5.111156e-02 2.485257e+01 2.056595e-03
1.318257e-06 2.485250e+01 5.230198e-02 2.485256e+01 2.104495e-03
1.348963e-06 2.485249e+01 5.352011e-02 2.485255e+01 2.153511e-03
1.380384e-06 2.485248e+01 5.476661e-02 2.485254e+01 2.203668e-03
1.412538e-06 2.485246e+01 5.604213e-02 2.485253e+01 2.254993e-03
1.445440e-06 2.485245e+01 5.734735e-02 2.485251e+01 2.307513e-03
1.479108e-06 2.485243e+01 5.868296e-02 2.485250e+01 2.361256e-03
1.513561e-06 2.485242e+01 6.004967e-02 2.485249e+01 2.416251e-03
1.548817e-06 2.485240e+01 6.144820e-02 2.485247e+01 2.472526e-03
1.584893e-06 2.485238e+01 6.287929e-02 2.485246e+01 2.530111e-03
1.621810e-06 2.485236e+01 6.434370e-02 2.485245e+01 2.589038e-03
1.659587e-06 2.485234e+01 6.584221e-02 2.485243e+01 2.649336e-03
1.698244e-06 2.485232e+01 6.737560e-02 2.485241e+01 2.711038e-03
1.737801e-06 2.485230e+01 6.894469e-02 2.485240e+01 2.774177e-03
1.778279e-06 2.485228e+01 7.055030e-02 2.485238e+01 2.838786e-03
1.819701e-06 2.485225e+01 7.219329e-02 2.485236e+01 2.904899e-03
1.862087e-06 2.485223e+01 7.387453e-02 2.485234e+01 2.972552e-03
1.905461e-06 2.485220e+01 7.559491e-02 2.485232e+01 3.041779e-03
1.949845e-06 2.485218e+01 7.735533e-02 2.485230e+01 3.112618e-03
1.995262e-06 2.485215e+01 7.915673e-02 2.485228e+01 3.185106e-03
2.041738e-06 2.485212e+01 8.100005e-02 2.485225e+01 3.259281e-03
2.089296e-06 2.485209e+01 8.288628e-02 2.485223e+01 3.335184e-03
2.137962e-06 2.485206e+01 8.481641e-02 2.485220e+01 3.412853e-03
2.187762e-06 2.485202e+01 8.679146e-02 2.485217e+01 3.492330e-03
2.238721e-06 2.485199e+01 8.881247e-02 2.485215e+01 3.573657e-03
2.290868e-06 2.485195e+01 9.088051e-02 2.485212e+01 3.656876e-03
2.344229e-06 2.485191e+01 9.299668e-02 2.485208e+01 3.742033e-03
2.398833e-06 2.485187e+01 9.516208e-02 2.485205e+01 3.829172e-03
2.454709e-06 2.485183e+01 9.737787e-02 2.485202e+01 3.918339e-03
2.511886e-06 2.485178e+01 9.964522e-02 2.485198e+01 4.009580e-03
2.570396e-06 2.485174e+01 1.019653e-01 2.485194e+01 4.102945e-03
2.630268e-06 2.485169e+01 1.043394e-01 2.485191e+01 4.198483e-03
2.691535e-06 2.485164e+01 1.067687e-01 2.485186e+01 4.296244e-03
2.754229e-06 2.485158e+01 1.092545e-01 2.485182e+01 4.396279e-03
2.818383e-06 2.485153e+01 1.117981e-01 2.485178e+01 4.498642e-03
2.884032e-06 2.485147e+01 1.144009e-01 2.485173e+01 4.603386e-03
2.951209e-06 2.485140e+01 1.170642e-01 2.485168e+01 4.710567e-03
3.019952e-06 2.485134e+01 1.197895e-01 2.485163e+01 4.820242e-03
3.090295e-06 2.485127e+01 1.225781e-01 2.485157e+01 4.932467e-03
3.162278e-06 2.485120e+01 1.254315e-01 2.485152e+01 5.047303e-03
3.235937e-06 2.485113e+01 1.283514e-01 2.485146e+01 5.164810e-03
3.311311e-06 2.485105e+01 1.313390e-01 2.485140e+01 5.285050e-03
3.388442e-06 2.485097e+01 1.343962e-01 2.485133e+01 5.408085e-03
3.467369e-06 2.485088e+01 1.375243e-01 2.485126e+01 5.533982e-03
3.548134e-06 2.485079e+01 1.407252e-01 2.485119e+01 5.662806e-03
3.630781e-06 2.485070e+01 1.440005e-01 2.485112e+01 5.794625e-03
3.715352e-06 2.485060e+01 1.473519e-01 2.485104e+01 5.929509e-03
3.801894e-06 2.485050e+01 1.507811e-01 2.485096e+01 6.067528e-03
3.890451e-06 2.485039e+01 1.542900e-01 2.485087e+01 6.208755e-03
3.981072e-06 2.485028e+01 1.578804e-01 2.485078e+01 6.353264e-03
4.073803e-06 2.485017e+01 1.615542e-01 2.485069e+01 6.501131e-03
4.168694e-06 2.485004e+01 1.653133e-01 2.485059e+01 6.652434e-03
4.265795e-06 2.484991e+01 1.691596e-01 2.485049e+01 6.807252e-03
4.365158e-06 2.484978e+01 1.730953e-01 2.485038e+01 6.965667e-03
4.466836e-06 2.484964e+01 1.771223e-01 2.485027e+01 7.127761e-03
4.570882e-06 2.484949e+01 1.812427e-01 2.485015e+01 7.293620e-03
4.677351e-06 2.484934e+01 1.854588e-01 2.485003e+01 7.463330e-03
4.786301e-06 2.484917e+01 1.897727e-01 2.484990e+01 7.636981e-03
4.897788e-06 2.484900e+01 1.941866e-01 2.484976e+01 7.814662e-03
5.011872e-06 2.484883e+01 1.987029e-01 2.484962e+01 7.996468e-03
5.128614e-06 2.484864e+01 2.033238e-01 2.484947e+01 8.182493e-03
5.248075e-06 2.484845e+01 2.080519e-01 2.484932e+01 8.372834e-03
5.370318e-06 2.484824e+01 2.128896e-01 2.484916e+01 8.567590e-03
5.495409e-06 2.484803e+01 2.178393e-01 2.484899e+01 8.766864e-03
5.623413e-06 2.484781e+01 2.229037e-01 2.484881e+01 8.970759e-03
5.754399e-06 2.484758e+01 2.280854e-01 2.484862e+01 9.179382e-03
5.888437e-06 2.484733e+01 2.333870e-01 2.484843e+01 9.392840e-03
6.025596e-06 2.484708e+01 2.388113e-01 2.484822e+01 9.611245e-03
6.165950e-06 2.484681e+01 2.443612e-01 2.484801e+01 9.834710e-03
6.309573e-06 2.484653e+01 2.500393e-01 2.484779e+01 1.006335e-02
6.456542e-06 2.484623e+01 2.558488e-01 2.484755e+01 1.029729e-02
6.606934e-06 2.484593e+01 2.617926e-01 2.484731e+01 1.053664e-02
6.760830e-06 2.484561e+01 2.678737e-01 2.484705e+01 1.078153e-02
6.918310e-06 2.484527e+01 2.740953e-01 2.484678e+01 1.103209e-02
7.079458e-06 2.484492e+01 2.804605e-01 2.484650e+01 1.128845e-02
7.244360e-06 2.484455e+01 2.869726e-01 2.484621e+01 1.155073e-02
7.413102e-06 2.484416e+01 2.936350e-01 2.484590e+01 1.181907e-02
7.585776e-06 2.484376e+01 3.004510e-01 2.484558e+01 1.209362e-02
7.762471e-06 2.484334e+01 3.074241e-01 2.484524e+01 1.237451e-02
7.943282e-06 2.484290e+01 3.145578e-01 2.484489e+01 1.266188e-02
8.128305e-06 2.484243e+01 3.218559e-01 2.484452e+01 1.295589e-02
8.317638e-06 2.484195e+01 3.293218e-01 2.484413e+01 1.325668e-02
8.511380e-06 2.484144e+01 3.369595e-01 2.484373e+01 1.356441e-02
8.709636e-06 2.484091e+01 3.447728e-01 2.484331e+01 1.387923e-02
8.912509e-06 2.484036e+01 3.527656e-01 2.484286e+01 1.420131e-02
9.120108e-06 2.483978e+01 3.609420e-01 2.484240e+01 1.453080e-02
9.332543e-06 2.483917e+01 3.693059e-01 2.484192e+01 1.486788e-02
9.549926e-06 2.483854e+01 3.778616e-01 2.484141e+01 1.521272e-02
9.772372e-06 2.483787e+01 3.866134e-01 2.484088e+01 1.556548e-02
1.000000e-05 2.483718e+01 3.955656e-01 2.484033e+01 1.592635e-02
1.023293e-05 2.483645e+01 4.047226e-01 2.483975e+01 1.629551e-02
1.047129e-05 2.483569e+01 4.140890e-01 2.483914e+01 1.667314e-02
1.071519e-05 2.483489e+01 4.236693e-01 2.483851e+01 1.705944e-02
1.096478e-05 2.483406e+01 4.334683e-01 2.483784e+01 1.745459e-02
1.122018e-05 2.483319e+01 4.434908e-01 2.483715e+01 1.785879e-02
1.148154e-05 2.483228e+01 4.537415e-01 2.483642e+01 1.827225e-02
1.174898e-05 2.483133e+01 4.642256e-01 2.483566e+01 1.869516e-02
1.202264e-05 2.483033e+01 4.749481e-01 2.483487e+01 1.912774e-02
1.230269e-05 2.482929e+01 4.859141e-01 2.483404e+01 1.957020e-02
1.258925e-05 2.482820e+01 4.971288e-01 2.483317e+01 2.002275e-02
1.288250e-05 2.482706e+01 5.085978e-01 2.483227e+01 2.048563e-02
1.318257e-05 2.482587e+01 5.203263e-01 2.483132e+01 2.095904e-02
1.348963e-05 2.482462e+01 5.323201e-01 2.483033e+01 2.144323e-02
1.380384e-05 2.482332e+01 5.445846e-01 2.482929e+01 2.193843e-02
1.412538e-05 2.482196e+01 5.571257e-01 2.482821e+01 2.244487e-02
1.445440e-05 2.482053e+01 5.699491e-01 2.482708e+01 2.296281e-02
1.479108e-05 2.481905e+01 5.830610e-01 2.482589e+01 2.349248e-02
1.513561e-05 2.481749e+01 5.964672e-01 2.482466e+01 2.403415e-02
1.548817e-05 2.481587e+01 6.101740e-01 2.482337e+01 2.458806e-02
1.584893e-05 2.481417e+01 6.241876e-01 2.482202e+01 2.515448e-02
1.621810e-05 2.481239e+01 6.385144e-01 2.482061e+01 2.573369e-02
1.659587e-05 2.481054e+01 6.531607e-01 2.481914e+01 2.632594e-02
1.698244e-05 2.480860e+01 6.681333e-01 2.481760e+01 2.693152e-02
1.737801e-05 2.480658e+01 6.834387e-01 2.481599e+01 2.755070e-02
1.778279e-05 2.480447e+01 6.990837e-01 2.481431e+01 2.818378e-02
1.819701e-05 2.480226e+01 7.150751e-01 2.481256e+01 2.883105e-02
1.862087e-05 2.479995e+01 7.314200e-01 2.481074e+01 2.949280e-02
1.905461e-05 2.479754e+01 7.481253e-01 2.480883e+01 3.016933e-02
1.949845e-05 2.479503e+01 7.651983e-01 2.480683e+01 3.086096e-02
1.995262e-05 2.479240e+01 7.826463e-01 2.480475e+01 3.156798e-02
2.041738e-05 2.478966e+01 8.004765e-01 2.480258e+01 3.229074e-02
2.089296e-05 2.478680e+01 8.186965e-01 2.480032e+01 3.302953e-02
2.137962e-05 2.478382e+01 8.373138e-01 2.479796e+01 3.378470e-02
2.187762e-05 2.478070e+01 8.563362e-01 2.479549e+01 3.455657e-02
2.238721e-05 2.477745e+01 8.757713e-01 2.479292e+01 3.534550e-02
2.290868e-05 2.477406e+01 8.956271e-01 2.479024e+01 3.615181e-02
2.344229e-05 2.477052e+01 9.159115e-01 2.478745e+01 3.697587e-02
2.398833e-05 2.476683e+01 9.366326e-01 2.478453e+01 3.781803e-02
2.454709e-05 2.476298e+01 9.577985e-01 2.478150e+01 3.867865e-02
2.511886e-05 2.475896e+01 9.794175e-01 2.477833e+01 3.955810e-02
2.570396e-05 2.475478e+01 1.001498e+00 2.477503e+01 4.045675e-02
2.630268e-05 2.475041e+01 1.024048e+00 2.477159e+01 4.137499e-02
2.691535e-05 2.474586e+01 1.047077e+00 2.476801e+01 4.231321e-02
2.754229e-05 2.474112e+01 1.070593e+00 2.476427e+01 4.327179e-02
2.818383e-05 2.473618e+01 1.094604e+00 2.476038e+01 4.425114e-02
2.884032e-05 2.473103e+01 1.119120e+00 2.475633e+01 4.525166e-02
2.951209e-05 2.472566e+01 1.144150e+00 2.475212e+01 4.627377e-02
3.019952e-05 2.472007e+01 1.169701e+00 2.474773e+01 4.731788e-02
3.090295e-05 2.471425e+01 1.195785e+00 2.474316e+01 4.838443e-02
3.162278e-05 2.470818e+01 1.222409e+00 2.473840e+01 4.947385e-02
3.235937e-05 2.470187e+01 1.249583e+00 2.473345e+01 5.058657e-02
3.311311e-05 2.469529e+01 1.277316e+00 2.472830e+01 5.172305e-02
3.388442e-05 2.468844e+01 1.305617e+00 2.472294e+01 5.288374e-02
3.467369e-05 2.468132e+01 1.334497e+00 2.471737e+01 5.406912e-02
3.548134e-05 2.467390e+01 1.363964e+00 2.471157e+01 5.527964e-02
3.630781e-05 2.466618e+01 1.394028e+00 2.470554e+01 5.651578e-02
3.715352e-05 2.465815e+01 1.424699e+00 2.469927e+01 5.777804e-02
3.801894e-05 2.464979e+01 1.455987e+00 2.469275e+01 5.906691e-02
3.890451e-05 2.464109e+01 1.487901e+00 2.468597e+01 6.038290e-02
3.981072e-05 2.463205e+01 1.520450e+00 2.467893e+01 6.172651e-02
4.073803e-05 2.462264e+01 1.553646e+00 2.467161e+01 6.309826e-02
4.168694e-05 2.461285e+01 1.587497e+00 2.466400e+01 6.449868e-02
4.265795e-05 2.460268e+01 1.622013e+00 2.465609e+01 6.592831e-02
4.365158e-05 2.459210e+01 1.657205e+00 2.464787e+01 6.738769e-02
4.466836e-05 2.458109e+01 1.693081e+00 2.463933e+01 6.887737e-02
4.570882e-05 2.456966e+01 1.729653e+00 2.463046e+01 7.039792e-02
4.677351e-05 2.455777e+01 1.766929e+00 2.462125e+01 7.194989e-02
4.786301e-05 2.454541e+01 1.804919e+00 2.461168e+01 7.353386e-02
4.897788e-05 2.453256e+01 1.843632e+00 2.460174e+01 7.515042e-02
5.011872e-05 2.451921e+01 1.883079e+00 2.459142e+01 7.680015e-02
5.128614e-05 2.450534e+01 1.923268e+00 2.458069e+01 7.848364e-02
5.248075e-05 2.449092e+01 1.964208e+00 2.456956e+01 8.020150e-02
5.370318e-05 2.447594e+01 2.005909e+00 2.455799e+01 8.195433e-02
5.495409e-05 2.446037e+01 2.048378e+00 2.454599e+01 8.374273e-02
5.623413e-05 2.444419e+01 2.091624e+00 2.453352e+01 8.556732e-02
5.754399e-05 2.442739e+01 2.135655e+00 2.452057e+01 8.742872e-02
5.888437e-05 2.440993e+01 2.180479e+00 2.450713e+01 8.932753e-02
6.025596e-05 2.439180e+01 2.226102e+00 2.449317e+01 9.126438e-02
6.165950e-05 2.437296e+01 2.272532e+00 2.447868e+01 9.323988e-02
6.309573e-05 2.435340e+01 2.319774e+00 2.446363e+01 9.525464e-02
6.456542e-05 2.433308e+01 2.367834e+00 2.444801e+01 9.730928e-02
6.606934e-05 2.431197e+01 2.416717e+00 2.443179e+01 9.940439e-02
6.760830e-05 2.429005e+01 2.466426e+00 2.441495e+01 1.015406e-01
6.918310e-05 2.426730e+01 2.516966e+00 2.439747e+01 1.037184e-01
7.079458e-05 2.424366e+01 2.568338e+00 2.437933e+01 1.059385e-01
7.244360e-05 2.421913e+01 2.620545e+00 2.436049e+01 1.082014e-01
7.413102e-05 2.419366e+01 2.673586e+00 2.434094e+01 1.105077e-01
7.585776e-05 2.416722e+01 2.727461e+00 2.432064e+01 1.128579e-01
7.762471e-05 2.413977e+01 2.782168e+00 2.429957e+01 1.152525e-01
7.943282e-05 2.411129e+01 2.837705e+00 2.427771e+01 1.176919e-01
8.128305e-05 2.408174e+01 2.894066e+00 2.425501e+01 1.201768e-01
8.317638e-05 2.405107e+01 2.951245e+00 2.423146e+01 1.227075e-01
8.511380e-05 2.401925e+01 3.009236e+00 2.420702e+01 1.252844e-01
8.709636e-05 2.398625e+01 3.068030e+00 2.418167e+01 1.279078e-01
8.912509e-05 2.395202e+01 3.127614e+00 2.415536e+01 1.305783e-01
9.120108e-05 2.391653e+01 3.187978e+00 2.412807e+01 1.332960e-01
9.332543e-05 2.387974e+01 3.249105e+00 2.409977e+01 1.360612e-01
9.549926e-05 2.384161e+01 3.310981e+00 2.407041e+01 1.388741e-01
9.772372e-05 2.380209e+01 3.373585e+00 2.403998e+01 1.417348e-01
1.000000e-04 2.376114e+01 3.436898e+00 2.400842e+01 1.446436e-01
1.023293e-04 2.371874e+01 3.500895e+00 2.397571e+01 1.476004e-01
1.047129e-04 2.367482e+01 3.565553e+00 2.394181e+01 1.506052e-01
1.071519e-04 2.362937e+01 3.630842e+00 2.390669e+01 1.536580e-01
1.096478e-04 2.358232e+01 3.696732e+00 2.387031e+01 1.567586e-01
1.122018e-04 2.353366e+01 3.763191e+00 2.383264e+01 1.599068e-01
1.148154e-04 2.348332e+01 3.830183e+00 2.379363e+01 1.631022e-01
1.174898e-04 2.343129e+01 3.897670e+00 2.375326e+01 1.663446e-01
1.202264e-04 2.337752e+01 3.965610e+00 2.371148e+01 1.696335e-01
1.230269e-04 2.332197e+01 4.033961e+00 2.366827e+01 1.729683e-01
1.258925e-04 2.326461e+01 4.102675e+00 2.362359e+01 1.763484e-01
1.288250e-04 2.320540e+01 4.171704e+00 2.357740e+01 1.797730e-01
1.318257e-04 2.314432e+01 4.240996e+00 2.352968e+01 1.832413e-01
1.348963e-04 2.308134e+01 4.310496e+00 2.348039e+01 1.867524e-01
1.380384e-04 2.301642e+01 4.380147e+00 2.342950e+01 1.903053e-01
1.412538e-04 2.294955e+01 4.449890e+00 2.337698e+01 1.938988e-01
1.445440e-04 2.288069e+01 4.519661e+00 2.332281e+01 1.975316e-01
1.479108e-04 2.280984e+01 4.589396e+00 2.326696e+01 2.012025e-01
1.513561e-04 2.273697e+01 4.659029e+00 2.320941e+01 2.049098e-01
1.548817e-04 2.266208e+01 4.728489e+00 2.315012e+01 2.086521e-01
1.584893e-04 2.258514e+01 4.797707e+00 2.308910e+01 2.124276e-01
1.621810e-04 2.250616e+01 4.866608e+00 2.302631e+01 2.162345e-01
1.659587e-04 2.242513e+01 4.935119e+00 2.296175e+01 2.200709e-01
1.698244e-04 2.234206e+01 5.003164e+00 2.289540e+01 2.239347e-01
1.737801e-04 2.225696e+01 5.070665e+00 2.282726e+01 2.278238e-01
1.778279e-04 2.216983e+01 5.137545e+00 2.275732e+01 2.317359e-01
1.819701e-04 2.208069e+01 5.203726e+00 2.268558e+01 2.356687e-01
1.862087e-04 2.198956e+01 5.269129e+00 2.261204e+01 2.396196e-01
1.905461e-04 2.189646e+01 5.333675e+00 2.253671e+01 2.435862e-01
1.949845e-04 2.180144e+01 5.397288e+00 2.245959e+01 2.475657e-01
1.995262e-04 2.170451e+01 5.459890e+00 2.238071e+01 2.515555e-01
2.041738e-04 2.160573e+01 5.521406e+00 2.230008e+01 2.555528e-01
2.089296e-04 2.150514e+01 5.581760e+00 2.221772e+01 2.595547e-01
2.137962e-04 2.140279e+01 5.640882e+00 2.213366e+01 2.635583e-01
2.187762e-04 2.129873e+01 5.698702e+00 2.204793e+01 2.675606e-01
2.238721e-04 2.119303e+01 5.755152e+00 2.196056e+01 2.715587e-01
2.290868e-04 2.108575e+01 5.810169e+00 2.187160e+01 2.755496e-01
2.344229e-04 2.097695e+01 5.863693e+00 2.178108e+01 2.795302e-01
2.398833e-04 2.086672e+01 5.915668e+00 2.168906e+01 2.834977e-01
2.454709e-04 2.075514e+01 5.966042e+00 2.159559e+01 2.874490e-01
2.511886e-04 2.064227e+01 6.014768e+00 2.150071e+01 2.913812e-01
2.570396e-04 2.052821e+01 6.061805e+00 2.140450e+01 2.952915e-01
2.630268e-04 2.041304e+01 6.107115e+00 2.130702e+01 2.991772e-01
2.691535e-04 2.029685e+01 6.150667e+00 2.120832e+01 3.030355e-01
2.754229e-04 2.017974e+01 6.192436e+00 2.110849e+01 3.068640e-01
2.818383e-04 2.006180e+01 6.232402e+00 2.100759e+01 3.106601e-01
2.884032e-04 1.994312e+01 6.270552e+00 2.090569e+01 3.144217e-01
2.951209e-04 1.982381e+01 6.306879e+00 2.080289e+01 3.181467e-01
3.019952e-04 1.970395e+01 6.341382e+00 2.069924e+01 3.218331e-01
3.090295e-04 1.958364e+01 6.374068e+00 2.059484e+01 3.254793e-01
3.162278e-04 1.946297e+01 6.404946e+00 2.048977e+01 3.290836e-01
3.235937e-04 1.934205e+01 6.434037e+00 2.038411e+01 3.326450e-01
3.311311e-04 1.922096e+01 6.461364e+00 2.027793e+01 3.361624e-01
3.388442e-04 1.909979e+01 6.486957e+00 2.017133e+01 3.396350e-01
3.467369e-04 1.897863e+01 6.510853e+00 2.006439e+01 3.430623e-01
3.548134e-04 1.885756e+01 6.533094e+00 1.995718e+01 3.464442e-01
3.630781e-04 1.873667e+01 6.553726e+00 1.984979e+01 3.497807e-01
3.715352e-04 1.861603e+01 6.572801e+00 1.974229e+01 3.530722e-01
3.801894e-04 1.849570e+01 6.590377e+00 1.963477e+01 3.563194e-01
3.890451e-04 1.837576e+01 6.606513e+00 1.952728e+01 3.595232e-01
3.981072e-04 1.825628e+01 6.621276e+00 1.941991e+01 3.626848e-01
4.073803e-04 1.813730e+01 6.634732e+00 1.931273e+01 3.658059e-01
4.168694e-04 1.801888e+01 6.646954e+00 1.920578e+01 3.688883e-01
4.265795e-04 1.790106e+01 6.658016e+00 1.909914e+01 3.719341e-01
4.365158e-04 1.778389e+01 6.667992e+00 1.899287e+01 3.749456e-01
4.466836e-04 1.766740e+01 6.676962e+00 1.888700e+01 3.779256e-01
4.570882e-04 1.755161e+01 6.685004e+00 1.878159e+01 3.808770e-01
4.677351e-04 1.743655e+01 6.692196e+00 1.867669e+01 3.838028e-01
4.786301e-04 1.732223e+01 6.698619e+00 1.857232e+01 3.867066e-01
4.897788e-04 1.720866e+01 6.704352e+00 1.846852e+01 3.895918e-01
5.011872e-04 1.709585e+01 6.709474e+00 1.836532e+01 3.924622e-01
5.128614e-04 1.698379e+01 6.714062e+00 1.826274e+01 3.953218e-01
5.248075e-04 1.687248e+01 6.718192e+00 1.816080e+01 3.981746e-01
5.370318e-04 1.676190e+01 6.721938e+00 1.805950e+01 4.010249e-01
5.495409e-04 1.665203e+01 6.725371e+00 1.795886e+01 4.038770e-01
5.623413e-04 1.654285e+01 6.728560e+00 1.785887e+01 4.067353e-01
5.754399e-04 1.643433e+01 6.731570e+00 1.775954e+01 4.096042e-01
5.888437e-04 1.632644e+01 6.734464e+00 1.766085e+01 4.124883e-01
6.025596e-04 1.621914e+01 6.737300e+00 1.756279e+01 4.153921e-01
6.165950e-04 1.611238e+01 6.740133e+00 1.746534e+01 4.183201e-01
6.309573e-04 1.600613e+01 6.743012e+00 1.736849e+01 4.212768e-01
6.456542e-04 1.590034e+01 6.745982e+00 1.727220e+01 4.242666e-01
6.606934e-04 1.579495e+01 6.749086e+00 1.717645e+01 4.272940e-01
6.760830e-04 1.568991e+01 6.752359e+00 1.708120e+01 4.303632e-01
6.918310e-04 1.558516e+01 6.755832e+00 1.698642e+01 4.334785e-01
7.079458e-04 1.548065e+01 6.759531e+00 1.689207e+01 4.366438e-01
7.244360e-04 1.537632e+01 6.763478e+00 1.679810e+01 4.398631e-01
7.413102e-04 1.527211e+01 6.767686e+00 1.670446e+01 4.431401e-01
7.585776e-04 1.516796e+01 6.772167e+00 1.661112e+01 4.464784e-01
7.762471e-04 1.506381e+01 6.776926e+00 1.651802e+01 4.498814e-01
7.943282e-04 1.495959e+01 6.781963e+00 1.642511e+01 4.533523e-01
8.128305e-04 1.485524e+01 6.787272e+00 1.633234e+01 4.568940e-01
8.317638e-04 1.475072e+01 6.792842e+00 1.623966e+01 4.605092e-01
8.511380e-04 1.464596e+01 6.798658e+00 1.614700e+01 4.642004e-01
8.709636e-04 1.454089e+01 6.804699e+00 1.605433e+01 4.679698e-01
8.912509e-04 1.443548e+01 6.810940e+00 1.596158e+01 4.718193e-01
9.120108e-04 1.432967e+01 6.817351e+00 1.586870e+01 4.757508e-01
9.332543e-04 1.422340e+01 6.823898e+00 1.577564e+01 4.797655e-01
9.549926e-04 1.411664e+01 6.830542e+00 1.568234e+01 4.838646e-01
9.772372e-04 1.400933e+01 6.837241e+00 1.558876e+01 4.880489e-01
1.000000e-03 1.390145e+01 6.843948e+00 1.549484e+01 4.923190e-01
1.023293e-03 1.379295e+01 6.850614e+00 1.540053e+01 4.966751e-01
1.047129e-03 1.368380e+01 6.857187e+00 1.530580e+01 5.011171e-01
1.071519e-03 1.357398e+01 6.863611e+00 1.521059e+01 5.056447e-01
1.096478e-03 1.346346e+01 6.869828e+00 1.511487e+01 5.102573e-01
1.122018e-03 1.335222e+01 6.875779e+00 1.501860e+01 5.149538e-01
1.148154e-03 1.324026e+01 6.881401e+00 1.492173e+01 5.197331e-01
1.174898e-03 1.312755e+01 6.886631e+00 1.482425e+01 5.245936e-01
1.202264e-03 1.301411e+01 6.891405e+00 1.472612e+01 5.295334e-01
1.230269e-03 1.289992e+01 6.895660e+00 1.462731e+01 5.345505e-01
1.258925e-03 1.278500e+01 6.899329e+00 1.452780e+01 5.396424e-01
1.288250e-03 1.266936e+01 6.902348e+00 1.442758e+01 5.448065e-01
1.318257e-03 1.255300e+01 6.904653e+00 1.432662e+01 5.500398e-01
1.348963e-03 1.243597e+01 6.906180e+00 1.422493e+01 5.553392e-01
1.380384e-03 1.231827e+01 6.906868e+00 1.412249e+01 5.607012e-01
1.412538e-03 1.219994e+01 6.906657e+00 1.401929e+01 5.661221e-01
1.445440e-03 1.208102e+01 6.905488e+00 1.391535e+01 5.715980e-01
1.479108e-03 1.196154e+01 6.903305e+00 1.381065e+01 5.771250e-01
1.513561e-03 1.184155e+01 6.900056e+00 1.370522e+01 5.826985e-01
1.548817e-03 1.172110e+01 6.895690e+00 1.359907e+01 5.883143e-01
1.584893e-03 1.160023e+01 6.890159e+00 1.349221e+01 5.939675e-01
1.621810e-03 1.147900e+01 6.883421e+00 1.338465e+01 5.996535e-01
1.659587e-03 1.135746e+01 6.875436e+00 1.327643e+01 6.053672e-01
1.698244e-03 1.123568e+01 6.866168e+00 1.316757e+01 6.111037e-01
1.737801e-03 1.111372e+01 6.855585e+00 1.305810e+01 6.168577e-01
1.778279e-03 1.099164e+01 6.843660e+00 1.294804e+01 6.226240e-01
1.819701e-03 1.086951e+01 6.830368e+00 1.283745e+01 6.283973e-01
1.862087e-03 1.074738e+01 6.815691e+00 1.272634e+01 6.341722e-01
1.905461e-03 1.062534e+01 6.799614e+00 1.261478e+01 6.399434e-01
1.949845e-03 1.050344e+01 6.782127e+00 1.250278e+01 6.457053e-01
1.995262e-03 1.038176e+01 6.763224e+00 1.239040e+01 6.514527e-01
2.041738e-03 1.026036e+01 6.742903e+00 1.227769e+01 6.571800e-01
2.089296e-03 1.013931e+01 6.721166e+00 1.216469e+01 6.628819e-01
2.137962e-03 1.001868e+01 6.698020e+00 1.205145e+01 6.685531e-01
2.187762e-03 9.898531e+00 6.673474e+00 1.193801e+01 6.741884e-01
2.238721e-03 9.778929e+00 6.647544e+00 1.182444e+01 6.797824e-01
2.290868e-03 9.659937e+00 6.620247e+00 1.171077e+01 6.853303e-01
2.344229e-03 9.541614e+00 6.591604e+00 1.159705e+01 6.908269e-01
2.398833e-03 9.424022e+00 6.561639e+00 1.148335e+01 6.962674e-01
2.454709e-03 9.307215e+00 6.530380e+00 1.136970e+01 7.016470e-01
2.511886e-03 9.191248e+00 6.497856e+00 1.125616e+01 7.069612e-01
2.570396e-03 9.076173e+00 6.464100e+00 1.114278e+01 7.122054e-01
2.630268e-03 8.962040e+00 6.429147e+00 1.102960e+01 7.173754e-01
2.691535e-03 8.848896e+00 6.393034e+00 1.091668e+01 7.224669e-01
2.754229e-03 8.736783e+00 6.355800e+00 1.080405e+01 7.274760e-01
2.818383e-03 8.625744e+00 6.317484e+00 1.069178e+01 7.323988e-01
2.884032e-03 8.515816e+00 6.278129e+00 1.057989e+01 7.372316e-01
2.951209e-03 8.407036e+00 6.237777e+00 1.046843e+01 7.419710e-01
3.019952e-03 8.299435e+00 6.196471e+00 1.035746e+01 7.466136e-01
3.090295e-03 8.193045e+00 6.154258e+00 1.024699e+01 7.511563e-01
3.162278e-03 8.087893e+00 6.111180e+00 1.013709e+01 7.555961e-01
3.235937e-03 7.984002e+00 6.067284e+00 1.002777e+01 7.599302e-01
3.311311e-03 7.881396e+00 6.022616e+00 9.919088e+00 7.641560e-01
3.388442e-03 7.780094e+00 5.977221e+00 9.811066e+00 7.682710e-01
3.467369e-03 7.680112e+00 5.931144e+00 9.703741e+00 7.722730e-01
3.548134e-03 7.581467e+00 5.884431e+00 9.597143e+00 7.761599e-01
3.630781e-03 7.484169e+00 5.837126e+00 9.491303e+00 7.799298e-01
3.715352e-03 7.388231e+00 5.789276e+00 9.386249e+00 7.835808e-01
3.801894e-03 7.293659e+00 5.740922e+00 9.282007e+00 7.871114e-01
3.890451e-03 7.200460e+00 5.692109e+00 9.178602e+00 7.905202e-01
3.981072e-03 7.108640e+00 5.642880e+00 9.076059e+00 7.938059e-01
4.073803e-03 7.018199e+00 5.593276e+00 8.974400e+00 7.969674e-01
4.168694e-03 6.929141e+00 5.543339e+00 8.873646e+00 8.000038e-01
4.265795e-03 6.841463e+00 5.493108e+00 8.773816e+00 8.029143e-01
4.365158e-03 6.755164e+00 5.442624e+00 8.674929e+00 8.056983e-01
4.466836e-03 6.670240e+00 5.391924e+00 8.577002e+00 8.083553e-01
4.570882e-03 6.586688e+00 5.341047e+00 8.480050e+00 8.108851e-01
4.677351e-03 6.504501e+00 5.290029e+00 8.384088e+00 8.132875e-01
4.786301e-03 6.423671e+00 5.238905e+00 8.289130e+00 8.155625e-01
4.897788e-03 6.344192e+00 5.187711e+00 8.195189e+00 8.177103e-01
5.011872e-03 6.266054e+00 5.136480e+00 8.102275e+00 8.197313e-01
5.128614e-03 6.189246e+00 5.085245e+00 8.010398e+00 8.216260e-01
5.248075e-03 6.113758e+00 5.034038e+00 7.919570e+00 8.233950e-01
5.370318e-03 6.039579e+00 4.982890e+00 7.829796e+00 8.250392e-01
5.495409e-03 5.966697e+00 4.931831e+00 7.741087e+00 8.265597e-01
5.623413e-03 5.895097e+00 4.880890e+00 7.653447e+00 8.279576e-01
5.754399e-03 5.824766e+00 4.830095e+00 7.566883e+00 8.292342e-01
5.888437e-03 5.755690e+00 4.779475e+00 7.481400e+00 8.303912e-01
6.025596e-03 5.687855e+00 4.729055e+00 7.397003e+00 8.314302e-01
6.165950e-03 5.621244e+00 4.678861e+00 7.313694e+00 8.323532e-01
6.309573e-03 5.555842e+00 4.628918e+00 7.231477e+00 8.331623e-01
6.456542e-03 5.491632e+00 4.579251e+00 7.150353e+00 8.338597e-01
6.606934e-03 5.428597e+00 4.529882e+00 7.070325e+00 8.344480e-01
6.760830e-03 5.366720e+00 4.480835e+00 6.991392e+00 8.349298e-01
6.918310e-03 5.305984e+00 4.432131e+00 6.913556e+00 8.353081e-01
7.079458e-03 5.246369e+00 4.383792e+00 6.836814e+00 8.355859e-01
7.244360e-03 5.187858e+00 4.335838e+00 6.761166e+00 8.357665e-01
7.413102e-03 5.130431e+00 4.288289e+00 6.686609e+00 8.358536e-01
7.585776e-03 5.074069e+00 4.241164e+00 6.613141e+00 8.358507e-01
7.762471e-03 5.018751e+00 4.194481e+00 6.540759e+00 8.357618e-01
7.943282e-03 4.964459e+00 4.148258e+00 6.469459e+00 8.355911e-01
8.128305e-03 4.911171e+00 4.102512e+00 6.399235e+00 8.353430e-01
8.317638e-03 4.858867e+00 4.057260e+00 6.330082e+00 8.350219e-01
8.511380e-03 4.807524e+00 4.012517e+00 6.261995e+00 8.346328e-01
8.709636e-03 4.757121e+00 3.968298e+00 6.194965e+00 8.341806e-01
8.912509e-03 4.707637e+00 3.924618e+00 6.128986e+00 8.336704e-01
9.120108e-03 4.659048e+00 3.881489e+00 6.064049e+00 8.331077e-01
9.332543e-03 4.611332e+00 3.838925e+00 6.000145e+00 8.324980e-01
9.549926e-03 4.564466e+00 3.796938e+00 5.937263e+00 8.318471e-01
9.772372e-03 4.518427e+00 3.755539e+00 5.875394e+00 8.311608e-01
1.000000e-02 4.473189e+00 3.714738e+00 5.814525e+00 8.304452e-01
1.023293e-02 4.428730e+00 3.674546e+00 5.754645e+00 8.297065e-01
1.047129e-02 4.385024e+00 3.634971e+00 5.695740e+00 8.289511e-01
1.071519e-02 4.342048e+00 3.596020e+00 5.637796e+00 8.281853e-01
1.096478e-02 4.299775e+00 3.557702e+00 5.580799e+00 8.274159e-01
1.122018e-02 4.258182e+00 3.520023e+00 5.524733e+00 8.266493e-01
1.148154e-02 4.217241e+00 3.482987e+00 5.469581e+00 8.258923e-01
1.174898e-02 4.176928e+00 3.446599e+00 5.415328e+00 8.251516e-01
1.202264e-02 4.137217e+00 3.410863e+00 5.361954e+00 8.244341e-01
1.230269e-02 4.098082e+00 3.375781e+00 5.309442e+00 8.237464e-01
1.258925e-02 4.059497e+00 3.341354e+00 5.257771e+00 8.230954e-01
1.288250e-02 4.021436e+00 3.307582e+00 5.206923e+00 8.224878e-01
1.318257e-02 3.983873e+00 3.274466e+00 5.156876e+00 8.219303e-01
1.348963e-02 3.946782e+00 3.242003e+00 5.107609e+00 8.214295e-01
1.380384e-02 3.910137e+00 3.210190e+00 5.059100e+00 8.209918e-01
1.412538e-02 3.873913e+00 3.179025e+00 5.011327e+00 8.206237e-01
1.445440e-02 3.838083e+00 3.148501e+00 4.964266e+00 8.203315e-01
1.479108e-02 3.802624e+00 3.118612e+00 4.917895e+00 8.201211e-01
1.513561e-02 3.767510e+00 3.089353e+00 4.872189e+00 8.199986e-01
1.548817e-02 3.732716e+00 3.060713e+00 4.827125e+00 8.199696e-01
1.584893e-02 3.698218e+00 3.032686e+00 4.782677e+00 8.200396e-01
1.621810e-02 3.663994e+00 3.005259e+00 4.738822e+00 8.202139e-01
1.659587e-02 3.630019e+00 2.978422e+00 4.695534e+00 8.204974e-01
1.698244e-02 3.596272e+00 2.952162e+00 4.652788e+00 8.208950e-01
1.737801e-02 3.562731e+00 2.926466e+00 4.610559e+00 8.214109e-01
1.778279e-02 3.529375e+00 2.901320e+00 4.568823e+00 8.220494e-01
1.819701e-02 3.496183e+00 2.876709e+00 4.527555e+00 8.228142e-01
1.862087e-02 3.463137e+00 2.852617e+00 4.486729e+00 8.237089e-01
1.905461e-02 3.430218e+00 2.829026e+00 4.446322e+00 8.247365e-01
1.949845e-02 3.397408e+00 2.805919e+00 4.406309e+00 8.258999e-01
1.995262e-02 3.364691e+00 2.783277e+00 4.366667e+00 8.272015e-01
2.041738e-02 3.332052e+00 2.761082e+00 4.327372e+00 8.286433e-01
2.089296e-02 3.299476e+00 2.739314e+00 4.288401e+00 8.302270e-01
2.137962e-02 3.266950e+00 2.717952e+00 4.249732e+00 8.319538e-01
2.187762e-02 3.234463e+00 2.696975e+00 4.211345e+00 8.338247e-01
2.238721e-02 3.202003e+00 2.676362e+00 4.173217e+00 8.358401e-01
2.290868e-02 3.169561e+00 2.656092e+00 4.135329e+00 8.380001e-01
2.344229e-02 3.137129e+00 2.636143e+00 4.097661e+00 8.403044e-01
2.398833e-02 3.104699e+00 2.616492e+00 4.060195e+00 8.427521e-01
2.454709e-02 3.072267e+00 2.597117e+00 4.022915e+00 8.453423e-01
2.511886e-02 3.039828e+00 2.577997e+00 3.985802e+00 8.480733e-01
2.570396e-02 3.007378e+00 2.559108e+00 3.948842e+00 8.509432e-01
2.630268e-02 2.974917e+00 2.540429e+00 3.912021e+00 8.539496e-01
2.691535e-02 2.942443e+00 2.521938e+00 3.875325e+00 8.570897e-01
2.754229e-02 2.909958e+00 2.503613e+00 3.838741e+00 8.603604e-01
2.818383e-02 2.877464e+00 2.485433e+00 3.802259e+00 8.637581e-01
2.884032e-02 2.844964e+00 2.467377e+00 3.765869e+00 8.672788e-01
2.951209e-02 2.812463e+00 2.449425e+00 3.729562e+00 8.709184e-01
3.019952e-02 2.779966e+00 2.431558e+00 3.693330e+00 8.746720e-01
3.090295e-02 2.747480e+00 2.413757e+00 3.657167e+00 8.785347e-01
3.162278e-02 2.715014e+00 2.396003e+00 3.621068e+00 8.825011e-01
3.235937e-02 2.682576e+00 2.378279e+00 3.585028e+00 8.865654e-01
3.311311e-02 2.650176e+00 2.360569e+00 3.549045e+00 8.907217e-01
3.388442e-02 2.617825e+00 2.342858e+00 3.513117e+00 8.949635e-01
3.467369e-02 2.585534e+00 2.325131e+00 3.477243e+00 8.992844e-01
3.548134e-02 2.553316e+00 2.307374e+00 3.441424e+00 9.036773e-01
3.630781e-02 2.521183e+00 2.289575e+00 3.405660e+00 9.081353e-01
3.715352e-02 2.489149e+00 2.271724e+00 3.369954e+00 9.126508e-01
3.801894e-02 2.457228e+00 2.253810e+00 3.334310e+00 9.172165e-01
3.890451e-02 2.425433e+00 2.235824e+00 3.298732e+00 9.218244e-01
3.981072e-02 2.393781e+00 2.217758e+00 3.263225e+00 9.264667e-01
4.073803e-02 2.362285e+00 2.199607e+00 3.227796e+00 9.311354e-01
4.168694e-02 2.330961e+00 2.181365e+00 3.192449e+00 9.358223e-01
4.265795e-02 2.299823e+00 2.163028e+00 3.157194e+00 9.405193e-01
4.365158e-02 2.268887e+00 2.144593e+00 3.122039e+00 9.452179e-01
4.466836e-02 2.238167e+00 2.126058e+00 3.086991e+00 9.499100e-01
4.570882e-02 2.207679e+00 2.107422e+00 3.052061e+00 9.545872e-01
4.677351e-02 2.177436e+00 2.088687e+00 3.017257e+00 9.592414e-01
4.786301e-02 2.147453e+00 2.069853e+00 2.982590e+00 9.638642e-01
4.897788e-02 2.117743e+00 2.050923e+00 2.948071e+00 9.684478e-01
5.011872e-02 2.088319e+00 2.031901e+00 2.913709e+00 9.729840e-01
5.128614e-02 2.059195e+00 2.012791e+00 2.879516e+00 9.774653e-01
5.248075e-02 2.030382e+00 1.993599e+00 2.845503e+00 9.818839e-01
5.370318e-02 2.001891e+00 1.974330e+00 2.811680e+00 9.862326e-01
5.495409e-02 1.973734e+00 1.954992e+00 2.778060e+00 9.905042e-01
5.623413e-02 1.945920e+00 1.935591e+00 2.744652e+00 9.946920e-01
5.754399e-02 1.918459e+00 1.916137e+00 2.711469e+00 9.987896e-01
5.888437e-02 1.891359e+00 1.896637e+00 2.678520e+00 1.002791e+00
6.025596e-02 1.864627e+00 1.877101e+00 2.645816e+00 1.006690e+00
6.165950e-02 1.838272e+00 1.857539e+00 2.613369e+00 1.010481e+00
6.309573e-02 1.812298e+00 1.837961e+00 2.581187e+00 1.014160e+00
6.456542e-02 1.786712e+00 1.818377e+00 2.549281e+00 1.017723e+00
6.606934e-02 1.761517e+00 1.798797e+00 2.517660e+00 1.021164e+00
6.760830e-02 1.736716e+00 1.779233e+00 2.486333e+00 1.024481e+00
6.918310e-02 1.712314e+00 1.759694e+00 2.455309e+00 1.027670e+00
7.079458e-02 1.688311e+00 1.740193e+00 2.424596e+00 1.030730e+00
7.244360e-02 1.664709e+00 1.720739e+00 2.394201e+00 1.033657e+00
7.413102e-02 1.641509e+00 1.701343e+00 2.364132e+00 1.036451e+00
7.585776e-02 1.618709e+00 1.682017e+00 2.334395e+00 1.039110e+00
7.762471e-02 1.596309e+00 1.662771e+00 2.304997e+00 1.041635e+00
7.943282e-02 1.574307e+00 1.643615e+00 2.275942e+00 1.044024e+00
8.128305e-02 1.552701e+00 1.624559e+00 2.247237e+00 1.046279e+00
8.317638e-02 1.531487e+00 1.605613e+00 2.218884e+00 1.048401e+00
8.511380e-02 1.510662e+00 1.586787e+00 2.190889e+00 1.050392e+00
8.709636e-02 1.490222e+00 1.568090e+00 2.163254e+00 1.052253e+00
8.912509e-02 1.470162e+00 1.549531e+00 2.135982e+00 1.053987e+00
9.120108e-02 1.450476e+00 1.531118e+00 2.109076e+00 1.055597e+00
9.332543e-02 1.431159e+00 1.512859e+00 2.082536e+00 1.057087e+00
9.549926e-02 1.412204e+00 1.494762e+00 2.056365e+00 1.058460e+00
9.772372e-02 1.393607e+00 1.476834e+00 2.030561e+00 1.059721e+00
1.000000e-01 1.375358e+00 1.459083e+00 2.005127e+00 1.060875e+00
1.023293e-01 1.357452e+00 1.441513e+00 1.980060e+00 1.061926e+00
1.047129e-01 1.339881e+00 1.424132e+00 1.955360e+00 1.062880e+00
1.071519e-01 1.322637e+00 1.406944e+00 1.931026e+00 1.063742e+00
1.096478e-01 1.305712e+00 1.389955e+00 1.907055e+00 1.064518e+00
1.122018e-01 1.289099e+00 1.373168e+00 1.883446e+00 1.065215e+00
1.148154e-01 1.272790e+00 1.356588e+00 1.860195e+00 1.065839e+00
1.174898e-01 1.256775e+00 1.340219e+00 1.837300e+00 1.066395e+00
1.202264e-01 1.241047e+00 1.324063e+00 1.814756e+00 1.066891e+00
1.230269e-01 1.225598e+00 1.308122e+00 1.792561e+00 1.067334e+00
1.258925e-01 1.210419e+00 1.292400e+00 1.770710e+00 1.067730e+00
1.288250e-01 1.195501e+00 1.276898e+00 1.749198e+00 1.068086e+00
1.318257e-01 1.180837e+00 1.261617e+00 1.728021e+00 1.068409e+00
1.348963e-01 1.166418e+00 1.246559e+00 1.707173e+00 1.068707e+00
1.380384e-01 1.152236e+00 1.231723e+00 1.686650e+00 1.068985e+00
1.412538e-01 1.138283e+00 1.217110e+00 1.666447e+00 1.069251e+00
1.445440e-01 1.124551e+00 1.202720e+00 1.646557e+00 1.069512e+00
1.479108e-01 1.111031e+00 1.188552e+00 1.626975e+00 1.069773e+00
1.513561e-01 1.097718e+00 1.174605e+00 1.607695e+00 1.070043e+00
1.548817e-01 1.084602e+00 1.160879e+00 1.588710e+00 1.070328e+00
1.584893e-01 1.071676e+00 1.147372e+00 1.570016e+00 1.070633e+00
1.621810e-01 1.058934e+00 1.134081e+00 1.551606e+00 1.070966e+00
1.659587e-01 1.046368e+00 1.121006e+00 1.533473e+00 1.071331e+00
1.698244e-01 1.033971e+00 1.108144e+00 1.515612e+00 1.071736e+00
1.737801e-01 1.021738e+00 1.095492e+00 1.498016e+00 1.072186e+00
1.778279e-01 1.009661e+00 1.083049e+00 1.480679e+00 1.072686e+00
1.819701e-01 9.977342e-01 1.070810e+00 1.463594e+00 1.073242e+00
1.862087e-01 9.859523e-01 1.058773e+00 1.446756e+00 1.073858e+00
1.905461e-01 9.743092e-01 1.046935e+00 1.430158e+00 1.074541e+00
1.949845e-01 9.627995e-01 1.035293e+00 1.413794e+00 1.075295e+00
1.995262e-01 9.514180e-01 1.023843e+00 1.397659e+00 1.076123e+00
2.041738e-01 9.401597e-01 1.012582e+00 1.381746e+00 1.077032e+00
2.089296e-01 9.290199e-01 1.001506e+00 1.366050e+00 1.078024e+00
2.137962e-01 9.179940e-01 9.906106e-01 1.350564e+00 1.079104e+00
2.187762e-01 9.070777e-01 9.798932e-01 1.335283e+00 1.080275e+00
2.238721e-01 8.962670e-01 9.693495e-01 1.320202e+00 1.081541e+00
2.290868e-01 8.855579e-01 9.589757e-01 1.305315e+00 1.082906e+00
2.344229e-01 8.749469e-01 9.487678e-01 1.290617e+00 1.084372e+00
2.398833e-01 8.644306e-01 9.387220e-01 1.276103e+00 1.085943e+00
2.454709e-01 8.540057e-01 9.288342e-01 1.261768e+00 1.087621e+00
2.511886e-01 8.436693e-01 9.191006e-01 1.247607e+00 1.089409e+00
2.570396e-01 8.334184e-01 9.095172e-01 1.233616e+00 1.091309e+00
2.630268e-01 8.232507e-01 9.000802e-01 1.219789e+00 1.093325e+00
2.691535e-01 8.131635e-01 8.907857e-01 1.206124e+00 1.095457e+00
2.754229e-01 8.031547e-01 8.816298e-01 1.192614e+00 1.097709e+00
2.818383e-01 7.932222e-01 8.726087e-01 1.179257e+00 1.100081e+00
2.884032e-01 7.833641e-01 8.637188e-01 1.166049e+00 1.102576e+00
2.951209e-01 7.735787e-01 8.549564e-01 1.152985e+00 1.105196e+00
3.019952e-01 7.638644e-01 8.463179e-01 1.140063e+00 1.107943e+00
3.090295e-01 7.542197e-01 8.377997e-01 1.127278e+00 1.110817e+00
3.162278e-01 7.446433e-01 8.293984e-01 1.114628e+00 1.113820e+00
3.235937e-01 7.351342e-01 8.211106e-01 1.102109e+00 1.116953e+00
3.311311e-01 7.256911e-01 8.129331e-01 1.089719e+00 1.120219e+00
3.388442e-01 7.163132e-01 8.048626e-01 1.077455e+00 1.123618e+00
3.467369e-01 7.069996e-01 7.968960e-01 1.065313e+00 1.127152e+00
3.548134e-01 6.977497e-01 7.890304e-01 1.053292e+00 1.130822e+00
3.630781e-01 6.885626e-01 7.812628e-01 1.041389e+00 1.134629e+00
3.715352e-01 6.794380e-01 7.735904e-01 1.029601e+00 1.138574e+00
3.801894e-01 6.703752e-01 7.660104e-01 1.017927e+00 1.142659e+00
3.890451e-01 6.613739e-01 7.585203e-01 1.006364e+00 1.146886e+00
3.981072e-01 6.524337e-01 7.511175e-01 9.949106e-01 1.151255e+00
4.073803e-01 6.435542e-01 7.437995e-01 9.835648e-01 1.155768e+00
4.168694e-01 6.347352e-01 7.365640e-01 9.723247e-01 1.160427e+00
4.265795e-01 6.259765e-01 7.294088e-01 9.611887e-01 1.165233e+00
4.365158e-01 6.172778e-01 7.223316e-01 9.501552e-01 1.170189e+00
4.466836e-01 6.086390e-01 7.153304e-01 9.392226e-01 1.175295e+00
4.570882e-01 6.000600e-01 7.084033e-01 9.283895e-01 1.180554e+00
4.677351e-01 5.915404e-01 7.015481e-01 9.176546e-01 1.185968e+00
4.786301e-01 5.830804e-01 6.947632e-01 9.070164e-01 1.191539e+00
4.897788e-01 5.746797e-01 6.880467e-01 8.964737e-01 1.197270e+00
5.011872e-01 5.663382e-01 6.813970e-01 8.860253e-01 1.203163e+00
5.128614e-01 5.580558e-01 6.748123e-01 8.756700e-01 1.209220e+00
5.248075e-01 5.498324e-01 6.682911e-01 8.654066e-01 1.215445e+00
5.370318e-01 5.416679e-01 6.618318e-01 8.552342e-01 1.221841e+00
5.495409e-01 5.335622e-01 6.554331e-01 8.451515e-01 1.228410e+00
5.623413e-01 5.255150e-01 6.490933e-01 8.351576e-01 1.235157e+00
5.754399e-01 5.175264e-01 6.428112e-01 8.252513e-01 1.242084e+00
5.888437e-01 5.095960e-01 6.365854e-01 8.154318e-01 1.249196e+00
6.025596e-01 5.017239e-01 6.304145e-01 8.056981e-01 1.256497e+00
6.165950e-01 4.939098e-01 6.242973e-01 7.960490e-01 1.263991e+00
6.309573e-01 4.861535e-01 6.182326e-01 7.864838e-01 1.271682e+00
6.456542e-01 4.784549e-01 6.122189e-01 7.770014e-01 1.279575e+00
6.606934e-01 4.708138e-01 6.062553e-01 7.676008e-01 1.287675e+00
6.760830e-01 4.632299e-01 6.003403e-01 7.582813e-01 1.295988e+00
6.918310e-01 4.557031e-01 5.944730e-01 7.490417e-01 1.304518e+00
7.079458e-01 4.482332e-01 5.886520e-01 7.398812e-01 1.313272e+00
7.244360e-01 4.408200e-01 5.828762e-01 7.307989e-01 1.322254e+00
7.413102e-01 4.334633e-01 5.771445e-01 7.217937e-01 1.331473e+00
7.585776e-01 4.261629e-01 5.714557e-01 7.128649e-01 1.340933e+00
7.762471e-01 4.189185e-01 5.658086e-01 7.040115e-01 1.350641e+00
7.943282e-01 4.117301e-01 5.602022e-01 6.952325e-01 1.360605e+00
8.128305e-01 4.045974e-01 5.546353e-01 6.865270e-01 1.370832e+00
8.317638e-01 3.975203e-01 5.491067e-01 6.778942e-01 1.381330e+00
8.511380e-01 3.904986e-01 5.436153e-01 6.693330e-01 1.392106e+00
8.709636e-01 3.835321e-01 5.381599e-01 6.608426e-01 1.403168e+00
8.912509e-01 3.766209e-01 5.327395e-01 6.524222e-01 1.414525e+00
9.120108e-01 3.697647e-01 5.273529e-01 6.440707e-01 1.426185e+00
9.332543e-01 3.629635e-01 5.219990e-01 6.357873e-01 1.438158e+00
9.549926e-01 3.562173e-01 5.166766e-01 6.275711e-01 1.450453e+00
9.772372e-01 3.495260e-01 5.113846e-01 6.194213e-01 1.463080e+00
1.000000e+00 3.428897e-01 5.061219e-01 6.113369e-01 1.476049e+00
1.023293e+00 3.363084e-01 5.008874e-01 6.033171e-01 1.489370e+00
1.047129e+00 3.297821e-01 4.956800e-01 5.953611e-01 1.503053e+00
1.071519e+00 3.233110e-01 4.904985e-01 5.874681e-01 1.517110e+00
1.096478e+00 3.168953e-01 4.853419e-01 5.796372e-01 1.531553e+00
1.122018e+00 3.105350e-01 4.802090e-01 5.718677e-01 1.546392e+00
1.148154e+00 3.042305e-01 4.750989e-01 5.641589e-01 1.561641e+00
1.174898e+00 2.979821e-01 4.700105e-01 5.565098e-01 1.577311e+00
1.202264e+00 2.917899e-01 4.649427e-01 5.489200e-01 1.593416e+00
1.230269e+00 2.856545e-01 4.598946e-01 5.413886e-01 1.609968e+00
1.258925e+00 2.795761e-01 4.548652e-01 5.339149e-01 1.626982e+00
1.288250e+00 2.735552e-01 4.498536e-01 5.264985e-01 1.644471e+00
1.318257e+00 2.675924e-01 4.448587e-01 5.191387e-01 1.662449e+00
1.348963e+00 2.616881e-01 4.398798e-01 5.118348e-01 1.680932e+00
1.380384e+00 2.558429e-01 4.349160e-01 5.045865e-01 1.699934e+00
1.412538e+00 2.500574e-01 4.299666e-01 4.973932e-01 1.719471e+00
1.445440e+00 2.443324e-01 4.250307e-01 4.902544e-01 1.739559e+00
1.479108e+00 2.386684e-01 4.201077e-01 4.831698e-01 1.760215e+00
1.513561e+00 2.330662e-01 4.151969e-01 4.761390e-01 1.781455e+00
1.548817e+00 2.275266e-01 4.102979e-01 4.691617e-01 1.803296e+00
1.584893e+00 2.220504e-01 4.054099e-01 4.622376e-01 1.825756e+00
1.621810e+00 2.166384e-01 4.005326e-01 4.553664e-01 1.848853e+00
1.659587e+00 2.112915e-01 3.956657e-01 4.485481e-01 1.872605e+00
1.698244e+00 2.060106e-01 3.908087e-01 4.417825e-01 1.897032e+00
1.737801e+00 2.007965e-01 3.859614e-01 4.350694e-01 1.922152e+00
1.778279e+00 1.956502e-01 3.811237e-01 4.284090e-01 1.947985e+00
1.819701e+00 1.905726e-01 3.762954e-01 4.218011e-01 1.974551e+00
1.862087e+00 1.855646e-01 3.714766e-01 4.152458e-01 2.001872e+00
1.905461e+00 1.806272e-01 3.666672e-01 4.087433e-01 2.029967e+00
1.949845e+00 1.757613e-01 3.618676e-01 4.022936e-01 2.058859e+00
1.995262e+00 1.709677e-01 3.570778e-01 3.958971e-01 2.088569e+00
2.041738e+00 1.662475e-01 3.522982e-01 3.895539e-01 2.119119e+00
2.089296e+00 1.616014e-01 3.475292e-01 3.832643e-01 2.150533e+00
2.137962e+00 1.570303e-01 3.427712e-01 3.770286e-01 2.182834e+00
2.187762e+00 1.525351e-01 3.380247e-01 3.708473e-01 2.216045e+00
2.238721e+00 1.481166e-01 3.332905e-01 3.647206e-01 2.250191e+00
2.290868e+00 1.437753e-01 3.285692e-01 3.586490e-01 2.285296e+00
2.344229e+00 1.395122e-01 3.238616e-01 3.526329e-01 2.321386e+00
2.398833e+00 1.353277e-01 3.191684e-01 3.466729e-01 2.358486e+00
2.454709e+00 1.312225e-01 3.144907e-01 3.407693e-01 2.396622e+00
2.511886e+00 1.271970e-01 3.098293e-01 3.349228e-01 2.435822e+00
2.570396e+00 1.232518e-01 3.051853e-01 3.291339e-01 2.476112e+00
2.630268e+00 1.193873e-01 3.005598e-01 3.234030e-01 2.517519e+00
2.691535e+00 1.156037e-01 2.959538e-01 3.177308e-01 2.560073e+00
2.754229e+00 1.119012e-01 2.913685e-01 3.121178e-01 2.603801e+00
2.818383e+00 1.082801e-01 2.868052e-01 3.065645e-01 2.648734e+00
2.884032e+00 1.047404e-01 2.822649e-01 3.010715e-01 2.694901e+00
2.951209e+00 1.012821e-01 2.777491e-01 2.956393e-01 2.742332e+00
3.019952e+00 9.790509e-02 2.732589e-01 2.902685e-01 2.791059e+00
3.090295e+00 9.460927e-02 2.687956e-01 2.849596e-01 2.841113e+00
3.162278e+00 9.139435e-02 2.643605e-01 2.797131e-01 2.892526e+00
3.235937e+00 8.826002e-02 2.599550e-01 2.745294e-01 2.945331e+00
3.311311e+00 8.520585e-02 2.555802e-01 2.694091e-01 2.999562e+00
3.388442e+00 8.223135e-02 2.512375e-01 2.643526e-01 3.055252e+00
3.467369e+00 7.933595e-02 2.469281e-01 2.593601e-01 3.112436e+00
3.548134e+00 7.651901e-02 2.426533e-01 2.544323e-01 3.171151e+00
3.630781e+00 7.377979e-02 2.384143e-01 2.495693e-01 3.231431e+00
3.715352e+00 7.111752e-02 2.342123e-01 2.447715e-01 3.293314e+00
3.801894e+00 6.853132e-02 2.300484e-01 2.400392e-01 3.356836e+00
3.890451e+00 6.602026e-02 2.259238e-01 2.353726e-01 3.422037e+00
3.981072e+00 6.358336e-02 2.218395e-01 2.307718e-01 3.488956e+00
4.073803e+00 6.121957e-02 2.177967e-01 2.262371e-01 3.557632e+00
4.168694e+00 5.892778e-02 2.137962e-01 2.217686e-01 3.628105e+00
4.265795e+00 5.670685e-02 2.098390e-01 2.173663e-01 3.700418e+00
4.365158e+00 5.455556e-02 2.059261e-01 2.130302e-01 3.774612e+00
4.466836e+00 5.247269e-02 2.020582e-01 2.087604e-01 3.850731e+00
4.570882e+00 5.045695e-02 1.982362e-01 2.045568e-01 3.928819e+00
4.677351e+00 4.850701e-02 1.944607e-01 2.004193e-01 4.008920e+00
4.786301e+00 4.662155e-02 1.907325e-01 1.963478e-01 4.091080e+00
4.897788e+00 4.479918e-02 1.870521e-01 1.923420e-01 4.175346e+00
5.011872e+00 4.303852e-02 1.834201e-01 1.884019e-01 4.261767e+00
5.128614e+00 4.133814e-02 1.798371e-01 1.845270e-01 4.350391e+00
5.248075e+00 3.969663e-02 1.763033e-01 1.807172e-01 4.441267e+00
5.370318e+00 3.811255e-02 1.728193e-01 1.769720e-01 4.534447e+00
5.495409e+00 3.658445e-02 1.693854e-01 1.732912e-01 4.629983e+00
5.623413e+00 3.511089e-02 1.660018e-01 1.696743e-01 4.727928e+00
5.754399e+00 3.369042e-02 1.626687e-01 1.661209e-01 4.828336e+00
5.888437e+00 3.232159e-02 1.593863e-01 1.626305e-01 4.931263e+00
6.025596e+00 3.100296e-02 1.561546e-01 1.592026e-01 5.036766e+00
6.165950e+00 2.973309e-02 1.529739e-01 1.558367e-01 5.144903e+00
6.309573e+00 2.851058e-02 1.498440e-01 1.525322e-01 5.255733e+00
6.456542e+00 2.733400e-02 1.467649e-01 1.492886e-01 5.369317e+00
6.606934e+00 2.620197e-02 1.437366e-01 1.461053e-01 5.485717e+00
6.760830e+00 2.511311e-02 1.407589e-01 1.429816e-01 5.604996e+00
6.918310e+00 2.406606e-02 1.378316e-01 1.399169e-01 5.727219e+00
7.079458e+00 2.305949e-02 1.349546e-01 1.369105e-01 5.852453e+00
7.244360e+00 2.209207e-02 1.321275e-01 1.339617e-01 5.980766e+00
7.413102e+00 2.116252e-02 1.293501e-01 1.310699e-01 6.112226e+00
7.585776e+00 2.026958e-02 1.266221e-01 1.282342e-01 6.246906e+00
7.762471e+00 1.941199e-02 1.239432e-01 1.254541e-01 6.384877e+00
7.943282e+00 1.858855e-02 1.213129e-01 1.227287e-01 6.526214e+00
8.128305e+00 1.779807e-02 1.187308e-01 1.200574e-01 6.670994e+00
8.317638e+00 1.703938e-02 1.161965e-01 1.174392e-01 6.819293e+00
8.511380e+00 1.631136e-02 1.137096e-01 1.148736e-01 6.971192e+00
8.709636e+00 1.561290e-02 1.112696e-01 1.123596e-01 7.126772e+00
8.912509e+00 1.494293e-02 1.088760e-01 1.098966e-01 7.286117e+00
9.120108e+00 1.430040e-02 1.065282e-01 1.074837e-01 7.449312e+00
9.332543e+00 1.368430e-02 1.042257e-01 1.051202e-01 7.616444e+00
9.549926e+00 1.309363e-02 1.019680e-01 1.028052e-01 7.787602e+00
9.772372e+00 1.252745e-02 9.975453e-02 1.005381e-01 7.962879e+00
1.000000e+01 1.198481e-02 9.758468e-02 9.831788e-02 8.142367e+00
