1.000000e-06 4.474390e+01 4.223778e-01 4.474589e+01 9.439896e-03
1.023293e-06 4.474358e+01 4.322106e-01 4.474567e+01 9.659722e-03
1.047129e-06 4.474325e+01 4.422720e-01 4.474543e+01 9.884665e-03
1.071519e-06 4.474290e+01 4.525674e-01 4.474519e+01 1.011484e-02
1.096478e-06 4.474253e+01 4.631021e-01 4.474493e+01 1.035038e-02
1.122018e-06 4.474215e+01 4.738817e-01 4.474466e+01 1.059139e-02
1.148154e-06 4.474175e+01 4.849119e-01 4.474438e+01 1.083802e-02
1.174898e-06 4.474133e+01 4.961985e-01 4.474408e+01 1.109038e-02
1.202264e-06 4.474089e+01 5.077473e-01 4.474377e+01 1.134862e-02
1.230269e-06 4.474043e+01 5.195645e-01 4.474344e+01 1.161286e-02
1.258925e-06 4.473995e+01 5.316562e-01 4.474310e+01 1.188326e-02
1.288250e-06 4.473944e+01 5.440288e-01 4.474275e+01 1.215994e-02
1.318257e-06 4.473891e+01 5.566889e-01 4.474238e+01 1.244306e-02
1.348963e-06 4.473836e+01 5.696429e-01 4.474198e+01 1.273276e-02
1.380384e-06 4.473778e+01 5.828978e-01 4.474158e+01 1.302921e-02
1.412538e-06 4.473717e+01 5.964605e-01 4.474115e+01 1.333255e-02
1.445440e-06 4.473654e+01 6.103380e-01 4.474070e+01 1.364294e-02
1.479108e-06 4.473587e+01 6.245376e-01 4.474023e+01 1.396055e-02
1.513561e-06 4.473517e+01 6.390667e-01 4.473974e+01 1.428555e-02
1.548817e-06 4.473444e+01 6.539330e-01 4.473922e+01 1.461811e-02
1.584893e-06 4.473368e+01 6.691442e-01 4.473869e+01 1.495840e-02
1.621810e-06 4.473288e+01 6.847082e-01 4.473812e+01 1.530660e-02
1.659587e-06 4.473204e+01 7.006331e-01 4.473753e+01 1.566289e-02
1.698244e-06 4.473117e+01 7.169273e-01 4.473691e+01 1.602747e-02
1.737801e-06 4.473025e+01 7.335991e-01 4.473626e+01 1.640051e-02
1.778279e-06 4.472929e+01 7.506573e-01 4.473559e+01 1.678223e-02
1.819701e-06 4.472828e+01 7.681108e-01 4.473488e+01 1.717282e-02
1.862087e-06 4.472723e+01 7.859685e-01 4.473413e+01 1.757249e-02
1.905461e-06 4.472612e+01 8.042398e-01 4.473335e+01 1.798143e-02
1.949845e-06 4.472497e+01 8.229341e-01 4.473254e+01 1.839988e-02
1.995262e-06 4.472376e+01 8.420611e-01 4.473169e+01 1.882805e-02
2.041738e-06 4.472249e+01 8.616306e-01 4.473079e+01 1.926616e-02
2.089296e-06 4.472117e+01 8.816527e-01 4.472986e+01 1.971444e-02
2.137962e-06 4.471978e+01 9.021379e-01 4.472888e+01 2.017313e-02
2.187762e-06 4.471832e+01 9.230965e-01 4.472785e+01 2.064247e-02
2.238721e-06 4.471680e+01 9.445394e-01 4.472678e+01 2.112269e-02
2.290868e-06 4.471521e+01 9.664776e-01 4.472565e+01 2.161407e-02
2.344229e-06 4.471354e+01 9.889222e-01 4.472448e+01 2.211684e-02
2.398833e-06 4.471180e+01 1.011885e+00 4.472324e+01 2.263127e-02
2.454709e-06 4.470997e+01 1.035377e+00 4.472195e+01 2.315764e-02
2.511886e-06 4.470805e+01 1.059411e+00 4.472060e+01 2.369621e-02
2.570396e-06 4.470605e+01 1.083999e+00 4.471919e+01 2.424726e-02
2.630268e-06 4.470395e+01 1.109154e+00 4.471771e+01 2.481109e-02
2.691535e-06 4.470175e+01 1.134887e+00 4.471616e+01 2.538798e-02
2.754229e-06 4.469945e+01 1.161213e+00 4.471453e+01 2.597823e-02
2.818383e-06 4.469705e+01 1.188144e+00 4.471283e+01 2.658216e-02
2.884032e-06 4.469452e+01 1.215694e+00 4.471106e+01 2.720006e-02
2.951209e-06 4.469189e+01 1.243877e+00 4.470919e+01 2.783227e-02
3.019952e-06 4.468912e+01 1.272706e+00 4.470724e+01 2.847911e-02
3.090295e-06 4.468623e+01 1.302197e+00 4.470520e+01 2.914091e-02
3.162278e-06 4.468320e+01 1.332364e+00 4.470306e+01 2.981801e-02
3.235937e-06 4.468003e+01 1.363222e+00 4.470083e+01 3.051077e-02
3.311311e-06 4.467672e+01 1.394786e+00 4.469848e+01 3.121953e-02
3.388442e-06 4.467324e+01 1.427072e+00 4.469603e+01 3.194466e-02
3.467369e-06 4.466961e+01 1.460095e+00 4.469346e+01 3.268654e-02
3.548134e-06 4.466580e+01 1.493872e+00 4.469078e+01 3.344554e-02
3.630781e-06 4.466182e+01 1.528419e+00 4.468796e+01 3.422206e-02
3.715352e-06 4.465765e+01 1.563754e+00 4.468502e+01 3.501648e-02
3.801894e-06 4.465328e+01 1.599892e+00 4.468194e+01 3.582921e-02
3.890451e-06 4.464872e+01 1.636851e+00 4.467871e+01 3.666066e-02
3.981072e-06 4.464393e+01 1.674650e+00 4.467533e+01 3.751126e-02
4.073803e-06 4.463893e+01 1.713306e+00 4.467180e+01 3.838143e-02
4.168694e-06 4.463369e+01 1.752837e+00 4.466810e+01 3.927162e-02
4.265795e-06 4.462821e+01 1.793263e+00 4.466422e+01 4.018227e-02
4.365158e-06 4.462247e+01 1.834601e+00 4.466017e+01 4.111384e-02
4.466836e-06 4.461647e+01 1.876872e+00 4.465592e+01 4.206679e-02
4.570882e-06 4.461018e+01 1.920094e+00 4.465148e+01 4.304161e-02
4.677351e-06 4.460360e+01 1.964288e+00 4.464683e+01 4.403878e-02
4.786301e-06 4.459672e+01 2.009474e+00 4.464197e+01 4.505878e-02
4.897788e-06 4.458952e+01 2.055672e+00 4.463688e+01 4.610214e-02
5.011872e-06 4.458198e+01 2.102903e+00 4.463155e+01 4.716935e-02
5.128614e-06 4.457409e+01 2.151188e+00 4.462597e+01 4.826096e-02
5.248075e-06 4.456584e+01 2.200549e+00 4.462013e+01 4.937748e-02
5.370318e-06 4.455720e+01 2.251006e+00 4.461403e+01 5.051947e-02
5.495409e-06 4.454817e+01 2.302583e+00 4.460764e+01 5.168748e-02
5.623413e-06 4.453872e+01 2.355300e+00 4.460095e+01 5.288208e-02
5.754399e-06 4.452883e+01 2.409180e+00 4.459395e+01 5.410383e-02
5.888437e-06 4.451848e+01 2.464246e+00 4.458663e+01 5.535333e-02
6.025596e-06 4.450765e+01 2.520521e+00 4.457897e+01 5.663118e-02
6.165950e-06 4.449633e+01 2.578027e+00 4.457095e+01 5.793797e-02
6.309573e-06 4.448449e+01 2.636788e+00 4.456257e+01 5.927434e-02
6.456542e-06 4.447210e+01 2.696828e+00 4.455379e+01 6.064089e-02
6.606934e-06 4.445914e+01 2.758168e+00 4.454462e+01 6.203827e-02
6.760830e-06 4.444559e+01 2.820834e+00 4.453501e+01 6.346713e-02
6.918310e-06 4.443142e+01 2.884849e+00 4.452497e+01 6.492813e-02
7.079458e-06 4.441660e+01 2.950236e+00 4.451447e+01 6.642193e-02
7.244360e-06 4.440110e+01 3.017020e+00 4.450348e+01 6.794922e-02
7.413102e-06 4.438489e+01 3.085224e+00 4.449199e+01 6.951067e-02
7.585776e-06 4.436795e+01 3.154871e+00 4.447997e+01 7.110699e-02
7.762471e-06 4.435023e+01 3.225987e+00 4.446740e+01 7.273889e-02
7.943282e-06 4.433171e+01 3.298593e+00 4.445426e+01 7.440707e-02
8.128305e-06 4.431235e+01 3.372714e+00 4.444052e+01 7.611227e-02
8.317638e-06 4.429212e+01 3.448373e+00 4.442615e+01 7.785522e-02
8.511380e-06 4.427097e+01 3.525592e+00 4.441113e+01 7.963666e-02
8.709636e-06 4.424887e+01 3.604395e+00 4.439543e+01 8.145734e-02
8.912509e-06 4.422577e+01 3.684804e+00 4.437901e+01 8.331801e-02
9.120108e-06 4.420164e+01 3.766840e+00 4.436186e+01 8.521945e-02
9.332543e-06 4.417643e+01 3.850525e+00 4.434392e+01 8.716242e-02
9.549926e-06 4.415009e+01 3.935879e+00 4.432518e+01 8.914769e-02
9.772372e-06 4.412258e+01 4.022923e+00 4.430560e+01 9.117606e-02
1.000000e-05 4.409385e+01 4.111676e+00 4.428514e+01 9.324830e-02
1.023293e-05 4.406384e+01 4.202157e+00 4.426376e+01 9.536521e-02
1.047129e-05 4.403251e+01 4.294384e+00 4.424142e+01 9.752758e-02
1.071519e-05 4.399980e+01 4.388372e+00 4.421809e+01 9.973619e-02
1.096478e-05 4.396565e+01 4.484138e+00 4.419373e+01 1.019919e-01
1.122018e-05 4.393000e+01 4.581695e+00 4.416828e+01 1.042954e-01
1.148154e-05 4.389280e+01 4.681058e+00 4.414171e+01 1.066475e-01
1.174898e-05 4.385399e+01 4.782237e+00 4.411397e+01 1.090491e-01
1.202264e-05 4.381350e+01 4.885242e+00 4.408501e+01 1.115008e-01
1.230269e-05 4.377126e+01 4.990082e+00 4.405478e+01 1.140036e-01
1.258925e-05 4.372720e+01 5.096762e+00 4.402323e+01 1.165582e-01
1.288250e-05 4.368127e+01 5.205288e+00 4.399032e+01 1.191652e-01
1.318257e-05 4.363337e+01 5.315662e+00 4.395597e+01 1.218256e-01
1.348963e-05 4.358346e+01 5.427883e+00 4.392015e+01 1.245400e-01
1.380384e-05 4.353143e+01 5.541949e+00 4.388279e+01 1.273091e-01
1.412538e-05 4.347723e+01 5.657855e+00 4.384382e+01 1.301337e-01
1.445440e-05 4.342077e+01 5.775593e+00 4.380320e+01 1.330145e-01
1.479108e-05 4.336197e+01 5.895152e+00 4.376086e+01 1.359521e-01
1.513561e-05 4.330075e+01 6.016518e+00 4.371674e+01 1.389472e-01
1.548817e-05 4.323702e+01 6.139673e+00 4.367076e+01 1.420004e-01
1.584893e-05 4.317070e+01 6.264596e+00 4.362286e+01 1.451122e-01
1.621810e-05 4.310170e+01 6.391264e+00 4.357298e+01 1.482833e-01
1.659587e-05 4.302993e+01 6.519646e+00 4.352104e+01 1.515142e-01
1.698244e-05 4.295531e+01 6.649710e+00 4.346697e+01 1.548053e-01
1.737801e-05 4.287775e+01 6.781419e+00 4.341070e+01 1.581571e-01
1.778279e-05 4.279715e+01 6.914731e+00 4.335216e+01 1.615699e-01
1.819701e-05 4.271342e+01 7.049601e+00 4.329126e+01 1.650442e-01
1.862087e-05 4.262647e+01 7.185975e+00 4.322794e+01 1.685801e-01
1.905461e-05 4.253622e+01 7.323799e+00 4.316211e+01 1.721780e-01
1.949845e-05 4.244255e+01 7.463010e+00 4.309370e+01 1.758379e-01
1.995262e-05 4.234540e+01 7.603542e+00 4.302263e+01 1.795600e-01
2.041738e-05 4.224466e+01 7.745321e+00 4.294882e+01 1.833444e-01
2.089296e-05 4.214024e+01 7.888269e+00 4.287219e+01 1.871909e-01
2.137962e-05 4.203206e+01 8.032302e+00 4.279267e+01 1.910994e-01
2.187762e-05 4.192004e+01 8.177329e+00 4.271016e+01 1.950697e-01
2.238721e-05 4.180407e+01 8.323254e+00 4.262461e+01 1.991015e-01
2.290868e-05 4.168409e+01 8.469974e+00 4.253591e+01 2.031944e-01
2.344229e-05 4.156002e+01 8.617380e+00 4.244401e+01 2.073478e-01
2.398833e-05 4.143177e+01 8.765357e+00 4.234882e+01 2.115613e-01
2.454709e-05 4.129928e+01 8.913783e+00 4.225027e+01 2.158339e-01
2.511886e-05 4.116247e+01 9.062532e+00 4.214829e+01 2.201649e-01
2.570396e-05 4.102129e+01 9.211470e+00 4.204281e+01 2.245534e-01
2.630268e-05 4.087568e+01 9.360456e+00 4.193375e+01 2.289982e-01
2.691535e-05 4.072558e+01 9.509345e+00 4.182106e+01 2.334981e-01
2.754229e-05 4.057096e+01 9.657986e+00 4.170467e+01 2.380517e-01
2.818383e-05 4.041176e+01 9.806223e+00 4.158452e+01 2.426577e-01
2.884032e-05 4.024797e+01 9.953894e+00 4.146057e+01 2.473142e-01
2.951209e-05 4.007954e+01 1.010083e+01 4.133276e+01 2.520196e-01
3.019952e-05 3.990648e+01 1.024687e+01 4.120104e+01 2.567719e-01
3.090295e-05 3.972878e+01 1.039182e+01 4.106538e+01 2.615691e-01
3.162278e-05 3.954643e+01 1.053552e+01 4.092575e+01 2.664089e-01
3.235937e-05 3.935945e+01 1.067778e+01 4.078212e+01 2.712889e-01
3.311311e-05 3.916786e+01 1.081842e+01 4.063446e+01 2.762066e-01
3.388442e-05 3.897170e+01 1.095725e+01 4.048277e+01 2.811593e-01
3.467369e-05 3.877100e+01 1.109409e+01 4.032703e+01 2.861441e-01
3.548134e-05 3.856583e+01 1.122875e+01 4.016725e+01 2.911581e-01
3.630781e-05 3.835625e+01 1.136105e+01 4.000344e+01 2.961981e-01
3.715352e-05 3.814234e+01 1.149079e+01 3.983561e+01 3.012609e-01
3.801894e-05 3.792418e+01 1.161781e+01 3.966380e+01 3.063430e-01
3.890451e-05 3.770188e+01 1.174190e+01 3.948803e+01 3.114408e-01
3.981072e-05 3.747555e+01 1.186291e+01 3.930834e+01 3.165507e-01
4.073803e-05 3.724532e+01 1.198066e+01 3.912480e+01 3.216690e-01
4.168694e-05 3.701132e+01 1.209499e+01 3.893747e+01 3.267917e-01
4.265795e-05 3.677369e+01 1.220573e+01 3.874641e+01 3.319148e-01
4.365158e-05 3.653259e+01 1.231274e+01 3.855170e+01 3.370343e-01
4.466836e-05 3.628820e+01 1.241587e+01 3.835345e+01 3.421461e-01
4.570882e-05 3.604068e+01 1.251498e+01 3.815174e+01 3.472460e-01
4.677351e-05 3.579022e+01 1.260996e+01 3.794668e+01 3.523298e-01
4.786301e-05 3.553701e+01 1.270069e+01 3.773840e+01 3.573934e-01
4.897788e-05 3.528126e+01 1.278707e+01 3.752701e+01 3.624323e-01
5.011872e-05 3.502318e+01 1.286901e+01 3.731266e+01 3.674426e-01
5.128614e-05 3.476297e+01 1.294643e+01 3.709547e+01 3.724201e-01
5.248075e-05 3.450086e+01 1.301927e+01 3.687561e+01 3.773606e-01
5.370318e-05 3.423707e+01 1.308747e+01 3.665322e+01 3.822603e-01
5.495409e-05 3.397182e+01 1.315101e+01 3.642847e+01 3.871152e-01
5.623413e-05 3.370534e+01 1.320985e+01 3.620152e+01 3.919215e-01
5.754399e-05 3.343786e+01 1.326399e+01 3.597255e+01 3.966759e-01
5.888437e-05 3.316961e+01 1.331344e+01 3.574172e+01 4.013747e-01
6.025596e-05 3.290080e+01 1.335822e+01 3.550922e+01 4.060149e-01
6.165950e-05 3.263167e+01 1.339835e+01 3.527523e+01 4.105934e-01
6.309573e-05 3.236244e+01 1.343389e+01 3.503993e+01 4.151076e-01
6.456542e-05 3.209330e+01 1.346490e+01 3.480350e+01 4.195549e-01
6.606934e-05 3.182449e+01 1.349146e+01 3.456613e+01 4.239333e-01
6.760830e-05 3.155618e+01 1.351364e+01 3.432800e+01 4.282408e-01
6.918310e-05 3.128859e+01 1.353156e+01 3.408928e+01 4.324758e-01
7.079458e-05 3.102188e+01 1.354531e+01 3.385015e+01 4.366372e-01
7.244360e-05 3.075625e+01 1.355502e+01 3.361079e+01 4.407240e-01
7.413102e-05 3.049184e+01 1.356081e+01 3.337137e+01 4.447357e-01
7.585776e-05 3.022882e+01 1.356283e+01 3.313204e+01 4.486721e-01
7.762471e-05 2.996733e+01 1.356122e+01 3.289297e+01 4.525334e-01
7.943282e-05 2.970750e+01 1.355613e+01 3.265431e+01 4.563200e-01
8.128305e-05 2.944944e+01 1.354771e+01 3.241620e+01 4.600330e-01
8.317638e-05 2.919326e+01 1.353614e+01 3.217877e+01 4.636734e-01
8.511380e-05 2.893906e+01 1.352157e+01 3.194216e+01 4.672430e-01
8.709636e-05 2.868690e+01 1.350417e+01 3.170648e+01 4.707435e-01
8.912509e-05 2.843687e+01 1.348412e+01 3.147185e+01 4.741773e-01
9.120108e-05 2.818901e+01 1.346157e+01 3.123835e+01 4.775468e-01
9.332543e-05 2.794337e+01 1.343671e+01 3.100608e+01 4.808550e-01
9.549926e-05 2.769997e+01 1.340969e+01 3.077512e+01 4.841050e-01
9.772372e-05 2.745883e+01 1.338069e+01 3.054554e+01 4.873000e-01
1.000000e-04 2.721996e+01 1.334985e+01 3.031740e+01 4.904436e-01
1.023293e-04 2.698334e+01 1.331735e+01 3.009074e+01 4.935397e-01
1.047129e-04 2.674897e+01 1.328333e+01 2.986560e+01 4.965921e-01
1.071519e-04 2.651681e+01 1.324793e+01 2.964201e+01 4.996050e-01
1.096478e-04 2.628683e+01 1.321130e+01 2.941999e+01 5.025825e-01
1.122018e-04 2.605898e+01 1.317357e+01 2.919954e+01 5.055290e-01
1.148154e-04 2.583320e+01 1.313486e+01 2.898067e+01 5.084486e-01
1.174898e-04 2.560945e+01 1.309528e+01 2.876335e+01 5.113458e-01
1.202264e-04 2.538764e+01 1.305496e+01 2.854758e+01 5.142249e-01
1.230269e-04 2.516770e+01 1.301397e+01 2.833332e+01 5.170901e-01
1.258925e-04 2.494956e+01 1.297242e+01 2.812053e+01 5.199457e-01
1.288250e-04 2.473313e+01 1.293037e+01 2.790918e+01 5.227956e-01
1.318257e-04 2.451833e+01 1.288791e+01 2.769921e+01 5.256438e-01
1.348963e-04 2.430505e+01 1.284508e+01 2.749057e+01 5.284942e-01
1.380384e-04 2.409322e+01 1.280194e+01 2.728320e+01 5.313501e-01
1.412538e-04 2.388274e+01 1.275852e+01 2.707702e+01 5.342150e-01
1.445440e-04 2.367352e+01 1.271486e+01 2.687198e+01 5.370919e-01
1.479108e-04 2.346546e+01 1.267096e+01 2.666798e+01 5.399836e-01
1.513561e-04 2.325848e+01 1.262685e+01 2.646497e+01 5.428925e-01
1.548817e-04 2.305249e+01 1.258253e+01 2.626285e+01 5.458208e-01
1.584893e-04 2.284739e+01 1.253797e+01 2.606154e+01 5.487702e-01
1.621810e-04 2.264312e+01 1.249317e+01 2.586098e+01 5.517423e-01
1.659587e-04 2.243959e+01 1.244809e+01 2.566107e+01 5.547379e-01
1.698244e-04 2.223673e+01 1.240271e+01 2.546173e+01 5.577578e-01
1.737801e-04 2.203448e+01 1.235698e+01 2.526288e+01 5.608021e-01
1.778279e-04 2.183277e+01 1.231086e+01 2.506446e+01 5.638706e-01
1.819701e-04 2.163155e+01 1.226428e+01 2.486637e+01 5.669626e-01
1.862087e-04 2.143077e+01 1.221719e+01 2.466855e+01 5.700771e-01
1.905461e-04 2.123039e+01 1.216952e+01 2.447094e+01 5.732124e-01
1.949845e-04 2.103039e+01 1.212121e+01 2.427346e+01 5.763666e-01
1.995262e-04 2.083073e+01 1.207218e+01 2.407606e+01 5.795371e-01
2.041738e-04 2.063140e+01 1.202236e+01 2.387869e+01 5.827212e-01
2.089296e-04 2.043241e+01 1.197166e+01 2.368130e+01 5.859153e-01
2.137962e-04 2.023374e+01 1.192001e+01 2.348384e+01 5.891157e-01
2.187762e-04 2.003541e+01 1.186734e+01 2.328629e+01 5.923182e-01
2.238721e-04 1.983744e+01 1.181355e+01 2.308861e+01 5.955181e-01
2.290868e-04 1.963985e+01 1.175858e+01 2.289078e+01 5.987104e-01
2.344229e-04 1.944269e+01 1.170235e+01 2.269280e+01 6.018895e-01
2.398833e-04 1.924599e+01 1.164478e+01 2.249465e+01 6.050497e-01
2.454709e-04 1.904982e+01 1.158581e+01 2.229633e+01 6.081848e-01
2.511886e-04 1.885422e+01 1.152536e+01 2.209786e+01 6.112884e-01
2.570396e-04 1.865926e+01 1.146339e+01 2.189925e+01 6.143536e-01
2.630268e-04 1.846503e+01 1.139982e+01 2.170054e+01 6.173734e-01
2.691535e-04 1.827160e+01 1.133461e+01 2.150174e+01 6.203406e-01
2.754229e-04 1.807904e+01 1.126772e+01 2.130290e+01 6.232476e-01
2.818383e-04 1.788747e+01 1.119911e+01 2.110406e+01 6.260869e-01
2.884032e-04 1.769696e+01 1.112874e+01 2.090529e+01 6.288507e-01
2.951209e-04 1.750761e+01 1.105660e+01 2.070664e+01 6.315313e-01
3.019952e-04 1.731954e+01 1.098268e+01 2.050818e+01 6.341207e-01
3.090295e-04 1.713283e+01 1.090695e+01 2.030998e+01 6.366111e-01
3.162278e-04 1.694760e+01 1.082943e+01 2.011212e+01 6.389947e-01
3.235937e-04 1.676395e+01 1.075011e+01 1.991469e+01 6.412639e-01
3.311311e-04 1.658198e+01 1.066903e+01 1.971777e+01 6.434111e-01
3.388442e-04 1.640181e+01 1.058621e+01 1.952145e+01 6.454290e-01
3.467369e-04 1.622354e+01 1.050167e+01 1.932584e+01 6.473105e-01
3.548134e-04 1.604726e+01 1.041546e+01 1.913103e+01 6.490488e-01
3.630781e-04 1.587308e+01 1.032762e+01 1.893712e+01 6.506375e-01
3.715352e-04 1.570110e+01 1.023822e+01 1.874422e+01 6.520703e-01
3.801894e-04 1.553140e+01 1.014731e+01 1.855242e+01 6.533418e-01
3.890451e-04 1.536408e+01 1.005497e+01 1.836185e+01 6.544466e-01
3.981072e-04 1.519922e+01 9.961267e+00 1.817259e+01 6.553801e-01
4.073803e-04 1.503690e+01 9.866283e+00 1.798477e+01 6.561382e-01
4.168694e-04 1.487719e+01 9.770105e+00 1.779848e+01 6.567171e-01
4.265795e-04 1.472016e+01 9.672824e+00 1.761382e+01 6.571141e-01
4.365158e-04 1.456587e+01 9.574534e+00 1.743090e+01 6.573266e-01
4.466836e-04 1.441438e+01 9.475333e+00 1.724982e+01 6.573529e-01
4.570882e-04 1.426573e+01 9.375324e+00 1.707067e+01 6.571920e-01
4.677351e-04 1.411997e+01 9.274609e+00 1.689355e+01 6.568435e-01
4.786301e-04 1.397713e+01 9.173296e+00 1.671854e+01 6.563076e-01
4.897788e-04 1.383724e+01 9.071491e+00 1.654573e+01 6.555853e-01
5.011872e-04 1.370032e+01 8.969303e+00 1.637520e+01 6.546783e-01
5.128614e-04 1.356639e+01 8.866841e+00 1.620703e+01 6.535887e-01
5.248075e-04 1.343546e+01 8.764214e+00 1.604129e+01 6.523197e-01
5.370318e-04 1.330752e+01 8.661530e+00 1.587804e+01 6.508747e-01
5.495409e-04 1.318258e+01 8.558897e+00 1.571735e+01 6.492580e-01
5.623413e-04 1.306062e+01 8.456421e+00 1.555927e+01 6.474745e-01
5.754399e-04 1.294163e+01 8.354207e+00 1.540385e+01 6.455295e-01
5.888437e-04 1.282559e+01 8.252357e+00 1.525114e+01 6.434290e-01
6.025596e-04 1.271247e+01 8.150971e+00 1.510116e+01 6.411794e-01
6.165950e-04 1.260223e+01 8.050148e+00 1.495396e+01 6.387877e-01
6.309573e-04 1.249484e+01 7.949982e+00 1.480957e+01 6.362612e-01
6.456542e-04 1.239026e+01 7.850565e+00 1.466799e+01 6.336077e-01
6.606934e-04 1.228844e+01 7.751985e+00 1.452925e+01 6.308353e-01
6.760830e-04 1.218934e+01 7.654327e+00 1.439336e+01 6.279525e-01
6.918310e-04 1.209290e+01 7.557673e+00 1.426032e+01 6.249679e-01
7.079458e-04 1.199906e+01 7.462100e+00 1.413012e+01 6.218904e-01
7.244360e-04 1.190776e+01 7.367682e+00 1.400277e+01 6.187293e-01
7.413102e-04 1.181895e+01 7.274490e+00 1.387825e+01 6.154937e-01
7.585776e-04 1.173255e+01 7.182588e+00 1.375654e+01 6.121931e-01
7.762471e-04 1.164851e+01 7.092040e+00 1.363762e+01 6.088368e-01
7.943282e-04 1.156674e+01 7.002902e+00 1.352147e+01 6.054344e-01
8.128305e-04 1.148718e+01 6.915231e+00 1.340805e+01 6.019952e-01
8.317638e-04 1.140977e+01 6.829075e+00 1.329733e+01 5.985288e-01
8.511380e-04 1.133442e+01 6.744481e+00 1.318928e+01 5.950444e-01
8.709636e-04 1.126105e+01 6.661491e+00 1.308384e+01 5.915513e-01
8.912509e-04 1.118961e+01 6.580145e+00 1.298097e+01 5.880585e-01
9.120108e-04 1.112001e+01 6.500477e+00 1.288063e+01 5.845750e-01
9.332543e-04 1.105217e+01 6.422518e+00 1.278277e+01 5.811094e-01
9.549926e-04 1.098602e+01 6.346297e+00 1.268732e+01 5.776705e-01
9.772372e-04 1.092148e+01 6.271837e+00 1.259423e+01 5.742664e-01
1.000000e-03 1.085848e+01 6.199160e+00 1.250344e+01 5.709052e-01
1.023293e-03 1.079694e+01 6.128283e+00 1.241490e+01 5.675946e-01
1.047129e-03 1.073678e+01 6.059220e+00 1.232853e+01 5.643423e-01
1.071519e-03 1.067794e+01 5.991982e+00 1.224427e+01 5.611555e-01
1.096478e-03 1.062033e+01 5.926579e+00 1.216206e+01 5.580411e-01
1.122018e-03 1.056388e+01 5.863015e+00 1.208183e+01 5.550058e-01
1.148154e-03 1.050852e+01 5.801293e+00 1.200350e+01 5.520559e-01
1.174898e-03 1.045418e+01 5.741412e+00 1.192702e+01 5.491975e-01
1.202264e-03 1.040079e+01 5.683370e+00 1.185231e+01 5.464362e-01
1.230269e-03 1.034828e+01 5.627161e+00 1.177929e+01 5.437776e-01
1.258925e-03 1.029657e+01 5.572778e+00 1.170791e+01 5.412267e-01
1.288250e-03 1.024560e+01 5.520211e+00 1.163809e+01 5.387884e-01
1.318257e-03 1.019531e+01 5.469446e+00 1.156975e+01 5.364671e-01
1.348963e-03 1.014562e+01 5.420470e+00 1.150283e+01 5.342671e-01
1.380384e-03 1.009648e+01 5.373266e+00 1.143726e+01 5.321922e-01
1.412538e-03 1.004781e+01 5.327814e+00 1.137296e+01 5.302461e-01
1.445440e-03 9.999572e+00 5.284095e+00 1.130987e+01 5.284321e-01
1.479108e-03 9.951689e+00 5.242085e+00 1.124791e+01 5.267533e-01
1.513561e-03 9.904108e+00 5.201761e+00 1.118703e+01 5.252125e-01
1.548817e-03 9.856771e+00 5.163096e+00 1.112715e+01 5.238121e-01
1.584893e-03 9.809623e+00 5.126063e+00 1.106821e+01 5.225545e-01
1.621810e-03 9.762610e+00 5.090631e+00 1.101014e+01 5.214417e-01
1.659587e-03 9.715678e+00 5.056771e+00 1.095287e+01 5.204754e-01
1.698244e-03 9.668779e+00 5.024450e+00 1.089635e+01 5.196571e-01
1.737801e-03 9.621862e+00 4.993634e+00 1.084051e+01 5.189883e-01
1.778279e-03 9.574879e+00 4.964288e+00 1.078529e+01 5.184700e-01
1.819701e-03 9.527786e+00 4.936375e+00 1.073063e+01 5.181031e-01
1.862087e-03 9.480537e+00 4.909859e+00 1.067648e+01 5.178883e-01
1.905461e-03 9.433090e+00 4.884700e+00 1.062278e+01 5.178260e-01
1.949845e-03 9.385405e+00 4.860858e+00 1.056947e+01 5.179167e-01
1.995262e-03 9.337443e+00 4.838293e+00 1.051651e+01 5.181603e-01
2.041738e-03 9.289167e+00 4.816962e+00 1.046383e+01 5.185570e-01
2.089296e-03 9.240541e+00 4.796824e+00 1.041139e+01 5.191064e-01
2.137962e-03 9.191531e+00 4.777833e+00 1.035915e+01 5.198082e-01
2.187762e-03 9.142107e+00 4.759947e+00 1.030705e+01 5.206619e-01
2.238721e-03 9.092239e+00 4.743120e+00 1.025505e+01 5.216668e-01
2.290868e-03 9.041899e+00 4.727305e+00 1.020310e+01 5.228222e-01
2.344229e-03 8.991060e+00 4.712458e+00 1.015118e+01 5.241271e-01
2.398833e-03 8.939700e+00 4.698531e+00 1.009923e+01 5.255804e-01
2.454709e-03 8.887795e+00 4.685477e+00 1.004722e+01 5.271810e-01
2.511886e-03 8.835327e+00 4.673248e+00 9.995111e+00 5.289275e-01
2.570396e-03 8.782277e+00 4.661796e+00 9.942873e+00 5.308186e-01
2.630268e-03 8.728628e+00 4.651074e+00 9.890472e+00 5.328528e-01
2.691535e-03 8.674367e+00 4.641033e+00 9.837878e+00 5.350284e-01
2.754229e-03 8.619482e+00 4.631625e+00 9.785061e+00 5.373438e-01
2.818383e-03 8.563962e+00 4.622802e+00 9.731996e+00 5.397971e-01
2.884032e-03 8.507800e+00 4.614516e+00 9.678657e+00 5.423865e-01
2.951209e-03 8.450988e+00 4.606718e+00 9.625022e+00 5.451100e-01
3.019952e-03 8.393522e+00 4.599361e+00 9.571068e+00 5.479656e-01
3.090295e-03 8.335401e+00 4.592399e+00 9.516777e+00 5.509512e-01
3.162278e-03 8.276623e+00 4.585783e+00 9.462130e+00 5.540645e-01
3.235937e-03 8.217190e+00 4.579468e+00 9.407111e+00 5.573034e-01
3.311311e-03 8.157105e+00 4.573408e+00 9.351707e+00 5.606656e-01
3.388442e-03 8.096373e+00 4.567558e+00 9.295905e+00 5.641486e-01
3.467369e-03 8.035001e+00 4.561873e+00 9.239693e+00 5.677501e-01
3.548134e-03 7.972997e+00 4.556309e+00 9.183062e+00 5.714676e-01
3.630781e-03 7.910371e+00 4.550825e+00 9.126006e+00 5.752986e-01
3.715352e-03 7.847135e+00 4.545379e+00 9.068516e+00 5.792405e-01
3.801894e-03 7.783302e+00 4.539928e+00 9.010590e+00 5.832908e-01
3.890451e-03 7.718887e+00 4.534435e+00 8.952224e+00 5.874468e-01
3.981072e-03 7.653906e+00 4.528861e+00 8.893416e+00 5.917059e-01
4.073803e-03 7.588376e+00 4.523167e+00 8.834167e+00 5.960652e-01
4.168694e-03 7.522317e+00 4.517319e+00 8.774476e+00 6.005223e-01
4.265795e-03 7.455749e+00 4.511281e+00 8.714347e+00 6.050742e-01
4.365158e-03 7.388692e+00 4.505020e+00 8.653784e+00 6.097182e-01
4.466836e-03 7.321170e+00 4.498504e+00 8.592791e+00 6.144515e-01
4.570882e-03 7.253204e+00 4.491701e+00 8.531374e+00 6.192713e-01
4.677351e-03 7.184820e+00 4.484583e+00 8.469541e+00 6.241748e-01
4.786301e-03 7.116042e+00 4.477122e+00 8.407299e+00 6.291590e-01
4.897788e-03 7.046896e+00 4.469291e+00 8.344658e+00 6.342212e-01
5.011872e-03 6.977409e+00 4.461066e+00 8.281627e+00 6.393585e-01
5.128614e-03 6.907607e+00 4.452421e+00 8.218217e+00 6.445678e-01
5.248075e-03 6.837519e+00 4.443337e+00 8.154441e+00 6.498464e-01
5.370318e-03 6.767171e+00 4.433791e+00 8.090309e+00 6.551912e-01
5.495409e-03 6.696593e+00 4.423764e+00 8.025836e+00 6.605993e-01
5.623413e-03 6.625812e+00 4.413239e+00 7.961035e+00 6.660676e-01
5.754399e-03 6.554859e+00 4.402199e+00 7.895919e+00 6.715932e-01
5.888437e-03 6.483763e+00 4.390629e+00 7.830504e+00 6.771729e-01
6.025596e-03 6.412551e+00 4.378514e+00 7.764805e+00 6.828037e-01
6.165950e-03 6.341255e+00 4.365843e+00 7.698838e+00 6.884824e-01
6.309573e-03 6.269904e+00 4.352604e+00 7.632618e+00 6.942058e-01
6.456542e-03 6.198526e+00 4.338786e+00 7.566161e+00 6.999706e-01
6.606934e-03 6.127152e+00 4.324383e+00 7.499485e+00 7.057736e-01
6.760830e-03 6.055812e+00 4.309384e+00 7.432607e+00 7.116113e-01
6.918310e-03 5.984533e+00 4.293785e+00 7.365544e+00 7.174804e-01
7.079458e-03 5.913347e+00 4.277580e+00 7.298312e+00 7.233772e-01
7.244360e-03 5.842281e+00 4.260765e+00 7.230931e+00 7.292981e-01
7.413102e-03 5.771366e+00 4.243337e+00 7.163419e+00 7.352396e-01
7.585776e-03 5.700629e+00 4.225293e+00 7.095793e+00 7.411976e-01
7.762471e-03 5.630100e+00 4.206633e+00 7.028072e+00 7.471685e-01
7.943282e-03 5.559808e+00 4.187358e+00 6.960275e+00 7.531480e-01
8.128305e-03 5.489779e+00 4.167468e+00 6.892421e+00 7.591322e-01
8.317638e-03 5.420043e+00 4.146966e+00 6.824529e+00 7.651169e-01
8.511380e-03 5.350627e+00 4.125856e+00 6.756619e+00 7.710976e-01
8.709636e-03 5.281559e+00 4.104141e+00 6.688710e+00 7.770699e-01
8.912509e-03 5.212866e+00 4.081827e+00 6.620822e+00 7.830294e-01
9.120108e-03 5.144574e+00 4.058921e+00 6.552975e+00 7.889713e-01
9.332543e-03 5.076711e+00 4.035431e+00 6.485190e+00 7.948908e-01
9.549926e-03 5.009301e+00 4.011364e+00 6.417487e+00 8.007832e-01
9.772372e-03 4.942371e+00 3.986732e+00 6.349887e+00 8.066435e-01
1.000000e-02 4.875946e+00 3.961544e+00 6.282410e+00 8.124666e-01
1.023293e-02 4.810050e+00 3.935812e+00 6.215078e+00 8.182475e-01
1.047129e-02 4.744708e+00 3.909549e+00 6.147912e+00 8.239811e-01
1.071519e-02 4.679941e+00 3.882769e+00 6.080933e+00 8.296620e-01
1.096478e-02 4.615774e+00 3.855487e+00 6.014162e+00 8.352851e-01
1.122018e-02 4.552227e+00 3.827719e+00 5.947622e+00 8.408453e-01
1.148154e-02 4.489322e+00 3.799480e+00 5.881332e+00 8.463371e-01
1.174898e-02 4.427080e+00 3.770790e+00 5.815315e+00 8.517556e-01
1.202264e-02 4.365518e+00 3.741666e+00 5.749593e+00 8.570954e-01
1.230269e-02 4.304657e+00 3.712128e+00 5.684185e+00 8.623516e-01
1.258925e-02 4.244512e+00 3.682196e+00 5.619114e+00 8.675192e-01
1.288250e-02 4.185101e+00 3.651890e+00 5.554401e+00 8.725932e-01
1.318257e-02 4.126438e+00 3.621233e+00 5.490065e+00 8.775689e-01
1.348963e-02 4.068537e+00 3.590247e+00 5.426128e+00 8.824419e-01
1.380384e-02 4.011411e+00 3.558955e+00 5.362610e+00 8.872076e-01
1.412538e-02 3.955073e+00 3.527379e+00 5.299529e+00 8.918620e-01
1.445440e-02 3.899532e+00 3.495544e+00 5.236905e+00 8.964010e-01
1.479108e-02 3.844797e+00 3.463474e+00 5.174757e+00 9.008210e-01
1.513561e-02 3.790876e+00 3.431193e+00 5.113103e+00 9.051186e-01
1.548817e-02 3.737776e+00 3.398725e+00 5.051960e+00 9.092906e-01
1.584893e-02 3.685503e+00 3.366096e+00 4.991346e+00 9.133342e-01
1.621810e-02 3.634059e+00 3.333330e+00 4.931275e+00 9.172470e-01
1.659587e-02 3.583448e+00 3.300452e+00 4.871764e+00 9.210269e-01
1.698244e-02 3.533671e+00 3.267487e+00 4.812827e+00 9.246720e-01
1.737801e-02 3.484729e+00 3.234459e+00 4.754478e+00 9.281810e-01
1.778279e-02 3.436620e+00 3.201393e+00 4.696730e+00 9.315528e-01
1.819701e-02 3.389341e+00 3.168312e+00 4.639594e+00 9.347870e-01
1.862087e-02 3.342890e+00 3.135240e+00 4.583083e+00 9.378832e-01
1.905461e-02 3.297261e+00 3.102201e+00 4.527205e+00 9.408417e-01
1.949845e-02 3.252450e+00 3.069217e+00 4.471971e+00 9.436631e-01
1.995262e-02 3.208448e+00 3.036310e+00 4.417388e+00 9.463484e-01
2.041738e-02 3.165249e+00 3.003502e+00 4.363464e+00 9.488991e-01
2.089296e-02 3.122843e+00 2.970813e+00 4.310206e+00 9.513169e-01
2.137962e-02 3.081220e+00 2.938264e+00 4.257618e+00 9.536041e-01
2.187762e-02 3.040370e+00 2.905875e+00 4.205706e+00 9.557634e-01
2.238721e-02 3.000282e+00 2.873663e+00 4.154471e+00 9.577976e-01
2.290868e-02 2.960943e+00 2.841647e+00 4.103918e+00 9.597103e-01
2.344229e-02 2.922340e+00 2.809845e+00 4.054047e+00 9.615050e-01
2.398833e-02 2.884460e+00 2.778271e+00 4.004859e+00 9.631859e-01
2.454709e-02 2.847288e+00 2.746941e+00 3.956353e+00 9.647572e-01
2.511886e-02 2.810809e+00 2.715870e+00 3.908529e+00 9.662237e-01
2.570396e-02 2.775009e+00 2.685072e+00 3.861384e+00 9.675902e-01
2.630268e-02 2.739872e+00 2.654558e+00 3.814915e+00 9.688620e-01
2.691535e-02 2.705382e+00 2.624340e+00 3.769118e+00 9.700444e-01
2.754229e-02 2.671521e+00 2.594430e+00 3.723989e+00 9.711431e-01
2.818383e-02 2.638275e+00 2.564836e+00 3.679521e+00 9.721639e-01
2.884032e-02 2.605626e+00 2.535567e+00 3.635710e+00 9.731126e-01
2.951209e-02 2.573556e+00 2.506632e+00 3.592547e+00 9.739954e-01
3.019952e-02 2.542050e+00 2.478037e+00 3.550026e+00 9.748184e-01
3.090295e-02 2.511089e+00 2.449788e+00 3.508138e+00 9.755878e-01
3.162278e-02 2.480657e+00 2.421891e+00 3.466874e+00 9.763100e-01
3.235937e-02 2.450737e+00 2.394349e+00 3.426225e+00 9.769911e-01
3.311311e-02 2.421312e+00 2.367165e+00 3.386181e+00 9.776375e-01
3.388442e-02 2.392365e+00 2.340344e+00 3.346732e+00 9.782553e-01
3.467369e-02 2.363879e+00 2.313885e+00 3.307867e+00 9.788508e-01
3.548134e-02 2.335838e+00 2.287790e+00 3.269575e+00 9.794300e-01
3.630781e-02 2.308226e+00 2.262059e+00 3.231844e+00 9.799988e-01
3.715352e-02 2.281027e+00 2.236691e+00 3.194663e+00 9.805630e-01
3.801894e-02 2.254226e+00 2.211685e+00 3.158019e+00 9.811282e-01
3.890451e-02 2.227807e+00 2.187038e+00 3.121900e+00 9.817000e-01
3.981072e-02 2.201756e+00 2.162749e+00 3.086294e+00 9.822834e-01
4.073803e-02 2.176059e+00 2.138813e+00 3.051189e+00 9.828836e-01
4.168694e-02 2.150702e+00 2.115227e+00 3.016572e+00 9.835052e-01
4.265795e-02 2.125672e+00 2.091986e+00 2.982430e+00 9.841528e-01
4.365158e-02 2.100956e+00 2.069086e+00 2.948751e+00 9.848306e-01
4.466836e-02 2.076542e+00 2.046520e+00 2.915522e+00 9.855425e-01
4.570882e-02 2.052417e+00 2.024283e+00 2.882731e+00 9.862921e-01
4.677351e-02 2.028572e+00 2.002369e+00 2.850366e+00 9.870828e-01
4.786301e-02 2.004996e+00 1.980771e+00 2.818415e+00 9.879176e-01
4.897788e-02 1.981679e+00 1.959482e+00 2.786866e+00 9.887992e-01
5.011872e-02 1.958611e+00 1.938495e+00 2.755707e+00 9.897298e-01
5.128614e-02 1.935783e+00 1.917803e+00 2.724927e+00 9.907117e-01
5.248075e-02 1.913189e+00 1.897398e+00 2.694515e+00 9.917464e-01
5.370318e-02 1.890820e+00 1.877273e+00 2.664461e+00 9.928355e-01
5.495409e-02 1.868669e+00 1.857419e+00 2.634754e+00 9.939799e-01
5.623413e-02 1.846730e+00 1.837830e+00 2.605385e+00 9.951805e-01
5.754399e-02 1.824998e+00 1.818497e+00 2.576344e+00 9.964377e-01
5.888437e-02 1.803467e+00 1.799412e+00 2.547622e+00 9.977518e-01
6.025596e-02 1.782132e+00 1.780568e+00 2.519210e+00 9.991225e-01
6.165950e-02 1.760990e+00 1.761957e+00 2.491100e+00 1.000550e+00
6.309573e-02 1.740036e+00 1.743572e+00 2.463284e+00 1.002032e+00
6.456542e-02 1.719268e+00 1.725406e+00 2.435756e+00 1.003570e+00
6.606934e-02 1.698684e+00 1.707451e+00 2.408509e+00 1.005161e+00
6.760830e-02 1.678280e+00 1.689700e+00 2.381535e+00 1.006805e+00
6.918310e-02 1.658055e+00 1.672148e+00 2.354830e+00 1.008499e+00
7.079458e-02 1.638008e+00 1.654786e+00 2.328387e+00 1.010243e+00
7.244360e-02 1.618137e+00 1.637610e+00 2.302202e+00 1.012034e+00
7.413102e-02 1.598442e+00 1.620614e+00 2.276271e+00 1.013871e+00
7.585776e-02 1.578922e+00 1.603792e+00 2.250588e+00 1.015751e+00
7.762471e-02 1.559578e+00 1.587139e+00 2.225150e+00 1.017673e+00
7.943282e-02 1.540408e+00 1.570650e+00 2.199954e+00 1.019633e+00
8.128305e-02 1.521413e+00 1.554321e+00 2.174997e+00 1.021630e+00
8.317638e-02 1.502594e+00 1.538148e+00 2.150276e+00 1.023661e+00
8.511380e-02 1.483951e+00 1.522126e+00 2.125789e+00 1.025725e+00
8.709636e-02 1.465484e+00 1.506252e+00 2.101533e+00 1.027819e+00
8.912509e-02 1.447195e+00 1.490524e+00 2.077507e+00 1.029940e+00
9.120108e-02 1.429083e+00 1.474938e+00 2.053709e+00 1.032087e+00
9.332543e-02 1.411149e+00 1.459492e+00 2.030138e+00 1.034257e+00
9.549926e-02 1.393395e+00 1.444183e+00 2.006792e+00 1.036449e+00
9.772372e-02 1.375820e+00 1.429010e+00 1.983671e+00 1.038661e+00
1.000000e-01 1.358426e+00 1.413971e+00 1.960774e+00 1.040890e+00
1.023293e-01 1.341212e+00 1.399065e+00 1.938100e+00 1.043135e+00
1.047129e-01 1.324179e+00 1.384290e+00 1.915648e+00 1.045395e+00
1.071519e-01 1.307327e+00 1.369646e+00 1.893418e+00 1.047669e+00
1.096478e-01 1.290657e+00 1.355131e+00 1.871410e+00 1.049955e+00
1.122018e-01 1.274168e+00 1.340746e+00 1.849622e+00 1.052253e+00
1.148154e-01 1.257860e+00 1.326490e+00 1.828055e+00 1.054561e+00
1.174898e-01 1.241732e+00 1.312362e+00 1.806708e+00 1.056880e+00
1.202264e-01 1.225786e+00 1.298362e+00 1.785580e+00 1.059208e+00
1.230269e-01 1.210018e+00 1.284491e+00 1.764670e+00 1.061546e+00
1.258925e-01 1.194430e+00 1.270748e+00 1.743979e+00 1.063895e+00
1.288250e-01 1.179020e+00 1.257133e+00 1.723505e+00 1.066253e+00
1.318257e-01 1.163786e+00 1.243646e+00 1.703248e+00 1.068621e+00
1.348963e-01 1.148727e+00 1.230288e+00 1.683206e+00 1.071001e+00
1.380384e-01 1.133843e+00 1.217058e+00 1.663379e+00 1.073392e+00
1.412538e-01 1.119130e+00 1.203956e+00 1.643765e+00 1.075796e+00
1.445440e-01 1.104589e+00 1.190983e+00 1.624363e+00 1.078213e+00
1.479108e-01 1.090216e+00 1.178138e+00 1.605173e+00 1.080646e+00
1.513561e-01 1.076010e+00 1.165421e+00 1.586192e+00 1.083094e+00
1.548817e-01 1.061970e+00 1.152832e+00 1.567419e+00 1.085560e+00
1.584893e-01 1.048091e+00 1.140371e+00 1.548852e+00 1.088045e+00
1.621810e-01 1.034374e+00 1.128037e+00 1.530489e+00 1.090551e+00
1.659587e-01 1.020815e+00 1.115830e+00 1.512329e+00 1.093078e+00
1.698244e-01 1.007412e+00 1.103750e+00 1.494370e+00 1.095629e+00
1.737801e-01 9.941627e-01 1.091795e+00 1.476609e+00 1.098205e+00
1.778279e-01 9.810652e-01 1.079965e+00 1.459045e+00 1.100808e+00
1.819701e-01 9.681171e-01 1.068258e+00 1.441675e+00 1.103439e+00
1.862087e-01 9.553160e-01 1.056675e+00 1.424497e+00 1.106101e+00
1.905461e-01 9.426597e-01 1.045215e+00 1.407509e+00 1.108793e+00
1.949845e-01 9.301460e-01 1.033874e+00 1.390708e+00 1.111519e+00
1.995262e-01 9.177728e-01 1.022654e+00 1.374092e+00 1.114278e+00
2.041738e-01 9.055380e-01 1.011552e+00 1.357659e+00 1.117073e+00
2.089296e-01 8.934395e-01 1.000568e+00 1.341406e+00 1.119905e+00
2.137962e-01 8.814754e-01 9.896987e-01 1.325331e+00 1.122775e+00
2.187762e-01 8.696438e-01 9.789440e-01 1.309432e+00 1.125684e+00
2.238721e-01 8.579430e-01 9.683022e-01 1.293706e+00 1.128632e+00
2.290868e-01 8.463712e-01 9.577717e-01 1.278151e+00 1.131621e+00
2.344229e-01 8.349268e-01 9.473511e-01 1.262766e+00 1.134652e+00
2.398833e-01 8.236082e-01 9.370388e-01 1.247546e+00 1.137724e+00
2.454709e-01 8.124140e-01 9.268333e-01 1.232492e+00 1.140839e+00
2.511886e-01 8.013429e-01 9.167331e-01 1.217600e+00 1.143996e+00
2.570396e-01 7.903935e-01 9.067368e-01 1.202869e+00 1.147197e+00
2.630268e-01 7.795648e-01 8.968427e-01 1.188296e+00 1.150440e+00
2.691535e-01 7.688554e-01 8.870497e-01 1.173881e+00 1.153728e+00
2.754229e-01 7.582645e-01 8.773562e-01 1.159620e+00 1.157058e+00
2.818383e-01 7.477910e-01 8.677609e-01 1.145513e+00 1.160432e+00
2.884032e-01 7.374340e-01 8.582626e-01 1.131558e+00 1.163850e+00
2.951209e-01 7.271926e-01 8.488601e-01 1.117753e+00 1.167311e+00
3.019952e-01 7.170661e-01 8.395522e-01 1.104098e+00 1.170816e+00
3.090295e-01 7.070536e-01 8.303379e-01 1.090590e+00 1.174363e+00
3.162278e-01 6.971543e-01 8.212161e-01 1.077228e+00 1.177955e+00
3.235937e-01 6.873676e-01 8.121859e-01 1.064011e+00 1.181589e+00
3.311311e-01 6.776927e-01 8.032464e-01 1.050939e+00 1.185267e+00
3.388442e-01 6.681289e-01 7.943969e-01 1.038009e+00 1.188988e+00
3.467369e-01 6.586755e-01 7.856366e-01 1.025221e+00 1.192752e+00
3.548134e-01 6.493318e-01 7.769649e-01 1.012574e+00 1.196561e+00
3.630781e-01 6.400971e-01 7.683812e-01 1.000067e+00 1.200414e+00
3.715352e-01 6.309706e-01 7.598850e-01 9.876989e-01 1.204311e+00
3.801894e-01 6.219515e-01 7.514758e-01 9.754688e-01 1.208255e+00
3.890451e-01 6.130390e-01 7.431531e-01 9.633761e-01 1.212244e+00
3.981072e-01 6.042324e-01 7.349167e-01 9.514196e-01 1.216282e+00
4.073803e-01 5.955306e-01 7.267662e-01 9.395987e-01 1.220367e+00
4.168694e-01 5.869329e-01 7.187013e-01 9.279125e-01 1.224503e+00
4.265795e-01 5.784381e-01 7.107217e-01 9.163602e-01 1.228691e+00
4.365158e-01 5.700453e-01 7.028273e-01 9.049408e-01 1.232932e+00
4.466836e-01 5.617534e-01 6.950179e-01 8.936536e-01 1.237230e+00
4.570882e-01 5.535613e-01 6.872932e-01 8.824976e-01 1.241585e+00
4.677351e-01 5.454677e-01 6.796530e-01 8.714719e-01 1.246000e+00
4.786301e-01 5.374715e-01 6.720972e-01 8.605756e-01 1.250480e+00
4.897788e-01 5.295714e-01 6.646256e-01 8.498077e-01 1.255026e+00
5.011872e-01 5.217659e-01 6.572380e-01 8.391671e-01 1.259641e+00
5.128614e-01 5.140538e-01 6.499341e-01 8.286530e-01 1.264331e+00
5.248075e-01 5.064336e-01 6.427138e-01 8.182640e-01 1.269098e+00
5.370318e-01 4.989039e-01 6.355767e-01 8.079992e-01 1.273946e+00
5.495409e-01 4.914630e-01 6.285225e-01 7.978574e-01 1.278881e+00
5.623413e-01 4.841094e-01 6.215509e-01 7.878372e-01 1.283906e+00
5.754399e-01 4.768416e-01 6.146616e-01 7.779375e-01 1.289027e+00
5.888437e-01 4.696579e-01 6.078540e-01 7.681569e-01 1.294248e+00
6.025596e-01 4.625568e-01 6.011277e-01 7.584941e-01 1.299576e+00
6.165950e-01 4.555364e-01 5.944823e-01 7.489476e-01 1.305016e+00
6.309573e-01 4.485951e-01 5.879170e-01 7.395161e-01 1.310574e+00
6.456542e-01 4.417313e-01 5.814314e-01 7.301980e-01 1.316256e+00
6.606934e-01 4.349433e-01 5.750247e-01 7.209917e-01 1.322068e+00
6.760830e-01 4.282292e-01 5.686961e-01 7.118957e-01 1.328018e+00
6.918310e-01 4.215875e-01 5.624450e-01 7.029085e-01 1.334112e+00
7.079458e-01 4.150164e-01 5.562703e-01 6.940283e-01 1.340357e+00
7.244360e-01 4.085142e-01 5.501712e-01 6.852534e-01 1.346761e+00
7.413102e-01 4.020794e-01 5.441468e-01 6.765823e-01 1.353332e+00
7.585776e-01 3.957101e-01 5.381960e-01 6.680130e-01 1.360076e+00
7.762471e-01 3.894049e-01 5.323177e-01 6.595440e-01 1.367003e+00
7.943282e-01 3.831620e-01 5.265108e-01 6.511733e-01 1.374121e+00
8.128305e-01 3.769800e-01 5.207741e-01 6.428993e-01 1.381437e+00
8.317638e-01 3.708572e-01 5.151063e-01 6.347201e-01 1.388961e+00
8.511380e-01 3.647923e-01 5.095062e-01 6.266338e-01 1.396702e+00
8.709636e-01 3.587837e-01 5.039723e-01 6.186387e-01 1.404669e+00
8.912509e-01 3.528301e-01 4.985034e-01 6.107330e-01 1.412871e+00
9.120108e-01 3.469301e-01 4.930980e-01 6.029147e-01 1.421318e+00
9.332543e-01 3.410824e-01 4.877545e-01 5.951821e-01 1.430020e+00
9.549926e-01 3.352857e-01 4.824716e-01 5.875333e-01 1.438986e+00
9.772372e-01 3.295389e-01 4.772476e-01 5.799665e-01 1.448228e+00
1.000000e+00 3.238409e-01 4.720809e-01 5.724799e-01 1.457756e+00
1.023293e+00 3.181905e-01 4.669699e-01 5.650717e-01 1.467580e+00
1.047129e+00 3.125868e-01 4.619129e-01 5.577401e-01 1.477711e+00
1.071519e+00 3.070288e-01 4.569084e-01 5.504834e-01 1.488161e+00
1.096478e+00 3.015157e-01 4.519545e-01 5.432997e-01 1.498942e+00
1.122018e+00 2.960467e-01 4.470496e-01 5.361875e-01 1.510065e+00
1.148154e+00 2.906211e-01 4.421920e-01 5.291449e-01 1.521541e+00
1.174898e+00 2.852382e-01 4.373798e-01 5.221704e-01 1.533384e+00
1.202264e+00 2.798976e-01 4.326114e-01 5.152623e-01 1.545606e+00
1.230269e+00 2.745986e-01 4.278849e-01 5.084190e-01 1.558220e+00
1.258925e+00 2.693410e-01 4.231987e-01 5.016390e-01 1.571238e+00
1.288250e+00 2.641243e-01 4.185509e-01 4.949207e-01 1.584674e+00
1.318257e+00 2.589484e-01 4.139399e-01 4.882628e-01 1.598542e+00
1.348963e+00 2.538132e-01 4.093639e-01 4.816637e-01 1.612855e+00
1.380384e+00 2.487184e-01 4.048212e-01 4.751221e-01 1.627628e+00
1.412538e+00 2.436642e-01 4.003101e-01 4.686368e-01 1.642876e+00
1.445440e+00 2.386507e-01 3.958290e-01 4.622064e-01 1.658612e+00
1.479108e+00 2.336780e-01 3.913762e-01 4.558297e-01 1.674853e+00
1.513561e+00 2.287464e-01 3.869502e-01 4.495057e-01 1.691613e+00
1.548817e+00 2.238561e-01 3.825495e-01 4.432332e-01 1.708908e+00
1.584893e+00 2.190077e-01 3.781724e-01 4.370112e-01 1.726754e+00
1.621810e+00 2.142017e-01 3.738177e-01 4.308387e-01 1.745167e+00
1.659587e+00 2.094384e-01 3.694839e-01 4.247150e-01 1.764165e+00
1.698244e+00 2.047187e-01 3.651697e-01 4.186391e-01 1.783763e+00
1.737801e+00 2.000432e-01 3.608739e-01 4.126103e-01 1.803980e+00
1.778279e+00 1.954125e-01 3.565954e-01 4.066280e-01 1.824833e+00
1.819701e+00 1.908277e-01 3.523329e-01 4.006915e-01 1.846341e+00
1.862087e+00 1.862894e-01 3.480855e-01 3.948002e-01 1.868520e+00
1.905461e+00 1.817986e-01 3.438522e-01 3.889539e-01 1.891391e+00
1.949845e+00 1.773564e-01 3.396323e-01 3.831519e-01 1.914971e+00
1.995262e+00 1.729635e-01 3.354250e-01 3.773941e-01 1.939282e+00
2.041738e+00 1.686211e-01 3.312295e-01 3.716801e-01 1.964342e+00
2.089296e+00 1.643303e-01 3.270454e-01 3.660098e-01 1.990172e+00
2.137962e+00 1.600920e-01 3.228722e-01 3.603830e-01 2.016792e+00
2.187762e+00 1.559073e-01 3.187095e-01 3.547997e-01 2.044224e+00
2.238721e+00 1.517774e-01 3.145569e-01 3.492599e-01 2.072488e+00
2.290868e+00 1.477033e-01 3.104145e-01 3.437636e-01 2.101607e+00
2.344229e+00 1.436862e-01 3.062819e-01 3.383110e-01 2.131604e+00
2.398833e+00 1.397269e-01 3.021594e-01 3.329023e-01 2.162500e+00
2.454709e+00 1.358267e-01 2.980470e-01 3.275376e-01 2.194319e+00
2.511886e+00 1.319864e-01 2.939448e-01 3.222173e-01 2.227084e+00
2.570396e+00 1.282072e-01 2.898533e-01 3.169417e-01 2.260820e+00
2.630268e+00 1.244899e-01 2.857728e-01 3.117111e-01 2.295551e+00
2.691535e+00 1.208354e-01 2.817037e-01 3.065260e-01 2.331302e+00
2.754229e+00 1.172446e-01 2.776467e-01 3.013867e-01 2.368098e+00
2.818383e+00 1.137183e-01 2.736023e-01 2.962939e-01 2.405965e+00
2.884032e+00 1.102573e-01 2.695712e-01 2.912479e-01 2.444930e+00
2.951209e+00 1.068621e-01 2.655544e-01 2.862492e-01 2.485019e+00
3.019952e+00 1.035334e-01 2.615524e-01 2.812985e-01 2.526260e+00
3.090295e+00 1.002718e-01 2.575664e-01 2.763962e-01 2.568681e+00
3.162278e+00 9.707773e-02 2.535972e-01 2.715430e-01 2.612310e+00
3.235937e+00 9.395151e-02 2.496457e-01 2.667394e-01 2.657176e+00
3.311311e+00 9.089348e-02 2.457132e-01 2.619859e-01 2.703309e+00
3.388442e+00 8.790386e-02 2.418005e-01 2.572831e-01 2.750738e+00
3.467369e+00 8.498279e-02 2.379089e-01 2.526316e-01 2.799495e+00
3.548134e+00 8.213032e-02 2.340394e-01 2.480319e-01 2.849610e+00
3.630781e+00 7.934644e-02 2.301931e-01 2.434846e-01 2.901115e+00
3.715352e+00 7.663103e-02 2.263713e-01 2.389902e-01 2.954043e+00
3.801894e+00 7.398390e-02 2.225751e-01 2.345491e-01 3.008426e+00
3.890451e+00 7.140477e-02 2.188055e-01 2.301619e-01 3.064298e+00
3.981072e+00 6.889331e-02 2.150639e-01 2.258290e-01 3.121695e+00
4.073803e+00 6.644907e-02 2.113512e-01 2.215509e-01 3.180649e+00
4.168694e+00 6.407155e-02 2.076686e-01 2.173279e-01 3.241198e+00
4.265795e+00 6.176018e-02 2.040172e-01 2.131603e-01 3.303377e+00
4.365158e+00 5.951431e-02 2.003980e-01 2.090486e-01 3.367224e+00
4.466836e+00 5.733323e-02 1.968121e-01 2.049930e-01 3.432776e+00
4.570882e+00 5.521616e-02 1.932605e-01 2.009937e-01 3.500072e+00
4.677351e+00 5.316227e-02 1.897442e-01 1.970510e-01 3.569152e+00
4.786301e+00 5.117066e-02 1.862640e-01 1.931650e-01 3.640055e+00
4.897788e+00 4.924040e-02 1.828209e-01 1.893359e-01 3.712822e+00
5.011872e+00 4.737050e-02 1.794156e-01 1.855638e-01 3.787497e+00
5.128614e+00 4.555992e-02 1.760490e-01 1.818487e-01 3.864120e+00
5.248075e+00 4.380759e-02 1.727218e-01 1.781907e-01 3.942736e+00
5.370318e+00 4.211240e-02 1.694346e-01 1.745896e-01 4.023390e+00
5.495409e+00 4.047322e-02 1.661882e-01 1.710456e-01 4.106127e+00
5.623413e+00 3.888887e-02 1.629830e-01 1.675584e-01 4.190994e+00
5.754399e+00 3.735817e-02 1.598196e-01 1.641279e-01 4.278037e+00
5.888437e+00 3.587991e-02 1.566986e-01 1.607539e-01 4.367306e+00
6.025596e+00 3.445286e-02 1.536202e-01 1.574362e-01 4.458851e+00
6.165950e+00 3.307579e-02 1.505849e-01 1.541746e-01 4.552721e+00
6.309573e+00 3.174745e-02 1.475929e-01 1.509688e-01 4.648970e+00
6.456542e+00 3.046658e-02 1.446446e-01 1.478184e-01 4.747649e+00
6.606934e+00 2.923193e-02 1.417402e-01 1.447231e-01 4.848814e+00
6.760830e+00 2.804225e-02 1.388798e-01 1.416826e-01 4.952520e+00
6.918310e+00 2.689628e-02 1.360635e-01 1.386964e-01 5.058822e+00
7.079458e+00 2.579278e-02 1.332914e-01 1.357640e-01 5.167781e+00
7.244360e+00 2.473052e-02 1.305636e-01 1.328851e-01 5.279454e+00
7.413102e+00 2.370825e-02 1.278800e-01 1.300591e-01 5.393902e+00
7.585776e+00 2.272478e-02 1.252406e-01 1.272856e-01 5.511188e+00
7.762471e+00 2.177890e-02 1.226452e-01 1.245639e-01 5.631374e+00
7.943282e+00 2.086943e-02 1.200937e-01 1.218935e-01 5.754527e+00
8.128305e+00 1.999520e-02 1.175860e-01 1.192739e-01 5.880712e+00
8.317638e+00 1.915506e-02 1.151218e-01 1.167046e-01 6.009997e+00
8.511380e+00 1.834788e-02 1.127010e-01 1.141847e-01 6.142453e+00
8.709636e+00 1.757256e-02 1.103232e-01 1.117139e-01 6.278150e+00
8.912509e+00 1.682802e-02 1.079881e-01 1.092914e-01 6.417161e+00
9.120108e+00 1.611319e-02 1.056954e-01 1.069166e-01 6.559560e+00
9.332543e+00 1.542703e-02 1.034448e-01 1.045888e-01 6.705425e+00
9.549926e+00 1.476854e-02 1.012359e-01 1.023075e-01 6.854833e+00
9.772372e+00 1.413673e-02 9.906829e-02 1.000718e-01 7.007864e+00
1.000000e+01 1.353063e-02 9.694155e-02 9.788127e-02 7.164600e+00
