1.000000e-06 6.336794e+01 8.745584e-01 6.337398e+01 1.380127e-02
1.023293e-06 6.336722e+01 8.949165e-01 6.337354e+01 1.412270e-02
1.047129e-06 6.336647e+01 9.157479e-01 6.337308e+01 1.445162e-02
1.071519e-06 6.336568e+01 9.370636e-01 6.337260e+01 1.478819e-02
1.096478e-06 6.336485e+01 9.588746e-01 6.337210e+01 1.513260e-02
1.122018e-06 6.336398e+01 9.811926e-01 6.337158e+01 1.548502e-02
1.148154e-06 6.336308e+01 1.004029e+00 6.337103e+01 1.584565e-02
1.174898e-06 6.336213e+01 1.027396e+00 6.337045e+01 1.621468e-02
1.202264e-06 6.336113e+01 1.051307e+00 6.336985e+01 1.659230e-02
1.230269e-06 6.336009e+01 1.075772e+00 6.336922e+01 1.697870e-02
1.258925e-06 6.335900e+01 1.100806e+00 6.336856e+01 1.737411e-02
1.288250e-06 6.335786e+01 1.126421e+00 6.336787e+01 1.777871e-02
1.318257e-06 6.335666e+01 1.152631e+00 6.336715e+01 1.819274e-02
1.348963e-06 6.335541e+01 1.179450e+00 6.336639e+01 1.861640e-02
1.380384e-06 6.335410e+01 1.206891e+00 6.336559e+01 1.904993e-02
1.412538e-06 6.335273e+01 1.234969e+00 6.336476e+01 1.949354e-02
1.445440e-06 6.335129e+01 1.263699e+00 6.336389e+01 1.994748e-02
1.479108e-06 6.334979e+01 1.293095e+00 6.336298e+01 2.041199e-02
1.513561e-06 6.334821e+01 1.323173e+00 6.336203e+01 2.088730e-02
1.548817e-06 6.334656e+01 1.353949e+00 6.336103e+01 2.137368e-02
1.584893e-06 6.334483e+01 1.385438e+00 6.335998e+01 2.187137e-02
1.621810e-06 6.334303e+01 1.417658e+00 6.335889e+01 2.238065e-02
1.659587e-06 6.334113e+01 1.450624e+00 6.335774e+01 2.290177e-02
1.698244e-06 6.333915e+01 1.484354e+00 6.335654e+01 2.343502e-02
1.737801e-06 6.333707e+01 1.518866e+00 6.335528e+01 2.398068e-02
1.778279e-06 6.333490e+01 1.554177e+00 6.335397e+01 2.453903e-02
1.819701e-06 6.333262e+01 1.590306e+00 6.335259e+01 2.511037e-02
1.862087e-06 6.333024e+01 1.627271e+00 6.335114e+01 2.569501e-02
1.905461e-06 6.332775e+01 1.665091e+00 6.334963e+01 2.629324e-02
1.949845e-06 6.332513e+01 1.703787e+00 6.334805e+01 2.690538e-02
1.995262e-06 6.332240e+01 1.743377e+00 6.334639e+01 2.753177e-02
2.041738e-06 6.331954e+01 1.783883e+00 6.334466e+01 2.817272e-02
2.089296e-06 6.331654e+01 1.825325e+00 6.334284e+01 2.882857e-02
2.137962e-06 6.331340e+01 1.867725e+00 6.334094e+01 2.949967e-02
2.187762e-06 6.331011e+01 1.911103e+00 6.333895e+01 3.018638e-02
2.238721e-06 6.330667e+01 1.955483e+00 6.333686e+01 3.088906e-02
2.290868e-06 6.330307e+01 2.000887e+00 6.333468e+01 3.160806e-02
2.344229e-06 6.329930e+01 2.047339e+00 6.333240e+01 3.234378e-02
2.398833e-06 6.329535e+01 2.094861e+00 6.333000e+01 3.309660e-02
2.454709e-06 6.329121e+01 2.143478e+00 6.332750e+01 3.386692e-02
2.511886e-06 6.328688e+01 2.193215e+00 6.332488e+01 3.465513e-02
2.570396e-06 6.328235e+01 2.244097e+00 6.332213e+01 3.546166e-02
2.630268e-06 6.327761e+01 2.296150e+00 6.331925e+01 3.628693e-02
2.691535e-06 6.327264e+01 2.349399e+00 6.331624e+01 3.713136e-02
2.754229e-06 6.326744e+01 2.403872e+00 6.331309e+01 3.799541e-02
2.818383e-06 6.326200e+01 2.459596e+00 6.330979e+01 3.887952e-02
2.884032e-06 6.325630e+01 2.516599e+00 6.330634e+01 3.978417e-02
2.951209e-06 6.325033e+01 2.574909e+00 6.330272e+01 4.070981e-02
3.019952e-06 6.324408e+01 2.634555e+00 6.329893e+01 4.165694e-02
3.090295e-06 6.323755e+01 2.695567e+00 6.329497e+01 4.262605e-02
3.162278e-06 6.323070e+01 2.757974e+00 6.329082e+01 4.361765e-02
3.235937e-06 6.322353e+01 2.821809e+00 6.328647e+01 4.463225e-02
3.311311e-06 6.321603e+01 2.887101e+00 6.328193e+01 4.567039e-02
3.388442e-06 6.320818e+01 2.953883e+00 6.327716e+01 4.673260e-02
3.467369e-06 6.319996e+01 3.022187e+00 6.327218e+01 4.781944e-02
3.548134e-06 6.319136e+01 3.092046e+00 6.326696e+01 4.893148e-02
3.630781e-06 6.318235e+01 3.163495e+00 6.326150e+01 5.006928e-02
3.715352e-06 6.317292e+01 3.236567e+00 6.325578e+01 5.123346e-02
3.801894e-06 6.316306e+01 3.311298e+00 6.324979e+01 5.242460e-02
3.890451e-06 6.315273e+01 3.387722e+00 6.324353e+01 5.364332e-02
3.981072e-06 6.314192e+01 3.465876e+00 6.323697e+01 5.489026e-02
4.073803e-06 6.313060e+01 3.545797e+00 6.323010e+01 5.616606e-02
4.168694e-06 6.311876e+01 3.627523e+00 6.322291e+01 5.747139e-02
4.265795e-06 6.310636e+01 3.711090e+00 6.321539e+01 5.880690e-02
4.365158e-06 6.309339e+01 3.796538e+00 6.320751e+01 6.017330e-02
4.466836e-06 6.307981e+01 3.883905e+00 6.319927e+01 6.157129e-02
4.570882e-06 6.306561e+01 3.973232e+00 6.319064e+01 6.300157e-02
4.677351e-06 6.305074e+01 4.064559e+00 6.318161e+01 6.446490e-02
4.786301e-06 6.303518e+01 4.157927e+00 6.317216e+01 6.596201e-02
4.897788e-06 6.301889e+01 4.253377e+00 6.316227e+01 6.749368e-02
5.011872e-06 6.300185e+01 4.350951e+00 6.315191e+01 6.906069e-02
5.128614e-06 6.298402e+01 4.450692e+00 6.314108e+01 7.066382e-02
5.248075e-06 6.296537e+01 4.552642e+00 6.312974e+01 7.230391e-02
5.370318e-06 6.294585e+01 4.656846e+00 6.311787e+01 7.398178e-02
5.495409e-06 6.292543e+01 4.763347e+00 6.310546e+01 7.569828e-02
5.623413e-06 6.290406e+01 4.872189e+00 6.309246e+01 7.745429e-02
5.754399e-06 6.288170e+01 4.983418e+00 6.307886e+01 7.925068e-02
5.888437e-06 6.285832e+01 5.097078e+00 6.306463e+01 8.108836e-02
6.025596e-06 6.283385e+01 5.213215e+00 6.304975e+01 8.296825e-02
6.165950e-06 6.280826e+01 5.331875e+00 6.303417e+01 8.489130e-02
6.309573e-06 6.278149e+01 5.453104e+00 6.301787e+01 8.685847e-02
6.456542e-06 6.275349e+01 5.576948e+00 6.300082e+01 8.887072e-02
6.606934e-06 6.272421e+01 5.703454e+00 6.298298e+01 9.092907e-02
6.760830e-06 6.269358e+01 5.832668e+00 6.296431e+01 9.303453e-02
6.918310e-06 6.266155e+01 5.964636e+00 6.294479e+01 9.518814e-02
7.079458e-06 6.262806e+01 6.099406e+00 6.292437e+01 9.739095e-02
7.244360e-06 6.259303e+01 6.237023e+00 6.290301e+01 9.964405e-02
7.413102e-06 6.255641e+01 6.377535e+00 6.288066e+01 1.019485e-01
7.585776e-06 6.251812e+01 6.520986e+00 6.285729e+01 1.043055e-01
7.762471e-06 6.247810e+01 6.667422e+00 6.283285e+01 1.067162e-01
7.943282e-06 6.243625e+01 6.816889e+00 6.280729e+01 1.091816e-01
8.128305e-06 6.239251e+01 6.969431e+00 6.278056e+01 1.117030e-01
8.317638e-06 6.234680e+01 7.125091e+00 6.275261e+01 1.142816e-01
8.511380e-06 6.229902e+01 7.283914e+00 6.272339e+01 1.169186e-01
8.709636e-06 6.224909e+01 7.445941e+00 6.269283e+01 1.196153e-01
8.912509e-06 6.219692e+01 7.611213e+00 6.266089e+01 1.223728e-01
9.120108e-06 6.214241e+01 7.779770e+00 6.262750e+01 1.251926e-01
9.332543e-06 6.208546e+01 7.951650e+00 6.259260e+01 1.280759e-01
9.549926e-06 6.202597e+01 8.126890e+00 6.255611e+01 1.310240e-01
9.772372e-06 6.196383e+01 8.305525e+00 6.251799e+01 1.340383e-01
1.000000e-05 6.189894e+01 8.487589e+00 6.247814e+01 1.371201e-01
1.023293e-05 6.183118e+01 8.673112e+00 6.243651e+01 1.402708e-01
1.047129e-05 6.176043e+01 8.862123e+00 6.239301e+01 1.434919e-01
1.071519e-05 6.168656e+01 9.054648e+00 6.234756e+01 1.467848e-01
1.096478e-05 6.160946e+01 9.250710e+00 6.230009e+01 1.501508e-01
1.122018e-05 6.152899e+01 9.450330e+00 6.225050e+01 1.535915e-01
1.148154e-05 6.144501e+01 9.653523e+00 6.219872e+01 1.571083e-01
1.174898e-05 6.135740e+01 9.860304e+00 6.214464e+01 1.607028e-01
1.202264e-05 6.126600e+01 1.007068e+01 6.208817e+01 1.643764e-01
1.230269e-05 6.117067e+01 1.028466e+01 6.202923e+01 1.681306e-01
1.258925e-05 6.107125e+01 1.050224e+01 6.196769e+01 1.719670e-01
1.288250e-05 6.096760e+01 1.072342e+01 6.190347e+01 1.758871e-01
1.318257e-05 6.085955e+01 1.094818e+01 6.183645e+01 1.798926e-01
1.348963e-05 6.074693e+01 1.117652e+01 6.176653e+01 1.839849e-01
1.380384e-05 6.062958e+01 1.140840e+01 6.169358e+01 1.881656e-01
1.412538e-05 6.050733e+01 1.164381e+01 6.161749e+01 1.924364e-01
1.445440e-05 6.038000e+01 1.188271e+01 6.153814e+01 1.967987e-01
1.479108e-05 6.024741e+01 1.212505e+01 6.145541e+01 2.012543e-01
1.513561e-05 6.010938e+01 1.237078e+01 6.136916e+01 2.058046e-01
1.548817e-05 5.996572e+01 1.261986e+01 6.127926e+01 2.104513e-01
1.584893e-05 5.981624e+01 1.287221e+01 6.118558e+01 2.151959e-01
1.621810e-05 5.966074e+01 1.312775e+01 6.108799e+01 2.200400e-01
1.659587e-05 5.949905e+01 1.338641e+01 6.098633e+01 2.249852e-01
1.698244e-05 5.933094e+01 1.364808e+01 6.088047e+01 2.300331e-01
1.737801e-05 5.915624e+01 1.391266e+01 6.077025e+01 2.351851e-01
1.778279e-05 5.897473e+01 1.418005e+01 6.065553e+01 2.404427e-01
1.819701e-05 5.878622e+01 1.445010e+01 6.053615e+01 2.458076e-01
1.862087e-05 5.859051e+01 1.472268e+01 6.041196e+01 2.512810e-01
1.905461e-05 5.838738e+01 1.499764e+01 6.028280e+01 2.568644e-01
1.949845e-05 5.817665e+01 1.527482e+01 6.014850e+01 2.625593e-01
1.995262e-05 5.795811e+01 1.555403e+01 6.000892e+01 2.683668e-01
2.041738e-05 5.773156e+01 1.583510e+01 5.986387e+01 2.742885e-01
2.089296e-05 5.749681e+01 1.611781e+01 5.971321e+01 2.803253e-01
2.137962e-05 5.725368e+01 1.640195e+01 5.955676e+01 2.864786e-01
2.187762e-05 5.700196e+01 1.668729e+01 5.939436e+01 2.927494e-01
2.238721e-05 5.674149e+01 1.697358e+01 5.922583e+01 2.991388e-01
2.290868e-05 5.647209e+01 1.726056e+01 5.905103e+01 3.056476e-01
2.344229e-05 5.619359e+01 1.754795e+01 5.886977e+01 3.122767e-01
2.398833e-05 5.590583e+01 1.783547e+01 5.868190e+01 3.190270e-01
2.454709e-05 5.560866e+01 1.812280e+01 5.848726e+01 3.258989e-01
2.511886e-05 5.530195e+01 1.840963e+01 5.828568e+01 3.328930e-01
2.570396e-05 5.498557e+01 1.869563e+01 5.807702e+01 3.400098e-01
2.630268e-05 5.465941e+01 1.898045e+01 5.786111e+01 3.472494e-01
2.691535e-05 5.432336e+01 1.926371e+01 5.763782e+01 3.546120e-01
2.754229e-05 5.397734e+01 1.954506e+01 5.740700e+01 3.620975e-01
2.818383e-05 5.362130e+01 1.982409e+01 5.716851e+01 3.697056e-01
2.884032e-05 5.325517e+01 2.010042e+01 5.692223e+01 3.774360e-01
2.951209e-05 5.287893e+01 2.037362e+01 5.666803e+01 3.852881e-01
3.019952e-05 5.249256e+01 2.064327e+01 5.640580e+01 3.932609e-01
3.090295e-05 5.209609e+01 2.090895e+01 5.613544e+01 4.013535e-01
3.162278e-05 5.168955e+01 2.117021e+01 5.585685e+01 4.095647e-01
3.235937e-05 5.127299e+01 2.142661e+01 5.556994e+01 4.178927e-01
3.311311e-05 5.084649e+01 2.167769e+01 5.527466e+01 4.263360e-01
3.388442e-05 5.041018e+01 2.192300e+01 5.497093e+01 4.348923e-01
3.467369e-05 4.996417e+01 2.216207e+01 5.465872e+01 4.435593e-01
3.548134e-05 4.950864e+01 2.239446e+01 5.433799e+01 4.523343e-01
3.630781e-05 4.904377e+01 2.261969e+01 5.400872e+01 4.612143e-01
3.715352e-05 4.856978e+01 2.283732e+01 5.367091e+01 4.701960e-01
3.801894e-05 4.808692e+01 2.304689e+01 5.332459e+01 4.792756e-01
3.890451e-05 4.759547e+01 2.324796e+01 5.296977e+01 4.884491e-01
3.981072e-05 4.709571e+01 2.344010e+01 5.260651e+01 4.977120e-01
4.073803e-05 4.658800e+01 2.362288e+01 5.223487e+01 5.070594e-01
4.168694e-05 4.607267e+01 2.379589e+01 5.185495e+01 5.164861e-01
4.265795e-05 4.555013e+01 2.395875e+01 5.146684e+01 5.259863e-01
4.365158e-05 4.502078e+01 2.411106e+01 5.107068e+01 5.355539e-01
4.466836e-05 4.448507e+01 2.425248e+01 5.066659e+01 5.451824e-01
4.570882e-05 4.394344e+01 2.438266e+01 5.025475e+01 5.548647e-01
4.677351e-05 4.339639e+01 2.450131e+01 4.983534e+01 5.645931e-01
4.786301e-05 4.284443e+01 2.460812e+01 4.940855e+01 5.743599e-01
4.897788e-05 4.228807e+01 2.470285e+01 4.897460e+01 5.841564e-01
5.011872e-05 4.172787e+01 2.478526e+01 4.853374e+01 5.939736e-01
5.128614e-05 4.116439e+01 2.485515e+01 4.808622e+01 6.038022e-01
5.248075e-05 4.059818e+01 2.491235e+01 4.763232e+01 6.136322e-01
5.370318e-05 4.002985e+01 2.495674e+01 4.717232e+01 6.234532e-01
5.495409e-05 3.945998e+01 2.498820e+01 4.670653e+01 6.332542e-01
5.623413e-05 3.888916e+01 2.500666e+01 4.623527e+01 6.430239e-01
5.754399e-05 3.831802e+01 2.501210e+01 4.575889e+01 6.527504e-01
5.888437e-05 3.774714e+01 2.500452e+01 4.527773e+01 6.624216e-01
6.025596e-05 3.717714e+01 2.498395e+01 4.479215e+01 6.720246e-01
6.165950e-05 3.660860e+01 2.495046e+01 4.430254e+01 6.815463e-01
6.309573e-05 3.604214e+01 2.490416e+01 4.380928e+01 6.909734e-01
6.456542e-05 3.547832e+01 2.484518e+01 4.331275e+01 7.002920e-01
6.606934e-05 3.491773e+01 2.477370e+01 4.281336e+01 7.094879e-01
6.760830e-05 3.436092e+01 2.468992e+01 4.231152e+01 7.185468e-01
6.918310e-05 3.380843e+01 2.459408e+01 4.180764e+01 7.274540e-01
7.079458e-05 3.326081e+01 2.448643e+01 4.130214e+01 7.361947e-01
7.244360e-05 3.271854e+01 2.436726e+01 4.079542e+01 7.447540e-01
7.413102e-05 3.218212e+01 2.423690e+01 4.028792e+01 7.531169e-01
7.585776e-05 3.165201e+01 2.409567e+01 3.978004e+01 7.612682e-01
7.762471e-05 3.112866e+01 2.394395e+01 3.927220e+01 7.691931e-01
7.943282e-05 3.061246e+01 2.378210e+01 3.876482e+01 7.768764e-01
8.128305e-05 3.010382e+01 2.361054e+01 3.825830e+01 7.843036e-01
8.317638e-05 2.960309e+01 2.342966e+01 3.775304e+01 7.914600e-01
8.511380e-05 2.911060e+01 2.323991e+01 3.724944e+01 7.983315e-01
8.709636e-05 2.862666e+01 2.304172e+01 3.674788e+01 8.049042e-01
8.912509e-05 2.815154e+01 2.283554e+01 3.624874e+01 8.111647e-01
9.120108e-05 2.768550e+01 2.262182e+01 3.575239e+01 8.171001e-01
9.332543e-05 2.722874e+01 2.240103e+01 3.525919e+01 8.226981e-01
9.549926e-05 2.678146e+01 2.217363e+01 3.476948e+01 8.279470e-01
9.772372e-05 2.634382e+01 2.194008e+01 3.428359e+01 8.328360e-01
1.000000e-04 2.591597e+01 2.170086e+01 3.380184e+01 8.373547e-01
1.023293e-04 2.549800e+01 2.145641e+01 3.332455e+01 8.414941e-01
1.047129e-04 2.509000e+01 2.120721e+01 3.285200e+01 8.452456e-01
1.071519e-04 2.469203e+01 2.095370e+01 3.238447e+01 8.486018e-01
1.096478e-04 2.430413e+01 2.069634e+01 3.192224e+01 8.515563e-01
1.122018e-04 2.392631e+01 2.043555e+01 3.146553e+01 8.541037e-01
1.148154e-04 2.355855e+01 2.017177e+01 3.101460e+01 8.562398e-01
1.174898e-04 2.320083e+01 1.990542e+01 3.056966e+01 8.579613e-01
1.202264e-04 2.285310e+01 1.963690e+01 3.013092e+01 8.592663e-01
1.230269e-04 2.251529e+01 1.936661e+01 2.969855e+01 8.601537e-01
1.258925e-04 2.218732e+01 1.909494e+01 2.927275e+01 8.606240e-01
1.288250e-04 2.186909e+01 1.882225e+01 2.885367e+01 8.606785e-01
1.318257e-04 2.156047e+01 1.854890e+01 2.844144e+01 8.603199e-01
1.348963e-04 2.126135e+01 1.827524e+01 2.803622e+01 8.595519e-01
1.380384e-04 2.097159e+01 1.800158e+01 2.763810e+01 8.583794e-01
1.412538e-04 2.069103e+01 1.772824e+01 2.724719e+01 8.568084e-01
1.445440e-04 2.041951e+01 1.745553e+01 2.686358e+01 8.548458e-01
1.479108e-04 2.015686e+01 1.718372e+01 2.648734e+01 8.524998e-01
1.513561e-04 1.990291e+01 1.691308e+01 2.611854e+01 8.497793e-01
1.548817e-04 1.965748e+01 1.664387e+01 2.575723e+01 8.466943e-01
1.584893e-04 1.942036e+01 1.637633e+01 2.540344e+01 8.432556e-01
1.621810e-04 1.919138e+01 1.611068e+01 2.505720e+01 8.394748e-01
1.659587e-04 1.897033e+01 1.584714e+01 2.471852e+01 8.353644e-01
1.698244e-04 1.875701e+01 1.558590e+01 2.438741e+01 8.309372e-01
1.737801e-04 1.855122e+01 1.532715e+01 2.406385e+01 8.262070e-01
1.778279e-04 1.835275e+01 1.507106e+01 2.374784e+01 8.211879e-01
1.819701e-04 1.816140e+01 1.481778e+01 2.343935e+01 8.158946e-01
1.862087e-04 1.797695e+01 1.456748e+01 2.313833e+01 8.103421e-01
1.905461e-04 1.779922e+01 1.432028e+01 2.284475e+01 8.045457e-01
1.949845e-04 1.762798e+01 1.407631e+01 2.255855e+01 7.985212e-01
1.995262e-04 1.746303e+01 1.383568e+01 2.227967e+01 7.922842e-01
2.041738e-04 1.730418e+01 1.359850e+01 2.200804e+01 7.858507e-01
2.089296e-04 1.715121e+01 1.336485e+01 2.174358e+01 7.792367e-01
2.137962e-04 1.700394e+01 1.313483e+01 2.148622e+01 7.724582e-01
2.187762e-04 1.686216e+01 1.290851e+01 2.123587e+01 7.655310e-01
2.238721e-04 1.672569e+01 1.268595e+01 2.099243e+01 7.584710e-01
2.290868e-04 1.659433e+01 1.246722e+01 2.075580e+01 7.512939e-01
2.344229e-04 1.646789e+01 1.225236e+01 2.052588e+01 7.440150e-01
2.398833e-04 1.634619e+01 1.204142e+01 2.030255e+01 7.366496e-01
2.454709e-04 1.622906e+01 1.183443e+01 2.008572e+01 7.292125e-01
2.511886e-04 1.611631e+01 1.163143e+01 1.987525e+01 7.217183e-01
2.570396e-04 1.600777e+01 1.143245e+01 1.967103e+01 7.141811e-01
2.630268e-04 1.590328e+01 1.123749e+01 1.947294e+01 7.066149e-01
2.691535e-04 1.580266e+01 1.104658e+01 1.928084e+01 6.990329e-01
2.754229e-04 1.570576e+01 1.085972e+01 1.909462e+01 6.914483e-01
2.818383e-04 1.561242e+01 1.067692e+01 1.891413e+01 6.838734e-01
2.884032e-04 1.552248e+01 1.049817e+01 1.873924e+01 6.763205e-01
2.951209e-04 1.543580e+01 1.032348e+01 1.856982e+01 6.688011e-01
3.019952e-04 1.535223e+01 1.015283e+01 1.840573e+01 6.613263e-01
3.090295e-04 1.527163e+01 9.986221e+00 1.824684e+01 6.539068e-01
3.162278e-04 1.519385e+01 9.823628e+00 1.809300e+01 6.465529e-01
3.235937e-04 1.511877e+01 9.665038e+00 1.794408e+01 6.392741e-01
3.311311e-04 1.504625e+01 9.510431e+00 1.779994e+01 6.320798e-01
3.388442e-04 1.497616e+01 9.359784e+00 1.766044e+01 6.249788e-01
3.467369e-04 1.490839e+01 9.213073e+00 1.752543e+01 6.179792e-01
3.548134e-04 1.484280e+01 9.070271e+00 1.739478e+01 6.110890e-01
3.630781e-04 1.477928e+01 8.931348e+00 1.726835e+01 6.043156e-01
3.715352e-04 1.471771e+01 8.796275e+00 1.714601e+01 5.976659e-01
3.801894e-04 1.465799e+01 8.665020e+00 1.702760e+01 5.911464e-01
3.890451e-04 1.460000e+01 8.537548e+00 1.691301e+01 5.847634e-01
3.981072e-04 1.454364e+01 8.413825e+00 1.680208e+01 5.785226e-01
4.073803e-04 1.448880e+01 8.293814e+00 1.669469e+01 5.724292e-01
4.168694e-04 1.443539e+01 8.177478e+00 1.659071e+01 5.664884e-01
4.265795e-04 1.438329e+01 8.064779e+00 1.648999e+01 5.607047e-01
4.365158e-04 1.433242e+01 7.955676e+00 1.639241e+01 5.550824e-01
4.466836e-04 1.428269e+01 7.850129e+00 1.629784e+01 5.496255e-01
4.570882e-04 1.423399e+01 7.748098e+00 1.620616e+01 5.443376e-01
4.677351e-04 1.418625e+01 7.649539e+00 1.611723e+01 5.392221e-01
4.786301e-04 1.413937e+01 7.554410e+00 1.603093e+01 5.342820e-01
4.897788e-04 1.409326e+01 7.462667e+00 1.594715e+01 5.295201e-01
5.011872e-04 1.404785e+01 7.374265e+00 1.586575e+01 5.249389e-01
5.128614e-04 1.400305e+01 7.289160e+00 1.578662e+01 5.205408e-01
5.248075e-04 1.395878e+01 7.207306e+00 1.570964e+01 5.163277e-01
5.370318e-04 1.391496e+01 7.128656e+00 1.563470e+01 5.123016e-01
5.495409e-04 1.387151e+01 7.053162e+00 1.556168e+01 5.084638e-01
5.623413e-04 1.382836e+01 6.980777e+00 1.549047e+01 5.048160e-01
5.754399e-04 1.378543e+01 6.911453e+00 1.542097e+01 5.013593e-01
5.888437e-04 1.374264e+01 6.845139e+00 1.535305e+01 4.980947e-01
6.025596e-04 1.369994e+01 6.781786e+00 1.528662e+01 4.950231e-01
6.165950e-04 1.365723e+01 6.721341e+00 1.522158e+01 4.921452e-01
6.309573e-04 1.361446e+01 6.663755e+00 1.515781e+01 4.894614e-01
6.456542e-04 1.357156e+01 6.608973e+00 1.509522e+01 4.869722e-01
6.606934e-04 1.352846e+01 6.556942e+00 1.503371e+01 4.846778e-01
6.760830e-04 1.348508e+01 6.507606e+00 1.497319e+01 4.825782e-01
6.918310e-04 1.344137e+01 6.460912e+00 1.491355e+01 4.806734e-01
7.079458e-04 1.339727e+01 6.416800e+00 1.485470e+01 4.789633e-01
7.244360e-04 1.335270e+01 6.375214e+00 1.479656e+01 4.774474e-01
7.413102e-04 1.330762e+01 6.336095e+00 1.473902e+01 4.761254e-01
7.585776e-04 1.326195e+01 6.299381e+00 1.468201e+01 4.749967e-01
7.762471e-04 1.321563e+01 6.265010e+00 1.462543e+01 4.740605e-01
7.943282e-04 1.316862e+01 6.232921e+00 1.456921e+01 4.733162e-01
8.128305e-04 1.312085e+01 6.203048e+00 1.451325e+01 4.727626e-01
8.317638e-04 1.307227e+01 6.175325e+00 1.445748e+01 4.723989e-01
8.511380e-04 1.302282e+01 6.149684e+00 1.440182e+01 4.722237e-01
8.709636e-04 1.297245e+01 6.126057e+00 1.434619e+01 4.722358e-01
8.912509e-04 1.292112e+01 6.104374e+00 1.429051e+01 4.724338e-01
9.120108e-04 1.286877e+01 6.084560e+00 1.423471e+01 4.728161e-01
9.332543e-04 1.281535e+01 6.066544e+00 1.417872e+01 4.733810e-01
9.549926e-04 1.276083e+01 6.050250e+00 1.412247e+01 4.741267e-01
9.772372e-04 1.270515e+01 6.035600e+00 1.406589e+01 4.750514e-01
1.000000e-03 1.264828e+01 6.022516e+00 1.400892e+01 4.761528e-01
1.023293e-03 1.259019e+01 6.010917e+00 1.395148e+01 4.774287e-01
1.047129e-03 1.253082e+01 6.000722e+00 1.389353e+01 4.788769e-01
1.071519e-03 1.247016e+01 5.991848e+00 1.383500e+01 4.804947e-01
1.096478e-03 1.240817e+01 5.984209e+00 1.377583e+01 4.822796e-01
1.122018e-03 1.234483e+01 5.977719e+00 1.371597e+01 4.842286e-01
1.148154e-03 1.228011e+01 5.972292e+00 1.365537e+01 4.863388e-01
1.174898e-03 1.221398e+01 5.967838e+00 1.359399e+01 4.886070e-01
1.202264e-03 1.214644e+01 5.964267e+00 1.353176e+01 4.910299e-01
1.230269e-03 1.207747e+01 5.961490e+00 1.346866e+01 4.936040e-01
1.258925e-03 1.200707e+01 5.959415e+00 1.340464e+01 4.963256e-01
1.288250e-03 1.193521e+01 5.957949e+00 1.333966e+01 4.991909e-01
1.318257e-03 1.186191e+01 5.957001e+00 1.327369e+01 5.021958e-01
1.348963e-03 1.178716e+01 5.956477e+00 1.320670e+01 5.053360e-01
1.380384e-03 1.171098e+01 5.956286e+00 1.313866e+01 5.086071e-01
1.412538e-03 1.163336e+01 5.956335e+00 1.306955e+01 5.120045e-01
1.445440e-03 1.155434e+01 5.956532e+00 1.299935e+01 5.155235e-01
1.479108e-03 1.147392e+01 5.956786e+00 1.292803e+01 5.191589e-01
1.513561e-03 1.139213e+01 5.957008e+00 1.285560e+01 5.229057e-01
1.548817e-03 1.130900e+01 5.957108e+00 1.278204e+01 5.267583e-01
1.584893e-03 1.122456e+01 5.956999e+00 1.270734e+01 5.307113e-01
1.621810e-03 1.113885e+01 5.956597e+00 1.263151e+01 5.347588e-01
1.659587e-03 1.105191e+01 5.955818e+00 1.255454e+01 5.388949e-01
1.698244e-03 1.096379e+01 5.954582e+00 1.247645e+01 5.431136e-01
1.737801e-03 1.087453e+01 5.952811e+00 1.239724e+01 5.474084e-01
1.778279e-03 1.078420e+01 5.950431e+00 1.231692e+01 5.517731e-01
1.819701e-03 1.069285e+01 5.947371e+00 1.223553e+01 5.562010e-01
1.862087e-03 1.060053e+01 5.943562e+00 1.215307e+01 5.606853e-01
1.905461e-03 1.050732e+01 5.938942e+00 1.206958e+01 5.652193e-01
1.949845e-03 1.041329e+01 5.933451e+00 1.198509e+01 5.697960e-01
1.995262e-03 1.031850e+01 5.927034e+00 1.189963e+01 5.744084e-01
2.041738e-03 1.022303e+01 5.919641e+00 1.181324e+01 5.790494e-01
2.089296e-03 1.012696e+01 5.911226e+00 1.172595e+01 5.837118e-01
2.137962e-03 1.003036e+01 5.901749e+00 1.163782e+01 5.883884e-01
2.187762e-03 9.933318e+00 5.891174e+00 1.154888e+01 5.930721e-01
2.238721e-03 9.835909e+00 5.879471e+00 1.145920e+01 5.977557e-01
2.290868e-03 9.738219e+00 5.866616e+00 1.136882e+01 6.024321e-01
2.344229e-03 9.640328e+00 5.852588e+00 1.127780e+01 6.070943e-01
2.398833e-03 9.542322e+00 5.837375e+00 1.118619e+01 6.117352e-01
2.454709e-03 9.444283e+00 5.820966e+00 1.109406e+01 6.163481e-01
2.511886e-03 9.346293e+00 5.803360e+00 1.100146e+01 6.209264e-01
2.570396e-03 9.248433e+00 5.784557e+00 1.090847e+01 6.254634e-01
2.630268e-03 9.150784e+00 5.764565e+00 1.081513e+01 6.299531e-01
2.691535e-03 9.053425e+00 5.743396e+00 1.072153e+01 6.343894e-01
2.754229e-03 8.956431e+00 5.721068e+00 1.062771e+01 6.387664e-01
2.818383e-03 8.859878e+00 5.697600e+00 1.053376e+01 6.430789e-01
2.884032e-03 8.763836e+00 5.673021e+00 1.043973e+01 6.473217e-01
2.951209e-03 8.668375e+00 5.647360e+00 1.034569e+01 6.514901e-01
3.019952e-03 8.573559e+00 5.620651e+00 1.025171e+01 6.555797e-01
3.090295e-03 8.479453e+00 5.592933e+00 1.015785e+01 6.595865e-01
3.162278e-03 8.386113e+00 5.564246e+00 1.006418e+01 6.635072e-01
3.235937e-03 8.293594e+00 5.534635e+00 9.970752e+00 6.673385e-01
3.311311e-03 8.201949e+00 5.504147e+00 9.877631e+00 6.710780e-01
3.388442e-03 8.111223e+00 5.472832e+00 9.784877e+00 6.747234e-01
3.467369e-03 8.021459e+00 5.440741e+00 9.692547e+00 6.782733e-01
3.548134e-03 7.932695e+00 5.407928e+00 9.600695e+00 6.817265e-01
3.630781e-03 7.844966e+00 5.374448e+00 9.509374e+00 6.850824e-01
3.715352e-03 7.758302e+00 5.340357e+00 9.418634e+00 6.883410e-01
3.801894e-03 7.672728e+00 5.305712e+00 9.328523e+00 6.915026e-01
3.890451e-03 7.588266e+00 5.270569e+00 9.239084e+00 6.945683e-01
3.981072e-03 7.504932e+00 5.234987e+00 9.150361e+00 6.975396e-01
4.073803e-03 7.422740e+00 5.199023e+00 9.062390e+00 7.004184e-01
4.168694e-03 7.341698e+00 5.162735e+00 8.975208e+00 7.032072e-01
4.265795e-03 7.261812e+00 5.126178e+00 8.888848e+00 7.059089e-01
4.365158e-03 7.183083e+00 5.089408e+00 8.803338e+00 7.085270e-01
4.466836e-03 7.105509e+00 5.052480e+00 8.718705e+00 7.110653e-01
4.570882e-03 7.029082e+00 5.015448e+00 8.634970e+00 7.135280e-01
4.677351e-03 6.953796e+00 4.978361e+00 8.552155e+00 7.159200e-01
4.786301e-03 6.879636e+00 4.941271e+00 8.470275e+00 7.182461e-01
4.897788e-03 6.806587e+00 4.904226e+00 8.389342e+00 7.205117e-01
5.011872e-03 6.734632e+00 4.867271e+00 8.309368e+00 7.227227e-01
5.128614e-03 6.663750e+00 4.830451e+00 8.230360e+00 7.248848e-01
5.248075e-03 6.593917e+00 4.793807e+00 8.152321e+00 7.270044e-01
5.370318e-03 6.525109e+00 4.757379e+00 8.075252e+00 7.290880e-01
5.495409e-03 6.457297e+00 4.721202e+00 7.999152e+00 7.311422e-01
5.623413e-03 6.390453e+00 4.685312e+00 7.924017e+00 7.331737e-01
5.754399e-03 6.324546e+00 4.649740e+00 7.849838e+00 7.351896e-01
5.888437e-03 6.259544e+00 4.614515e+00 7.776608e+00 7.371968e-01
6.025596e-03 6.195413e+00 4.579664e+00 7.704315e+00 7.392024e-01
6.165950e-03 6.132119e+00 4.545210e+00 7.632943e+00 7.412137e-01
6.309573e-03 6.069627e+00 4.511175e+00 7.562477e+00 7.432376e-01
6.456542e-03 6.007900e+00 4.477576e+00 7.492900e+00 7.452814e-01
6.606934e-03 5.946903e+00 4.444430e+00 7.424191e+00 7.473520e-01
6.760830e-03 5.886598e+00 4.411749e+00 7.356329e+00 7.494565e-01
6.918310e-03 5.826949e+00 4.379545e+00 7.289290e+00 7.516017e-01
7.079458e-03 5.767919e+00 4.347824e+00 7.223050e+00 7.537942e-01
7.244360e-03 5.709470e+00 4.316592e+00 7.157584e+00 7.560408e-01
7.413102e-03 5.651566e+00 4.285852e+00 7.092865e+00 7.583477e-01
7.585776e-03 5.594172e+00 4.255605e+00 7.028865e+00 7.607211e-01
7.762471e-03 5.537252e+00 4.225848e+00 6.965555e+00 7.631671e-01
7.943282e-03 5.480771e+00 4.196578e+00 6.902906e+00 7.656912e-01
8.128305e-03 5.424694e+00 4.167787e+00 6.840888e+00 7.682989e-01
8.317638e-03 5.368990e+00 4.139467e+00 6.779472e+00 7.709954e-01
8.511380e-03 5.313626e+00 4.111608e+00 6.718626e+00 7.737856e-01
8.709636e-03 5.258572e+00 4.084196e+00 6.658321e+00 7.766740e-01
8.912509e-03 5.203797e+00 4.057218e+00 6.598524e+00 7.796648e-01
9.120108e-03 5.149275e+00 4.030657e+00 6.539207e+00 7.827619e-01
9.332543e-03 5.094979e+00 4.004495e+00 6.480339e+00 7.859688e-01
9.549926e-03 5.040884e+00 3.978712e+00 6.421889e+00 7.892887e-01
9.772372e-03 4.986966e+00 3.953289e+00 6.363829e+00 7.927242e-01
1.000000e-02 4.933204e+00 3.928201e+00 6.306129e+00 7.962779e-01
1.023293e-02 4.879579e+00 3.903427e+00 6.248763e+00 7.999516e-01
1.047129e-02 4.826073e+00 3.878942e+00 6.191701e+00 8.037470e-01
1.071519e-02 4.772669e+00 3.854719e+00 6.134919e+00 8.076652e-01
1.096478e-02 4.719355e+00 3.830733e+00 6.078391e+00 8.117069e-01
1.122018e-02 4.666119e+00 3.806958e+00 6.022092e+00 8.158724e-01
1.148154e-02 4.612950e+00 3.783364e+00 5.966000e+00 8.201616e-01
1.174898e-02 4.559841e+00 3.759926e+00 5.910093e+00 8.245739e-01
1.202264e-02 4.506787e+00 3.736614e+00 5.854350e+00 8.291083e-01
1.230269e-02 4.453784e+00 3.713401e+00 5.798754e+00 8.337632e-01
1.258925e-02 4.400831e+00 3.690259e+00 5.743286e+00 8.385368e-01
1.288250e-02 4.347929e+00 3.667160e+00 5.687930e+00 8.434267e-01
1.318257e-02 4.295081e+00 3.644076e+00 5.632673e+00 8.484301e-01
1.348963e-02 4.242290e+00 3.620980e+00 5.577502e+00 8.535437e-01
1.380384e-02 4.189565e+00 3.597847e+00 5.522405e+00 8.587638e-01
1.412538e-02 4.136914e+00 3.574650e+00 5.467375e+00 8.640862e-01
1.445440e-02 4.084347e+00 3.551366e+00 5.412402e+00 8.695065e-01
1.479108e-02 4.031877e+00 3.527971e+00 5.357482e+00 8.750195e-01
1.513561e-02 3.979518e+00 3.504443e+00 5.302611e+00 8.806199e-01
1.548817e-02 3.927285e+00 3.480760e+00 5.247786e+00 8.863018e-01
1.584893e-02 3.875195e+00 3.456903e+00 5.193006e+00 8.920592e-01
1.621810e-02 3.823266e+00 3.432854e+00 5.138273e+00 8.978853e-01
1.659587e-02 3.771518e+00 3.408598e+00 5.083590e+00 9.037733e-01
1.698244e-02 3.719972e+00 3.384118e+00 5.028960e+00 9.097160e-01
1.737801e-02 3.668648e+00 3.359402e+00 4.974390e+00 9.157057e-01
1.778279e-02 3.617569e+00 3.334439e+00 4.919887e+00 9.217346e-01
1.819701e-02 3.566758e+00 3.309219e+00 4.865459e+00 9.277946e-01
1.862087e-02 3.516238e+00 3.283735e+00 4.811117e+00 9.338773e-01
1.905461e-02 3.466033e+00 3.257981e+00 4.756872e+00 9.399741e-01
1.949845e-02 3.416167e+00 3.231955e+00 4.702736e+00 9.460764e-01
1.995262e-02 3.366663e+00 3.205652e+00 4.648723e+00 9.521751e-01
2.041738e-02 3.317545e+00 3.179075e+00 4.594847e+00 9.582614e-01
2.089296e-02 3.268837e+00 3.152224e+00 4.541125e+00 9.643261e-01
2.137962e-02 3.220561e+00 3.125104e+00 4.487571e+00 9.703601e-01
2.187762e-02 3.172741e+00 3.097719e+00 4.434202e+00 9.763543e-01
2.238721e-02 3.125398e+00 3.070077e+00 4.381037e+00 9.822995e-01
2.290868e-02 3.078553e+00 3.042186e+00 4.328093e+00 9.881868e-01
2.344229e-02 3.032227e+00 3.014056e+00 4.275387e+00 9.940073e-01
2.398833e-02 2.986439e+00 2.985699e+00 4.222939e+00 9.997522e-01
2.454709e-02 2.941206e+00 2.957127e+00 4.170767e+00 1.005413e+00
2.511886e-02 2.896547e+00 2.928354e+00 4.118889e+00 1.010981e+00
2.570396e-02 2.852476e+00 2.899396e+00 4.067324e+00 1.016449e+00
2.630268e-02 2.809009e+00 2.870268e+00 4.016089e+00 1.021808e+00
2.691535e-02 2.766159e+00 2.840988e+00 3.965204e+00 1.027052e+00
2.754229e-02 2.723936e+00 2.811572e+00 3.914686e+00 1.032172e+00
2.818383e-02 2.682353e+00 2.782039e+00 3.864552e+00 1.037164e+00
2.884032e-02 2.641418e+00 2.752408e+00 3.814818e+00 1.042019e+00
2.951209e-02 2.601138e+00 2.722697e+00 3.765501e+00 1.046733e+00
3.019952e-02 2.561520e+00 2.692927e+00 3.716617e+00 1.051300e+00
3.090295e-02 2.522569e+00 2.663117e+00 3.668180e+00 1.055716e+00
3.162278e-02 2.484288e+00 2.633286e+00 3.620204e+00 1.059976e+00
3.235937e-02 2.446679e+00 2.603453e+00 3.572703e+00 1.064076e+00
3.311311e-02 2.409743e+00 2.573640e+00 3.525689e+00 1.068014e+00
3.388442e-02 2.373480e+00 2.543864e+00 3.479174e+00 1.071786e+00
3.467369e-02 2.337888e+00 2.514145e+00 3.433168e+00 1.075391e+00
3.548134e-02 2.302964e+00 2.484501e+00 3.387682e+00 1.078828e+00
3.630781e-02 2.268704e+00 2.454951e+00 3.342724e+00 1.082094e+00
3.715352e-02 2.235103e+00 2.425512e+00 3.298302e+00 1.085190e+00
3.801894e-02 2.202155e+00 2.396201e+00 3.254422e+00 1.088116e+00
3.890451e-02 2.169853e+00 2.367035e+00 3.211092e+00 1.090873e+00
3.981072e-02 2.138189e+00 2.338029e+00 3.168317e+00 1.093462e+00
4.073803e-02 2.107154e+00 2.309199e+00 3.126100e+00 1.095885e+00
4.168694e-02 2.076740e+00 2.280559e+00 3.084444e+00 1.098144e+00
4.265795e-02 2.046935e+00 2.252122e+00 3.043353e+00 1.100241e+00
4.365158e-02 2.017729e+00 2.223902e+00 3.002827e+00 1.102180e+00
4.466836e-02 1.989112e+00 2.195910e+00 2.962868e+00 1.103965e+00
4.570882e-02 1.961070e+00 2.168157e+00 2.923474e+00 1.105599e+00
4.677351e-02 1.933593e+00 2.140655e+00 2.884646e+00 1.107087e+00
4.786301e-02 1.906667e+00 2.113411e+00 2.846381e+00 1.108432e+00
4.897788e-02 1.880281e+00 2.086436e+00 2.808678e+00 1.109641e+00
5.011872e-02 1.854420e+00 2.059737e+00 2.771532e+00 1.110718e+00
5.128614e-02 1.829072e+00 2.033320e+00 2.734940e+00 1.111668e+00
5.248075e-02 1.804224e+00 2.007193e+00 2.698898e+00 1.112497e+00
5.370318e-02 1.779862e+00 1.981361e+00 2.663400e+00 1.113210e+00
5.495409e-02 1.755973e+00 1.955827e+00 2.628441e+00 1.113814e+00
5.623413e-02 1.732544e+00 1.930597e+00 2.594015e+00 1.114313e+00
5.754399e-02 1.709562e+00 1.905674e+00 2.560116e+00 1.114715e+00
5.888437e-02 1.687013e+00 1.881059e+00 2.526737e+00 1.115023e+00
6.025596e-02 1.664885e+00 1.856756e+00 2.493870e+00 1.115245e+00
6.165950e-02 1.643165e+00 1.832764e+00 2.461507e+00 1.115386e+00
6.309573e-02 1.621841e+00 1.809085e+00 2.429642e+00 1.115452e+00
6.456542e-02 1.600900e+00 1.785719e+00 2.398265e+00 1.115447e+00
6.606934e-02 1.580331e+00 1.762665e+00 2.367369e+00 1.115377e+00
6.760830e-02 1.560122e+00 1.739922e+00 2.336944e+00 1.115247e+00
6.918310e-02 1.540261e+00 1.717488e+00 2.306983e+00 1.115063e+00
7.079458e-02 1.520739e+00 1.695362e+00 2.277477e+00 1.114828e+00
7.244360e-02 1.501544e+00 1.673541e+00 2.248416e+00 1.114546e+00
7.413102e-02 1.482667e+00 1.652022e+00 2.219793e+00 1.114223e+00
7.585776e-02 1.464098e+00 1.630803e+00 2.191598e+00 1.113862e+00
7.762471e-02 1.445827e+00 1.609879e+00 2.163823e+00 1.113466e+00
7.943282e-02 1.427847e+00 1.589248e+00 2.136459e+00 1.113038e+00
8.128305e-02 1.410148e+00 1.568905e+00 2.109498e+00 1.112582e+00
8.317638e-02 1.392723e+00 1.548847e+00 2.082931e+00 1.112100e+00
8.511380e-02 1.375564e+00 1.529069e+00 2.056751e+00 1.111594e+00
8.709636e-02 1.358664e+00 1.509566e+00 2.030950e+00 1.111067e+00
8.912509e-02 1.342017e+00 1.490335e+00 2.005519e+00 1.110519e+00
9.120108e-02 1.325616e+00 1.471371e+00 1.980452e+00 1.109953e+00
9.332543e-02 1.309455e+00 1.452670e+00 1.955741e+00 1.109369e+00
9.549926e-02 1.293530e+00 1.434226e+00 1.931379e+00 1.108769e+00
9.772372e-02 1.277835e+00 1.416036e+00 1.907360e+00 1.108153e+00
1.000000e-01 1.262365e+00 1.398096e+00 1.883677e+00 1.107521e+00
1.023293e-01 1.247117e+00 1.380400e+00 1.860324e+00 1.106873e+00
1.047129e-01 1.232085e+00 1.362946e+00 1.837296e+00 1.106211e+00
1.071519e-01 1.217267e+00 1.345728e+00 1.814586e+00 1.105532e+00
1.096478e-01 1.202659e+00 1.328743e+00 1.792190e+00 1.104838e+00
1.122018e-01 1.188257e+00 1.311988e+00 1.770104e+00 1.104128e+00
1.148154e-01 1.174059e+00 1.295458e+00 1.748321e+00 1.103402e+00
1.174898e-01 1.160062e+00 1.279151e+00 1.726838e+00 1.102658e+00
1.202264e-01 1.146263e+00 1.263063e+00 1.705652e+00 1.101897e+00
1.230269e-01 1.132660e+00 1.247192e+00 1.684757e+00 1.101118e+00
1.258925e-01 1.119250e+00 1.231534e+00 1.664151e+00 1.100321e+00
1.288250e-01 1.106032e+00 1.216087e+00 1.643829e+00 1.099505e+00
1.318257e-01 1.093003e+00 1.200849e+00 1.623790e+00 1.098670e+00
1.348963e-01 1.080161e+00 1.185818e+00 1.604030e+00 1.097816e+00
1.380384e-01 1.067504e+00 1.170992e+00 1.584546e+00 1.096943e+00
1.412538e-01 1.055030e+00 1.156368e+00 1.565336e+00 1.096052e+00
1.445440e-01 1.042738e+00 1.141946e+00 1.546397e+00 1.095143e+00
1.479108e-01 1.030624e+00 1.127725e+00 1.527726e+00 1.094216e+00
1.513561e-01 1.018687e+00 1.113702e+00 1.509322e+00 1.093272e+00
1.548817e-01 1.006924e+00 1.099876e+00 1.491182e+00 1.092313e+00
1.584893e-01 9.953339e-01 1.086248e+00 1.473304e+00 1.091341e+00
1.621810e-01 9.839139e-01 1.072816e+00 1.455686e+00 1.090356e+00
1.659587e-01 9.726614e-01 1.059579e+00 1.438325e+00 1.089361e+00
1.698244e-01 9.615741e-01 1.046537e+00 1.421220e+00 1.088358e+00
1.737801e-01 9.506493e-01 1.033689e+00 1.404367e+00 1.087351e+00
1.778279e-01 9.398842e-01 1.021035e+00 1.387766e+00 1.086341e+00
1.819701e-01 9.292760e-01 1.008574e+00 1.371414e+00 1.085333e+00
1.862087e-01 9.188217e-01 9.963059e-01 1.355308e+00 1.084330e+00
1.905461e-01 9.085183e-01 9.842299e-01 1.339445e+00 1.083335e+00
1.949845e-01 8.983624e-01 9.723457e-01 1.323824e+00 1.082354e+00
1.995262e-01 8.883508e-01 9.606530e-01 1.308442e+00 1.081389e+00
2.041738e-01 8.784801e-01 9.491510e-01 1.293296e+00 1.080447e+00
2.089296e-01 8.687467e-01 9.378394e-01 1.278383e+00 1.079532e+00
2.137962e-01 8.591469e-01 9.267175e-01 1.263700e+00 1.078648e+00
2.187762e-01 8.496771e-01 9.157844e-01 1.249245e+00 1.077803e+00
2.238721e-01 8.403335e-01 9.050396e-01 1.235013e+00 1.077001e+00
2.290868e-01 8.311120e-01 8.944820e-01 1.221002e+00 1.076247e+00
2.344229e-01 8.220089e-01 8.841106e-01 1.207208e+00 1.075549e+00
2.398833e-01 8.130201e-01 8.739245e-01 1.193627e+00 1.074911e+00
2.454709e-01 8.041415e-01 8.639223e-01 1.180256e+00 1.074341e+00
2.511886e-01 7.953691e-01 8.541026e-01 1.167092e+00 1.073844e+00
2.570396e-01 7.866988e-01 8.444641e-01 1.154129e+00 1.073428e+00
2.630268e-01 7.781264e-01 8.350051e-01 1.141365e+00 1.073097e+00
2.691535e-01 7.696478e-01 8.257239e-01 1.128795e+00 1.072859e+00
2.754229e-01 7.612590e-01 8.166186e-01 1.116414e+00 1.072721e+00
2.818383e-01 7.529558e-01 8.076871e-01 1.104220e+00 1.072689e+00
2.884032e-01 7.447341e-01 7.989274e-01 1.092206e+00 1.072769e+00
2.951209e-01 7.365901e-01 7.903372e-01 1.080369e+00 1.072968e+00
3.019952e-01 7.285196e-01 7.819140e-01 1.068705e+00 1.073292e+00
3.090295e-01 7.205187e-01 7.736554e-01 1.057209e+00 1.073748e+00
3.162278e-01 7.125838e-01 7.655586e-01 1.045875e+00 1.074342e+00
3.235937e-01 7.047108e-01 7.576208e-01 1.034701e+00 1.075080e+00
3.311311e-01 6.968963e-01 7.498392e-01 1.023681e+00 1.075970e+00
3.388442e-01 6.891365e-01 7.422106e-01 1.012811e+00 1.077015e+00
3.467369e-01 6.814281e-01 7.347321e-01 1.002086e+00 1.078224e+00
3.548134e-01 6.737676e-01 7.274003e-01 9.915008e-01 1.079601e+00
3.630781e-01 6.661517e-01 7.202118e-01 9.810521e-01 1.081153e+00
3.715352e-01 6.585773e-01 7.131634e-01 9.707348e-01 1.082885e+00
3.801894e-01 6.510414e-01 7.062514e-01 9.605446e-01 1.084803e+00
3.890451e-01 6.435410e-01 6.994722e-01 9.504769e-01 1.086912e+00
3.981072e-01 6.360735e-01 6.928221e-01 9.405275e-01 1.089217e+00
4.073803e-01 6.286361e-01 6.862975e-01 9.306920e-01 1.091725e+00
4.168694e-01 6.212264e-01 6.798944e-01 9.209662e-01 1.094439e+00
4.265795e-01 6.138421e-01 6.736092e-01 9.113459e-01 1.097366e+00
4.365158e-01 6.064808e-01 6.674377e-01 9.018271e-01 1.100509e+00
4.466836e-01 5.991407e-01 6.613761e-01 8.924057e-01 1.103874e+00
4.570882e-01 5.918198e-01 6.554205e-01 8.830779e-01 1.107466e+00
4.677351e-01 5.845163e-01 6.495667e-01 8.738399e-01 1.111289e+00
4.786301e-01 5.772287e-01 6.438108e-01 8.646880e-01 1.115348e+00
4.897788e-01 5.699555e-01 6.381487e-01 8.556185e-01 1.119646e+00
5.011872e-01 5.626955e-01 6.325764e-01 8.466281e-01 1.124189e+00
5.128614e-01 5.554476e-01 6.270898e-01 8.377133e-01 1.128981e+00
5.248075e-01 5.482107e-01 6.216849e-01 8.288709e-01 1.134025e+00
5.370318e-01 5.409841e-01 6.163576e-01 8.200978e-01 1.139327e+00
5.495409e-01 5.337671e-01 6.111040e-01 8.113911e-01 1.144889e+00
5.623413e-01 5.265593e-01 6.059202e-01 8.027477e-01 1.150716e+00
5.754399e-01 5.193602e-01 6.008021e-01 7.941651e-01 1.156812e+00
5.888437e-01 5.121698e-01 5.957459e-01 7.856406e-01 1.163180e+00
6.025596e-01 5.049880e-01 5.907477e-01 7.771717e-01 1.169825e+00
6.165950e-01 4.978149e-01 5.858039e-01 7.687561e-01 1.176750e+00
6.309573e-01 4.906508e-01 5.809106e-01 7.603916e-01 1.183959e+00
6.456542e-01 4.834960e-01 5.760643e-01 7.520761e-01 1.191456e+00
6.606934e-01 4.763512e-01 5.712614e-01 7.438077e-01 1.199244e+00
6.760830e-01 4.692169e-01 5.664984e-01 7.355847e-01 1.207327e+00
6.918310e-01 4.620940e-01 5.617719e-01 7.274053e-01 1.215709e+00
7.079458e-01 4.549834e-01 5.570787e-01 7.192681e-01 1.224394e+00
7.244360e-01 4.478861e-01 5.524157e-01 7.111716e-01 1.233384e+00
7.413102e-01 4.408034e-01 5.477797e-01 7.031146e-01 1.242685e+00
7.585776e-01 4.337364e-01 5.431678e-01 6.950961e-01 1.252299e+00
7.762471e-01 4.266866e-01 5.385772e-01 6.871148e-01 1.262231e+00
7.943282e-01 4.196554e-01 5.340051e-01 6.791702e-01 1.272485e+00
8.128305e-01 4.126443e-01 5.294491e-01 6.712612e-01 1.283064e+00
8.317638e-01 4.056550e-01 5.249066e-01 6.633874e-01 1.293973e+00
8.511380e-01 3.986891e-01 5.203754e-01 6.555483e-01 1.305216e+00
8.709636e-01 3.917484e-01 5.158533e-01 6.477433e-01 1.316797e+00
8.912509e-01 3.848347e-01 5.113382e-01 6.399723e-01 1.328722e+00
9.120108e-01 3.779499e-01 5.068283e-01 6.322350e-01 1.340993e+00
9.332543e-01 3.710958e-01 5.023218e-01 6.245313e-01 1.353617e+00
9.549926e-01 3.642745e-01 4.978171e-01 6.168612e-01 1.366599e+00
9.772372e-01 3.574877e-01 4.933127e-01 6.092248e-01 1.379943e+00
1.000000e+00 3.507375e-01 4.888073e-01 6.016223e-01 1.393656e+00
1.023293e+00 3.440259e-01 4.842997e-01 5.940538e-01 1.407742e+00
1.047129e+00 3.373548e-01 4.797887e-01 5.865198e-01 1.422208e+00
1.071519e+00 3.307261e-01 4.752736e-01 5.790205e-01 1.437061e+00
1.096478e+00 3.241419e-01 4.707533e-01 5.715563e-01 1.452306e+00
1.122018e+00 3.176040e-01 4.662273e-01 5.641278e-01 1.467952e+00
1.148154e+00 3.111143e-01 4.616950e-01 5.567355e-01 1.484005e+00
1.174898e+00 3.046747e-01 4.571559e-01 5.493799e-01 1.500472e+00
1.202264e+00 2.982871e-01 4.526097e-01 5.420615e-01 1.517363e+00
1.230269e+00 2.919532e-01 4.480561e-01 5.347812e-01 1.534685e+00
1.258925e+00 2.856747e-01 4.434949e-01 5.275394e-01 1.552447e+00
1.288250e+00 2.794535e-01 4.389261e-01 5.203368e-01 1.570659e+00
1.318257e+00 2.732911e-01 4.343498e-01 5.131742e-01 1.589330e+00
1.348963e+00 2.671891e-01 4.297660e-01 5.060522e-01 1.608471e+00
1.380384e+00 2.611491e-01 4.251750e-01 4.989715e-01 1.628093e+00
1.412538e+00 2.551725e-01 4.205770e-01 4.919329e-01 1.648206e+00
1.445440e+00 2.492609e-01 4.159723e-01 4.849371e-01 1.668823e+00
1.479108e+00 2.434156e-01 4.113614e-01 4.779847e-01 1.689955e+00
1.513561e+00 2.376379e-01 4.067448e-01 4.710765e-01 1.711616e+00
1.548817e+00 2.319291e-01 4.021229e-01 4.642132e-01 1.733818e+00
1.584893e+00 2.262904e-01 3.974963e-01 4.573955e-01 1.756576e+00
1.621810e+00 2.207229e-01 3.928656e-01 4.506240e-01 1.779904e+00
1.659587e+00 2.152279e-01 3.882316e-01 4.438996e-01 1.803817e+00
1.698244e+00 2.098062e-01 3.835949e-01 4.372227e-01 1.828330e+00
1.737801e+00 2.044590e-01 3.789563e-01 4.305942e-01 1.853459e+00
1.778279e+00 1.991871e-01 3.743167e-01 4.240147e-01 1.879221e+00
1.819701e+00 1.939915e-01 3.696767e-01 4.174848e-01 1.905634e+00
1.862087e+00 1.888729e-01 3.650373e-01 4.110052e-01 1.932714e+00
1.905461e+00 1.838322e-01 3.603995e-01 4.045764e-01 1.960481e+00
1.949845e+00 1.788701e-01 3.557641e-01 3.981992e-01 1.988952e+00
1.995262e+00 1.739873e-01 3.511321e-01 3.918741e-01 2.018148e+00
2.041738e+00 1.691844e-01 3.465046e-01 3.856018e-01 2.048089e+00
2.089296e+00 1.644619e-01 3.418825e-01 3.793828e-01 2.078794e+00
2.137962e+00 1.598205e-01 3.372669e-01 3.732178e-01 2.110286e+00
2.187762e+00 1.552605e-01 3.326589e-01 3.671073e-01 2.142585e+00
2.238721e+00 1.507824e-01 3.280596e-01 3.610518e-01 2.175715e+00
2.290868e+00 1.463866e-01 3.234701e-01 3.550520e-01 2.209697e+00
2.344229e+00 1.420734e-01 3.188916e-01 3.491084e-01 2.244556e+00
2.398833e+00 1.378429e-01 3.143253e-01 3.432216e-01 2.280315e+00
2.454709e+00 1.336955e-01 3.097724e-01 3.373921e-01 2.316999e+00
2.511886e+00 1.296312e-01 3.052340e-01 3.316204e-01 2.354633e+00
2.570396e+00 1.256502e-01 3.007115e-01 3.259070e-01 2.393243e+00
2.630268e+00 1.217524e-01 2.962060e-01 3.202524e-01 2.432855e+00
2.691535e+00 1.179378e-01 2.917188e-01 3.146572e-01 2.473496e+00
2.754229e+00 1.142064e-01 2.872512e-01 3.091219e-01 2.515194e+00
2.818383e+00 1.105579e-01 2.828044e-01 3.036467e-01 2.557976e+00
2.884032e+00 1.069921e-01 2.783797e-01 2.982324e-01 2.601871e+00
2.951209e+00 1.035088e-01 2.739783e-01 2.928791e-01 2.646909e+00
3.019952e+00 1.001076e-01 2.696016e-01 2.875875e-01 2.693120e+00
3.090295e+00 9.678804e-02 2.652508e-01 2.823578e-01 2.740533e+00
3.162278e+00 9.354974e-02 2.609272e-01 2.771905e-01 2.789181e+00
3.235937e+00 9.039213e-02 2.566319e-01 2.720858e-01 2.839096e+00
3.311311e+00 8.731464e-02 2.523663e-01 2.670441e-01 2.890309e+00
3.388442e+00 8.431659e-02 2.481314e-01 2.620658e-01 2.942854e+00
3.467369e+00 8.139730e-02 2.439286e-01 2.571511e-01 2.996765e+00
3.548134e+00 7.855600e-02 2.397589e-01 2.523001e-01 3.052076e+00
3.630781e+00 7.579187e-02 2.356235e-01 2.475133e-01 3.108822e+00
3.715352e+00 7.310403e-02 2.315234e-01 2.427907e-01 3.167041e+00
3.801894e+00 7.049157e-02 2.274599e-01 2.381324e-01 3.226767e+00
3.890451e+00 6.795352e-02 2.234338e-01 2.335388e-01 3.288039e+00
3.981072e+00 6.548885e-02 2.194462e-01 2.290097e-01 3.350895e+00
4.073803e+00 6.309650e-02 2.154981e-01 2.245453e-01 3.415374e+00
4.168694e+00 6.077538e-02 2.115904e-01 2.201457e-01 3.481515e+00
4.265795e+00 5.852433e-02 2.077238e-01 2.158108e-01 3.549358e+00
4.365158e+00 5.634219e-02 2.038994e-01 2.115405e-01 3.618947e+00
4.466836e+00 5.422773e-02 2.001178e-01 2.073349e-01 3.690321e+00
4.570882e+00 5.217973e-02 1.963797e-01 2.031938e-01 3.763525e+00
4.677351e+00 5.019690e-02 1.926859e-01 1.991170e-01 3.838602e+00
4.786301e+00 4.827797e-02 1.890371e-01 1.951045e-01 3.915597e+00
4.897788e+00 4.642160e-02 1.854337e-01 1.911560e-01 3.994556e+00
5.011872e+00 4.462648e-02 1.818763e-01 1.872712e-01 4.075524e+00
5.128614e+00 4.289124e-02 1.783654e-01 1.834499e-01 4.158551e+00
5.248075e+00 4.121454e-02 1.749015e-01 1.796919e-01 4.243683e+00
5.370318e+00 3.959501e-02 1.714849e-01 1.759967e-01 4.330971e+00
5.495409e+00 3.803126e-02 1.681159e-01 1.723639e-01 4.420466e+00
5.623413e+00 3.652192e-02 1.647949e-01 1.687934e-01 4.512217e+00
5.754399e+00 3.506561e-02 1.615220e-01 1.652845e-01 4.606280e+00
5.888437e+00 3.366095e-02 1.582975e-01 1.618368e-01 4.702706e+00
6.025596e+00 3.230655e-02 1.551215e-01 1.584500e-01 4.801550e+00
6.165950e+00 3.100105e-02 1.519941e-01 1.551234e-01 4.902870e+00
6.309573e+00 2.974309e-02 1.489154e-01 1.518566e-01 5.006721e+00
6.456542e+00 2.853131e-02 1.458852e-01 1.486490e-01 5.113163e+00
6.606934e+00 2.736438e-02 1.429037e-01 1.455001e-01 5.222255e+00
6.760830e+00 2.624096e-02 1.399708e-01 1.424093e-01 5.334057e+00
6.918310e+00 2.515975e-02 1.370862e-01 1.393759e-01 5.448633e+00
7.079458e+00 2.411945e-02 1.342499e-01 1.363994e-01 5.566045e+00
7.244360e+00 2.311879e-02 1.314617e-01 1.334791e-01 5.686359e+00
7.413102e+00 2.215651e-02 1.287214e-01 1.306143e-01 5.809641e+00
7.585776e+00 2.123138e-02 1.260286e-01 1.278045e-01 5.935958e+00
7.762471e+00 2.034219e-02 1.233831e-01 1.250488e-01 6.065381e+00
7.943282e+00 1.948775e-02 1.207847e-01 1.223467e-01 6.197980e+00
8.128305e+00 1.866688e-02 1.182328e-01 1.196973e-01 6.333828e+00
8.317638e+00 1.787846e-02 1.157273e-01 1.171001e-01 6.472999e+00
8.511380e+00 1.712137e-02 1.132676e-01 1.145543e-01 6.615567e+00
8.709636e+00 1.639451e-02 1.108533e-01 1.120591e-01 6.761612e+00
8.912509e+00 1.569682e-02 1.084841e-01 1.096138e-01 6.911212e+00
9.120108e+00 1.502728e-02 1.061594e-01 1.072177e-01 7.064448e+00
9.332543e+00 1.438485e-02 1.038788e-01 1.048701e-01 7.221403e+00
9.549926e+00 1.376857e-02 1.016418e-01 1.025701e-01 7.382162e+00
9.772372e+00 1.317747e-02 9.944785e-02 1.003171e-01 7.546812e+00
1.000000e+01 1.261062e-02 9.729645e-02 9.811028e-02 7.715440e+00
