1.000000e-06 8.346932e+01 1.255643e+00 8.347876e+01 1.504316e-02
1.023293e-06 8.346828e+01 1.284872e+00 8.347817e+01 1.539353e-02
1.047129e-06 8.346720e+01 1.314780e+00 8.347755e+01 1.575206e-02
1.071519e-06 8.346606e+01 1.345384e+00 8.347690e+01 1.611893e-02
1.096478e-06 8.346487e+01 1.376699e+00 8.347623e+01 1.649435e-02
1.122018e-06 8.346363e+01 1.408742e+00 8.347551e+01 1.687851e-02
1.148154e-06 8.346232e+01 1.441530e+00 8.347477e+01 1.727162e-02
1.174898e-06 8.346096e+01 1.475079e+00 8.347399e+01 1.767388e-02
1.202264e-06 8.345953e+01 1.509408e+00 8.347317e+01 1.808551e-02
1.230269e-06 8.345803e+01 1.544534e+00 8.347232e+01 1.850672e-02
1.258925e-06 8.345646e+01 1.580476e+00 8.347142e+01 1.893773e-02
1.288250e-06 8.345482e+01 1.617253e+00 8.347049e+01 1.937878e-02
1.318257e-06 8.345310e+01 1.654884e+00 8.346951e+01 1.983011e-02
1.348963e-06 8.345130e+01 1.693388e+00 8.346848e+01 2.029194e-02
1.380384e-06 8.344942e+01 1.732787e+00 8.346740e+01 2.076452e-02
1.412538e-06 8.344744e+01 1.773100e+00 8.346628e+01 2.124810e-02
1.445440e-06 8.344538e+01 1.814348e+00 8.346510e+01 2.174294e-02
1.479108e-06 8.344321e+01 1.856553e+00 8.346386e+01 2.224930e-02
1.513561e-06 8.344095e+01 1.899738e+00 8.346257e+01 2.276745e-02
1.548817e-06 8.343857e+01 1.943924e+00 8.346122e+01 2.329766e-02
1.584893e-06 8.343609e+01 1.989135e+00 8.345980e+01 2.384022e-02
1.621810e-06 8.343349e+01 2.035393e+00 8.345831e+01 2.439540e-02
1.659587e-06 8.343077e+01 2.082724e+00 8.345676e+01 2.496351e-02
1.698244e-06 8.342792e+01 2.131152e+00 8.345513e+01 2.554483e-02
1.737801e-06 8.342493e+01 2.180702e+00 8.345343e+01 2.613969e-02
1.778279e-06 8.342181e+01 2.231400e+00 8.345164e+01 2.674840e-02
1.819701e-06 8.341853e+01 2.283271e+00 8.344978e+01 2.737127e-02
1.862087e-06 8.341511e+01 2.336343e+00 8.344782e+01 2.800863e-02
1.905461e-06 8.341152e+01 2.390643e+00 8.344577e+01 2.866083e-02
1.949845e-06 8.340776e+01 2.446200e+00 8.344363e+01 2.932821e-02
1.995262e-06 8.340383e+01 2.503042e+00 8.344138e+01 3.001111e-02
2.041738e-06 8.339971e+01 2.561197e+00 8.343903e+01 3.070991e-02
2.089296e-06 8.339540e+01 2.620697e+00 8.343657e+01 3.142496e-02
2.137962e-06 8.339089e+01 2.681571e+00 8.343399e+01 3.215665e-02
2.187762e-06 8.338616e+01 2.743852e+00 8.343129e+01 3.290536e-02
2.238721e-06 8.338121e+01 2.807570e+00 8.342847e+01 3.367149e-02
2.290868e-06 8.337603e+01 2.872758e+00 8.342551e+01 3.445544e-02
2.344229e-06 8.337061e+01 2.939450e+00 8.342241e+01 3.525763e-02
2.398833e-06 8.336493e+01 3.007679e+00 8.341917e+01 3.607847e-02
2.454709e-06 8.335899e+01 3.077481e+00 8.341577e+01 3.691840e-02
2.511886e-06 8.335276e+01 3.148890e+00 8.341222e+01 3.777787e-02
2.570396e-06 8.334624e+01 3.221943e+00 8.340850e+01 3.865732e-02
2.630268e-06 8.333942e+01 3.296676e+00 8.340460e+01 3.955722e-02
2.691535e-06 8.333228e+01 3.373128e+00 8.340052e+01 4.047805e-02
2.754229e-06 8.332480e+01 3.451337e+00 8.339625e+01 4.142028e-02
2.818383e-06 8.331697e+01 3.531341e+00 8.339178e+01 4.238441e-02
2.884032e-06 8.330878e+01 3.613182e+00 8.338710e+01 4.337096e-02
2.951209e-06 8.330020e+01 3.696899e+00 8.338219e+01 4.438043e-02
3.019952e-06 8.329122e+01 3.782534e+00 8.337706e+01 4.541336e-02
3.090295e-06 8.328181e+01 3.870130e+00 8.337169e+01 4.647029e-02
3.162278e-06 8.327197e+01 3.959731e+00 8.336606e+01 4.755178e-02
3.235937e-06 8.326167e+01 4.051379e+00 8.336018e+01 4.865839e-02
3.311311e-06 8.325088e+01 4.145121e+00 8.335401e+01 4.979071e-02
3.388442e-06 8.323959e+01 4.241001e+00 8.334756e+01 5.094933e-02
3.467369e-06 8.322777e+01 4.339067e+00 8.334080e+01 5.213484e-02
3.548134e-06 8.321540e+01 4.439366e+00 8.333373e+01 5.334789e-02
3.630781e-06 8.320245e+01 4.541946e+00 8.332633e+01 5.458909e-02
3.715352e-06 8.318889e+01 4.646857e+00 8.331857e+01 5.585910e-02
3.801894e-06 8.317470e+01 4.754149e+00 8.331046e+01 5.715859e-02
3.890451e-06 8.315985e+01 4.863872e+00 8.330197e+01 5.848823e-02
3.981072e-06 8.314430e+01 4.976080e+00 8.329308e+01 5.984871e-02
4.073803e-06 8.312803e+01 5.090823e+00 8.328377e+01 6.124075e-02
4.168694e-06 8.311100e+01 5.208157e+00 8.327403e+01 6.266507e-02
4.265795e-06 8.309318e+01 5.328135e+00 8.326383e+01 6.412242e-02
4.365158e-06 8.307453e+01 5.450814e+00 8.325316e+01 6.561354e-02
4.466836e-06 8.305500e+01 5.576248e+00 8.324199e+01 6.713922e-02
4.570882e-06 8.303457e+01 5.704495e+00 8.323029e+01 6.870024e-02
4.677351e-06 8.301319e+01 5.835614e+00 8.321805e+01 7.029743e-02
4.786301e-06 8.299082e+01 5.969662e+00 8.320524e+01 7.193160e-02
4.897788e-06 8.296740e+01 6.106699e+00 8.319184e+01 7.360360e-02
5.011872e-06 8.294290e+01 6.246786e+00 8.317780e+01 7.531429e-02
5.128614e-06 8.291726e+01 6.389983e+00 8.316312e+01 7.706457e-02
5.248075e-06 8.289044e+01 6.536352e+00 8.314775e+01 7.885533e-02
5.370318e-06 8.286237e+01 6.685956e+00 8.313167e+01 8.068749e-02
5.495409e-06 8.283300e+01 6.838858e+00 8.311483e+01 8.256200e-02
5.623413e-06 8.280227e+01 6.995121e+00 8.309722e+01 8.447982e-02
5.754399e-06 8.277013e+01 7.154810e+00 8.307879e+01 8.644193e-02
5.888437e-06 8.273650e+01 7.317989e+00 8.305950e+01 8.844934e-02
6.025596e-06 8.270132e+01 7.484724e+00 8.303933e+01 9.050308e-02
6.165950e-06 8.266452e+01 7.655081e+00 8.301821e+01 9.260419e-02
6.309573e-06 8.262603e+01 7.829125e+00 8.299612e+01 9.475374e-02
6.456542e-06 8.258577e+01 8.006924e+00 8.297300e+01 9.695283e-02
6.606934e-06 8.254366e+01 8.188543e+00 8.294882e+01 9.920257e-02
6.760830e-06 8.249961e+01 8.374049e+00 8.292353e+01 1.015041e-01
6.918310e-06 8.245356e+01 8.563510e+00 8.289706e+01 1.038586e-01
7.079458e-06 8.240539e+01 8.756992e+00 8.286938e+01 1.062672e-01
7.244360e-06 8.235503e+01 8.954561e+00 8.284042e+01 1.087312e-01
7.413102e-06 8.230237e+01 9.156284e+00 8.281013e+01 1.112518e-01
7.585776e-06 8.224732e+01 9.362227e+00 8.277845e+01 1.138302e-01
7.762471e-06 8.218976e+01 9.572454e+00 8.274532e+01 1.164677e-01
7.943282e-06 8.212959e+01 9.787032e+00 8.271067e+01 1.191657e-01
8.128305e-06 8.206670e+01 1.000602e+01 8.267444e+01 1.219255e-01
8.317638e-06 8.200096e+01 1.022949e+01 8.263655e+01 1.247484e-01
8.511380e-06 8.193225e+01 1.045750e+01 8.259693e+01 1.276359e-01
8.709636e-06 8.186046e+01 1.069010e+01 8.255551e+01 1.305893e-01
8.912509e-06 8.178544e+01 1.092736e+01 8.251221e+01 1.336101e-01
9.120108e-06 8.170705e+01 1.116934e+01 8.246694e+01 1.366998e-01
9.332543e-06 8.162516e+01 1.141609e+01 8.241962e+01 1.398599e-01
9.549926e-06 8.153962e+01 1.166765e+01 8.237016e+01 1.430918e-01
9.772372e-06 8.145027e+01 1.192409e+01 8.231847e+01 1.463972e-01
1.000000e-05 8.135696e+01 1.218545e+01 8.226445e+01 1.497777e-01
1.023293e-05 8.125952e+01 1.245178e+01 8.220800e+01 1.532347e-01
1.047129e-05 8.115778e+01 1.272311e+01 8.214902e+01 1.567700e-01
1.071519e-05 8.105156e+01 1.299948e+01 8.208741e+01 1.603853e-01
1.096478e-05 8.094069e+01 1.328093e+01 8.202304e+01 1.640822e-01
1.122018e-05 8.082498e+01 1.356748e+01 8.195580e+01 1.678625e-01
1.148154e-05 8.070423e+01 1.385916e+01 8.188558e+01 1.717278e-01
1.174898e-05 8.057824e+01 1.415598e+01 8.181225e+01 1.756800e-01
1.202264e-05 8.044681e+01 1.445797e+01 8.173569e+01 1.797209e-01
1.230269e-05 8.030973e+01 1.476512e+01 8.165575e+01 1.838522e-01
1.258925e-05 8.016677e+01 1.507744e+01 8.157230e+01 1.880759e-01
1.288250e-05 8.001772e+01 1.539492e+01 8.148521e+01 1.923938e-01
1.318257e-05 7.986235e+01 1.571754e+01 8.139432e+01 1.968079e-01
1.348963e-05 7.970041e+01 1.604529e+01 8.129948e+01 2.013200e-01
1.380384e-05 7.953167e+01 1.637812e+01 8.120055e+01 2.059321e-01
1.412538e-05 7.935587e+01 1.671601e+01 8.109735e+01 2.106461e-01
1.445440e-05 7.917277e+01 1.705890e+01 8.098972e+01 2.154642e-01
1.479108e-05 7.898211e+01 1.740672e+01 8.087749e+01 2.203882e-01
1.513561e-05 7.878363e+01 1.775942e+01 8.076049e+01 2.254202e-01
1.548817e-05 7.857705e+01 1.811690e+01 8.063854e+01 2.305622e-01
1.584893e-05 7.836210e+01 1.847907e+01 8.051146e+01 2.358164e-01
1.621810e-05 7.813851e+01 1.884582e+01 8.037905e+01 2.411848e-01
1.659587e-05 7.790599e+01 1.921703e+01 8.024112e+01 2.466695e-01
1.698244e-05 7.766427e+01 1.959256e+01 8.009748e+01 2.522725e-01
1.737801e-05 7.741305e+01 1.997226e+01 7.994793e+01 2.579960e-01
1.778279e-05 7.715205e+01 2.035596e+01 7.979225e+01 2.638422e-01
1.819701e-05 7.688097e+01 2.074349e+01 7.963025e+01 2.698130e-01
1.862087e-05 7.659954e+01 2.113464e+01 7.946170e+01 2.759107e-01
1.905461e-05 7.630745e+01 2.152918e+01 7.928640e+01 2.821374e-01
1.949845e-05 7.600442e+01 2.192690e+01 7.910411e+01 2.884951e-01
1.995262e-05 7.569016e+01 2.232753e+01 7.891463e+01 2.949859e-01
2.041738e-05 7.536439e+01 2.273080e+01 7.871773e+01 3.016119e-01
2.089296e-05 7.502683e+01 2.313641e+01 7.851318e+01 3.083751e-01
2.137962e-05 7.467721e+01 2.354406e+01 7.830075e+01 3.152777e-01
2.187762e-05 7.431525e+01 2.395341e+01 7.808023e+01 3.223215e-01
2.238721e-05 7.394070e+01 2.436410e+01 7.785137e+01 3.295086e-01
2.290868e-05 7.355330e+01 2.477576e+01 7.761396e+01 3.368409e-01
2.344229e-05 7.315282e+01 2.518799e+01 7.736776e+01 3.443202e-01
2.398833e-05 7.273903e+01 2.560038e+01 7.711255e+01 3.519484e-01
2.454709e-05 7.231171e+01 2.601249e+01 7.684811e+01 3.597272e-01
2.511886e-05 7.187066e+01 2.642384e+01 7.657422e+01 3.676583e-01
2.570396e-05 7.141571e+01 2.683397e+01 7.629067e+01 3.757433e-01
2.630268e-05 7.094669e+01 2.724238e+01 7.599723e+01 3.839838e-01
2.691535e-05 7.046345e+01 2.764853e+01 7.569372e+01 3.923811e-01
2.754229e-05 6.996589e+01 2.805189e+01 7.537993e+01 4.009367e-01
2.818383e-05 6.945389e+01 2.845190e+01 7.505567e+01 4.096517e-01
2.884032e-05 6.892740e+01 2.884799e+01 7.472076e+01 4.185272e-01
2.951209e-05 6.838636e+01 2.923955e+01 7.437504e+01 4.275641e-01
3.019952e-05 6.783077e+01 2.962599e+01 7.401833e+01 4.367632e-01
3.090295e-05 6.726064e+01 3.000668e+01 7.365049e+01 4.461253e-01
3.162278e-05 6.667603e+01 3.038098e+01 7.327139e+01 4.556507e-01
3.235937e-05 6.607701e+01 3.074826e+01 7.288091e+01 4.653397e-01
3.311311e-05 6.546371e+01 3.110786e+01 7.247893e+01 4.751924e-01
3.388442e-05 6.483628e+01 3.145912e+01 7.206538e+01 4.852087e-01
3.467369e-05 6.419491e+01 3.180139e+01 7.164018e+01 4.953881e-01
3.548134e-05 6.353985e+01 3.213401e+01 7.120328e+01 5.057300e-01
3.630781e-05 6.287136e+01 3.245630e+01 7.075464e+01 5.162335e-01
3.715352e-05 6.218975e+01 3.276763e+01 7.029426e+01 5.268975e-01
3.801894e-05 6.149538e+01 3.306733e+01 6.982213e+01 5.377205e-01
3.890451e-05 6.078865e+01 3.335477e+01 6.933830e+01 5.487006e-01
3.981072e-05 6.006998e+01 3.362932e+01 6.884282e+01 5.598357e-01
4.073803e-05 5.933986e+01 3.389038e+01 6.833577e+01 5.711233e-01
4.168694e-05 5.859880e+01 3.413735e+01 6.781724e+01 5.825605e-01
4.265795e-05 5.784736e+01 3.436966e+01 6.728737e+01 5.941440e-01
4.365158e-05 5.708612e+01 3.458678e+01 6.674631e+01 6.058702e-01
4.466836e-05 5.631572e+01 3.478818e+01 6.619425e+01 6.177348e-01
4.570882e-05 5.553683e+01 3.497339e+01 6.563137e+01 6.297334e-01
4.677351e-05 5.475013e+01 3.514196e+01 6.505793e+01 6.418607e-01
4.786301e-05 5.395636e+01 3.529346e+01 6.447416e+01 6.541113e-01
4.897788e-05 5.315627e+01 3.542754e+01 6.388035e+01 6.664791e-01
5.011872e-05 5.235064e+01 3.554385e+01 6.327681e+01 6.789573e-01
5.128614e-05 5.154028e+01 3.564211e+01 6.266387e+01 6.915389e-01
5.248075e-05 5.072602e+01 3.572207e+01 6.204188e+01 7.042160e-01
5.370318e-05 4.990868e+01 3.578354e+01 6.141122e+01 7.169804e-01
5.495409e-05 4.908912e+01 3.582637e+01 6.077229e+01 7.298230e-01
5.623413e-05 4.826821e+01 3.585046e+01 6.012550e+01 7.427344e-01
5.754399e-05 4.744681e+01 3.585576e+01 5.947130e+01 7.557042e-01
5.888437e-05 4.662580e+01 3.584227e+01 5.881014e+01 7.687218e-01
6.025596e-05 4.580603e+01 3.581004e+01 5.814250e+01 7.817757e-01
6.165950e-05 4.498837e+01 3.575916e+01 5.746887e+01 7.948536e-01
6.309573e-05 4.417367e+01 3.568980e+01 5.678974e+01 8.079429e-01
6.456542e-05 4.336277e+01 3.560215e+01 5.610564e+01 8.210302e-01
6.606934e-05 4.255650e+01 3.549644e+01 5.541708e+01 8.341014e-01
6.760830e-05 4.175567e+01 3.537298e+01 5.472461e+01 8.471419e-01
6.918310e-05 4.096105e+01 3.523208e+01 5.402876e+01 8.601363e-01
7.079458e-05 4.017340e+01 3.507414e+01 5.333008e+01 8.730688e-01
7.244360e-05 3.939345e+01 3.489956e+01 5.262911e+01 8.859230e-01
7.413102e-05 3.862190e+01 3.470879e+01 5.192641e+01 8.986817e-01
7.585776e-05 3.785942e+01 3.450233e+01 5.122252e+01 9.113274e-01
7.762471e-05 3.710663e+01 3.428067e+01 5.051798e+01 9.238422e-01
7.943282e-05 3.636414e+01 3.404438e+01 4.981335e+01 9.362075e-01
8.128305e-05 3.563249e+01 3.379402e+01 4.910916e+01 9.484046e-01
8.317638e-05 3.491221e+01 3.353018e+01 4.840594e+01 9.604141e-01
8.511380e-05 3.420377e+01 3.325347e+01 4.770421e+01 9.722166e-01
8.709636e-05 3.350761e+01 3.296453e+01 4.700447e+01 9.837924e-01
8.912509e-05 3.282413e+01 3.266400e+01 4.630724e+01 9.951216e-01
9.120108e-05 3.215368e+01 3.235253e+01 4.561300e+01 1.006184e+00
9.332543e-05 3.149658e+01 3.203077e+01 4.492221e+01 1.016960e+00
9.549926e-05 3.085310e+01 3.169940e+01 4.423534e+01 1.027430e+00
9.772372e-05 3.022347e+01 3.135907e+01 4.355284e+01 1.037573e+00
1.000000e-04 2.960790e+01 3.101046e+01 4.287512e+01 1.047371e+00
1.023293e-04 2.900653e+01 3.065422e+01 4.220261e+01 1.056804e+00
1.047129e-04 2.841949e+01 3.029101e+01 4.153568e+01 1.065854e+00
1.071519e-04 2.784686e+01 2.992148e+01 4.087472e+01 1.074501e+00
1.096478e-04 2.728870e+01 2.954627e+01 4.022008e+01 1.082729e+00
1.122018e-04 2.674502e+01 2.916600e+01 3.957210e+01 1.090521e+00
1.148154e-04 2.621580e+01 2.878128e+01 3.893110e+01 1.097860e+00
1.174898e-04 2.570102e+01 2.839271e+01 3.829737e+01 1.104731e+00
1.202264e-04 2.520058e+01 2.800089e+01 3.767120e+01 1.111121e+00
1.230269e-04 2.471441e+01 2.760636e+01 3.705284e+01 1.117015e+00
1.258925e-04 2.424237e+01 2.720967e+01 3.644254e+01 1.122401e+00
1.288250e-04 2.378433e+01 2.681136e+01 3.584053e+01 1.127270e+00
1.318257e-04 2.334012e+01 2.641193e+01 3.524700e+01 1.131611e+00
1.348963e-04 2.290956e+01 2.601186e+01 3.466215e+01 1.135415e+00
1.380384e-04 2.249245e+01 2.561163e+01 3.408615e+01 1.138677e+00
1.412538e-04 2.208857e+01 2.521167e+01 3.351915e+01 1.141390e+00
1.445440e-04 2.169769e+01 2.481241e+01 3.296127e+01 1.143551e+00
1.479108e-04 2.131957e+01 2.441426e+01 3.241266e+01 1.145157e+00
1.513561e-04 2.095397e+01 2.401758e+01 3.187339e+01 1.146207e+00
1.548817e-04 2.060061e+01 2.362275e+01 3.134357e+01 1.146702e+00
1.584893e-04 2.025923e+01 2.323011e+01 3.082327e+01 1.146643e+00
1.621810e-04 1.992955e+01 2.283996e+01 3.031255e+01 1.146035e+00
1.659587e-04 1.961129e+01 2.245261e+01 2.981144e+01 1.144882e+00
1.698244e-04 1.930416e+01 2.206834e+01 2.931999e+01 1.143191e+00
1.737801e-04 1.900787e+01 2.168740e+01 2.883821e+01 1.140969e+00
1.778279e-04 1.872214e+01 2.131004e+01 2.836611e+01 1.138227e+00
1.819701e-04 1.844666e+01 2.093648e+01 2.790368e+01 1.134974e+00
1.862087e-04 1.818115e+01 2.056693e+01 2.745092e+01 1.131223e+00
1.905461e-04 1.792531e+01 2.020158e+01 2.700778e+01 1.126986e+00
1.949845e-04 1.767885e+01 1.984058e+01 2.657425e+01 1.122278e+00
1.995262e-04 1.744149e+01 1.948412e+01 2.615027e+01 1.117113e+00
2.041738e-04 1.721293e+01 1.913231e+01 2.573578e+01 1.111508e+00
2.089296e-04 1.699290e+01 1.878530e+01 2.533073e+01 1.105480e+00
2.137962e-04 1.678110e+01 1.844320e+01 2.493505e+01 1.099046e+00
2.187762e-04 1.657727e+01 1.810610e+01 2.454866e+01 1.092224e+00
2.238721e-04 1.638113e+01 1.777410e+01 2.417147e+01 1.085035e+00
2.290868e-04 1.619242e+01 1.744727e+01 2.380340e+01 1.077496e+00
2.344229e-04 1.601087e+01 1.712568e+01 2.344434e+01 1.069628e+00
2.398833e-04 1.583623e+01 1.680939e+01 2.309419e+01 1.061452e+00
2.454709e-04 1.566823e+01 1.649843e+01 2.275284e+01 1.052986e+00
2.511886e-04 1.550665e+01 1.619286e+01 2.242019e+01 1.044252e+00
2.570396e-04 1.535124e+01 1.589269e+01 2.209611e+01 1.035271e+00
2.630268e-04 1.520175e+01 1.559795e+01 2.178048e+01 1.026063e+00
2.691535e-04 1.505797e+01 1.530865e+01 2.147317e+01 1.016648e+00
2.754229e-04 1.491967e+01 1.502480e+01 2.117406e+01 1.007046e+00
2.818383e-04 1.478663e+01 1.474638e+01 2.088301e+01 9.972784e-01
2.884032e-04 1.465864e+01 1.447341e+01 2.059989e+01 9.873640e-01
2.951209e-04 1.453550e+01 1.420587e+01 2.032455e+01 9.773225e-01
3.019952e-04 1.441700e+01 1.394373e+01 2.005685e+01 9.671728e-01
3.090295e-04 1.430295e+01 1.368698e+01 1.979666e+01 9.569337e-01
3.162278e-04 1.419317e+01 1.343558e+01 1.954382e+01 9.466234e-01
3.235937e-04 1.408746e+01 1.318952e+01 1.929819e+01 9.362594e-01
3.311311e-04 1.398566e+01 1.294875e+01 1.905961e+01 9.258588e-01
3.388442e-04 1.388759e+01 1.271323e+01 1.882794e+01 9.154384e-01
3.467369e-04 1.379308e+01 1.248293e+01 1.860303e+01 9.050140e-01
3.548134e-04 1.370197e+01 1.225780e+01 1.838471e+01 8.946012e-01
3.630781e-04 1.361411e+01 1.203779e+01 1.817285e+01 8.842146e-01
3.715352e-04 1.352934e+01 1.182286e+01 1.796728e+01 8.738685e-01
3.801894e-04 1.344751e+01 1.161295e+01 1.776784e+01 8.635765e-01
3.890451e-04 1.336849e+01 1.140802e+01 1.757439e+01 8.533514e-01
3.981072e-04 1.329212e+01 1.120799e+01 1.738677e+01 8.432057e-01
4.073803e-04 1.321829e+01 1.101283e+01 1.720482e+01 8.331511e-01
4.168694e-04 1.314686e+01 1.082247e+01 1.702838e+01 8.231985e-01
4.265795e-04 1.307770e+01 1.063686e+01 1.685731e+01 8.133586e-01
4.365158e-04 1.301069e+01 1.045593e+01 1.669145e+01 8.036411e-01
4.466836e-04 1.294571e+01 1.027961e+01 1.653064e+01 7.940554e-01
4.570882e-04 1.288266e+01 1.010786e+01 1.637473e+01 7.846102e-01
4.677351e-04 1.282140e+01 9.940609e+00 1.622357e+01 7.753136e-01
4.786301e-04 1.276185e+01 9.777788e+00 1.607700e+01 7.661732e-01
4.897788e-04 1.270389e+01 9.619336e+00 1.593488e+01 7.571961e-01
5.011872e-04 1.264742e+01 9.465189e+00 1.579706e+01 7.483887e-01
5.128614e-04 1.259235e+01 9.315280e+00 1.566339e+01 7.397572e-01
5.248075e-04 1.253857e+01 9.169545e+00 1.553372e+01 7.313070e-01
5.370318e-04 1.248600e+01 9.027917e+00 1.540790e+01 7.230432e-01
5.495409e-04 1.243454e+01 8.890330e+00 1.528580e+01 7.149704e-01
5.623413e-04 1.238411e+01 8.756716e+00 1.516728e+01 7.070927e-01
5.754399e-04 1.233463e+01 8.627009e+00 1.505218e+01 6.994139e-01
5.888437e-04 1.228600e+01 8.501140e+00 1.494039e+01 6.919372e-01
6.025596e-04 1.223815e+01 8.379042e+00 1.483175e+01 6.846657e-01
6.165950e-04 1.219101e+01 8.260647e+00 1.472613e+01 6.776017e-01
6.309573e-04 1.214449e+01 8.145886e+00 1.462341e+01 6.707475e-01
6.456542e-04 1.209852e+01 8.034690e+00 1.452345e+01 6.641050e-01
6.606934e-04 1.205304e+01 7.926992e+00 1.442612e+01 6.576755e-01
6.760830e-04 1.200798e+01 7.822721e+00 1.433131e+01 6.514603e-01
6.918310e-04 1.196326e+01 7.721809e+00 1.423889e+01 6.454603e-01
7.079458e-04 1.191883e+01 7.624185e+00 1.414873e+01 6.396759e-01
7.244360e-04 1.187461e+01 7.529780e+00 1.406073e+01 6.341075e-01
7.413102e-04 1.183056e+01 7.438524e+00 1.397475e+01 6.287551e-01
7.585776e-04 1.178661e+01 7.350347e+00 1.389071e+01 6.236185e-01
7.762471e-04 1.174271e+01 7.265178e+00 1.380847e+01 6.186972e-01
7.943282e-04 1.169879e+01 7.182947e+00 1.372795e+01 6.139904e-01
8.128305e-04 1.165482e+01 7.103583e+00 1.364902e+01 6.094973e-01
8.317638e-04 1.161074e+01 7.027015e+00 1.357160e+01 6.052167e-01
8.511380e-04 1.156650e+01 6.953172e+00 1.349558e+01 6.011472e-01
8.709636e-04 1.152206e+01 6.881982e+00 1.342086e+01 5.972874e-01
8.912509e-04 1.147737e+01 6.813376e+00 1.334737e+01 5.936355e-01
9.120108e-04 1.143239e+01 6.747280e+00 1.327499e+01 5.901896e-01
9.332543e-04 1.138709e+01 6.683624e+00 1.320366e+01 5.869478e-01
9.549926e-04 1.134141e+01 6.622338e+00 1.313328e+01 5.839077e-01
9.772372e-04 1.129533e+01 6.563348e+00 1.306377e+01 5.810672e-01
1.000000e-03 1.124882e+01 6.506585e+00 1.299506e+01 5.784237e-01
1.023293e-03 1.120184e+01 6.451978e+00 1.292708e+01 5.759746e-01
1.047129e-03 1.115437e+01 6.399455e+00 1.285974e+01 5.737173e-01
1.071519e-03 1.110637e+01 6.348947e+00 1.279299e+01 5.716490e-01
1.096478e-03 1.105783e+01 6.300383e+00 1.272676e+01 5.697668e-01
1.122018e-03 1.100871e+01 6.253694e+00 1.266098e+01 5.680676e-01
1.148154e-03 1.095901e+01 6.208811e+00 1.259560e+01 5.665486e-01
1.174898e-03 1.090869e+01 6.165665e+00 1.253056e+01 5.652065e-01
1.202264e-03 1.085775e+01 6.124189e+00 1.246581e+01 5.640382e-01
1.230269e-03 1.080617e+01 6.084315e+00 1.240130e+01 5.630406e-01
1.258925e-03 1.075394e+01 6.045976e+00 1.233698e+01 5.622102e-01
1.288250e-03 1.070105e+01 6.009108e+00 1.227281e+01 5.615439e-01
1.318257e-03 1.064748e+01 5.973646e+00 1.220874e+01 5.610383e-01
1.348963e-03 1.059324e+01 5.939525e+00 1.214474e+01 5.606901e-01
1.380384e-03 1.053832e+01 5.906685e+00 1.208077e+01 5.604960e-01
1.412538e-03 1.048271e+01 5.875063e+00 1.201680e+01 5.604527e-01
1.445440e-03 1.042641e+01 5.844599e+00 1.195280e+01 5.605569e-01
1.479108e-03 1.036944e+01 5.815235e+00 1.188874e+01 5.608053e-01
1.513561e-03 1.031177e+01 5.786912e+00 1.182459e+01 5.611946e-01
1.548817e-03 1.025343e+01 5.759575e+00 1.176034e+01 5.617216e-01
1.584893e-03 1.019442e+01 5.733169e+00 1.169596e+01 5.623831e-01
1.621810e-03 1.013474e+01 5.707641e+00 1.163142e+01 5.631761e-01
1.659587e-03 1.007439e+01 5.682938e+00 1.156673e+01 5.640972e-01
1.698244e-03 1.001340e+01 5.659010e+00 1.150185e+01 5.651437e-01
1.737801e-03 9.951766e+00 5.635809e+00 1.143678e+01 5.663124e-01
1.778279e-03 9.889502e+00 5.613287e+00 1.137151e+01 5.676006e-01
1.819701e-03 9.826619e+00 5.591397e+00 1.130602e+01 5.690052e-01
1.862087e-03 9.763130e+00 5.570097e+00 1.124032e+01 5.705236e-01
1.905461e-03 9.699049e+00 5.549341e+00 1.117438e+01 5.721531e-01
1.949845e-03 9.634390e+00 5.529090e+00 1.110821e+01 5.738911e-01
1.995262e-03 9.569168e+00 5.509304e+00 1.104180e+01 5.757349e-01
2.041738e-03 9.503397e+00 5.489942e+00 1.097515e+01 5.776821e-01
2.089296e-03 9.437093e+00 5.470970e+00 1.090826e+01 5.797304e-01
2.137962e-03 9.370273e+00 5.452349e+00 1.084113e+01 5.818773e-01
2.187762e-03 9.302953e+00 5.434047e+00 1.077376e+01 5.841206e-01
2.238721e-03 9.235150e+00 5.416029e+00 1.070614e+01 5.864581e-01
2.290868e-03 9.166880e+00 5.398264e+00 1.063828e+01 5.888878e-01
2.344229e-03 9.098161e+00 5.380720e+00 1.057018e+01 5.914074e-01
2.398833e-03 9.029011e+00 5.363369e+00 1.050185e+01 5.940151e-01
2.454709e-03 8.959446e+00 5.346181e+00 1.043328e+01 5.967089e-01
2.511886e-03 8.889485e+00 5.329129e+00 1.036449e+01 5.994868e-01
2.570396e-03 8.819146e+00 5.312187e+00 1.029547e+01 6.023471e-01
2.630268e-03 8.748446e+00 5.295329e+00 1.022623e+01 6.052879e-01
2.691535e-03 8.677404e+00 5.278530e+00 1.015678e+01 6.083076e-01
2.754229e-03 8.606037e+00 5.261768e+00 1.008712e+01 6.114043e-01
2.818383e-03 8.534364e+00 5.245019e+00 1.001726e+01 6.145764e-01
2.884032e-03 8.462403e+00 5.228262e+00 9.947210e+00 6.178224e-01
2.951209e-03 8.390172e+00 5.211475e+00 9.876967e+00 6.211405e-01
3.019952e-03 8.317690e+00 5.194640e+00 9.806542e+00 6.245291e-01
3.090295e-03 8.244976e+00 5.177736e+00 9.735943e+00 6.279869e-01
3.162278e-03 8.172047e+00 5.160746e+00 9.665177e+00 6.315121e-01
3.235937e-03 8.098921e+00 5.143652e+00 9.594252e+00 6.351033e-01
3.311311e-03 8.025619e+00 5.126436e+00 9.523177e+00 6.387590e-01
3.388442e-03 7.952157e+00 5.109084e+00 9.451960e+00 6.424777e-01
3.467369e-03 7.878555e+00 5.091580e+00 9.380609e+00 6.462580e-01
3.548134e-03 7.804832e+00 5.073909e+00 9.309132e+00 6.500984e-01
3.630781e-03 7.731004e+00 5.056058e+00 9.237540e+00 6.539975e-01
3.715352e-03 7.657092e+00 5.038014e+00 9.165841e+00 6.579539e-01
3.801894e-03 7.583114e+00 5.019765e+00 9.094045e+00 6.619662e-01
3.890451e-03 7.509087e+00 5.001299e+00 9.022161e+00 6.660329e-01
3.981072e-03 7.435031e+00 4.982607e+00 8.950198e+00 6.701528e-01
4.073803e-03 7.360962e+00 4.963677e+00 8.878168e+00 6.743245e-01
4.168694e-03 7.286901e+00 4.944501e+00 8.806078e+00 6.785465e-01
4.265795e-03 7.212863e+00 4.925071e+00 8.733941e+00 6.828177e-01
4.365158e-03 7.138868e+00 4.905378e+00 8.661764e+00 6.871367e-01
4.466836e-03 7.064932e+00 4.885415e+00 8.589560e+00 6.915021e-01
4.570882e-03 6.991072e+00 4.865177e+00 8.517337e+00 6.959128e-01
4.677351e-03 6.917307e+00 4.844656e+00 8.445107e+00 7.003673e-01
4.786301e-03 6.843653e+00 4.823848e+00 8.372878e+00 7.048646e-01
4.897788e-03 6.770125e+00 4.802748e+00 8.300662e+00 7.094032e-01
5.011872e-03 6.696742e+00 4.781353e+00 8.228468e+00 7.139820e-01
5.128614e-03 6.623518e+00 4.759657e+00 8.156306e+00 7.185996e-01
5.248075e-03 6.550469e+00 4.737659e+00 8.084186e+00 7.232549e-01
5.370318e-03 6.477611e+00 4.715355e+00 8.012117e+00 7.279467e-01
5.495409e-03 6.404959e+00 4.692744e+00 7.940109e+00 7.326735e-01
5.623413e-03 6.332527e+00 4.669822e+00 7.868172e+00 7.374343e-01
5.754399e-03 6.260330e+00 4.646590e+00 7.796315e+00 7.422276e-01
5.888437e-03 6.188383e+00 4.623045e+00 7.724547e+00 7.470522e-01
6.025596e-03 6.116699e+00 4.599187e+00 7.652877e+00 7.519066e-01
6.165950e-03 6.045292e+00 4.575014e+00 7.581313e+00 7.567897e-01
6.309573e-03 5.974175e+00 4.550528e+00 7.509865e+00 7.616998e-01
6.456542e-03 5.903361e+00 4.525726e+00 7.438540e+00 7.666355e-01
6.606934e-03 5.832865e+00 4.500611e+00 7.367347e+00 7.715953e-01
6.760830e-03 5.762697e+00 4.475181e+00 7.296295e+00 7.765776e-01
6.918310e-03 5.692871e+00 4.449438e+00 7.225391e+00 7.815806e-01
7.079458e-03 5.623400e+00 4.423381e+00 7.154644e+00 7.866026e-01
7.244360e-03 5.554296e+00 4.397012e+00 7.084061e+00 7.916418e-01
7.413102e-03 5.485570e+00 4.370333e+00 7.013650e+00 7.966961e-01
7.585776e-03 5.417237e+00 4.343343e+00 6.943420e+00 8.017635e-01
7.762471e-03 5.349307e+00 4.316044e+00 6.873378e+00 8.068419e-01
7.943282e-03 5.281792e+00 4.288439e+00 6.803532e+00 8.119288e-01
8.128305e-03 5.214706e+00 4.260529e+00 6.733890e+00 8.170219e-01
8.317638e-03 5.148060e+00 4.232316e+00 6.664460e+00 8.221187e-01
8.511380e-03 5.081867e+00 4.203803e+00 6.595251e+00 8.272164e-01
8.709636e-03 5.016138e+00 4.174992e+00 6.526270e+00 8.323122e-01
8.912509e-03 4.950886e+00 4.145887e+00 6.457527e+00 8.374031e-01
9.120108e-03 4.886123e+00 4.116491e+00 6.389029e+00 8.424862e-01
9.332543e-03 4.821861e+00 4.086807e+00 6.320787e+00 8.475580e-01
9.549926e-03 4.758114e+00 4.056841e+00 6.252808e+00 8.526154e-01
9.772372e-03 4.694892e+00 4.026596e+00 6.185103e+00 8.576547e-01
1.000000e-02 4.632209e+00 3.996079e+00 6.117680e+00 8.626723e-01
1.023293e-02 4.570077e+00 3.965293e+00 6.050550e+00 8.676645e-01
1.047129e-02 4.508507e+00 3.934247e+00 5.983722e+00 8.726275e-01
1.071519e-02 4.447511e+00 3.902946e+00 5.917207e+00 8.775573e-01
1.096478e-02 4.387103e+00 3.871398e+00 5.851016e+00 8.824497e-01
1.122018e-02 4.327292e+00 3.839610e+00 5.785159e+00 8.873008e-01
1.148154e-02 4.268092e+00 3.807591e+00 5.719647e+00 8.921062e-01
1.174898e-02 4.209513e+00 3.775351e+00 5.654491e+00 8.968617e-01
1.202264e-02 4.151565e+00 3.742897e+00 5.589703e+00 9.015630e-01
1.230269e-02 4.094260e+00 3.710242e+00 5.525293e+00 9.062057e-01
1.258925e-02 4.037609e+00 3.677395e+00 5.461275e+00 9.107855e-01
1.288250e-02 3.981619e+00 3.644368e+00 5.397658e+00 9.152980e-01
1.318257e-02 3.926302e+00 3.611173e+00 5.334456e+00 9.197390e-01
1.348963e-02 3.871666e+00 3.577822e+00 5.271680e+00 9.241041e-01
1.380384e-02 3.817718e+00 3.544328e+00 5.209341e+00 9.283891e-01
1.412538e-02 3.764468e+00 3.510704e+00 5.147452e+00 9.325899e-01
1.445440e-02 3.711920e+00 3.476965e+00 5.086024e+00 9.367025e-01
1.479108e-02 3.660083e+00 3.443125e+00 5.025069e+00 9.407230e-01
1.513561e-02 3.608962e+00 3.409197e+00 4.964598e+00 9.446475e-01
1.548817e-02 3.558561e+00 3.375198e+00 4.904622e+00 9.484726e-01
1.584893e-02 3.508885e+00 3.341142e+00 4.845153e+00 9.521948e-01
1.621810e-02 3.459937e+00 3.307045e+00 4.786200e+00 9.558108e-01
1.659587e-02 3.411719e+00 3.272923e+00 4.727774e+00 9.593177e-01
1.698244e-02 3.364234e+00 3.238791e+00 4.669886e+00 9.627126e-01
1.737801e-02 3.317482e+00 3.204665e+00 4.612544e+00 9.659932e-01
1.778279e-02 3.271463e+00 3.170561e+00 4.555758e+00 9.691570e-01
1.819701e-02 3.226177e+00 3.136496e+00 4.499536e+00 9.722021e-01
1.862087e-02 3.181621e+00 3.102484e+00 4.443886e+00 9.751267e-01
1.905461e-02 3.137795e+00 3.068542e+00 4.388816e+00 9.779295e-01
1.949845e-02 3.094693e+00 3.034685e+00 4.334332e+00 9.806092e-01
1.995262e-02 3.052313e+00 3.000927e+00 4.280442e+00 9.831650e-01
2.041738e-02 3.010650e+00 2.967286e+00 4.227150e+00 9.855965e-01
2.089296e-02 2.969697e+00 2.933774e+00 4.174462e+00 9.879032e-01
2.137962e-02 2.929450e+00 2.900405e+00 4.122382e+00 9.900853e-01
2.187762e-02 2.889901e+00 2.867195e+00 4.070913e+00 9.921430e-01
2.238721e-02 2.851043e+00 2.834156e+00 4.020060e+00 9.940770e-01
2.290868e-02 2.812867e+00 2.801301e+00 3.969824e+00 9.958883e-01
2.344229e-02 2.775364e+00 2.768642e+00 3.920207e+00 9.975778e-01
2.398833e-02 2.738527e+00 2.736191e+00 3.871211e+00 9.991470e-01
2.454709e-02 2.702345e+00 2.703960e+00 3.822835e+00 1.000598e+00
2.511886e-02 2.666808e+00 2.671958e+00 3.775079e+00 1.001931e+00
2.570396e-02 2.631905e+00 2.640196e+00 3.727943e+00 1.003150e+00
2.630268e-02 2.597626e+00 2.608684e+00 3.681426e+00 1.004257e+00
2.691535e-02 2.563960e+00 2.577430e+00 3.635524e+00 1.005253e+00
2.754229e-02 2.530896e+00 2.546441e+00 3.590236e+00 1.006142e+00
2.818383e-02 2.498421e+00 2.515726e+00 3.545559e+00 1.006926e+00
2.884032e-02 2.466525e+00 2.485292e+00 3.501488e+00 1.007609e+00
2.951209e-02 2.435195e+00 2.455144e+00 3.458021e+00 1.008192e+00
3.019952e-02 2.404420e+00 2.425288e+00 3.415151e+00 1.008679e+00
3.090295e-02 2.374188e+00 2.395729e+00 3.372875e+00 1.009073e+00
3.162278e-02 2.344487e+00 2.366472e+00 3.331187e+00 1.009378e+00
3.235937e-02 2.315305e+00 2.337520e+00 3.290081e+00 1.009595e+00
3.311311e-02 2.286630e+00 2.308877e+00 3.249552e+00 1.009729e+00
3.388442e-02 2.258452e+00 2.280545e+00 3.209593e+00 1.009782e+00
3.467369e-02 2.230758e+00 2.252526e+00 3.170198e+00 1.009758e+00
3.548134e-02 2.203537e+00 2.224823e+00 3.131359e+00 1.009660e+00
3.630781e-02 2.176778e+00 2.197436e+00 3.093071e+00 1.009490e+00
3.715352e-02 2.150471e+00 2.170366e+00 3.055325e+00 1.009252e+00
3.801894e-02 2.124604e+00 2.143614e+00 3.018116e+00 1.008948e+00
3.890451e-02 2.099167e+00 2.117180e+00 2.981435e+00 1.008581e+00
3.981072e-02 2.074150e+00 2.091064e+00 2.945275e+00 1.008155e+00
4.073803e-02 2.049543e+00 2.065265e+00 2.909630e+00 1.007671e+00
4.168694e-02 2.025337e+00 2.039782e+00 2.874491e+00 1.007132e+00
4.265795e-02 2.001521e+00 2.014613e+00 2.839851e+00 1.006541e+00
4.365158e-02 1.978088e+00 1.989759e+00 2.805703e+00 1.005900e+00
4.466836e-02 1.955027e+00 1.965216e+00 2.772040e+00 1.005212e+00
4.570882e-02 1.932332e+00 1.940984e+00 2.738854e+00 1.004477e+00
4.677351e-02 1.909993e+00 1.917059e+00 2.706139e+00 1.003700e+00
4.786301e-02 1.888003e+00 1.893441e+00 2.673887e+00 1.002881e+00
4.897788e-02 1.866353e+00 1.870127e+00 2.642092e+00 1.002022e+00
5.011872e-02 1.845038e+00 1.847115e+00 2.610746e+00 1.001126e+00
5.128614e-02 1.824048e+00 1.824402e+00 2.579844e+00 1.000194e+00
5.248075e-02 1.803379e+00 1.801985e+00 2.549378e+00 9.992275e-01
5.370318e-02 1.783022e+00 1.779864e+00 2.519342e+00 9.982288e-01
5.495409e-02 1.762972e+00 1.758034e+00 2.489729e+00 9.971992e-01
5.623413e-02 1.743222e+00 1.736494e+00 2.460535e+00 9.961404e-01
5.754399e-02 1.723766e+00 1.715241e+00 2.431753e+00 9.950539e-01
5.888437e-02 1.704600e+00 1.694272e+00 2.403376e+00 9.939413e-01
6.025596e-02 1.685716e+00 1.673586e+00 2.375400e+00 9.928041e-01
6.165950e-02 1.667109e+00 1.653179e+00 2.347819e+00 9.916438e-01
6.309573e-02 1.648775e+00 1.633049e+00 2.320627e+00 9.904620e-01
6.456542e-02 1.630708e+00 1.613195e+00 2.293819e+00 9.892603e-01
6.606934e-02 1.612903e+00 1.593613e+00 2.267391e+00 9.880403e-01
6.760830e-02 1.595355e+00 1.574302e+00 2.241336e+00 9.868036e-01
6.918310e-02 1.578059e+00 1.555260e+00 2.215650e+00 9.855520e-01
7.079458e-02 1.561011e+00 1.536483e+00 2.190328e+00 9.842872e-01
7.244360e-02 1.544205e+00 1.517971e+00 2.165365e+00 9.830109e-01
7.413102e-02 1.527638e+00 1.499720e+00 2.140756e+00 9.817251e-01
7.585776e-02 1.511304e+00 1.481730e+00 2.116498e+00 9.804317e-01
7.762471e-02 1.495199e+00 1.463998e+00 2.092584e+00 9.791328e-01
7.943282e-02 1.479318e+00 1.446522e+00 2.069012e+00 9.778303e-01
8.128305e-02 1.463658e+00 1.429301e+00 2.045775e+00 9.765266e-01
8.317638e-02 1.448213e+00 1.412332e+00 2.022870e+00 9.752238e-01
8.511380e-02 1.432979e+00 1.395613e+00 2.000291e+00 9.739242e-01
8.709636e-02 1.417952e+00 1.379143e+00 1.978036e+00 9.726303e-01
8.912509e-02 1.403128e+00 1.362920e+00 1.956098e+00 9.713446e-01
9.120108e-02 1.388501e+00 1.346943e+00 1.934474e+00 9.700696e-01
9.332543e-02 1.374068e+00 1.331208e+00 1.913159e+00 9.688080e-01
9.549926e-02 1.359823e+00 1.315714e+00 1.892148e+00 9.675623e-01
9.772372e-02 1.345764e+00 1.300459e+00 1.871437e+00 9.663354e-01
1.000000e-01 1.331885e+00 1.285442e+00 1.851021e+00 9.651301e-01
1.023293e-01 1.318182e+00 1.270660e+00 1.830896e+00 9.639492e-01
1.047129e-01 1.304650e+00 1.256111e+00 1.811057e+00 9.627955e-01
1.071519e-01 1.291286e+00 1.241793e+00 1.791499e+00 9.616720e-01
1.096478e-01 1.278085e+00 1.227704e+00 1.772219e+00 9.605816e-01
1.122018e-01 1.265042e+00 1.213842e+00 1.753210e+00 9.595272e-01
1.148154e-01 1.252154e+00 1.200204e+00 1.734468e+00 9.585118e-01
1.174898e-01 1.239416e+00 1.186788e+00 1.715989e+00 9.575383e-01
1.202264e-01 1.226824e+00 1.173592e+00 1.697767e+00 9.566097e-01
1.230269e-01 1.214374e+00 1.160612e+00 1.679799e+00 9.557288e-01
1.258925e-01 1.202062e+00 1.147847e+00 1.662079e+00 9.548987e-01
1.288250e-01 1.189884e+00 1.135294e+00 1.644602e+00 9.541221e-01
1.318257e-01 1.177835e+00 1.122951e+00 1.627364e+00 9.534019e-01
1.348963e-01 1.165913e+00 1.110813e+00 1.610360e+00 9.527409e-01
1.380384e-01 1.154113e+00 1.098880e+00 1.593586e+00 9.521419e-01
1.412538e-01 1.142432e+00 1.087147e+00 1.577035e+00 9.516076e-01
1.445440e-01 1.130866e+00 1.075613e+00 1.560705e+00 9.511406e-01
1.479108e-01 1.119411e+00 1.064273e+00 1.544590e+00 9.507436e-01
1.513561e-01 1.108065e+00 1.053126e+00 1.528686e+00 9.504191e-01
1.548817e-01 1.096823e+00 1.042168e+00 1.512988e+00 9.501697e-01
1.584893e-01 1.085682e+00 1.031395e+00 1.497492e+00 9.499977e-01
1.621810e-01 1.074639e+00 1.020806e+00 1.482193e+00 9.499057e-01
1.659587e-01 1.063692e+00 1.010397e+00 1.467087e+00 9.498959e-01
1.698244e-01 1.052837e+00 1.000164e+00 1.452169e+00 9.499706e-01
1.737801e-01 1.042072e+00 9.901057e-01 1.437436e+00 9.501322e-01
1.778279e-01 1.031392e+00 9.802176e-01 1.422883e+00 9.503828e-01
1.819701e-01 1.020797e+00 9.704970e-01 1.408507e+00 9.507246e-01
1.862087e-01 1.010283e+00 9.609408e-01 1.394302e+00 9.511598e-01
1.905461e-01 9.998481e-01 9.515458e-01 1.380267e+00 9.516904e-01
1.949845e-01 9.894893e-01 9.423090e-01 1.366395e+00 9.523185e-01
1.995262e-01 9.792046e-01 9.332273e-01 1.352684e+00 9.530463e-01
2.041738e-01 9.689918e-01 9.242976e-01 1.339131e+00 9.538756e-01
2.089296e-01 9.588486e-01 9.155169e-01 1.325731e+00 9.548085e-01
2.137962e-01 9.487731e-01 9.068821e-01 1.312481e+00 9.558471e-01
2.187762e-01 9.387632e-01 8.983902e-01 1.299377e+00 9.569934e-01
2.238721e-01 9.288170e-01 8.900383e-01 1.286417e+00 9.582493e-01
2.290868e-01 9.189327e-01 8.818235e-01 1.273597e+00 9.596170e-01
2.344229e-01 9.091084e-01 8.737427e-01 1.260914e+00 9.610984e-01
2.398833e-01 8.993425e-01 8.657932e-01 1.248365e+00 9.626957e-01
2.454709e-01 8.896332e-01 8.579721e-01 1.235946e+00 9.644110e-01
2.511886e-01 8.799791e-01 8.502765e-01 1.223656e+00 9.662463e-01
2.570396e-01 8.703784e-01 8.427037e-01 1.211490e+00 9.682038e-01
2.630268e-01 8.608297e-01 8.352509e-01 1.199446e+00 9.702859e-01
2.691535e-01 8.513315e-01 8.279154e-01 1.187522e+00 9.724947e-01
2.754229e-01 8.418825e-01 8.206946e-01 1.175715e+00 9.748327e-01
2.818383e-01 8.324812e-01 8.135856e-01 1.164022e+00 9.773021e-01
2.884032e-01 8.231263e-01 8.065860e-01 1.152440e+00 9.799055e-01
2.951209e-01 8.138164e-01 7.996930e-01 1.140967e+00 9.826454e-01
3.019952e-01 8.045504e-01 7.929040e-01 1.129601e+00 9.855244e-01
3.090295e-01 7.953269e-01 7.862166e-01 1.118339e+00 9.885452e-01
3.162278e-01 7.861448e-01 7.796281e-01 1.107178e+00 9.917105e-01
3.235937e-01 7.770029e-01 7.731359e-01 1.096117e+00 9.950233e-01
3.311311e-01 7.678999e-01 7.667376e-01 1.085153e+00 9.984864e-01
3.388442e-01 7.588349e-01 7.604307e-01 1.074284e+00 1.002103e+00
3.467369e-01 7.498067e-01 7.542125e-01 1.063507e+00 1.005876e+00
3.548134e-01 7.408143e-01 7.480805e-01 1.052820e+00 1.009808e+00
3.630781e-01 7.318565e-01 7.420324e-01 1.042222e+00 1.013904e+00
3.715352e-01 7.229325e-01 7.360654e-01 1.031709e+00 1.018166e+00
3.801894e-01 7.140413e-01 7.301772e-01 1.021280e+00 1.022598e+00
3.890451e-01 7.051819e-01 7.243652e-01 1.010933e+00 1.027203e+00
3.981072e-01 6.963535e-01 7.186268e-01 1.000666e+00 1.031986e+00
4.073803e-01 6.875553e-01 7.129595e-01 9.904764e-01 1.036949e+00
4.168694e-01 6.787863e-01 7.073607e-01 9.803622e-01 1.042096e+00
4.265795e-01 6.700460e-01 7.018280e-01 9.703217e-01 1.047433e+00
4.365158e-01 6.613335e-01 6.963587e-01 9.603528e-01 1.052961e+00
4.466836e-01 6.526483e-01 6.909502e-01 9.504536e-01 1.058687e+00
4.570882e-01 6.439898e-01 6.855999e-01 9.406222e-01 1.064613e+00
4.677351e-01 6.353575e-01 6.803053e-01 9.308568e-01 1.070744e+00
4.786301e-01 6.267508e-01 6.750638e-01 9.211556e-01 1.077085e+00
4.897788e-01 6.181695e-01 6.698727e-01 9.115168e-01 1.083639e+00
5.011872e-01 6.096131e-01 6.647294e-01 9.019386e-01 1.090412e+00
5.128614e-01 6.010815e-01 6.596313e-01 8.924194e-01 1.097407e+00
5.248075e-01 5.925746e-01 6.545758e-01 8.829576e-01 1.104630e+00
5.370318e-01 5.840921e-01 6.495603e-01 8.735514e-01 1.112085e+00
5.495409e-01 5.756341e-01 6.445822e-01 8.641995e-01 1.119778e+00
5.623413e-01 5.672007e-01 6.396389e-01 8.549003e-01 1.127712e+00
5.754399e-01 5.587920e-01 6.347278e-01 8.456524e-01 1.135893e+00
5.888437e-01 5.504084e-01 6.298465e-01 8.364544e-01 1.144326e+00
6.025596e-01 5.420500e-01 6.249924e-01 8.273051e-01 1.153016e+00
6.165950e-01 5.337174e-01 6.201629e-01 8.182031e-01 1.161969e+00
6.309573e-01 5.254111e-01 6.153558e-01 8.091474e-01 1.171189e+00
6.456542e-01 5.171316e-01 6.105684e-01 8.001368e-01 1.180683e+00
6.606934e-01 5.088796e-01 6.057986e-01 7.911703e-01 1.190456e+00
6.760830e-01 5.006560e-01 6.010439e-01 7.822469e-01 1.200513e+00
6.918310e-01 4.924614e-01 5.963021e-01 7.733657e-01 1.210860e+00
7.079458e-01 4.842970e-01 5.915710e-01 7.645259e-01 1.221505e+00
7.244360e-01 4.761637e-01 5.868485e-01 7.557268e-01 1.232451e+00
7.413102e-01 4.680625e-01 5.821324e-01 7.469676e-01 1.243706e+00
7.585776e-01 4.599947e-01 5.774207e-01 7.382478e-01 1.255277e+00
7.762471e-01 4.519615e-01 5.727116e-01 7.295669e-01 1.267169e+00
7.943282e-01 4.439642e-01 5.680032e-01 7.209243e-01 1.279390e+00
8.128305e-01 4.360041e-01 5.632936e-01 7.123197e-01 1.291946e+00
8.317638e-01 4.280828e-01 5.585813e-01 7.037528e-01 1.304844e+00
8.511380e-01 4.202016e-01 5.538646e-01 6.952232e-01 1.318093e+00
8.709636e-01 4.123621e-01 5.491420e-01 6.867309e-01 1.331698e+00
8.912509e-01 4.045659e-01 5.444120e-01 6.782758e-01 1.345669e+00
9.120108e-01 3.968147e-01 5.396734e-01 6.698576e-01 1.360014e+00
9.332543e-01 3.891101e-01 5.349249e-01 6.614766e-01 1.374739e+00
9.549926e-01 3.814538e-01 5.301654e-01 6.531327e-01 1.389855e+00
9.772372e-01 3.738475e-01 5.253938e-01 6.448260e-01 1.405369e+00
1.000000e+00 3.662931e-01 5.206092e-01 6.365568e-01 1.421291e+00
1.023293e+00 3.587923e-01 5.158109e-01 6.283254e-01 1.437631e+00
1.047129e+00 3.513469e-01 5.109979e-01 6.201319e-01 1.454397e+00
1.071519e+00 3.439588e-01 5.061698e-01 6.119768e-01 1.471600e+00
1.096478e+00 3.366297e-01 5.013260e-01 6.038604e-01 1.489250e+00
1.122018e+00 3.293616e-01 4.964660e-01 5.957832e-01 1.507359e+00
1.148154e+00 3.221561e-01 4.915896e-01 5.877456e-01 1.525936e+00
1.174898e+00 3.150153e-01 4.866964e-01 5.797482e-01 1.544993e+00
1.202264e+00 3.079408e-01 4.817864e-01 5.717916e-01 1.564543e+00
1.230269e+00 3.009344e-01 4.768595e-01 5.638763e-01 1.584596e+00
1.258925e+00 2.939981e-01 4.719158e-01 5.560031e-01 1.605166e+00
1.288250e+00 2.871334e-01 4.669555e-01 5.481724e-01 1.626266e+00
1.318257e+00 2.803423e-01 4.619787e-01 5.403852e-01 1.647909e+00
1.348963e+00 2.736263e-01 4.569859e-01 5.326420e-01 1.670109e+00
1.380384e+00 2.669872e-01 4.519774e-01 5.249436e-01 1.692880e+00
1.412538e+00 2.604267e-01 4.469539e-01 5.172908e-01 1.716237e+00
1.445440e+00 2.539462e-01 4.419158e-01 5.096845e-01 1.740194e+00
1.479108e+00 2.475475e-01 4.368640e-01 5.021254e-01 1.764768e+00
1.513561e+00 2.412320e-01 4.317991e-01 4.946143e-01 1.789975e+00
1.548817e+00 2.350011e-01 4.267221e-01 4.871522e-01 1.815830e+00
1.584893e+00 2.288564e-01 4.216339e-01 4.797399e-01 1.842352e+00
1.621810e+00 2.227991e-01 4.165355e-01 4.723783e-01 1.869557e+00
1.659587e+00 2.168305e-01 4.114280e-01 4.650682e-01 1.897463e+00
1.698244e+00 2.109520e-01 4.063125e-01 4.578107e-01 1.926090e+00
1.737801e+00 2.051646e-01 4.011903e-01 4.506065e-01 1.955455e+00
1.778279e+00 1.994696e-01 3.960627e-01 4.434566e-01 1.985580e+00
1.819701e+00 1.938678e-01 3.909310e-01 4.363620e-01 2.016482e+00
1.862087e+00 1.883604e-01 3.857967e-01 4.293235e-01 2.048184e+00
1.905461e+00 1.829481e-01 3.806612e-01 4.223422e-01 2.080706e+00
1.949845e+00 1.776317e-01 3.755260e-01 4.154188e-01 2.114070e+00
1.995262e+00 1.724121e-01 3.703926e-01 4.085543e-01 2.148298e+00
2.041738e+00 1.672899e-01 3.652628e-01 4.017497e-01 2.183413e+00
2.089296e+00 1.622655e-01 3.601382e-01 3.950058e-01 2.219438e+00
2.137962e+00 1.573395e-01 3.550204e-01 3.883236e-01 2.256396e+00
2.187762e+00 1.525123e-01 3.499111e-01 3.817038e-01 2.294313e+00
2.238721e+00 1.477842e-01 3.448121e-01 3.751474e-01 2.333214e+00
2.290868e+00 1.431553e-01 3.397252e-01 3.686552e-01 2.373123e+00
2.344229e+00 1.386259e-01 3.346521e-01 3.622281e-01 2.414067e+00
2.398833e+00 1.341958e-01 3.295947e-01 3.558668e-01 2.456073e+00
2.454709e+00 1.298651e-01 3.245546e-01 3.495721e-01 2.499168e+00
2.511886e+00 1.256335e-01 3.195338e-01 3.433448e-01 2.543380e+00
2.570396e+00 1.215009e-01 3.145340e-01 3.371856e-01 2.588737e+00
2.630268e+00 1.174669e-01 3.095570e-01 3.310952e-01 2.635269e+00
2.691535e+00 1.135311e-01 3.046046e-01 3.250742e-01 2.683006e+00
2.754229e+00 1.096929e-01 2.996785e-01 3.191234e-01 2.731978e+00
2.818383e+00 1.059517e-01 2.947805e-01 3.132432e-01 2.782215e+00
2.884032e+00 1.023069e-01 2.899123e-01 3.074342e-01 2.833751e+00
2.951209e+00 9.875765e-02 2.850755e-01 3.016971e-01 2.886617e+00
3.019952e+00 9.530314e-02 2.802719e-01 2.960321e-01 2.940846e+00
3.090295e+00 9.194244e-02 2.755030e-01 2.904399e-01 2.996473e+00
3.162278e+00 8.867453e-02 2.707704e-01 2.849206e-01 3.053531e+00
3.235937e+00 8.549834e-02 2.660756e-01 2.794748e-01 3.112056e+00
3.311311e+00 8.241274e-02 2.614201e-01 2.741028e-01 3.172083e+00
3.388442e+00 7.941652e-02 2.568053e-01 2.688047e-01 3.233651e+00
3.467369e+00 7.650841e-02 2.522326e-01 2.635807e-01 3.296795e+00
3.548134e+00 7.368710e-02 2.477032e-01 2.584312e-01 3.361555e+00
3.630781e+00 7.095120e-02 2.432185e-01 2.533561e-01 3.427968e+00
3.715352e+00 6.829930e-02 2.387795e-01 2.483555e-01 3.496076e+00
3.801894e+00 6.572992e-02 2.343875e-01 2.434295e-01 3.565919e+00
3.890451e+00 6.324156e-02 2.300435e-01 2.385781e-01 3.637537e+00
3.981072e+00 6.083267e-02 2.257485e-01 2.338012e-01 3.710974e+00
4.073803e+00 5.850168e-02 2.215033e-01 2.290986e-01 3.786273e+00
4.168694e+00 5.624697e-02 2.173089e-01 2.244703e-01 3.863478e+00
4.265795e+00 5.406693e-02 2.131661e-01 2.199159e-01 3.942633e+00
4.365158e+00 5.195991e-02 2.090755e-01 2.154354e-01 4.023785e+00
4.466836e+00 4.992422e-02 2.050378e-01 2.110283e-01 4.106981e+00
4.570882e+00 4.795821e-02 2.010537e-01 2.066944e-01 4.192268e+00
4.677351e+00 4.606018e-02 1.971236e-01 2.024333e-01 4.279696e+00
4.786301e+00 4.422843e-02 1.932479e-01 1.982446e-01 4.369314e+00
4.897788e+00 4.246128e-02 1.894272e-01 1.941278e-01 4.461174e+00
5.011872e+00 4.075703e-02 1.856616e-01 1.900825e-01 4.555327e+00
5.128614e+00 3.911399e-02 1.819515e-01 1.861082e-01 4.651827e+00
5.248075e+00 3.753048e-02 1.782971e-01 1.822043e-01 4.750728e+00
5.370318e+00 3.600484e-02 1.746985e-01 1.783702e-01 4.852085e+00
5.495409e+00 3.453540e-02 1.711559e-01 1.746054e-01 4.955956e+00
5.623413e+00 3.312051e-02 1.676692e-01 1.709091e-01 5.062398e+00
5.754399e+00 3.175857e-02 1.642385e-01 1.672808e-01 5.171470e+00
5.888437e+00 3.044795e-02 1.608636e-01 1.637198e-01 5.283233e+00
6.025596e+00 2.918708e-02 1.575445e-01 1.602253e-01 5.397748e+00
6.165950e+00 2.797439e-02 1.542810e-01 1.567967e-01 5.515079e+00
6.309573e+00 2.680836e-02 1.510729e-01 1.534331e-01 5.635291e+00
6.456542e+00 2.568746e-02 1.479199e-01 1.501338e-01 5.758449e+00
6.606934e+00 2.461022e-02 1.448218e-01 1.468980e-01 5.884620e+00
6.760830e+00 2.357519e-02 1.417783e-01 1.437250e-01 6.013875e+00
6.918310e+00 2.258095e-02 1.387889e-01 1.406138e-01 6.146282e+00
7.079458e+00 2.162609e-02 1.358533e-01 1.375638e-01 6.281915e+00
7.244360e+00 2.070926e-02 1.329710e-01 1.345740e-01 6.420847e+00
7.413102e+00 1.982913e-02 1.301416e-01 1.316436e-01 6.563154e+00
7.585776e+00 1.898440e-02 1.273647e-01 1.287717e-01 6.708912e+00
7.762471e+00 1.817381e-02 1.246396e-01 1.259576e-01 6.858200e+00
7.943282e+00 1.739612e-02 1.219659e-01 1.232003e-01 7.011099e+00
8.128305e+00 1.665014e-02 1.193431e-01 1.204989e-01 7.167692e+00
8.317638e+00 1.593469e-02 1.167704e-01 1.178527e-01 7.328063e+00
8.511380e+00 1.524866e-02 1.142475e-01 1.152606e-01 7.492298e+00
8.709636e+00 1.459092e-02 1.117736e-01 1.127219e-01 7.660486e+00
8.912509e+00 1.396043e-02 1.093481e-01 1.102356e-01 7.832716e+00
9.120108e+00 1.335614e-02 1.069704e-01 1.078010e-01 8.009081e+00
9.332543e+00 1.277704e-02 1.046399e-01 1.054170e-01 8.189677e+00
9.549926e+00 1.222218e-02 1.023558e-01 1.030830e-01 8.374599e+00
9.772372e+00 1.169059e-02 1.001176e-01 1.007979e-01 8.563946e+00
1.000000e+01 1.118139e-02 9.792457e-02 9.856087e-02 8.757820e+00
