1.000000e-06 2.556242e+01 4.741191e-02 2.556246e+01 1.854750e-03
1.023293e-06 2.556241e+01 4.851622e-02 2.556246e+01 1.897951e-03
1.047129e-06 2.556240e+01 4.964624e-02 2.556245e+01 1.942159e-03
1.071519e-06 2.556239e+01 5.080259e-02 2.556244e+01 1.987396e-03
1.096478e-06 2.556238e+01 5.198586e-02 2.556244e+01 2.033686e-03
1.122018e-06 2.556237e+01 5.319669e-02 2.556243e+01 2.081055e-03
1.148154e-06 2.556236e+01 5.443573e-02 2.556242e+01 2.129526e-03
1.174898e-06 2.556235e+01 5.570361e-02 2.556241e+01 2.179127e-03
1.202264e-06 2.556234e+01 5.700102e-02 2.556240e+01 2.229883e-03
1.230269e-06 2.556233e+01 5.832865e-02 2.556239e+01 2.281821e-03
1.258925e-06 2.556232e+01 5.968719e-02 2.556239e+01 2.334968e-03
1.288250e-06 2.556230e+01 6.107738e-02 2.556238e+01 2.389353e-03
1.318257e-06 2.556229e+01 6.249993e-02 2.556236e+01 2.445005e-03
1.348963e-06 2.556227e+01 6.395561e-02 2.556235e+01 2.501953e-03
1.380384e-06 2.556226e+01 6.544519e-02 2.556234e+01 2.560227e-03
1.412538e-06 2.556224e+01 6.696946e-02 2.556233e+01 2.619859e-03
1.445440e-06 2.556223e+01 6.852922e-02 2.556232e+01 2.680878e-03
1.479108e-06 2.556221e+01 7.012530e-02 2.556230e+01 2.743319e-03
1.513561e-06 2.556219e+01 7.175854e-02 2.556229e+01 2.807214e-03
1.548817e-06 2.556217e+01 7.342982e-02 2.556228e+01 2.872597e-03
1.584893e-06 2.556215e+01 7.514001e-02 2.556226e+01 2.939503e-03
1.621810e-06 2.556213e+01 7.689002e-02 2.556224e+01 3.007966e-03
1.659587e-06 2.556211e+01 7.868078e-02 2.556223e+01 3.078024e-03
1.698244e-06 2.556208e+01 8.051324e-02 2.556221e+01 3.149713e-03
1.737801e-06 2.556206e+01 8.238836e-02 2.556219e+01 3.223072e-03
1.778279e-06 2.556203e+01 8.430713e-02 2.556217e+01 3.298139e-03
1.819701e-06 2.556201e+01 8.627058e-02 2.556215e+01 3.374953e-03
1.862087e-06 2.556198e+01 8.827974e-02 2.556213e+01 3.453557e-03
1.905461e-06 2.556195e+01 9.033568e-02 2.556211e+01 3.533990e-03
1.949845e-06 2.556192e+01 9.243948e-02 2.556209e+01 3.616296e-03
1.995262e-06 2.556189e+01 9.459225e-02 2.556206e+01 3.700519e-03
2.041738e-06 2.556185e+01 9.679514e-02 2.556204e+01 3.786703e-03
2.089296e-06 2.556182e+01 9.904931e-02 2.556201e+01 3.874893e-03
2.137962e-06 2.556178e+01 1.013560e-01 2.556198e+01 3.965137e-03
2.187762e-06 2.556174e+01 1.037163e-01 2.556195e+01 4.057481e-03
2.238721e-06 2.556170e+01 1.061316e-01 2.556192e+01 4.151975e-03
2.290868e-06 2.556166e+01 1.086031e-01 2.556189e+01 4.248670e-03
2.344229e-06 2.556162e+01 1.111321e-01 2.556186e+01 4.347615e-03
2.398833e-06 2.556157e+01 1.137199e-01 2.556182e+01 4.448864e-03
2.454709e-06 2.556152e+01 1.163680e-01 2.556179e+01 4.552469e-03
2.511886e-06 2.556147e+01 1.190778e-01 2.556175e+01 4.658487e-03
2.570396e-06 2.556142e+01 1.218506e-01 2.556171e+01 4.766972e-03
2.630268e-06 2.556136e+01 1.246879e-01 2.556167e+01 4.877982e-03
2.691535e-06 2.556130e+01 1.275912e-01 2.556162e+01 4.991576e-03
2.754229e-06 2.556124e+01 1.305621e-01 2.556158e+01 5.107815e-03
2.818383e-06 2.556118e+01 1.336021e-01 2.556153e+01 5.226758e-03
2.884032e-06 2.556111e+01 1.367128e-01 2.556148e+01 5.348470e-03
2.951209e-06 2.556104e+01 1.398959e-01 2.556143e+01 5.473014e-03
3.019952e-06 2.556097e+01 1.431531e-01 2.556137e+01 5.600456e-03
3.090295e-06 2.556089e+01 1.464860e-01 2.556131e+01 5.730864e-03
3.162278e-06 2.556081e+01 1.498965e-01 2.556125e+01 5.864307e-03
3.235937e-06 2.556073e+01 1.533862e-01 2.556119e+01 6.000855e-03
3.311311e-06 2.556064e+01 1.569571e-01 2.556112e+01 6.140579e-03
3.388442e-06 2.556055e+01 1.606111e-01 2.556105e+01 6.283555e-03
3.467369e-06 2.556045e+01 1.643500e-01 2.556098e+01 6.429857e-03
3.548134e-06 2.556035e+01 1.681759e-01 2.556090e+01 6.579562e-03
3.630781e-06 2.556025e+01 1.720907e-01 2.556082e+01 6.732750e-03
3.715352e-06 2.556013e+01 1.760966e-01 2.556074e+01 6.889500e-03
3.801894e-06 2.556002e+01 1.801955e-01 2.556065e+01 7.049897e-03
3.890451e-06 2.555990e+01 1.843897e-01 2.556056e+01 7.214024e-03
3.981072e-06 2.555977e+01 1.886814e-01 2.556047e+01 7.381968e-03
4.073803e-06 2.555964e+01 1.930728e-01 2.556037e+01 7.553818e-03
4.168694e-06 2.555950e+01 1.975663e-01 2.556026e+01 7.729663e-03
4.265795e-06 2.555935e+01 2.021642e-01 2.556015e+01 7.909596e-03
4.365158e-06 2.555920e+01 2.068688e-01 2.556004e+01 8.093713e-03
4.466836e-06 2.555904e+01 2.116828e-01 2.555991e+01 8.282110e-03
4.570882e-06 2.555887e+01 2.166085e-01 2.555979e+01 8.474886e-03
4.677351e-06 2.555870e+01 2.216486e-01 2.555966e+01 8.672142e-03
4.786301e-06 2.555851e+01 2.268058e-01 2.555952e+01 8.873983e-03
4.897788e-06 2.555832e+01 2.320827e-01 2.555937e+01 9.080513e-03
5.011872e-06 2.555812e+01 2.374820e-01 2.555922e+01 9.291842e-03
5.128614e-06 2.555791e+01 2.430067e-01 2.555906e+01 9.508081e-03
5.248075e-06 2.555769e+01 2.486595e-01 2.555890e+01 9.729342e-03
5.370318e-06 2.555746e+01 2.544435e-01 2.555872e+01 9.955743e-03
5.495409e-06 2.555721e+01 2.603616e-01 2.555854e+01 1.018740e-02
5.623413e-06 2.555696e+01 2.664170e-01 2.555835e+01 1.042444e-02
5.754399e-06 2.555670e+01 2.726127e-01 2.555815e+01 1.066698e-02
5.888437e-06 2.555642e+01 2.789521e-01 2.555794e+01 1.091515e-02
6.025596e-06 2.555613e+01 2.854384e-01 2.555772e+01 1.116908e-02
6.165950e-06 2.555582e+01 2.920749e-01 2.555749e+01 1.142890e-02
6.309573e-06 2.555551e+01 2.988652e-01 2.555725e+01 1.169475e-02
6.456542e-06 2.555517e+01 3.058128e-01 2.555700e+01 1.196677e-02
6.606934e-06 2.555482e+01 3.129212e-01 2.555674e+01 1.224509e-02
6.760830e-06 2.555446e+01 3.201941e-01 2.555646e+01 1.252987e-02
6.918310e-06 2.555408e+01 3.276353e-01 2.555618e+01 1.282125e-02
7.079458e-06 2.555368e+01 3.352486e-01 2.555588e+01 1.311939e-02
7.244360e-06 2.555326e+01 3.430379e-01 2.555556e+01 1.342443e-02
7.413102e-06 2.555282e+01 3.510073e-01 2.555523e+01 1.373654e-02
7.585776e-06 2.555236e+01 3.591609e-01 2.555488e+01 1.405588e-02
7.762471e-06 2.555188e+01 3.675028e-01 2.555452e+01 1.438261e-02
7.943282e-06 2.555138e+01 3.760373e-01 2.555414e+01 1.471691e-02
8.128305e-06 2.555085e+01 3.847688e-01 2.555375e+01 1.505894e-02
8.317638e-06 2.555030e+01 3.937017e-01 2.555333e+01 1.540889e-02
8.511380e-06 2.554972e+01 4.028407e-01 2.555290e+01 1.576693e-02
8.709636e-06 2.554912e+01 4.121903e-01 2.555245e+01 1.613325e-02
8.912509e-06 2.554849e+01 4.217553e-01 2.555197e+01 1.650803e-02
9.120108e-06 2.554783e+01 4.315406e-01 2.555147e+01 1.689148e-02
9.332543e-06 2.554714e+01 4.415511e-01 2.555095e+01 1.728378e-02
9.549926e-06 2.554641e+01 4.517919e-01 2.555041e+01 1.768514e-02
9.772372e-06 2.554566e+01 4.622682e-01 2.554984e+01 1.809576e-02
1.000000e-05 2.554486e+01 4.729851e-01 2.554924e+01 1.851586e-02
1.023293e-05 2.554403e+01 4.839482e-01 2.554862e+01 1.894565e-02
1.047129e-05 2.554317e+01 4.951629e-01 2.554797e+01 1.938534e-02
1.071519e-05 2.554226e+01 5.066347e-01 2.554728e+01 1.983516e-02
1.096478e-05 2.554131e+01 5.183695e-01 2.554657e+01 2.029534e-02
1.122018e-05 2.554031e+01 5.303730e-01 2.554582e+01 2.076611e-02
1.148154e-05 2.553927e+01 5.426511e-01 2.554504e+01 2.124771e-02
1.174898e-05 2.553819e+01 5.552101e-01 2.554422e+01 2.174039e-02
1.202264e-05 2.553705e+01 5.680559e-01 2.554336e+01 2.224439e-02
1.230269e-05 2.553586e+01 5.811951e-01 2.554247e+01 2.275996e-02
1.258925e-05 2.553461e+01 5.946338e-01 2.554153e+01 2.328737e-02
1.288250e-05 2.553331e+01 6.083789e-01 2.554056e+01 2.382687e-02
1.318257e-05 2.553195e+01 6.224368e-01 2.553953e+01 2.437874e-02
1.348963e-05 2.553052e+01 6.368144e-01 2.553846e+01 2.494326e-02
1.380384e-05 2.552903e+01 6.515187e-01 2.553734e+01 2.552070e-02
1.412538e-05 2.552747e+01 6.665566e-01 2.553617e+01 2.611135e-02
1.445440e-05 2.552584e+01 6.819355e-01 2.553495e+01 2.671550e-02
1.479108e-05 2.552413e+01 6.976626e-01 2.553367e+01 2.733345e-02
1.513561e-05 2.552235e+01 7.137453e-01 2.553233e+01 2.796550e-02
1.548817e-05 2.552048e+01 7.301913e-01 2.553093e+01 2.861197e-02
1.584893e-05 2.551853e+01 7.470083e-01 2.552947e+01 2.927317e-02
1.621810e-05 2.551650e+01 7.642041e-01 2.552794e+01 2.994941e-02
1.659587e-05 2.551437e+01 7.817868e-01 2.552634e+01 3.064104e-02
1.698244e-05 2.551214e+01 7.997644e-01 2.552467e+01 3.134839e-02
1.737801e-05 2.550981e+01 8.181452e-01 2.552293e+01 3.207179e-02
1.778279e-05 2.550737e+01 8.369377e-01 2.552110e+01 3.281160e-02
1.819701e-05 2.550483e+01 8.561503e-01 2.551920e+01 3.356816e-02
1.862087e-05 2.550217e+01 8.757918e-01 2.551721e+01 3.434185e-02
1.905461e-05 2.549939e+01 8.958709e-01 2.551513e+01 3.513303e-02
1.949845e-05 2.549649e+01 9.163967e-01 2.551295e+01 3.594207e-02
1.995262e-05 2.549346e+01 9.373781e-01 2.551068e+01 3.676936e-02
2.041738e-05 2.549029e+01 9.588245e-01 2.550831e+01 3.761529e-02
2.089296e-05 2.548698e+01 9.807451e-01 2.550584e+01 3.848025e-02
2.137962e-05 2.548352e+01 1.003150e+00 2.550325e+01 3.936465e-02
2.187762e-05 2.547990e+01 1.026048e+00 2.550055e+01 4.026889e-02
2.238721e-05 2.547613e+01 1.049449e+00 2.549774e+01 4.119341e-02
2.290868e-05 2.547219e+01 1.073363e+00 2.549479e+01 4.213862e-02
2.344229e-05 2.546807e+01 1.097800e+00 2.549172e+01 4.310496e-02
2.398833e-05 2.546378e+01 1.122771e+00 2.548852e+01 4.409287e-02
2.454709e-05 2.545929e+01 1.148285e+00 2.548517e+01 4.510280e-02
2.511886e-05 2.545461e+01 1.174354e+00 2.548168e+01 4.613522e-02
2.570396e-05 2.544972e+01 1.200987e+00 2.547804e+01 4.719058e-02
2.630268e-05 2.544462e+01 1.228195e+00 2.547424e+01 4.826937e-02
2.691535e-05 2.543929e+01 1.255990e+00 2.547028e+01 4.937206e-02
2.754229e-05 2.543373e+01 1.284382e+00 2.546614e+01 5.049915e-02
2.818383e-05 2.542793e+01 1.313382e+00 2.546183e+01 5.165113e-02
2.884032e-05 2.542188e+01 1.343001e+00 2.545733e+01 5.282853e-02
2.951209e-05 2.541557e+01 1.373250e+00 2.545264e+01 5.403185e-02
3.019952e-05 2.540898e+01 1.404142e+00 2.544775e+01 5.526163e-02
3.090295e-05 2.540212e+01 1.435687e+00 2.544265e+01 5.651840e-02
3.162278e-05 2.539495e+01 1.467897e+00 2.543734e+01 5.780271e-02
3.235937e-05 2.538748e+01 1.500784e+00 2.543180e+01 5.911512e-02
3.311311e-05 2.537969e+01 1.534359e+00 2.542603e+01 6.045618e-02
3.388442e-05 2.537157e+01 1.568635e+00 2.542001e+01 6.182648e-02
3.467369e-05 2.536310e+01 1.603622e+00 2.541375e+01 6.322659e-02
3.548134e-05 2.535427e+01 1.639334e+00 2.540722e+01 6.465713e-02
3.630781e-05 2.534507e+01 1.675783e+00 2.540041e+01 6.611868e-02
3.715352e-05 2.533548e+01 1.712979e+00 2.539333e+01 6.761186e-02
3.801894e-05 2.532549e+01 1.750936e+00 2.538594e+01 6.913731e-02
3.890451e-05 2.531507e+01 1.789665e+00 2.537826e+01 7.069565e-02
3.981072e-05 2.530422e+01 1.829180e+00 2.537025e+01 7.228753e-02
4.073803e-05 2.529292e+01 1.869490e+00 2.536191e+01 7.391360e-02
4.168694e-05 2.528114e+01 1.910610e+00 2.535323e+01 7.557454e-02
4.265795e-05 2.526887e+01 1.952551e+00 2.534419e+01 7.727101e-02
4.365158e-05 2.525609e+01 1.995324e+00 2.533478e+01 7.900371e-02
4.466836e-05 2.524278e+01 2.038943e+00 2.532499e+01 8.077332e-02
4.570882e-05 2.522891e+01 2.083418e+00 2.531479e+01 8.258056e-02
4.677351e-05 2.521448e+01 2.128761e+00 2.530418e+01 8.442613e-02
4.786301e-05 2.519945e+01 2.174983e+00 2.529313e+01 8.631076e-02
4.897788e-05 2.518379e+01 2.222097e+00 2.528164e+01 8.823518e-02
5.011872e-05 2.516750e+01 2.270112e+00 2.526968e+01 9.020012e-02
5.128614e-05 2.515054e+01 2.319039e+00 2.525723e+01 9.220635e-02
5.248075e-05 2.513288e+01 2.368890e+00 2.524427e+01 9.425460e-02
5.370318e-05 2.511450e+01 2.419673e+00 2.523079e+01 9.634564e-02
5.495409e-05 2.509537e+01 2.471398e+00 2.521677e+01 9.848024e-02
5.623413e-05 2.507547e+01 2.524075e+00 2.520218e+01 1.006592e-01
5.754399e-05 2.505475e+01 2.577712e+00 2.518700e+01 1.028832e-01
5.888437e-05 2.503319e+01 2.632317e+00 2.517121e+01 1.051531e-01
6.025596e-05 2.501077e+01 2.687897e+00 2.515478e+01 1.074696e-01
6.165950e-05 2.498743e+01 2.744459e+00 2.513770e+01 1.098336e-01
6.309573e-05 2.496316e+01 2.802008e+00 2.511992e+01 1.122457e-01
6.456542e-05 2.493791e+01 2.860549e+00 2.510144e+01 1.147069e-01
6.606934e-05 2.491165e+01 2.920087e+00 2.508221e+01 1.172177e-01
6.760830e-05 2.488434e+01 2.980624e+00 2.506222e+01 1.197791e-01
6.918310e-05 2.485595e+01 3.042162e+00 2.504142e+01 1.223917e-01
7.079458e-05 2.482642e+01 3.104701e+00 2.501980e+01 1.250563e-01
7.244360e-05 2.479573e+01 3.168241e+00 2.499732e+01 1.277737e-01
7.413102e-05 2.476382e+01 3.232779e+00 2.497394e+01 1.305444e-01
7.585776e-05 2.473066e+01 3.298312e+00 2.494964e+01 1.333693e-01
7.762471e-05 2.469620e+01 3.364834e+00 2.492438e+01 1.362490e-01
7.943282e-05 2.466040e+01 3.432338e+00 2.489812e+01 1.391842e-01
8.128305e-05 2.462321e+01 3.500815e+00 2.487083e+01 1.421754e-01
8.317638e-05 2.458458e+01 3.570254e+00 2.484247e+01 1.452233e-01
8.511380e-05 2.454446e+01 3.640642e+00 2.481300e+01 1.483284e-01
8.709636e-05 2.450281e+01 3.711963e+00 2.478238e+01 1.514913e-01
8.912509e-05 2.445958e+01 3.784201e+00 2.475058e+01 1.547125e-01
9.120108e-05 2.441471e+01 3.857336e+00 2.471754e+01 1.579923e-01
9.332543e-05 2.436815e+01 3.931343e+00 2.468324e+01 1.613312e-01
9.549926e-05 2.431986e+01 4.006200e+00 2.464763e+01 1.647295e-01
9.772372e-05 2.426979e+01 4.081876e+00 2.461065e+01 1.681875e-01
1.000000e-04 2.421787e+01 4.158342e+00 2.457228e+01 1.717055e-01
1.023293e-04 2.416407e+01 4.235564e+00 2.453247e+01 1.752836e-01
1.047129e-04 2.410832e+01 4.313504e+00 2.449117e+01 1.789218e-01
1.071519e-04 2.405058e+01 4.392122e+00 2.444834e+01 1.826202e-01
1.096478e-04 2.399080e+01 4.471375e+00 2.440392e+01 1.863788e-01
1.122018e-04 2.392892e+01 4.551215e+00 2.435789e+01 1.901973e-01
1.148154e-04 2.386490e+01 4.631593e+00 2.431018e+01 1.940755e-01
1.174898e-04 2.379869e+01 4.712454e+00 2.426077e+01 1.980132e-01
1.202264e-04 2.373024e+01 4.793741e+00 2.420959e+01 2.020098e-01
1.230269e-04 2.365951e+01 4.875394e+00 2.415662e+01 2.060648e-01
1.258925e-04 2.358646e+01 4.957346e+00 2.410179e+01 2.101776e-01
1.288250e-04 2.351104e+01 5.039530e+00 2.404508e+01 2.143474e-01
1.318257e-04 2.343322e+01 5.121875e+00 2.398644e+01 2.185733e-01
1.348963e-04 2.335295e+01 5.204304e+00 2.392583e+01 2.228542e-01
1.380384e-04 2.327022e+01 5.286739e+00 2.386321e+01 2.271891e-01
1.412538e-04 2.318498e+01 5.369097e+00 2.379854e+01 2.315766e-01
1.445440e-04 2.309721e+01 5.451293e+00 2.373179e+01 2.360153e-01
1.479108e-04 2.300689e+01 5.533239e+00 2.366292e+01 2.405036e-01
1.513561e-04 2.291400e+01 5.614841e+00 2.359190e+01 2.450398e-01
1.548817e-04 2.281853e+01 5.696006e+00 2.351871e+01 2.496220e-01
1.584893e-04 2.272046e+01 5.776636e+00 2.344331e+01 2.542482e-01
1.621810e-04 2.261980e+01 5.856632e+00 2.336569e+01 2.589161e-01
1.659587e-04 2.251655e+01 5.935892e+00 2.328583e+01 2.636235e-01
1.698244e-04 2.241071e+01 6.014313e+00 2.320371e+01 2.683678e-01
1.737801e-04 2.230230e+01 6.091789e+00 2.311931e+01 2.731463e-01
1.778279e-04 2.219133e+01 6.168215e+00 2.303263e+01 2.779561e-01
1.819701e-04 2.207783e+01 6.243484e+00 2.294366e+01 2.827943e-01
1.862087e-04 2.196183e+01 6.317489e+00 2.285241e+01 2.876576e-01
1.905461e-04 2.184338e+01 6.390124e+00 2.275889e+01 2.925428e-01
1.949845e-04 2.172251e+01 6.461281e+00 2.266309e+01 2.974464e-01
1.995262e-04 2.159927e+01 6.530857e+00 2.256503e+01 3.023646e-01
2.041738e-04 2.147373e+01 6.598747e+00 2.246474e+01 3.072938e-01
2.089296e-04 2.134596e+01 6.664850e+00 2.236225e+01 3.122301e-01
2.137962e-04 2.121601e+01 6.729068e+00 2.225757e+01 3.171694e-01
2.187762e-04 2.108397e+01 6.791305e+00 2.215075e+01 3.221075e-01
2.238721e-04 2.094993e+01 6.851469e+00 2.204183e+01 3.270402e-01
2.290868e-04 2.081398e+01 6.909473e+00 2.193086e+01 3.319632e-01
2.344229e-04 2.067620e+01 6.965234e+00 2.181788e+01 3.368720e-01
2.398833e-04 2.053672e+01 7.018673e+00 2.170296e+01 3.417621e-01
2.454709e-04 2.039563e+01 7.069719e+00 2.158617e+01 3.466291e-01
2.511886e-04 2.025305e+01 7.118306e+00 2.146756e+01 3.514684e-01
2.570396e-04 2.010909e+01 7.164375e+00 2.134722e+01 3.562754e-01
2.630268e-04 1.996388e+01 7.207873e+00 2.122522e+01 3.610456e-01
2.691535e-04 1.981755e+01 7.248756e+00 2.110165e+01 3.657745e-01
2.754229e-04 1.967022e+01 7.286985e+00 2.097660e+01 3.704577e-01
2.818383e-04 1.952202e+01 7.322531e+00 2.085015e+01 3.750908e-01
2.884032e-04 1.937309e+01 7.355373e+00 2.072241e+01 3.796695e-01
2.951209e-04 1.922357e+01 7.385498e+00 2.059347e+01 3.841898e-01
3.019952e-04 1.907358e+01 7.412901e+00 2.046344e+01 3.886476e-01
3.090295e-04 1.892326e+01 7.437585e+00 2.033242e+01 3.930393e-01
3.162278e-04 1.877275e+01 7.459563e+00 2.020052e+01 3.973613e-01
3.235937e-04 1.862218e+01 7.478856e+00 2.006785e+01 4.016101e-01
3.311311e-04 1.847168e+01 7.495490e+00 1.993453e+01 4.057828e-01
3.388442e-04 1.832138e+01 7.509505e+00 1.980065e+01 4.098766e-01
3.467369e-04 1.817141e+01 7.520943e+00 1.966634e+01 4.138888e-01
3.548134e-04 1.802189e+01 7.529858e+00 1.953170e+01 4.178174e-01
3.630781e-04 1.787293e+01 7.536309e+00 1.939684e+01 4.216605e-01
3.715352e-04 1.772465e+01 7.540361e+00 1.926189e+01 4.254166e-01
3.801894e-04 1.757716e+01 7.542088e+00 1.912694e+01 4.290845e-01
3.890451e-04 1.743056e+01 7.541568e+00 1.899210e+01 4.326635e-01
3.981072e-04 1.728494e+01 7.538886e+00 1.885747e+01 4.361533e-01
4.073803e-04 1.714040e+01 7.534130e+00 1.872315e+01 4.395539e-01
4.168694e-04 1.699701e+01 7.527394e+00 1.858925e+01 4.428657e-01
4.265795e-04 1.685486e+01 7.518776e+00 1.845584e+01 4.460895e-01
4.365158e-04 1.671400e+01 7.508376e+00 1.832303e+01 4.492267e-01
4.466836e-04 1.657451e+01 7.496297e+00 1.819090e+01 4.522787e-01
4.570882e-04 1.643643e+01 7.482647e+00 1.805952e+01 4.552478e-01
4.677351e-04 1.629981e+01 7.467530e+00 1.792896e+01 4.581362e-01
4.786301e-04 1.616468e+01 7.451057e+00 1.779930e+01 4.609467e-01
4.897788e-04 1.603109e+01 7.433335e+00 1.767060e+01 4.636826e-01
5.011872e-04 1.589904e+01 7.414473e+00 1.754292e+01 4.663472e-01
5.128614e-04 1.576856e+01 7.394579e+00 1.741630e+01 4.689443e-01
5.248075e-04 1.563966e+01 7.373760e+00 1.729079e+01 4.714782e-01
5.370318e-04 1.551234e+01 7.352119e+00 1.716643e+01 4.739531e-01
5.495409e-04 1.538658e+01 7.329761e+00 1.704325e+01 4.763736e-01
5.623413e-04 1.526239e+01 7.306786e+00 1.692128e+01 4.787446e-01
5.754399e-04 1.513973e+01 7.283289e+00 1.680053e+01 4.810712e-01
5.888437e-04 1.501860e+01 7.259367e+00 1.668103e+01 4.833585e-01
6.025596e-04 1.489895e+01 7.235108e+00 1.656277e+01 4.856120e-01
6.165950e-04 1.478075e+01 7.210598e+00 1.644577e+01 4.878370e-01
6.309573e-04 1.466397e+01 7.185919e+00 1.633002e+01 4.900391e-01
6.456542e-04 1.454856e+01 7.161149e+00 1.621551e+01 4.922239e-01
6.606934e-04 1.443447e+01 7.136359e+00 1.610222e+01 4.943971e-01
6.760830e-04 1.432165e+01 7.111617e+00 1.599014e+01 4.965641e-01
6.918310e-04 1.421004e+01 7.086984e+00 1.587925e+01 4.987307e-01
7.079458e-04 1.409959e+01 7.062518e+00 1.576952e+01 5.009022e-01
7.244360e-04 1.399024e+01 7.038268e+00 1.566091e+01 5.030841e-01
7.413102e-04 1.388192e+01 7.014282e+00 1.555339e+01 5.052817e-01
7.585776e-04 1.377458e+01 6.990599e+00 1.544692e+01 5.075001e-01
7.762471e-04 1.366813e+01 6.967254e+00 1.534146e+01 5.097443e-01
7.943282e-04 1.356253e+01 6.944275e+00 1.523697e+01 5.120191e-01
8.128305e-04 1.345770e+01 6.921687e+00 1.513339e+01 5.143290e-01
8.317638e-04 1.335358e+01 6.899507e+00 1.503068e+01 5.166785e-01
8.511380e-04 1.325010e+01 6.877747e+00 1.492878e+01 5.190715e-01
8.709636e-04 1.314719e+01 6.856416e+00 1.482764e+01 5.215120e-01
8.912509e-04 1.304479e+01 6.835515e+00 1.472721e+01 5.240035e-01
9.120108e-04 1.294284e+01 6.815041e+00 1.462743e+01 5.265492e-01
9.332543e-04 1.284127e+01 6.794988e+00 1.452825e+01 5.291521e-01
9.549926e-04 1.274004e+01 6.775341e+00 1.442962e+01 5.318149e-01
9.772372e-04 1.263907e+01 6.756086e+00 1.433146e+01 5.345398e-01
1.000000e-03 1.253832e+01 6.737201e+00 1.423374e+01 5.373289e-01
1.023293e-03 1.243773e+01 6.718661e+00 1.413639e+01 5.401838e-01
1.047129e-03 1.233726e+01 6.700438e+00 1.403937e+01 5.431059e-01
1.071519e-03 1.223686e+01 6.682500e+00 1.394262e+01 5.460960e-01
1.096478e-03 1.213649e+01 6.664812e+00 1.384608e+01 5.491549e-01
1.122018e-03 1.203611e+01 6.647335e+00 1.374973e+01 5.522828e-01
1.148154e-03 1.193568e+01 6.630031e+00 1.365349e+01 5.554797e-01
1.174898e-03 1.183519e+01 6.612855e+00 1.355734e+01 5.587452e-01
1.202264e-03 1.173459e+01 6.595765e+00 1.346123e+01 5.620787e-01
1.230269e-03 1.163388e+01 6.578713e+00 1.336513e+01 5.654789e-01
1.258925e-03 1.153302e+01 6.561653e+00 1.326898e+01 5.689447e-01
1.288250e-03 1.143202e+01 6.544537e+00 1.317277e+01 5.724744e-01
1.318257e-03 1.133085e+01 6.527316e+00 1.307647e+01 5.760659e-01
1.348963e-03 1.122952e+01 6.509941e+00 1.298004e+01 5.797170e-01
1.380384e-03 1.112801e+01 6.492365e+00 1.288346e+01 5.834252e-01
1.412538e-03 1.102635e+01 6.474538e+00 1.278671e+01 5.871878e-01
1.445440e-03 1.092453e+01 6.456414e+00 1.268978e+01 5.910016e-01
1.479108e-03 1.082256e+01 6.437946e+00 1.259266e+01 5.948634e-01
1.513561e-03 1.072046e+01 6.419089e+00 1.249532e+01 5.987697e-01
1.548817e-03 1.061825e+01 6.399800e+00 1.239777e+01 6.027168e-01
1.584893e-03 1.051595e+01 6.380038e+00 1.230001e+01 6.067008e-01
1.621810e-03 1.041359e+01 6.359762e+00 1.220202e+01 6.107177e-01
1.659587e-03 1.031118e+01 6.338937e+00 1.210383e+01 6.147632e-01
1.698244e-03 1.020877e+01 6.317526e+00 1.200542e+01 6.188331e-01
1.737801e-03 1.010639e+01 6.295500e+00 1.190682e+01 6.229229e-01
1.778279e-03 1.000406e+01 6.272828e+00 1.180803e+01 6.270281e-01
1.819701e-03 9.901835e+00 6.249484e+00 1.170907e+01 6.311440e-01
1.862087e-03 9.799744e+00 6.225445e+00 1.160996e+01 6.352661e-01
1.905461e-03 9.697831e+00 6.200692e+00 1.151071e+01 6.393896e-01
1.949845e-03 9.596135e+00 6.175207e+00 1.141135e+01 6.435098e-01
1.995262e-03 9.494700e+00 6.148977e+00 1.131191e+01 6.476220e-01
2.041738e-03 9.393568e+00 6.121991e+00 1.121240e+01 6.517216e-01
2.089296e-03 9.292782e+00 6.094243e+00 1.111286e+01 6.558039e-01
2.137962e-03 9.192385e+00 6.065727e+00 1.101331e+01 6.598643e-01
2.187762e-03 9.092420e+00 6.036443e+00 1.091379e+01 6.638984e-01
2.238721e-03 8.992929e+00 6.006392e+00 1.081432e+01 6.679016e-01
2.290868e-03 8.893955e+00 5.975579e+00 1.071494e+01 6.718697e-01
2.344229e-03 8.795538e+00 5.944011e+00 1.061568e+01 6.757985e-01
2.398833e-03 8.697719e+00 5.911699e+00 1.051658e+01 6.796838e-01
2.454709e-03 8.600536e+00 5.878654e+00 1.041767e+01 6.835218e-01
2.511886e-03 8.504027e+00 5.844892e+00 1.031897e+01 6.873087e-01
2.570396e-03 8.408228e+00 5.810429e+00 1.022054e+01 6.910409e-01
2.630268e-03 8.313173e+00 5.775284e+00 1.012239e+01 6.947148e-01
2.691535e-03 8.218896e+00 5.739478e+00 1.002456e+01 6.983271e-01
2.754229e-03 8.125427e+00 5.703033e+00 9.927091e+00 7.018748e-01
2.818383e-03 8.032796e+00 5.665972e+00 9.830008e+00 7.053549e-01
2.884032e-03 7.941030e+00 5.628322e+00 9.733343e+00 7.087647e-01
2.951209e-03 7.850155e+00 5.590108e+00 9.637128e+00 7.121015e-01
3.019952e-03 7.760195e+00 5.551357e+00 9.541394e+00 7.153631e-01
3.090295e-03 7.671171e+00 5.512098e+00 9.446168e+00 7.185471e-01
3.162278e-03 7.583103e+00 5.472359e+00 9.351479e+00 7.216517e-01
3.235937e-03 7.496009e+00 5.432170e+00 9.257355e+00 7.246749e-01
3.311311e-03 7.409905e+00 5.391560e+00 9.163821e+00 7.276152e-01
3.388442e-03 7.324806e+00 5.350559e+00 9.070902e+00 7.304712e-01
3.467369e-03 7.240724e+00 5.309199e+00 8.978623e+00 7.332414e-01
3.548134e-03 7.157669e+00 5.267508e+00 8.887005e+00 7.359250e-01
3.630781e-03 7.075652e+00 5.225517e+00 8.796072e+00 7.385209e-01
3.715352e-03 6.994679e+00 5.183256e+00 8.705842e+00 7.410285e-01
3.801894e-03 6.914757e+00 5.140756e+00 8.616335e+00 7.434471e-01
3.890451e-03 6.835889e+00 5.098046e+00 8.527570e+00 7.457765e-01
3.981072e-03 6.758080e+00 5.055155e+00 8.439563e+00 7.480164e-01
4.073803e-03 6.681330e+00 5.012112e+00 8.352331e+00 7.501668e-01
4.168694e-03 6.605641e+00 4.968946e+00 8.265889e+00 7.522278e-01
4.265795e-03 6.531010e+00 4.925685e+00 8.180249e+00 7.541996e-01
4.365158e-03 6.457437e+00 4.882357e+00 8.095425e+00 7.560828e-01
4.466836e-03 6.384918e+00 4.838989e+00 8.011429e+00 7.578780e-01
4.570882e-03 6.313449e+00 4.795607e+00 7.928271e+00 7.595858e-01
4.677351e-03 6.243025e+00 4.752237e+00 7.845962e+00 7.612074e-01
4.786301e-03 6.173639e+00 4.708904e+00 7.764508e+00 7.627437e-01
4.897788e-03 6.105284e+00 4.665633e+00 7.683920e+00 7.641959e-01
5.011872e-03 6.037952e+00 4.622449e+00 7.604203e+00 7.655656e-01
5.128614e-03 5.971635e+00 4.579373e+00 7.525363e+00 7.668542e-01
5.248075e-03 5.906322e+00 4.536430e+00 7.447405e+00 7.680635e-01
5.370318e-03 5.842003e+00 4.493642e+00 7.370334e+00 7.691953e-01
5.495409e-03 5.778668e+00 4.451028e+00 7.294152e+00 7.702516e-01
5.623413e-03 5.716304e+00 4.408611e+00 7.218863e+00 7.712345e-01
5.754399e-03 5.654898e+00 4.366409e+00 7.144467e+00 7.721464e-01
5.888437e-03 5.594439e+00 4.324443e+00 7.070966e+00 7.729896e-01
6.025596e-03 5.534911e+00 4.282731e+00 6.998359e+00 7.737668e-01
6.165950e-03 5.476301e+00 4.241289e+00 6.926645e+00 7.744806e-01
6.309573e-03 5.418595e+00 4.200136e+00 6.855823e+00 7.751338e-01
6.456542e-03 5.361776e+00 4.159287e+00 6.785891e+00 7.757294e-01
6.606934e-03 5.305830e+00 4.118758e+00 6.716844e+00 7.762703e-01
6.760830e-03 5.250739e+00 4.078564e+00 6.648680e+00 7.767599e-01
6.918310e-03 5.196489e+00 4.038717e+00 6.581393e+00 7.772012e-01
7.079458e-03 5.143061e+00 3.999233e+00 6.514978e+00 7.775977e-01
7.244360e-03 5.090440e+00 3.960121e+00 6.449429e+00 7.779527e-01
7.413102e-03 5.038606e+00 3.921395e+00 6.384739e+00 7.782698e-01
7.585776e-03 4.987544e+00 3.883065e+00 6.320901e+00 7.785526e-01
7.762471e-03 4.937235e+00 3.845141e+00 6.257907e+00 7.788045e-01
7.943282e-03 4.887660e+00 3.807631e+00 6.195747e+00 7.790294e-01
8.128305e-03 4.838803e+00 3.770545e+00 6.134413e+00 7.792309e-01
8.317638e-03 4.790644e+00 3.733889e+00 6.073895e+00 7.794128e-01
8.511380e-03 4.743166e+00 3.697671e+00 6.014183e+00 7.795787e-01
8.709636e-03 4.696350e+00 3.661897e+00 5.955265e+00 7.797325e-01
8.912509e-03 4.650177e+00 3.626571e+00 5.897132e+00 7.798780e-01
9.120108e-03 4.604630e+00 3.591698e+00 5.839770e+00 7.800189e-01
9.332543e-03 4.559689e+00 3.557283e+00 5.783168e+00 7.801590e-01
9.549926e-03 4.515338e+00 3.523327e+00 5.727313e+00 7.803019e-01
9.772372e-03 4.471558e+00 3.489834e+00 5.672193e+00 7.804514e-01
1.000000e-02 4.428331e+00 3.456805e+00 5.617795e+00 7.806113e-01
1.023293e-02 4.385639e+00 3.424241e+00 5.564104e+00 7.807850e-01
1.047129e-02 4.343465e+00 3.392143e+00 5.511109e+00 7.809762e-01
1.071519e-02 4.301791e+00 3.360510e+00 5.458794e+00 7.811884e-01
1.096478e-02 4.260601e+00 3.329341e+00 5.407147e+00 7.814252e-01
1.122018e-02 4.219878e+00 3.298635e+00 5.356152e+00 7.816898e-01
1.148154e-02 4.179604e+00 3.268391e+00 5.305796e+00 7.819857e-01
1.174898e-02 4.139764e+00 3.238605e+00 5.256064e+00 7.823162e-01
1.202264e-02 4.100342e+00 3.209274e+00 5.206942e+00 7.826844e-01
1.230269e-02 4.061322e+00 3.180395e+00 5.158415e+00 7.830936e-01
1.258925e-02 4.022688e+00 3.151964e+00 5.110469e+00 7.835467e-01
1.288250e-02 3.984426e+00 3.123976e+00 5.063090e+00 7.840467e-01
1.318257e-02 3.946521e+00 3.096427e+00 5.016263e+00 7.845966e-01
1.348963e-02 3.908958e+00 3.069311e+00 4.969972e+00 7.851992e-01
1.380384e-02 3.871724e+00 3.042622e+00 4.924205e+00 7.858572e-01
1.412538e-02 3.834804e+00 3.016355e+00 4.878947e+00 7.865733e-01
1.445440e-02 3.798186e+00 2.990502e+00 4.834183e+00 7.873500e-01
1.479108e-02 3.761856e+00 2.965057e+00 4.789898e+00 7.881898e-01
1.513561e-02 3.725802e+00 2.940012e+00 4.746080e+00 7.890950e-01
1.548817e-02 3.690012e+00 2.915360e+00 4.702713e+00 7.900680e-01
1.584893e-02 3.654473e+00 2.891094e+00 4.659785e+00 7.911109e-01
1.621810e-02 3.619175e+00 2.867203e+00 4.617281e+00 7.922257e-01
1.659587e-02 3.584105e+00 2.843681e+00 4.575187e+00 7.934145e-01
1.698244e-02 3.549254e+00 2.820518e+00 4.533490e+00 7.946791e-01
1.737801e-02 3.514612e+00 2.797706e+00 4.492177e+00 7.960212e-01
1.778279e-02 3.480168e+00 2.775233e+00 4.451235e+00 7.974424e-01
1.819701e-02 3.445913e+00 2.753092e+00 4.410650e+00 7.989443e-01
1.862087e-02 3.411838e+00 2.731272e+00 4.370410e+00 8.005281e-01
1.905461e-02 3.377934e+00 2.709763e+00 4.330503e+00 8.021952e-01
1.949845e-02 3.344195e+00 2.688554e+00 4.290916e+00 8.039465e-01
1.995262e-02 3.310611e+00 2.667634e+00 4.251637e+00 8.057831e-01
2.041738e-02 3.277176e+00 2.646994e+00 4.212655e+00 8.077057e-01
2.089296e-02 3.243884e+00 2.626621e+00 4.173958e+00 8.097150e-01
2.137962e-02 3.210728e+00 2.606506e+00 4.135534e+00 8.118114e-01
2.187762e-02 3.177703e+00 2.586635e+00 4.097374e+00 8.139953e-01
2.238721e-02 3.144804e+00 2.566999e+00 4.059467e+00 8.162668e-01
2.290868e-02 3.112026e+00 2.547585e+00 4.021803e+00 8.186258e-01
2.344229e-02 3.079366e+00 2.528382e+00 3.984371e+00 8.210722e-01
2.398833e-02 3.046821e+00 2.509378e+00 3.947163e+00 8.236055e-01
2.454709e-02 3.014387e+00 2.490562e+00 3.910170e+00 8.262251e-01
2.511886e-02 2.982063e+00 2.471922e+00 3.873383e+00 8.289302e-01
2.570396e-02 2.949846e+00 2.453446e+00 3.836795e+00 8.317200e-01
2.630268e-02 2.917737e+00 2.435123e+00 3.800397e+00 8.345931e-01
2.691535e-02 2.885735e+00 2.416942e+00 3.764183e+00 8.375482e-01
2.754229e-02 2.853840e+00 2.398891e+00 3.728147e+00 8.405837e-01
2.818383e-02 2.822053e+00 2.380960e+00 3.692282e+00 8.436979e-01
2.884032e-02 2.790374e+00 2.363137e+00 3.656584e+00 8.468887e-01
2.951209e-02 2.758808e+00 2.345411e+00 3.621046e+00 8.501540e-01
3.019952e-02 2.727354e+00 2.327774e+00 3.585665e+00 8.534915e-01
3.090295e-02 2.696018e+00 2.310214e+00 3.550437e+00 8.568985e-01
3.162278e-02 2.664802e+00 2.292722e+00 3.515358e+00 8.603722e-01
3.235937e-02 2.633711e+00 2.275289e+00 3.480427e+00 8.639099e-01
3.311311e-02 2.602748e+00 2.257906e+00 3.445640e+00 8.675083e-01
3.388442e-02 2.571920e+00 2.240564e+00 3.410997e+00 8.711642e-01
3.467369e-02 2.541231e+00 2.223257e+00 3.376496e+00 8.748742e-01
3.548134e-02 2.510687e+00 2.205976e+00 3.342137e+00 8.786346e-01
3.630781e-02 2.480294e+00 2.188715e+00 3.307920e+00 8.824418e-01
3.715352e-02 2.450059e+00 2.171468e+00 3.273845e+00 8.862919e-01
3.801894e-02 2.419989e+00 2.154228e+00 3.239914e+00 8.901810e-01
3.890451e-02 2.390089e+00 2.136991e+00 3.206128e+00 8.941049e-01
3.981072e-02 2.360369e+00 2.119752e+00 3.172489e+00 8.980596e-01
4.073803e-02 2.330834e+00 2.102507e+00 3.139000e+00 9.020408e-01
4.168694e-02 2.301492e+00 2.085254e+00 3.105664e+00 9.060443e-01
4.265795e-02 2.272351e+00 2.067989e+00 3.072484e+00 9.100658e-01
4.365158e-02 2.243418e+00 2.050710e+00 3.039463e+00 9.141008e-01
4.466836e-02 2.214700e+00 2.033416e+00 3.006606e+00 9.181452e-01
4.570882e-02 2.186205e+00 2.016107e+00 2.973917e+00 9.221946e-01
4.677351e-02 2.157941e+00 1.998781e+00 2.941400e+00 9.262447e-01
4.786301e-02 2.129913e+00 1.981440e+00 2.909061e+00 9.302913e-01
4.897788e-02 2.102130e+00 1.964083e+00 2.876903e+00 9.343303e-01
5.011872e-02 2.074597e+00 1.946714e+00 2.844934e+00 9.383575e-01
5.128614e-02 2.047322e+00 1.929332e+00 2.813157e+00 9.423690e-01
5.248075e-02 2.020310e+00 1.911942e+00 2.781577e+00 9.463610e-01
5.370318e-02 1.993567e+00 1.894546e+00 2.750202e+00 9.503297e-01
5.495409e-02 1.967098e+00 1.877146e+00 2.719035e+00 9.542716e-01
5.623413e-02 1.940909e+00 1.859747e+00 2.688083e+00 9.581834e-01
5.754399e-02 1.915005e+00 1.842353e+00 2.657350e+00 9.620617e-01
5.888437e-02 1.889389e+00 1.824968e+00 2.626843e+00 9.659037e-01
6.025596e-02 1.864066e+00 1.807597e+00 2.596565e+00 9.697065e-01
6.165950e-02 1.839039e+00 1.790245e+00 2.566523e+00 9.734676e-01
6.309573e-02 1.814310e+00 1.772916e+00 2.536721e+00 9.771845e-01
6.456542e-02 1.789883e+00 1.755616e+00 2.507164e+00 9.808552e-01
6.606934e-02 1.765760e+00 1.738351e+00 2.477856e+00 9.844777e-01
6.760830e-02 1.741941e+00 1.721126e+00 2.448802e+00 9.880505e-01
6.918310e-02 1.718429e+00 1.703946e+00 2.420006e+00 9.915720e-01
7.079458e-02 1.695224e+00 1.686817e+00 2.391471e+00 9.950412e-01
7.244360e-02 1.672325e+00 1.669745e+00 2.363202e+00 9.984572e-01
7.413102e-02 1.649734e+00 1.652736e+00 2.335200e+00 1.001819e+00
7.585776e-02 1.627450e+00 1.635794e+00 2.307469e+00 1.005127e+00
7.762471e-02 1.605471e+00 1.618925e+00 2.280012e+00 1.008380e+00
7.943282e-02 1.583797e+00 1.602135e+00 2.252831e+00 1.011578e+00
8.128305e-02 1.562426e+00 1.585428e+00 2.225928e+00 1.014722e+00
8.317638e-02 1.541355e+00 1.568811e+00 2.199305e+00 1.017813e+00
8.511380e-02 1.520583e+00 1.552287e+00 2.172963e+00 1.020850e+00
8.709636e-02 1.500107e+00 1.535861e+00 2.146902e+00 1.023834e+00
8.912509e-02 1.479924e+00 1.519538e+00 2.121125e+00 1.026767e+00
9.120108e-02 1.460031e+00 1.503322e+00 2.095630e+00 1.029651e+00
9.332543e-02 1.440425e+00 1.487217e+00 2.070420e+00 1.032485e+00
9.549926e-02 1.421102e+00 1.471227e+00 2.045492e+00 1.035272e+00
9.772372e-02 1.402058e+00 1.455355e+00 2.020848e+00 1.038013e+00
1.000000e-01 1.383291e+00 1.439606e+00 1.996486e+00 1.040711e+00
1.023293e-01 1.364795e+00 1.423981e+00 1.972406e+00 1.043366e+00
1.047129e-01 1.346566e+00 1.408484e+00 1.948606e+00 1.045982e+00
1.071519e-01 1.328601e+00 1.393117e+00 1.925086e+00 1.048559e+00
1.096478e-01 1.310895e+00 1.377883e+00 1.901844e+00 1.051101e+00
1.122018e-01 1.293445e+00 1.362785e+00 1.878878e+00 1.053609e+00
1.148154e-01 1.276244e+00 1.347823e+00 1.856186e+00 1.056086e+00
1.174898e-01 1.259290e+00 1.333000e+00 1.833766e+00 1.058533e+00
1.202264e-01 1.242577e+00 1.318317e+00 1.811617e+00 1.060954e+00
1.230269e-01 1.226101e+00 1.303775e+00 1.789736e+00 1.063351e+00
1.258925e-01 1.209858e+00 1.289376e+00 1.768120e+00 1.065725e+00
1.288250e-01 1.193844e+00 1.275121e+00 1.746767e+00 1.068080e+00
1.318257e-01 1.178053e+00 1.261010e+00 1.725675e+00 1.070418e+00
1.348963e-01 1.162482e+00 1.247043e+00 1.704840e+00 1.072742e+00
1.380384e-01 1.147126e+00 1.233222e+00 1.684261e+00 1.075053e+00
1.412538e-01 1.131981e+00 1.219546e+00 1.663933e+00 1.077355e+00
1.445440e-01 1.117044e+00 1.206016e+00 1.643855e+00 1.079650e+00
1.479108e-01 1.102308e+00 1.192631e+00 1.624023e+00 1.081939e+00
1.513561e-01 1.087772e+00 1.179391e+00 1.604435e+00 1.084226e+00
1.548817e-01 1.073430e+00 1.166296e+00 1.585087e+00 1.086513e+00
1.584893e-01 1.059279e+00 1.153346e+00 1.565976e+00 1.088803e+00
1.621810e-01 1.045315e+00 1.140540e+00 1.547099e+00 1.091097e+00
1.659587e-01 1.031534e+00 1.127877e+00 1.528453e+00 1.093398e+00
1.698244e-01 1.017932e+00 1.115357e+00 1.510035e+00 1.095708e+00
1.737801e-01 1.004506e+00 1.102978e+00 1.491843e+00 1.098030e+00
1.778279e-01 9.912530e-01 1.090741e+00 1.473872e+00 1.100366e+00
1.819701e-01 9.781683e-01 1.078643e+00 1.456119e+00 1.102717e+00
1.862087e-01 9.652492e-01 1.066684e+00 1.438583e+00 1.105087e+00
1.905461e-01 9.524923e-01 1.054863e+00 1.421259e+00 1.107476e+00
1.949845e-01 9.398946e-01 1.043178e+00 1.404144e+00 1.109888e+00
1.995262e-01 9.274528e-01 1.031628e+00 1.387236e+00 1.112324e+00
2.041738e-01 9.151640e-01 1.020212e+00 1.370532e+00 1.114786e+00
2.089296e-01 9.030254e-01 1.008929e+00 1.354028e+00 1.117277e+00
2.137962e-01 8.910340e-01 9.977773e-01 1.337722e+00 1.119797e+00
2.187762e-01 8.791872e-01 9.867552e-01 1.321611e+00 1.122349e+00
2.238721e-01 8.674823e-01 9.758616e-01 1.305692e+00 1.124936e+00
2.290868e-01 8.559167e-01 9.650949e-01 1.289962e+00 1.127557e+00
2.344229e-01 8.444879e-01 9.544536e-01 1.274418e+00 1.130216e+00
2.398833e-01 8.331937e-01 9.439364e-01 1.259058e+00 1.132914e+00
2.454709e-01 8.220316e-01 9.335416e-01 1.243879e+00 1.135652e+00
2.511886e-01 8.109994e-01 9.232678e-01 1.228879e+00 1.138432e+00
2.570396e-01 8.000949e-01 9.131135e-01 1.214054e+00 1.141256e+00
2.630268e-01 7.893161e-01 9.030771e-01 1.199403e+00 1.144126e+00
2.691535e-01 7.786610e-01 8.931572e-01 1.184923e+00 1.147043e+00
2.754229e-01 7.681275e-01 8.833524e-01 1.170612e+00 1.150007e+00
2.818383e-01 7.577139e-01 8.736610e-01 1.156466e+00 1.153022e+00
2.884032e-01 7.474182e-01 8.640818e-01 1.142485e+00 1.156089e+00
2.951209e-01 7.372388e-01 8.546131e-01 1.128665e+00 1.159208e+00
3.019952e-01 7.271739e-01 8.452537e-01 1.115005e+00 1.162382e+00
3.090295e-01 7.172219e-01 8.360021e-01 1.101502e+00 1.165612e+00
3.162278e-01 7.073811e-01 8.268570e-01 1.088155e+00 1.168899e+00
3.235937e-01 6.976501e-01 8.178169e-01 1.074961e+00 1.172245e+00
3.311311e-01 6.880272e-01 8.088806e-01 1.061918e+00 1.175652e+00
3.388442e-01 6.785111e-01 8.000468e-01 1.049024e+00 1.179121e+00
3.467369e-01 6.691002e-01 7.913142e-01 1.036279e+00 1.182654e+00
3.548134e-01 6.597931e-01 7.826816e-01 1.023678e+00 1.186253e+00
3.630781e-01 6.505885e-01 7.741477e-01 1.011222e+00 1.189919e+00
3.715352e-01 6.414851e-01 7.657114e-01 9.989079e-01 1.193654e+00
3.801894e-01 6.324814e-01 7.573714e-01 9.867341e-01 1.197460e+00
3.890451e-01 6.235762e-01 7.491268e-01 9.746990e-01 1.201340e+00
3.981072e-01 6.147681e-01 7.409763e-01 9.628010e-01 1.205294e+00
4.073803e-01 6.060560e-01 7.329188e-01 9.510383e-01 1.209325e+00
4.168694e-01 5.974384e-01 7.249534e-01 9.394094e-01 1.213436e+00
4.265795e-01 5.889143e-01 7.170789e-01 9.279128e-01 1.217629e+00
4.365158e-01 5.804822e-01 7.092943e-01 9.165468e-01 1.221905e+00
4.466836e-01 5.721411e-01 7.015986e-01 9.053099e-01 1.226269e+00
4.570882e-01 5.638896e-01 6.939909e-01 8.942006e-01 1.230721e+00
4.677351e-01 5.557265e-01 6.864700e-01 8.832174e-01 1.235266e+00
4.786301e-01 5.476506e-01 6.790352e-01 8.723588e-01 1.239906e+00
4.897788e-01 5.396607e-01 6.716853e-01 8.616233e-01 1.244644e+00
5.011872e-01 5.317555e-01 6.644195e-01 8.510095e-01 1.249483e+00
5.128614e-01 5.239338e-01 6.572368e-01 8.405158e-01 1.254427e+00
5.248075e-01 5.161945e-01 6.501363e-01 8.301409e-01 1.259479e+00
5.370318e-01 5.085362e-01 6.431170e-01 8.198832e-01 1.264643e+00
5.495409e-01 5.009578e-01 6.361780e-01 8.097414e-01 1.269923e+00
5.623413e-01 4.934581e-01 6.293183e-01 7.997139e-01 1.275323e+00
5.754399e-01 4.860358e-01 6.225370e-01 7.897994e-01 1.280846e+00
5.888437e-01 4.786897e-01 6.158333e-01 7.799964e-01 1.286498e+00
6.025596e-01 4.714185e-01 6.092060e-01 7.703034e-01 1.292283e+00
6.165950e-01 4.642212e-01 6.026543e-01 7.607191e-01 1.298205e+00
6.309573e-01 4.570964e-01 5.961771e-01 7.512418e-01 1.304270e+00
6.456542e-01 4.500430e-01 5.897736e-01 7.418703e-01 1.310483e+00
6.606934e-01 4.430597e-01 5.834426e-01 7.326030e-01 1.316849e+00
6.760830e-01 4.361454e-01 5.771832e-01 7.234385e-01 1.323373e+00
6.918310e-01 4.292988e-01 5.709944e-01 7.143753e-01 1.330063e+00
7.079458e-01 4.225188e-01 5.648751e-01 7.054119e-01 1.336923e+00
7.244360e-01 4.158042e-01 5.588242e-01 6.965469e-01 1.343960e+00
7.413102e-01 4.091538e-01 5.528407e-01 6.877788e-01 1.351181e+00
7.585776e-01 4.025665e-01 5.469234e-01 6.791060e-01 1.358591e+00
7.762471e-01 3.960412e-01 5.410712e-01 6.705272e-01 1.366199e+00
7.943282e-01 3.895767e-01 5.352831e-01 6.620407e-01 1.374012e+00
8.128305e-01 3.831719e-01 5.295577e-01 6.536452e-01 1.382037e+00
8.317638e-01 3.768257e-01 5.238939e-01 6.453390e-01 1.390282e+00
8.511380e-01 3.705372e-01 5.182905e-01 6.371208e-01 1.398755e+00
8.709636e-01 3.643052e-01 5.127463e-01 6.289889e-01 1.407464e+00
8.912509e-01 3.581287e-01 5.072599e-01 6.209419e-01 1.416418e+00
9.120108e-01 3.520069e-01 5.018301e-01 6.129782e-01 1.425626e+00
9.332543e-01 3.459386e-01 4.964555e-01 6.050964e-01 1.435097e+00
9.549926e-01 3.399231e-01 4.911348e-01 5.972949e-01 1.444841e+00
9.772372e-01 3.339595e-01 4.858667e-01 5.895722e-01 1.454867e+00
1.000000e+00 3.280469e-01 4.806497e-01 5.819269e-01 1.465186e+00
1.023293e+00 3.221845e-01 4.754824e-01 5.743574e-01 1.475808e+00
1.047129e+00 3.163717e-01 4.703635e-01 5.668623e-01 1.486743e+00
1.071519e+00 3.106077e-01 4.652913e-01 5.594400e-01 1.498003e+00
1.096478e+00 3.048919e-01 4.602646e-01 5.520893e-01 1.509600e+00
1.122018e+00 2.992236e-01 4.552818e-01 5.448085e-01 1.521544e+00
1.148154e+00 2.936024e-01 4.503414e-01 5.375962e-01 1.533848e+00
1.174898e+00 2.880278e-01 4.454418e-01 5.304512e-01 1.546524e+00
1.202264e+00 2.824994e-01 4.405817e-01 5.233719e-01 1.559584e+00
1.230269e+00 2.770169e-01 4.357595e-01 5.163571e-01 1.573043e+00
1.258925e+00 2.715798e-01 4.309736e-01 5.094054e-01 1.586913e+00
1.288250e+00 2.661881e-01 4.262225e-01 5.025154e-01 1.601208e+00
1.318257e+00 2.608416e-01 4.215048e-01 4.956861e-01 1.615942e+00
1.348963e+00 2.555402e-01 4.168190e-01 4.889160e-01 1.631129e+00
1.380384e+00 2.502839e-01 4.121635e-01 4.822041e-01 1.646784e+00
1.412538e+00 2.450727e-01 4.075369e-01 4.755491e-01 1.662922e+00
1.445440e+00 2.399068e-01 4.029377e-01 4.689500e-01 1.679559e+00
1.479108e+00 2.347864e-01 3.983646e-01 4.624057e-01 1.696711e+00
1.513561e+00 2.297118e-01 3.938162e-01 4.559152e-01 1.714393e+00
1.548817e+00 2.246832e-01 3.892911e-01 4.494776e-01 1.732622e+00
1.584893e+00 2.197012e-01 3.847881e-01 4.430920e-01 1.751415e+00
1.621810e+00 2.147662e-01 3.803058e-01 4.367574e-01 1.770790e+00
1.659587e+00 2.098787e-01 3.758431e-01 4.304732e-01 1.790763e+00
1.698244e+00 2.050394e-01 3.713989e-01 4.242385e-01 1.811353e+00
1.737801e+00 2.002490e-01 3.669720e-01 4.180528e-01 1.832579e+00
1.778279e+00 1.955080e-01 3.625615e-01 4.119154e-01 1.854459e+00
1.819701e+00 1.908174e-01 3.581665e-01 4.058257e-01 1.877011e+00
1.862087e+00 1.861780e-01 3.537860e-01 3.997834e-01 1.900256e+00
1.905461e+00 1.815906e-01 3.494193e-01 3.937880e-01 1.924214e+00
1.949845e+00 1.770562e-01 3.450656e-01 3.878391e-01 1.948904e+00
1.995262e+00 1.725757e-01 3.407245e-01 3.819366e-01 1.974348e+00
2.041738e+00 1.681500e-01 3.363953e-01 3.760801e-01 2.000566e+00
2.089296e+00 1.637803e-01 3.320776e-01 3.702695e-01 2.027580e+00
2.137962e+00 1.594674e-01 3.277711e-01 3.645047e-01 2.055411e+00
2.187762e+00 1.552124e-01 3.234755e-01 3.587858e-01 2.084083e+00
2.238721e+00 1.510164e-01 3.191907e-01 3.531128e-01 2.113616e+00
2.290868e+00 1.468803e-01 3.149166e-01 3.474857e-01 2.144035e+00
2.344229e+00 1.428053e-01 3.106533e-01 3.419047e-01 2.175363e+00
2.398833e+00 1.387922e-01 3.064009e-01 3.363700e-01 2.207624e+00
2.454709e+00 1.348421e-01 3.021597e-01 3.308819e-01 2.240841e+00
2.511886e+00 1.309559e-01 2.979299e-01 3.254407e-01 2.275040e+00
2.570396e+00 1.271345e-01 2.937120e-01 3.200468e-01 2.310246e+00
2.630268e+00 1.233788e-01 2.895065e-01 3.147004e-01 2.346484e+00
2.691535e+00 1.196897e-01 2.853140e-01 3.094021e-01 2.383781e+00
2.754229e+00 1.160678e-01 2.811351e-01 3.041524e-01 2.422162e+00
2.818383e+00 1.125139e-01 2.769705e-01 2.989516e-01 2.461655e+00
2.884032e+00 1.090287e-01 2.728211e-01 2.938003e-01 2.502287e+00
2.951209e+00 1.056127e-01 2.686877e-01 2.886990e-01 2.544087e+00
3.019952e+00 1.022663e-01 2.645713e-01 2.836484e-01 2.587081e+00
3.090295e+00 9.899020e-02 2.604729e-01 2.786488e-01 2.631300e+00
3.162278e+00 9.578455e-02 2.563934e-01 2.737010e-01 2.676772e+00
3.235937e+00 9.264968e-02 2.523339e-01 2.688055e-01 2.723527e+00
3.311311e+00 8.958577e-02 2.482956e-01 2.639628e-01 2.771597e+00
3.388442e+00 8.659292e-02 2.442796e-01 2.591734e-01 2.821012e+00
3.467369e+00 8.367117e-02 2.402871e-01 2.544381e-01 2.871802e+00
3.548134e+00 8.082043e-02 2.363191e-01 2.497572e-01 2.924002e+00
3.630781e+00 7.804056e-02 2.323769e-01 2.451313e-01 2.977643e+00
3.715352e+00 7.533133e-02 2.284617e-01 2.405610e-01 3.032759e+00
3.801894e+00 7.269241e-02 2.245747e-01 2.360466e-01 3.089383e+00
3.890451e+00 7.012342e-02 2.207170e-01 2.315886e-01 3.147550e+00
3.981072e+00 6.762386e-02 2.168898e-01 2.271875e-01 3.207296e+00
4.073803e+00 6.519319e-02 2.130942e-01 2.228436e-01 3.268657e+00
4.168694e+00 6.283077e-02 2.093313e-01 2.185573e-01 3.331669e+00
4.265795e+00 6.053591e-02 2.056023e-01 2.143290e-01 3.396369e+00
4.365158e+00 5.830785e-02 2.019082e-01 2.101588e-01 3.462796e+00
4.466836e+00 5.614573e-02 1.982499e-01 2.060470e-01 3.530989e+00
4.570882e+00 5.404869e-02 1.946286e-01 2.019939e-01 3.600987e+00
4.677351e+00 5.201577e-02 1.910451e-01 1.979997e-01 3.672830e+00
4.786301e+00 5.004596e-02 1.875003e-01 1.940643e-01 3.746562e+00
4.897788e+00 4.813824e-02 1.839950e-01 1.901880e-01 3.822222e+00
5.011872e+00 4.629149e-02 1.805301e-01 1.863707e-01 3.899855e+00
5.128614e+00 4.450460e-02 1.771063e-01 1.826124e-01 3.979505e+00
5.248075e+00 4.277640e-02 1.737242e-01 1.789132e-01 4.061216e+00
5.370318e+00 4.110570e-02 1.703845e-01 1.752729e-01 4.145035e+00
5.495409e+00 3.949126e-02 1.670879e-01 1.716913e-01 4.231008e+00
5.623413e+00 3.793185e-02 1.638347e-01 1.681684e-01 4.319184e+00
5.754399e+00 3.642621e-02 1.606254e-01 1.647040e-01 4.409611e+00
5.888437e+00 3.497305e-02 1.574606e-01 1.612977e-01 4.502339e+00
6.025596e+00 3.357109e-02 1.543404e-01 1.579493e-01 4.597421e+00
6.165950e+00 3.221902e-02 1.512653e-01 1.546585e-01 4.694907e+00
6.309573e+00 3.091555e-02 1.482355e-01 1.514250e-01 4.794852e+00
6.456542e+00 2.965938e-02 1.452512e-01 1.482484e-01 4.897311e+00
6.606934e+00 2.844919e-02 1.423125e-01 1.451282e-01 5.002338e+00
6.760830e+00 2.728371e-02 1.394195e-01 1.420641e-01 5.109993e+00
6.918310e+00 2.616162e-02 1.365724e-01 1.390555e-01 5.220333e+00
7.079458e+00 2.508166e-02 1.337710e-01 1.361020e-01 5.333417e+00
7.244360e+00 2.404257e-02 1.310154e-01 1.332031e-01 5.449309e+00
7.413102e+00 2.304307e-02 1.283054e-01 1.303582e-01 5.568069e+00
7.585776e+00 2.208194e-02 1.256410e-01 1.275668e-01 5.689763e+00
7.762471e+00 2.115796e-02 1.230220e-01 1.248282e-01 5.814456e+00
7.943282e+00 2.026992e-02 1.204482e-01 1.221419e-01 5.942215e+00
8.128305e+00 1.941664e-02 1.179194e-01 1.195073e-01 6.073109e+00
8.317638e+00 1.859697e-02 1.154353e-01 1.169237e-01 6.207208e+00
8.511380e+00 1.780977e-02 1.129956e-01 1.143905e-01 6.344585e+00
8.709636e+00 1.705392e-02 1.106000e-01 1.119070e-01 6.485312e+00
8.912509e+00 1.632833e-02 1.082481e-01 1.094727e-01 6.629466e+00
9.120108e+00 1.563194e-02 1.059396e-01 1.070867e-01 6.777123e+00
9.332543e+00 1.496372e-02 1.036741e-01 1.047484e-01 6.928363e+00
9.549926e+00 1.432264e-02 1.014511e-01 1.024571e-01 7.083267e+00
9.772372e+00 1.370773e-02 9.927020e-02 1.002121e-01 7.241917e+00
1.000000e+01 1.311801e-02 9.713098e-02 9.801281e-02 7.404397e+00
