1.000000e-06 2.018658e+01 3.001481e-02 2.018660e+01 1.486870e-03
1.023293e-06 2.018656e+01 3.071372e-02 2.018658e+01 1.521494e-03
1.047129e-06 2.018655e+01 3.142890e-02 2.018657e+01 1.556923e-03
1.071519e-06 2.018653e+01 3.216072e-02 2.018656e+01 1.593177e-03
1.096478e-06 2.018652e+01 3.290956e-02 2.018654e+01 1.630274e-03
1.122018e-06 2.018650e+01 3.367583e-02 2.018653e+01 1.668235e-03
1.148154e-06 2.018648e+01 3.445992e-02 2.018651e+01 1.707079e-03
1.174898e-06 2.018646e+01 3.526226e-02 2.018649e+01 1.746827e-03
1.202264e-06 2.018644e+01 3.608326e-02 2.018648e+01 1.787500e-03
1.230269e-06 2.018642e+01 3.692336e-02 2.018646e+01 1.829119e-03
1.258925e-06 2.018640e+01 3.778300e-02 2.018644e+01 1.871706e-03
1.288250e-06 2.018638e+01 3.866264e-02 2.018642e+01 1.915283e-03
1.318257e-06 2.018636e+01 3.956273e-02 2.018640e+01 1.959874e-03
1.348963e-06 2.018633e+01 4.048375e-02 2.018637e+01 2.005503e-03
1.380384e-06 2.018631e+01 4.142619e-02 2.018635e+01 2.052193e-03
1.412538e-06 2.018628e+01 4.239055e-02 2.018633e+01 2.099968e-03
1.445440e-06 2.018625e+01 4.337732e-02 2.018630e+01 2.148854e-03
1.479108e-06 2.018623e+01 4.438703e-02 2.018627e+01 2.198877e-03
1.513561e-06 2.018620e+01 4.542022e-02 2.018625e+01 2.250063e-03
1.548817e-06 2.018616e+01 4.647742e-02 2.018622e+01 2.302439e-03
1.584893e-06 2.018613e+01 4.755919e-02 2.018619e+01 2.356033e-03
1.621810e-06 2.018610e+01 4.866610e-02 2.018615e+01 2.410872e-03
1.659587e-06 2.018606e+01 4.979872e-02 2.018612e+01 2.466986e-03
1.698244e-06 2.018602e+01 5.095767e-02 2.018609e+01 2.524404e-03
1.737801e-06 2.018598e+01 5.214353e-02 2.018605e+01 2.583156e-03
1.778279e-06 2.018594e+01 5.335694e-02 2.018601e+01 2.643273e-03
1.819701e-06 2.018590e+01 5.459853e-02 2.018597e+01 2.704786e-03
1.862087e-06 2.018585e+01 5.586895e-02 2.018593e+01 2.767729e-03
1.905461e-06 2.018580e+01 5.716887e-02 2.018588e+01 2.832133e-03
1.949845e-06 2.018575e+01 5.849896e-02 2.018584e+01 2.898032e-03
1.995262e-06 2.018570e+01 5.985992e-02 2.018579e+01 2.965462e-03
2.041738e-06 2.018564e+01 6.125247e-02 2.018574e+01 3.034457e-03
2.089296e-06 2.018559e+01 6.267733e-02 2.018568e+01 3.105054e-03
2.137962e-06 2.018553e+01 6.413524e-02 2.018563e+01 3.177289e-03
2.187762e-06 2.018546e+01 6.562697e-02 2.018557e+01 3.251200e-03
2.238721e-06 2.018540e+01 6.715328e-02 2.018551e+01 3.326825e-03
2.290868e-06 2.018533e+01 6.871499e-02 2.018544e+01 3.404205e-03
2.344229e-06 2.018525e+01 7.031289e-02 2.018538e+01 3.483379e-03
2.398833e-06 2.018518e+01 7.194782e-02 2.018531e+01 3.564389e-03
2.454709e-06 2.018510e+01 7.362063e-02 2.018523e+01 3.647276e-03
2.511886e-06 2.018501e+01 7.533218e-02 2.018516e+01 3.732085e-03
2.570396e-06 2.018493e+01 7.708337e-02 2.018507e+01 3.818858e-03
2.630268e-06 2.018484e+01 7.887510e-02 2.018499e+01 3.907641e-03
2.691535e-06 2.018474e+01 8.070829e-02 2.018490e+01 3.998480e-03
2.754229e-06 2.018464e+01 8.258389e-02 2.018481e+01 4.091422e-03
2.818383e-06 2.018454e+01 8.450287e-02 2.018471e+01 4.186516e-03
2.884032e-06 2.018443e+01 8.646622e-02 2.018461e+01 4.283809e-03
2.951209e-06 2.018431e+01 8.847495e-02 2.018450e+01 4.383353e-03
3.019952e-06 2.018419e+01 9.053009e-02 2.018439e+01 4.485198e-03
3.090295e-06 2.018406e+01 9.263269e-02 2.018428e+01 4.589397e-03
3.162278e-06 2.018393e+01 9.478383e-02 2.018416e+01 4.696004e-03
3.235937e-06 2.018379e+01 9.698461e-02 2.018403e+01 4.805073e-03
3.311311e-06 2.018365e+01 9.923616e-02 2.018389e+01 4.916661e-03
3.388442e-06 2.018350e+01 1.015396e-01 2.018375e+01 5.030823e-03
3.467369e-06 2.018334e+01 1.038961e-01 2.018361e+01 5.147619e-03
3.548134e-06 2.018318e+01 1.063070e-01 2.018346e+01 5.267108e-03
3.630781e-06 2.018300e+01 1.087733e-01 2.018329e+01 5.389351e-03
3.715352e-06 2.018282e+01 1.112963e-01 2.018313e+01 5.514409e-03
3.801894e-06 2.018263e+01 1.138774e-01 2.018295e+01 5.642347e-03
3.890451e-06 2.018243e+01 1.165178e-01 2.018277e+01 5.773228e-03
3.981072e-06 2.018222e+01 1.192188e-01 2.018257e+01 5.907119e-03
4.073803e-06 2.018200e+01 1.219818e-01 2.018237e+01 6.044088e-03
4.168694e-06 2.018178e+01 1.248082e-01 2.018216e+01 6.184202e-03
4.265795e-06 2.018154e+01 1.276993e-01 2.018194e+01 6.327533e-03
4.365158e-06 2.018129e+01 1.306567e-01 2.018171e+01 6.474151e-03
4.466836e-06 2.018103e+01 1.336817e-01 2.018147e+01 6.624130e-03
4.570882e-06 2.018075e+01 1.367759e-01 2.018122e+01 6.777543e-03
4.677351e-06 2.018047e+01 1.399408e-01 2.018095e+01 6.934468e-03
4.786301e-06 2.018017e+01 1.431779e-01 2.018067e+01 7.094981e-03
4.897788e-06 2.017985e+01 1.464888e-01 2.018038e+01 7.259161e-03
5.011872e-06 2.017952e+01 1.498751e-01 2.018008e+01 7.427088e-03
5.128614e-06 2.017918e+01 1.533385e-01 2.017976e+01 7.598845e-03
5.248075e-06 2.017882e+01 1.568805e-01 2.017943e+01 7.774515e-03
5.370318e-06 2.017844e+01 1.605030e-01 2.017908e+01 7.954182e-03
5.495409e-06 2.017805e+01 1.642076e-01 2.017872e+01 8.137934e-03
5.623413e-06 2.017764e+01 1.679961e-01 2.017834e+01 8.325858e-03
5.754399e-06 2.017721e+01 1.718703e-01 2.017794e+01 8.518044e-03
5.888437e-06 2.017675e+01 1.758320e-01 2.017752e+01 8.714583e-03
6.025596e-06 2.017628e+01 1.798830e-01 2.017708e+01 8.915569e-03
6.165950e-06 2.017579e+01 1.840253e-01 2.017663e+01 9.121094e-03
6.309573e-06 2.017527e+01 1.882606e-01 2.017615e+01 9.331256e-03
6.456542e-06 2.017473e+01 1.925910e-01 2.017565e+01 9.546152e-03
6.606934e-06 2.017417e+01 1.970185e-01 2.017513e+01 9.765880e-03
6.760830e-06 2.017357e+01 2.015449e-01 2.017458e+01 9.990541e-03
6.918310e-06 2.017296e+01 2.061724e-01 2.017401e+01 1.022024e-02
7.079458e-06 2.017231e+01 2.109030e-01 2.017341e+01 1.045507e-02
7.244360e-06 2.017163e+01 2.157387e-01 2.017279e+01 1.069515e-02
7.413102e-06 2.017092e+01 2.206817e-01 2.017213e+01 1.094058e-02
7.585776e-06 2.017018e+01 2.257341e-01 2.017145e+01 1.119147e-02
7.762471e-06 2.016941e+01 2.308980e-01 2.017073e+01 1.144793e-02
7.943282e-06 2.016860e+01 2.361756e-01 2.016998e+01 1.171006e-02
8.128305e-06 2.016776e+01 2.415692e-01 2.016920e+01 1.197799e-02
8.317638e-06 2.016687e+01 2.470809e-01 2.016839e+01 1.225182e-02
8.511380e-06 2.016595e+01 2.527129e-01 2.016753e+01 1.253167e-02
8.709636e-06 2.016498e+01 2.584676e-01 2.016664e+01 1.281765e-02
8.912509e-06 2.016397e+01 2.643472e-01 2.016570e+01 1.310988e-02
9.120108e-06 2.016292e+01 2.703541e-01 2.016473e+01 1.340848e-02
9.332543e-06 2.016181e+01 2.764904e-01 2.016371e+01 1.371357e-02
9.549926e-06 2.016066e+01 2.827585e-01 2.016264e+01 1.402526e-02
9.772372e-06 2.015946e+01 2.891608e-01 2.016153e+01 1.434368e-02
1.000000e-05 2.015820e+01 2.956996e-01 2.016037e+01 1.466895e-02
1.023293e-05 2.015688e+01 3.023771e-01 2.015915e+01 1.500118e-02
1.047129e-05 2.015551e+01 3.091958e-01 2.015788e+01 1.534051e-02
1.071519e-05 2.015408e+01 3.161580e-01 2.015656e+01 1.568705e-02
1.096478e-05 2.015258e+01 3.232660e-01 2.015517e+01 1.604092e-02
1.122018e-05 2.015102e+01 3.305221e-01 2.015373e+01 1.640225e-02
1.148154e-05 2.014938e+01 3.379286e-01 2.015222e+01 1.677116e-02
1.174898e-05 2.014768e+01 3.454878e-01 2.015064e+01 1.714777e-02
1.202264e-05 2.014590e+01 3.532020e-01 2.014900e+01 1.753220e-02
1.230269e-05 2.014405e+01 3.610734e-01 2.014728e+01 1.792457e-02
1.258925e-05 2.014211e+01 3.691043e-01 2.014549e+01 1.832501e-02
1.288250e-05 2.014009e+01 3.772967e-01 2.014362e+01 1.873362e-02
1.318257e-05 2.013798e+01 3.856529e-01 2.014168e+01 1.915052e-02
1.348963e-05 2.013579e+01 3.941750e-01 2.013964e+01 1.957584e-02
1.380384e-05 2.013349e+01 4.028649e-01 2.013752e+01 2.000969e-02
1.412538e-05 2.013111e+01 4.117247e-01 2.013532e+01 2.045216e-02
1.445440e-05 2.012862e+01 4.207563e-01 2.013301e+01 2.090339e-02
1.479108e-05 2.012602e+01 4.299615e-01 2.013061e+01 2.136346e-02
1.513561e-05 2.012332e+01 4.393421e-01 2.012811e+01 2.183249e-02
1.548817e-05 2.012050e+01 4.488999e-01 2.012551e+01 2.231057e-02
1.584893e-05 2.011757e+01 4.586365e-01 2.012280e+01 2.279781e-02
1.621810e-05 2.011452e+01 4.685533e-01 2.011997e+01 2.329428e-02
1.659587e-05 2.011134e+01 4.786518e-01 2.011704e+01 2.380009e-02
1.698244e-05 2.010803e+01 4.889333e-01 2.011398e+01 2.431532e-02
1.737801e-05 2.010459e+01 4.993990e-01 2.011079e+01 2.484005e-02
1.778279e-05 2.010101e+01 5.100500e-01 2.010748e+01 2.537434e-02
1.819701e-05 2.009729e+01 5.208872e-01 2.010404e+01 2.591828e-02
1.862087e-05 2.009342e+01 5.319114e-01 2.010046e+01 2.647191e-02
1.905461e-05 2.008940e+01 5.431233e-01 2.009675e+01 2.703531e-02
1.949845e-05 2.008523e+01 5.545235e-01 2.009288e+01 2.760852e-02
1.995262e-05 2.008089e+01 5.661122e-01 2.008887e+01 2.819159e-02
2.041738e-05 2.007639e+01 5.778897e-01 2.008470e+01 2.878455e-02
2.089296e-05 2.007172e+01 5.898561e-01 2.008038e+01 2.938743e-02
2.137962e-05 2.006687e+01 6.020112e-01 2.007590e+01 3.000026e-02
2.187762e-05 2.006184e+01 6.143548e-01 2.007125e+01 3.062305e-02
2.238721e-05 2.005663e+01 6.268862e-01 2.006642e+01 3.125581e-02
2.290868e-05 2.005123e+01 6.396050e-01 2.006143e+01 3.189855e-02
2.344229e-05 2.004563e+01 6.525102e-01 2.005625e+01 3.255124e-02
2.398833e-05 2.003984e+01 6.656009e-01 2.005089e+01 3.321389e-02
2.454709e-05 2.003384e+01 6.788759e-01 2.004534e+01 3.388645e-02
2.511886e-05 2.002764e+01 6.923337e-01 2.003960e+01 3.456891e-02
2.570396e-05 2.002123e+01 7.059728e-01 2.003367e+01 3.526122e-02
2.630268e-05 2.001460e+01 7.197916e-01 2.002753e+01 3.596334e-02
2.691535e-05 2.000775e+01 7.337881e-01 2.002120e+01 3.667520e-02
2.754229e-05 2.000067e+01 7.479603e-01 2.001465e+01 3.739676e-02
2.818383e-05 1.999337e+01 7.623060e-01 2.000790e+01 3.812793e-02
2.884032e-05 1.998584e+01 7.768228e-01 2.000093e+01 3.886866e-02
2.951209e-05 1.997808e+01 7.915083e-01 1.999375e+01 3.961884e-02
3.019952e-05 1.997008e+01 8.063600e-01 1.998635e+01 4.037842e-02
3.090295e-05 1.996183e+01 8.213752e-01 1.997873e+01 4.114728e-02
3.162278e-05 1.995335e+01 8.365511e-01 1.997088e+01 4.192534e-02
3.235937e-05 1.994462e+01 8.518849e-01 1.996281e+01 4.271251e-02
3.311311e-05 1.993565e+01 8.673738e-01 1.995451e+01 4.350868e-02
3.388442e-05 1.992642e+01 8.830150e-01 1.994598e+01 4.431377e-02
3.467369e-05 1.991695e+01 8.988056e-01 1.993722e+01 4.512767e-02
3.548134e-05 1.990723e+01 9.147428e-01 1.992823e+01 4.595029e-02
3.630781e-05 1.989725e+01 9.308239e-01 1.991901e+01 4.678153e-02
3.715352e-05 1.988702e+01 9.470462e-01 1.990956e+01 4.762132e-02
3.801894e-05 1.987654e+01 9.634072e-01 1.989987e+01 4.846957e-02
3.890451e-05 1.986580e+01 9.799046e-01 1.988995e+01 4.932621e-02
3.981072e-05 1.985481e+01 9.965362e-01 1.987981e+01 5.019116e-02
4.073803e-05 1.984357e+01 1.013300e+00 1.986943e+01 5.106439e-02
4.168694e-05 1.983208e+01 1.030194e+00 1.985882e+01 5.194584e-02
4.265795e-05 1.982034e+01 1.047217e+00 1.984799e+01 5.283549e-02
4.365158e-05 1.980835e+01 1.064369e+00 1.983692e+01 5.373333e-02
4.466836e-05 1.979611e+01 1.081647e+00 1.982564e+01 5.463936e-02
4.570882e-05 1.978363e+01 1.099052e+00 1.981413e+01 5.555360e-02
4.677351e-05 1.977090e+01 1.116583e+00 1.980240e+01 5.647609e-02
4.786301e-05 1.975793e+01 1.134241e+00 1.979046e+01 5.740689e-02
4.897788e-05 1.974472e+01 1.152027e+00 1.977830e+01 5.834609e-02
5.011872e-05 1.973127e+01 1.169942e+00 1.976593e+01 5.929379e-02
5.128614e-05 1.971759e+01 1.187987e+00 1.975334e+01 6.025013e-02
5.248075e-05 1.970367e+01 1.206165e+00 1.974055e+01 6.121525e-02
5.370318e-05 1.968952e+01 1.224478e+00 1.972756e+01 6.218934e-02
5.495409e-05 1.967514e+01 1.242930e+00 1.971436e+01 6.317259e-02
5.623413e-05 1.966053e+01 1.261523e+00 1.970097e+01 6.416525e-02
5.754399e-05 1.964570e+01 1.280262e+00 1.968737e+01 6.516755e-02
5.888437e-05 1.963064e+01 1.299152e+00 1.967358e+01 6.617980e-02
6.025596e-05 1.961535e+01 1.318196e+00 1.965959e+01 6.720228e-02
6.165950e-05 1.959984e+01 1.337402e+00 1.964542e+01 6.823533e-02
6.309573e-05 1.958411e+01 1.356773e+00 1.963105e+01 6.927930e-02
6.456542e-05 1.956815e+01 1.376317e+00 1.961649e+01 7.033457e-02
6.606934e-05 1.955196e+01 1.396040e+00 1.960174e+01 7.140153e-02
6.760830e-05 1.953555e+01 1.415948e+00 1.958679e+01 7.248060e-02
6.918310e-05 1.951890e+01 1.436049e+00 1.957166e+01 7.357220e-02
7.079458e-05 1.950203e+01 1.456349e+00 1.955633e+01 7.467679e-02
7.244360e-05 1.948492e+01 1.476856e+00 1.954081e+01 7.579482e-02
7.413102e-05 1.946757e+01 1.497577e+00 1.952509e+01 7.692677e-02
7.585776e-05 1.944998e+01 1.518520e+00 1.950916e+01 7.807313e-02
7.762471e-05 1.943213e+01 1.539693e+00 1.949304e+01 7.923436e-02
7.943282e-05 1.941404e+01 1.561102e+00 1.947670e+01 8.041098e-02
8.128305e-05 1.939568e+01 1.582754e+00 1.946015e+01 8.160346e-02
8.317638e-05 1.937705e+01 1.604658e+00 1.944338e+01 8.281229e-02
8.511380e-05 1.935814e+01 1.626819e+00 1.942638e+01 8.403796e-02
8.709636e-05 1.933895e+01 1.649244e+00 1.940915e+01 8.528095e-02
8.912509e-05 1.931946e+01 1.671939e+00 1.939167e+01 8.654171e-02
9.120108e-05 1.929967e+01 1.694910e+00 1.937395e+01 8.782069e-02
9.332543e-05 1.927956e+01 1.718162e+00 1.935597e+01 8.911833e-02
9.549926e-05 1.925912e+01 1.741699e+00 1.933772e+01 9.043504e-02
9.772372e-05 1.923834e+01 1.765526e+00 1.931919e+01 9.177120e-02
1.000000e-04 1.921721e+01 1.789645e+00 1.930037e+01 9.312717e-02
1.023293e-04 1.919572e+01 1.814059e+00 1.928125e+01 9.450329e-02
1.047129e-04 1.917384e+01 1.838769e+00 1.926181e+01 9.589986e-02
1.071519e-04 1.915158e+01 1.863777e+00 1.924205e+01 9.731714e-02
1.096478e-04 1.912890e+01 1.889082e+00 1.922196e+01 9.875535e-02
1.122018e-04 1.910581e+01 1.914683e+00 1.920151e+01 1.002147e-01
1.148154e-04 1.908228e+01 1.940578e+00 1.918070e+01 1.016953e-01
1.174898e-04 1.905830e+01 1.966765e+00 1.915951e+01 1.031973e-01
1.202264e-04 1.903386e+01 1.993239e+00 1.913794e+01 1.047207e-01
1.230269e-04 1.900893e+01 2.019995e+00 1.911596e+01 1.062656e-01
1.258925e-04 1.898352e+01 2.047027e+00 1.909356e+01 1.078318e-01
1.288250e-04 1.895759e+01 2.074328e+00 1.907074e+01 1.094194e-01
1.318257e-04 1.893114e+01 2.101890e+00 1.904747e+01 1.110281e-01
1.348963e-04 1.890416e+01 2.129703e+00 1.902375e+01 1.126579e-01
1.380384e-04 1.887663e+01 2.157757e+00 1.899956e+01 1.143083e-01
1.412538e-04 1.884854e+01 2.186040e+00 1.897489e+01 1.159793e-01
1.445440e-04 1.881988e+01 2.214541e+00 1.894973e+01 1.176703e-01
1.479108e-04 1.879064e+01 2.243245e+00 1.892407e+01 1.193810e-01
1.513561e-04 1.876080e+01 2.272139e+00 1.889789e+01 1.211110e-01
1.548817e-04 1.873036e+01 2.301207e+00 1.887120e+01 1.228597e-01
1.584893e-04 1.869932e+01 2.330433e+00 1.884397e+01 1.246267e-01
1.621810e-04 1.866765e+01 2.359801e+00 1.881621e+01 1.264113e-01
1.659587e-04 1.863536e+01 2.389294e+00 1.878791e+01 1.282129e-01
1.698244e-04 1.860245e+01 2.418892e+00 1.875906e+01 1.300308e-01
1.737801e-04 1.856891e+01 2.448579e+00 1.872965e+01 1.318645e-01
1.778279e-04 1.853474e+01 2.478335e+00 1.869969e+01 1.337130e-01
1.819701e-04 1.849993e+01 2.508141e+00 1.866918e+01 1.355757e-01
1.862087e-04 1.846450e+01 2.537978e+00 1.863811e+01 1.374518e-01
1.905461e-04 1.842844e+01 2.567827e+00 1.860648e+01 1.393405e-01
1.949845e-04 1.839176e+01 2.597669e+00 1.857430e+01 1.412409e-01
1.995262e-04 1.835446e+01 2.627484e+00 1.854157e+01 1.431523e-01
2.041738e-04 1.831656e+01 2.657254e+00 1.850830e+01 1.450739e-01
2.089296e-04 1.827806e+01 2.686962e+00 1.847450e+01 1.470048e-01
2.137962e-04 1.823897e+01 2.716590e+00 1.844017e+01 1.489443e-01
2.187762e-04 1.819931e+01 2.746121e+00 1.840533e+01 1.508915e-01
2.238721e-04 1.815909e+01 2.775540e+00 1.836998e+01 1.528458e-01
2.290868e-04 1.811832e+01 2.804833e+00 1.833414e+01 1.548064e-01
2.344229e-04 1.807703e+01 2.833986e+00 1.829783e+01 1.567728e-01
2.398833e-04 1.803524e+01 2.862988e+00 1.826106e+01 1.587441e-01
2.454709e-04 1.799295e+01 2.891828e+00 1.822386e+01 1.607201e-01
2.511886e-04 1.795020e+01 2.920498e+00 1.818623e+01 1.627000e-01
2.570396e-04 1.790700e+01 2.948990e+00 1.814820e+01 1.646837e-01
2.630268e-04 1.786338e+01 2.977300e+00 1.810979e+01 1.666706e-01
2.691535e-04 1.781936e+01 3.005424e+00 1.807103e+01 1.686606e-01
2.754229e-04 1.777497e+01 3.033362e+00 1.803194e+01 1.706536e-01
2.818383e-04 1.773022e+01 3.061114e+00 1.799253e+01 1.726495e-01
2.884032e-04 1.768515e+01 3.088683e+00 1.795284e+01 1.746484e-01
2.951209e-04 1.763978e+01 3.116076e+00 1.791289e+01 1.766505e-01
3.019952e-04 1.759413e+01 3.143299e+00 1.787271e+01 1.786561e-01
3.090295e-04 1.754823e+01 3.170362e+00 1.783232e+01 1.806656e-01
3.162278e-04 1.750210e+01 3.197278e+00 1.779174e+01 1.826797e-01
3.235937e-04 1.745577e+01 3.224060e+00 1.775101e+01 1.846989e-01
3.311311e-04 1.740925e+01 3.250726e+00 1.771014e+01 1.867241e-01
3.388442e-04 1.736257e+01 3.277293e+00 1.766917e+01 1.887562e-01
3.467369e-04 1.731575e+01 3.303783e+00 1.762811e+01 1.907964e-01
3.548134e-04 1.726880e+01 3.330217e+00 1.758698e+01 1.928459e-01
3.630781e-04 1.722175e+01 3.356621e+00 1.754582e+01 1.949059e-01
3.715352e-04 1.717461e+01 3.383021e+00 1.750463e+01 1.969780e-01
3.801894e-04 1.712739e+01 3.409444e+00 1.746344e+01 1.990638e-01
3.890451e-04 1.708010e+01 3.435920e+00 1.742227e+01 2.011650e-01
3.981072e-04 1.703276e+01 3.462479e+00 1.738113e+01 2.032835e-01
4.073803e-04 1.698537e+01 3.489153e+00 1.734004e+01 2.054211e-01
4.168694e-04 1.693793e+01 3.515976e+00 1.729900e+01 2.075801e-01
4.265795e-04 1.689044e+01 3.542981e+00 1.725804e+01 2.097625e-01
4.365158e-04 1.684292e+01 3.570202e+00 1.721715e+01 2.119705e-01
4.466836e-04 1.679534e+01 3.597675e+00 1.717634e+01 2.142067e-01
4.570882e-04 1.674772e+01 3.625434e+00 1.713563e+01 2.164733e-01
4.677351e-04 1.670003e+01 3.653516e+00 1.709501e+01 2.187730e-01
4.786301e-04 1.665227e+01 3.681955e+00 1.705447e+01 2.211082e-01
4.897788e-04 1.660443e+01 3.710786e+00 1.701403e+01 2.234816e-01
5.011872e-04 1.655649e+01 3.740045e+00 1.697366e+01 2.258960e-01
5.128614e-04 1.650843e+01 3.769765e+00 1.693338e+01 2.283539e-01
5.248075e-04 1.646022e+01 3.799979e+00 1.689316e+01 2.308583e-01
5.370318e-04 1.641186e+01 3.830721e+00 1.685300e+01 2.334118e-01
5.495409e-04 1.636330e+01 3.862021e+00 1.681287e+01 2.360173e-01
5.623413e-04 1.631452e+01 3.893909e+00 1.677277e+01 2.386776e-01
5.754399e-04 1.626548e+01 3.926414e+00 1.673268e+01 2.413955e-01
5.888437e-04 1.621617e+01 3.959563e+00 1.669258e+01 2.441738e-01
6.025596e-04 1.616653e+01 3.993380e+00 1.665244e+01 2.470153e-01
6.165950e-04 1.611653e+01 4.027890e+00 1.661224e+01 2.499229e-01
6.309573e-04 1.606613e+01 4.063112e+00 1.657195e+01 2.528992e-01
6.456542e-04 1.601529e+01 4.099067e+00 1.653154e+01 2.559471e-01
6.606934e-04 1.596396e+01 4.135770e+00 1.649099e+01 2.590691e-01
6.760830e-04 1.591211e+01 4.173236e+00 1.645026e+01 2.622680e-01
6.918310e-04 1.585967e+01 4.211477e+00 1.640932e+01 2.655463e-01
7.079458e-04 1.580661e+01 4.250501e+00 1.636813e+01 2.689066e-01
7.244360e-04 1.575287e+01 4.290316e+00 1.632666e+01 2.723513e-01
7.413102e-04 1.569841e+01 4.330924e+00 1.628487e+01 2.758830e-01
7.585776e-04 1.564316e+01 4.372325e+00 1.624272e+01 2.795039e-01
7.762471e-04 1.558709e+01 4.414518e+00 1.620016e+01 2.832164e-01
7.943282e-04 1.553013e+01 4.457496e+00 1.615717e+01 2.870225e-01
8.128305e-04 1.547223e+01 4.501251e+00 1.611369e+01 2.909246e-01
8.317638e-04 1.541333e+01 4.545771e+00 1.606969e+01 2.949246e-01
8.511380e-04 1.535339e+01 4.591039e+00 1.602511e+01 2.990244e-01
8.709636e-04 1.529235e+01 4.637038e+00 1.597993e+01 3.032260e-01
8.912509e-04 1.523015e+01 4.683745e+00 1.593408e+01 3.075311e-01
9.120108e-04 1.516674e+01 4.731134e+00 1.588753e+01 3.119413e-01
9.332543e-04 1.510207e+01 4.779177e+00 1.584024e+01 3.164583e-01
9.549926e-04 1.503609e+01 4.827840e+00 1.579215e+01 3.210836e-01
9.772372e-04 1.496873e+01 4.877089e+00 1.574322e+01 3.258184e-01
1.000000e-03 1.489997e+01 4.926883e+00 1.569341e+01 3.306641e-01
1.023293e-03 1.482973e+01 4.977180e+00 1.564268e+01 3.356217e-01
1.047129e-03 1.475799e+01 5.027934e+00 1.559097e+01 3.406924e-01
1.071519e-03 1.468469e+01 5.079095e+00 1.553825e+01 3.458770e-01
1.096478e-03 1.460979e+01 5.130611e+00 1.548448e+01 3.511763e-01
1.122018e-03 1.453325e+01 5.182425e+00 1.542961e+01 3.565910e-01
1.148154e-03 1.445503e+01 5.234479e+00 1.537360e+01 3.621216e-01
1.174898e-03 1.437510e+01 5.286710e+00 1.531642e+01 3.677685e-01
1.202264e-03 1.429343e+01 5.339054e+00 1.525803e+01 3.735321e-01
1.230269e-03 1.420998e+01 5.391443e+00 1.519839e+01 3.794125e-01
1.258925e-03 1.412473e+01 5.443807e+00 1.513747e+01 3.854097e-01
1.288250e-03 1.403765e+01 5.496074e+00 1.507523e+01 3.915237e-01
1.318257e-03 1.394874e+01 5.548170e+00 1.501165e+01 3.977541e-01
1.348963e-03 1.385798e+01 5.600017e+00 1.494670e+01 4.041006e-01
1.380384e-03 1.376535e+01 5.651538e+00 1.488035e+01 4.105627e-01
1.412538e-03 1.367085e+01 5.702653e+00 1.481257e+01 4.171397e-01
1.445440e-03 1.357448e+01 5.753282e+00 1.474336e+01 4.238308e-01
1.479108e-03 1.347624e+01 5.803342e+00 1.467269e+01 4.306352e-01
1.513561e-03 1.337614e+01 5.852752e+00 1.460054e+01 4.375517e-01
1.548817e-03 1.327419e+01 5.901429e+00 1.452691e+01 4.445792e-01
1.584893e-03 1.317041e+01 5.949290e+00 1.445177e+01 4.517164e-01
1.621810e-03 1.306482e+01 5.996254e+00 1.437514e+01 4.589617e-01
1.659587e-03 1.295746e+01 6.042239e+00 1.429700e+01 4.663137e-01
1.698244e-03 1.284834e+01 6.087164e+00 1.421736e+01 4.737706e-01
1.737801e-03 1.273751e+01 6.130950e+00 1.413622e+01 4.813306e-01
1.778279e-03 1.262500e+01 6.173521e+00 1.405358e+01 4.889917e-01
1.819701e-03 1.251087e+01 6.214799e+00 1.396945e+01 4.967520e-01
1.862087e-03 1.239516e+01 6.254713e+00 1.388385e+01 5.046093e-01
1.905461e-03 1.227793e+01 6.293191e+00 1.379680e+01 5.125613e-01
1.949845e-03 1.215923e+01 6.330166e+00 1.370831e+01 5.206058e-01
1.995262e-03 1.203913e+01 6.365573e+00 1.361841e+01 5.287403e-01
2.041738e-03 1.191769e+01 6.399352e+00 1.352712e+01 5.369623e-01
2.089296e-03 1.179499e+01 6.431445e+00 1.343448e+01 5.452694e-01
2.137962e-03 1.167108e+01 6.461798e+00 1.334050e+01 5.536588e-01
2.187762e-03 1.154606e+01 6.490363e+00 1.324524e+01 5.621280e-01
2.238721e-03 1.141999e+01 6.517094e+00 1.314871e+01 5.706742e-01
2.290868e-03 1.129295e+01 6.541950e+00 1.305097e+01 5.792948e-01
2.344229e-03 1.116503e+01 6.564896e+00 1.295206e+01 5.879871e-01
2.398833e-03 1.103631e+01 6.585899e+00 1.285201e+01 5.967482e-01
2.454709e-03 1.090687e+01 6.604932e+00 1.275088e+01 6.055754e-01
2.511886e-03 1.077679e+01 6.621974e+00 1.264871e+01 6.144661e-01
2.570396e-03 1.064617e+01 6.637005e+00 1.254554e+01 6.234174e-01
2.630268e-03 1.051507e+01 6.650014e+00 1.244144e+01 6.324268e-01
2.691535e-03 1.038360e+01 6.660991e+00 1.233645e+01 6.414915e-01
2.754229e-03 1.025183e+01 6.669931e+00 1.223062e+01 6.506090e-01
2.818383e-03 1.011984e+01 6.676835e+00 1.212400e+01 6.597767e-01
2.884032e-03 9.987723e+00 6.681707e+00 1.201665e+01 6.689920e-01
2.951209e-03 9.855553e+00 6.684554e+00 1.190862e+01 6.782526e-01
3.019952e-03 9.723409e+00 6.685389e+00 1.179996e+01 6.875560e-01
3.090295e-03 9.591370e+00 6.684226e+00 1.169073e+01 6.969000e-01
3.162278e-03 9.459509e+00 6.681084e+00 1.158098e+01 7.062823e-01
3.235937e-03 9.327900e+00 6.675985e+00 1.147077e+01 7.157007e-01
3.311311e-03 9.196614e+00 6.668953e+00 1.136013e+01 7.251531e-01
3.388442e-03 9.065717e+00 6.660016e+00 1.124914e+01 7.346375e-01
3.467369e-03 8.935277e+00 6.649203e+00 1.113782e+01 7.441519e-01
3.548134e-03 8.805355e+00 6.636547e+00 1.102624e+01 7.536945e-01
3.630781e-03 8.676012e+00 6.622081e+00 1.091445e+01 7.632633e-01
3.715352e-03 8.547305e+00 6.605841e+00 1.080248e+01 7.728566e-01
3.801894e-03 8.419289e+00 6.587863e+00 1.069039e+01 7.824726e-01
3.890451e-03 8.292017e+00 6.568187e+00 1.057821e+01 7.921097e-01
3.981072e-03 8.165537e+00 6.546850e+00 1.046600e+01 8.017661e-01
4.073803e-03 8.039896e+00 6.523895e+00 1.035380e+01 8.114402e-01
4.168694e-03 7.915139e+00 6.499361e+00 1.024164e+01 8.211303e-01
4.265795e-03 7.791308e+00 6.473290e+00 1.012956e+01 8.308348e-01
4.365158e-03 7.668441e+00 6.445724e+00 1.001760e+01 8.405520e-01
4.466836e-03 7.546576e+00 6.416705e+00 9.905802e+00 8.502803e-01
4.570882e-03 7.425748e+00 6.386275e+00 9.794195e+00 8.600178e-01
4.677351e-03 7.305989e+00 6.354477e+00 9.682812e+00 8.697628e-01
4.786301e-03 7.187330e+00 6.321353e+00 9.571688e+00 8.795134e-01
4.897788e-03 7.069799e+00 6.286944e+00 9.460852e+00 8.892677e-01
5.011872e-03 6.953423e+00 6.251292e+00 9.350334e+00 8.990237e-01
5.128614e-03 6.838228e+00 6.214440e+00 9.240164e+00 9.087792e-01
5.248075e-03 6.724238e+00 6.176427e+00 9.130368e+00 9.185319e-01
5.370318e-03 6.611473e+00 6.137295e+00 9.020974e+00 9.282794e-01
5.495409e-03 6.499956e+00 6.097084e+00 8.912006e+00 9.380192e-01
5.623413e-03 6.389705e+00 6.055834e+00 8.803491e+00 9.477486e-01
5.754399e-03 6.280737e+00 6.013584e+00 8.695451e+00 9.574647e-01
5.888437e-03 6.173071e+00 5.970375e+00 8.587909e+00 9.671644e-01
6.025596e-03 6.066722e+00 5.926244e+00 8.480890e+00 9.768445e-01
6.165950e-03 5.961704e+00 5.881231e+00 8.374413e+00 9.865016e-01
6.309573e-03 5.858032e+00 5.835373e+00 8.268501e+00 9.961320e-01
6.456542e-03 5.755717e+00 5.788708e+00 8.163175e+00 1.005732e+00
6.606934e-03 5.654772e+00 5.741275e+00 8.058454e+00 1.015297e+00
6.760830e-03 5.555208e+00 5.693109e+00 7.954359e+00 1.024824e+00
6.918310e-03 5.457034e+00 5.644249e+00 7.850909e+00 1.034307e+00
7.079458e-03 5.360260e+00 5.594730e+00 7.748122e+00 1.043742e+00
7.244360e-03 5.264894e+00 5.544591e+00 7.646019e+00 1.053125e+00
7.413102e-03 5.170943e+00 5.493867e+00 7.544616e+00 1.062450e+00
7.585776e-03 5.078414e+00 5.442595e+00 7.443932e+00 1.071712e+00
7.762471e-03 4.987312e+00 5.390811e+00 7.343986e+00 1.080905e+00
7.943282e-03 4.897642e+00 5.338551e+00 7.244793e+00 1.090025e+00
8.128305e-03 4.809408e+00 5.285851e+00 7.146372e+00 1.099065e+00
8.317638e-03 4.722613e+00 5.232747e+00 7.048738e+00 1.108020e+00
8.511380e-03 4.637257e+00 5.179275e+00 6.951909e+00 1.116883e+00
8.709636e-03 4.553343e+00 5.125470e+00 6.855900e+00 1.125650e+00
8.912509e-03 4.470870e+00 5.071367e+00 6.760728e+00 1.134313e+00
9.120108e-03 4.389836e+00 5.017002e+00 6.666406e+00 1.142868e+00
9.332543e-03 4.310240e+00 4.962409e+00 6.572950e+00 1.151307e+00
9.549926e-03 4.232078e+00 4.907623e+00 6.480374e+00 1.159625e+00
9.772372e-03 4.155346e+00 4.852679e+00 6.388692e+00 1.167816e+00
1.000000e-02 4.080038e+00 4.797610e+00 6.297918e+00 1.175874e+00
1.023293e-02 4.006148e+00 4.742449e+00 6.208062e+00 1.183793e+00
1.047129e-02 3.933667e+00 4.687230e+00 6.119139e+00 1.191567e+00
1.071519e-02 3.862588e+00 4.631985e+00 6.031158e+00 1.199192e+00
1.096478e-02 3.792901e+00 4.576745e+00 5.944131e+00 1.206661e+00
1.122018e-02 3.724594e+00 4.521543e+00 5.858068e+00 1.213969e+00
1.148154e-02 3.657656e+00 4.466409e+00 5.772977e+00 1.221112e+00
1.174898e-02 3.592074e+00 4.411373e+00 5.688867e+00 1.228085e+00
1.202264e-02 3.527835e+00 4.356463e+00 5.605746e+00 1.234883e+00
1.230269e-02 3.464922e+00 4.301709e+00 5.523621e+00 1.241502e+00
1.258925e-02 3.403322e+00 4.247137e+00 5.442497e+00 1.247939e+00
1.288250e-02 3.343017e+00 4.192774e+00 5.362380e+00 1.254189e+00
1.318257e-02 3.283990e+00 4.138646e+00 5.283274e+00 1.260249e+00
1.348963e-02 3.226223e+00 4.084777e+00 5.205182e+00 1.266117e+00
1.380384e-02 3.169698e+00 4.031190e+00 5.128107e+00 1.271790e+00
1.412538e-02 3.114395e+00 3.977910e+00 5.052051e+00 1.277265e+00
1.445440e-02 3.060295e+00 3.924956e+00 4.977015e+00 1.282542e+00
1.479108e-02 3.007377e+00 3.872349e+00 4.902999e+00 1.287617e+00
1.513561e-02 2.955620e+00 3.820109e+00 4.830002e+00 1.292490e+00
1.548817e-02 2.905003e+00 3.768254e+00 4.758023e+00 1.297160e+00
1.584893e-02 2.855505e+00 3.716802e+00 4.687059e+00 1.301627e+00
1.621810e-02 2.807104e+00 3.665768e+00 4.617108e+00 1.305890e+00
1.659587e-02 2.759778e+00 3.615168e+00 4.548166e+00 1.309949e+00
1.698244e-02 2.713505e+00 3.565015e+00 4.480228e+00 1.313805e+00
1.737801e-02 2.668263e+00 3.515323e+00 4.413290e+00 1.317458e+00
1.778279e-02 2.624029e+00 3.466104e+00 4.347345e+00 1.320909e+00
1.819701e-02 2.580781e+00 3.417369e+00 4.282388e+00 1.324161e+00
1.862087e-02 2.538498e+00 3.369128e+00 4.218411e+00 1.327213e+00
1.905461e-02 2.497156e+00 3.321389e+00 4.155408e+00 1.330069e+00
1.949845e-02 2.456734e+00 3.274162e+00 4.093370e+00 1.332729e+00
1.995262e-02 2.417211e+00 3.227454e+00 4.032290e+00 1.335197e+00
2.041738e-02 2.378563e+00 3.181270e+00 3.972158e+00 1.337475e+00
2.089296e-02 2.340771e+00 3.135617e+00 3.912966e+00 1.339566e+00
2.137962e-02 2.303813e+00 3.090499e+00 3.854704e+00 1.341472e+00
2.187762e-02 2.267667e+00 3.045922e+00 3.797361e+00 1.343196e+00
2.238721e-02 2.232315e+00 3.001887e+00 3.740929e+00 1.344742e+00
2.290868e-02 2.197734e+00 2.958398e+00 3.685397e+00 1.346113e+00
2.344229e-02 2.163905e+00 2.915457e+00 3.630754e+00 1.347313e+00
2.398833e-02 2.130809e+00 2.873065e+00 3.576989e+00 1.348345e+00
2.454709e-02 2.098426e+00 2.831224e+00 3.524092e+00 1.349213e+00
2.511886e-02 2.066738e+00 2.789933e+00 3.472050e+00 1.349921e+00
2.570396e-02 2.035726e+00 2.749192e+00 3.420854e+00 1.350473e+00
2.630268e-02 2.005372e+00 2.709002e+00 3.370491e+00 1.350872e+00
2.691535e-02 1.975659e+00 2.669359e+00 3.320950e+00 1.351124e+00
2.754229e-02 1.946568e+00 2.630264e+00 3.272219e+00 1.351232e+00
2.818383e-02 1.918083e+00 2.591714e+00 3.224286e+00 1.351200e+00
2.884032e-02 1.890188e+00 2.553706e+00 3.177141e+00 1.351033e+00
2.951209e-02 1.862866e+00 2.516238e+00 3.130770e+00 1.350735e+00
3.019952e-02 1.836101e+00 2.479307e+00 3.085163e+00 1.350310e+00
3.090295e-02 1.809879e+00 2.442909e+00 3.040307e+00 1.349763e+00
3.162278e-02 1.784185e+00 2.407040e+00 2.996191e+00 1.349098e+00
3.235937e-02 1.759003e+00 2.371698e+00 2.952802e+00 1.348320e+00
3.311311e-02 1.734319e+00 2.336876e+00 2.910130e+00 1.347432e+00
3.388442e-02 1.710120e+00 2.302572e+00 2.868161e+00 1.346439e+00
3.467369e-02 1.686393e+00 2.268780e+00 2.826886e+00 1.345345e+00
3.548134e-02 1.663124e+00 2.235495e+00 2.786291e+00 1.344154e+00
3.630781e-02 1.640300e+00 2.202712e+00 2.746366e+00 1.342871e+00
3.715352e-02 1.617910e+00 2.170426e+00 2.707099e+00 1.341500e+00
3.801894e-02 1.595941e+00 2.138632e+00 2.668478e+00 1.340045e+00
3.890451e-02 1.574381e+00 2.107324e+00 2.630493e+00 1.338509e+00
3.981072e-02 1.553221e+00 2.076496e+00 2.593131e+00 1.336897e+00
4.073803e-02 1.532448e+00 2.046142e+00 2.556383e+00 1.335212e+00
4.168694e-02 1.512051e+00 2.016257e+00 2.520237e+00 1.333458e+00
4.265795e-02 1.492022e+00 1.986835e+00 2.484682e+00 1.331639e+00
4.365158e-02 1.472350e+00 1.957868e+00 2.449707e+00 1.329757e+00
4.466836e-02 1.453026e+00 1.929352e+00 2.415302e+00 1.327817e+00
4.570882e-02 1.434040e+00 1.901281e+00 2.381457e+00 1.325821e+00
4.677351e-02 1.415384e+00 1.873647e+00 2.348162e+00 1.323773e+00
4.786301e-02 1.397048e+00 1.846445e+00 2.315405e+00 1.321676e+00
4.897788e-02 1.379026e+00 1.819668e+00 2.283178e+00 1.319532e+00
5.011872e-02 1.361308e+00 1.793310e+00 2.251471e+00 1.317344e+00
5.128614e-02 1.343888e+00 1.767366e+00 2.220274e+00 1.315114e+00
5.248075e-02 1.326757e+00 1.741828e+00 2.189577e+00 1.312846e+00
5.370318e-02 1.309910e+00 1.716691e+00 2.159373e+00 1.310541e+00
5.495409e-02 1.293338e+00 1.691948e+00 2.129650e+00 1.308202e+00
5.623413e-02 1.277036e+00 1.667593e+00 2.100402e+00 1.305831e+00
5.754399e-02 1.260997e+00 1.643621e+00 2.071619e+00 1.303430e+00
5.888437e-02 1.245216e+00 1.620026e+00 2.043293e+00 1.301000e+00
6.025596e-02 1.229685e+00 1.596801e+00 2.015415e+00 1.298544e+00
6.165950e-02 1.214401e+00 1.573941e+00 1.987979e+00 1.296064e+00
6.309573e-02 1.199357e+00 1.551440e+00 1.960975e+00 1.293560e+00
6.456542e-02 1.184548e+00 1.529293e+00 1.934397e+00 1.291035e+00
6.606934e-02 1.169969e+00 1.507494e+00 1.908236e+00 1.288490e+00
6.760830e-02 1.155616e+00 1.486038e+00 1.882487e+00 1.285928e+00
6.918310e-02 1.141483e+00 1.464919e+00 1.857141e+00 1.283348e+00
7.079458e-02 1.127566e+00 1.444133e+00 1.832192e+00 1.280753e+00
7.244360e-02 1.113860e+00 1.423675e+00 1.807632e+00 1.278145e+00
7.413102e-02 1.100362e+00 1.403539e+00 1.783457e+00 1.275524e+00
7.585776e-02 1.087067e+00 1.383721e+00 1.759659e+00 1.272893e+00
7.762471e-02 1.073971e+00 1.364215e+00 1.736231e+00 1.270253e+00
7.943282e-02 1.061071e+00 1.345019e+00 1.713168e+00 1.267605e+00
8.128305e-02 1.048361e+00 1.326126e+00 1.690464e+00 1.264952e+00
8.317638e-02 1.035838e+00 1.307532e+00 1.668113e+00 1.262294e+00
8.511380e-02 1.023499e+00 1.289234e+00 1.646109e+00 1.259634e+00
8.709636e-02 1.011340e+00 1.271227e+00 1.624446e+00 1.256973e+00
8.912509e-02 9.993564e-01 1.253506e+00 1.603119e+00 1.254314e+00
9.120108e-02 9.875456e-01 1.236068e+00 1.582122e+00 1.251657e+00
9.332543e-02 9.759037e-01 1.218909e+00 1.561451e+00 1.249006e+00
9.549926e-02 9.644272e-01 1.202025e+00 1.541098e+00 1.246362e+00
9.772372e-02 9.531126e-01 1.185411e+00 1.521060e+00 1.243726e+00
1.000000e-01 9.419564e-01 1.169065e+00 1.501331e+00 1.241103e+00
1.023293e-01 9.309553e-01 1.152981e+00 1.481905e+00 1.238493e+00
1.047129e-01 9.201057e-01 1.137157e+00 1.462778e+00 1.235898e+00
1.071519e-01 9.094044e-01 1.121588e+00 1.443945e+00 1.233322e+00
1.096478e-01 8.988481e-01 1.106271e+00 1.425399e+00 1.230765e+00
1.122018e-01 8.884335e-01 1.091202e+00 1.407138e+00 1.228232e+00
1.148154e-01 8.781573e-01 1.076377e+00 1.389154e+00 1.225723e+00
1.174898e-01 8.680164e-01 1.061793e+00 1.371444e+00 1.223241e+00
1.202264e-01 8.580076e-01 1.047446e+00 1.354002e+00 1.220789e+00
1.230269e-01 8.481279e-01 1.033332e+00 1.336823e+00 1.218368e+00
1.258925e-01 8.383742e-01 1.019448e+00 1.319903e+00 1.215982e+00
1.288250e-01 8.287435e-01 1.005789e+00 1.303237e+00 1.213631e+00
1.318257e-01 8.192329e-01 9.923525e-01 1.286820e+00 1.211319e+00
1.348963e-01 8.098396e-01 9.791344e-01 1.270647e+00 1.209047e+00
1.380384e-01 8.005609e-01 9.661309e-01 1.254714e+00 1.206817e+00
1.412538e-01 7.913939e-01 9.533383e-01 1.239015e+00 1.204632e+00
1.445440e-01 7.823361e-01 9.407531e-01 1.223547e+00 1.202492e+00
1.479108e-01 7.733850e-01 9.283715e-01 1.208304e+00 1.200400e+00
1.513561e-01 7.645381e-01 9.161898e-01 1.193282e+00 1.198357e+00
1.548817e-01 7.557930e-01 9.042044e-01 1.178477e+00 1.196365e+00
1.584893e-01 7.471474e-01 8.924116e-01 1.163885e+00 1.194425e+00
1.621810e-01 7.385993e-01 8.808077e-01 1.149500e+00 1.192538e+00
1.659587e-01 7.301464e-01 8.693892e-01 1.135320e+00 1.190705e+00
1.698244e-01 7.217868e-01 8.581524e-01 1.121339e+00 1.188928e+00
1.737801e-01 7.135185e-01 8.470939e-01 1.107554e+00 1.187207e+00
1.778279e-01 7.053399e-01 8.362101e-01 1.093961e+00 1.185542e+00
1.819701e-01 6.972490e-01 8.254975e-01 1.080556e+00 1.183935e+00
1.862087e-01 6.892444e-01 8.149527e-01 1.067336e+00 1.182386e+00
1.905461e-01 6.813245e-01 8.045723e-01 1.054296e+00 1.180894e+00
1.949845e-01 6.734877e-01 7.943531e-01 1.041433e+00 1.179462e+00
1.995262e-01 6.657329e-01 7.842917e-01 1.028744e+00 1.178088e+00
2.041738e-01 6.580585e-01 7.743849e-01 1.016225e+00 1.176772e+00
2.089296e-01 6.504636e-01 7.646297e-01 1.003873e+00 1.175515e+00
2.137962e-01 6.429468e-01 7.550229e-01 9.916855e-01 1.174316e+00
2.187762e-01 6.355072e-01 7.455616e-01 9.796589e-01 1.173176e+00
2.238721e-01 6.281438e-01 7.362429e-01 9.677903e-01 1.172093e+00
2.290868e-01 6.208555e-01 7.270638e-01 9.560771e-01 1.171068e+00
2.344229e-01 6.136416e-01 7.180217e-01 9.445164e-01 1.170099e+00
2.398833e-01 6.065012e-01 7.091139e-01 9.331057e-01 1.169188e+00
2.454709e-01 5.994335e-01 7.003378e-01 9.218424e-01 1.168333e+00
2.511886e-01 5.924378e-01 6.916907e-01 9.107242e-01 1.167533e+00
2.570396e-01 5.855133e-01 6.831704e-01 8.997487e-01 1.166789e+00
2.630268e-01 5.786595e-01 6.747745e-01 8.889136e-01 1.166099e+00
2.691535e-01 5.718756e-01 6.665006e-01 8.782168e-01 1.165464e+00
2.754229e-01 5.651611e-01 6.583465e-01 8.676561e-01 1.164883e+00
2.818383e-01 5.585153e-01 6.503102e-01 8.572297e-01 1.164355e+00
2.884032e-01 5.519376e-01 6.423896e-01 8.469354e-01 1.163881e+00
2.951209e-01 5.454276e-01 6.345827e-01 8.367714e-01 1.163459e+00
3.019952e-01 5.389846e-01 6.268876e-01 8.267360e-01 1.163090e+00
3.090295e-01 5.326081e-01 6.193024e-01 8.168273e-01 1.162773e+00
3.162278e-01 5.262975e-01 6.118255e-01 8.070437e-01 1.162509e+00
3.235937e-01 5.200523e-01 6.044551e-01 7.973834e-01 1.162297e+00
3.311311e-01 5.138718e-01 5.971895e-01 7.878449e-01 1.162137e+00
3.388442e-01 5.077557e-01 5.900272e-01 7.784265e-01 1.162030e+00
3.467369e-01 5.017032e-01 5.829666e-01 7.691268e-01 1.161975e+00
3.548134e-01 4.957137e-01 5.760062e-01 7.599443e-01 1.161973e+00
3.630781e-01 4.897868e-01 5.691447e-01 7.508773e-01 1.162025e+00
3.715352e-01 4.839218e-01 5.623806e-01 7.419247e-01 1.162131e+00
3.801894e-01 4.781180e-01 5.557125e-01 7.330848e-01 1.162292e+00
3.890451e-01 4.723749e-01 5.491393e-01 7.243563e-01 1.162507e+00
3.981072e-01 4.666918e-01 5.426596e-01 7.157378e-01 1.162779e+00
4.073803e-01 4.610679e-01 5.362721e-01 7.072280e-01 1.163109e+00
4.168694e-01 4.555027e-01 5.299757e-01 6.988255e-01 1.163496e+00
4.265795e-01 4.499955e-01 5.237692e-01 6.905289e-01 1.163943e+00
4.365158e-01 4.445455e-01 5.176515e-01 6.823370e-01 1.164451e+00
4.466836e-01 4.391520e-01 5.116214e-01 6.742484e-01 1.165021e+00
4.570882e-01 4.338143e-01 5.056778e-01 6.662618e-01 1.165655e+00
4.677351e-01 4.285315e-01 4.998196e-01 6.583760e-01 1.166354e+00
4.786301e-01 4.233030e-01 4.940458e-01 6.505895e-01 1.167121e+00
4.897788e-01 4.181280e-01 4.883552e-01 6.429011e-01 1.167956e+00
5.011872e-01 4.130056e-01 4.827469e-01 6.353096e-01 1.168863e+00
5.128614e-01 4.079351e-01 4.772198e-01 6.278135e-01 1.169843e+00
5.248075e-01 4.029156e-01 4.717729e-01 6.204117e-01 1.170898e+00
5.370318e-01 3.979463e-01 4.664052e-01 6.131028e-01 1.172030e+00
5.495409e-01 3.930264e-01 4.611155e-01 6.058855e-01 1.173243e+00
5.623413e-01 3.881550e-01 4.559030e-01 5.987586e-01 1.174539e+00
5.754399e-01 3.833313e-01 4.507667e-01 5.917208e-01 1.175919e+00
5.888437e-01 3.785545e-01 4.457054e-01 5.847707e-01 1.177388e+00
6.025596e-01 3.738237e-01 4.407182e-01 5.779071e-01 1.178947e+00
6.165950e-01 3.691379e-01 4.358041e-01 5.711288e-01 1.180600e+00
6.309573e-01 3.644965e-01 4.309622e-01 5.644343e-01 1.182349e+00
6.456542e-01 3.598984e-01 4.261913e-01 5.578224e-01 1.184199e+00
6.606934e-01 3.553429e-01 4.214905e-01 5.512919e-01 1.186151e+00
6.760830e-01 3.508291e-01 4.168587e-01 5.448415e-01 1.188210e+00
6.918310e-01 3.463561e-01 4.122950e-01 5.384698e-01 1.190379e+00
7.079458e-01 3.419231e-01 4.077983e-01 5.321756e-01 1.192661e+00
7.244360e-01 3.375292e-01 4.033676e-01 5.259576e-01 1.195060e+00
7.413102e-01 3.331736e-01 3.990020e-01 5.198146e-01 1.197580e+00
7.585776e-01 3.288554e-01 3.947002e-01 5.137452e-01 1.200224e+00
7.762471e-01 3.245739e-01 3.904614e-01 5.077483e-01 1.202997e+00
7.943282e-01 3.203282e-01 3.862845e-01 5.018225e-01 1.205902e+00
8.128305e-01 3.161174e-01 3.821683e-01 4.959666e-01 1.208944e+00
8.317638e-01 3.119407e-01 3.781120e-01 4.901793e-01 1.212128e+00
8.511380e-01 3.077975e-01 3.741144e-01 4.844593e-01 1.215456e+00
8.709636e-01 3.036868e-01 3.701744e-01 4.788055e-01 1.218935e+00
8.912509e-01 2.996078e-01 3.662910e-01 4.732166e-01 1.222568e+00
9.120108e-01 2.955599e-01 3.624631e-01 4.676913e-01 1.226361e+00
9.332543e-01 2.915423e-01 3.586896e-01 4.622285e-01 1.230318e+00
9.549926e-01 2.875541e-01 3.549695e-01 4.568268e-01 1.234444e+00
9.772372e-01 2.835948e-01 3.513015e-01 4.514851e-01 1.238745e+00
1.000000e+00 2.796635e-01 3.476846e-01 4.462021e-01 1.243225e+00
1.023293e+00 2.757596e-01 3.441178e-01 4.409766e-01 1.247890e+00
1.047129e+00 2.718824e-01 3.405997e-01 4.358075e-01 1.252747e+00
1.071519e+00 2.680312e-01 3.371294e-01 4.306935e-01 1.257799e+00
1.096478e+00 2.642053e-01 3.337056e-01 4.256335e-01 1.263054e+00
1.122018e+00 2.604043e-01 3.303272e-01 4.206262e-01 1.268517e+00
1.148154e+00 2.566274e-01 3.269930e-01 4.156706e-01 1.274194e+00
1.174898e+00 2.528740e-01 3.237018e-01 4.107653e-01 1.280091e+00
1.202264e+00 2.491437e-01 3.204525e-01 4.059094e-01 1.286216e+00
1.230269e+00 2.454359e-01 3.172439e-01 4.011016e-01 1.292573e+00
1.258925e+00 2.417501e-01 3.140747e-01 3.963408e-01 1.299171e+00
1.288250e+00 2.380859e-01 3.109437e-01 3.916259e-01 1.306015e+00
1.318257e+00 2.344427e-01 3.078497e-01 3.869558e-01 1.313113e+00
1.348963e+00 2.308202e-01 3.047915e-01 3.823295e-01 1.320472e+00
1.380384e+00 2.272180e-01 3.017678e-01 3.777458e-01 1.328098e+00
1.412538e+00 2.236358e-01 2.987775e-01 3.732037e-01 1.336000e+00
1.445440e+00 2.200733e-01 2.958192e-01 3.687022e-01 1.344185e+00
1.479108e+00 2.165302e-01 2.928918e-01 3.642402e-01 1.352660e+00
1.513561e+00 2.130064e-01 2.899939e-01 3.598169e-01 1.361433e+00
1.548817e+00 2.095015e-01 2.871244e-01 3.554311e-01 1.370513e+00
1.584893e+00 2.060154e-01 2.842820e-01 3.510821e-01 1.379906e+00
1.621810e+00 2.025482e-01 2.814655e-01 3.467688e-01 1.389622e+00
1.659587e+00 1.990996e-01 2.786737e-01 3.424904e-01 1.399670e+00
1.698244e+00 1.956698e-01 2.759053e-01 3.382461e-01 1.410056e+00
1.737801e+00 1.922586e-01 2.731593e-01 3.340350e-01 1.420791e+00
1.778279e+00 1.888663e-01 2.704343e-01 3.298563e-01 1.431882e+00
1.819701e+00 1.854928e-01 2.677292e-01 3.257093e-01 1.443340e+00
1.862087e+00 1.821384e-01 2.650430e-01 3.215932e-01 1.455174e+00
1.905461e+00 1.788032e-01 2.623744e-01 3.175073e-01 1.467392e+00
1.949845e+00 1.754875e-01 2.597224e-01 3.134511e-01 1.480005e+00
1.995262e+00 1.721916e-01 2.570858e-01 3.094238e-01 1.493022e+00
2.041738e+00 1.689158e-01 2.544638e-01 3.054249e-01 1.506453e+00
2.089296e+00 1.656605e-01 2.518552e-01 3.014538e-01 1.520310e+00
2.137962e+00 1.624260e-01 2.492591e-01 2.975101e-01 1.534601e+00
2.187762e+00 1.592128e-01 2.466745e-01 2.935933e-01 1.549339e+00
2.238721e+00 1.560213e-01 2.441006e-01 2.897028e-01 1.564534e+00
2.290868e+00 1.528521e-01 2.415364e-01 2.858384e-01 1.580197e+00
2.344229e+00 1.497057e-01 2.389813e-01 2.819997e-01 1.596340e+00
2.398833e+00 1.465827e-01 2.364343e-01 2.781864e-01 1.612976e+00
2.454709e+00 1.434836e-01 2.338948e-01 2.743981e-01 1.630115e+00
2.511886e+00 1.404091e-01 2.313620e-01 2.706346e-01 1.647771e+00
2.570396e+00 1.373597e-01 2.288354e-01 2.668957e-01 1.665957e+00
2.630268e+00 1.343362e-01 2.263144e-01 2.631813e-01 1.684686e+00
2.691535e+00 1.313393e-01 2.237983e-01 2.594912e-01 1.703971e+00
2.754229e+00 1.283696e-01 2.212868e-01 2.558253e-01 1.723826e+00
2.818383e+00 1.254278e-01 2.187794e-01 2.521835e-01 1.744266e+00
2.884032e+00 1.225146e-01 2.162756e-01 2.485658e-01 1.765305e+00
2.951209e+00 1.196308e-01 2.137752e-01 2.449722e-01 1.786958e+00
3.019952e+00 1.167770e-01 2.112780e-01 2.414027e-01 1.809242e+00
3.090295e+00 1.139541e-01 2.087835e-01 2.378573e-01 1.832172e+00
3.162278e+00 1.111627e-01 2.062918e-01 2.343362e-01 1.855764e+00
3.235937e+00 1.084035e-01 2.038026e-01 2.308393e-01 1.880036e+00
3.311311e+00 1.056773e-01 2.013158e-01 2.273670e-01 1.905005e+00
3.388442e+00 1.029848e-01 1.988315e-01 2.239193e-01 1.930689e+00
3.467369e+00 1.003266e-01 1.963497e-01 2.204963e-01 1.957105e+00
3.548134e+00 9.770346e-02 1.938704e-01 2.170984e-01 1.984274e+00
3.630781e+00 9.511604e-02 1.913938e-01 2.137256e-01 2.012214e+00
3.715352e+00 9.256499e-02 1.889200e-01 2.103784e-01 2.040945e+00
3.801894e+00 9.005092e-02 1.864493e-01 2.070568e-01 2.070488e+00
3.890451e+00 8.757445e-02 1.839819e-01 2.037612e-01 2.100863e+00
3.981072e+00 8.513615e-02 1.815181e-01 2.004919e-01 2.132092e+00
4.073803e+00 8.273657e-02 1.790583e-01 1.972491e-01 2.164198e+00
4.168694e+00 8.037625e-02 1.766028e-01 1.940333e-01 2.197202e+00
4.265795e+00 7.805566e-02 1.741521e-01 1.908446e-01 2.231128e+00
4.365158e+00 7.577526e-02 1.717067e-01 1.876834e-01 2.265999e+00
4.466836e+00 7.353549e-02 1.692669e-01 1.845502e-01 2.301840e+00
4.570882e+00 7.133672e-02 1.668334e-01 1.814451e-01 2.338675e+00
4.677351e+00 6.917930e-02 1.644067e-01 1.783686e-01 2.376531e+00
4.786301e+00 6.706354e-02 1.619874e-01 1.753210e-01 2.415432e+00
4.897788e+00 6.498972e-02 1.595761e-01 1.723026e-01 2.455405e+00
5.011872e+00 6.295804e-02 1.571733e-01 1.693138e-01 2.496478e+00
5.128614e+00 6.096871e-02 1.547799e-01 1.663550e-01 2.538678e+00
5.248075e+00 5.902185e-02 1.523964e-01 1.634265e-01 2.582033e+00
5.370318e+00 5.711756e-02 1.500234e-01 1.605287e-01 2.626573e+00
5.495409e+00 5.525590e-02 1.476618e-01 1.576618e-01 2.672327e+00
5.623413e+00 5.343687e-02 1.453122e-01 1.548261e-01 2.719324e+00
5.754399e+00 5.166044e-02 1.429753e-01 1.520221e-01 2.767597e+00
5.888437e+00 4.992651e-02 1.406517e-01 1.492500e-01 2.817175e+00
6.025596e+00 4.823497e-02 1.383423e-01 1.465101e-01 2.868092e+00
6.165950e+00 4.658564e-02 1.360477e-01 1.438027e-01 2.920379e+00
6.309573e+00 4.497831e-02 1.337687e-01 1.411280e-01 2.974071e+00
6.456542e+00 4.341273e-02 1.315058e-01 1.384863e-01 3.029200e+00
6.606934e+00 4.188859e-02 1.292599e-01 1.358778e-01 3.085802e+00
6.760830e+00 4.040557e-02 1.270315e-01 1.333027e-01 3.143911e+00
6.918310e+00 3.896328e-02 1.248214e-01 1.307613e-01 3.203565e+00
7.079458e+00 3.756132e-02 1.226301e-01 1.282537e-01 3.264799e+00
7.244360e+00 3.619923e-02 1.204584e-01 1.257800e-01 3.327650e+00
7.413102e+00 3.487653e-02 1.183067e-01 1.233404e-01 3.392158e+00
7.585776e+00 3.359272e-02 1.161758e-01 1.209350e-01 3.458361e+00
7.762471e+00 3.234724e-02 1.140660e-01 1.185639e-01 3.526299e+00
7.943282e+00 3.113952e-02 1.119781e-01 1.162272e-01 3.596012e+00
8.128305e+00 2.996897e-02 1.099124e-01 1.139249e-01 3.667541e+00
8.317638e+00 2.883496e-02 1.078695e-01 1.116570e-01 3.740929e+00
8.511380e+00 2.773684e-02 1.058498e-01 1.094236e-01 3.816218e+00
8.709636e+00 2.667396e-02 1.038538e-01 1.072246e-01 3.893453e+00
8.912509e+00 2.564562e-02 1.018818e-01 1.050599e-01 3.972677e+00
9.120108e+00 2.465113e-02 9.993413e-02 1.029296e-01 4.053938e+00
9.332543e+00 2.368977e-02 9.801123e-02 1.008336e-01 4.137280e+00
9.549926e+00 2.276083e-02 9.611335e-02 9.877161e-02 4.222753e+00
9.772372e+00 2.186356e-02 9.424077e-02 9.674367e-02 4.310404e+00
1.000000e+01 2.099723e-02 9.239373e-02 9.474960e-02 4.400282e+00
