1.000000e-06 2.584156e+01 5.953064e-02 2.584163e+01 2.303679e-03
1.023293e-06 2.584154e+01 6.091701e-02 2.584161e+01 2.357329e-03
1.047129e-06 2.584152e+01 6.233566e-02 2.584159e+01 2.412229e-03
1.071519e-06 2.584149e+01 6.378733e-02 2.584157e+01 2.468407e-03
1.096478e-06 2.584147e+01 6.527279e-02 2.584155e+01 2.525893e-03
1.122018e-06 2.584145e+01 6.679283e-02 2.584153e+01 2.584717e-03
1.148154e-06 2.584142e+01 6.834825e-02 2.584151e+01 2.644911e-03
1.174898e-06 2.584139e+01 6.993987e-02 2.584149e+01 2.706505e-03
1.202264e-06 2.584136e+01 7.156853e-02 2.584146e+01 2.769534e-03
1.230269e-06 2.584134e+01 7.323510e-02 2.584144e+01 2.834029e-03
1.258925e-06 2.584130e+01 7.494046e-02 2.584141e+01 2.900026e-03
1.288250e-06 2.584127e+01 7.668550e-02 2.584139e+01 2.967559e-03
1.318257e-06 2.584124e+01 7.847115e-02 2.584136e+01 3.036663e-03
1.348963e-06 2.584120e+01 8.029835e-02 2.584133e+01 3.107376e-03
1.380384e-06 2.584117e+01 8.216806e-02 2.584130e+01 3.179735e-03
1.412538e-06 2.584113e+01 8.408128e-02 2.584126e+01 3.253778e-03
1.445440e-06 2.584109e+01 8.603901e-02 2.584123e+01 3.329543e-03
1.479108e-06 2.584105e+01 8.804229e-02 2.584120e+01 3.407072e-03
1.513561e-06 2.584100e+01 9.009218e-02 2.584116e+01 3.486404e-03
1.548817e-06 2.584095e+01 9.218974e-02 2.584112e+01 3.567583e-03
1.584893e-06 2.584091e+01 9.433610e-02 2.584108e+01 3.650650e-03
1.621810e-06 2.584085e+01 9.653238e-02 2.584103e+01 3.735650e-03
1.659587e-06 2.584080e+01 9.877974e-02 2.584099e+01 3.822627e-03
1.698244e-06 2.584075e+01 1.010794e-01 2.584094e+01 3.911627e-03
1.737801e-06 2.584069e+01 1.034325e-01 2.584089e+01 4.002698e-03
1.778279e-06 2.584063e+01 1.058403e-01 2.584084e+01 4.095887e-03
1.819701e-06 2.584056e+01 1.083041e-01 2.584079e+01 4.191243e-03
1.862087e-06 2.584049e+01 1.108252e-01 2.584073e+01 4.288817e-03
1.905461e-06 2.584042e+01 1.134048e-01 2.584067e+01 4.388660e-03
1.949845e-06 2.584035e+01 1.160445e-01 2.584061e+01 4.490825e-03
1.995262e-06 2.584027e+01 1.187455e-01 2.584055e+01 4.595365e-03
2.041738e-06 2.584019e+01 1.215092e-01 2.584048e+01 4.702335e-03
2.089296e-06 2.584011e+01 1.243372e-01 2.584041e+01 4.811792e-03
2.137962e-06 2.584002e+01 1.272309e-01 2.584033e+01 4.923794e-03
2.187762e-06 2.583993e+01 1.301918e-01 2.584025e+01 5.038398e-03
2.238721e-06 2.583983e+01 1.332215e-01 2.584017e+01 5.155666e-03
2.290868e-06 2.583973e+01 1.363216e-01 2.584009e+01 5.275659e-03
2.344229e-06 2.583962e+01 1.394936e-01 2.584000e+01 5.398440e-03
2.398833e-06 2.583951e+01 1.427394e-01 2.583990e+01 5.524073e-03
2.454709e-06 2.583939e+01 1.460604e-01 2.583981e+01 5.652625e-03
2.511886e-06 2.583927e+01 1.494586e-01 2.583970e+01 5.784163e-03
2.570396e-06 2.583914e+01 1.529356e-01 2.583960e+01 5.918755e-03
2.630268e-06 2.583901e+01 1.564932e-01 2.583948e+01 6.056472e-03
2.691535e-06 2.583887e+01 1.601335e-01 2.583937e+01 6.197387e-03
2.754229e-06 2.583872e+01 1.638581e-01 2.583924e+01 6.341573e-03
2.818383e-06 2.583857e+01 1.676692e-01 2.583911e+01 6.489105e-03
2.884032e-06 2.583841e+01 1.715686e-01 2.583898e+01 6.640060e-03
2.951209e-06 2.583824e+01 1.755584e-01 2.583884e+01 6.794518e-03
3.019952e-06 2.583806e+01 1.796407e-01 2.583869e+01 6.952559e-03
3.090295e-06 2.583788e+01 1.838175e-01 2.583853e+01 7.114265e-03
3.162278e-06 2.583769e+01 1.880911e-01 2.583837e+01 7.279720e-03
3.235937e-06 2.583748e+01 1.924637e-01 2.583820e+01 7.449011e-03
3.311311e-06 2.583727e+01 1.969375e-01 2.583802e+01 7.622226e-03
3.388442e-06 2.583705e+01 2.015149e-01 2.583784e+01 7.799455e-03
3.467369e-06 2.583682e+01 2.061982e-01 2.583764e+01 7.980789e-03
3.548134e-06 2.583658e+01 2.109898e-01 2.583744e+01 8.166323e-03
3.630781e-06 2.583632e+01 2.158923e-01 2.583722e+01 8.356153e-03
3.715352e-06 2.583606e+01 2.209080e-01 2.583700e+01 8.550377e-03
3.801894e-06 2.583578e+01 2.260397e-01 2.583677e+01 8.749095e-03
3.890451e-06 2.583549e+01 2.312899e-01 2.583652e+01 8.952411e-03
3.981072e-06 2.583518e+01 2.366613e-01 2.583626e+01 9.160428e-03
4.073803e-06 2.583486e+01 2.421567e-01 2.583600e+01 9.373254e-03
4.168694e-06 2.583453e+01 2.477789e-01 2.583571e+01 9.590999e-03
4.265795e-06 2.583418e+01 2.535308e-01 2.583542e+01 9.813774e-03
4.365158e-06 2.583381e+01 2.594152e-01 2.583511e+01 1.004169e-02
4.466836e-06 2.583343e+01 2.654352e-01 2.583479e+01 1.027487e-02
4.570882e-06 2.583302e+01 2.715938e-01 2.583445e+01 1.051344e-02
4.677351e-06 2.583260e+01 2.778942e-01 2.583410e+01 1.075750e-02
4.786301e-06 2.583216e+01 2.843395e-01 2.583373e+01 1.100719e-02
4.897788e-06 2.583170e+01 2.909329e-01 2.583334e+01 1.126263e-02
5.011872e-06 2.583122e+01 2.976779e-01 2.583294e+01 1.152396e-02
5.128614e-06 2.583072e+01 3.045777e-01 2.583251e+01 1.179130e-02
5.248075e-06 2.583019e+01 3.116358e-01 2.583207e+01 1.206479e-02
5.370318e-06 2.582963e+01 3.188557e-01 2.583160e+01 1.234457e-02
5.495409e-06 2.582906e+01 3.262411e-01 2.583112e+01 1.263078e-02
5.623413e-06 2.582845e+01 3.337955e-01 2.583061e+01 1.292356e-02
5.754399e-06 2.582782e+01 3.415227e-01 2.583008e+01 1.322306e-02
5.888437e-06 2.582715e+01 3.494266e-01 2.582952e+01 1.352943e-02
6.025596e-06 2.582646e+01 3.575109e-01 2.582894e+01 1.384281e-02
6.165950e-06 2.582574e+01 3.657797e-01 2.582833e+01 1.416338e-02
6.309573e-06 2.582498e+01 3.742369e-01 2.582769e+01 1.449128e-02
6.456542e-06 2.582418e+01 3.828867e-01 2.582702e+01 1.482667e-02
6.606934e-06 2.582335e+01 3.917333e-01 2.582632e+01 1.516973e-02
6.760830e-06 2.582248e+01 4.007808e-01 2.582559e+01 1.552062e-02
6.918310e-06 2.582157e+01 4.100337e-01 2.582483e+01 1.587950e-02
7.079458e-06 2.582062e+01 4.194963e-01 2.582403e+01 1.624656e-02
7.244360e-06 2.581962e+01 4.291731e-01 2.582319e+01 1.662198e-02
7.413102e-06 2.581858e+01 4.390688e-01 2.582231e+01 1.700592e-02
7.585776e-06 2.581749e+01 4.491878e-01 2.582140e+01 1.739858e-02
7.762471e-06 2.581635e+01 4.595350e-01 2.582044e+01 1.780015e-02
7.943282e-06 2.581516e+01 4.701151e-01 2.581944e+01 1.821081e-02
8.128305e-06 2.581391e+01 4.809330e-01 2.581839e+01 1.863077e-02
8.317638e-06 2.581261e+01 4.919936e-01 2.581730e+01 1.906021e-02
8.511380e-06 2.581125e+01 5.033021e-01 2.581615e+01 1.949933e-02
8.709636e-06 2.580982e+01 5.148634e-01 2.581496e+01 1.994835e-02
8.912509e-06 2.580833e+01 5.266827e-01 2.581370e+01 2.040747e-02
9.120108e-06 2.580677e+01 5.387653e-01 2.581239e+01 2.087690e-02
9.332543e-06 2.580514e+01 5.511165e-01 2.581103e+01 2.135685e-02
9.549926e-06 2.580344e+01 5.637417e-01 2.580960e+01 2.184754e-02
9.772372e-06 2.580166e+01 5.766464e-01 2.580810e+01 2.234920e-02
1.000000e-05 2.579980e+01 5.898360e-01 2.580654e+01 2.286204e-02
1.023293e-05 2.579785e+01 6.033162e-01 2.580491e+01 2.338630e-02
1.047129e-05 2.579582e+01 6.170926e-01 2.580320e+01 2.392220e-02
1.071519e-05 2.579370e+01 6.311710e-01 2.580142e+01 2.446997e-02
1.096478e-05 2.579148e+01 6.455570e-01 2.579955e+01 2.502986e-02
1.122018e-05 2.578916e+01 6.602566e-01 2.579761e+01 2.560210e-02
1.148154e-05 2.578674e+01 6.752756e-01 2.579558e+01 2.618694e-02
1.174898e-05 2.578421e+01 6.906200e-01 2.579345e+01 2.678461e-02
1.202264e-05 2.578156e+01 7.062956e-01 2.579124e+01 2.739538e-02
1.230269e-05 2.577881e+01 7.223086e-01 2.578892e+01 2.801948e-02
1.258925e-05 2.577592e+01 7.386650e-01 2.578651e+01 2.865717e-02
1.288250e-05 2.577292e+01 7.553709e-01 2.578398e+01 2.930871e-02
1.318257e-05 2.576978e+01 7.724323e-01 2.578135e+01 2.997435e-02
1.348963e-05 2.576650e+01 7.898555e-01 2.577860e+01 3.065436e-02
1.380384e-05 2.576308e+01 8.076465e-01 2.577573e+01 3.134899e-02
1.412538e-05 2.575951e+01 8.258116e-01 2.577274e+01 3.205851e-02
1.445440e-05 2.575578e+01 8.443568e-01 2.576962e+01 3.278319e-02
1.479108e-05 2.575190e+01 8.632885e-01 2.576637e+01 3.352329e-02
1.513561e-05 2.574785e+01 8.826127e-01 2.576297e+01 3.427909e-02
1.548817e-05 2.574362e+01 9.023356e-01 2.575943e+01 3.505084e-02
1.584893e-05 2.573922e+01 9.224633e-01 2.575574e+01 3.583883e-02
1.621810e-05 2.573463e+01 9.430020e-01 2.575190e+01 3.664331e-02
1.659587e-05 2.572984e+01 9.639576e-01 2.574789e+01 3.746458e-02
1.698244e-05 2.572485e+01 9.853363e-01 2.574371e+01 3.830290e-02
1.737801e-05 2.571965e+01 1.007144e+00 2.573937e+01 3.915853e-02
1.778279e-05 2.571424e+01 1.029387e+00 2.573484e+01 4.003177e-02
1.819701e-05 2.570860e+01 1.052070e+00 2.573012e+01 4.092287e-02
1.862087e-05 2.570273e+01 1.075200e+00 2.572521e+01 4.183212e-02
1.905461e-05 2.569662e+01 1.098782e+00 2.572011e+01 4.275979e-02
1.949845e-05 2.569027e+01 1.122822e+00 2.571479e+01 4.370614e-02
1.995262e-05 2.568365e+01 1.147326e+00 2.570926e+01 4.467145e-02
2.041738e-05 2.567677e+01 1.172298e+00 2.570351e+01 4.565600e-02
2.089296e-05 2.566961e+01 1.197745e+00 2.569754e+01 4.666004e-02
2.137962e-05 2.566217e+01 1.223671e+00 2.569133e+01 4.768385e-02
2.187762e-05 2.565444e+01 1.250082e+00 2.568487e+01 4.872770e-02
2.238721e-05 2.564640e+01 1.276982e+00 2.567817e+01 4.979186e-02
2.290868e-05 2.563805e+01 1.304376e+00 2.567121e+01 5.087658e-02
2.344229e-05 2.562938e+01 1.332270e+00 2.566399e+01 5.198213e-02
2.398833e-05 2.562038e+01 1.360667e+00 2.565649e+01 5.310877e-02
2.454709e-05 2.561104e+01 1.389572e+00 2.564871e+01 5.425677e-02
2.511886e-05 2.560135e+01 1.418990e+00 2.564064e+01 5.542639e-02
2.570396e-05 2.559129e+01 1.448925e+00 2.563228e+01 5.661788e-02
2.630268e-05 2.558087e+01 1.479380e+00 2.562361e+01 5.783150e-02
2.691535e-05 2.557006e+01 1.510360e+00 2.561463e+01 5.906751e-02
2.754229e-05 2.555887e+01 1.541869e+00 2.560533e+01 6.032617e-02
2.818383e-05 2.554727e+01 1.573909e+00 2.559570e+01 6.160774e-02
2.884032e-05 2.553526e+01 1.606486e+00 2.558574e+01 6.291247e-02
2.951209e-05 2.552282e+01 1.639602e+00 2.557543e+01 6.424063e-02
3.019952e-05 2.550996e+01 1.673262e+00 2.556478e+01 6.559248e-02
3.090295e-05 2.549665e+01 1.707467e+00 2.555376e+01 6.696828e-02
3.162278e-05 2.548289e+01 1.742222e+00 2.554238e+01 6.836831e-02
3.235937e-05 2.546866e+01 1.777530e+00 2.553062e+01 6.979283e-02
3.311311e-05 2.545396e+01 1.813394e+00 2.551848e+01 7.124211e-02
3.388442e-05 2.543878e+01 1.849818e+00 2.550594e+01 7.271645e-02
3.467369e-05 2.542310e+01 1.886804e+00 2.549302e+01 7.421614e-02
3.548134e-05 2.540691e+01 1.924357e+00 2.547968e+01 7.574146e-02
3.630781e-05 2.539021e+01 1.962478e+00 2.546594e+01 7.729273e-02
3.715352e-05 2.537298e+01 2.001173e+00 2.545177e+01 7.887026e-02
3.801894e-05 2.535521e+01 2.040445e+00 2.543718e+01 8.047437e-02
3.890451e-05 2.533690e+01 2.080297e+00 2.542216e+01 8.210542e-02
3.981072e-05 2.531802e+01 2.120733e+00 2.540669e+01 8.376375e-02
4.073803e-05 2.529858e+01 2.161757e+00 2.539077e+01 8.544972e-02
4.168694e-05 2.527856e+01 2.203373e+00 2.537440e+01 8.716373e-02
4.265795e-05 2.525794e+01 2.245587e+00 2.535756e+01 8.890617e-02
4.365158e-05 2.523672e+01 2.288401e+00 2.534026e+01 9.067746e-02
4.466836e-05 2.521488e+01 2.331822e+00 2.532247e+01 9.247803e-02
4.570882e-05 2.519241e+01 2.375855e+00 2.530420e+01 9.430835e-02
4.677351e-05 2.516931e+01 2.420504e+00 2.528543e+01 9.616889e-02
4.786301e-05 2.514555e+01 2.465776e+00 2.526616e+01 9.806016e-02
4.897788e-05 2.512112e+01 2.511677e+00 2.524637e+01 9.998266e-02
5.011872e-05 2.509602e+01 2.558212e+00 2.522607e+01 1.019370e-01
5.128614e-05 2.507021e+01 2.605387e+00 2.520523e+01 1.039236e-01
5.248075e-05 2.504370e+01 2.653210e+00 2.518385e+01 1.059432e-01
5.370318e-05 2.501646e+01 2.701687e+00 2.516193e+01 1.079964e-01
5.495409e-05 2.498848e+01 2.750825e+00 2.513944e+01 1.100837e-01
5.623413e-05 2.495974e+01 2.800631e+00 2.511637e+01 1.122059e-01
5.754399e-05 2.493022e+01 2.851112e+00 2.509272e+01 1.143637e-01
5.888437e-05 2.489990e+01 2.902275e+00 2.506847e+01 1.165577e-01
6.025596e-05 2.486876e+01 2.954127e+00 2.504360e+01 1.187887e-01
6.165950e-05 2.483678e+01 3.006674e+00 2.501811e+01 1.210573e-01
6.309573e-05 2.480394e+01 3.059924e+00 2.499197e+01 1.233644e-01
6.456542e-05 2.477021e+01 3.113883e+00 2.496517e+01 1.257108e-01
6.606934e-05 2.473557e+01 3.168557e+00 2.493768e+01 1.280972e-01
6.760830e-05 2.469999e+01 3.223951e+00 2.490950e+01 1.305244e-01
6.918310e-05 2.466344e+01 3.280070e+00 2.488060e+01 1.329932e-01
7.079458e-05 2.462590e+01 3.336919e+00 2.485095e+01 1.355044e-01
7.244360e-05 2.458733e+01 3.394500e+00 2.482054e+01 1.380589e-01
7.413102e-05 2.454770e+01 3.452816e+00 2.478935e+01 1.406574e-01
7.585776e-05 2.450698e+01 3.511869e+00 2.475733e+01 1.433007e-01
7.762471e-05 2.446514e+01 3.571659e+00 2.472448e+01 1.459897e-01
7.943282e-05 2.442213e+01 3.632184e+00 2.469075e+01 1.487251e-01
8.128305e-05 2.437793e+01 3.693441e+00 2.465613e+01 1.515076e-01
8.317638e-05 2.433248e+01 3.755427e+00 2.462058e+01 1.543381e-01
8.511380e-05 2.428575e+01 3.818136e+00 2.458406e+01 1.572171e-01
8.709636e-05 2.423771e+01 3.881558e+00 2.454655e+01 1.601454e-01
8.912509e-05 2.418830e+01 3.945684e+00 2.450801e+01 1.631236e-01
9.120108e-05 2.413749e+01 4.010501e+00 2.446840e+01 1.661524e-01
9.332543e-05 2.408522e+01 4.075995e+00 2.442768e+01 1.692322e-01
9.549926e-05 2.403146e+01 4.142149e+00 2.438583e+01 1.723636e-01
9.772372e-05 2.397616e+01 4.208941e+00 2.434279e+01 1.755469e-01
1.000000e-04 2.391927e+01 4.276350e+00 2.429853e+01 1.787826e-01
1.023293e-04 2.386074e+01 4.344349e+00 2.425301e+01 1.820710e-01
1.047129e-04 2.380053e+01 4.412910e+00 2.420618e+01 1.854122e-01
1.071519e-04 2.373859e+01 4.482000e+00 2.415800e+01 1.888065e-01
1.096478e-04 2.367488e+01 4.551585e+00 2.410844e+01 1.922538e-01
1.122018e-04 2.360933e+01 4.621625e+00 2.405743e+01 1.957541e-01
1.148154e-04 2.354192e+01 4.692078e+00 2.400495e+01 1.993074e-01
1.174898e-04 2.347259e+01 4.762898e+00 2.395094e+01 2.029132e-01
1.202264e-04 2.340130e+01 4.834037e+00 2.389537e+01 2.065713e-01
1.230269e-04 2.332800e+01 4.905439e+00 2.383818e+01 2.102811e-01
1.258925e-04 2.325266e+01 4.977049e+00 2.377934e+01 2.140422e-01
1.288250e-04 2.317523e+01 5.048807e+00 2.371880e+01 2.178536e-01
1.318257e-04 2.309567e+01 5.120647e+00 2.365653e+01 2.217146e-01
1.348963e-04 2.301396e+01 5.192502e+00 2.359247e+01 2.256240e-01
1.380384e-04 2.293005e+01 5.264301e+00 2.352658e+01 2.295809e-01
1.412538e-04 2.284392e+01 5.335968e+00 2.345884e+01 2.335837e-01
1.445440e-04 2.275554e+01 5.407424e+00 2.338920e+01 2.376311e-01
1.479108e-04 2.266489e+01 5.478588e+00 2.331764e+01 2.417214e-01
1.513561e-04 2.257195e+01 5.549375e+00 2.324410e+01 2.458527e-01
1.548817e-04 2.247670e+01 5.619697e+00 2.316858e+01 2.500232e-01
1.584893e-04 2.237913e+01 5.689462e+00 2.309103e+01 2.542307e-01
1.621810e-04 2.227925e+01 5.758579e+00 2.301144e+01 2.584727e-01
1.659587e-04 2.217704e+01 5.826950e+00 2.292978e+01 2.627469e-01
1.698244e-04 2.207252e+01 5.894480e+00 2.284603e+01 2.670506e-01
1.737801e-04 2.196570e+01 5.961068e+00 2.276019e+01 2.713808e-01
1.778279e-04 2.185658e+01 6.026615e+00 2.267224e+01 2.757345e-01
1.819701e-04 2.174521e+01 6.091019e+00 2.258217e+01 2.801086e-01
1.862087e-04 2.163159e+01 6.154178e+00 2.248999e+01 2.844996e-01
1.905461e-04 2.151578e+01 6.215992e+00 2.239570e+01 2.889039e-01
1.949845e-04 2.139780e+01 6.276358e+00 2.229930e+01 2.933179e-01
1.995262e-04 2.127772e+01 6.335177e+00 2.220081e+01 2.977376e-01
2.041738e-04 2.115558e+01 6.392349e+00 2.210025e+01 3.021589e-01
2.089296e-04 2.103146e+01 6.447778e+00 2.199764e+01 3.065778e-01
2.137962e-04 2.090540e+01 6.501368e+00 2.189301e+01 3.109898e-01
2.187762e-04 2.077750e+01 6.553029e+00 2.178639e+01 3.153906e-01
2.238721e-04 2.064783e+01 6.602671e+00 2.167783e+01 3.197755e-01
2.290868e-04 2.051649e+01 6.650211e+00 2.156737e+01 3.241399e-01
2.344229e-04 2.038355e+01 6.695568e+00 2.145507e+01 3.284790e-01
2.398833e-04 2.024913e+01 6.738669e+00 2.134097e+01 3.327880e-01
2.454709e-04 2.011333e+01 6.779442e+00 2.122515e+01 3.370621e-01
2.511886e-04 1.997626e+01 6.817825e+00 2.110767e+01 3.412964e-01
2.570396e-04 1.983803e+01 6.853760e+00 2.098860e+01 3.454860e-01
2.630268e-04 1.969876e+01 6.887197e+00 2.086803e+01 3.496260e-01
2.691535e-04 1.955857e+01 6.918092e+00 2.074603e+01 3.537115e-01
2.754229e-04 1.941759e+01 6.946409e+00 2.062270e+01 3.577379e-01
2.818383e-04 1.927595e+01 6.972119e+00 2.049812e+01 3.617003e-01
2.884032e-04 1.913378e+01 6.995202e+00 2.037239e+01 3.655943e-01
2.951209e-04 1.899121e+01 7.015644e+00 2.024562e+01 3.694154e-01
3.019952e-04 1.884837e+01 7.033441e+00 2.011791e+01 3.731592e-01
3.090295e-04 1.870539e+01 7.048597e+00 1.998935e+01 3.768218e-01
3.162278e-04 1.856241e+01 7.061124e+00 1.986007e+01 3.803992e-01
3.235937e-04 1.841955e+01 7.071041e+00 1.973017e+01 3.838877e-01
3.311311e-04 1.827696e+01 7.078376e+00 1.959976e+01 3.872842e-01
3.388442e-04 1.813475e+01 7.083167e+00 1.946896e+01 3.905853e-01
3.467369e-04 1.799305e+01 7.085455e+00 1.933788e+01 3.937884e-01
3.548134e-04 1.785198e+01 7.085293e+00 1.920663e+01 3.968911e-01
3.630781e-04 1.771166e+01 7.082738e+00 1.907533e+01 3.998912e-01
3.715352e-04 1.757221e+01 7.077857e+00 1.894409e+01 4.027870e-01
3.801894e-04 1.743373e+01 7.070720e+00 1.881302e+01 4.055771e-01
3.890451e-04 1.729631e+01 7.061405e+00 1.868224e+01 4.082607e-01
3.981072e-04 1.716008e+01 7.049996e+00 1.855184e+01 4.108371e-01
4.073803e-04 1.702510e+01 7.036580e+00 1.842193e+01 4.133063e-01
4.168694e-04 1.689147e+01 7.021251e+00 1.829261e+01 4.156685e-01
4.265795e-04 1.675926e+01 7.004105e+00 1.816398e+01 4.179245e-01
4.365158e-04 1.662855e+01 6.985244e+00 1.803614e+01 4.200753e-01
4.466836e-04 1.649940e+01 6.964771e+00 1.790917e+01 4.221226e-01
4.570882e-04 1.637187e+01 6.942791e+00 1.778315e+01 4.240683e-01
4.677351e-04 1.624601e+01 6.919414e+00 1.765817e+01 4.259147e-01
4.786301e-04 1.612186e+01 6.894747e+00 1.753430e+01 4.276646e-01
4.897788e-04 1.599945e+01 6.868903e+00 1.741161e+01 4.293211e-01
5.011872e-04 1.587882e+01 6.841991e+00 1.729016e+01 4.308878e-01
5.128614e-04 1.575999e+01 6.814121e+00 1.717002e+01 4.323685e-01
5.248075e-04 1.564296e+01 6.785405e+00 1.705122e+01 4.337673e-01
5.370318e-04 1.552776e+01 6.755951e+00 1.693382e+01 4.350886e-01
5.495409e-04 1.541437e+01 6.725866e+00 1.681785e+01 4.363373e-01
5.623413e-04 1.530280e+01 6.695257e+00 1.670336e+01 4.375183e-01
5.754399e-04 1.519304e+01 6.664225e+00 1.659037e+01 4.386368e-01
5.888437e-04 1.508506e+01 6.632874e+00 1.647889e+01 4.396983e-01
6.025596e-04 1.497884e+01 6.601299e+00 1.636896e+01 4.407083e-01
6.165950e-04 1.487436e+01 6.569595e+00 1.626057e+01 4.416725e-01
6.309573e-04 1.477158e+01 6.537855e+00 1.615374e+01 4.425968e-01
6.456542e-04 1.467047e+01 6.506164e+00 1.604845e+01 4.434871e-01
6.606934e-04 1.457098e+01 6.474607e+00 1.594472e+01 4.443494e-01
6.760830e-04 1.447307e+01 6.443262e+00 1.584252e+01 4.451897e-01
6.918310e-04 1.437669e+01 6.412206e+00 1.574184e+01 4.460140e-01
7.079458e-04 1.428179e+01 6.381507e+00 1.564267e+01 4.468283e-01
7.244360e-04 1.418830e+01 6.351232e+00 1.554497e+01 4.476386e-01
7.413102e-04 1.409618e+01 6.321444e+00 1.544872e+01 4.484508e-01
7.585776e-04 1.400536e+01 6.292197e+00 1.535389e+01 4.492706e-01
7.762471e-04 1.391578e+01 6.263546e+00 1.526044e+01 4.501038e-01
7.943282e-04 1.382737e+01 6.235535e+00 1.516833e+01 4.509558e-01
8.128305e-04 1.374008e+01 6.208210e+00 1.507752e+01 4.518322e-01
8.317638e-04 1.365383e+01 6.181607e+00 1.498797e+01 4.527381e-01
8.511380e-04 1.356855e+01 6.155759e+00 1.489963e+01 4.536785e-01
8.709636e-04 1.348418e+01 6.130695e+00 1.481244e+01 4.546584e-01
8.912509e-04 1.340065e+01 6.106440e+00 1.472637e+01 4.556825e-01
9.120108e-04 1.331789e+01 6.083013e+00 1.464135e+01 4.567550e-01
9.332543e-04 1.323584e+01 6.060429e+00 1.455734e+01 4.578804e-01
9.549926e-04 1.315442e+01 6.038700e+00 1.447428e+01 4.590624e-01
9.772372e-04 1.307357e+01 6.017832e+00 1.439210e+01 4.603050e-01
1.000000e-03 1.299323e+01 5.997828e+00 1.431077e+01 4.616116e-01
1.023293e-03 1.291334e+01 5.978687e+00 1.423021e+01 4.629855e-01
1.047129e-03 1.283382e+01 5.960404e+00 1.415038e+01 4.644296e-01
1.071519e-03 1.275461e+01 5.942972e+00 1.407121e+01 4.659468e-01
1.096478e-03 1.267567e+01 5.926378e+00 1.399266e+01 4.675397e-01
1.122018e-03 1.259693e+01 5.910608e+00 1.391466e+01 4.692103e-01
1.148154e-03 1.251833e+01 5.895644e+00 1.383717e+01 4.709609e-01
1.174898e-03 1.243983e+01 5.881465e+00 1.376012e+01 4.727932e-01
1.202264e-03 1.236136e+01 5.868047e+00 1.368347e+01 4.747087e-01
1.230269e-03 1.228289e+01 5.855364e+00 1.360716e+01 4.767089e-01
1.258925e-03 1.220437e+01 5.843387e+00 1.353114e+01 4.787947e-01
1.288250e-03 1.212575e+01 5.832088e+00 1.345537e+01 4.809672e-01
1.318257e-03 1.204699e+01 5.821431e+00 1.337980e+01 4.832269e-01
1.348963e-03 1.196806e+01 5.811384e+00 1.330438e+01 4.855745e-01
1.380384e-03 1.188892e+01 5.801911e+00 1.322908e+01 4.880101e-01
1.412538e-03 1.180953e+01 5.792974e+00 1.315384e+01 4.905338e-01
1.445440e-03 1.172987e+01 5.784535e+00 1.307864e+01 4.931456e-01
1.479108e-03 1.164991e+01 5.776554e+00 1.300342e+01 4.958453e-01
1.513561e-03 1.156963e+01 5.768991e+00 1.292817e+01 4.986323e-01
1.548817e-03 1.148900e+01 5.761806e+00 1.285284e+01 5.015062e-01
1.584893e-03 1.140801e+01 5.754956e+00 1.277741e+01 5.044663e-01
1.621810e-03 1.132664e+01 5.748399e+00 1.270184e+01 5.075116e-01
1.659587e-03 1.124487e+01 5.742095e+00 1.262611e+01 5.106413e-01
1.698244e-03 1.116270e+01 5.736000e+00 1.255020e+01 5.138542e-01
1.737801e-03 1.108012e+01 5.730073e+00 1.247408e+01 5.171491e-01
1.778279e-03 1.099712e+01 5.724272e+00 1.239774e+01 5.205247e-01
1.819701e-03 1.091370e+01 5.718556e+00 1.232115e+01 5.239796e-01
1.862087e-03 1.082986e+01 5.712884e+00 1.224430e+01 5.275123e-01
1.905461e-03 1.074560e+01 5.707216e+00 1.216718e+01 5.311213e-01
1.949845e-03 1.066092e+01 5.701512e+00 1.208977e+01 5.348048e-01
1.995262e-03 1.057584e+01 5.695735e+00 1.201207e+01 5.385612e-01
2.041738e-03 1.049035e+01 5.689845e+00 1.193406e+01 5.423886e-01
2.089296e-03 1.040447e+01 5.683807e+00 1.185574e+01 5.462852e-01
2.137962e-03 1.031821e+01 5.677584e+00 1.177711e+01 5.502491e-01
2.187762e-03 1.023158e+01 5.671143e+00 1.169817e+01 5.542783e-01
2.238721e-03 1.014460e+01 5.664449e+00 1.161890e+01 5.583709e-01
2.290868e-03 1.005728e+01 5.657471e+00 1.153932e+01 5.625247e-01
2.344229e-03 9.969653e+00 5.650178e+00 1.145943e+01 5.667377e-01
2.398833e-03 9.881723e+00 5.642540e+00 1.137922e+01 5.710077e-01
2.454709e-03 9.793516e+00 5.634530e+00 1.129871e+01 5.753327e-01
2.511886e-03 9.705055e+00 5.626120e+00 1.121790e+01 5.797103e-01
2.570396e-03 9.616362e+00 5.617287e+00 1.113680e+01 5.841384e-01
2.630268e-03 9.527462e+00 5.608005e+00 1.105542e+01 5.886148e-01
2.691535e-03 9.438379e+00 5.598253e+00 1.097376e+01 5.931371e-01
2.754229e-03 9.349141e+00 5.588011e+00 1.089185e+01 5.977031e-01
2.818383e-03 9.259772e+00 5.577259e+00 1.080968e+01 6.023106e-01
2.884032e-03 9.170302e+00 5.565979e+00 1.072728e+01 6.069571e-01
2.951209e-03 9.080757e+00 5.554157e+00 1.064466e+01 6.116403e-01
3.019952e-03 8.991167e+00 5.541778e+00 1.056184e+01 6.163580e-01
3.090295e-03 8.901561e+00 5.528830e+00 1.047882e+01 6.211079e-01
3.162278e-03 8.811967e+00 5.515300e+00 1.039564e+01 6.258875e-01
3.235937e-03 8.722416e+00 5.501181e+00 1.031230e+01 6.306947e-01
3.311311e-03 8.632936e+00 5.486465e+00 1.022883e+01 6.355271e-01
3.388442e-03 8.543559e+00 5.471145e+00 1.014524e+01 6.403824e-01
3.467369e-03 8.454313e+00 5.455217e+00 1.006155e+01 6.452585e-01
3.548134e-03 8.365228e+00 5.438678e+00 9.977789e+00 6.501530e-01
3.630781e-03 8.276334e+00 5.421528e+00 9.893971e+00 6.550639e-01
3.715352e-03 8.187660e+00 5.403766e+00 9.810120e+00 6.599890e-01
3.801894e-03 8.099234e+00 5.385393e+00 9.726256e+00 6.649263e-01
3.890451e-03 8.011085e+00 5.366415e+00 9.642401e+00 6.698737e-01
3.981072e-03 7.923240e+00 5.346834e+00 9.558576e+00 6.748293e-01
4.073803e-03 7.835728e+00 5.326659e+00 9.474804e+00 6.797912e-01
4.168694e-03 7.748573e+00 5.305894e+00 9.391107e+00 6.847576e-01
4.265795e-03 7.661802e+00 5.284551e+00 9.307507e+00 6.897270e-01
4.365158e-03 7.575439e+00 5.262638e+00 9.224025e+00 6.946975e-01
4.466836e-03 7.489508e+00 5.240167e+00 9.140683e+00 6.996678e-01
4.570882e-03 7.404032e+00 5.217150e+00 9.057502e+00 7.046364e-01
4.677351e-03 7.319032e+00 5.193600e+00 8.974504e+00 7.096021e-01
4.786301e-03 7.234530e+00 5.169532e+00 8.891708e+00 7.145636e-01
4.897788e-03 7.150544e+00 5.144959e+00 8.809136e+00 7.195199e-01
5.011872e-03 7.067094e+00 5.119897e+00 8.726807e+00 7.244700e-01
5.128614e-03 6.984196e+00 5.094364e+00 8.644740e+00 7.294131e-01
5.248075e-03 6.901865e+00 5.068375e+00 8.562953e+00 7.343485e-01
5.370318e-03 6.820118e+00 5.041948e+00 8.481465e+00 7.392757e-01
5.495409e-03 6.738967e+00 5.015099e+00 8.400292e+00 7.441941e-01
5.623413e-03 6.658424e+00 4.987848e+00 8.319450e+00 7.491034e-01
5.754399e-03 6.578501e+00 4.960212e+00 8.238955e+00 7.540034e-01
5.888437e-03 6.499208e+00 4.932209e+00 8.158822e+00 7.588939e-01
6.025596e-03 6.420552e+00 4.903857e+00 8.079065e+00 7.637749e-01
6.165950e-03 6.342542e+00 4.875173e+00 7.999697e+00 7.686466e-01
6.309573e-03 6.265184e+00 4.846176e+00 7.920730e+00 7.735090e-01
6.456542e-03 6.188483e+00 4.816884e+00 7.842174e+00 7.783626e-01
6.606934e-03 6.112445e+00 4.787313e+00 7.764042e+00 7.832076e-01
6.760830e-03 6.037071e+00 4.757481e+00 7.686342e+00 7.880445e-01
6.918310e-03 5.962366e+00 4.727403e+00 7.609083e+00 7.928737e-01
7.079458e-03 5.888330e+00 4.697097e+00 7.532274e+00 7.976960e-01
7.244360e-03 5.814964e+00 4.666577e+00 7.455921e+00 8.025118e-01
7.413102e-03 5.742270e+00 4.635859e+00 7.380031e+00 8.073218e-01
7.585776e-03 5.670245e+00 4.604958e+00 7.304609e+00 8.121268e-01
7.762471e-03 5.598890e+00 4.573887e+00 7.229662e+00 8.169274e-01
7.943282e-03 5.528203e+00 4.542660e+00 7.155193e+00 8.217245e-01
8.128305e-03 5.458181e+00 4.511289e+00 7.081205e+00 8.265188e-01
8.317638e-03 5.388823e+00 4.479788e+00 7.007703e+00 8.313110e-01
8.511380e-03 5.320125e+00 4.448167e+00 6.934689e+00 8.361019e-01
8.709636e-03 5.252084e+00 4.416438e+00 6.862165e+00 8.408924e-01
8.912509e-03 5.184698e+00 4.384611e+00 6.790133e+00 8.456830e-01
9.120108e-03 5.117962e+00 4.352697e+00 6.718594e+00 8.504747e-01
9.332543e-03 5.051872e+00 4.320705e+00 6.647549e+00 8.552680e-01
9.549926e-03 4.986425e+00 4.288643e+00 6.576998e+00 8.600637e-01
9.772372e-03 4.921617e+00 4.256522e+00 6.506942e+00 8.648623e-01
1.000000e-02 4.857444e+00 4.224347e+00 6.437381e+00 8.696646e-01
1.023293e-02 4.793901e+00 4.192128e+00 6.368314e+00 8.744711e-01
1.047129e-02 4.730984e+00 4.159871e+00 6.299741e+00 8.792823e-01
1.071519e-02 4.668690e+00 4.127583e+00 6.231661e+00 8.840987e-01
1.096478e-02 4.607013e+00 4.095270e+00 6.164074e+00 8.889207e-01
1.122018e-02 4.545951e+00 4.062938e+00 6.096978e+00 8.937488e-01
1.148154e-02 4.485498e+00 4.030594e+00 6.030372e+00 8.985833e-01
1.174898e-02 4.425652e+00 3.998242e+00 5.964255e+00 9.034246e-01
1.202264e-02 4.366407e+00 3.965888e+00 5.898625e+00 9.082727e-01
1.230269e-02 4.307760e+00 3.933536e+00 5.833481e+00 9.131281e-01
1.258925e-02 4.249707e+00 3.901192e+00 5.768822e+00 9.179907e-01
1.288250e-02 4.192245e+00 3.868858e+00 5.704645e+00 9.228608e-01
1.318257e-02 4.135369e+00 3.836540e+00 5.640950e+00 9.277382e-01
1.348963e-02 4.079077e+00 3.804241e+00 5.577734e+00 9.326232e-01
1.380384e-02 4.023364e+00 3.771965e+00 5.514996e+00 9.375154e-01
1.412538e-02 3.968227e+00 3.739716e+00 5.452733e+00 9.424149e-01
1.445440e-02 3.913663e+00 3.707497e+00 5.390945e+00 9.473213e-01
1.479108e-02 3.859669e+00 3.675310e+00 5.329629e+00 9.522345e-01
1.513561e-02 3.806241e+00 3.643159e+00 5.268784e+00 9.571540e-01
1.548817e-02 3.753377e+00 3.611047e+00 5.208407e+00 9.620795e-01
1.584893e-02 3.701074e+00 3.578976e+00 5.148497e+00 9.670103e-01
1.621810e-02 3.649328e+00 3.546950e+00 5.089051e+00 9.719461e-01
1.659587e-02 3.598137e+00 3.514969e+00 5.030069e+00 9.768860e-01
1.698244e-02 3.547498e+00 3.483037e+00 4.971548e+00 9.818292e-01
1.737801e-02 3.497409e+00 3.451156e+00 4.913487e+00 9.867750e-01
1.778279e-02 3.447868e+00 3.419328e+00 4.855883e+00 9.917222e-01
1.819701e-02 3.398873e+00 3.387554e+00 4.798735e+00 9.966699e-01
1.862087e-02 3.350421e+00 3.355837e+00 4.742042e+00 1.001617e+00
1.905461e-02 3.302510e+00 3.324179e+00 4.685802e+00 1.006561e+00
1.949845e-02 3.255139e+00 3.292582e+00 4.630014e+00 1.011503e+00
1.995262e-02 3.208307e+00 3.261047e+00 4.574676e+00 1.016439e+00
2.041738e-02 3.162011e+00 3.229576e+00 4.519787e+00 1.021368e+00
2.089296e-02 3.116251e+00 3.198171e+00 4.465346e+00 1.026288e+00
2.137962e-02 3.071025e+00 3.166834e+00 4.411353e+00 1.031198e+00
2.187762e-02 3.026333e+00 3.135567e+00 4.357806e+00 1.036094e+00
2.238721e-02 2.982173e+00 3.104371e+00 4.304704e+00 1.040976e+00
2.290868e-02 2.938546e+00 3.073250e+00 4.252049e+00 1.045840e+00
2.344229e-02 2.895450e+00 3.042205e+00 4.199838e+00 1.050685e+00
2.398833e-02 2.852884e+00 3.011239e+00 4.148073e+00 1.055507e+00
2.454709e-02 2.810849e+00 2.980353e+00 4.096752e+00 1.060303e+00
2.511886e-02 2.769345e+00 2.949552e+00 4.045878e+00 1.065072e+00
2.570396e-02 2.728370e+00 2.918837e+00 3.995449e+00 1.069810e+00
2.630268e-02 2.687925e+00 2.888212e+00 3.945467e+00 1.074513e+00
2.691535e-02 2.648010e+00 2.857679e+00 3.895932e+00 1.079180e+00
2.754229e-02 2.608624e+00 2.827243e+00 3.846846e+00 1.083806e+00
2.818383e-02 2.569767e+00 2.796907e+00 3.798209e+00 1.088389e+00
2.884032e-02 2.531439e+00 2.766675e+00 3.750023e+00 1.092926e+00
2.951209e-02 2.493639e+00 2.736550e+00 3.702289e+00 1.097412e+00
3.019952e-02 2.456368e+00 2.706538e+00 3.655009e+00 1.101846e+00
3.090295e-02 2.419624e+00 2.676643e+00 3.608184e+00 1.106223e+00
3.162278e-02 2.383406e+00 2.646868e+00 3.561817e+00 1.110540e+00
3.235937e-02 2.347714e+00 2.617220e+00 3.515907e+00 1.114795e+00
3.311311e-02 2.312547e+00 2.587704e+00 3.470459e+00 1.118984e+00
3.388442e-02 2.277903e+00 2.558323e+00 3.425472e+00 1.123105e+00
3.467369e-02 2.243780e+00 2.529084e+00 3.380949e+00 1.127153e+00
3.548134e-02 2.210178e+00 2.499993e+00 3.336892e+00 1.131127e+00
3.630781e-02 2.177093e+00 2.471054e+00 3.293303e+00 1.135025e+00
3.715352e-02 2.144524e+00 2.442274e+00 3.250182e+00 1.138842e+00
3.801894e-02 2.112467e+00 2.413657e+00 3.207532e+00 1.142577e+00
3.890451e-02 2.080920e+00 2.385211e+00 3.165353e+00 1.146229e+00
3.981072e-02 2.049880e+00 2.356940e+00 3.123648e+00 1.149794e+00
4.073803e-02 2.019343e+00 2.328850e+00 3.082416e+00 1.153271e+00
4.168694e-02 1.989305e+00 2.300948e+00 3.041660e+00 1.156659e+00
4.265795e-02 1.959762e+00 2.273238e+00 3.001379e+00 1.159956e+00
4.365158e-02 1.930710e+00 2.245726e+00 2.961575e+00 1.163161e+00
4.466836e-02 1.902144e+00 2.218418e+00 2.922247e+00 1.166272e+00
4.570882e-02 1.874058e+00 2.191319e+00 2.883396e+00 1.169291e+00
4.677351e-02 1.846448e+00 2.164434e+00 2.845021e+00 1.172215e+00
4.786301e-02 1.819309e+00 2.137768e+00 2.807123e+00 1.175044e+00
4.897788e-02 1.792633e+00 2.111327e+00 2.769700e+00 1.177780e+00
5.011872e-02 1.766416e+00 2.085114e+00 2.732751e+00 1.180421e+00
5.128614e-02 1.740651e+00 2.059135e+00 2.696276e+00 1.182968e+00
5.248075e-02 1.715332e+00 2.033394e+00 2.660273e+00 1.185423e+00
5.370318e-02 1.690451e+00 2.007894e+00 2.624741e+00 1.187786e+00
5.495409e-02 1.666003e+00 1.982639e+00 2.589677e+00 1.190058e+00
5.623413e-02 1.641980e+00 1.957634e+00 2.555079e+00 1.192240e+00
5.754399e-02 1.618374e+00 1.932881e+00 2.520945e+00 1.194335e+00
5.888437e-02 1.595180e+00 1.908383e+00 2.487272e+00 1.196343e+00
6.025596e-02 1.572389e+00 1.884143e+00 2.454058e+00 1.198268e+00
6.165950e-02 1.549994e+00 1.860163e+00 2.421299e+00 1.200110e+00
6.309573e-02 1.527987e+00 1.836447e+00 2.388992e+00 1.201873e+00
6.456542e-02 1.506362e+00 1.812995e+00 2.357133e+00 1.203559e+00
6.606934e-02 1.485109e+00 1.789810e+00 2.325719e+00 1.205171e+00
6.760830e-02 1.464222e+00 1.766893e+00 2.294746e+00 1.206711e+00
6.918310e-02 1.443693e+00 1.744245e+00 2.264209e+00 1.208183e+00
7.079458e-02 1.423514e+00 1.721867e+00 2.234104e+00 1.209589e+00
7.244360e-02 1.403678e+00 1.699760e+00 2.204426e+00 1.210933e+00
7.413102e-02 1.384177e+00 1.677924e+00 2.175172e+00 1.212218e+00
7.585776e-02 1.365002e+00 1.656359e+00 2.146336e+00 1.213447e+00
7.762471e-02 1.346148e+00 1.635065e+00 2.117912e+00 1.214625e+00
7.943282e-02 1.327606e+00 1.614042e+00 2.089897e+00 1.215754e+00
8.128305e-02 1.309368e+00 1.593290e+00 2.062285e+00 1.216839e+00
8.317638e-02 1.291428e+00 1.572807e+00 2.035069e+00 1.217883e+00
8.511380e-02 1.273777e+00 1.552593e+00 2.008246e+00 1.218889e+00
8.709636e-02 1.256410e+00 1.532646e+00 1.981810e+00 1.219861e+00
8.912509e-02 1.239318e+00 1.512965e+00 1.955754e+00 1.220804e+00
9.120108e-02 1.222495e+00 1.493548e+00 1.930073e+00 1.221721e+00
9.332543e-02 1.205934e+00 1.474394e+00 1.904761e+00 1.222615e+00
9.549926e-02 1.189629e+00 1.455500e+00 1.879813e+00 1.223491e+00
9.772372e-02 1.173572e+00 1.436865e+00 1.855222e+00 1.224352e+00
1.000000e-01 1.157757e+00 1.418485e+00 1.830984e+00 1.225202e+00
1.023293e-01 1.142178e+00 1.400359e+00 1.807090e+00 1.226043e+00
1.047129e-01 1.126828e+00 1.382484e+00 1.783537e+00 1.226881e+00
1.071519e-01 1.111703e+00 1.364857e+00 1.760317e+00 1.227717e+00
1.096478e-01 1.096795e+00 1.347475e+00 1.737426e+00 1.228556e+00
1.122018e-01 1.082100e+00 1.330335e+00 1.714856e+00 1.229401e+00
1.148154e-01 1.067612e+00 1.313434e+00 1.692603e+00 1.230254e+00
1.174898e-01 1.053325e+00 1.296768e+00 1.670659e+00 1.231118e+00
1.202264e-01 1.039235e+00 1.280335e+00 1.649020e+00 1.231997e+00
1.230269e-01 1.025337e+00 1.264130e+00 1.627680e+00 1.232893e+00
1.258925e-01 1.011626e+00 1.248151e+00 1.606632e+00 1.233808e+00
1.288250e-01 9.980964e-01 1.232394e+00 1.585872e+00 1.234744e+00
1.318257e-01 9.847454e-01 1.216855e+00 1.565394e+00 1.235705e+00
1.348963e-01 9.715683e-01 1.201530e+00 1.545192e+00 1.236691e+00
1.380384e-01 9.585611e-01 1.186416e+00 1.525261e+00 1.237705e+00
1.412538e-01 9.457201e-01 1.171509e+00 1.505596e+00 1.238748e+00
1.445440e-01 9.330418e-01 1.156806e+00 1.486192e+00 1.239822e+00
1.479108e-01 9.205226e-01 1.142302e+00 1.467043e+00 1.240928e+00
1.513561e-01 9.081595e-01 1.127994e+00 1.448145e+00 1.242066e+00
1.548817e-01 8.959492e-01 1.113879e+00 1.429493e+00 1.243239e+00
1.584893e-01 8.838891e-01 1.099952e+00 1.411083e+00 1.244446e+00
1.621810e-01 8.719764e-01 1.086210e+00 1.392909e+00 1.245688e+00
1.659587e-01 8.602084e-01 1.072650e+00 1.374968e+00 1.246965e+00
1.698244e-01 8.485829e-01 1.059268e+00 1.357255e+00 1.248279e+00
1.737801e-01 8.370975e-01 1.046061e+00 1.339767e+00 1.249628e+00
1.778279e-01 8.257501e-01 1.033024e+00 1.322499e+00 1.251013e+00
1.819701e-01 8.145389e-01 1.020156e+00 1.305447e+00 1.252434e+00
1.862087e-01 8.034618e-01 1.007453e+00 1.288608e+00 1.253890e+00
1.905461e-01 7.925172e-01 9.949109e-01 1.271979e+00 1.255381e+00
1.949845e-01 7.817033e-01 9.825277e-01 1.255556e+00 1.256906e+00
1.995262e-01 7.710188e-01 9.703002e-01 1.239335e+00 1.258465e+00
2.041738e-01 7.604621e-01 9.582255e-01 1.223315e+00 1.260057e+00
2.089296e-01 7.500318e-01 9.463008e-01 1.207490e+00 1.261681e+00
2.137962e-01 7.397268e-01 9.345235e-01 1.191860e+00 1.263336e+00
2.187762e-01 7.295457e-01 9.228910e-01 1.176420e+00 1.265022e+00
2.238721e-01 7.194874e-01 9.114008e-01 1.161169e+00 1.266736e+00
2.290868e-01 7.095508e-01 9.000505e-01 1.146104e+00 1.268479e+00
2.344229e-01 6.997349e-01 8.888379e-01 1.131221e+00 1.270249e+00
2.398833e-01 6.900387e-01 8.777607e-01 1.116520e+00 1.272046e+00
2.454709e-01 6.804611e-01 8.668168e-01 1.101998e+00 1.273867e+00
2.511886e-01 6.710014e-01 8.560042e-01 1.087652e+00 1.275711e+00
2.570396e-01 6.616584e-01 8.453209e-01 1.073480e+00 1.277579e+00
2.630268e-01 6.524315e-01 8.347651e-01 1.059481e+00 1.279468e+00
2.691535e-01 6.433197e-01 8.243350e-01 1.045652e+00 1.281377e+00
2.754229e-01 6.343221e-01 8.140288e-01 1.031992e+00 1.283305e+00
2.818383e-01 6.254379e-01 8.038451e-01 1.018499e+00 1.285252e+00
2.884032e-01 6.166664e-01 7.937822e-01 1.005170e+00 1.287215e+00
2.951209e-01 6.080065e-01 7.838387e-01 9.920055e-01 1.289194e+00
3.019952e-01 5.994576e-01 7.740130e-01 9.790024e-01 1.291189e+00
3.090295e-01 5.910188e-01 7.643040e-01 9.661593e-01 1.293197e+00
3.162278e-01 5.826893e-01 7.547102e-01 9.534748e-01 1.295219e+00
3.235937e-01 5.744681e-01 7.452305e-01 9.409475e-01 1.297253e+00
3.311311e-01 5.663546e-01 7.358637e-01 9.285757e-01 1.299299e+00
3.388442e-01 5.583477e-01 7.266087e-01 9.163582e-01 1.301355e+00
3.467369e-01 5.504466e-01 7.174644e-01 9.042934e-01 1.303422e+00
3.548134e-01 5.426506e-01 7.084297e-01 8.923801e-01 1.305499e+00
3.630781e-01 5.349585e-01 6.995038e-01 8.806169e-01 1.307585e+00
3.715352e-01 5.273696e-01 6.906857e-01 8.690025e-01 1.309681e+00
3.801894e-01 5.198828e-01 6.819745e-01 8.575356e-01 1.311785e+00
3.890451e-01 5.124973e-01 6.733693e-01 8.462149e-01 1.313898e+00
3.981072e-01 5.052120e-01 6.648694e-01 8.350392e-01 1.316021e+00
4.073803e-01 4.980259e-01 6.564739e-01 8.240072e-01 1.318152e+00
4.168694e-01 4.909380e-01 6.481822e-01 8.131176e-01 1.320293e+00
4.265795e-01 4.839473e-01 6.399934e-01 8.023693e-01 1.322444e+00
4.365158e-01 4.770527e-01 6.319069e-01 7.917611e-01 1.324606e+00
4.466836e-01 4.702531e-01 6.239220e-01 7.812916e-01 1.326779e+00
4.570882e-01 4.635473e-01 6.160381e-01 7.709598e-01 1.328965e+00
4.677351e-01 4.569342e-01 6.082544e-01 7.607643e-01 1.331164e+00
4.786301e-01 4.504127e-01 6.005705e-01 7.507040e-01 1.333378e+00
4.897788e-01 4.439815e-01 5.929856e-01 7.407776e-01 1.335609e+00
5.011872e-01 4.376394e-01 5.854991e-01 7.309839e-01 1.337858e+00
5.128614e-01 4.313851e-01 5.781105e-01 7.213216e-01 1.340126e+00
5.248075e-01 4.252174e-01 5.708192e-01 7.117896e-01 1.342417e+00
5.370318e-01 4.191350e-01 5.636245e-01 7.023864e-01 1.344733e+00
5.495409e-01 4.131365e-01 5.565259e-01 6.931110e-01 1.347075e+00
5.623413e-01 4.072206e-01 5.495227e-01 6.839618e-01 1.349447e+00
5.754399e-01 4.013858e-01 5.426143e-01 6.749377e-01 1.351852e+00
5.888437e-01 3.956309e-01 5.358002e-01 6.660373e-01 1.354293e+00
6.025596e-01 3.899544e-01 5.290796e-01 6.572592e-01 1.356773e+00
6.165950e-01 3.843549e-01 5.224520e-01 6.486021e-01 1.359296e+00
6.309573e-01 3.788309e-01 5.159166e-01 6.400647e-01 1.361865e+00
6.456542e-01 3.733809e-01 5.094728e-01 6.316453e-01 1.364485e+00
6.606934e-01 3.680036e-01 5.031198e-01 6.233428e-01 1.367160e+00
6.760830e-01 3.626973e-01 4.968570e-01 6.151555e-01 1.369895e+00
6.918310e-01 3.574606e-01 4.906837e-01 6.070820e-01 1.372693e+00
7.079458e-01 3.522920e-01 4.845989e-01 5.991208e-01 1.375560e+00
7.244360e-01 3.471900e-01 4.786020e-01 5.912705e-01 1.378502e+00
7.413102e-01 3.421531e-01 4.726921e-01 5.835294e-01 1.381522e+00
7.585776e-01 3.371797e-01 4.668684e-01 5.758961e-01 1.384628e+00
7.762471e-01 3.322684e-01 4.611300e-01 5.683688e-01 1.387824e+00
7.943282e-01 3.274177e-01 4.554759e-01 5.609462e-01 1.391116e+00
8.128305e-01 3.226259e-01 4.499053e-01 5.536265e-01 1.394511e+00
8.317638e-01 3.178918e-01 4.444171e-01 5.464080e-01 1.398014e+00
8.511380e-01 3.132136e-01 4.390105e-01 5.392893e-01 1.401633e+00
8.709636e-01 3.085901e-01 4.336843e-01 5.322686e-01 1.405373e+00
8.912509e-01 3.040197e-01 4.284375e-01 5.253443e-01 1.409242e+00
9.120108e-01 2.995011e-01 4.232690e-01 5.185147e-01 1.413247e+00
9.332543e-01 2.950326e-01 4.181777e-01 5.117781e-01 1.417395e+00
9.549926e-01 2.906131e-01 4.131624e-01 5.051328e-01 1.421692e+00
9.772372e-01 2.862411e-01 4.082221e-01 4.985772e-01 1.426148e+00
1.000000e+00 2.819152e-01 4.033554e-01 4.921095e-01 1.430769e+00
1.023293e+00 2.776341e-01 3.985612e-01 4.857281e-01 1.435563e+00
1.047129e+00 2.733965e-01 3.938383e-01 4.794311e-01 1.440539e+00
1.071519e+00 2.692012e-01 3.891852e-01 4.732171e-01 1.445704e+00
1.096478e+00 2.650468e-01 3.846008e-01 4.670841e-01 1.451067e+00
1.122018e+00 2.609323e-01 3.800837e-01 4.610307e-01 1.456637e+00
1.148154e+00 2.568564e-01 3.756325e-01 4.550549e-01 1.462422e+00
1.174898e+00 2.528180e-01 3.712459e-01 4.491553e-01 1.468432e+00
1.202264e+00 2.488159e-01 3.669226e-01 4.433301e-01 1.474675e+00
1.230269e+00 2.448492e-01 3.626610e-01 4.375776e-01 1.481161e+00
1.258925e+00 2.409168e-01 3.584598e-01 4.318962e-01 1.487899e+00
1.288250e+00 2.370176e-01 3.543175e-01 4.262843e-01 1.494899e+00
1.318257e+00 2.331509e-01 3.502327e-01 4.207402e-01 1.502172e+00
1.348963e+00 2.293156e-01 3.462039e-01 4.152623e-01 1.509726e+00
1.380384e+00 2.255110e-01 3.422296e-01 4.098491e-01 1.517574e+00
1.412538e+00 2.217362e-01 3.383083e-01 4.044990e-01 1.525724e+00
1.445440e+00 2.179904e-01 3.344386e-01 3.992104e-01 1.534189e+00
1.479108e+00 2.142730e-01 3.306188e-01 3.939818e-01 1.542979e+00
1.513561e+00 2.105832e-01 3.268475e-01 3.888117e-01 1.552106e+00
1.548817e+00 2.069205e-01 3.231232e-01 3.836987e-01 1.561581e+00
1.584893e+00 2.032843e-01 3.194442e-01 3.786411e-01 1.571417e+00
1.621810e+00 1.996740e-01 3.158092e-01 3.736377e-01 1.581624e+00
1.659587e+00 1.960892e-01 3.122165e-01 3.686870e-01 1.592217e+00
1.698244e+00 1.925295e-01 3.086647e-01 3.637877e-01 1.603207e+00
1.737801e+00 1.889945e-01 3.051521e-01 3.589383e-01 1.614609e+00
1.778279e+00 1.854839e-01 3.016773e-01 3.541377e-01 1.626434e+00
1.819701e+00 1.819975e-01 2.982388e-01 3.493844e-01 1.638697e+00
1.862087e+00 1.785351e-01 2.948350e-01 3.446773e-01 1.651412e+00
1.905461e+00 1.750964e-01 2.914645e-01 3.400152e-01 1.664594e+00
1.949845e+00 1.716816e-01 2.881258e-01 3.353968e-01 1.678257e+00
1.995262e+00 1.682904e-01 2.848173e-01 3.308211e-01 1.692415e+00
2.041738e+00 1.649230e-01 2.815378e-01 3.262869e-01 1.707086e+00
2.089296e+00 1.615795e-01 2.782857e-01 3.217932e-01 1.722283e+00
2.137962e+00 1.582599e-01 2.750596e-01 3.173389e-01 1.738024e+00
2.187762e+00 1.549646e-01 2.718583e-01 3.129232e-01 1.754325e+00
2.238721e+00 1.516937e-01 2.686803e-01 3.085451e-01 1.771203e+00
2.290868e+00 1.484476e-01 2.655244e-01 3.042037e-01 1.788674e+00
2.344229e+00 1.452267e-01 2.623892e-01 2.998981e-01 1.806757e+00
2.398833e+00 1.420313e-01 2.592737e-01 2.956277e-01 1.825469e+00
2.454709e+00 1.388620e-01 2.561767e-01 2.913917e-01 1.844829e+00
2.511886e+00 1.357193e-01 2.530969e-01 2.871895e-01 1.864855e+00
2.570396e+00 1.326039e-01 2.500334e-01 2.830203e-01 1.885567e+00
2.630268e+00 1.295162e-01 2.469851e-01 2.788837e-01 1.906983e+00
2.691535e+00 1.264570e-01 2.439512e-01 2.747791e-01 1.929123e+00
2.754229e+00 1.234270e-01 2.409306e-01 2.707061e-01 1.952009e+00
2.818383e+00 1.204270e-01 2.379227e-01 2.666643e-01 1.975659e+00
2.884032e+00 1.174577e-01 2.349266e-01 2.626534e-01 2.000095e+00
2.951209e+00 1.145199e-01 2.319416e-01 2.586730e-01 2.025339e+00
3.019952e+00 1.116145e-01 2.289673e-01 2.547230e-01 2.051411e+00
3.090295e+00 1.087424e-01 2.260030e-01 2.508032e-01 2.078334e+00
3.162278e+00 1.059043e-01 2.230483e-01 2.469134e-01 2.106130e+00
3.235937e+00 1.031013e-01 2.201028e-01 2.430537e-01 2.134821e+00
3.311311e+00 1.003341e-01 2.171662e-01 2.392239e-01 2.164431e+00
3.388442e+00 9.760362e-02 2.142384e-01 2.354242e-01 2.194984e+00
3.467369e+00 9.491080e-02 2.113191e-01 2.316546e-01 2.226502e+00
3.548134e+00 9.225649e-02 2.084084e-01 2.279152e-01 2.259011e+00
3.630781e+00 8.964151e-02 2.055062e-01 2.242062e-01 2.292534e+00
3.715352e+00 8.706672e-02 2.026127e-01 2.205279e-01 2.327097e+00
3.801894e+00 8.453290e-02 1.997281e-01 2.168804e-01 2.362726e+00
3.890451e+00 8.204083e-02 1.968524e-01 2.132641e-01 2.399445e+00
3.981072e+00 7.959124e-02 1.939862e-01 2.096793e-01 2.437281e+00
4.073803e+00 7.718481e-02 1.911297e-01 2.061264e-01 2.476261e+00
4.168694e+00 7.482221e-02 1.882835e-01 2.026056e-01 2.516412e+00
4.265795e+00 7.250401e-02 1.854479e-01 1.991174e-01 2.557761e+00
4.365158e+00 7.023076e-02 1.826236e-01 1.956623e-01 2.600336e+00
4.466836e+00 6.800295e-02 1.798111e-01 1.922406e-01 2.644166e+00
4.570882e+00 6.582102e-02 1.770111e-01 1.888527e-01 2.689279e+00
4.677351e+00 6.368532e-02 1.742243e-01 1.854991e-01 2.735706e+00
4.786301e+00 6.159615e-02 1.714514e-01 1.821803e-01 2.783476e+00
4.897788e+00 5.955377e-02 1.686931e-01 1.788967e-01 2.832618e+00
5.011872e+00 5.755835e-02 1.659503e-01 1.756487e-01 2.883166e+00
5.128614e+00 5.560999e-02 1.632236e-01 1.724367e-01 2.935149e+00
5.248075e+00 5.370874e-02 1.605140e-01 1.692612e-01 2.988601e+00
5.370318e+00 5.185458e-02 1.578222e-01 1.661226e-01 3.043553e+00
5.495409e+00 5.004742e-02 1.551490e-01 1.630213e-01 3.100039e+00
5.623413e+00 4.828712e-02 1.524953e-01 1.599577e-01 3.158094e+00
5.754399e+00 4.657345e-02 1.498618e-01 1.569320e-01 3.217752e+00
5.888437e+00 4.490616e-02 1.472495e-01 1.539447e-01 3.279048e+00
6.025596e+00 4.328491e-02 1.446590e-01 1.509960e-01 3.342019e+00
6.165950e+00 4.170931e-02 1.420911e-01 1.480863e-01 3.406701e+00
6.309573e+00 4.017893e-02 1.395467e-01 1.452158e-01 3.473131e+00
6.456542e+00 3.869327e-02 1.370264e-01 1.423847e-01 3.541349e+00
6.606934e+00 3.725180e-02 1.345309e-01 1.395932e-01 3.611393e+00
6.760830e+00 3.585394e-02 1.320609e-01 1.368415e-01 3.683303e+00
6.918310e+00 3.449906e-02 1.296171e-01 1.341297e-01 3.757121e+00
7.079458e+00 3.318650e-02 1.272001e-01 1.314580e-01 3.832887e+00
7.244360e+00 3.191556e-02 1.248104e-01 1.288264e-01 3.910644e+00
7.413102e+00 3.068552e-02 1.224486e-01 1.262350e-01 3.990437e+00
7.585776e+00 2.949560e-02 1.201152e-01 1.236837e-01 4.072309e+00
7.762471e+00 2.834504e-02 1.178106e-01 1.211726e-01 4.156306e+00
7.943282e+00 2.723302e-02 1.155354e-01 1.187016e-01 4.242474e+00
8.128305e+00 2.615872e-02 1.132898e-01 1.162706e-01 4.330861e+00
8.317638e+00 2.512130e-02 1.110742e-01 1.138796e-01 4.421516e+00
8.511380e+00 2.411989e-02 1.088890e-01 1.115284e-01 4.514489e+00
8.709636e+00 2.315364e-02 1.067343e-01 1.092168e-01 4.609829e+00
8.912509e+00 2.222168e-02 1.046106e-01 1.069447e-01 4.707591e+00
9.120108e+00 2.132311e-02 1.025178e-01 1.047119e-01 4.807825e+00
9.332543e+00 2.045707e-02 1.004562e-01 1.025180e-01 4.910588e+00
9.549926e+00 1.962266e-02 9.842600e-02 1.003630e-01 5.015935e+00
9.772372e+00 1.881901e-02 9.642716e-02 9.824638e-02 5.123923e+00
1.000000e+01 1.804524e-02 9.445978e-02 9.616798e-02 5.234610e+00
