1.000000e-06 9.134276e+01 1.374731e+00 9.135310e+01 1.505024e-02
1.023293e-06 9.134163e+01 1.406732e+00 9.135246e+01 1.540078e-02
1.047129e-06 9.134045e+01 1.439477e+00 9.135179e+01 1.575947e-02
1.071519e-06 9.133921e+01 1.472984e+00 9.135109e+01 1.612652e-02
1.096478e-06 9.133791e+01 1.507269e+00 9.135035e+01 1.650212e-02
1.122018e-06 9.133656e+01 1.542351e+00 9.134958e+01 1.688646e-02
1.148154e-06 9.133514e+01 1.578248e+00 9.134877e+01 1.727975e-02
1.174898e-06 9.133365e+01 1.614980e+00 9.134793e+01 1.768220e-02
1.202264e-06 9.133209e+01 1.652565e+00 9.134704e+01 1.809402e-02
1.230269e-06 9.133046e+01 1.691023e+00 9.134611e+01 1.851543e-02
1.258925e-06 9.132875e+01 1.730374e+00 9.134514e+01 1.894665e-02
1.288250e-06 9.132696e+01 1.770639e+00 9.134412e+01 1.938791e-02
1.318257e-06 9.132509e+01 1.811839e+00 9.134306e+01 1.983945e-02
1.348963e-06 9.132313e+01 1.853996e+00 9.134194e+01 2.030150e-02
1.380384e-06 9.132107e+01 1.897131e+00 9.134078e+01 2.077430e-02
1.412538e-06 9.131892e+01 1.941268e+00 9.133955e+01 2.125811e-02
1.445440e-06 9.131667e+01 1.986429e+00 9.133827e+01 2.175319e-02
1.479108e-06 9.131431e+01 2.032638e+00 9.133693e+01 2.225979e-02
1.513561e-06 9.131185e+01 2.079918e+00 9.133553e+01 2.277819e-02
1.548817e-06 9.130926e+01 2.128296e+00 9.133406e+01 2.330865e-02
1.584893e-06 9.130655e+01 2.177795e+00 9.133252e+01 2.385146e-02
1.621810e-06 9.130372e+01 2.228441e+00 9.133091e+01 2.440691e-02
1.659587e-06 9.130075e+01 2.280262e+00 9.132923e+01 2.497528e-02
1.698244e-06 9.129765e+01 2.333284e+00 9.132746e+01 2.555689e-02
1.737801e-06 9.129440e+01 2.387534e+00 9.132561e+01 2.615203e-02
1.778279e-06 9.129099e+01 2.443040e+00 9.132367e+01 2.676102e-02
1.819701e-06 9.128742e+01 2.499832e+00 9.132165e+01 2.738419e-02
1.862087e-06 9.128369e+01 2.557939e+00 9.131952e+01 2.802186e-02
1.905461e-06 9.127978e+01 2.617390e+00 9.131730e+01 2.867437e-02
1.949845e-06 9.127569e+01 2.678217e+00 9.131497e+01 2.934206e-02
1.995262e-06 9.127140e+01 2.740451e+00 9.131254e+01 3.002529e-02
2.041738e-06 9.126692e+01 2.804123e+00 9.130999e+01 3.072442e-02
2.089296e-06 9.126222e+01 2.869267e+00 9.130731e+01 3.143981e-02
2.137962e-06 9.125730e+01 2.935917e+00 9.130452e+01 3.217185e-02
2.187762e-06 9.125215e+01 3.004105e+00 9.130159e+01 3.292092e-02
2.238721e-06 9.124676e+01 3.073868e+00 9.129852e+01 3.368742e-02
2.290868e-06 9.124112e+01 3.145241e+00 9.129531e+01 3.447175e-02
2.344229e-06 9.123521e+01 3.218260e+00 9.129195e+01 3.527432e-02
2.398833e-06 9.122902e+01 3.292962e+00 9.128843e+01 3.609556e-02
2.454709e-06 9.122254e+01 3.369386e+00 9.128475e+01 3.693590e-02
2.511886e-06 9.121576e+01 3.447570e+00 9.128089e+01 3.779578e-02
2.570396e-06 9.120866e+01 3.527554e+00 9.127685e+01 3.867565e-02
2.630268e-06 9.120123e+01 3.609379e+00 9.127262e+01 3.957599e-02
2.691535e-06 9.119344e+01 3.693084e+00 9.126819e+01 4.049726e-02
2.754229e-06 9.118530e+01 3.778714e+00 9.126356e+01 4.143995e-02
2.818383e-06 9.117677e+01 3.866310e+00 9.125870e+01 4.240455e-02
2.884032e-06 9.116784e+01 3.955916e+00 9.125362e+01 4.339157e-02
2.951209e-06 9.115849e+01 4.047577e+00 9.124830e+01 4.440153e-02
3.019952e-06 9.114870e+01 4.141338e+00 9.124273e+01 4.543497e-02
3.090295e-06 9.113846e+01 4.237247e+00 9.123690e+01 4.649242e-02
3.162278e-06 9.112773e+01 4.335350e+00 9.123080e+01 4.757443e-02
3.235937e-06 9.111650e+01 4.435696e+00 9.122441e+01 4.868159e-02
3.311311e-06 9.110475e+01 4.538334e+00 9.121772e+01 4.981446e-02
3.388442e-06 9.109245e+01 4.643314e+00 9.121071e+01 5.097364e-02
3.467369e-06 9.107957e+01 4.750687e+00 9.120338e+01 5.215974e-02
3.548134e-06 9.106609e+01 4.860506e+00 9.119571e+01 5.337339e-02
3.630781e-06 9.105198e+01 4.972822e+00 9.118767e+01 5.461520e-02
3.715352e-06 9.103721e+01 5.087691e+00 9.117926e+01 5.588585e-02
3.801894e-06 9.102175e+01 5.205168e+00 9.117046e+01 5.718598e-02
3.890451e-06 9.100556e+01 5.325307e+00 9.116124e+01 5.851628e-02
3.981072e-06 9.098862e+01 5.448166e+00 9.115159e+01 5.987744e-02
4.073803e-06 9.097090e+01 5.573803e+00 9.114149e+01 6.127018e-02
4.168694e-06 9.095234e+01 5.702277e+00 9.113092e+01 6.269522e-02
4.265795e-06 9.093292e+01 5.833646e+00 9.111985e+01 6.415329e-02
4.365158e-06 9.091259e+01 5.967973e+00 9.110827e+01 6.564517e-02
4.466836e-06 9.089132e+01 6.105318e+00 9.109614e+01 6.717162e-02
4.570882e-06 9.086906e+01 6.245743e+00 9.108345e+01 6.873344e-02
4.677351e-06 9.084576e+01 6.389314e+00 9.107017e+01 7.033144e-02
4.786301e-06 9.082138e+01 6.536093e+00 9.105627e+01 7.196645e-02
4.897788e-06 9.079587e+01 6.686145e+00 9.104172e+01 7.363931e-02
5.011872e-06 9.076917e+01 6.839538e+00 9.102649e+01 7.535089e-02
5.128614e-06 9.074124e+01 6.996338e+00 9.101055e+01 7.710208e-02
5.248075e-06 9.071201e+01 7.156612e+00 9.099388e+01 7.889377e-02
5.370318e-06 9.068142e+01 7.320429e+00 9.097642e+01 8.072689e-02
5.495409e-06 9.064942e+01 7.487859e+00 9.095816e+01 8.260239e-02
5.623413e-06 9.061594e+01 7.658970e+00 9.093904e+01 8.452122e-02
5.754399e-06 9.058092e+01 7.833835e+00 9.091904e+01 8.648438e-02
5.888437e-06 9.054428e+01 8.012523e+00 9.089811e+01 8.849287e-02
6.025596e-06 9.050594e+01 8.195106e+00 9.087621e+01 9.054771e-02
6.165950e-06 9.046585e+01 8.381657e+00 9.085330e+01 9.264996e-02
6.309573e-06 9.042390e+01 8.572248e+00 9.082932e+01 9.480068e-02
6.456542e-06 9.038003e+01 8.766951e+00 9.080424e+01 9.700098e-02
6.606934e-06 9.033415e+01 8.965841e+00 9.077800e+01 9.925196e-02
6.760830e-06 9.028616e+01 9.168990e+00 9.075054e+01 1.015548e-01
6.918310e-06 9.023597e+01 9.376472e+00 9.072182e+01 1.039106e-01
7.079458e-06 9.018349e+01 9.588360e+00 9.069178e+01 1.063206e-01
7.244360e-06 9.012862e+01 9.804727e+00 9.066036e+01 1.087859e-01
7.413102e-06 9.007124e+01 1.002565e+01 9.062749e+01 1.113080e-01
7.585776e-06 9.001125e+01 1.025119e+01 9.059311e+01 1.138879e-01
7.762471e-06 8.994853e+01 1.048143e+01 9.055716e+01 1.165270e-01
7.943282e-06 8.988297e+01 1.071644e+01 9.051956e+01 1.192265e-01
8.128305e-06 8.981444e+01 1.095628e+01 9.048023e+01 1.219880e-01
8.317638e-06 8.974280e+01 1.120103e+01 9.043912e+01 1.248126e-01
8.511380e-06 8.966794e+01 1.145076e+01 9.039613e+01 1.277018e-01
8.709636e-06 8.958971e+01 1.170553e+01 9.035118e+01 1.306571e-01
8.912509e-06 8.950796e+01 1.196540e+01 9.030419e+01 1.336798e-01
9.120108e-06 8.942255e+01 1.223045e+01 9.025506e+01 1.367714e-01
9.332543e-06 8.933332e+01 1.250072e+01 9.020371e+01 1.399335e-01
9.549926e-06 8.924011e+01 1.277628e+01 9.015004e+01 1.431675e-01
9.772372e-06 8.914275e+01 1.305719e+01 9.009395e+01 1.464751e-01
1.000000e-05 8.904106e+01 1.334349e+01 9.003533e+01 1.498577e-01
1.023293e-05 8.893489e+01 1.363524e+01 8.997407e+01 1.533171e-01
1.047129e-05 8.882402e+01 1.393248e+01 8.991007e+01 1.568548e-01
1.071519e-05 8.870828e+01 1.423525e+01 8.984320e+01 1.604726e-01
1.096478e-05 8.858747e+01 1.454359e+01 8.977336e+01 1.641721e-01
1.122018e-05 8.846138e+01 1.485754e+01 8.970040e+01 1.679551e-01
1.148154e-05 8.832979e+01 1.517711e+01 8.962420e+01 1.718232e-01
1.174898e-05 8.819251e+01 1.550233e+01 8.954463e+01 1.757783e-01
1.202264e-05 8.804929e+01 1.583322e+01 8.946154e+01 1.798222e-01
1.230269e-05 8.789991e+01 1.616978e+01 8.937480e+01 1.839568e-01
1.258925e-05 8.774413e+01 1.651202e+01 8.928426e+01 1.881838e-01
1.288250e-05 8.758170e+01 1.685993e+01 8.918975e+01 1.925051e-01
1.318257e-05 8.741238e+01 1.721349e+01 8.909113e+01 1.969228e-01
1.348963e-05 8.723591e+01 1.757268e+01 8.898822e+01 2.014386e-01
1.380384e-05 8.705203e+01 1.793747e+01 8.888087e+01 2.060546e-01
1.412538e-05 8.686046e+01 1.830782e+01 8.876889e+01 2.107728e-01
1.445440e-05 8.666093e+01 1.868367e+01 8.865211e+01 2.155951e-01
1.479108e-05 8.645315e+01 1.906496e+01 8.853033e+01 2.205236e-01
1.513561e-05 8.623685e+01 1.945161e+01 8.840339e+01 2.255603e-01
1.548817e-05 8.601172e+01 1.984353e+01 8.827107e+01 2.307072e-01
1.584893e-05 8.577747e+01 2.024061e+01 8.813318e+01 2.359666e-01
1.621810e-05 8.553380e+01 2.064276e+01 8.798951e+01 2.413403e-01
1.659587e-05 8.528040e+01 2.104982e+01 8.783986e+01 2.468307e-01
1.698244e-05 8.501697e+01 2.146165e+01 8.768402e+01 2.524397e-01
1.737801e-05 8.474318e+01 2.187810e+01 8.752176e+01 2.581695e-01
1.778279e-05 8.445873e+01 2.229898e+01 8.735285e+01 2.640222e-01
1.819701e-05 8.416330e+01 2.272409e+01 8.717709e+01 2.700000e-01
1.862087e-05 8.385657e+01 2.315322e+01 8.699423e+01 2.761050e-01
1.905461e-05 8.353823e+01 2.358612e+01 8.680404e+01 2.823393e-01
1.949845e-05 8.320796e+01 2.402256e+01 8.660628e+01 2.887051e-01
1.995262e-05 8.286544e+01 2.446225e+01 8.640071e+01 2.952045e-01
2.041738e-05 8.251038e+01 2.490489e+01 8.618710e+01 3.018395e-01
2.089296e-05 8.214246e+01 2.535017e+01 8.596520e+01 3.086123e-01
2.137962e-05 8.176138e+01 2.579776e+01 8.573475e+01 3.155250e-01
2.187762e-05 8.136685e+01 2.624728e+01 8.549552e+01 3.225795e-01
2.238721e-05 8.095859e+01 2.669835e+01 8.524726e+01 3.297779e-01
2.290868e-05 8.053632e+01 2.715058e+01 8.498972e+01 3.371221e-01
2.344229e-05 8.009978e+01 2.760352e+01 8.472266e+01 3.446142e-01
2.398833e-05 7.964872e+01 2.805672e+01 8.444583e+01 3.522558e-01
2.454709e-05 7.918290e+01 2.850972e+01 8.415899e+01 3.600489e-01
2.511886e-05 7.870211e+01 2.896200e+01 8.386191e+01 3.679952e-01
2.570396e-05 7.820615e+01 2.941305e+01 8.355435e+01 3.760964e-01
2.630268e-05 7.769484e+01 2.986232e+01 8.323608e+01 3.843540e-01
2.691535e-05 7.716801e+01 3.030926e+01 8.290690e+01 3.927697e-01
2.754229e-05 7.662555e+01 3.075326e+01 8.256657e+01 4.013447e-01
2.818383e-05 7.606735e+01 3.119373e+01 8.221490e+01 4.100804e-01
2.884032e-05 7.549331e+01 3.163004e+01 8.185169e+01 4.189780e-01
2.951209e-05 7.490340e+01 3.206154e+01 8.147676e+01 4.280385e-01
3.019952e-05 7.429760e+01 3.248758e+01 8.108993e+01 4.372628e-01
3.090295e-05 7.367593e+01 3.290748e+01 8.069105e+01 4.466518e-01
3.162278e-05 7.303843e+01 3.332056e+01 8.027996e+01 4.562059e-01
3.235937e-05 7.238520e+01 3.372612e+01 7.985655e+01 4.659256e-01
3.311311e-05 7.171637e+01 3.412345e+01 7.942069e+01 4.758111e-01
3.388442e-05 7.103209e+01 3.451183e+01 7.897230e+01 4.858625e-01
3.467369e-05 7.033259e+01 3.489056e+01 7.851130e+01 4.960795e-01
3.548134e-05 6.961810e+01 3.525891e+01 7.803762e+01 5.064618e-01
3.630781e-05 6.888893e+01 3.561616e+01 7.755124e+01 5.170085e-01
3.715352e-05 6.814541e+01 3.596162e+01 7.705215e+01 5.277188e-01
3.801894e-05 6.738792e+01 3.629456e+01 7.654036e+01 5.385915e-01
3.890451e-05 6.661689e+01 3.661430e+01 7.601590e+01 5.496249e-01
3.981072e-05 6.583279e+01 3.692016e+01 7.547884e+01 5.608172e-01
4.073803e-05 6.503614e+01 3.721148e+01 7.492926e+01 5.721663e-01
4.168694e-05 6.422748e+01 3.748762e+01 7.436727e+01 5.836695e-01
4.265795e-05 6.340743e+01 3.774796e+01 7.379302e+01 5.953240e-01
4.365158e-05 6.257661e+01 3.799192e+01 7.320668e+01 6.071265e-01
4.466836e-05 6.173572e+01 3.821892e+01 7.260844e+01 6.190731e-01
4.570882e-05 6.088547e+01 3.842846e+01 7.199852e+01 6.311599e-01
4.677351e-05 6.002661e+01 3.862005e+01 7.137718e+01 6.433822e-01
4.786301e-05 5.915993e+01 3.879323e+01 7.074469e+01 6.557349e-01
4.897788e-05 5.828625e+01 3.894760e+01 7.010137e+01 6.682125e-01
5.011872e-05 5.740641e+01 3.908280e+01 6.944754e+01 6.808091e-01
5.128614e-05 5.652128e+01 3.919852e+01 6.878357e+01 6.935180e-01
5.248075e-05 5.563176e+01 3.929450e+01 6.810984e+01 7.063322e-01
5.370318e-05 5.473874e+01 3.937052e+01 6.742676e+01 7.192442e-01
5.495409e-05 5.384316e+01 3.942643e+01 6.673477e+01 7.322458e-01
5.623413e-05 5.294594e+01 3.946210e+01 6.603431e+01 7.453282e-01
5.754399e-05 5.204802e+01 3.947750e+01 6.532587e+01 7.584823e-01
5.888437e-05 5.115034e+01 3.947263e+01 6.460995e+01 7.716983e-01
6.025596e-05 5.025383e+01 3.944753e+01 6.388705e+01 7.849656e-01
6.165950e-05 4.935943e+01 3.940232e+01 6.315771e+01 7.982733e-01
6.309573e-05 4.846806e+01 3.933716e+01 6.242247e+01 8.116098e-01
6.456542e-05 4.758063e+01 3.925226e+01 6.168189e+01 8.249630e-01
6.606934e-05 4.669801e+01 3.914789e+01 6.093654e+01 8.383203e-01
6.760830e-05 4.582109e+01 3.902437e+01 6.018699e+01 8.516683e-01
6.918310e-05 4.495070e+01 3.888205e+01 5.943383e+01 8.649932e-01
7.079458e-05 4.408766e+01 3.872135e+01 5.867764e+01 8.782808e-01
7.244360e-05 4.323276e+01 3.854271e+01 5.791901e+01 8.915162e-01
7.413102e-05 4.238675e+01 3.834662e+01 5.715854e+01 9.046842e-01
7.585776e-05 4.155033e+01 3.813360e+01 5.639682e+01 9.177690e-01
7.762471e-05 4.072419e+01 3.790423e+01 5.563444e+01 9.307545e-01
7.943282e-05 3.990898e+01 3.765908e+01 5.487196e+01 9.436242e-01
8.128305e-05 3.910527e+01 3.739877e+01 5.410998e+01 9.563614e-01
8.317638e-05 3.831363e+01 3.712395e+01 5.334905e+01 9.689489e-01
8.511380e-05 3.753456e+01 3.683527e+01 5.258974e+01 9.813694e-01
8.709636e-05 3.676854e+01 3.653342e+01 5.183258e+01 9.936055e-01
8.912509e-05 3.601598e+01 3.621910e+01 5.107811e+01 1.005640e+00
9.120108e-05 3.527726e+01 3.589299e+01 5.032685e+01 1.017454e+00
9.332543e-05 3.455271e+01 3.555582e+01 4.957929e+01 1.029031e+00
9.549926e-05 3.384262e+01 3.520830e+01 4.883592e+01 1.040354e+00
9.772372e-05 3.314723e+01 3.485115e+01 4.809721e+01 1.051405e+00
1.000000e-04 3.246675e+01 3.448508e+01 4.736359e+01 1.062166e+00
1.023293e-04 3.180133e+01 3.411080e+01 4.663551e+01 1.072622e+00
1.047129e-04 3.115110e+01 3.372902e+01 4.591337e+01 1.082755e+00
1.071519e-04 3.051614e+01 3.334043e+01 4.519755e+01 1.092551e+00
1.096478e-04 2.989649e+01 3.294571e+01 4.448843e+01 1.101993e+00
1.122018e-04 2.929217e+01 3.254554e+01 4.378633e+01 1.111066e+00
1.148154e-04 2.870314e+01 3.214057e+01 4.309160e+01 1.119758e+00
1.174898e-04 2.812936e+01 3.173143e+01 4.240453e+01 1.128054e+00
1.202264e-04 2.757073e+01 3.131874e+01 4.172540e+01 1.135942e+00
1.230269e-04 2.702715e+01 3.090311e+01 4.105447e+01 1.143410e+00
1.258925e-04 2.649848e+01 3.048512e+01 4.039197e+01 1.150448e+00
1.288250e-04 2.598454e+01 3.006531e+01 3.973813e+01 1.157046e+00
1.318257e-04 2.548516e+01 2.964422e+01 3.909313e+01 1.163195e+00
1.348963e-04 2.500013e+01 2.922237e+01 3.845716e+01 1.168889e+00
1.380384e-04 2.452922e+01 2.880023e+01 3.783036e+01 1.174119e+00
1.412538e-04 2.407221e+01 2.837829e+01 3.721288e+01 1.178882e+00
1.445440e-04 2.362882e+01 2.795697e+01 3.660483e+01 1.183172e+00
1.479108e-04 2.319881e+01 2.753669e+01 3.600631e+01 1.186987e+00
1.513561e-04 2.278188e+01 2.711785e+01 3.541739e+01 1.190325e+00
1.548817e-04 2.237775e+01 2.670081e+01 3.483816e+01 1.193186e+00
1.584893e-04 2.198614e+01 2.628592e+01 3.426864e+01 1.195568e+00
1.621810e-04 2.160673e+01 2.587351e+01 3.370889e+01 1.197475e+00
1.659587e-04 2.123922e+01 2.546387e+01 3.315891e+01 1.198908e+00
1.698244e-04 2.088331e+01 2.505728e+01 3.261871e+01 1.199871e+00
1.737801e-04 2.053869e+01 2.465400e+01 3.208827e+01 1.200369e+00
1.778279e-04 2.020504e+01 2.425426e+01 3.156759e+01 1.200407e+00
1.819701e-04 1.988205e+01 2.385830e+01 3.105663e+01 1.199992e+00
1.862087e-04 1.956941e+01 2.346629e+01 3.055534e+01 1.199131e+00
1.905461e-04 1.926682e+01 2.307842e+01 3.006367e+01 1.197832e+00
1.949845e-04 1.897397e+01 2.269486e+01 2.958155e+01 1.196105e+00
1.995262e-04 1.869055e+01 2.231575e+01 2.910892e+01 1.193959e+00
2.041738e-04 1.841628e+01 2.194122e+01 2.864570e+01 1.191403e+00
2.089296e-04 1.815085e+01 2.157138e+01 2.819180e+01 1.188450e+00
2.137962e-04 1.789399e+01 2.120633e+01 2.774713e+01 1.185109e+00
2.187762e-04 1.764540e+01 2.084616e+01 2.731158e+01 1.181394e+00
2.238721e-04 1.740481e+01 2.049095e+01 2.688506e+01 1.177315e+00
2.290868e-04 1.717197e+01 2.014076e+01 2.646746e+01 1.172886e+00
2.344229e-04 1.694659e+01 1.979563e+01 2.605867e+01 1.168119e+00
2.398833e-04 1.672844e+01 1.945562e+01 2.565856e+01 1.163027e+00
2.454709e-04 1.651725e+01 1.912075e+01 2.526703e+01 1.157623e+00
2.511886e-04 1.631280e+01 1.879104e+01 2.488395e+01 1.151920e+00
2.570396e-04 1.611485e+01 1.846652e+01 2.450920e+01 1.145932e+00
2.630268e-04 1.592316e+01 1.814719e+01 2.414265e+01 1.139672e+00
2.691535e-04 1.573754e+01 1.783305e+01 2.378419e+01 1.133154e+00
2.754229e-04 1.555775e+01 1.752410e+01 2.343369e+01 1.126391e+00
2.818383e-04 1.538360e+01 1.722033e+01 2.309102e+01 1.119395e+00
2.884032e-04 1.521489e+01 1.692173e+01 2.275605e+01 1.112182e+00
2.951209e-04 1.505143e+01 1.662827e+01 2.242866e+01 1.104763e+00
3.019952e-04 1.489304e+01 1.633993e+01 2.210873e+01 1.097152e+00
3.090295e-04 1.473954e+01 1.605669e+01 2.179613e+01 1.089362e+00
3.162278e-04 1.459075e+01 1.577852e+01 2.149073e+01 1.081405e+00
3.235937e-04 1.444652e+01 1.550538e+01 2.119242e+01 1.073296e+00
3.311311e-04 1.430667e+01 1.523725e+01 2.090107e+01 1.065045e+00
3.388442e-04 1.417106e+01 1.497409e+01 2.061656e+01 1.056667e+00
3.467369e-04 1.403954e+01 1.471586e+01 2.033877e+01 1.048172e+00
3.548134e-04 1.391197e+01 1.446253e+01 2.006757e+01 1.039575e+00
3.630781e-04 1.378820e+01 1.421404e+01 1.980286e+01 1.030885e+00
3.715352e-04 1.366809e+01 1.397038e+01 1.954452e+01 1.022116e+00
3.801894e-04 1.355152e+01 1.373148e+01 1.929241e+01 1.013279e+00
3.890451e-04 1.343837e+01 1.349731e+01 1.904644e+01 1.004386e+00
3.981072e-04 1.332849e+01 1.326783e+01 1.880649e+01 9.954484e-01
4.073803e-04 1.322179e+01 1.304299e+01 1.857244e+01 9.864771e-01
4.168694e-04 1.311813e+01 1.282276e+01 1.834417e+01 9.774833e-01
4.265795e-04 1.301741e+01 1.260708e+01 1.812157e+01 9.684780e-01
4.365158e-04 1.291952e+01 1.239591e+01 1.790454e+01 9.594718e-01
4.466836e-04 1.282434e+01 1.218922e+01 1.769295e+01 9.504754e-01
4.570882e-04 1.273177e+01 1.198695e+01 1.748670e+01 9.414990e-01
4.677351e-04 1.264170e+01 1.178905e+01 1.728567e+01 9.325526e-01
4.786301e-04 1.255404e+01 1.159550e+01 1.708975e+01 9.236463e-01
4.897788e-04 1.246869e+01 1.140623e+01 1.689882e+01 9.147896e-01
5.011872e-04 1.238554e+01 1.122120e+01 1.671278e+01 9.059920e-01
5.128614e-04 1.230451e+01 1.104037e+01 1.653151e+01 8.972626e-01
5.248075e-04 1.222549e+01 1.086370e+01 1.635489e+01 8.886103e-01
5.370318e-04 1.214840e+01 1.069112e+01 1.618282e+01 8.800437e-01
5.495409e-04 1.207314e+01 1.052260e+01 1.601518e+01 8.715713e-01
5.623413e-04 1.199963e+01 1.035809e+01 1.585185e+01 8.632010e-01
5.754399e-04 1.192778e+01 1.019754e+01 1.569273e+01 8.549407e-01
5.888437e-04 1.185750e+01 1.004090e+01 1.553770e+01 8.467979e-01
6.025596e-04 1.178871e+01 9.888126e+00 1.538664e+01 8.387796e-01
6.165950e-04 1.172132e+01 9.739157e+00 1.523944e+01 8.308927e-01
6.309573e-04 1.165525e+01 9.593946e+00 1.509598e+01 8.231438e-01
6.456542e-04 1.159042e+01 9.452442e+00 1.495616e+01 8.155389e-01
6.606934e-04 1.152676e+01 9.314591e+00 1.481985e+01 8.080840e-01
6.760830e-04 1.146418e+01 9.180340e+00 1.468694e+01 8.007846e-01
6.918310e-04 1.140261e+01 9.049634e+00 1.455732e+01 7.936457e-01
7.079458e-04 1.134198e+01 8.922417e+00 1.443087e+01 7.866723e-01
7.244360e-04 1.128220e+01 8.798634e+00 1.430748e+01 7.798687e-01
7.413102e-04 1.122321e+01 8.678226e+00 1.418704e+01 7.732390e-01
7.585776e-04 1.116494e+01 8.561136e+00 1.406944e+01 7.667871e-01
7.762471e-04 1.110733e+01 8.447304e+00 1.395456e+01 7.605163e-01
7.943282e-04 1.105029e+01 8.336670e+00 1.384229e+01 7.544297e-01
8.128305e-04 1.099378e+01 8.229173e+00 1.373253e+01 7.485301e-01
8.317638e-04 1.093772e+01 8.124752e+00 1.362517e+01 7.428197e-01
8.511380e-04 1.088205e+01 8.023343e+00 1.352010e+01 7.373007e-01
8.709636e-04 1.082672e+01 7.924883e+00 1.341721e+01 7.319748e-01
8.912509e-04 1.077166e+01 7.829308e+00 1.331641e+01 7.268434e-01
9.120108e-04 1.071682e+01 7.736552e+00 1.321758e+01 7.219075e-01
9.332543e-04 1.066215e+01 7.646550e+00 1.312064e+01 7.171679e-01
9.549926e-04 1.060759e+01 7.559234e+00 1.302547e+01 7.126251e-01
9.772372e-04 1.055310e+01 7.474539e+00 1.293200e+01 7.082792e-01
1.000000e-03 1.049862e+01 7.392395e+00 1.284011e+01 7.041302e-01
1.023293e-03 1.044411e+01 7.312735e+00 1.274973e+01 7.001777e-01
1.047129e-03 1.038953e+01 7.235489e+00 1.266076e+01 6.964209e-01
1.071519e-03 1.033484e+01 7.160589e+00 1.257311e+01 6.928590e-01
1.096478e-03 1.028000e+01 7.087965e+00 1.248670e+01 6.894909e-01
1.122018e-03 1.022497e+01 7.017548e+00 1.240145e+01 6.863150e-01
1.148154e-03 1.016971e+01 6.949267e+00 1.231728e+01 6.833299e-01
1.174898e-03 1.011420e+01 6.883052e+00 1.223411e+01 6.805336e-01
1.202264e-03 1.005840e+01 6.818835e+00 1.215187e+01 6.779241e-01
1.230269e-03 1.000230e+01 6.756544e+00 1.207049e+01 6.754992e-01
1.258925e-03 9.945854e+00 6.696111e+00 1.198991e+01 6.732565e-01
1.288250e-03 9.889051e+00 6.637466e+00 1.191005e+01 6.711934e-01
1.318257e-03 9.831870e+00 6.580540e+00 1.183086e+01 6.693071e-01
1.348963e-03 9.774291e+00 6.525266e+00 1.175227e+01 6.675948e-01
1.380384e-03 9.716299e+00 6.471574e+00 1.167423e+01 6.660534e-01
1.412538e-03 9.657881e+00 6.419398e+00 1.159669e+01 6.646798e-01
1.445440e-03 9.599025e+00 6.368672e+00 1.151960e+01 6.634707e-01
1.479108e-03 9.539724e+00 6.319330e+00 1.144291e+01 6.624227e-01
1.513561e-03 9.479969e+00 6.271307e+00 1.136658e+01 6.615325e-01
1.548817e-03 9.419756e+00 6.224541e+00 1.129056e+01 6.607964e-01
1.584893e-03 9.359083e+00 6.178968e+00 1.121482e+01 6.602108e-01
1.621810e-03 9.297948e+00 6.134527e+00 1.113931e+01 6.597721e-01
1.659587e-03 9.236353e+00 6.091158e+00 1.106401e+01 6.594765e-01
1.698244e-03 9.174301e+00 6.048802e+00 1.098889e+01 6.593202e-01
1.737801e-03 9.111795e+00 6.007402e+00 1.091392e+01 6.592995e-01
1.778279e-03 9.048843e+00 5.966902e+00 1.083907e+01 6.594105e-01
1.819701e-03 8.985452e+00 5.927247e+00 1.076432e+01 6.596492e-01
1.862087e-03 8.921632e+00 5.888384e+00 1.068965e+01 6.600120e-01
1.905461e-03 8.857394e+00 5.850262e+00 1.061504e+01 6.604948e-01
1.949845e-03 8.792748e+00 5.812831e+00 1.054047e+01 6.610937e-01
1.995262e-03 8.727710e+00 5.776041e+00 1.046592e+01 6.618049e-01
2.041738e-03 8.662293e+00 5.739848e+00 1.039140e+01 6.626245e-01
2.089296e-03 8.596512e+00 5.704204e+00 1.031688e+01 6.635487e-01
2.137962e-03 8.530385e+00 5.669068e+00 1.024235e+01 6.645735e-01
2.187762e-03 8.463930e+00 5.634396e+00 1.016782e+01 6.656951e-01
2.238721e-03 8.397163e+00 5.600150e+00 1.009327e+01 6.669097e-01
2.290868e-03 8.330105e+00 5.566289e+00 1.001869e+01 6.682136e-01
2.344229e-03 8.262775e+00 5.532778e+00 9.944098e+00 6.696029e-01
2.398833e-03 8.195194e+00 5.499581e+00 9.869478e+00 6.710739e-01
2.454709e-03 8.127383e+00 5.466664e+00 9.794834e+00 6.726230e-01
2.511886e-03 8.059362e+00 5.433996e+00 9.720166e+00 6.742464e-01
2.570396e-03 7.991155e+00 5.401545e+00 9.645478e+00 6.759405e-01
2.630268e-03 7.922782e+00 5.369283e+00 9.570772e+00 6.777017e-01
2.691535e-03 7.854268e+00 5.337182e+00 9.496054e+00 6.795264e-01
2.754229e-03 7.785633e+00 5.305217e+00 9.421328e+00 6.814111e-01
2.818383e-03 7.716902e+00 5.273363e+00 9.346600e+00 6.833523e-01
2.884032e-03 7.648098e+00 5.241597e+00 9.271879e+00 6.853465e-01
2.951209e-03 7.579242e+00 5.209898e+00 9.197171e+00 6.873903e-01
3.019952e-03 7.510360e+00 5.178245e+00 9.122485e+00 6.894803e-01
3.090295e-03 7.441473e+00 5.146620e+00 9.047830e+00 6.916131e-01
3.162278e-03 7.372605e+00 5.115006e+00 8.973215e+00 6.937854e-01
3.235937e-03 7.303779e+00 5.083386e+00 8.898652e+00 6.959940e-01
3.311311e-03 7.235017e+00 5.051746e+00 8.824149e+00 6.982354e-01
3.388442e-03 7.166343e+00 5.020071e+00 8.749720e+00 7.005067e-01
3.467369e-03 7.097779e+00 4.988351e+00 8.675374e+00 7.028044e-01
3.548134e-03 7.029347e+00 4.956573e+00 8.601124e+00 7.051257e-01
3.630781e-03 6.961068e+00 4.924727e+00 8.526981e+00 7.074672e-01
3.715352e-03 6.892965e+00 4.892805e+00 8.452959e+00 7.098259e-01
3.801894e-03 6.825059e+00 4.860799e+00 8.379069e+00 7.121989e-01
3.890451e-03 6.757370e+00 4.828702e+00 8.305325e+00 7.145830e-01
3.981072e-03 6.689920e+00 4.796508e+00 8.231739e+00 7.169754e-01
4.073803e-03 6.622728e+00 4.764213e+00 8.158324e+00 7.193732e-01
4.168694e-03 6.555814e+00 4.731812e+00 8.085094e+00 7.217733e-01
4.265795e-03 6.489198e+00 4.699302e+00 8.012061e+00 7.241730e-01
4.365158e-03 6.422898e+00 4.666681e+00 7.939240e+00 7.265694e-01
4.466836e-03 6.356932e+00 4.633948e+00 7.866642e+00 7.289598e-01
4.570882e-03 6.291319e+00 4.601102e+00 7.794282e+00 7.313414e-01
4.677351e-03 6.226076e+00 4.568143e+00 7.722173e+00 7.337115e-01
4.786301e-03 6.161219e+00 4.535073e+00 7.650327e+00 7.360674e-01
4.897788e-03 6.096766e+00 4.501892e+00 7.578759e+00 7.384065e-01
5.011872e-03 6.032732e+00 4.468603e+00 7.507481e+00 7.407262e-01
5.128614e-03 5.969133e+00 4.435209e+00 7.436507e+00 7.430240e-01
5.248075e-03 5.905984e+00 4.401713e+00 7.365849e+00 7.452973e-01
5.370318e-03 5.843298e+00 4.368120e+00 7.295520e+00 7.475436e-01
5.495409e-03 5.781091e+00 4.334434e+00 7.225534e+00 7.497606e-01
5.623413e-03 5.719376e+00 4.300661e+00 7.155902e+00 7.519458e-01
5.754399e-03 5.658164e+00 4.266805e+00 7.086639e+00 7.540970e-01
5.888437e-03 5.597470e+00 4.232874e+00 7.017756e+00 7.562120e-01
6.025596e-03 5.537305e+00 4.198874e+00 6.949265e+00 7.582884e-01
6.165950e-03 5.477679e+00 4.164813e+00 6.881180e+00 7.603243e-01
6.309573e-03 5.418605e+00 4.130698e+00 6.813512e+00 7.623176e-01
6.456542e-03 5.360092e+00 4.096537e+00 6.746273e+00 7.642662e-01
6.606934e-03 5.302150e+00 4.062340e+00 6.679476e+00 7.661685e-01
6.760830e-03 5.244788e+00 4.028115e+00 6.613132e+00 7.680226e-01
6.918310e-03 5.188014e+00 3.993873e+00 6.547252e+00 7.698268e-01
7.079458e-03 5.131838e+00 3.959622e+00 6.481849e+00 7.715797e-01
7.244360e-03 5.076265e+00 3.925373e+00 6.416933e+00 7.732798e-01
7.413102e-03 5.021303e+00 3.891138e+00 6.352515e+00 7.749259e-01
7.585776e-03 4.966958e+00 3.856927e+00 6.288606e+00 7.765169e-01
7.762471e-03 4.913236e+00 3.822752e+00 6.225216e+00 7.780517e-01
7.943282e-03 4.860140e+00 3.788624e+00 6.162356e+00 7.795297e-01
8.128305e-03 4.807675e+00 3.754555e+00 6.100035e+00 7.809502e-01
8.317638e-03 4.755845e+00 3.720558e+00 6.038263e+00 7.823127e-01
8.511380e-03 4.704652e+00 3.686645e+00 5.977048e+00 7.836170e-01
8.709636e-03 4.654097e+00 3.652829e+00 5.916399e+00 7.848630e-01
8.912509e-03 4.604183e+00 3.619122e+00 5.856325e+00 7.860510e-01
9.120108e-03 4.554908e+00 3.585538e+00 5.796833e+00 7.871813e-01
9.332543e-03 4.506273e+00 3.552089e+00 5.737930e+00 7.882544e-01
9.549926e-03 4.458276e+00 3.518789e+00 5.679622e+00 7.892711e-01
9.772372e-03 4.410916e+00 3.485649e+00 5.621915e+00 7.902326e-01
1.000000e-02 4.364189e+00 3.452684e+00 5.564815e+00 7.911399e-01
1.023293e-02 4.318092e+00 3.419905e+00 5.508327e+00 7.919946e-01
1.047129e-02 4.272620e+00 3.387326e+00 5.452454e+00 7.927983e-01
1.071519e-02 4.227768e+00 3.354958e+00 5.397200e+00 7.935530e-01
1.096478e-02 4.183531e+00 3.322814e+00 5.342567e+00 7.942606e-01
1.122018e-02 4.139901e+00 3.290905e+00 5.288557e+00 7.949234e-01
1.148154e-02 4.096872e+00 3.259242e+00 5.235171e+00 7.955441e-01
1.174898e-02 4.054435e+00 3.227837e+00 5.182411e+00 7.961251e-01
1.202264e-02 4.012582e+00 3.196701e+00 5.130274e+00 7.966693e-01
1.230269e-02 3.971303e+00 3.165842e+00 5.078760e+00 7.971797e-01
1.258925e-02 3.930589e+00 3.135272e+00 5.027868e+00 7.976595e-01
1.288250e-02 3.890429e+00 3.104998e+00 4.977595e+00 7.981119e-01
1.318257e-02 3.850813e+00 3.075029e+00 4.927937e+00 7.985402e-01
1.348963e-02 3.811728e+00 3.045373e+00 4.878890e+00 7.989481e-01
1.380384e-02 3.773164e+00 3.016037e+00 4.830450e+00 7.993390e-01
1.412538e-02 3.735109e+00 2.987028e+00 4.782612e+00 7.997166e-01
1.445440e-02 3.697549e+00 2.958352e+00 4.735368e+00 8.000846e-01
1.479108e-02 3.660472e+00 2.930013e+00 4.688713e+00 8.004468e-01
1.513561e-02 3.623865e+00 2.902016e+00 4.642639e+00 8.008069e-01
1.548817e-02 3.587716e+00 2.874366e+00 4.597138e+00 8.011688e-01
1.584893e-02 3.552010e+00 2.847065e+00 4.552203e+00 8.015361e-01
1.621810e-02 3.516735e+00 2.820115e+00 4.507824e+00 8.019127e-01
1.659587e-02 3.481878e+00 2.793519e+00 4.463992e+00 8.023023e-01
1.698244e-02 3.447424e+00 2.767277e+00 4.420697e+00 8.027086e-01
1.737801e-02 3.413362e+00 2.741391e+00 4.377929e+00 8.031351e-01
1.778279e-02 3.379677e+00 2.715859e+00 4.335678e+00 8.035855e-01
1.819701e-02 3.346356e+00 2.690681e+00 4.293933e+00 8.040631e-01
1.862087e-02 3.313387e+00 2.665856e+00 4.252684e+00 8.045713e-01
1.905461e-02 3.280756e+00 2.641381e+00 4.211918e+00 8.051135e-01
1.949845e-02 3.248452e+00 2.617254e+00 4.171626e+00 8.056926e-01
1.995262e-02 3.216463e+00 2.593472e+00 4.131795e+00 8.063119e-01
2.041738e-02 3.184775e+00 2.570031e+00 4.092414e+00 8.069740e-01
2.089296e-02 3.153378e+00 2.546926e+00 4.053471e+00 8.076819e-01
2.137962e-02 3.122261e+00 2.524154e+00 4.014955e+00 8.084381e-01
2.187762e-02 3.091411e+00 2.501709e+00 3.976855e+00 8.092451e-01
2.238721e-02 3.060820e+00 2.479586e+00 3.939158e+00 8.101052e-01
2.290868e-02 3.030476e+00 2.457779e+00 3.901854e+00 8.110205e-01
2.344229e-02 3.000371e+00 2.436281e+00 3.864930e+00 8.119932e-01
2.398833e-02 2.970494e+00 2.415086e+00 3.828377e+00 8.130250e-01
2.454709e-02 2.940836e+00 2.394187e+00 3.792183e+00 8.141177e-01
2.511886e-02 2.911390e+00 2.373577e+00 3.756336e+00 8.152728e-01
2.570396e-02 2.882147e+00 2.353249e+00 3.720827e+00 8.164917e-01
2.630268e-02 2.853100e+00 2.333196e+00 3.685645e+00 8.177757e-01
2.691535e-02 2.824241e+00 2.313408e+00 3.650780e+00 8.191257e-01
2.754229e-02 2.795564e+00 2.293880e+00 3.616222e+00 8.205428e-01
2.818383e-02 2.767062e+00 2.274602e+00 3.581961e+00 8.220277e-01
2.884032e-02 2.738730e+00 2.255566e+00 3.547989e+00 8.235809e-01
2.951209e-02 2.710563e+00 2.236765e+00 3.514295e+00 8.252031e-01
3.019952e-02 2.682555e+00 2.218189e+00 3.480871e+00 8.268945e-01
3.090295e-02 2.654701e+00 2.199832e+00 3.447709e+00 8.286552e-01
3.162278e-02 2.626999e+00 2.181684e+00 3.414801e+00 8.304852e-01
3.235937e-02 2.599443e+00 2.163737e+00 3.382139e+00 8.323845e-01
3.311311e-02 2.572032e+00 2.145982e+00 3.349715e+00 8.343528e-01
3.388442e-02 2.544762e+00 2.128412e+00 3.317522e+00 8.363896e-01
3.467369e-02 2.517630e+00 2.111019e+00 3.285553e+00 8.384945e-01
3.548134e-02 2.490635e+00 2.093794e+00 3.253803e+00 8.406666e-01
3.630781e-02 2.463775e+00 2.076728e+00 3.222264e+00 8.429052e-01
3.715352e-02 2.437048e+00 2.059816e+00 3.190931e+00 8.452093e-01
3.801894e-02 2.410454e+00 2.043047e+00 3.159799e+00 8.475778e-01
3.890451e-02 2.383992e+00 2.026415e+00 3.128862e+00 8.500094e-01
3.981072e-02 2.357662e+00 2.009913e+00 3.098115e+00 8.525026e-01
4.073803e-02 2.331463e+00 1.993532e+00 3.067554e+00 8.550561e-01
4.168694e-02 2.305397e+00 1.977266e+00 3.037176e+00 8.576681e-01
4.265795e-02 2.279464e+00 1.961107e+00 3.006975e+00 8.603367e-01
4.365158e-02 2.253665e+00 1.945048e+00 2.976948e+00 8.630600e-01
4.466836e-02 2.228002e+00 1.929084e+00 2.947093e+00 8.658360e-01
4.570882e-02 2.202475e+00 1.913207e+00 2.917406e+00 8.686622e-01
4.677351e-02 2.177088e+00 1.897411e+00 2.887885e+00 8.715365e-01
4.786301e-02 2.151841e+00 1.881691e+00 2.858528e+00 8.744561e-01
4.897788e-02 2.126738e+00 1.866040e+00 2.829332e+00 8.774185e-01
5.011872e-02 2.101782e+00 1.850452e+00 2.800297e+00 8.804207e-01
5.128614e-02 2.076975e+00 1.834924e+00 2.771420e+00 8.834599e-01
5.248075e-02 2.052320e+00 1.819450e+00 2.742702e+00 8.865330e-01
5.370318e-02 2.027822e+00 1.804024e+00 2.714141e+00 8.896366e-01
5.495409e-02 2.003482e+00 1.788644e+00 2.685738e+00 8.927674e-01
5.623413e-02 1.979306e+00 1.773304e+00 2.657491e+00 8.959219e-01
5.754399e-02 1.955298e+00 1.758001e+00 2.629403e+00 8.990965e-01
5.888437e-02 1.931460e+00 1.742733e+00 2.601472e+00 9.022875e-01
6.025596e-02 1.907799e+00 1.727495e+00 2.573700e+00 9.054909e-01
6.165950e-02 1.884317e+00 1.712285e+00 2.546089e+00 9.087029e-01
6.309573e-02 1.861021e+00 1.697101e+00 2.518640e+00 9.119193e-01
6.456542e-02 1.837913e+00 1.681941e+00 2.491355e+00 9.151362e-01
6.606934e-02 1.814999e+00 1.666803e+00 2.464236e+00 9.183493e-01
6.760830e-02 1.792284e+00 1.651688e+00 2.437284e+00 9.215544e-01
6.918310e-02 1.769773e+00 1.636592e+00 2.410504e+00 9.247473e-01
7.079458e-02 1.747469e+00 1.621518e+00 2.383897e+00 9.279237e-01
7.244360e-02 1.725378e+00 1.606463e+00 2.357467e+00 9.310794e-01
7.413102e-02 1.703504e+00 1.591430e+00 2.331218e+00 9.342101e-01
7.585776e-02 1.681851e+00 1.576419e+00 2.305151e+00 9.373117e-01
7.762471e-02 1.660426e+00 1.561431e+00 2.279272e+00 9.403801e-01
7.943282e-02 1.639230e+00 1.546468e+00 2.253584e+00 9.434113e-01
8.128305e-02 1.618269e+00 1.531532e+00 2.228090e+00 9.464014e-01
8.317638e-02 1.597547e+00 1.516625e+00 2.202795e+00 9.493466e-01
8.511380e-02 1.577066e+00 1.501751e+00 2.177704e+00 9.522433e-01
8.709636e-02 1.556831e+00 1.486911e+00 2.152819e+00 9.550883e-01
8.912509e-02 1.536845e+00 1.472111e+00 2.128145e+00 9.578783e-01
9.120108e-02 1.517111e+00 1.457352e+00 2.103687e+00 9.606103e-01
9.332543e-02 1.497630e+00 1.442640e+00 2.079449e+00 9.632818e-01
9.549926e-02 1.478407e+00 1.427979e+00 2.055434e+00 9.658904e-01
9.772372e-02 1.459441e+00 1.413372e+00 2.031647e+00 9.684339e-01
1.000000e-01 1.440735e+00 1.398825e+00 2.008091e+00 9.709106e-01
1.023293e-01 1.422291e+00 1.384343e+00 1.984771e+00 9.733192e-01
1.047129e-01 1.404108e+00 1.369930e+00 1.961690e+00 9.756585e-01
1.071519e-01 1.386188e+00 1.355592e+00 1.938852e+00 9.779280e-01
1.096478e-01 1.368530e+00 1.341333e+00 1.916259e+00 9.801273e-01
1.122018e-01 1.351133e+00 1.327160e+00 1.893915e+00 9.822564e-01
1.148154e-01 1.333998e+00 1.313076e+00 1.871823e+00 9.843161e-01
1.174898e-01 1.317123e+00 1.299088e+00 1.849985e+00 9.863071e-01
1.202264e-01 1.300507e+00 1.285201e+00 1.828404e+00 9.882307e-01
1.230269e-01 1.284147e+00 1.271419e+00 1.807081e+00 9.900889e-01
1.258925e-01 1.268041e+00 1.257749e+00 1.786018e+00 9.918835e-01
1.288250e-01 1.252187e+00 1.244194e+00 1.765217e+00 9.936173e-01
1.318257e-01 1.236581e+00 1.230761e+00 1.744679e+00 9.952932e-01
1.348963e-01 1.221220e+00 1.217452e+00 1.724404e+00 9.969144e-01
1.380384e-01 1.206101e+00 1.204274e+00 1.704393e+00 9.984847e-01
1.412538e-01 1.191220e+00 1.191229e+00 1.684646e+00 1.000008e+00
1.445440e-01 1.176571e+00 1.178323e+00 1.665162e+00 1.001489e+00
1.479108e-01 1.162152e+00 1.165559e+00 1.645942e+00 1.002932e+00
1.513561e-01 1.147956e+00 1.152941e+00 1.626983e+00 1.004342e+00
1.548817e-01 1.133979e+00 1.140471e+00 1.608285e+00 1.005725e+00
1.584893e-01 1.120216e+00 1.128153e+00 1.589847e+00 1.007086e+00
1.621810e-01 1.106661e+00 1.115990e+00 1.571666e+00 1.008430e+00
1.659587e-01 1.093309e+00 1.103984e+00 1.553739e+00 1.009764e+00
1.698244e-01 1.080154e+00 1.092138e+00 1.536066e+00 1.011094e+00
1.737801e-01 1.067191e+00 1.080452e+00 1.518642e+00 1.012427e+00
1.778279e-01 1.054413e+00 1.068929e+00 1.501465e+00 1.013767e+00
1.819701e-01 1.041814e+00 1.057570e+00 1.484531e+00 1.015123e+00
1.862087e-01 1.029389e+00 1.046375e+00 1.467836e+00 1.016501e+00
1.905461e-01 1.017132e+00 1.035346e+00 1.451378e+00 1.017907e+00
1.949845e-01 1.005036e+00 1.024482e+00 1.435152e+00 1.019348e+00
1.995262e-01 9.930960e-01 1.013783e+00 1.419153e+00 1.020831e+00
2.041738e-01 9.813054e-01 1.003250e+00 1.403378e+00 1.022362e+00
2.089296e-01 9.696585e-01 9.928807e-01 1.387822e+00 1.023949e+00
2.137962e-01 9.581495e-01 9.826753e-01 1.372480e+00 1.025597e+00
2.187762e-01 9.467726e-01 9.726322e-01 1.357347e+00 1.027313e+00
2.238721e-01 9.355222e-01 9.627501e-01 1.342419e+00 1.029104e+00
2.290868e-01 9.243928e-01 9.530272e-01 1.327691e+00 1.030976e+00
2.344229e-01 9.133791e-01 9.434615e-01 1.313157e+00 1.032935e+00
2.398833e-01 9.024758e-01 9.340509e-01 1.298812e+00 1.034987e+00
2.454709e-01 8.916778e-01 9.247930e-01 1.284652e+00 1.037138e+00
2.511886e-01 8.809804e-01 9.156852e-01 1.270671e+00 1.039393e+00
2.570396e-01 8.703787e-01 9.067248e-01 1.256865e+00 1.041759e+00
2.630268e-01 8.598683e-01 8.979086e-01 1.243227e+00 1.044240e+00
2.691535e-01 8.494449e-01 8.892337e-01 1.229753e+00 1.046841e+00
2.754229e-01 8.391044e-01 8.806967e-01 1.216439e+00 1.049567e+00
2.818383e-01 8.288428e-01 8.722942e-01 1.203278e+00 1.052424e+00
2.884032e-01 8.186566e-01 8.640228e-01 1.190266e+00 1.055415e+00
2.951209e-01 8.085423e-01 8.558787e-01 1.177399e+00 1.058545e+00
3.019952e-01 7.984967e-01 8.478583e-01 1.164672e+00 1.061818e+00
3.090295e-01 7.885167e-01 8.399578e-01 1.152080e+00 1.065238e+00
3.162278e-01 7.785997e-01 8.321734e-01 1.139618e+00 1.068808e+00
3.235937e-01 7.687430e-01 8.245012e-01 1.127283e+00 1.072532e+00
3.311311e-01 7.589444e-01 8.169373e-01 1.115071e+00 1.076413e+00
3.388442e-01 7.492018e-01 8.094778e-01 1.102977e+00 1.080454e+00
3.467369e-01 7.395134e-01 8.021188e-01 1.090997e+00 1.084658e+00
3.548134e-01 7.298774e-01 7.948564e-01 1.079128e+00 1.089027e+00
3.630781e-01 7.202924e-01 7.876867e-01 1.067367e+00 1.093565e+00
3.715352e-01 7.107573e-01 7.806059e-01 1.055709e+00 1.098274e+00
3.801894e-01 7.012709e-01 7.736103e-01 1.044152e+00 1.103155e+00
3.890451e-01 6.918325e-01 7.666962e-01 1.032693e+00 1.108211e+00
3.981072e-01 6.824413e-01 7.598599e-01 1.021329e+00 1.113444e+00
4.073803e-01 6.730968e-01 7.530979e-01 1.010057e+00 1.118855e+00
4.168694e-01 6.637989e-01 7.464067e-01 9.988754e-01 1.124447e+00
4.265795e-01 6.545472e-01 7.397831e-01 9.877809e-01 1.130221e+00
4.365158e-01 6.453417e-01 7.332238e-01 9.767718e-01 1.136179e+00
4.466836e-01 6.361827e-01 7.267257e-01 9.658461e-01 1.142322e+00
4.570882e-01 6.270702e-01 7.202858e-01 9.550019e-01 1.148653e+00
4.677351e-01 6.180046e-01 7.139011e-01 9.442375e-01 1.155171e+00
4.786301e-01 6.089864e-01 7.075691e-01 9.335515e-01 1.161880e+00
4.897788e-01 6.000161e-01 7.012870e-01 9.229425e-01 1.168780e+00
5.011872e-01 5.910944e-01 6.950524e-01 9.124091e-01 1.175874e+00
5.128614e-01 5.822218e-01 6.888630e-01 9.019504e-01 1.183163e+00
5.248075e-01 5.733992e-01 6.827165e-01 8.915652e-01 1.190648e+00
5.370318e-01 5.646272e-01 6.766109e-01 8.812527e-01 1.198332e+00
5.495409e-01 5.559069e-01 6.705443e-01 8.710121e-01 1.206217e+00
5.623413e-01 5.472389e-01 6.645147e-01 8.608427e-01 1.214305e+00
5.754399e-01 5.386241e-01 6.585205e-01 8.507439e-01 1.222598e+00
5.888437e-01 5.300634e-01 6.525602e-01 8.407152e-01 1.231098e+00
6.025596e-01 5.215578e-01 6.466323e-01 8.307562e-01 1.239809e+00
6.165950e-01 5.131080e-01 6.407353e-01 8.208664e-01 1.248734e+00
6.309573e-01 5.047149e-01 6.348682e-01 8.110455e-01 1.257875e+00
6.456542e-01 4.963793e-01 6.290297e-01 8.012932e-01 1.267236e+00
6.606934e-01 4.881021e-01 6.232187e-01 7.916093e-01 1.276820e+00
6.760830e-01 4.798841e-01 6.174344e-01 7.819936e-01 1.286632e+00
6.918310e-01 4.717259e-01 6.116758e-01 7.724458e-01 1.296676e+00
7.079458e-01 4.636283e-01 6.059420e-01 7.629658e-01 1.306957e+00
7.244360e-01 4.555919e-01 6.002324e-01 7.535535e-01 1.317478e+00
7.413102e-01 4.476175e-01 5.945462e-01 7.442087e-01 1.328246e+00
7.585776e-01 4.397056e-01 5.888827e-01 7.349312e-01 1.339266e+00
7.762471e-01 4.318567e-01 5.832414e-01 7.257209e-01 1.350544e+00
7.943282e-01 4.240715e-01 5.776218e-01 7.165776e-01 1.362086e+00
8.128305e-01 4.163502e-01 5.720231e-01 7.075012e-01 1.373899e+00
8.317638e-01 4.086936e-01 5.664450e-01 6.984915e-01 1.385989e+00
8.511380e-01 4.011018e-01 5.608869e-01 6.895482e-01 1.398365e+00
8.709636e-01 3.935753e-01 5.553484e-01 6.806712e-01 1.411034e+00
8.912509e-01 3.861146e-01 5.498289e-01 6.718603e-01 1.424005e+00
9.120108e-01 3.787198e-01 5.443281e-01 6.631152e-01 1.437285e+00
9.332543e-01 3.713913e-01 5.388455e-01 6.544356e-01 1.450884e+00
9.549926e-01 3.641294e-01 5.333806e-01 6.458213e-01 1.464811e+00
9.772372e-01 3.569345e-01 5.279331e-01 6.372719e-01 1.479075e+00
1.000000e+00 3.498067e-01 5.225023e-01 6.287872e-01 1.493689e+00
1.023293e+00 3.427464e-01 5.170880e-01 6.203669e-01 1.508661e+00
1.047129e+00 3.357538e-01 5.116896e-01 6.120105e-01 1.524003e+00
1.071519e+00 3.288292e-01 5.063067e-01 6.037177e-01 1.539726e+00
1.096478e+00 3.219728e-01 5.009389e-01 5.954882e-01 1.555842e+00
1.122018e+00 3.151851e-01 4.955856e-01 5.873217e-01 1.572364e+00
1.148154e+00 3.084662e-01 4.902466e-01 5.792177e-01 1.589304e+00
1.174898e+00 3.018166e-01 4.849212e-01 5.711759e-01 1.606675e+00
1.202264e+00 2.952366e-01 4.796092e-01 5.631959e-01 1.624491e+00
1.230269e+00 2.887265e-01 4.743100e-01 5.552774e-01 1.642766e+00
1.258925e+00 2.822867e-01 4.690233e-01 5.474200e-01 1.661514e+00
1.288250e+00 2.759178e-01 4.637487e-01 5.396235e-01 1.680750e+00
1.318257e+00 2.696200e-01 4.584858e-01 5.318874e-01 1.700489e+00
1.348963e+00 2.633939e-01 4.532343e-01 5.242115e-01 1.720747e+00
1.380384e+00 2.572401e-01 4.479939e-01 5.165956e-01 1.741540e+00
1.412538e+00 2.511590e-01 4.427642e-01 5.090393e-01 1.762885e+00
1.445440e+00 2.451511e-01 4.375451e-01 5.015424e-01 1.784798e+00
1.479108e+00 2.392172e-01 4.323363e-01 4.941048e-01 1.807296e+00
1.513561e+00 2.333577e-01 4.271377e-01 4.867262e-01 1.830399e+00
1.548817e+00 2.275734e-01 4.219490e-01 4.794066e-01 1.854123e+00
1.584893e+00 2.218648e-01 4.167704e-01 4.721457e-01 1.878488e+00
1.621810e+00 2.162327e-01 4.116017e-01 4.649436e-01 1.903513e+00
1.659587e+00 2.106778e-01 4.064430e-01 4.578002e-01 1.929217e+00
1.698244e+00 2.052006e-01 4.012945e-01 4.507156e-01 1.955620e+00
1.737801e+00 1.998020e-01 3.961561e-01 4.436896e-01 1.982744e+00
1.778279e+00 1.944826e-01 3.910283e-01 4.367225e-01 2.010608e+00
1.819701e+00 1.892432e-01 3.859111e-01 4.298144e-01 2.039234e+00
1.862087e+00 1.840844e-01 3.808052e-01 4.229653e-01 2.068645e+00
1.905461e+00 1.790069e-01 3.757107e-01 4.161754e-01 2.098862e+00
1.949845e+00 1.740114e-01 3.706282e-01 4.094451e-01 2.129908e+00
1.995262e+00 1.690986e-01 3.655584e-01 4.027744e-01 2.161806e+00
2.041738e+00 1.642690e-01 3.605017e-01 3.961638e-01 2.194581e+00
2.089296e+00 1.595233e-01 3.554589e-01 3.896135e-01 2.228256e+00
2.137962e+00 1.548621e-01 3.504307e-01 3.831239e-01 2.262857e+00
2.187762e+00 1.502858e-01 3.454179e-01 3.766953e-01 2.298407e+00
2.238721e+00 1.457949e-01 3.404215e-01 3.703282e-01 2.334933e+00
2.290868e+00 1.413900e-01 3.354423e-01 3.640229e-01 2.372462e+00
2.344229e+00 1.370712e-01 3.304813e-01 3.577799e-01 2.411019e+00
2.398833e+00 1.328391e-01 3.255396e-01 3.515996e-01 2.450632e+00
2.454709e+00 1.286937e-01 3.206183e-01 3.454825e-01 2.491328e+00
2.511886e+00 1.246354e-01 3.157184e-01 3.394291e-01 2.533136e+00
2.570396e+00 1.206643e-01 3.108412e-01 3.334398e-01 2.576084e+00
2.630268e+00 1.167803e-01 3.059878e-01 3.275152e-01 2.620201e+00
2.691535e+00 1.129835e-01 3.011596e-01 3.216557e-01 2.665518e+00
2.754229e+00 1.092738e-01 2.963576e-01 3.158617e-01 2.712065e+00
2.818383e+00 1.056510e-01 2.915833e-01 3.101338e-01 2.759872e+00
2.884032e+00 1.021150e-01 2.868379e-01 3.044725e-01 2.808971e+00
2.951209e+00 9.866525e-02 2.821228e-01 2.988780e-01 2.859394e+00
3.019952e+00 9.530148e-02 2.774391e-01 2.933510e-01 2.911173e+00
3.090295e+00 9.202320e-02 2.727883e-01 2.878918e-01 2.964342e+00
3.162278e+00 8.882984e-02 2.681716e-01 2.825008e-01 3.018935e+00
3.235937e+00 8.572078e-02 2.635902e-01 2.771784e-01 3.074987e+00
3.311311e+00 8.269529e-02 2.590456e-01 2.719249e-01 3.132531e+00
3.388442e+00 7.975262e-02 2.545389e-01 2.667405e-01 3.191605e+00
3.467369e+00 7.689190e-02 2.500712e-01 2.616257e-01 3.252244e+00
3.548134e+00 7.411222e-02 2.456440e-01 2.565805e-01 3.314487e+00
3.630781e+00 7.141260e-02 2.412582e-01 2.516054e-01 3.378370e+00
3.715352e+00 6.879198e-02 2.369149e-01 2.467003e-01 3.443932e+00
3.801894e+00 6.624928e-02 2.326154e-01 2.418654e-01 3.511214e+00
3.890451e+00 6.378332e-02 2.283605e-01 2.371009e-01 3.580254e+00
3.981072e+00 6.139289e-02 2.241513e-01 2.324067e-01 3.651095e+00
4.073803e+00 5.907675e-02 2.199886e-01 2.277829e-01 3.723777e+00
4.168694e+00 5.683358e-02 2.158735e-01 2.232295e-01 3.798344e+00
4.265795e+00 5.466204e-02 2.118066e-01 2.187464e-01 3.874839e+00
4.365158e+00 5.256076e-02 2.077888e-01 2.143334e-01 3.953307e+00
4.466836e+00 5.052832e-02 2.038208e-01 2.099905e-01 4.033793e+00
4.570882e+00 4.856329e-02 1.999031e-01 2.057174e-01 4.116343e+00
4.677351e+00 4.666420e-02 1.960365e-01 2.015139e-01 4.201004e+00
4.786301e+00 4.482958e-02 1.922214e-01 1.973797e-01 4.287825e+00
4.897788e+00 4.305793e-02 1.884583e-01 1.933146e-01 4.376855e+00
5.011872e+00 4.134773e-02 1.847476e-01 1.893181e-01 4.468145e+00
5.128614e+00 3.969747e-02 1.810897e-01 1.853898e-01 4.561745e+00
5.248075e+00 3.810563e-02 1.774849e-01 1.815294e-01 4.657708e+00
5.370318e+00 3.657068e-02 1.739334e-01 1.777364e-01 4.756088e+00
5.495409e+00 3.509110e-02 1.704354e-01 1.740103e-01 4.856940e+00
5.623413e+00 3.366537e-02 1.669910e-01 1.703506e-01 4.960319e+00
5.754399e+00 3.229197e-02 1.636003e-01 1.667568e-01 5.066284e+00
5.888437e+00 3.096941e-02 1.602633e-01 1.632282e-01 5.174892e+00
6.025596e+00 2.969619e-02 1.569801e-01 1.597642e-01 5.286203e+00
6.165950e+00 2.847084e-02 1.537505e-01 1.563643e-01 5.400279e+00
6.309573e+00 2.729190e-02 1.505744e-01 1.530278e-01 5.517182e+00
6.456542e+00 2.615794e-02 1.474517e-01 1.497539e-01 5.636975e+00
6.606934e+00 2.506753e-02 1.443821e-01 1.465420e-01 5.759725e+00
6.760830e+00 2.401928e-02 1.413654e-01 1.433915e-01 5.885498e+00
6.918310e+00 2.301181e-02 1.384014e-01 1.403014e-01 6.014363e+00
7.079458e+00 2.204379e-02 1.354897e-01 1.372712e-01 6.146389e+00
7.244360e+00 2.111387e-02 1.326299e-01 1.343000e-01 6.281648e+00
7.413102e+00 2.022078e-02 1.298217e-01 1.313871e-01 6.420213e+00
7.585776e+00 1.936325e-02 1.270647e-01 1.285316e-01 6.562160e+00
7.762471e+00 1.854003e-02 1.243584e-01 1.257329e-01 6.707564e+00
7.943282e+00 1.774992e-02 1.217024e-01 1.229900e-01 6.856503e+00
8.128305e+00 1.699174e-02 1.190961e-01 1.203021e-01 7.009059e+00
8.317638e+00 1.626434e-02 1.165391e-01 1.176685e-01 7.165313e+00
8.511380e+00 1.556660e-02 1.140307e-01 1.150884e-01 7.325349e+00
8.709636e+00 1.489742e-02 1.115706e-01 1.125608e-01 7.489252e+00
8.912509e+00 1.425577e-02 1.091580e-01 1.100849e-01 7.657112e+00
9.120108e+00 1.364059e-02 1.067924e-01 1.076601e-01 7.829017e+00
9.332543e+00 1.305090e-02 1.044732e-01 1.052853e-01 8.005059e+00
9.549926e+00 1.248573e-02 1.021999e-01 1.029597e-01 8.185334e+00
9.772372e+00 1.194414e-02 9.997166e-02 1.006826e-01 8.369936e+00
1.000000e+01 1.142521e-02 9.778799e-02 9.845317e-02 8.558965e+00
