1.000000e-06 5.006225e+01 4.532507e-01 5.006430e+01 9.053742e-03
1.023293e-06 5.006191e+01 4.638022e-01 5.006406e+01 9.264573e-03
1.047129e-06 5.006155e+01 4.745990e-01 5.006380e+01 9.480311e-03
1.071519e-06 5.006117e+01 4.856469e-01 5.006353e+01 9.701070e-03
1.096478e-06 5.006078e+01 4.969517e-01 5.006325e+01 9.926966e-03
1.122018e-06 5.006037e+01 5.085192e-01 5.006295e+01 1.015812e-02
1.148154e-06 5.005994e+01 5.203556e-01 5.006264e+01 1.039465e-02
1.174898e-06 5.005949e+01 5.324670e-01 5.006232e+01 1.063669e-02
1.202264e-06 5.005901e+01 5.448600e-01 5.006198e+01 1.088435e-02
1.230269e-06 5.005852e+01 5.575409e-01 5.006162e+01 1.113778e-02
1.258925e-06 5.005800e+01 5.705164e-01 5.006125e+01 1.139711e-02
1.288250e-06 5.005746e+01 5.837934e-01 5.006086e+01 1.166247e-02
1.318257e-06 5.005689e+01 5.973787e-01 5.006045e+01 1.193400e-02
1.348963e-06 5.005629e+01 6.112796e-01 5.006003e+01 1.221184e-02
1.380384e-06 5.005567e+01 6.255033e-01 5.005958e+01 1.249615e-02
1.412538e-06 5.005502e+01 6.400572e-01 5.005911e+01 1.278707e-02
1.445440e-06 5.005434e+01 6.549490e-01 5.005862e+01 1.308476e-02
1.479108e-06 5.005362e+01 6.701865e-01 5.005811e+01 1.338937e-02
1.513561e-06 5.005287e+01 6.857776e-01 5.005757e+01 1.370106e-02
1.548817e-06 5.005209e+01 7.017304e-01 5.005701e+01 1.402000e-02
1.584893e-06 5.005127e+01 7.180534e-01 5.005642e+01 1.434636e-02
1.621810e-06 5.005041e+01 7.347549e-01 5.005580e+01 1.468030e-02
1.659587e-06 5.004951e+01 7.518438e-01 5.005516e+01 1.502200e-02
1.698244e-06 5.004857e+01 7.693288e-01 5.005448e+01 1.537165e-02
1.737801e-06 5.004758e+01 7.872192e-01 5.005377e+01 1.572942e-02
1.778279e-06 5.004655e+01 8.055242e-01 5.005303e+01 1.609550e-02
1.819701e-06 5.004547e+01 8.242533e-01 5.005225e+01 1.647009e-02
1.862087e-06 5.004433e+01 8.434162e-01 5.005144e+01 1.685338e-02
1.905461e-06 5.004315e+01 8.630228e-01 5.005059e+01 1.724557e-02
1.949845e-06 5.004191e+01 8.830834e-01 5.004970e+01 1.764688e-02
1.995262e-06 5.004061e+01 9.036083e-01 5.004877e+01 1.805750e-02
2.041738e-06 5.003925e+01 9.246081e-01 5.004779e+01 1.847766e-02
2.089296e-06 5.003782e+01 9.460935e-01 5.004677e+01 1.890757e-02
2.137962e-06 5.003633e+01 9.680758e-01 5.004569e+01 1.934746e-02
2.187762e-06 5.003477e+01 9.905662e-01 5.004457e+01 1.979756e-02
2.238721e-06 5.003313e+01 1.013576e+00 5.004340e+01 2.025810e-02
2.290868e-06 5.003142e+01 1.037118e+00 5.004217e+01 2.072933e-02
2.344229e-06 5.002963e+01 1.061203e+00 5.004088e+01 2.121149e-02
2.398833e-06 5.002775e+01 1.085844e+00 5.003954e+01 2.170482e-02
2.454709e-06 5.002579e+01 1.111053e+00 5.003812e+01 2.220960e-02
2.511886e-06 5.002373e+01 1.136843e+00 5.003665e+01 2.272608e-02
2.570396e-06 5.002158e+01 1.163228e+00 5.003510e+01 2.325453e-02
2.630268e-06 5.001932e+01 1.190221e+00 5.003348e+01 2.379522e-02
2.691535e-06 5.001696e+01 1.217835e+00 5.003179e+01 2.434844e-02
2.754229e-06 5.001449e+01 1.246085e+00 5.003001e+01 2.491447e-02
2.818383e-06 5.001190e+01 1.274984e+00 5.002815e+01 2.549360e-02
2.884032e-06 5.000920e+01 1.304547e+00 5.002621e+01 2.608614e-02
2.951209e-06 5.000636e+01 1.334789e+00 5.002417e+01 2.669239e-02
3.019952e-06 5.000339e+01 1.365726e+00 5.002204e+01 2.731266e-02
3.090295e-06 5.000028e+01 1.397372e+00 5.001981e+01 2.794727e-02
3.162278e-06 4.999703e+01 1.429743e+00 5.001747e+01 2.859656e-02
3.235937e-06 4.999363e+01 1.462856e+00 5.001502e+01 2.926084e-02
3.311311e-06 4.999006e+01 1.496726e+00 5.001246e+01 2.994047e-02
3.388442e-06 4.998633e+01 1.531371e+00 5.000978e+01 3.063580e-02
3.467369e-06 4.998242e+01 1.566807e+00 5.000697e+01 3.134717e-02
3.548134e-06 4.997833e+01 1.603052e+00 5.000404e+01 3.207495e-02
3.630781e-06 4.997405e+01 1.640124e+00 5.000096e+01 3.281951e-02
3.715352e-06 4.996957e+01 1.678040e+00 4.999774e+01 3.358123e-02
3.801894e-06 4.996488e+01 1.716819e+00 4.999437e+01 3.436051e-02
3.890451e-06 4.995998e+01 1.756479e+00 4.999084e+01 3.515772e-02
3.981072e-06 4.995484e+01 1.797039e+00 4.998715e+01 3.597328e-02
4.073803e-06 4.994946e+01 1.838519e+00 4.998328e+01 3.680759e-02
4.168694e-06 4.994383e+01 1.880939e+00 4.997924e+01 3.766108e-02
4.265795e-06 4.993794e+01 1.924318e+00 4.997500e+01 3.853418e-02
4.365158e-06 4.993177e+01 1.968676e+00 4.997057e+01 3.942732e-02
4.466836e-06 4.992532e+01 2.014035e+00 4.996593e+01 4.034095e-02
4.570882e-06 4.991857e+01 2.060415e+00 4.996107e+01 4.127551e-02
4.677351e-06 4.991150e+01 2.107837e+00 4.995599e+01 4.223149e-02
4.786301e-06 4.990411e+01 2.156324e+00 4.995067e+01 4.320935e-02
4.897788e-06 4.989637e+01 2.205896e+00 4.994510e+01 4.420956e-02
5.011872e-06 4.988827e+01 2.256578e+00 4.993928e+01 4.523263e-02
5.128614e-06 4.987979e+01 2.308390e+00 4.993318e+01 4.627905e-02
5.248075e-06 4.987092e+01 2.361355e+00 4.992680e+01 4.734934e-02
5.370318e-06 4.986165e+01 2.415498e+00 4.992012e+01 4.844401e-02
5.495409e-06 4.985194e+01 2.470841e+00 4.991313e+01 4.956359e-02
5.623413e-06 4.984178e+01 2.527408e+00 4.990582e+01 5.070863e-02
5.754399e-06 4.983115e+01 2.585224e+00 4.989817e+01 5.187967e-02
5.888437e-06 4.982004e+01 2.644311e+00 4.989016e+01 5.307726e-02
6.025596e-06 4.980841e+01 2.704695e+00 4.988179e+01 5.430198e-02
6.165950e-06 4.979624e+01 2.766401e+00 4.987302e+01 5.555441e-02
6.309573e-06 4.978351e+01 2.829452e+00 4.986386e+01 5.683512e-02
6.456542e-06 4.977020e+01 2.893875e+00 4.985426e+01 5.814473e-02
6.606934e-06 4.975628e+01 2.959694e+00 4.984423e+01 5.948383e-02
6.760830e-06 4.974172e+01 3.026935e+00 4.983373e+01 6.085304e-02
6.918310e-06 4.972649e+01 3.095623e+00 4.982275e+01 6.225299e-02
7.079458e-06 4.971057e+01 3.165783e+00 4.981127e+01 6.368430e-02
7.244360e-06 4.969391e+01 3.237441e+00 4.979926e+01 6.514764e-02
7.413102e-06 4.967650e+01 3.310623e+00 4.978669e+01 6.664364e-02
7.585776e-06 4.965829e+01 3.385353e+00 4.977356e+01 6.817297e-02
7.762471e-06 4.963926e+01 3.461658e+00 4.975982e+01 6.973630e-02
7.943282e-06 4.961936e+01 3.539563e+00 4.974545e+01 7.133430e-02
8.128305e-06 4.959856e+01 3.619092e+00 4.973043e+01 7.296767e-02
8.317638e-06 4.957682e+01 3.700270e+00 4.971472e+01 7.463710e-02
8.511380e-06 4.955410e+01 3.783123e+00 4.969830e+01 7.634329e-02
8.709636e-06 4.953035e+01 3.867674e+00 4.968113e+01 7.808695e-02
8.912509e-06 4.950554e+01 3.953948e+00 4.966319e+01 7.986879e-02
9.120108e-06 4.947961e+01 4.041966e+00 4.964443e+01 8.168954e-02
9.332543e-06 4.945252e+01 4.131754e+00 4.962482e+01 8.354991e-02
9.549926e-06 4.942422e+01 4.223332e+00 4.960434e+01 8.545064e-02
9.772372e-06 4.939466e+01 4.316722e+00 4.958293e+01 8.739247e-02
1.000000e-05 4.936379e+01 4.411945e+00 4.956056e+01 8.937613e-02
1.023293e-05 4.933155e+01 4.509020e+00 4.953719e+01 9.140237e-02
1.047129e-05 4.929789e+01 4.607968e+00 4.951278e+01 9.347191e-02
1.071519e-05 4.926274e+01 4.708804e+00 4.948727e+01 9.558552e-02
1.096478e-05 4.922605e+01 4.811547e+00 4.946064e+01 9.774393e-02
1.122018e-05 4.918775e+01 4.916211e+00 4.943282e+01 9.994787e-02
1.148154e-05 4.914779e+01 5.022810e+00 4.940378e+01 1.021981e-01
1.174898e-05 4.910608e+01 5.131356e+00 4.937346e+01 1.044953e-01
1.202264e-05 4.906258e+01 5.241861e+00 4.934180e+01 1.068403e-01
1.230269e-05 4.901719e+01 5.354332e+00 4.930876e+01 1.092337e-01
1.258925e-05 4.896986e+01 5.468776e+00 4.927428e+01 1.116764e-01
1.288250e-05 4.892051e+01 5.585198e+00 4.923831e+01 1.141688e-01
1.318257e-05 4.886906e+01 5.703600e+00 4.920077e+01 1.167119e-01
1.348963e-05 4.881543e+01 5.823983e+00 4.916162e+01 1.193062e-01
1.380384e-05 4.875954e+01 5.946342e+00 4.912078e+01 1.219524e-01
1.412538e-05 4.870130e+01 6.070673e+00 4.907820e+01 1.246511e-01
1.445440e-05 4.864064e+01 6.196967e+00 4.903381e+01 1.274031e-01
1.479108e-05 4.857747e+01 6.325211e+00 4.898754e+01 1.302087e-01
1.513561e-05 4.851170e+01 6.455391e+00 4.893932e+01 1.330687e-01
1.548817e-05 4.844323e+01 6.587487e+00 4.888907e+01 1.359836e-01
1.584893e-05 4.837198e+01 6.721476e+00 4.883674e+01 1.389539e-01
1.621810e-05 4.829785e+01 6.857333e+00 4.878223e+01 1.419801e-01
1.659587e-05 4.822076e+01 6.995026e+00 4.872547e+01 1.450625e-01
1.698244e-05 4.814060e+01 7.134518e+00 4.866640e+01 1.482017e-01
1.737801e-05 4.805727e+01 7.275771e+00 4.860492e+01 1.513979e-01
1.778279e-05 4.797068e+01 7.418739e+00 4.854095e+01 1.546515e-01
1.819701e-05 4.788074e+01 7.563372e+00 4.847442e+01 1.579627e-01
1.862087e-05 4.778733e+01 7.709615e+00 4.840524e+01 1.613318e-01
1.905461e-05 4.769038e+01 7.857407e+00 4.833333e+01 1.647587e-01
1.949845e-05 4.758976e+01 8.006680e+00 4.825860e+01 1.682438e-01
1.995262e-05 4.748540e+01 8.157364e+00 4.818097e+01 1.717868e-01
2.041738e-05 4.737718e+01 8.309378e+00 4.810035e+01 1.753878e-01
2.089296e-05 4.726502e+01 8.462640e+00 4.801665e+01 1.790466e-01
2.137962e-05 4.714882e+01 8.617057e+00 4.792979e+01 1.827629e-01
2.187762e-05 4.702849e+01 8.772532e+00 4.783969e+01 1.865366e-01
2.238721e-05 4.690393e+01 8.928962e+00 4.774625e+01 1.903670e-01
2.290868e-05 4.677505e+01 9.086235e+00 4.764940e+01 1.942539e-01
2.344229e-05 4.664178e+01 9.244234e+00 4.754905e+01 1.981964e-01
2.398833e-05 4.650404e+01 9.402836e+00 4.744511e+01 2.021940e-01
2.454709e-05 4.636173e+01 9.561909e+00 4.733752e+01 2.062457e-01
2.511886e-05 4.621480e+01 9.721316e+00 4.722618e+01 2.103507e-01
2.570396e-05 4.606318e+01 9.880914e+00 4.711102e+01 2.145079e-01
2.630268e-05 4.590679e+01 1.004055e+01 4.699198e+01 2.187160e-01
2.691535e-05 4.574560e+01 1.020007e+01 4.686898e+01 2.229738e-01
2.754229e-05 4.557954e+01 1.035931e+01 4.674195e+01 2.272798e-01
2.818383e-05 4.540858e+01 1.051810e+01 4.661083e+01 2.316325e-01
2.884032e-05 4.523269e+01 1.067627e+01 4.647557e+01 2.360300e-01
2.951209e-05 4.505183e+01 1.083364e+01 4.633611e+01 2.404705e-01
3.019952e-05 4.486600e+01 1.099002e+01 4.619241e+01 2.449520e-01
3.090295e-05 4.467519e+01 1.114522e+01 4.604442e+01 2.494723e-01
3.162278e-05 4.447939e+01 1.129906e+01 4.589211e+01 2.540292e-01
3.235937e-05 4.427864e+01 1.145134e+01 4.573545e+01 2.586200e-01
3.311311e-05 4.407294e+01 1.160186e+01 4.557442e+01 2.632423e-01
3.388442e-05 4.386234e+01 1.175042e+01 4.540900e+01 2.678932e-01
3.467369e-05 4.364689e+01 1.189683e+01 4.523920e+01 2.725699e-01
3.548134e-05 4.342664e+01 1.204087e+01 4.506501e+01 2.772693e-01
3.630781e-05 4.320167e+01 1.218236e+01 4.488645e+01 2.819881e-01
3.715352e-05 4.297205e+01 1.232108e+01 4.470354e+01 2.867231e-01
3.801894e-05 4.273790e+01 1.245685e+01 4.451631e+01 2.914709e-01
3.890451e-05 4.249932e+01 1.258948e+01 4.432479e+01 2.962277e-01
3.981072e-05 4.225643e+01 1.271876e+01 4.412904e+01 3.009900e-01
4.073803e-05 4.200936e+01 1.284452e+01 4.392912e+01 3.057539e-01
4.168694e-05 4.175826e+01 1.296659e+01 4.372510e+01 3.105155e-01
4.265795e-05 4.150329e+01 1.308478e+01 4.351706e+01 3.152709e-01
4.365158e-05 4.124462e+01 1.319894e+01 4.330509e+01 3.200161e-01
4.466836e-05 4.098244e+01 1.330892e+01 4.308929e+01 3.247469e-01
4.570882e-05 4.071692e+01 1.341456e+01 4.286978e+01 3.294592e-01
4.677351e-05 4.044827e+01 1.351574e+01 4.264667e+01 3.341488e-01
4.786301e-05 4.017671e+01 1.361234e+01 4.242009e+01 3.388116e-01
4.897788e-05 3.990245e+01 1.370424e+01 4.219018e+01 3.434435e-01
5.011872e-05 3.962571e+01 1.379135e+01 4.195710e+01 3.480404e-01
5.128614e-05 3.934673e+01 1.387358e+01 4.172099e+01 3.525982e-01
5.248075e-05 3.906574e+01 1.395088e+01 4.148203e+01 3.571129e-01
5.370318e-05 3.878299e+01 1.402318e+01 4.124039e+01 3.615807e-01
5.495409e-05 3.849871e+01 1.409044e+01 4.099623e+01 3.659978e-01
5.623413e-05 3.821316e+01 1.415265e+01 4.074976e+01 3.703606e-01
5.754399e-05 3.792658e+01 1.420979e+01 4.050115e+01 3.746657e-01
5.888437e-05 3.763921e+01 1.426187e+01 4.025061e+01 3.789099e-01
6.025596e-05 3.735131e+01 1.430891e+01 3.999832e+01 3.830900e-01
6.165950e-05 3.706311e+01 1.435096e+01 3.974449e+01 3.872033e-01
6.309573e-05 3.677485e+01 1.438806e+01 3.948932e+01 3.912472e-01
6.456542e-05 3.648677e+01 1.442028e+01 3.923300e+01 3.952194e-01
6.606934e-05 3.619908e+01 1.444770e+01 3.897575e+01 3.991178e-01
6.760830e-05 3.591201e+01 1.447042e+01 3.871776e+01 4.029409e-01
6.918310e-05 3.562576e+01 1.448854e+01 3.845923e+01 4.066870e-01
7.079458e-05 3.534055e+01 1.450218e+01 3.820036e+01 4.103553e-01
7.244360e-05 3.505655e+01 1.451148e+01 3.794133e+01 4.139448e-01
7.413102e-05 3.477394e+01 1.451657e+01 3.768233e+01 4.174553e-01
7.585776e-05 3.449291e+01 1.451760e+01 3.742354e+01 4.208865e-01
7.762471e-05 3.421359e+01 1.451474e+01 3.716514e+01 4.242389e-01
7.943282e-05 3.393614e+01 1.450814e+01 3.690728e+01 4.275130e-01
8.128305e-05 3.366068e+01 1.449798e+01 3.665014e+01 4.307097e-01
8.317638e-05 3.338733e+01 1.448444e+01 3.639385e+01 4.338305e-01
8.511380e-05 3.311619e+01 1.446769e+01 3.613856e+01 4.368768e-01
8.709636e-05 3.284734e+01 1.444793e+01 3.588441e+01 4.398507e-01
8.912509e-05 3.258088e+01 1.442532e+01 3.563150e+01 4.427543e-01
9.120108e-05 3.231685e+01 1.440007e+01 3.537995e+01 4.455903e-01
9.332543e-05 3.205530e+01 1.437236e+01 3.512985e+01 4.483614e-01
9.549926e-05 3.179626e+01 1.434236e+01 3.488130e+01 4.510706e-01
9.772372e-05 3.153976e+01 1.431026e+01 3.463438e+01 4.537213e-01
1.000000e-04 3.128581e+01 1.427624e+01 3.438914e+01 4.563169e-01
1.023293e-04 3.103439e+01 1.424047e+01 3.414564e+01 4.588610e-01
1.047129e-04 3.078550e+01 1.420312e+01 3.390392e+01 4.613575e-01
1.071519e-04 3.053911e+01 1.416435e+01 3.366402e+01 4.638103e-01
1.096478e-04 3.029517e+01 1.412432e+01 3.342595e+01 4.662235e-01
1.122018e-04 3.005365e+01 1.408317e+01 3.318972e+01 4.686010e-01
1.148154e-04 2.981449e+01 1.404104e+01 3.295534e+01 4.709470e-01
1.174898e-04 2.957762e+01 1.399807e+01 3.272279e+01 4.732657e-01
1.202264e-04 2.934296e+01 1.395437e+01 3.249206e+01 4.755611e-01
1.230269e-04 2.911046e+01 1.391006e+01 3.226311e+01 4.778373e-01
1.258925e-04 2.888001e+01 1.386524e+01 3.203591e+01 4.800982e-01
1.288250e-04 2.865153e+01 1.382000e+01 3.181041e+01 4.823477e-01
1.318257e-04 2.842493e+01 1.377442e+01 3.158657e+01 4.845895e-01
1.348963e-04 2.820011e+01 1.372858e+01 3.136431e+01 4.868271e-01
1.380384e-04 2.797698e+01 1.368253e+01 3.114359e+01 4.890639e-01
1.412538e-04 2.775543e+01 1.363633e+01 3.092432e+01 4.913029e-01
1.445440e-04 2.753537e+01 1.359001e+01 3.070643e+01 4.935472e-01
1.479108e-04 2.731670e+01 1.354360e+01 3.048985e+01 4.957993e-01
1.513561e-04 2.709932e+01 1.349713e+01 3.027450e+01 4.980616e-01
1.548817e-04 2.688313e+01 1.345060e+01 3.006029e+01 5.003361e-01
1.584893e-04 2.666803e+01 1.340401e+01 2.984714e+01 5.026246e-01
1.621810e-04 2.645395e+01 1.335735e+01 2.963496e+01 5.049284e-01
1.659587e-04 2.624080e+01 1.331061e+01 2.942366e+01 5.072487e-01
1.698244e-04 2.602849e+01 1.326376e+01 2.921317e+01 5.095861e-01
1.737801e-04 2.581695e+01 1.321675e+01 2.900340e+01 5.119410e-01
1.778279e-04 2.560610e+01 1.316956e+01 2.879427e+01 5.143134e-01
1.819701e-04 2.539590e+01 1.312213e+01 2.858570e+01 5.167029e-01
1.862087e-04 2.518627e+01 1.307441e+01 2.837761e+01 5.191087e-01
1.905461e-04 2.497719e+01 1.302635e+01 2.816994e+01 5.215298e-01
1.949845e-04 2.476859e+01 1.297786e+01 2.796262e+01 5.239645e-01
1.995262e-04 2.456046e+01 1.292890e+01 2.775558e+01 5.264111e-01
2.041738e-04 2.435276e+01 1.287938e+01 2.754878e+01 5.288673e-01
2.089296e-04 2.414549e+01 1.282924e+01 2.734216e+01 5.313305e-01
2.137962e-04 2.393863e+01 1.277839e+01 2.713569e+01 5.337979e-01
2.187762e-04 2.373220e+01 1.272677e+01 2.692932e+01 5.362661e-01
2.238721e-04 2.352619e+01 1.267431e+01 2.672302e+01 5.387316e-01
2.290868e-04 2.332064e+01 1.262091e+01 2.651678e+01 5.411907e-01
2.344229e-04 2.311556e+01 1.256652e+01 2.631058e+01 5.436391e-01
2.398833e-04 2.291100e+01 1.251107e+01 2.610442e+01 5.460725e-01
2.454709e-04 2.270700e+01 1.245448e+01 2.589830e+01 5.484864e-01
2.511886e-04 2.250361e+01 1.239669e+01 2.569222e+01 5.508759e-01
2.570396e-04 2.230088e+01 1.233766e+01 2.548621e+01 5.532362e-01
2.630268e-04 2.209889e+01 1.227731e+01 2.528030e+01 5.555621e-01
2.691535e-04 2.189771e+01 1.221560e+01 2.507450e+01 5.578484e-01
2.754229e-04 2.169741e+01 1.215250e+01 2.486888e+01 5.600900e-01
2.818383e-04 2.149808e+01 1.208797e+01 2.466346e+01 5.622815e-01
2.884032e-04 2.129980e+01 1.202198e+01 2.445832e+01 5.644175e-01
2.951209e-04 2.110265e+01 1.195451e+01 2.425350e+01 5.664930e-01
3.019952e-04 2.090675e+01 1.188554e+01 2.404908e+01 5.685026e-01
3.090295e-04 2.071217e+01 1.181508e+01 2.384513e+01 5.704413e-01
3.162278e-04 2.051902e+01 1.174312e+01 2.364172e+01 5.723041e-01
3.235937e-04 2.032739e+01 1.166968e+01 2.343895e+01 5.740864e-01
3.311311e-04 2.013739e+01 1.159478e+01 2.323690e+01 5.757835e-01
3.388442e-04 1.994910e+01 1.151844e+01 2.303565e+01 5.773913e-01
3.467369e-04 1.976262e+01 1.144070e+01 2.283530e+01 5.789058e-01
3.548134e-04 1.957805e+01 1.136160e+01 2.263595e+01 5.803233e-01
3.630781e-04 1.939548e+01 1.128120e+01 2.243769e+01 5.816404e-01
3.715352e-04 1.921499e+01 1.119954e+01 2.224063e+01 5.828544e-01
3.801894e-04 1.903666e+01 1.111670e+01 2.204486e+01 5.839627e-01
3.890451e-04 1.886059e+01 1.103275e+01 2.185047e+01 5.849632e-01
3.981072e-04 1.868682e+01 1.094776e+01 2.165758e+01 5.858544e-01
4.073803e-04 1.851545e+01 1.086181e+01 2.146627e+01 5.866351e-01
4.168694e-04 1.834653e+01 1.077500e+01 2.127665e+01 5.873046e-01
4.265795e-04 1.818011e+01 1.068741e+01 2.108879e+01 5.878628e-01
4.365158e-04 1.801625e+01 1.059914e+01 2.090280e+01 5.883101e-01
4.466836e-04 1.785498e+01 1.051029e+01 2.071875e+01 5.886473e-01
4.570882e-04 1.769636e+01 1.042096e+01 2.053673e+01 5.888758e-01
4.677351e-04 1.754040e+01 1.033125e+01 2.035682e+01 5.889975e-01
4.786301e-04 1.738713e+01 1.024127e+01 2.017909e+01 5.890148e-01
4.897788e-04 1.723656e+01 1.015113e+01 2.000361e+01 5.889305e-01
5.011872e-04 1.708870e+01 1.006094e+01 1.983044e+01 5.887480e-01
5.128614e-04 1.694356e+01 9.970795e+00 1.965963e+01 5.884710e-01
5.248075e-04 1.680113e+01 9.880811e+00 1.949124e+01 5.881039e-01
5.370318e-04 1.666140e+01 9.791091e+00 1.932531e+01 5.876512e-01
5.495409e-04 1.652434e+01 9.701741e+00 1.916188e+01 5.871181e-01
5.623413e-04 1.638994e+01 9.612863e+00 1.900098e+01 5.865099e-01
5.754399e-04 1.625817e+01 9.524558e+00 1.884264e+01 5.858323e-01
5.888437e-04 1.612897e+01 9.436924e+00 1.868688e+01 5.850914e-01
6.025596e-04 1.600233e+01 9.350056e+00 1.853370e+01 5.842935e-01
6.165950e-04 1.587818e+01 9.264045e+00 1.838312e+01 5.834451e-01
6.309573e-04 1.575647e+01 9.178980e+00 1.823513e+01 5.825530e-01
6.456542e-04 1.563715e+01 9.094945e+00 1.808973e+01 5.816242e-01
6.606934e-04 1.552016e+01 9.012020e+00 1.794691e+01 5.806655e-01
6.760830e-04 1.540542e+01 8.930280e+00 1.780665e+01 5.796843e-01
6.918310e-04 1.529287e+01 8.849799e+00 1.766893e+01 5.786877e-01
7.079458e-04 1.518245e+01 8.770641e+00 1.753371e+01 5.776830e-01
7.244360e-04 1.507406e+01 8.692870e+00 1.740096e+01 5.766774e-01
7.413102e-04 1.496764e+01 8.616543e+00 1.727064e+01 5.756782e-01
7.585776e-04 1.486310e+01 8.541712e+00 1.714271e+01 5.746925e-01
7.762471e-04 1.476036e+01 8.468425e+00 1.701712e+01 5.737276e-01
7.943282e-04 1.465934e+01 8.396725e+00 1.689382e+01 5.727902e-01
8.128305e-04 1.455994e+01 8.326648e+00 1.677275e+01 5.718874e-01
8.317638e-04 1.446209e+01 8.258229e+00 1.665384e+01 5.710258e-01
8.511380e-04 1.436570e+01 8.191494e+00 1.653705e+01 5.702119e-01
8.709636e-04 1.427068e+01 8.126467e+00 1.642229e+01 5.694521e-01
8.912509e-04 1.417693e+01 8.063165e+00 1.630951e+01 5.687524e-01
9.120108e-04 1.408438e+01 8.001602e+00 1.619862e+01 5.681189e-01
9.332543e-04 1.399293e+01 7.941786e+00 1.608956e+01 5.675570e-01
9.549926e-04 1.390250e+01 7.883721e+00 1.598226e+01 5.670723e-01
9.772372e-04 1.381299e+01 7.827406e+00 1.587662e+01 5.666697e-01
1.000000e-03 1.372434e+01 7.772837e+00 1.577258e+01 5.663543e-01
1.023293e-03 1.363644e+01 7.720003e+00 1.567006e+01 5.661305e-01
1.047129e-03 1.354922e+01 7.668892e+00 1.556898e+01 5.660027e-01
1.071519e-03 1.346259e+01 7.619486e+00 1.546926e+01 5.659748e-01
1.096478e-03 1.337648e+01 7.571764e+00 1.537081e+01 5.660505e-01
1.122018e-03 1.329081e+01 7.525699e+00 1.527356e+01 5.662333e-01
1.148154e-03 1.320550e+01 7.481264e+00 1.517744e+01 5.665262e-01
1.174898e-03 1.312049e+01 7.438426e+00 1.508235e+01 5.669321e-01
1.202264e-03 1.303569e+01 7.397149e+00 1.498823e+01 5.674535e-01
1.230269e-03 1.295105e+01 7.357395e+00 1.489500e+01 5.680925e-01
1.258925e-03 1.286650e+01 7.319121e+00 1.480258e+01 5.688512e-01
1.288250e-03 1.278197e+01 7.282284e+00 1.471089e+01 5.697311e-01
1.318257e-03 1.269740e+01 7.246835e+00 1.461987e+01 5.707336e-01
1.348963e-03 1.261275e+01 7.212726e+00 1.452945e+01 5.718598e-01
1.380384e-03 1.252796e+01 7.179905e+00 1.443956e+01 5.731106e-01
1.412538e-03 1.244297e+01 7.148317e+00 1.435012e+01 5.744863e-01
1.445440e-03 1.235775e+01 7.117908e+00 1.426109e+01 5.759874e-01
1.479108e-03 1.227225e+01 7.088619e+00 1.417239e+01 5.776138e-01
1.513561e-03 1.218643e+01 7.060392e+00 1.408397e+01 5.793653e-01
1.548817e-03 1.210025e+01 7.033166e+00 1.399577e+01 5.812414e-01
1.584893e-03 1.201369e+01 7.006881e+00 1.390773e+01 5.832415e-01
1.621810e-03 1.192671e+01 6.981475e+00 1.381982e+01 5.853646e-01
1.659587e-03 1.183930e+01 6.956885e+00 1.373198e+01 5.876096e-01
1.698244e-03 1.175142e+01 6.933048e+00 1.364416e+01 5.899752e-01
1.737801e-03 1.166307e+01 6.909901e+00 1.355633e+01 5.924597e-01
1.778279e-03 1.157423e+01 6.887382e+00 1.346844e+01 5.950615e-01
1.819701e-03 1.148490e+01 6.865426e+00 1.338047e+01 5.977787e-01
1.862087e-03 1.139505e+01 6.843973e+00 1.329237e+01 6.006092e-01
1.905461e-03 1.130470e+01 6.822960e+00 1.320413e+01 6.035507e-01
1.949845e-03 1.121384e+01 6.802326e+00 1.311571e+01 6.066010e-01
1.995262e-03 1.112248e+01 6.782012e+00 1.302709e+01 6.097574e-01
2.041738e-03 1.103062e+01 6.761960e+00 1.293826e+01 6.130173e-01
2.089296e-03 1.093827e+01 6.742112e+00 1.284920e+01 6.163781e-01
2.137962e-03 1.084546e+01 6.722413e+00 1.275989e+01 6.198367e-01
2.187762e-03 1.075219e+01 6.702811e+00 1.267033e+01 6.233904e-01
2.238721e-03 1.065848e+01 6.683252e+00 1.258050e+01 6.270361e-01
2.290868e-03 1.056436e+01 6.663689e+00 1.249041e+01 6.307708e-01
2.344229e-03 1.046985e+01 6.644075e+00 1.240006e+01 6.345913e-01
2.398833e-03 1.037497e+01 6.624363e+00 1.230944e+01 6.384945e-01
2.454709e-03 1.027976e+01 6.604514e+00 1.221856e+01 6.424772e-01
2.511886e-03 1.018425e+01 6.584486e+00 1.212742e+01 6.465364e-01
2.570396e-03 1.008846e+01 6.564245e+00 1.203604e+01 6.506687e-01
2.630268e-03 9.992431e+00 6.543754e+00 1.194443e+01 6.548711e-01
2.691535e-03 9.896198e+00 6.522985e+00 1.185260e+01 6.591405e-01
2.754229e-03 9.799794e+00 6.501908e+00 1.176056e+01 6.634739e-01
2.818383e-03 9.703258e+00 6.480498e+00 1.166834e+01 6.678683e-01
2.884032e-03 9.606624e+00 6.458733e+00 1.157594e+01 6.723208e-01
2.951209e-03 9.509931e+00 6.436594e+00 1.148340e+01 6.768287e-01
3.019952e-03 9.413216e+00 6.414063e+00 1.139073e+01 6.813891e-01
3.090295e-03 9.316516e+00 6.391127e+00 1.129796e+01 6.859997e-01
3.162278e-03 9.219868e+00 6.367776e+00 1.120511e+01 6.906580e-01
3.235937e-03 9.123309e+00 6.343999e+00 1.111220e+01 6.953617e-01
3.311311e-03 9.026874e+00 6.319793e+00 1.101927e+01 7.001086e-01
3.388442e-03 8.930599e+00 6.295152e+00 1.092632e+01 7.048970e-01
3.467369e-03 8.834517e+00 6.270077e+00 1.083340e+01 7.097249e-01
3.548134e-03 8.738662e+00 6.244569e+00 1.074052e+01 7.145909e-01
3.630781e-03 8.643066e+00 6.218630e+00 1.064772e+01 7.194936e-01
3.715352e-03 8.547758e+00 6.192267e+00 1.055501e+01 7.244317e-01
3.801894e-03 8.452767e+00 6.165485e+00 1.046243e+01 7.294044e-01
3.890451e-03 8.358121e+00 6.138295e+00 1.037000e+01 7.344109e-01
3.981072e-03 8.263845e+00 6.110706e+00 1.027774e+01 7.394507e-01
4.073803e-03 8.169963e+00 6.082729e+00 1.018567e+01 7.445235e-01
4.168694e-03 8.076497e+00 6.054378e+00 1.009382e+01 7.496292e-01
4.265795e-03 7.983467e+00 6.025665e+00 1.000222e+01 7.547680e-01
4.365158e-03 7.890890e+00 5.996605e+00 9.910874e+00 7.599402e-01
4.466836e-03 7.798784e+00 5.967213e+00 9.819810e+00 7.651465e-01
4.570882e-03 7.707163e+00 5.937504e+00 9.729045e+00 7.703877e-01
4.677351e-03 7.616039e+00 5.907494e+00 9.638596e+00 7.756648e-01
4.786301e-03 7.525424e+00 5.877198e+00 9.548479e+00 7.809790e-01
4.897788e-03 7.435325e+00 5.846632e+00 9.458709e+00 7.863317e-01
5.011872e-03 7.345751e+00 5.815812e+00 9.369297e+00 7.917246e-01
5.128614e-03 7.256707e+00 5.784752e+00 9.280256e+00 7.971594e-01
5.248075e-03 7.168197e+00 5.753468e+00 9.191596e+00 8.026381e-01
5.370318e-03 7.080223e+00 5.721972e+00 9.103325e+00 8.081628e-01
5.495409e-03 6.992786e+00 5.690279e+00 9.015450e+00 8.137356e-01
5.623413e-03 6.905887e+00 5.658401e+00 8.927978e+00 8.193590e-01
5.754399e-03 6.819524e+00 5.626349e+00 8.840911e+00 8.250354e-01
5.888437e-03 6.733695e+00 5.594133e+00 8.754254e+00 8.307672e-01
6.025596e-03 6.648396e+00 5.561763e+00 8.668009e+00 8.365572e-01
6.165950e-03 6.563622e+00 5.529247e+00 8.582174e+00 8.424079e-01
6.309573e-03 6.479370e+00 5.496592e+00 8.496751e+00 8.483220e-01
6.456542e-03 6.395635e+00 5.463804e+00 8.411736e+00 8.543021e-01
6.606934e-03 6.312409e+00 5.430887e+00 8.327127e+00 8.603509e-01
6.760830e-03 6.229688e+00 5.397844e+00 8.242920e+00 8.664710e-01
6.918310e-03 6.147465e+00 5.364676e+00 8.159110e+00 8.726648e-01
7.079458e-03 6.065735e+00 5.331386e+00 8.075693e+00 8.789349e-01
7.244360e-03 5.984491e+00 5.297971e+00 7.992661e+00 8.852835e-01
7.413102e-03 5.903728e+00 5.264430e+00 7.910008e+00 8.917128e-01
7.585776e-03 5.823441e+00 5.230760e+00 7.827728e+00 8.982249e-01
7.762471e-03 5.743626e+00 5.196957e+00 7.745812e+00 9.048215e-01
7.943282e-03 5.664278e+00 5.163015e+00 7.664253e+00 9.115044e-01
8.128305e-03 5.585395e+00 5.128928e+00 7.583043e+00 9.182749e-01
8.317638e-03 5.506975e+00 5.094690e+00 7.502176e+00 9.251342e-01
8.511380e-03 5.429015e+00 5.060293e+00 7.421642e+00 9.320831e-01
8.709636e-03 5.351516e+00 5.025729e+00 7.341436e+00 9.391223e-01
8.912509e-03 5.274480e+00 4.990987e+00 7.261549e+00 9.462521e-01
9.120108e-03 5.197907e+00 4.956061e+00 7.181975e+00 9.534724e-01
9.332543e-03 5.121801e+00 4.920938e+00 7.102709e+00 9.607829e-01
9.549926e-03 5.046166e+00 4.885611e+00 7.023745e+00 9.681827e-01
9.772372e-03 4.971009e+00 4.850069e+00 6.945078e+00 9.756709e-01
1.000000e-02 4.896337e+00 4.814303e+00 6.866704e+00 9.832459e-01
1.023293e-02 4.822157e+00 4.778303e+00 6.788621e+00 9.909058e-01
1.047129e-02 4.748479e+00 4.742061e+00 6.710826e+00 9.986484e-01
1.071519e-02 4.675314e+00 4.705567e+00 6.633319e+00 1.006471e+00
1.096478e-02 4.602673e+00 4.668814e+00 6.556098e+00 1.014370e+00
1.122018e-02 4.530570e+00 4.631796e+00 6.479166e+00 1.022343e+00
1.148154e-02 4.459018e+00 4.594504e+00 6.402524e+00 1.030385e+00
1.174898e-02 4.388032e+00 4.556935e+00 6.326175e+00 1.038492e+00
1.202264e-02 4.317629e+00 4.519084e+00 6.250123e+00 1.046659e+00
1.230269e-02 4.247824e+00 4.480949e+00 6.174375e+00 1.054881e+00
1.258925e-02 4.178634e+00 4.442526e+00 6.098936e+00 1.063153e+00
1.288250e-02 4.110078e+00 4.403815e+00 6.023814e+00 1.071468e+00
1.318257e-02 4.042173e+00 4.364818e+00 5.949017e+00 1.079820e+00
1.348963e-02 3.974939e+00 4.325536e+00 5.874555e+00 1.088202e+00
1.380384e-02 3.908392e+00 4.285972e+00 5.800439e+00 1.096608e+00
1.412538e-02 3.842553e+00 4.246133e+00 5.726680e+00 1.105029e+00
1.445440e-02 3.777440e+00 4.206023e+00 5.653290e+00 1.113459e+00
1.479108e-02 3.713071e+00 4.165652e+00 5.580282e+00 1.121889e+00
1.513561e-02 3.649464e+00 4.125028e+00 5.507671e+00 1.130311e+00
1.548817e-02 3.586637e+00 4.084161e+00 5.435470e+00 1.138716e+00
1.584893e-02 3.524606e+00 4.043064e+00 5.363695e+00 1.147097e+00
1.621810e-02 3.463390e+00 4.001751e+00 5.292360e+00 1.155443e+00
1.659587e-02 3.403002e+00 3.960235e+00 5.221483e+00 1.163747e+00
1.698244e-02 3.343458e+00 3.918532e+00 5.151078e+00 1.172000e+00
1.737801e-02 3.284772e+00 3.876659e+00 5.081163e+00 1.180191e+00
1.778279e-02 3.226956e+00 3.834634e+00 5.011753e+00 1.188313e+00
1.819701e-02 3.170022e+00 3.792476e+00 4.942865e+00 1.196356e+00
1.862087e-02 3.113981e+00 3.750203e+00 4.874515e+00 1.204312e+00
1.905461e-02 3.058841e+00 3.707837e+00 4.806721e+00 1.212171e+00
1.949845e-02 3.004611e+00 3.665398e+00 4.739496e+00 1.219924e+00
1.995262e-02 2.951297e+00 3.622907e+00 4.672859e+00 1.227565e+00
2.041738e-02 2.898904e+00 3.580387e+00 4.606822e+00 1.235083e+00
2.089296e-02 2.847436e+00 3.537859e+00 4.541402e+00 1.242472e+00
2.137962e-02 2.796896e+00 3.495345e+00 4.476613e+00 1.249723e+00
2.187762e-02 2.747285e+00 3.452869e+00 4.412469e+00 1.256829e+00
2.238721e-02 2.698603e+00 3.410452e+00 4.348982e+00 1.263784e+00
2.290868e-02 2.650848e+00 3.368117e+00 4.286164e+00 1.270581e+00
2.344229e-02 2.604017e+00 3.325885e+00 4.224029e+00 1.277213e+00
2.398833e-02 2.558106e+00 3.283779e+00 4.162585e+00 1.283676e+00
2.454709e-02 2.513110e+00 3.241820e+00 4.101843e+00 1.289963e+00
2.511886e-02 2.469022e+00 3.200029e+00 4.041813e+00 1.296071e+00
2.570396e-02 2.425834e+00 3.158426e+00 3.982502e+00 1.301996e+00
2.630268e-02 2.383538e+00 3.117031e+00 3.923918e+00 1.307733e+00
2.691535e-02 2.342124e+00 3.075863e+00 3.866068e+00 1.313280e+00
2.754229e-02 2.301581e+00 3.034941e+00 3.808956e+00 1.318633e+00
2.818383e-02 2.261897e+00 2.994283e+00 3.752586e+00 1.323793e+00
2.884032e-02 2.223060e+00 2.953904e+00 3.696964e+00 1.328756e+00
2.951209e-02 2.185057e+00 2.913821e+00 3.642091e+00 1.333522e+00
3.019952e-02 2.147874e+00 2.874050e+00 3.587969e+00 1.338091e+00
3.090295e-02 2.111496e+00 2.834604e+00 3.534600e+00 1.342462e+00
3.162278e-02 2.075908e+00 2.795497e+00 3.481982e+00 1.346638e+00
3.235937e-02 2.041096e+00 2.756740e+00 3.430115e+00 1.350618e+00
3.311311e-02 2.007043e+00 2.718346e+00 3.378998e+00 1.354404e+00
3.388442e-02 1.973732e+00 2.680325e+00 3.328628e+00 1.357998e+00
3.467369e-02 1.941149e+00 2.642687e+00 3.279002e+00 1.361403e+00
3.548134e-02 1.909275e+00 2.605439e+00 3.230115e+00 1.364622e+00
3.630781e-02 1.878095e+00 2.568590e+00 3.181964e+00 1.367657e+00
3.715352e-02 1.847592e+00 2.532146e+00 3.134543e+00 1.370512e+00
3.801894e-02 1.817748e+00 2.496114e+00 3.087846e+00 1.373190e+00
3.890451e-02 1.788548e+00 2.460498e+00 3.041867e+00 1.375696e+00
3.981072e-02 1.759974e+00 2.425303e+00 2.996599e+00 1.378034e+00
4.073803e-02 1.732010e+00 2.390532e+00 2.952034e+00 1.380207e+00
4.168694e-02 1.704641e+00 2.356188e+00 2.908165e+00 1.382219e+00
4.265795e-02 1.677850e+00 2.322272e+00 2.864983e+00 1.384077e+00
4.365158e-02 1.651620e+00 2.288787e+00 2.822480e+00 1.385783e+00
4.466836e-02 1.625938e+00 2.255732e+00 2.780647e+00 1.387342e+00
4.570882e-02 1.600787e+00 2.223108e+00 2.739476e+00 1.388759e+00
4.677351e-02 1.576154e+00 2.190913e+00 2.698956e+00 1.390038e+00
4.786301e-02 1.552023e+00 2.159148e+00 2.659078e+00 1.391183e+00
4.897788e-02 1.528381e+00 2.127811e+00 2.619833e+00 1.392200e+00
5.011872e-02 1.505214e+00 2.096899e+00 2.581212e+00 1.393091e+00
5.128614e-02 1.482508e+00 2.066410e+00 2.543203e+00 1.393861e+00
5.248075e-02 1.460253e+00 2.036342e+00 2.505798e+00 1.394513e+00
5.370318e-02 1.438434e+00 2.006690e+00 2.468987e+00 1.395052e+00
5.495409e-02 1.417040e+00 1.977453e+00 2.432760e+00 1.395482e+00
5.623413e-02 1.396059e+00 1.948626e+00 2.397107e+00 1.395804e+00
5.754399e-02 1.375482e+00 1.920205e+00 2.362020e+00 1.396023e+00
5.888437e-02 1.355296e+00 1.892186e+00 2.327487e+00 1.396142e+00
6.025596e-02 1.335492e+00 1.864566e+00 2.293501e+00 1.396164e+00
6.165950e-02 1.316060e+00 1.837339e+00 2.260051e+00 1.396090e+00
6.309573e-02 1.296991e+00 1.810502e+00 2.227129e+00 1.395924e+00
6.456542e-02 1.278276e+00 1.784049e+00 2.194726e+00 1.395668e+00
6.606934e-02 1.259905e+00 1.757977e+00 2.162832e+00 1.395325e+00
6.760830e-02 1.241871e+00 1.732280e+00 2.131440e+00 1.394895e+00
6.918310e-02 1.224166e+00 1.706954e+00 2.100541e+00 1.394381e+00
7.079458e-02 1.206781e+00 1.681994e+00 2.070127e+00 1.393786e+00
7.244360e-02 1.189710e+00 1.657396e+00 2.040189e+00 1.393109e+00
7.413102e-02 1.172946e+00 1.633155e+00 2.010721e+00 1.392353e+00
7.585776e-02 1.156481e+00 1.609267e+00 1.981714e+00 1.391520e+00
7.762471e-02 1.140310e+00 1.585727e+00 1.953161e+00 1.390611e+00
7.943282e-02 1.124425e+00 1.562530e+00 1.925054e+00 1.389626e+00
8.128305e-02 1.108821e+00 1.539673e+00 1.897387e+00 1.388568e+00
8.317638e-02 1.093491e+00 1.517151e+00 1.870152e+00 1.387437e+00
8.511380e-02 1.078431e+00 1.494959e+00 1.843343e+00 1.386235e+00
8.709636e-02 1.063634e+00 1.473094e+00 1.816954e+00 1.384963e+00
8.912509e-02 1.049095e+00 1.451551e+00 1.790977e+00 1.383622e+00
9.120108e-02 1.034808e+00 1.430326e+00 1.765407e+00 1.382214e+00
9.332543e-02 1.020770e+00 1.409416e+00 1.740237e+00 1.380739e+00
9.549926e-02 1.006973e+00 1.388817e+00 1.715461e+00 1.379199e+00
9.772372e-02 9.934152e-01 1.368524e+00 1.691074e+00 1.377595e+00
1.000000e-01 9.800898e-01 1.348534e+00 1.667069e+00 1.375928e+00
1.023293e-01 9.669928e-01 1.328843e+00 1.643441e+00 1.374201e+00
1.047129e-01 9.541196e-01 1.309447e+00 1.620184e+00 1.372414e+00
1.071519e-01 9.414657e-01 1.290344e+00 1.597293e+00 1.370569e+00
1.096478e-01 9.290266e-01 1.271529e+00 1.574762e+00 1.368668e+00
1.122018e-01 9.167982e-01 1.252999e+00 1.552586e+00 1.366712e+00
1.148154e-01 9.047760e-01 1.234750e+00 1.530760e+00 1.364703e+00
1.174898e-01 8.929560e-01 1.216779e+00 1.509279e+00 1.362642e+00
1.202264e-01 8.813341e-01 1.199083e+00 1.488137e+00 1.360532e+00
1.230269e-01 8.699061e-01 1.181659e+00 1.467329e+00 1.358375e+00
1.258925e-01 8.586682e-01 1.164502e+00 1.446850e+00 1.356172e+00
1.288250e-01 8.476165e-01 1.147610e+00 1.426696e+00 1.353926e+00
1.318257e-01 8.367471e-01 1.130979e+00 1.406862e+00 1.351638e+00
1.348963e-01 8.260561e-01 1.114607e+00 1.387342e+00 1.349311e+00
1.380384e-01 8.155400e-01 1.098489e+00 1.368132e+00 1.346947e+00
1.412538e-01 8.051950e-01 1.082623e+00 1.349227e+00 1.344548e+00
1.445440e-01 7.950175e-01 1.067006e+00 1.330622e+00 1.342117e+00
1.479108e-01 7.850040e-01 1.051635e+00 1.312314e+00 1.339655e+00
1.513561e-01 7.751510e-01 1.036505e+00 1.294296e+00 1.337166e+00
1.548817e-01 7.654551e-01 1.021615e+00 1.276566e+00 1.334651e+00
1.584893e-01 7.559130e-01 1.006961e+00 1.259117e+00 1.332113e+00
1.621810e-01 7.465212e-01 9.925405e-01 1.241946e+00 1.329554e+00
1.659587e-01 7.372766e-01 9.783496e-01 1.225049e+00 1.326978e+00
1.698244e-01 7.281761e-01 9.643857e-01 1.208421e+00 1.324385e+00
1.737801e-01 7.192164e-01 9.506456e-01 1.192057e+00 1.321780e+00
1.778279e-01 7.103945e-01 9.371265e-01 1.175953e+00 1.319163e+00
1.819701e-01 7.017074e-01 9.238253e-01 1.160106e+00 1.316539e+00
1.862087e-01 6.931522e-01 9.107390e-01 1.144511e+00 1.313909e+00
1.905461e-01 6.847259e-01 8.978648e-01 1.129164e+00 1.311276e+00
1.949845e-01 6.764257e-01 8.851996e-01 1.114060e+00 1.308643e+00
1.995262e-01 6.682488e-01 8.727405e-01 1.099196e+00 1.306011e+00
2.041738e-01 6.601925e-01 8.604847e-01 1.084568e+00 1.303385e+00
2.089296e-01 6.522542e-01 8.484294e-01 1.070172e+00 1.300765e+00
2.137962e-01 6.444312e-01 8.365715e-01 1.056004e+00 1.298155e+00
2.187762e-01 6.367209e-01 8.249083e-01 1.042059e+00 1.295557e+00
2.238721e-01 6.291209e-01 8.134371e-01 1.028335e+00 1.292974e+00
2.290868e-01 6.216287e-01 8.021549e-01 1.014827e+00 1.290408e+00
2.344229e-01 6.142419e-01 7.910591e-01 1.001533e+00 1.287862e+00
2.398833e-01 6.069581e-01 7.801469e-01 9.884470e-01 1.285339e+00
2.454709e-01 5.997751e-01 7.694156e-01 9.755668e-01 1.282840e+00
2.511886e-01 5.926905e-01 7.588625e-01 9.628885e-01 1.280369e+00
2.570396e-01 5.857022e-01 7.484849e-01 9.504087e-01 1.277927e+00
2.630268e-01 5.788081e-01 7.382802e-01 9.381239e-01 1.275518e+00
2.691535e-01 5.720059e-01 7.282458e-01 9.260306e-01 1.273144e+00
2.754229e-01 5.652937e-01 7.183790e-01 9.141255e-01 1.270807e+00
2.818383e-01 5.586695e-01 7.086774e-01 9.024053e-01 1.268509e+00
2.884032e-01 5.521312e-01 6.991383e-01 8.908666e-01 1.266254e+00
2.951209e-01 5.456769e-01 6.897593e-01 8.795062e-01 1.264043e+00
3.019952e-01 5.393048e-01 6.805379e-01 8.683211e-01 1.261880e+00
3.090295e-01 5.330130e-01 6.714716e-01 8.573080e-01 1.259766e+00
3.162278e-01 5.267998e-01 6.625579e-01 8.464638e-01 1.257703e+00
3.235937e-01 5.206632e-01 6.537945e-01 8.357855e-01 1.255696e+00
3.311311e-01 5.146017e-01 6.451790e-01 8.252702e-01 1.253744e+00
3.388442e-01 5.086136e-01 6.367091e-01 8.149148e-01 1.251852e+00
3.467369e-01 5.026971e-01 6.283824e-01 8.047166e-01 1.250022e+00
3.548134e-01 4.968507e-01 6.201966e-01 7.946725e-01 1.248255e+00
3.630781e-01 4.910728e-01 6.121494e-01 7.847799e-01 1.246555e+00
3.715352e-01 4.853619e-01 6.042387e-01 7.750359e-01 1.244924e+00
3.801894e-01 4.797165e-01 5.964622e-01 7.654378e-01 1.243364e+00
3.890451e-01 4.741351e-01 5.888177e-01 7.559831e-01 1.241878e+00
3.981072e-01 4.686162e-01 5.813032e-01 7.466689e-01 1.240467e+00
4.073803e-01 4.631585e-01 5.739163e-01 7.374929e-01 1.239136e+00
4.168694e-01 4.577605e-01 5.666552e-01 7.284523e-01 1.237886e+00
4.265795e-01 4.524209e-01 5.595176e-01 7.195447e-01 1.236719e+00
4.365158e-01 4.471384e-01 5.525016e-01 7.107677e-01 1.235639e+00
4.466836e-01 4.419117e-01 5.456051e-01 7.021188e-01 1.234648e+00
4.570882e-01 4.367394e-01 5.388262e-01 6.935957e-01 1.233748e+00
4.677351e-01 4.316204e-01 5.321630e-01 6.851960e-01 1.232942e+00
4.786301e-01 4.265535e-01 5.256133e-01 6.769175e-01 1.232233e+00
4.897788e-01 4.215373e-01 5.191755e-01 6.687578e-01 1.231624e+00
5.011872e-01 4.165708e-01 5.128476e-01 6.607147e-01 1.231117e+00
5.128614e-01 4.116527e-01 5.066277e-01 6.527860e-01 1.230716e+00
5.248075e-01 4.067819e-01 5.005140e-01 6.449696e-01 1.230424e+00
5.370318e-01 4.019573e-01 4.945048e-01 6.372634e-01 1.230242e+00
5.495409e-01 3.971777e-01 4.885982e-01 6.296652e-01 1.230175e+00
5.623413e-01 3.924420e-01 4.827925e-01 6.221731e-01 1.230226e+00
5.754399e-01 3.877492e-01 4.770859e-01 6.147848e-01 1.230398e+00
5.888437e-01 3.830981e-01 4.714768e-01 6.074986e-01 1.230695e+00
6.025596e-01 3.784877e-01 4.659633e-01 6.003122e-01 1.231119e+00
6.165950e-01 3.739170e-01 4.605439e-01 5.932239e-01 1.231674e+00
6.309573e-01 3.693848e-01 4.552169e-01 5.862317e-01 1.232365e+00
6.456542e-01 3.648902e-01 4.499806e-01 5.793336e-01 1.233195e+00
6.606934e-01 3.604321e-01 4.448333e-01 5.725277e-01 1.234167e+00
6.760830e-01 3.560095e-01 4.397735e-01 5.658122e-01 1.235286e+00
6.918310e-01 3.516214e-01 4.347995e-01 5.591853e-01 1.236556e+00
7.079458e-01 3.472667e-01 4.299097e-01 5.526451e-01 1.237981e+00
7.244360e-01 3.429446e-01 4.251025e-01 5.461897e-01 1.239566e+00
7.413102e-01 3.386541e-01 4.203762e-01 5.398173e-01 1.241315e+00
7.585776e-01 3.343940e-01 4.157294e-01 5.335263e-01 1.243232e+00
7.762471e-01 3.301636e-01 4.111602e-01 5.273147e-01 1.245323e+00
7.943282e-01 3.259619e-01 4.066673e-01 5.211808e-01 1.247592e+00
8.128305e-01 3.217878e-01 4.022489e-01 5.151229e-01 1.250044e+00
8.317638e-01 3.176406e-01 3.979034e-01 5.091392e-01 1.252684e+00
8.511380e-01 3.135193e-01 3.936293e-01 5.032280e-01 1.255519e+00
8.709636e-01 3.094230e-01 3.894249e-01 4.973875e-01 1.258552e+00
8.912509e-01 3.053509e-01 3.852886e-01 4.916162e-01 1.261790e+00
9.120108e-01 3.013021e-01 3.812187e-01 4.859122e-01 1.265237e+00
9.332543e-01 2.972758e-01 3.772136e-01 4.802739e-01 1.268901e+00
9.549926e-01 2.932712e-01 3.732716e-01 4.746996e-01 1.272786e+00
9.772372e-01 2.892875e-01 3.693912e-01 4.691877e-01 1.276900e+00
1.000000e+00 2.853240e-01 3.655705e-01 4.637366e-01 1.281247e+00
1.023293e+00 2.813800e-01 3.618080e-01 4.583445e-01 1.285834e+00
1.047129e+00 2.774548e-01 3.581019e-01 4.530100e-01 1.290668e+00
1.071519e+00 2.735477e-01 3.544505e-01 4.477315e-01 1.295754e+00
1.096478e+00 2.696581e-01 3.508522e-01 4.425073e-01 1.301100e+00
1.122018e+00 2.657855e-01 3.473051e-01 4.373360e-01 1.306712e+00
1.148154e+00 2.619293e-01 3.438077e-01 4.322160e-01 1.312597e+00
1.174898e+00 2.580890e-01 3.403581e-01 4.271458e-01 1.318762e+00
1.202264e+00 2.542642e-01 3.369546e-01 4.221240e-01 1.325214e+00
1.230269e+00 2.504545e-01 3.335954e-01 4.171491e-01 1.331960e+00
1.258925e+00 2.466596e-01 3.302789e-01 4.122197e-01 1.339007e+00
1.288250e+00 2.428791e-01 3.270033e-01 4.073345e-01 1.346363e+00
1.318257e+00 2.391127e-01 3.237668e-01 4.024920e-01 1.354034e+00
1.348963e+00 2.353604e-01 3.205677e-01 3.976911e-01 1.362029e+00
1.380384e+00 2.316219e-01 3.174044e-01 3.929303e-01 1.370355e+00
1.412538e+00 2.278972e-01 3.142749e-01 3.882085e-01 1.379020e+00
1.445440e+00 2.241863e-01 3.111778e-01 3.835245e-01 1.388032e+00
1.479108e+00 2.204891e-01 3.081112e-01 3.788772e-01 1.397399e+00
1.513561e+00 2.168057e-01 3.050735e-01 3.742654e-01 1.407128e+00
1.548817e+00 2.131364e-01 3.020630e-01 3.696880e-01 1.417229e+00
1.584893e+00 2.094813e-01 2.990782e-01 3.651441e-01 1.427708e+00
1.621810e+00 2.058407e-01 2.961174e-01 3.606327e-01 1.438576e+00
1.659587e+00 2.022149e-01 2.931791e-01 3.561529e-01 1.449839e+00
1.698244e+00 1.986043e-01 2.902618e-01 3.517038e-01 1.461508e+00
1.737801e+00 1.950092e-01 2.873638e-01 3.472846e-01 1.473591e+00
1.778279e+00 1.914303e-01 2.844839e-01 3.428945e-01 1.486096e+00
1.819701e+00 1.878681e-01 2.816205e-01 3.385329e-01 1.499033e+00
1.862087e+00 1.843231e-01 2.787724e-01 3.341991e-01 1.512412e+00
1.905461e+00 1.807959e-01 2.759382e-01 3.298925e-01 1.526241e+00
1.949845e+00 1.772874e-01 2.731167e-01 3.256126e-01 1.540531e+00
1.995262e+00 1.737982e-01 2.703067e-01 3.213588e-01 1.555291e+00
2.041738e+00 1.703290e-01 2.675069e-01 3.171308e-01 1.570530e+00
2.089296e+00 1.668808e-01 2.647165e-01 3.129282e-01 1.586261e+00
2.137962e+00 1.634544e-01 2.619343e-01 3.087506e-01 1.602492e+00
2.187762e+00 1.600505e-01 2.591594e-01 3.045977e-01 1.619235e+00
2.238721e+00 1.566703e-01 2.563909e-01 3.004695e-01 1.636500e+00
2.290868e+00 1.533145e-01 2.536281e-01 2.963656e-01 1.654299e+00
2.344229e+00 1.499842e-01 2.508701e-01 2.922859e-01 1.672644e+00
2.398833e+00 1.466803e-01 2.481163e-01 2.882305e-01 1.691545e+00
2.454709e+00 1.434038e-01 2.453662e-01 2.841992e-01 1.711015e+00
2.511886e+00 1.401558e-01 2.426191e-01 2.801922e-01 1.731067e+00
2.570396e+00 1.369371e-01 2.398746e-01 2.762093e-01 1.751713e+00
2.630268e+00 1.337489e-01 2.371324e-01 2.722508e-01 1.772967e+00
2.691535e+00 1.305921e-01 2.343921e-01 2.683168e-01 1.794841e+00
2.754229e+00 1.274677e-01 2.316535e-01 2.644075e-01 1.817350e+00
2.818383e+00 1.243767e-01 2.289164e-01 2.605231e-01 1.840508e+00
2.884032e+00 1.213201e-01 2.261807e-01 2.566637e-01 1.864330e+00
2.951209e+00 1.182988e-01 2.234464e-01 2.528297e-01 1.888831e+00
3.019952e+00 1.153137e-01 2.207135e-01 2.490215e-01 1.914026e+00
3.090295e+00 1.123658e-01 2.179821e-01 2.452392e-01 1.939932e+00
3.162278e+00 1.094560e-01 2.152523e-01 2.414833e-01 1.966564e+00
3.235937e+00 1.065851e-01 2.125244e-01 2.377540e-01 1.993941e+00
3.311311e+00 1.037538e-01 2.097986e-01 2.340519e-01 2.022080e+00
3.388442e+00 1.009631e-01 2.070752e-01 2.303773e-01 2.050999e+00
3.467369e+00 9.821362e-02 2.043546e-01 2.267305e-01 2.080716e+00
3.548134e+00 9.550609e-02 2.016373e-01 2.231121e-01 2.111251e+00
3.630781e+00 9.284116e-02 1.989236e-01 2.195224e-01 2.142623e+00
3.715352e+00 9.021947e-02 1.962141e-01 2.159619e-01 2.174854e+00
3.801894e+00 8.764159e-02 1.935094e-01 2.124310e-01 2.207963e+00
3.890451e+00 8.510804e-02 1.908100e-01 2.089302e-01 2.241973e+00
3.981072e+00 8.261932e-02 1.881165e-01 2.054599e-01 2.276907e+00
4.073803e+00 8.017584e-02 1.854295e-01 2.020205e-01 2.312786e+00
4.168694e+00 7.777800e-02 1.827498e-01 1.986125e-01 2.349634e+00
4.265795e+00 7.542614e-02 1.800780e-01 1.952363e-01 2.387475e+00
4.365158e+00 7.312053e-02 1.774149e-01 1.918923e-01 2.426335e+00
4.466836e+00 7.086141e-02 1.747612e-01 1.885810e-01 2.466239e+00
4.570882e+00 6.864896e-02 1.721175e-01 1.853028e-01 2.507212e+00
4.677351e+00 6.648332e-02 1.694848e-01 1.820580e-01 2.549283e+00
4.786301e+00 6.436457e-02 1.668637e-01 1.788471e-01 2.592477e+00
4.897788e+00 6.229274e-02 1.642550e-01 1.756704e-01 2.636824e+00
5.011872e+00 6.026783e-02 1.616596e-01 1.725283e-01 2.682352e+00
5.128614e+00 5.828975e-02 1.590781e-01 1.694212e-01 2.729092e+00
5.248075e+00 5.635841e-02 1.565114e-01 1.663493e-01 2.777072e+00
5.370318e+00 5.447364e-02 1.539602e-01 1.633130e-01 2.826325e+00
5.495409e+00 5.263524e-02 1.514254e-01 1.603125e-01 2.876881e+00
5.623413e+00 5.084296e-02 1.489076e-01 1.573482e-01 2.928774e+00
5.754399e+00 4.909651e-02 1.464076e-01 1.544204e-01 2.982037e+00
5.888437e+00 4.739554e-02 1.439262e-01 1.515291e-01 3.036703e+00
6.025596e+00 4.573969e-02 1.414640e-01 1.486748e-01 3.092807e+00
6.165950e+00 4.412854e-02 1.390218e-01 1.458575e-01 3.150384e+00
6.309573e+00 4.256163e-02 1.366003e-01 1.430774e-01 3.209471e+00
6.456542e+00 4.103848e-02 1.342001e-01 1.403347e-01 3.270104e+00
6.606934e+00 3.955857e-02 1.318219e-01 1.376295e-01 3.332322e+00
6.760830e+00 3.812134e-02 1.294662e-01 1.349620e-01 3.396162e+00
6.918310e+00 3.672620e-02 1.271337e-01 1.323322e-01 3.461664e+00
7.079458e+00 3.537254e-02 1.248250e-01 1.297401e-01 3.528867e+00
7.244360e+00 3.405972e-02 1.225405e-01 1.271859e-01 3.597814e+00
7.413102e+00 3.278708e-02 1.202809e-01 1.246695e-01 3.668544e+00
7.585776e+00 3.155393e-02 1.180464e-01 1.221909e-01 3.741101e+00
7.762471e+00 3.035955e-02 1.158377e-01 1.197501e-01 3.815529e+00
7.943282e+00 2.920323e-02 1.136552e-01 1.173471e-01 3.891871e+00
8.128305e+00 2.808421e-02 1.114992e-01 1.149817e-01 3.970173e+00
8.317638e+00 2.700175e-02 1.093701e-01 1.126539e-01 4.050480e+00
8.511380e+00 2.595507e-02 1.072682e-01 1.103636e-01 4.132840e+00
8.709636e+00 2.494338e-02 1.051938e-01 1.081106e-01 4.217301e+00
8.912509e+00 2.396591e-02 1.031472e-01 1.058948e-01 4.303912e+00
9.120108e+00 2.302185e-02 1.011286e-01 1.037159e-01 4.392722e+00
9.332543e+00 2.211040e-02 9.913823e-02 1.015739e-01 4.483783e+00
9.549926e+00 2.123075e-02 9.717627e-02 9.946845e-02 4.577147e+00
9.772372e+00 2.038210e-02 9.524285e-02 9.739934e-02 4.672867e+00
1.000000e+01 1.956365e-02 9.333810e-02 9.536633e-02 4.770996e+00
