1.000000e-06 1.710107e+01 2.004275e-02 1.710108e+01 1.172018e-03
1.023293e-06 1.710106e+01 2.050944e-02 1.710107e+01 1.199308e-03
1.047129e-06 1.710105e+01 2.098698e-02 1.710106e+01 1.227233e-03
1.071519e-06 1.710104e+01 2.147563e-02 1.710105e+01 1.255809e-03
1.096478e-06 1.710103e+01 2.197565e-02 1.710104e+01 1.285048e-03
1.122018e-06 1.710101e+01 2.248730e-02 1.710103e+01 1.314969e-03
1.148154e-06 1.710100e+01 2.301085e-02 1.710102e+01 1.345585e-03
1.174898e-06 1.710099e+01 2.354658e-02 1.710100e+01 1.376913e-03
1.202264e-06 1.710097e+01 2.409477e-02 1.710099e+01 1.408971e-03
1.230269e-06 1.710096e+01 2.465571e-02 1.710098e+01 1.441773e-03
1.258925e-06 1.710094e+01 2.522969e-02 1.710096e+01 1.475339e-03
1.288250e-06 1.710093e+01 2.581702e-02 1.710095e+01 1.509685e-03
1.318257e-06 1.710091e+01 2.641800e-02 1.710093e+01 1.544830e-03
1.348963e-06 1.710089e+01 2.703296e-02 1.710091e+01 1.580792e-03
1.380384e-06 1.710087e+01 2.766221e-02 1.710090e+01 1.617591e-03
1.412538e-06 1.710085e+01 2.830609e-02 1.710088e+01 1.655244e-03
1.445440e-06 1.710083e+01 2.896494e-02 1.710086e+01 1.693773e-03
1.479108e-06 1.710081e+01 2.963910e-02 1.710084e+01 1.733198e-03
1.513561e-06 1.710079e+01 3.032892e-02 1.710082e+01 1.773539e-03
1.548817e-06 1.710077e+01 3.103477e-02 1.710080e+01 1.814817e-03
1.584893e-06 1.710074e+01 3.175702e-02 1.710077e+01 1.857055e-03
1.621810e-06 1.710072e+01 3.249605e-02 1.710075e+01 1.900274e-03
1.659587e-06 1.710069e+01 3.325224e-02 1.710072e+01 1.944497e-03
1.698244e-06 1.710066e+01 3.402599e-02 1.710070e+01 1.989747e-03
1.737801e-06 1.710063e+01 3.481771e-02 1.710067e+01 2.036048e-03
1.778279e-06 1.710060e+01 3.562781e-02 1.710064e+01 2.083424e-03
1.819701e-06 1.710057e+01 3.645672e-02 1.710061e+01 2.131901e-03
1.862087e-06 1.710054e+01 3.730486e-02 1.710058e+01 2.181502e-03
1.905461e-06 1.710050e+01 3.817269e-02 1.710054e+01 2.232255e-03
1.949845e-06 1.710047e+01 3.906065e-02 1.710051e+01 2.284186e-03
1.995262e-06 1.710043e+01 3.996920e-02 1.710047e+01 2.337322e-03
2.041738e-06 1.710039e+01 4.089883e-02 1.710044e+01 2.391690e-03
2.089296e-06 1.710034e+01 4.185002e-02 1.710040e+01 2.447320e-03
2.137962e-06 1.710030e+01 4.282325e-02 1.710035e+01 2.504240e-03
2.187762e-06 1.710025e+01 4.381904e-02 1.710031e+01 2.562479e-03
2.238721e-06 1.710021e+01 4.483791e-02 1.710026e+01 2.622068e-03
2.290868e-06 1.710015e+01 4.588038e-02 1.710022e+01 2.683039e-03
2.344229e-06 1.710010e+01 4.694699e-02 1.710017e+01 2.745422e-03
2.398833e-06 1.710005e+01 4.803830e-02 1.710011e+01 2.809250e-03
2.454709e-06 1.709999e+01 4.915487e-02 1.710006e+01 2.874556e-03
2.511886e-06 1.709993e+01 5.029728e-02 1.710000e+01 2.941374e-03
2.570396e-06 1.709986e+01 5.146612e-02 1.709994e+01 3.009739e-03
2.630268e-06 1.709980e+01 5.266199e-02 1.709988e+01 3.079685e-03
2.691535e-06 1.709973e+01 5.388550e-02 1.709981e+01 3.151250e-03
2.754229e-06 1.709965e+01 5.513729e-02 1.709974e+01 3.224469e-03
2.818383e-06 1.709958e+01 5.641800e-02 1.709967e+01 3.299380e-03
2.884032e-06 1.709950e+01 5.772828e-02 1.709959e+01 3.376023e-03
2.951209e-06 1.709941e+01 5.906881e-02 1.709951e+01 3.454435e-03
3.019952e-06 1.709932e+01 6.044027e-02 1.709943e+01 3.534658e-03
3.090295e-06 1.709923e+01 6.184335e-02 1.709934e+01 3.616733e-03
3.162278e-06 1.709913e+01 6.327878e-02 1.709925e+01 3.700701e-03
3.235937e-06 1.709903e+01 6.474729e-02 1.709916e+01 3.786605e-03
3.311311e-06 1.709893e+01 6.624961e-02 1.709906e+01 3.874489e-03
3.388442e-06 1.709882e+01 6.778651e-02 1.709895e+01 3.964398e-03
3.467369e-06 1.709870e+01 6.935876e-02 1.709884e+01 4.056376e-03
3.548134e-06 1.709858e+01 7.096716e-02 1.709873e+01 4.150471e-03
3.630781e-06 1.709845e+01 7.261251e-02 1.709861e+01 4.246730e-03
3.715352e-06 1.709832e+01 7.429565e-02 1.709848e+01 4.345202e-03
3.801894e-06 1.709818e+01 7.601740e-02 1.709835e+01 4.445935e-03
3.890451e-06 1.709803e+01 7.777863e-02 1.709821e+01 4.548981e-03
3.981072e-06 1.709788e+01 7.958021e-02 1.709807e+01 4.654390e-03
4.073803e-06 1.709772e+01 8.142304e-02 1.709792e+01 4.762216e-03
4.168694e-06 1.709756e+01 8.330803e-02 1.709776e+01 4.872511e-03
4.265795e-06 1.709738e+01 8.523610e-02 1.709759e+01 4.985331e-03
4.365158e-06 1.709720e+01 8.720820e-02 1.709742e+01 5.100730e-03
4.466836e-06 1.709701e+01 8.922529e-02 1.709724e+01 5.218767e-03
4.570882e-06 1.709681e+01 9.128835e-02 1.709705e+01 5.339497e-03
4.677351e-06 1.709660e+01 9.339838e-02 1.709685e+01 5.462981e-03
4.786301e-06 1.709638e+01 9.555641e-02 1.709664e+01 5.589278e-03
4.897788e-06 1.709615e+01 9.776347e-02 1.709643e+01 5.718450e-03
5.011872e-06 1.709591e+01 1.000206e-01 1.709620e+01 5.850558e-03
5.128614e-06 1.709566e+01 1.023289e-01 1.709596e+01 5.985667e-03
5.248075e-06 1.709539e+01 1.046894e-01 1.709571e+01 6.123839e-03
5.370318e-06 1.709512e+01 1.071033e-01 1.709545e+01 6.265142e-03
5.495409e-06 1.709483e+01 1.095717e-01 1.709518e+01 6.409641e-03
5.623413e-06 1.709453e+01 1.120957e-01 1.709489e+01 6.557404e-03
5.754399e-06 1.709421e+01 1.146765e-01 1.709460e+01 6.708501e-03
5.888437e-06 1.709388e+01 1.173153e-01 1.709428e+01 6.863002e-03
6.025596e-06 1.709354e+01 1.200133e-01 1.709396e+01 7.020977e-03
6.165950e-06 1.709318e+01 1.227717e-01 1.709362e+01 7.182498e-03
6.309573e-06 1.709280e+01 1.255917e-01 1.709326e+01 7.347640e-03
6.456542e-06 1.709240e+01 1.284747e-01 1.709289e+01 7.516477e-03
6.606934e-06 1.709199e+01 1.314217e-01 1.709249e+01 7.689084e-03
6.760830e-06 1.709156e+01 1.344343e-01 1.709209e+01 7.865538e-03
6.918310e-06 1.709110e+01 1.375136e-01 1.709166e+01 8.045915e-03
7.079458e-06 1.709063e+01 1.406610e-01 1.709121e+01 8.230296e-03
7.244360e-06 1.709014e+01 1.438777e-01 1.709074e+01 8.418758e-03
7.413102e-06 1.708962e+01 1.471653e-01 1.709025e+01 8.611384e-03
7.585776e-06 1.708908e+01 1.505249e-01 1.708974e+01 8.808253e-03
7.762471e-06 1.708851e+01 1.539581e-01 1.708921e+01 9.009448e-03
7.943282e-06 1.708792e+01 1.574661e-01 1.708865e+01 9.215052e-03
8.128305e-06 1.708731e+01 1.610504e-01 1.708806e+01 9.425149e-03
8.317638e-06 1.708666e+01 1.647124e-01 1.708745e+01 9.639822e-03
8.511380e-06 1.708598e+01 1.684534e-01 1.708681e+01 9.859158e-03
8.709636e-06 1.708528e+01 1.722750e-01 1.708615e+01 1.008324e-02
8.912509e-06 1.708454e+01 1.761785e-01 1.708545e+01 1.031216e-02
9.120108e-06 1.708377e+01 1.801653e-01 1.708472e+01 1.054599e-02
9.332543e-06 1.708297e+01 1.842370e-01 1.708396e+01 1.078484e-02
9.549926e-06 1.708212e+01 1.883949e-01 1.708316e+01 1.102877e-02
9.772372e-06 1.708125e+01 1.926404e-01 1.708233e+01 1.127789e-02
1.000000e-05 1.708033e+01 1.969750e-01 1.708146e+01 1.153227e-02
1.023293e-05 1.707937e+01 2.014001e-01 1.708056e+01 1.179201e-02
1.047129e-05 1.707837e+01 2.059171e-01 1.707961e+01 1.205719e-02
1.071519e-05 1.707732e+01 2.105275e-01 1.707862e+01 1.232790e-02
1.096478e-05 1.707623e+01 2.152325e-01 1.707759e+01 1.260422e-02
1.122018e-05 1.707509e+01 2.200336e-01 1.707651e+01 1.288623e-02
1.148154e-05 1.707390e+01 2.249322e-01 1.707538e+01 1.317403e-02
1.174898e-05 1.707266e+01 2.299294e-01 1.707421e+01 1.346770e-02
1.202264e-05 1.707137e+01 2.350268e-01 1.707298e+01 1.376731e-02
1.230269e-05 1.707002e+01 2.402254e-01 1.707171e+01 1.407295e-02
1.258925e-05 1.706861e+01 2.455267e-01 1.707037e+01 1.438469e-02
1.288250e-05 1.706714e+01 2.509317e-01 1.706898e+01 1.470262e-02
1.318257e-05 1.706561e+01 2.564416e-01 1.706753e+01 1.502681e-02
1.348963e-05 1.706401e+01 2.620576e-01 1.706602e+01 1.535733e-02
1.380384e-05 1.706234e+01 2.677806e-01 1.706444e+01 1.569425e-02
1.412538e-05 1.706061e+01 2.736118e-01 1.706280e+01 1.603764e-02
1.445440e-05 1.705880e+01 2.795521e-01 1.706109e+01 1.638756e-02
1.479108e-05 1.705692e+01 2.856023e-01 1.705931e+01 1.674408e-02
1.513561e-05 1.705495e+01 2.917633e-01 1.705745e+01 1.710725e-02
1.548817e-05 1.705291e+01 2.980358e-01 1.705552e+01 1.747712e-02
1.584893e-05 1.705078e+01 3.044204e-01 1.705350e+01 1.785375e-02
1.621810e-05 1.704857e+01 3.109178e-01 1.705141e+01 1.823718e-02
1.659587e-05 1.704627e+01 3.175285e-01 1.704923e+01 1.862745e-02
1.698244e-05 1.704388e+01 3.242527e-01 1.704696e+01 1.902459e-02
1.737801e-05 1.704139e+01 3.310909e-01 1.704460e+01 1.942864e-02
1.778279e-05 1.703880e+01 3.380432e-01 1.704215e+01 1.983961e-02
1.819701e-05 1.703611e+01 3.451096e-01 1.703960e+01 2.025754e-02
1.862087e-05 1.703332e+01 3.522901e-01 1.703696e+01 2.068242e-02
1.905461e-05 1.703041e+01 3.595846e-01 1.703421e+01 2.111426e-02
1.949845e-05 1.702740e+01 3.669927e-01 1.703136e+01 2.155306e-02
1.995262e-05 1.702428e+01 3.745140e-01 1.702840e+01 2.199882e-02
2.041738e-05 1.702103e+01 3.821480e-01 1.702532e+01 2.245151e-02
2.089296e-05 1.701767e+01 3.898938e-01 1.702214e+01 2.291112e-02
2.137962e-05 1.701419e+01 3.977508e-01 1.701883e+01 2.337760e-02
2.187762e-05 1.701057e+01 4.057179e-01 1.701541e+01 2.385092e-02
2.238721e-05 1.700683e+01 4.137939e-01 1.701187e+01 2.433103e-02
2.290868e-05 1.700296e+01 4.219775e-01 1.700820e+01 2.481788e-02
2.344229e-05 1.699895e+01 4.302673e-01 1.700440e+01 2.531140e-02
2.398833e-05 1.699481e+01 4.386618e-01 1.700047e+01 2.581151e-02
2.454709e-05 1.699052e+01 4.471590e-01 1.699641e+01 2.631814e-02
2.511886e-05 1.698610e+01 4.557573e-01 1.699221e+01 2.683119e-02
2.570396e-05 1.698153e+01 4.644544e-01 1.698788e+01 2.735057e-02
2.630268e-05 1.697681e+01 4.732483e-01 1.698340e+01 2.787617e-02
2.691535e-05 1.697194e+01 4.821366e-01 1.697878e+01 2.840787e-02
2.754229e-05 1.696691e+01 4.911169e-01 1.697402e+01 2.894556e-02
2.818383e-05 1.696174e+01 5.001865e-01 1.696911e+01 2.948910e-02
2.884032e-05 1.695641e+01 5.093429e-01 1.696406e+01 3.003837e-02
2.951209e-05 1.695093e+01 5.185833e-01 1.695886e+01 3.059321e-02
3.019952e-05 1.694528e+01 5.279047e-01 1.695350e+01 3.115349e-02
3.090295e-05 1.693948e+01 5.373042e-01 1.694800e+01 3.171904e-02
3.162278e-05 1.693352e+01 5.467789e-01 1.694235e+01 3.228973e-02
3.235937e-05 1.692740e+01 5.563257e-01 1.693654e+01 3.286538e-02
3.311311e-05 1.692113e+01 5.659415e-01 1.693059e+01 3.344585e-02
3.388442e-05 1.691469e+01 5.756232e-01 1.692448e+01 3.403097e-02
3.467369e-05 1.690809e+01 5.853679e-01 1.691822e+01 3.462058e-02
3.548134e-05 1.690134e+01 5.951725e-01 1.691181e+01 3.521452e-02
3.630781e-05 1.689443e+01 6.050341e-01 1.690526e+01 3.581265e-02
3.715352e-05 1.688736e+01 6.149498e-01 1.689855e+01 3.641480e-02
3.801894e-05 1.688014e+01 6.249169e-01 1.689170e+01 3.702084e-02
3.890451e-05 1.687277e+01 6.349328e-01 1.688471e+01 3.763063e-02
3.981072e-05 1.686524e+01 6.449951e-01 1.687757e+01 3.824404e-02
4.073803e-05 1.685758e+01 6.551016e-01 1.687030e+01 3.886096e-02
4.168694e-05 1.684976e+01 6.652502e-01 1.686289e+01 3.948128e-02
4.265795e-05 1.684181e+01 6.754392e-01 1.685535e+01 4.010490e-02
4.365158e-05 1.683372e+01 6.856671e-01 1.684768e+01 4.073177e-02
4.466836e-05 1.682549e+01 6.959329e-01 1.683988e+01 4.136181e-02
4.570882e-05 1.681714e+01 7.062356e-01 1.683196e+01 4.199499e-02
4.677351e-05 1.680866e+01 7.165748e-01 1.682393e+01 4.263128e-02
4.786301e-05 1.680006e+01 7.269504e-01 1.681578e+01 4.327070e-02
4.897788e-05 1.679135e+01 7.373627e-01 1.680753e+01 4.391326e-02
5.011872e-05 1.678252e+01 7.478125e-01 1.679917e+01 4.455902e-02
5.128614e-05 1.677358e+01 7.583009e-01 1.679071e+01 4.520805e-02
5.248075e-05 1.676454e+01 7.688294e-01 1.678216e+01 4.586045e-02
5.370318e-05 1.675541e+01 7.794003e-01 1.677353e+01 4.651634e-02
5.495409e-05 1.674618e+01 7.900160e-01 1.676481e+01 4.717589e-02
5.623413e-05 1.673687e+01 8.006797e-01 1.675601e+01 4.783928e-02
5.754399e-05 1.672747e+01 8.113947e-01 1.674714e+01 4.850672e-02
5.888437e-05 1.671800e+01 8.221650e-01 1.673820e+01 4.917845e-02
6.025596e-05 1.670845e+01 8.329952e-01 1.672920e+01 4.985474e-02
6.165950e-05 1.669883e+01 8.438902e-01 1.672014e+01 5.053589e-02
6.309573e-05 1.668915e+01 8.548554e-01 1.671103e+01 5.122223e-02
6.456542e-05 1.667941e+01 8.658966e-01 1.670187e+01 5.191411e-02
6.606934e-05 1.666961e+01 8.770200e-01 1.669266e+01 5.261191e-02
6.760830e-05 1.665976e+01 8.882325e-01 1.668342e+01 5.331605e-02
6.918310e-05 1.664986e+01 8.995410e-01 1.667414e+01 5.402696e-02
7.079458e-05 1.663991e+01 9.109530e-01 1.666482e+01 5.474508e-02
7.244360e-05 1.662991e+01 9.224763e-01 1.665548e+01 5.547091e-02
7.413102e-05 1.661987e+01 9.341190e-01 1.664610e+01 5.620494e-02
7.585776e-05 1.660979e+01 9.458894e-01 1.663671e+01 5.694769e-02
7.762471e-05 1.659967e+01 9.577962e-01 1.662728e+01 5.769970e-02
7.943282e-05 1.658951e+01 9.698483e-01 1.661784e+01 5.846152e-02
8.128305e-05 1.657931e+01 9.820546e-01 1.660837e+01 5.923373e-02
8.317638e-05 1.656907e+01 9.944244e-01 1.659889e+01 6.001689e-02
8.511380e-05 1.655879e+01 1.006967e+00 1.658938e+01 6.081161e-02
8.709636e-05 1.654847e+01 1.019691e+00 1.657986e+01 6.161847e-02
8.912509e-05 1.653810e+01 1.032607e+00 1.657031e+01 6.243809e-02
9.120108e-05 1.652769e+01 1.045724e+00 1.656074e+01 6.327106e-02
9.332543e-05 1.651722e+01 1.059051e+00 1.655114e+01 6.411801e-02
9.549926e-05 1.650671e+01 1.072598e+00 1.654152e+01 6.497954e-02
9.772372e-05 1.649613e+01 1.086374e+00 1.653187e+01 6.585627e-02
1.000000e-04 1.648550e+01 1.100387e+00 1.652218e+01 6.674880e-02
1.023293e-04 1.647480e+01 1.114648e+00 1.651246e+01 6.765774e-02
1.047129e-04 1.646403e+01 1.129164e+00 1.650270e+01 6.858368e-02
1.071519e-04 1.645318e+01 1.143944e+00 1.649290e+01 6.952720e-02
1.096478e-04 1.644225e+01 1.158996e+00 1.648305e+01 7.048890e-02
1.122018e-04 1.643124e+01 1.174330e+00 1.647315e+01 7.146934e-02
1.148154e-04 1.642013e+01 1.189951e+00 1.646319e+01 7.246907e-02
1.174898e-04 1.640891e+01 1.205869e+00 1.645316e+01 7.348864e-02
1.202264e-04 1.639759e+01 1.222089e+00 1.644307e+01 7.452859e-02
1.230269e-04 1.638616e+01 1.238620e+00 1.643290e+01 7.558942e-02
1.258925e-04 1.637460e+01 1.255467e+00 1.642265e+01 7.667166e-02
1.288250e-04 1.636291e+01 1.272638e+00 1.641232e+01 7.777577e-02
1.318257e-04 1.635108e+01 1.290136e+00 1.640189e+01 7.890224e-02
1.348963e-04 1.633910e+01 1.307970e+00 1.639137e+01 8.005152e-02
1.380384e-04 1.632697e+01 1.326142e+00 1.638074e+01 8.122405e-02
1.412538e-04 1.631467e+01 1.344660e+00 1.636999e+01 8.242027e-02
1.445440e-04 1.630221e+01 1.363526e+00 1.635913e+01 8.364057e-02
1.479108e-04 1.628956e+01 1.382746e+00 1.634815e+01 8.488538e-02
1.513561e-04 1.627673e+01 1.402323e+00 1.633703e+01 8.615506e-02
1.548817e-04 1.626371e+01 1.422261e+00 1.632578e+01 8.744999e-02
1.584893e-04 1.625048e+01 1.442564e+00 1.631438e+01 8.877053e-02
1.621810e-04 1.623704e+01 1.463234e+00 1.630283e+01 9.011704e-02
1.659587e-04 1.622338e+01 1.484275e+00 1.629113e+01 9.148986e-02
1.698244e-04 1.620949e+01 1.505689e+00 1.627927e+01 9.288933e-02
1.737801e-04 1.619538e+01 1.527479e+00 1.626725e+01 9.431577e-02
1.778279e-04 1.618102e+01 1.549648e+00 1.625505e+01 9.576952e-02
1.819701e-04 1.616641e+01 1.572198e+00 1.624268e+01 9.725090e-02
1.862087e-04 1.615156e+01 1.595132e+00 1.623013e+01 9.876025e-02
1.905461e-04 1.613644e+01 1.618451e+00 1.621740e+01 1.002979e-01
1.949845e-04 1.612106e+01 1.642158e+00 1.620448e+01 1.018642e-01
1.995262e-04 1.610540e+01 1.666255e+00 1.619137e+01 1.034594e-01
2.041738e-04 1.608947e+01 1.690745e+00 1.617806e+01 1.050840e-01
2.089296e-04 1.607325e+01 1.715631e+00 1.616455e+01 1.067383e-01
2.137962e-04 1.605675e+01 1.740916e+00 1.615085e+01 1.084227e-01
2.187762e-04 1.603995e+01 1.766601e+00 1.613694e+01 1.101376e-01
2.238721e-04 1.602286e+01 1.792692e+00 1.612283e+01 1.118834e-01
2.290868e-04 1.600546e+01 1.819191e+00 1.610851e+01 1.136606e-01
2.344229e-04 1.598776e+01 1.846102e+00 1.609399e+01 1.154697e-01
2.398833e-04 1.596974e+01 1.873429e+00 1.607925e+01 1.173112e-01
2.454709e-04 1.595141e+01 1.901179e+00 1.606431e+01 1.191856e-01
2.511886e-04 1.593276e+01 1.929354e+00 1.604915e+01 1.210935e-01
2.570396e-04 1.591378e+01 1.957962e+00 1.603378e+01 1.230356e-01
2.630268e-04 1.589448e+01 1.987008e+00 1.601820e+01 1.250125e-01
2.691535e-04 1.587484e+01 2.016500e+00 1.600240e+01 1.270249e-01
2.754229e-04 1.585486e+01 2.046443e+00 1.598639e+01 1.290736e-01
2.818383e-04 1.583454e+01 2.076847e+00 1.597016e+01 1.311593e-01
2.884032e-04 1.581387e+01 2.107718e+00 1.595371e+01 1.332829e-01
2.951209e-04 1.579284e+01 2.139067e+00 1.593704e+01 1.354454e-01
3.019952e-04 1.577145e+01 2.170902e+00 1.592016e+01 1.376476e-01
3.090295e-04 1.574969e+01 2.203233e+00 1.590305e+01 1.398906e-01
3.162278e-04 1.572756e+01 2.236071e+00 1.588572e+01 1.421753e-01
3.235937e-04 1.570504e+01 2.269426e+00 1.586816e+01 1.445030e-01
3.311311e-04 1.568213e+01 2.303310e+00 1.585038e+01 1.468748e-01
3.388442e-04 1.565881e+01 2.337734e+00 1.583236e+01 1.492919e-01
3.467369e-04 1.563509e+01 2.372710e+00 1.581410e+01 1.517555e-01
3.548134e-04 1.561093e+01 2.408251e+00 1.579560e+01 1.542670e-01
3.630781e-04 1.558634e+01 2.444369e+00 1.577685e+01 1.568277e-01
3.715352e-04 1.556130e+01 2.481077e+00 1.575784e+01 1.594390e-01
3.801894e-04 1.553579e+01 2.518388e+00 1.573858e+01 1.621024e-01
3.890451e-04 1.550979e+01 2.556315e+00 1.571905e+01 1.648194e-01
3.981072e-04 1.548330e+01 2.594871e+00 1.569924e+01 1.675916e-01
4.073803e-04 1.545629e+01 2.634068e+00 1.567914e+01 1.704204e-01
4.168694e-04 1.542875e+01 2.673920e+00 1.565874e+01 1.733076e-01
4.265795e-04 1.540065e+01 2.714438e+00 1.563803e+01 1.762548e-01
4.365158e-04 1.537196e+01 2.755635e+00 1.561700e+01 1.792637e-01
4.466836e-04 1.534267e+01 2.797522e+00 1.559563e+01 1.823360e-01
4.570882e-04 1.531276e+01 2.840109e+00 1.557391e+01 1.854734e-01
4.677351e-04 1.528219e+01 2.883408e+00 1.555183e+01 1.886777e-01
4.786301e-04 1.525094e+01 2.927428e+00 1.552936e+01 1.919507e-01
4.897788e-04 1.521897e+01 2.972176e+00 1.550648e+01 1.952941e-01
5.011872e-04 1.518627e+01 3.017662e+00 1.548319e+01 1.987099e-01
5.128614e-04 1.515279e+01 3.063891e+00 1.545945e+01 2.021998e-01
5.248075e-04 1.511851e+01 3.110868e+00 1.543524e+01 2.057656e-01
5.370318e-04 1.508338e+01 3.158599e+00 1.541056e+01 2.094091e-01
5.495409e-04 1.504739e+01 3.207084e+00 1.538536e+01 2.131323e-01
5.623413e-04 1.501048e+01 3.256326e+00 1.535963e+01 2.169369e-01
5.754399e-04 1.497262e+01 3.306324e+00 1.533333e+01 2.208246e-01
5.888437e-04 1.493378e+01 3.357075e+00 1.530646e+01 2.247975e-01
6.025596e-04 1.489391e+01 3.408576e+00 1.527897e+01 2.288571e-01
6.165950e-04 1.485297e+01 3.460820e+00 1.525083e+01 2.330053e-01
6.309573e-04 1.481092e+01 3.513800e+00 1.522203e+01 2.372439e-01
6.456542e-04 1.476773e+01 3.567506e+00 1.519253e+01 2.415745e-01
6.606934e-04 1.472334e+01 3.621925e+00 1.516229e+01 2.459989e-01
6.760830e-04 1.467772e+01 3.677042e+00 1.513129e+01 2.505186e-01
6.918310e-04 1.463082e+01 3.732842e+00 1.509950e+01 2.551355e-01
7.079458e-04 1.458260e+01 3.789303e+00 1.506689e+01 2.598510e-01
7.244360e-04 1.453302e+01 3.846406e+00 1.503341e+01 2.646668e-01
7.413102e-04 1.448202e+01 3.904125e+00 1.499904e+01 2.695842e-01
7.585776e-04 1.442958e+01 3.962433e+00 1.496374e+01 2.746049e-01
7.762471e-04 1.437564e+01 4.021301e+00 1.492749e+01 2.797302e-01
7.943282e-04 1.432016e+01 4.080696e+00 1.489024e+01 2.849615e-01
8.128305e-04 1.426311e+01 4.140583e+00 1.485196e+01 2.903002e-01
8.317638e-04 1.420443e+01 4.200925e+00 1.481262e+01 2.957474e-01
8.511380e-04 1.414410e+01 4.261681e+00 1.477219e+01 3.013045e-01
8.709636e-04 1.408206e+01 4.322807e+00 1.473062e+01 3.069725e-01
8.912509e-04 1.401829e+01 4.384257e+00 1.468789e+01 3.127526e-01
9.120108e-04 1.395275e+01 4.445983e+00 1.464397e+01 3.186457e-01
9.332543e-04 1.388540e+01 4.507934e+00 1.459883e+01 3.246529e-01
9.549926e-04 1.381620e+01 4.570054e+00 1.455242e+01 3.307749e-01
9.772372e-04 1.374514e+01 4.632287e+00 1.450472e+01 3.370127e-01
1.000000e-03 1.367218e+01 4.694574e+00 1.445571e+01 3.433670e-01
1.023293e-03 1.359729e+01 4.756853e+00 1.440534e+01 3.498384e-01
1.047129e-03 1.352045e+01 4.819059e+00 1.435360e+01 3.564275e-01
1.071519e-03 1.344164e+01 4.881128e+00 1.430046e+01 3.631348e-01
1.096478e-03 1.336085e+01 4.942990e+00 1.424589e+01 3.699608e-01
1.122018e-03 1.327805e+01 5.004575e+00 1.418987e+01 3.769058e-01
1.148154e-03 1.319324e+01 5.065811e+00 1.413238e+01 3.839701e-01
1.174898e-03 1.310641e+01 5.126624e+00 1.407339e+01 3.911539e-01
1.202264e-03 1.301756e+01 5.186940e+00 1.401289e+01 3.984573e-01
1.230269e-03 1.292668e+01 5.246682e+00 1.395086e+01 4.058802e-01
1.258925e-03 1.283377e+01 5.305773e+00 1.388729e+01 4.134227e-01
1.288250e-03 1.273885e+01 5.364134e+00 1.382217e+01 4.210845e-01
1.318257e-03 1.264193e+01 5.421687e+00 1.375547e+01 4.288655e-01
1.348963e-03 1.254302e+01 5.478354e+00 1.368721e+01 4.367653e-01
1.380384e-03 1.244213e+01 5.534054e+00 1.361736e+01 4.447834e-01
1.412538e-03 1.233930e+01 5.588710e+00 1.354592e+01 4.529195e-01
1.445440e-03 1.223455e+01 5.642243e+00 1.347290e+01 4.611729e-01
1.479108e-03 1.212791e+01 5.694574e+00 1.339830e+01 4.695429e-01
1.513561e-03 1.201942e+01 5.745628e+00 1.332211e+01 4.780288e-01
1.548817e-03 1.190911e+01 5.795328e+00 1.324435e+01 4.866297e-01
1.584893e-03 1.179704e+01 5.843601e+00 1.316502e+01 4.953448e-01
1.621810e-03 1.168324e+01 5.890374e+00 1.308414e+01 5.041730e-01
1.659587e-03 1.156777e+01 5.935576e+00 1.300171e+01 5.131131e-01
1.698244e-03 1.145069e+01 5.979139e+00 1.291775e+01 5.221642e-01
1.737801e-03 1.133205e+01 6.020996e+00 1.283229e+01 5.313247e-01
1.778279e-03 1.121191e+01 6.061085e+00 1.274534e+01 5.405935e-01
1.819701e-03 1.109034e+01 6.099345e+00 1.265692e+01 5.499691e-01
1.862087e-03 1.096741e+01 6.135718e+00 1.256707e+01 5.594500e-01
1.905461e-03 1.084319e+01 6.170149e+00 1.247580e+01 5.690345e-01
1.949845e-03 1.071775e+01 6.202588e+00 1.238315e+01 5.787210e-01
1.995262e-03 1.059117e+01 6.232986e+00 1.228914e+01 5.885076e-01
2.041738e-03 1.046353e+01 6.261299e+00 1.219382e+01 5.983926e-01
2.089296e-03 1.033491e+01 6.287486e+00 1.209722e+01 6.083739e-01
2.137962e-03 1.020538e+01 6.311511e+00 1.199937e+01 6.184494e-01
2.187762e-03 1.007504e+01 6.333341e+00 1.190032e+01 6.286171e-01
2.238721e-03 9.943965e+00 6.352946e+00 1.180010e+01 6.388746e-01
2.290868e-03 9.812245e+00 6.370301e+00 1.169876e+01 6.492195e-01
2.344229e-03 9.679968e+00 6.385385e+00 1.159633e+01 6.596494e-01
2.398833e-03 9.547219e+00 6.398179e+00 1.149287e+01 6.701616e-01
2.454709e-03 9.414087e+00 6.408672e+00 1.138842e+01 6.807534e-01
2.511886e-03 9.280660e+00 6.416852e+00 1.128302e+01 6.914220e-01
2.570396e-03 9.147026e+00 6.422715e+00 1.117673e+01 7.021643e-01
2.630268e-03 9.013274e+00 6.426258e+00 1.106959e+01 7.129772e-01
2.691535e-03 8.879490e+00 6.427483e+00 1.096166e+01 7.238573e-01
2.754229e-03 8.745762e+00 6.426396e+00 1.085297e+01 7.348011e-01
2.818383e-03 8.612176e+00 6.423005e+00 1.074358e+01 7.458051e-01
2.884032e-03 8.478817e+00 6.417323e+00 1.063355e+01 7.568654e-01
2.951209e-03 8.345769e+00 6.409366e+00 1.052292e+01 7.679779e-01
3.019952e-03 8.213115e+00 6.399153e+00 1.041174e+01 7.791384e-01
3.090295e-03 8.080937e+00 6.386707e+00 1.030008e+01 7.903425e-01
3.162278e-03 7.949314e+00 6.372054e+00 1.018797e+01 8.015854e-01
3.235937e-03 7.818324e+00 6.355222e+00 1.007547e+01 8.128624e-01
3.311311e-03 7.688046e+00 6.336242e+00 9.962631e+00 8.241681e-01
3.388442e-03 7.558552e+00 6.315149e+00 9.849508e+00 8.354973e-01
3.467369e-03 7.429916e+00 6.291980e+00 9.736153e+00 8.468441e-01
3.548134e-03 7.302208e+00 6.266775e+00 9.622615e+00 8.582028e-01
3.630781e-03 7.175497e+00 6.239575e+00 9.508946e+00 8.695669e-01
3.715352e-03 7.049849e+00 6.210424e+00 9.395198e+00 8.809301e-01
3.801894e-03 6.925328e+00 6.179370e+00 9.281421e+00 8.922855e-01
3.890451e-03 6.801995e+00 6.146460e+00 9.167666e+00 9.036260e-01
3.981072e-03 6.679910e+00 6.111744e+00 9.053984e+00 9.149440e-01
4.073803e-03 6.559130e+00 6.075276e+00 8.940423e+00 9.262320e-01
4.168694e-03 6.439707e+00 6.037109e+00 8.827033e+00 9.374819e-01
4.265795e-03 6.321694e+00 5.997298e+00 8.713863e+00 9.486852e-01
4.365158e-03 6.205140e+00 5.955900e+00 8.600960e+00 9.598334e-01
4.466836e-03 6.090090e+00 5.912974e+00 8.488372e+00 9.709174e-01
4.570882e-03 5.976588e+00 5.868580e+00 8.376147e+00 9.819280e-01
4.677351e-03 5.864675e+00 5.822776e+00 8.264329e+00 9.928558e-01
4.786301e-03 5.754388e+00 5.775626e+00 8.152965e+00 1.003691e+00
4.897788e-03 5.645762e+00 5.727190e+00 8.042098e+00 1.014423e+00
5.011872e-03 5.538831e+00 5.677533e+00 7.931773e+00 1.025042e+00
5.128614e-03 5.433622e+00 5.626718e+00 7.822033e+00 1.035537e+00
5.248075e-03 5.330164e+00 5.574807e+00 7.712919e+00 1.045898e+00
5.370318e-03 5.228479e+00 5.521867e+00 7.604473e+00 1.056113e+00
5.495409e-03 5.128589e+00 5.467960e+00 7.496734e+00 1.066172e+00
5.623413e-03 5.030512e+00 5.413152e+00 7.389741e+00 1.076064e+00
5.754399e-03 4.934264e+00 5.357507e+00 7.283532e+00 1.085776e+00
5.888437e-03 4.839858e+00 5.301088e+00 7.178145e+00 1.095298e+00
6.025596e-03 4.747304e+00 5.243960e+00 7.073614e+00 1.104619e+00
6.165950e-03 4.656609e+00 5.186187e+00 6.969974e+00 1.113726e+00
6.309573e-03 4.567778e+00 5.127830e+00 6.867259e+00 1.122609e+00
6.456542e-03 4.480815e+00 5.068953e+00 6.765500e+00 1.131257e+00
6.606934e-03 4.395718e+00 5.009617e+00 6.664728e+00 1.139658e+00
6.760830e-03 4.312486e+00 4.949882e+00 6.564973e+00 1.147802e+00
6.918310e-03 4.231114e+00 4.889808e+00 6.466262e+00 1.155679e+00
7.079458e-03 4.151594e+00 4.829454e+00 6.368623e+00 1.163277e+00
7.244360e-03 4.073917e+00 4.768878e+00 6.272081e+00 1.170588e+00
7.413102e-03 3.998073e+00 4.708136e+00 6.176660e+00 1.177601e+00
7.585776e-03 3.924047e+00 4.647282e+00 6.082383e+00 1.184308e+00
7.762471e-03 3.851825e+00 4.586371e+00 5.989270e+00 1.190701e+00
7.943282e-03 3.781389e+00 4.525455e+00 5.897342e+00 1.196771e+00
8.128305e-03 3.712720e+00 4.464585e+00 5.806618e+00 1.202511e+00
8.317638e-03 3.645797e+00 4.403810e+00 5.717113e+00 1.207914e+00
8.511380e-03 3.580598e+00 4.343178e+00 5.628844e+00 1.212976e+00
8.709636e-03 3.517100e+00 4.282736e+00 5.541824e+00 1.217689e+00
8.912509e-03 3.455277e+00 4.222527e+00 5.456067e+00 1.222051e+00
9.120108e-03 3.395103e+00 4.162594e+00 5.371584e+00 1.226058e+00
9.332543e-03 3.336550e+00 4.102979e+00 5.288384e+00 1.229707e+00
9.549926e-03 3.279588e+00 4.043721e+00 5.206475e+00 1.232997e+00
9.772372e-03 3.224189e+00 3.984858e+00 5.125864e+00 1.235926e+00
1.000000e-02 3.170321e+00 3.926425e+00 5.046558e+00 1.238494e+00
1.023293e-02 3.117953e+00 3.868456e+00 4.968560e+00 1.240704e+00
1.047129e-02 3.067051e+00 3.810985e+00 4.891872e+00 1.242557e+00
1.071519e-02 3.017583e+00 3.754041e+00 4.816496e+00 1.244055e+00
1.096478e-02 2.969516e+00 3.697653e+00 4.742432e+00 1.245204e+00
1.122018e-02 2.922813e+00 3.641849e+00 4.669679e+00 1.246008e+00
1.148154e-02 2.877442e+00 3.586653e+00 4.598233e+00 1.246473e+00
1.174898e-02 2.833366e+00 3.532089e+00 4.528092e+00 1.246605e+00
1.202264e-02 2.790551e+00 3.478178e+00 4.459249e+00 1.246413e+00
1.230269e-02 2.748960e+00 3.424942e+00 4.391698e+00 1.245904e+00
1.258925e-02 2.708559e+00 3.372398e+00 4.325431e+00 1.245089e+00
1.288250e-02 2.669310e+00 3.320562e+00 4.260440e+00 1.243978e+00
1.318257e-02 2.631178e+00 3.269451e+00 4.196714e+00 1.242581e+00
1.348963e-02 2.594127e+00 3.219078e+00 4.134242e+00 1.240910e+00
1.380384e-02 2.558122e+00 3.169455e+00 4.073013e+00 1.238977e+00
1.412538e-02 2.523128e+00 3.120591e+00 4.013012e+00 1.236795e+00
1.445440e-02 2.489108e+00 3.072497e+00 3.954225e+00 1.234377e+00
1.479108e-02 2.456028e+00 3.025180e+00 3.896638e+00 1.231737e+00
1.513561e-02 2.423853e+00 2.978645e+00 3.840233e+00 1.228888e+00
1.548817e-02 2.392549e+00 2.932898e+00 3.784994e+00 1.225846e+00
1.584893e-02 2.362083e+00 2.887941e+00 3.730903e+00 1.222625e+00
1.621810e-02 2.332420e+00 2.843778e+00 3.677942e+00 1.219239e+00
1.659587e-02 2.303528e+00 2.800409e+00 3.626091e+00 1.215704e+00
1.698244e-02 2.275376e+00 2.757833e+00 3.575329e+00 1.212034e+00
1.737801e-02 2.247930e+00 2.716050e+00 3.525637e+00 1.208245e+00
1.778279e-02 2.221160e+00 2.675056e+00 3.476992e+00 1.204351e+00
1.819701e-02 2.195036e+00 2.634848e+00 3.429374e+00 1.200366e+00
1.862087e-02 2.169529e+00 2.595421e+00 3.382760e+00 1.196306e+00
1.905461e-02 2.144608e+00 2.556769e+00 3.337127e+00 1.192185e+00
1.949845e-02 2.120247e+00 2.518887e+00 3.292452e+00 1.188016e+00
1.995262e-02 2.096417e+00 2.481766e+00 3.248712e+00 1.183813e+00
2.041738e-02 2.073093e+00 2.445398e+00 3.205883e+00 1.179589e+00
2.089296e-02 2.050247e+00 2.409774e+00 3.163941e+00 1.175358e+00
2.137962e-02 2.027856e+00 2.374885e+00 3.122864e+00 1.171131e+00
2.187762e-02 2.005895e+00 2.340720e+00 3.082626e+00 1.166921e+00
2.238721e-02 1.984340e+00 2.307267e+00 3.043203e+00 1.162737e+00
2.290868e-02 1.963170e+00 2.274515e+00 3.004572e+00 1.158593e+00
2.344229e-02 1.942363e+00 2.242452e+00 2.966710e+00 1.154497e+00
2.398833e-02 1.921899e+00 2.211065e+00 2.929591e+00 1.150458e+00
2.454709e-02 1.901757e+00 2.180340e+00 2.893192e+00 1.146487e+00
2.511886e-02 1.881918e+00 2.150265e+00 2.857491e+00 1.142592e+00
2.570396e-02 1.862366e+00 2.120824e+00 2.822464e+00 1.138780e+00
2.630268e-02 1.843082e+00 2.092005e+00 2.788088e+00 1.135058e+00
2.691535e-02 1.824051e+00 2.063791e+00 2.754341e+00 1.131433e+00
2.754229e-02 1.805257e+00 2.036169e+00 2.721201e+00 1.127911e+00
2.818383e-02 1.786686e+00 2.009124e+00 2.688647e+00 1.124497e+00
2.884032e-02 1.768324e+00 1.982639e+00 2.656658e+00 1.121197e+00
2.951209e-02 1.750159e+00 1.956701e+00 2.625212e+00 1.118013e+00
3.019952e-02 1.732179e+00 1.931294e+00 2.594290e+00 1.114950e+00
3.090295e-02 1.714373e+00 1.906402e+00 2.563873e+00 1.112011e+00
3.162278e-02 1.696731e+00 1.882011e+00 2.533942e+00 1.109198e+00
3.235937e-02 1.679243e+00 1.858105e+00 2.504479e+00 1.106513e+00
3.311311e-02 1.661901e+00 1.834669e+00 2.475465e+00 1.103958e+00
3.388442e-02 1.644698e+00 1.811689e+00 2.446885e+00 1.101533e+00
3.467369e-02 1.627625e+00 1.789148e+00 2.418722e+00 1.099239e+00
3.548134e-02 1.610677e+00 1.767034e+00 2.390960e+00 1.097076e+00
3.630781e-02 1.593848e+00 1.745332e+00 2.363585e+00 1.095043e+00
3.715352e-02 1.577132e+00 1.724027e+00 2.336582e+00 1.093140e+00
3.801894e-02 1.560526e+00 1.703105e+00 2.309937e+00 1.091366e+00
3.890451e-02 1.544026e+00 1.682555e+00 2.283639e+00 1.089719e+00
3.981072e-02 1.527629e+00 1.662361e+00 2.257674e+00 1.088197e+00
4.073803e-02 1.511331e+00 1.642512e+00 2.232032e+00 1.086798e+00
4.168694e-02 1.495131e+00 1.622995e+00 2.206701e+00 1.085521e+00
4.265795e-02 1.479026e+00 1.603798e+00 2.181671e+00 1.084361e+00
4.365158e-02 1.463016e+00 1.584910e+00 2.156932e+00 1.083317e+00
4.466836e-02 1.447100e+00 1.566319e+00 2.132476e+00 1.082385e+00
4.570882e-02 1.431277e+00 1.548014e+00 2.108293e+00 1.081562e+00
4.677351e-02 1.415547e+00 1.529985e+00 2.084377e+00 1.080844e+00
4.786301e-02 1.399910e+00 1.512223e+00 2.060720e+00 1.080229e+00
4.897788e-02 1.384366e+00 1.494717e+00 2.037314e+00 1.079713e+00
5.011872e-02 1.368917e+00 1.477459e+00 2.014154e+00 1.079291e+00
5.128614e-02 1.353562e+00 1.460440e+00 1.991235e+00 1.078960e+00
5.248075e-02 1.338304e+00 1.443651e+00 1.968549e+00 1.078717e+00
5.370318e-02 1.323143e+00 1.427086e+00 1.946094e+00 1.078557e+00
5.495409e-02 1.308081e+00 1.410735e+00 1.923863e+00 1.078477e+00
5.623413e-02 1.293119e+00 1.394593e+00 1.901854e+00 1.078473e+00
5.754399e-02 1.278259e+00 1.378653e+00 1.880061e+00 1.078540e+00
5.888437e-02 1.263502e+00 1.362908e+00 1.858482e+00 1.078675e+00
6.025596e-02 1.248850e+00 1.347353e+00 1.837114e+00 1.078875e+00
6.165950e-02 1.234305e+00 1.331981e+00 1.815953e+00 1.079135e+00
6.309573e-02 1.219869e+00 1.316789e+00 1.794996e+00 1.079451e+00
6.456542e-02 1.205543e+00 1.301770e+00 1.774243e+00 1.079820e+00
6.606934e-02 1.191328e+00 1.286920e+00 1.753689e+00 1.080239e+00
6.760830e-02 1.177228e+00 1.272235e+00 1.733334e+00 1.080704e+00
6.918310e-02 1.163243e+00 1.257711e+00 1.713175e+00 1.081211e+00
7.079458e-02 1.149374e+00 1.243344e+00 1.693211e+00 1.081757e+00
7.244360e-02 1.135625e+00 1.229130e+00 1.673441e+00 1.082338e+00
7.413102e-02 1.121995e+00 1.215067e+00 1.653862e+00 1.082952e+00
7.585776e-02 1.108486e+00 1.201151e+00 1.634474e+00 1.083595e+00
7.762471e-02 1.095101e+00 1.187379e+00 1.615275e+00 1.084265e+00
7.943282e-02 1.081839e+00 1.173749e+00 1.596265e+00 1.084957e+00
8.128305e-02 1.068703e+00 1.160258e+00 1.577442e+00 1.085670e+00
8.317638e-02 1.055693e+00 1.146905e+00 1.558806e+00 1.086400e+00
8.511380e-02 1.042810e+00 1.133686e+00 1.540356e+00 1.087145e+00
8.709636e-02 1.030055e+00 1.120600e+00 1.522090e+00 1.087903e+00
8.912509e-02 1.017430e+00 1.107645e+00 1.504009e+00 1.088669e+00
9.120108e-02 1.004935e+00 1.094820e+00 1.486111e+00 1.089443e+00
9.332543e-02 9.925705e-01 1.082122e+00 1.468395e+00 1.090222e+00
9.549926e-02 9.803372e-01 1.069551e+00 1.450862e+00 1.091003e+00
9.772372e-02 9.682357e-01 1.057105e+00 1.433510e+00 1.091785e+00
1.000000e-01 9.562664e-01 1.044783e+00 1.416339e+00 1.092564e+00
1.023293e-01 9.444297e-01 1.032583e+00 1.399348e+00 1.093341e+00
1.047129e-01 9.327258e-01 1.020506e+00 1.382537e+00 1.094111e+00
1.071519e-01 9.211550e-01 1.008549e+00 1.365905e+00 1.094874e+00
1.096478e-01 9.097173e-01 9.967118e-01 1.349452e+00 1.095628e+00
1.122018e-01 8.984127e-01 9.849940e-01 1.333176e+00 1.096371e+00
1.148154e-01 8.872413e-01 9.733945e-01 1.317078e+00 1.097102e+00
1.174898e-01 8.762029e-01 9.619129e-01 1.301156e+00 1.097820e+00
1.202264e-01 8.652972e-01 9.505484e-01 1.285411e+00 1.098522e+00
1.230269e-01 8.545240e-01 9.393004e-01 1.269841e+00 1.099209e+00
1.258925e-01 8.438829e-01 9.281686e-01 1.254446e+00 1.099878e+00
1.288250e-01 8.333735e-01 9.171523e-01 1.239225e+00 1.100530e+00
1.318257e-01 8.229953e-01 9.062513e-01 1.224178e+00 1.101162e+00
1.348963e-01 8.127476e-01 8.954651e-01 1.209304e+00 1.101775e+00
1.380384e-01 8.026300e-01 8.847934e-01 1.194602e+00 1.102368e+00
1.412538e-01 7.926415e-01 8.742357e-01 1.180071e+00 1.102940e+00
1.445440e-01 7.827815e-01 8.637920e-01 1.165712e+00 1.103491e+00
1.479108e-01 7.730491e-01 8.534618e-01 1.151522e+00 1.104020e+00
1.513561e-01 7.634434e-01 8.432448e-01 1.137501e+00 1.104528e+00
1.548817e-01 7.539634e-01 8.331409e-01 1.123648e+00 1.105015e+00
1.584893e-01 7.446080e-01 8.231498e-01 1.109962e+00 1.105481e+00
1.621810e-01 7.353763e-01 8.132713e-01 1.096444e+00 1.105925e+00
1.659587e-01 7.262669e-01 8.035050e-01 1.083090e+00 1.106349e+00
1.698244e-01 7.172788e-01 7.938509e-01 1.069901e+00 1.106753e+00
1.737801e-01 7.084107e-01 7.843086e-01 1.056875e+00 1.107138e+00
1.778279e-01 6.996612e-01 7.748779e-01 1.044012e+00 1.107504e+00
1.819701e-01 6.910290e-01 7.655585e-01 1.031310e+00 1.107853e+00
1.862087e-01 6.825127e-01 7.563502e-01 1.018768e+00 1.108185e+00
1.905461e-01 6.741107e-01 7.472527e-01 1.006386e+00 1.108501e+00
1.949845e-01 6.658217e-01 7.382657e-01 9.941604e-01 1.108804e+00
1.995262e-01 6.576441e-01 7.293889e-01 9.820916e-01 1.109094e+00
2.041738e-01 6.495762e-01 7.206219e-01 9.701779e-01 1.109372e+00
2.089296e-01 6.416165e-01 7.119644e-01 9.584180e-01 1.109642e+00
2.137962e-01 6.337634e-01 7.034160e-01 9.468105e-01 1.109903e+00
2.187762e-01 6.260151e-01 6.949762e-01 9.353538e-01 1.110159e+00
2.238721e-01 6.183699e-01 6.866446e-01 9.240466e-01 1.110411e+00
2.290868e-01 6.108261e-01 6.784206e-01 9.128873e-01 1.110661e+00
2.344229e-01 6.033820e-01 6.703039e-01 9.018742e-01 1.110911e+00
2.398833e-01 5.960358e-01 6.622937e-01 8.910060e-01 1.111164e+00
2.454709e-01 5.887857e-01 6.543895e-01 8.802808e-01 1.111422e+00
2.511886e-01 5.816299e-01 6.465907e-01 8.696970e-01 1.111687e+00
2.570396e-01 5.745667e-01 6.388965e-01 8.592529e-01 1.111962e+00
2.630268e-01 5.675941e-01 6.313062e-01 8.489468e-01 1.112249e+00
2.691535e-01 5.607104e-01 6.238192e-01 8.387768e-01 1.112551e+00
2.754229e-01 5.539138e-01 6.164345e-01 8.287412e-01 1.112871e+00
2.818383e-01 5.472026e-01 6.091513e-01 8.188382e-01 1.113210e+00
2.884032e-01 5.405748e-01 6.019687e-01 8.090658e-01 1.113572e+00
2.951209e-01 5.340288e-01 5.948859e-01 7.994223e-01 1.113958e+00
3.019952e-01 5.275627e-01 5.879018e-01 7.899057e-01 1.114373e+00
3.090295e-01 5.211750e-01 5.810154e-01 7.805141e-01 1.114818e+00
3.162278e-01 5.148637e-01 5.742257e-01 7.712456e-01 1.115297e+00
3.235937e-01 5.086273e-01 5.675316e-01 7.620983e-01 1.115810e+00
3.311311e-01 5.024641e-01 5.609320e-01 7.530703e-01 1.116362e+00
3.388442e-01 4.963724e-01 5.544258e-01 7.441596e-01 1.116955e+00
3.467369e-01 4.903507e-01 5.480117e-01 7.353643e-01 1.117591e+00
3.548134e-01 4.843974e-01 5.416887e-01 7.266825e-01 1.118273e+00
3.630781e-01 4.785109e-01 5.354554e-01 7.181123e-01 1.119004e+00
3.715352e-01 4.726899e-01 5.293107e-01 7.096517e-01 1.119784e+00
3.801894e-01 4.669328e-01 5.232532e-01 7.012989e-01 1.120618e+00
3.890451e-01 4.612382e-01 5.172817e-01 6.930520e-01 1.121507e+00
3.981072e-01 4.556048e-01 5.113949e-01 6.849091e-01 1.122453e+00
4.073803e-01 4.500313e-01 5.055914e-01 6.768684e-01 1.123458e+00
4.168694e-01 4.445163e-01 4.998700e-01 6.689281e-01 1.124526e+00
4.265795e-01 4.390587e-01 4.942294e-01 6.610864e-01 1.125657e+00
4.365158e-01 4.336572e-01 4.886681e-01 6.533415e-01 1.126853e+00
4.466836e-01 4.283108e-01 4.831849e-01 6.456917e-01 1.128118e+00
4.570882e-01 4.230182e-01 4.777785e-01 6.381353e-01 1.129451e+00
4.677351e-01 4.177785e-01 4.724475e-01 6.306707e-01 1.130856e+00
4.786301e-01 4.125907e-01 4.671905e-01 6.232962e-01 1.132334e+00
4.897788e-01 4.074537e-01 4.620064e-01 6.160101e-01 1.133887e+00
5.011872e-01 4.023667e-01 4.568937e-01 6.088110e-01 1.135516e+00
5.128614e-01 3.973287e-01 4.518512e-01 6.016973e-01 1.137223e+00
5.248075e-01 3.923389e-01 4.468776e-01 5.946675e-01 1.139009e+00
5.370318e-01 3.873965e-01 4.419716e-01 5.877201e-01 1.140877e+00
5.495409e-01 3.825007e-01 4.371320e-01 5.808538e-01 1.142827e+00
5.623413e-01 3.776507e-01 4.323575e-01 5.740672e-01 1.144861e+00
5.754399e-01 3.728459e-01 4.276470e-01 5.673588e-01 1.146981e+00
5.888437e-01 3.680856e-01 4.229992e-01 5.607275e-01 1.149187e+00
6.025596e-01 3.633690e-01 4.184131e-01 5.541719e-01 1.151483e+00
6.165950e-01 3.586957e-01 4.138873e-01 5.476909e-01 1.153868e+00
6.309573e-01 3.540649e-01 4.094209e-01 5.412831e-01 1.156344e+00
6.456542e-01 3.494762e-01 4.050126e-01 5.349475e-01 1.158914e+00
6.606934e-01 3.449289e-01 4.006615e-01 5.286829e-01 1.161577e+00
6.760830e-01 3.404226e-01 3.963665e-01 5.224882e-01 1.164337e+00
6.918310e-01 3.359567e-01 3.921266e-01 5.163624e-01 1.167194e+00
7.079458e-01 3.315307e-01 3.879407e-01 5.103044e-01 1.170150e+00
7.244360e-01 3.271443e-01 3.838079e-01 5.043132e-01 1.173207e+00
7.413102e-01 3.227968e-01 3.797272e-01 4.983879e-01 1.176366e+00
7.585776e-01 3.184878e-01 3.756977e-01 4.925274e-01 1.179630e+00
7.762471e-01 3.142170e-01 3.717184e-01 4.867309e-01 1.182999e+00
7.943282e-01 3.099839e-01 3.677886e-01 4.809974e-01 1.186477e+00
8.128305e-01 3.057880e-01 3.639074e-01 4.753261e-01 1.190064e+00
8.317638e-01 3.016290e-01 3.600738e-01 4.697160e-01 1.193764e+00
8.511380e-01 2.975063e-01 3.562871e-01 4.641665e-01 1.197578e+00
8.709636e-01 2.934197e-01 3.525465e-01 4.586765e-01 1.201509e+00
8.912509e-01 2.893688e-01 3.488511e-01 4.532454e-01 1.205559e+00
9.120108e-01 2.853530e-01 3.452003e-01 4.478723e-01 1.209731e+00
9.332543e-01 2.813721e-01 3.415933e-01 4.425565e-01 1.214027e+00
9.549926e-01 2.774256e-01 3.380293e-01 4.372971e-01 1.218450e+00
9.772372e-01 2.735131e-01 3.345076e-01 4.320935e-01 1.223004e+00
1.000000e+00 2.696342e-01 3.310275e-01 4.269448e-01 1.227691e+00
1.023293e+00 2.657886e-01 3.275883e-01 4.218503e-01 1.232515e+00
1.047129e+00 2.619758e-01 3.241894e-01 4.168094e-01 1.237478e+00
1.071519e+00 2.581954e-01 3.208299e-01 4.118212e-01 1.242586e+00
1.096478e+00 2.544470e-01 3.175093e-01 4.068851e-01 1.247840e+00
1.122018e+00 2.507303e-01 3.142269e-01 4.020003e-01 1.253246e+00
1.148154e+00 2.470448e-01 3.109819e-01 3.971661e-01 1.258808e+00
1.174898e+00 2.433901e-01 3.077738e-01 3.923818e-01 1.264529e+00
1.202264e+00 2.397658e-01 3.046019e-01 3.876467e-01 1.270414e+00
1.230269e+00 2.361716e-01 3.014656e-01 3.829602e-01 1.276468e+00
1.258925e+00 2.326070e-01 2.983640e-01 3.783214e-01 1.282696e+00
1.288250e+00 2.290715e-01 2.952967e-01 3.737298e-01 1.289103e+00
1.318257e+00 2.255650e-01 2.922630e-01 3.691845e-01 1.295693e+00
1.348963e+00 2.220868e-01 2.892621e-01 3.646850e-01 1.302473e+00
1.380384e+00 2.186367e-01 2.862934e-01 3.602304e-01 1.309448e+00
1.412538e+00 2.152143e-01 2.833563e-01 3.558202e-01 1.316624e+00
1.445440e+00 2.118191e-01 2.804501e-01 3.514535e-01 1.324007e+00
1.479108e+00 2.084509e-01 2.775740e-01 3.471298e-01 1.331603e+00
1.513561e+00 2.051093e-01 2.747274e-01 3.428483e-01 1.339420e+00
1.548817e+00 2.017939e-01 2.719097e-01 3.386084e-01 1.347462e+00
1.584893e+00 1.985043e-01 2.691201e-01 3.344093e-01 1.355739e+00
1.621810e+00 1.952404e-01 2.663579e-01 3.302504e-01 1.364256e+00
1.659587e+00 1.920016e-01 2.636224e-01 3.261309e-01 1.373022e+00
1.698244e+00 1.887878e-01 2.609129e-01 3.220503e-01 1.382043e+00
1.737801e+00 1.855987e-01 2.582287e-01 3.180077e-01 1.391328e+00
1.778279e+00 1.824339e-01 2.555691e-01 3.140027e-01 1.400886e+00
1.819701e+00 1.792933e-01 2.529333e-01 3.100344e-01 1.410724e+00
1.862087e+00 1.761766e-01 2.503206e-01 3.061023e-01 1.420851e+00
1.905461e+00 1.730836e-01 2.477303e-01 3.022056e-01 1.431276e+00
1.949845e+00 1.700140e-01 2.451617e-01 2.983438e-01 1.442009e+00
1.995262e+00 1.669678e-01 2.426140e-01 2.945162e-01 1.453058e+00
2.041738e+00 1.639448e-01 2.400864e-01 2.907222e-01 1.464434e+00
2.089296e+00 1.609449e-01 2.375783e-01 2.869612e-01 1.476147e+00
2.137962e+00 1.579679e-01 2.350889e-01 2.832325e-01 1.488207e+00
2.187762e+00 1.550138e-01 2.326175e-01 2.795356e-01 1.500625e+00
2.238721e+00 1.520825e-01 2.301633e-01 2.758700e-01 1.513411e+00
2.290868e+00 1.491740e-01 2.277257e-01 2.722350e-01 1.526578e+00
2.344229e+00 1.462883e-01 2.253038e-01 2.686300e-01 1.540135e+00
2.398833e+00 1.434255e-01 2.228971e-01 2.650547e-01 1.554096e+00
2.454709e+00 1.405856e-01 2.205047e-01 2.615084e-01 1.568473e+00
2.511886e+00 1.377687e-01 2.181260e-01 2.579906e-01 1.583277e+00
2.570396e+00 1.349749e-01 2.157604e-01 2.545010e-01 1.598523e+00
2.630268e+00 1.322043e-01 2.134071e-01 2.510390e-01 1.614222e+00
2.691535e+00 1.294571e-01 2.110655e-01 2.476041e-01 1.630389e+00
2.754229e+00 1.267336e-01 2.087351e-01 2.441961e-01 1.647038e+00
2.818383e+00 1.240339e-01 2.064151e-01 2.408144e-01 1.664183e+00
2.884032e+00 1.213583e-01 2.041050e-01 2.374588e-01 1.681838e+00
2.951209e+00 1.187070e-01 2.018042e-01 2.341288e-01 1.700019e+00
3.019952e+00 1.160805e-01 1.995122e-01 2.308242e-01 1.718741e+00
3.090295e+00 1.134789e-01 1.972285e-01 2.275446e-01 1.738019e+00
3.162278e+00 1.109027e-01 1.949526e-01 2.242898e-01 1.757871e+00
3.235937e+00 1.083522e-01 1.926840e-01 2.210595e-01 1.778312e+00
3.311311e+00 1.058279e-01 1.904223e-01 2.178536e-01 1.799359e+00
3.388442e+00 1.033300e-01 1.881671e-01 2.146718e-01 1.821031e+00
3.467369e+00 1.008592e-01 1.859181e-01 2.115139e-01 1.843344e+00
3.548134e+00 9.841573e-02 1.836749e-01 2.083798e-01 1.866317e+00
3.630781e+00 9.600016e-02 1.814373e-01 2.052694e-01 1.889969e+00
3.715352e+00 9.361296e-02 1.792050e-01 2.021826e-01 1.914318e+00
3.801894e+00 9.125459e-02 1.769778e-01 1.991194e-01 1.939385e+00
3.890451e+00 8.892555e-02 1.747555e-01 1.960797e-01 1.965189e+00
3.981072e+00 8.662634e-02 1.725381e-01 1.930635e-01 1.991751e+00
4.073803e+00 8.435745e-02 1.703254e-01 1.900708e-01 2.019091e+00
4.168694e+00 8.211940e-02 1.681173e-01 1.871017e-01 2.047231e+00
4.265795e+00 7.991267e-02 1.659140e-01 1.841562e-01 2.076192e+00
4.365158e+00 7.773776e-02 1.637155e-01 1.812344e-01 2.105997e+00
4.466836e+00 7.559515e-02 1.615217e-01 1.783365e-01 2.136668e+00
4.570882e+00 7.348532e-02 1.593330e-01 1.754625e-01 2.168228e+00
4.677351e+00 7.140874e-02 1.571494e-01 1.726126e-01 2.200702e+00
4.786301e+00 6.936584e-02 1.549711e-01 1.697871e-01 2.234113e+00
4.897788e+00 6.735705e-02 1.527984e-01 1.669860e-01 2.268485e+00
5.011872e+00 6.538278e-02 1.506317e-01 1.642096e-01 2.303843e+00
5.128614e+00 6.344341e-02 1.484711e-01 1.614582e-01 2.340214e+00
5.248075e+00 6.153929e-02 1.463172e-01 1.587319e-01 2.377622e+00
5.370318e+00 5.967076e-02 1.441702e-01 1.560309e-01 2.416095e+00
5.495409e+00 5.783811e-02 1.420307e-01 1.533557e-01 2.455659e+00
5.623413e+00 5.604160e-02 1.398990e-01 1.507063e-01 2.496342e+00
5.754399e+00 5.428146e-02 1.377757e-01 1.480831e-01 2.538172e+00
5.888437e+00 5.255790e-02 1.356612e-01 1.454864e-01 2.581177e+00
6.025596e+00 5.087106e-02 1.335562e-01 1.429165e-01 2.625386e+00
6.165950e+00 4.922107e-02 1.314610e-01 1.403735e-01 2.670829e+00
6.309573e+00 4.760800e-02 1.293764e-01 1.378578e-01 2.717535e+00
6.456542e+00 4.603190e-02 1.273029e-01 1.353697e-01 2.765537e+00
6.606934e+00 4.449276e-02 1.252411e-01 1.329095e-01 2.814864e+00
6.760830e+00 4.299054e-02 1.231915e-01 1.304773e-01 2.865548e+00
6.918310e+00 4.152517e-02 1.211548e-01 1.280735e-01 2.917623e+00
7.079458e+00 4.009651e-02 1.191315e-01 1.256983e-01 2.971120e+00
7.244360e+00 3.870441e-02 1.171224e-01 1.233519e-01 3.026074e+00
7.413102e+00 3.734866e-02 1.151279e-01 1.210345e-01 3.082518e+00
7.585776e+00 3.602902e-02 1.131487e-01 1.187465e-01 3.140489e+00
7.762471e+00 3.474521e-02 1.111854e-01 1.164878e-01 3.200020e+00
7.943282e+00 3.349693e-02 1.092385e-01 1.142589e-01 3.261149e+00
8.128305e+00 3.228381e-02 1.073085e-01 1.120597e-01 3.323912e+00
8.317638e+00 3.110547e-02 1.053962e-01 1.098904e-01 3.388348e+00
8.511380e+00 2.996151e-02 1.035018e-01 1.077512e-01 3.454493e+00
8.709636e+00 2.885146e-02 1.016261e-01 1.056422e-01 3.522389e+00
8.912509e+00 2.777487e-02 9.976938e-02 1.035634e-01 3.592074e+00
9.120108e+00 2.673122e-02 9.793220e-02 1.015149e-01 3.663589e+00
9.332543e+00 2.571999e-02 9.611500e-02 9.949679e-02 3.736977e+00
9.549926e+00 2.474063e-02 9.431818e-02 9.750907e-02 3.812278e+00
9.772372e+00 2.379258e-02 9.254214e-02 9.555174e-02 3.889538e+00
1.000000e+01 2.287524e-02 9.078725e-02 9.362479e-02 3.968799e+00
