1.000000e-06 5.688095e+01 6.028471e-01 5.688414e+01 1.059840e-02
1.023293e-06 5.688046e+01 6.168804e-01 5.688381e+01 1.084521e-02
1.047129e-06 5.687995e+01 6.312400e-01 5.688345e+01 1.109776e-02
1.071519e-06 5.687941e+01 6.459334e-01 5.688308e+01 1.135619e-02
1.096478e-06 5.687885e+01 6.609683e-01 5.688269e+01 1.162063e-02
1.122018e-06 5.687826e+01 6.763526e-01 5.688228e+01 1.189123e-02
1.148154e-06 5.687764e+01 6.920945e-01 5.688185e+01 1.216813e-02
1.174898e-06 5.687700e+01 7.082021e-01 5.688140e+01 1.245147e-02
1.202264e-06 5.687632e+01 7.246840e-01 5.688094e+01 1.274140e-02
1.230269e-06 5.687561e+01 7.415488e-01 5.688045e+01 1.303808e-02
1.258925e-06 5.687487e+01 7.588053e-01 5.687993e+01 1.334166e-02
1.288250e-06 5.687409e+01 7.764626e-01 5.687939e+01 1.365231e-02
1.318257e-06 5.687328e+01 7.945299e-01 5.687883e+01 1.397018e-02
1.348963e-06 5.687243e+01 8.130168e-01 5.687824e+01 1.429545e-02
1.380384e-06 5.687154e+01 8.319328e-01 5.687762e+01 1.462828e-02
1.412538e-06 5.687061e+01 8.512879e-01 5.687698e+01 1.496886e-02
1.445440e-06 5.686963e+01 8.710921e-01 5.687630e+01 1.531735e-02
1.479108e-06 5.686861e+01 8.913559e-01 5.687559e+01 1.567395e-02
1.513561e-06 5.686753e+01 9.120899e-01 5.687485e+01 1.603885e-02
1.548817e-06 5.686641e+01 9.333047e-01 5.687407e+01 1.641223e-02
1.584893e-06 5.686524e+01 9.550115e-01 5.687326e+01 1.679429e-02
1.621810e-06 5.686401e+01 9.772216e-01 5.687240e+01 1.718524e-02
1.659587e-06 5.686272e+01 9.999465e-01 5.687151e+01 1.758527e-02
1.698244e-06 5.686137e+01 1.023198e+00 5.687058e+01 1.799461e-02
1.737801e-06 5.685996e+01 1.046988e+00 5.686960e+01 1.841346e-02
1.778279e-06 5.685848e+01 1.071330e+00 5.686858e+01 1.884204e-02
1.819701e-06 5.685694e+01 1.096235e+00 5.686750e+01 1.928058e-02
1.862087e-06 5.685532e+01 1.121717e+00 5.686638e+01 1.972932e-02
1.905461e-06 5.685362e+01 1.147788e+00 5.686520e+01 2.018848e-02
1.949845e-06 5.685184e+01 1.174463e+00 5.686397e+01 2.065830e-02
1.995262e-06 5.684998e+01 1.201754e+00 5.686268e+01 2.113904e-02
2.041738e-06 5.684804e+01 1.229677e+00 5.686133e+01 2.163095e-02
2.089296e-06 5.684600e+01 1.258245e+00 5.685992e+01 2.213428e-02
2.137962e-06 5.684386e+01 1.287473e+00 5.685844e+01 2.264930e-02
2.187762e-06 5.684163e+01 1.317377e+00 5.685689e+01 2.317627e-02
2.238721e-06 5.683929e+01 1.347971e+00 5.685527e+01 2.371547e-02
2.290868e-06 5.683684e+01 1.379270e+00 5.685357e+01 2.426719e-02
2.344229e-06 5.683427e+01 1.411292e+00 5.685179e+01 2.483171e-02
2.398833e-06 5.683159e+01 1.444053e+00 5.684993e+01 2.540933e-02
2.454709e-06 5.682878e+01 1.477568e+00 5.684798e+01 2.600034e-02
2.511886e-06 5.682583e+01 1.511855e+00 5.684594e+01 2.660507e-02
2.570396e-06 5.682275e+01 1.546932e+00 5.684381e+01 2.722381e-02
2.630268e-06 5.681953e+01 1.582816e+00 5.684157e+01 2.785689e-02
2.691535e-06 5.681615e+01 1.619525e+00 5.683923e+01 2.850465e-02
2.754229e-06 5.681261e+01 1.657077e+00 5.683677e+01 2.916742e-02
2.818383e-06 5.680891e+01 1.695493e+00 5.683421e+01 2.984554e-02
2.884032e-06 5.680504e+01 1.734790e+00 5.683152e+01 3.053936e-02
2.951209e-06 5.680098e+01 1.774988e+00 5.682871e+01 3.124925e-02
3.019952e-06 5.679673e+01 1.816108e+00 5.682576e+01 3.197557e-02
3.090295e-06 5.679229e+01 1.858170e+00 5.682268e+01 3.271870e-02
3.162278e-06 5.678763e+01 1.901194e+00 5.681945e+01 3.347901e-02
3.235937e-06 5.678276e+01 1.945202e+00 5.681607e+01 3.425690e-02
3.311311e-06 5.677766e+01 1.990215e+00 5.681253e+01 3.505278e-02
3.388442e-06 5.677232e+01 2.036256e+00 5.680883e+01 3.586705e-02
3.467369e-06 5.676673e+01 2.083346e+00 5.680495e+01 3.670013e-02
3.548134e-06 5.676088e+01 2.131509e+00 5.680089e+01 3.755244e-02
3.630781e-06 5.675476e+01 2.180769e+00 5.679664e+01 3.842442e-02
3.715352e-06 5.674835e+01 2.231147e+00 5.679219e+01 3.931652e-02
3.801894e-06 5.674164e+01 2.282670e+00 5.678753e+01 4.022919e-02
3.890451e-06 5.673461e+01 2.335361e+00 5.678266e+01 4.116290e-02
3.981072e-06 5.672726e+01 2.389245e+00 5.677756e+01 4.211811e-02
4.073803e-06 5.671957e+01 2.444348e+00 5.677221e+01 4.309532e-02
4.168694e-06 5.671152e+01 2.500695e+00 5.676662e+01 4.409502e-02
4.265795e-06 5.670309e+01 2.558314e+00 5.676077e+01 4.511771e-02
4.365158e-06 5.669427e+01 2.617229e+00 5.675465e+01 4.616391e-02
4.466836e-06 5.668503e+01 2.677469e+00 5.674823e+01 4.723414e-02
4.570882e-06 5.667537e+01 2.739060e+00 5.674152e+01 4.832893e-02
4.677351e-06 5.666526e+01 2.802032e+00 5.673450e+01 4.944884e-02
4.786301e-06 5.665468e+01 2.866411e+00 5.672715e+01 5.059443e-02
4.897788e-06 5.664361e+01 2.932227e+00 5.671946e+01 5.176625e-02
5.011872e-06 5.663202e+01 2.999509e+00 5.671140e+01 5.296489e-02
5.128614e-06 5.661990e+01 3.068286e+00 5.670298e+01 5.419094e-02
5.248075e-06 5.660722e+01 3.138588e+00 5.669416e+01 5.544501e-02
5.370318e-06 5.659394e+01 3.210445e+00 5.668493e+01 5.672771e-02
5.495409e-06 5.658006e+01 3.283887e+00 5.667527e+01 5.803965e-02
5.623413e-06 5.656553e+01 3.358945e+00 5.666517e+01 5.938149e-02
5.754399e-06 5.655033e+01 3.435651e+00 5.665459e+01 6.075386e-02
5.888437e-06 5.653442e+01 3.514035e+00 5.664353e+01 6.215744e-02
6.025596e-06 5.651779e+01 3.594129e+00 5.663195e+01 6.359288e-02
6.165950e-06 5.650039e+01 3.675965e+00 5.661984e+01 6.506088e-02
6.309573e-06 5.648218e+01 3.759575e+00 5.660717e+01 6.656213e-02
6.456542e-06 5.646314e+01 3.844990e+00 5.659391e+01 6.809734e-02
6.606934e-06 5.644323e+01 3.932244e+00 5.658004e+01 6.966723e-02
6.760830e-06 5.642241e+01 4.021368e+00 5.656553e+01 7.127253e-02
6.918310e-06 5.640063e+01 4.112394e+00 5.655035e+01 7.291399e-02
7.079458e-06 5.637785e+01 4.205356e+00 5.653448e+01 7.459235e-02
7.244360e-06 5.635404e+01 4.300285e+00 5.651787e+01 7.630838e-02
7.413102e-06 5.632913e+01 4.397214e+00 5.650050e+01 7.806287e-02
7.585776e-06 5.630310e+01 4.496174e+00 5.648234e+01 7.985660e-02
7.762471e-06 5.627588e+01 4.597198e+00 5.646334e+01 8.169037e-02
7.943282e-06 5.624743e+01 4.700316e+00 5.644348e+01 8.356499e-02
8.128305e-06 5.621769e+01 4.805560e+00 5.642270e+01 8.548128e-02
8.317638e-06 5.618660e+01 4.912960e+00 5.640098e+01 8.744007e-02
8.511380e-06 5.615411e+01 5.022548e+00 5.637828e+01 8.944221e-02
8.709636e-06 5.612016e+01 5.134351e+00 5.635454e+01 9.148853e-02
8.912509e-06 5.608468e+01 5.248399e+00 5.632972e+01 9.357991e-02
9.120108e-06 5.604761e+01 5.364721e+00 5.630378e+01 9.571720e-02
9.332543e-06 5.600889e+01 5.483342e+00 5.627666e+01 9.790128e-02
9.549926e-06 5.596844e+01 5.604289e+00 5.624832e+01 1.001330e-01
9.772372e-06 5.592618e+01 5.727588e+00 5.621871e+01 1.024134e-01
1.000000e-05 5.588205e+01 5.853261e+00 5.618776e+01 1.047431e-01
1.023293e-05 5.583597e+01 5.981330e+00 5.615543e+01 1.071232e-01
1.047129e-05 5.578786e+01 6.111816e+00 5.612165e+01 1.095546e-01
1.071519e-05 5.573763e+01 6.244739e+00 5.608636e+01 1.120381e-01
1.096478e-05 5.568520e+01 6.380114e+00 5.604951e+01 1.145747e-01
1.122018e-05 5.563048e+01 6.517957e+00 5.601101e+01 1.171652e-01
1.148154e-05 5.557337e+01 6.658280e+00 5.597082e+01 1.198106e-01
1.174898e-05 5.551379e+01 6.801093e+00 5.592885e+01 1.225118e-01
1.202264e-05 5.545164e+01 6.946405e+00 5.588503e+01 1.252696e-01
1.230269e-05 5.538681e+01 7.094218e+00 5.583929e+01 1.280850e-01
1.258925e-05 5.531920e+01 7.244536e+00 5.579155e+01 1.309588e-01
1.288250e-05 5.524871e+01 7.397356e+00 5.574173e+01 1.338919e-01
1.318257e-05 5.517523e+01 7.552673e+00 5.568975e+01 1.368852e-01
1.348963e-05 5.509864e+01 7.710478e+00 5.563553e+01 1.399395e-01
1.380384e-05 5.501884e+01 7.870758e+00 5.557896e+01 1.430557e-01
1.412538e-05 5.493570e+01 8.033495e+00 5.551998e+01 1.462345e-01
1.445440e-05 5.484910e+01 8.198667e+00 5.545847e+01 1.494768e-01
1.479108e-05 5.475893e+01 8.366247e+00 5.539435e+01 1.527832e-01
1.513561e-05 5.466505e+01 8.536203e+00 5.532752e+01 1.561547e-01
1.548817e-05 5.456735e+01 8.708497e+00 5.525788e+01 1.595917e-01
1.584893e-05 5.446569e+01 8.883087e+00 5.518533e+01 1.630951e-01
1.621810e-05 5.435994e+01 9.059922e+00 5.510975e+01 1.666654e-01
1.659587e-05 5.424996e+01 9.238947e+00 5.503105e+01 1.703033e-01
1.698244e-05 5.413563e+01 9.420100e+00 5.494911e+01 1.740092e-01
1.737801e-05 5.401681e+01 9.603311e+00 5.486382e+01 1.777837e-01
1.778279e-05 5.389336e+01 9.788502e+00 5.477508e+01 1.816272e-01
1.819701e-05 5.376514e+01 9.975590e+00 5.468275e+01 1.855401e-01
1.862087e-05 5.363202e+01 1.016448e+01 5.458672e+01 1.895226e-01
1.905461e-05 5.349386e+01 1.035508e+01 5.448689e+01 1.935751e-01
1.949845e-05 5.335052e+01 1.054727e+01 5.438312e+01 1.976976e-01
1.995262e-05 5.320187e+01 1.074094e+01 5.427529e+01 2.018902e-01
2.041738e-05 5.304777e+01 1.093596e+01 5.416328e+01 2.061530e-01
2.089296e-05 5.288809e+01 1.113219e+01 5.404698e+01 2.104857e-01
2.137962e-05 5.272270e+01 1.132949e+01 5.392625e+01 2.148882e-01
2.187762e-05 5.255147e+01 1.152770e+01 5.380098e+01 2.193602e-01
2.238721e-05 5.237428e+01 1.172666e+01 5.367104e+01 2.239011e-01
2.290868e-05 5.219101e+01 1.192620e+01 5.353631e+01 2.285105e-01
2.344229e-05 5.200155e+01 1.212612e+01 5.339667e+01 2.331877e-01
2.398833e-05 5.180578e+01 1.232624e+01 5.325200e+01 2.379317e-01
2.454709e-05 5.160361e+01 1.252635e+01 5.310218e+01 2.427417e-01
2.511886e-05 5.139494e+01 1.272623e+01 5.294711e+01 2.476164e-01
2.570396e-05 5.117968e+01 1.292566e+01 5.278667e+01 2.525545e-01
2.630268e-05 5.095776e+01 1.312441e+01 5.262075e+01 2.575546e-01
2.691535e-05 5.072911e+01 1.332223e+01 5.244925e+01 2.626151e-01
2.754229e-05 5.049366e+01 1.351887e+01 5.227208e+01 2.677340e-01
2.818383e-05 5.025139e+01 1.371407e+01 5.208913e+01 2.729093e-01
2.884032e-05 5.000224e+01 1.390756e+01 5.190033e+01 2.781387e-01
2.951209e-05 4.974620e+01 1.409906e+01 5.170559e+01 2.834199e-01
3.019952e-05 4.948326e+01 1.428829e+01 5.150484e+01 2.887501e-01
3.090295e-05 4.921343e+01 1.447497e+01 5.129801e+01 2.941264e-01
3.162278e-05 4.893672e+01 1.465878e+01 5.108506e+01 2.995456e-01
3.235937e-05 4.865319e+01 1.483944e+01 5.086592e+01 3.050044e-01
3.311311e-05 4.836288e+01 1.501664e+01 5.064057e+01 3.104992e-01
3.388442e-05 4.806587e+01 1.519006e+01 5.040899e+01 3.160260e-01
3.467369e-05 4.776224e+01 1.535942e+01 5.017114e+01 3.215807e-01
3.548134e-05 4.745211e+01 1.552438e+01 4.992704e+01 3.271590e-01
3.630781e-05 4.713560e+01 1.568466e+01 4.967669e+01 3.327561e-01
3.715352e-05 4.681286e+01 1.583993e+01 4.942011e+01 3.383671e-01
3.801894e-05 4.648405e+01 1.598991e+01 4.915734e+01 3.439869e-01
3.890451e-05 4.614936e+01 1.613428e+01 4.888843e+01 3.496100e-01
3.981072e-05 4.580899e+01 1.627276e+01 4.861344e+01 3.552307e-01
4.073803e-05 4.546317e+01 1.640507e+01 4.833245e+01 3.608431e-01
4.168694e-05 4.511213e+01 1.653093e+01 4.804556e+01 3.664409e-01
4.265795e-05 4.475614e+01 1.665007e+01 4.775287e+01 3.720177e-01
4.365158e-05 4.439547e+01 1.676225e+01 4.745451e+01 3.775668e-01
4.466836e-05 4.403042e+01 1.686723e+01 4.715062e+01 3.830813e-01
4.570882e-05 4.366129e+01 1.696477e+01 4.684135e+01 3.885541e-01
4.677351e-05 4.328843e+01 1.705468e+01 4.652687e+01 3.939779e-01
4.786301e-05 4.291216e+01 1.713676e+01 4.620738e+01 3.993452e-01
4.897788e-05 4.253284e+01 1.721085e+01 4.588306e+01 4.046485e-01
5.011872e-05 4.215084e+01 1.727678e+01 4.555414e+01 4.098799e-01
5.128614e-05 4.176653e+01 1.733443e+01 4.522085e+01 4.150316e-01
5.248075e-05 4.138030e+01 1.738369e+01 4.488342e+01 4.200957e-01
5.370318e-05 4.099254e+01 1.742446e+01 4.454212e+01 4.250642e-01
5.495409e-05 4.060366e+01 1.745669e+01 4.419721e+01 4.299290e-01
5.623413e-05 4.021405e+01 1.748033e+01 4.384896e+01 4.346821e-01
5.754399e-05 3.982412e+01 1.749536e+01 4.349768e+01 4.393156e-01
5.888437e-05 3.943428e+01 1.750178e+01 4.314365e+01 4.438215e-01
6.025596e-05 3.904493e+01 1.749963e+01 4.278719e+01 4.481922e-01
6.165950e-05 3.865648e+01 1.748896e+01 4.242862e+01 4.524199e-01
6.309573e-05 3.826933e+01 1.746985e+01 4.206824e+01 4.564973e-01
6.456542e-05 3.788386e+01 1.744238e+01 4.170640e+01 4.604171e-01
6.606934e-05 3.750047e+01 1.740668e+01 4.134341e+01 4.641724e-01
6.760830e-05 3.711952e+01 1.736290e+01 4.097962e+01 4.677565e-01
6.918310e-05 3.674139e+01 1.731119e+01 4.061535e+01 4.711631e-01
7.079458e-05 3.636642e+01 1.725173e+01 4.025095e+01 4.743863e-01
7.244360e-05 3.599496e+01 1.718474e+01 3.988674e+01 4.774206e-01
7.413102e-05 3.562733e+01 1.711041e+01 3.952307e+01 4.802610e-01
7.585776e-05 3.526384e+01 1.702900e+01 3.916025e+01 4.829027e-01
7.762471e-05 3.490478e+01 1.694074e+01 3.879861e+01 4.853417e-01
7.943282e-05 3.455042e+01 1.684591e+01 3.843847e+01 4.875745e-01
8.128305e-05 3.420103e+01 1.674476e+01 3.808015e+01 4.895981e-01
8.317638e-05 3.385685e+01 1.663759e+01 3.772394e+01 4.914100e-01
8.511380e-05 3.351808e+01 1.652470e+01 3.737014e+01 4.930084e-01
8.709636e-05 3.318494e+01 1.640637e+01 3.701904e+01 4.943921e-01
8.912509e-05 3.285761e+01 1.628293e+01 3.667092e+01 4.955604e-01
9.120108e-05 3.253624e+01 1.615468e+01 3.632603e+01 4.965134e-01
9.332543e-05 3.222097e+01 1.602193e+01 3.598463e+01 4.972517e-01
9.549926e-05 3.191194e+01 1.588502e+01 3.564696e+01 4.977766e-01
9.772372e-05 3.160924e+01 1.574424e+01 3.531324e+01 4.980899e-01
1.000000e-04 3.131296e+01 1.559993e+01 3.498370e+01 4.981941e-01
1.023293e-04 3.102316e+01 1.545240e+01 3.465852e+01 4.980922e-01
1.047129e-04 3.073990e+01 1.530195e+01 3.433790e+01 4.977879e-01
1.071519e-04 3.046322e+01 1.514891e+01 3.402201e+01 4.972852e-01
1.096478e-04 3.019312e+01 1.499357e+01 3.371100e+01 4.965890e-01
1.122018e-04 2.992960e+01 1.483624e+01 3.340501e+01 4.957044e-01
1.148154e-04 2.967266e+01 1.467720e+01 3.310418e+01 4.946370e-01
1.174898e-04 2.942227e+01 1.451674e+01 3.280862e+01 4.933930e-01
1.202264e-04 2.917838e+01 1.435514e+01 3.251843e+01 4.919788e-01
1.230269e-04 2.894095e+01 1.419267e+01 3.223368e+01 4.904012e-01
1.258925e-04 2.870990e+01 1.402959e+01 3.195447e+01 4.886674e-01
1.288250e-04 2.848517e+01 1.386615e+01 3.168083e+01 4.867849e-01
1.318257e-04 2.826667e+01 1.370259e+01 3.141282e+01 4.847614e-01
1.348963e-04 2.805430e+01 1.353914e+01 3.115048e+01 4.826048e-01
1.380384e-04 2.784797e+01 1.337603e+01 3.089381e+01 4.803233e-01
1.412538e-04 2.764756e+01 1.321346e+01 3.064283e+01 4.779249e-01
1.445440e-04 2.745297e+01 1.305164e+01 3.039754e+01 4.754181e-01
1.479108e-04 2.726406e+01 1.289076e+01 3.015793e+01 4.728113e-01
1.513561e-04 2.708072e+01 1.273099e+01 2.992396e+01 4.701128e-01
1.548817e-04 2.690281e+01 1.257252e+01 2.969561e+01 4.673312e-01
1.584893e-04 2.673020e+01 1.241550e+01 2.947284e+01 4.644748e-01
1.621810e-04 2.656275e+01 1.226009e+01 2.925559e+01 4.615519e-01
1.659587e-04 2.640033e+01 1.210642e+01 2.904381e+01 4.585707e-01
1.698244e-04 2.624280e+01 1.195463e+01 2.883743e+01 4.555395e-01
1.737801e-04 2.609000e+01 1.180484e+01 2.863638e+01 4.524662e-01
1.778279e-04 2.594180e+01 1.165717e+01 2.844058e+01 4.493587e-01
1.819701e-04 2.579806e+01 1.151173e+01 2.824995e+01 4.462246e-01
1.862087e-04 2.565863e+01 1.136861e+01 2.806440e+01 4.430714e-01
1.905461e-04 2.552337e+01 1.122790e+01 2.788384e+01 4.399065e-01
1.949845e-04 2.539214e+01 1.108969e+01 2.770816e+01 4.367369e-01
1.995262e-04 2.526480e+01 1.095405e+01 2.753727e+01 4.335695e-01
2.041738e-04 2.514121e+01 1.082105e+01 2.737107e+01 4.304110e-01
2.089296e-04 2.502122e+01 1.069076e+01 2.720945e+01 4.272677e-01
2.137962e-04 2.490472e+01 1.056323e+01 2.705230e+01 4.241458e-01
2.187762e-04 2.479155e+01 1.043852e+01 2.689951e+01 4.210514e-01
2.238721e-04 2.468159e+01 1.031666e+01 2.675097e+01 4.179902e-01
2.290868e-04 2.457472e+01 1.019771e+01 2.660658e+01 4.149675e-01
2.344229e-04 2.447080e+01 1.008169e+01 2.646622e+01 4.119888e-01
2.398833e-04 2.436971e+01 9.968649e+00 2.632977e+01 4.090590e-01
2.454709e-04 2.427133e+01 9.858602e+00 2.619712e+01 4.061831e-01
2.511886e-04 2.417553e+01 9.751576e+00 2.606817e+01 4.033655e-01
2.570396e-04 2.408221e+01 9.647595e+00 2.594280e+01 4.006108e-01
2.630268e-04 2.399125e+01 9.546674e+00 2.582090e+01 3.979232e-01
2.691535e-04 2.390253e+01 9.448831e+00 2.570236e+01 3.953067e-01
2.754229e-04 2.381595e+01 9.354076e+00 2.558707e+01 3.927652e-01
2.818383e-04 2.373140e+01 9.262421e+00 2.547492e+01 3.903024e-01
2.884032e-04 2.364877e+01 9.173873e+00 2.536581e+01 3.879218e-01
2.951209e-04 2.356797e+01 9.088439e+00 2.525963e+01 3.856268e-01
3.019952e-04 2.348888e+01 9.006123e+00 2.515627e+01 3.834206e-01
3.090295e-04 2.341143e+01 8.926927e+00 2.505564e+01 3.813064e-01
3.162278e-04 2.333549e+01 8.850854e+00 2.495762e+01 3.792872e-01
3.235937e-04 2.326099e+01 8.777902e+00 2.486213e+01 3.773658e-01
3.311311e-04 2.318783e+01 8.708072e+00 2.476905e+01 3.755450e-01
3.388442e-04 2.311591e+01 8.641361e+00 2.467830e+01 3.738274e-01
3.467369e-04 2.304515e+01 8.577766e+00 2.458977e+01 3.722157e-01
3.548134e-04 2.297545e+01 8.517283e+00 2.450338e+01 3.707123e-01
3.630781e-04 2.290674e+01 8.459907e+00 2.441902e+01 3.693196e-01
3.715352e-04 2.283891e+01 8.405633e+00 2.433661e+01 3.680400e-01
3.801894e-04 2.277189e+01 8.354454e+00 2.425604e+01 3.668758e-01
3.890451e-04 2.270558e+01 8.306362e+00 2.417724e+01 3.658291e-01
3.981072e-04 2.263990e+01 8.261351e+00 2.410011e+01 3.649022e-01
4.073803e-04 2.257478e+01 8.219411e+00 2.402456e+01 3.640971e-01
4.168694e-04 2.251011e+01 8.180533e+00 2.395050e+01 3.634159e-01
4.265795e-04 2.244582e+01 8.144706e+00 2.387784e+01 3.628606e-01
4.365158e-04 2.238183e+01 8.111919e+00 2.380650e+01 3.624332e-01
4.466836e-04 2.231804e+01 8.082160e+00 2.373639e+01 3.621357e-01
4.570882e-04 2.225438e+01 8.055416e+00 2.366743e+01 3.619699e-01
4.677351e-04 2.219076e+01 8.031672e+00 2.359953e+01 3.619377e-01
4.786301e-04 2.212709e+01 8.010913e+00 2.353259e+01 3.620409e-01
4.897788e-04 2.206329e+01 7.993122e+00 2.346655e+01 3.622814e-01
5.011872e-04 2.199928e+01 7.978280e+00 2.340131e+01 3.626610e-01
5.128614e-04 2.193496e+01 7.966369e+00 2.333679e+01 3.631814e-01
5.248075e-04 2.187026e+01 7.957368e+00 2.327290e+01 3.638443e-01
5.370318e-04 2.180507e+01 7.951252e+00 2.320956e+01 3.646515e-01
5.495409e-04 2.173933e+01 7.947998e+00 2.314669e+01 3.656046e-01
5.623413e-04 2.167293e+01 7.947579e+00 2.308420e+01 3.667053e-01
5.754399e-04 2.160580e+01 7.949967e+00 2.302200e+01 3.679552e-01
5.888437e-04 2.153784e+01 7.955130e+00 2.296002e+01 3.693560e-01
6.025596e-04 2.146896e+01 7.963036e+00 2.289817e+01 3.709092e-01
6.165950e-04 2.139908e+01 7.973649e+00 2.283637e+01 3.726164e-01
6.309573e-04 2.132810e+01 7.986930e+00 2.277452e+01 3.744792e-01
6.456542e-04 2.125594e+01 8.002840e+00 2.271256e+01 3.764990e-01
6.606934e-04 2.118250e+01 8.021334e+00 2.265039e+01 3.786774e-01
6.760830e-04 2.110770e+01 8.042366e+00 2.258793e+01 3.810158e-01
6.918310e-04 2.103144e+01 8.065886e+00 2.252510e+01 3.835156e-01
7.079458e-04 2.095364e+01 8.091841e+00 2.246181e+01 3.861784e-01
7.244360e-04 2.087420e+01 8.120175e+00 2.239798e+01 3.890053e-01
7.413102e-04 2.079304e+01 8.150828e+00 2.233352e+01 3.919980e-01
7.585776e-04 2.071006e+01 8.183736e+00 2.226837e+01 3.951575e-01
7.762471e-04 2.062519e+01 8.218833e+00 2.220242e+01 3.984853e-01
7.943282e-04 2.053832e+01 8.256048e+00 2.213560e+01 4.019826e-01
8.128305e-04 2.044938e+01 8.295305e+00 2.206784e+01 4.056506e-01
8.317638e-04 2.035829e+01 8.336526e+00 2.199904e+01 4.094905e-01
8.511380e-04 2.026495e+01 8.379629e+00 2.192912e+01 4.135035e-01
8.709636e-04 2.016929e+01 8.424525e+00 2.185802e+01 4.176907e-01
8.912509e-04 2.007123e+01 8.471124e+00 2.178564e+01 4.220531e-01
9.120108e-04 1.997068e+01 8.519330e+00 2.171191e+01 4.265918e-01
9.332543e-04 1.986758e+01 8.569043e+00 2.163676e+01 4.313078e-01
9.549926e-04 1.976186e+01 8.620159e+00 2.156010e+01 4.362019e-01
9.772372e-04 1.965343e+01 8.672570e+00 2.148187e+01 4.412751e-01
1.000000e-03 1.954225e+01 8.726163e+00 2.140200e+01 4.465281e-01
1.023293e-03 1.942824e+01 8.780821e+00 2.132040e+01 4.519617e-01
1.047129e-03 1.931135e+01 8.836423e+00 2.123701e+01 4.575766e-01
1.071519e-03 1.919153e+01 8.892844e+00 2.115177e+01 4.633734e-01
1.096478e-03 1.906872e+01 8.949954e+00 2.106461e+01 4.693527e-01
1.122018e-03 1.894288e+01 9.007621e+00 2.097546e+01 4.755149e-01
1.148154e-03 1.881397e+01 9.065708e+00 2.088427e+01 4.818604e-01
1.174898e-03 1.868197e+01 9.124074e+00 2.079097e+01 4.883894e-01
1.202264e-03 1.854683e+01 9.182578e+00 2.069552e+01 4.951023e-01
1.230269e-03 1.840855e+01 9.241072e+00 2.059786e+01 5.019990e-01
1.258925e-03 1.826710e+01 9.299407e+00 2.049795e+01 5.090796e-01
1.288250e-03 1.812248e+01 9.357432e+00 2.039573e+01 5.163440e-01
1.318257e-03 1.797468e+01 9.414993e+00 2.029116e+01 5.237919e-01
1.348963e-03 1.782372e+01 9.471936e+00 2.018422e+01 5.314230e-01
1.380384e-03 1.766961e+01 9.528103e+00 2.007486e+01 5.392367e-01
1.412538e-03 1.751237e+01 9.583337e+00 1.996305e+01 5.472325e-01
1.445440e-03 1.735203e+01 9.637481e+00 1.984878e+01 5.554095e-01
1.479108e-03 1.718863e+01 9.690377e+00 1.973201e+01 5.637668e-01
1.513561e-03 1.702221e+01 9.741867e+00 1.961274e+01 5.723034e-01
1.548817e-03 1.685283e+01 9.791796e+00 1.949095e+01 5.810178e-01
1.584893e-03 1.668056e+01 9.840008e+00 1.936664e+01 5.899088e-01
1.621810e-03 1.650546e+01 9.886352e+00 1.923981e+01 5.989746e-01
1.659587e-03 1.632762e+01 9.930677e+00 1.911045e+01 6.082135e-01
1.698244e-03 1.614712e+01 9.972838e+00 1.897859e+01 6.176233e-01
1.737801e-03 1.596407e+01 1.001269e+01 1.884424e+01 6.272019e-01
1.778279e-03 1.577856e+01 1.005010e+01 1.870742e+01 6.369467e-01
1.819701e-03 1.559071e+01 1.008493e+01 1.856815e+01 6.468551e-01
1.862087e-03 1.540064e+01 1.011706e+01 1.842647e+01 6.569242e-01
1.905461e-03 1.520849e+01 1.014635e+01 1.828241e+01 6.671508e-01
1.949845e-03 1.501437e+01 1.017271e+01 1.813603e+01 6.775314e-01
1.995262e-03 1.481845e+01 1.019602e+01 1.798736e+01 6.880625e-01
2.041738e-03 1.462085e+01 1.021617e+01 1.783647e+01 6.987400e-01
2.089296e-03 1.442175e+01 1.023309e+01 1.768341e+01 7.095598e-01
2.137962e-03 1.422128e+01 1.024668e+01 1.752825e+01 7.205175e-01
2.187762e-03 1.401963e+01 1.025688e+01 1.737106e+01 7.316083e-01
2.238721e-03 1.381696e+01 1.026361e+01 1.721191e+01 7.428273e-01
2.290868e-03 1.361343e+01 1.026682e+01 1.705090e+01 7.541691e-01
2.344229e-03 1.340921e+01 1.026647e+01 1.688809e+01 7.656282e-01
2.398833e-03 1.320450e+01 1.026252e+01 1.672358e+01 7.771989e-01
2.454709e-03 1.299945e+01 1.025494e+01 1.655746e+01 7.888749e-01
2.511886e-03 1.279425e+01 1.024372e+01 1.638983e+01 8.006501e-01
2.570396e-03 1.258907e+01 1.022884e+01 1.622079e+01 8.125177e-01
2.630268e-03 1.238409e+01 1.021032e+01 1.605044e+01 8.244709e-01
2.691535e-03 1.217949e+01 1.018817e+01 1.587888e+01 8.365027e-01
2.754229e-03 1.197543e+01 1.016242e+01 1.570623e+01 8.486055e-01
2.818383e-03 1.177209e+01 1.013308e+01 1.553259e+01 8.607719e-01
2.884032e-03 1.156962e+01 1.010021e+01 1.535808e+01 8.729941e-01
2.951209e-03 1.136820e+01 1.006386e+01 1.518280e+01 8.852641e-01
3.019952e-03 1.116798e+01 1.002409e+01 1.500687e+01 8.975735e-01
3.090295e-03 1.096912e+01 9.980956e+00 1.483041e+01 9.099142e-01
3.162278e-03 1.077175e+01 9.934542e+00 1.465352e+01 9.222775e-01
3.235937e-03 1.057602e+01 9.884928e+00 1.447633e+01 9.346547e-01
3.311311e-03 1.038207e+01 9.832202e+00 1.429893e+01 9.470371e-01
3.388442e-03 1.019001e+01 9.776458e+00 1.412145e+01 9.594158e-01
3.467369e-03 9.999979e+00 9.717797e+00 1.394400e+01 9.717818e-01
3.548134e-03 9.812080e+00 9.656322e+00 1.376668e+01 9.841259e-01
3.630781e-03 9.626420e+00 9.592143e+00 1.358960e+01 9.964393e-01
3.715352e-03 9.443099e+00 9.525373e+00 1.341286e+01 1.008713e+00
3.801894e-03 9.262204e+00 9.456127e+00 1.323657e+01 1.020937e+00
3.890451e-03 9.083820e+00 9.384524e+00 1.306082e+01 1.033103e+00
3.981072e-03 8.908021e+00 9.310684e+00 1.288572e+01 1.045202e+00
4.073803e-03 8.734872e+00 9.234730e+00 1.271134e+01 1.057226e+00
4.168694e-03 8.564435e+00 9.156785e+00 1.253779e+01 1.069164e+00
4.265795e-03 8.396759e+00 9.076971e+00 1.236515e+01 1.081009e+00
4.365158e-03 8.231890e+00 8.995412e+00 1.219350e+01 1.092752e+00
4.466836e-03 8.069865e+00 8.912232e+00 1.202292e+01 1.104384e+00
4.570882e-03 7.910714e+00 8.827551e+00 1.185348e+01 1.115898e+00
4.677351e-03 7.754460e+00 8.741492e+00 1.168526e+01 1.127286e+00
4.786301e-03 7.601120e+00 8.654172e+00 1.151832e+01 1.138539e+00
4.897788e-03 7.450704e+00 8.565710e+00 1.135273e+01 1.149651e+00
5.011872e-03 7.303218e+00 8.476218e+00 1.118853e+01 1.160614e+00
5.128614e-03 7.158661e+00 8.385811e+00 1.102580e+01 1.171422e+00
5.248075e-03 7.017027e+00 8.294596e+00 1.086457e+01 1.182067e+00
5.370318e-03 6.878304e+00 8.202679e+00 1.070491e+01 1.192544e+00
5.495409e-03 6.742477e+00 8.110164e+00 1.054684e+01 1.202846e+00
5.623413e-03 6.609526e+00 8.017149e+00 1.039041e+01 1.212969e+00
5.754399e-03 6.479427e+00 7.923731e+00 1.023565e+01 1.222906e+00
5.888437e-03 6.352152e+00 7.830002e+00 1.008260e+01 1.232653e+00
6.025596e-03 6.227670e+00 7.736049e+00 9.931280e+00 1.242206e+00
6.165950e-03 6.105948e+00 7.641957e+00 9.781723e+00 1.251560e+00
6.309573e-03 5.986948e+00 7.547807e+00 9.633947e+00 1.260710e+00
6.456542e-03 5.870631e+00 7.453675e+00 9.487970e+00 1.269655e+00
6.606934e-03 5.756956e+00 7.359634e+00 9.343808e+00 1.278390e+00
6.760830e-03 5.645881e+00 7.265753e+00 9.201475e+00 1.286912e+00
6.918310e-03 5.537359e+00 7.172097e+00 9.060978e+00 1.295220e+00
7.079458e-03 5.431346e+00 7.078728e+00 8.922327e+00 1.303310e+00
7.244360e-03 5.327794e+00 6.985703e+00 8.785524e+00 1.311181e+00
7.413102e-03 5.226655e+00 6.893076e+00 8.650574e+00 1.318831e+00
7.585776e-03 5.127881e+00 6.800899e+00 8.517475e+00 1.326259e+00
7.762471e-03 5.031422e+00 6.709217e+00 8.386226e+00 1.333463e+00
7.943282e-03 4.937229e+00 6.618074e+00 8.256824e+00 1.340443e+00
8.128305e-03 4.845253e+00 6.527512e+00 8.129261e+00 1.347198e+00
8.317638e-03 4.755443e+00 6.437568e+00 8.003532e+00 1.353726e+00
8.511380e-03 4.667752e+00 6.348277e+00 7.879628e+00 1.360029e+00
8.709636e-03 4.582130e+00 6.259670e+00 7.757537e+00 1.366105e+00
8.912509e-03 4.498528e+00 6.171776e+00 7.637250e+00 1.371955e+00
9.120108e-03 4.416900e+00 6.084623e+00 7.518752e+00 1.377578e+00
9.332543e-03 4.337196e+00 5.998233e+00 7.402032e+00 1.382975e+00
9.549926e-03 4.259372e+00 5.912630e+00 7.287074e+00 1.388146e+00
9.772372e-03 4.183381e+00 5.827833e+00 7.173863e+00 1.393091e+00
1.000000e-02 4.109179e+00 5.743859e+00 7.062384e+00 1.397812e+00
1.023293e-02 4.036721e+00 5.660724e+00 6.952619e+00 1.402307e+00
1.047129e-02 3.965965e+00 5.578443e+00 6.844552e+00 1.406579e+00
1.071519e-02 3.896867e+00 5.497027e+00 6.738166e+00 1.410627e+00
1.096478e-02 3.829389e+00 5.416488e+00 6.633443e+00 1.414453e+00
1.122018e-02 3.763488e+00 5.336836e+00 6.530364e+00 1.418056e+00
1.148154e-02 3.699127e+00 5.258078e+00 6.428913e+00 1.421438e+00
1.174898e-02 3.636266e+00 5.180221e+00 6.329070e+00 1.424599e+00
1.202264e-02 3.574870e+00 5.103272e+00 6.230817e+00 1.427541e+00
1.230269e-02 3.514901e+00 5.027235e+00 6.134136e+00 1.430263e+00
1.258925e-02 3.456325e+00 4.952114e+00 6.039008e+00 1.432769e+00
1.288250e-02 3.399108e+00 4.877913e+00 5.945416e+00 1.435057e+00
1.318257e-02 3.343216e+00 4.804633e+00 5.853340e+00 1.437129e+00
1.348963e-02 3.288616e+00 4.732278e+00 5.762764e+00 1.438988e+00
1.380384e-02 3.235278e+00 4.660847e+00 5.673669e+00 1.440633e+00
1.412538e-02 3.183170e+00 4.590342e+00 5.586037e+00 1.442066e+00
1.445440e-02 3.132263e+00 4.520762e+00 5.499851e+00 1.443289e+00
1.479108e-02 3.082527e+00 4.452108e+00 5.415093e+00 1.444304e+00
1.513561e-02 3.033934e+00 4.384378e+00 5.331747e+00 1.445113e+00
1.548817e-02 2.986456e+00 4.317571e+00 5.249794e+00 1.445718e+00
1.584893e-02 2.940065e+00 4.251687e+00 5.169219e+00 1.446120e+00
1.621810e-02 2.894735e+00 4.186723e+00 5.090003e+00 1.446323e+00
1.659587e-02 2.850440e+00 4.122676e+00 5.012132e+00 1.446330e+00
1.698244e-02 2.807154e+00 4.059546e+00 4.935588e+00 1.446143e+00
1.737801e-02 2.764852e+00 3.997329e+00 4.860355e+00 1.445766e+00
1.778279e-02 2.723509e+00 3.936023e+00 4.786416e+00 1.445203e+00
1.819701e-02 2.683102e+00 3.875624e+00 4.713756e+00 1.444457e+00
1.862087e-02 2.643606e+00 3.816130e+00 4.642359e+00 1.443532e+00
1.905461e-02 2.604997e+00 3.757536e+00 4.572208e+00 1.442434e+00
1.949845e-02 2.567252e+00 3.699840e+00 4.503288e+00 1.441167e+00
1.995262e-02 2.530349e+00 3.643037e+00 4.435582e+00 1.439737e+00
2.041738e-02 2.494265e+00 3.587123e+00 4.369074e+00 1.438148e+00
2.089296e-02 2.458977e+00 3.532093e+00 4.303748e+00 1.436408e+00
2.137962e-02 2.424463e+00 3.477944e+00 4.239589e+00 1.434521e+00
2.187762e-02 2.390702e+00 3.424669e+00 4.176579e+00 1.432496e+00
2.238721e-02 2.357671e+00 3.372265e+00 4.114703e+00 1.430337e+00
2.290868e-02 2.325350e+00 3.320725e+00 4.053944e+00 1.428054e+00
2.344229e-02 2.293717e+00 3.270043e+00 3.994285e+00 1.425653e+00
2.398833e-02 2.262751e+00 3.220213e+00 3.935710e+00 1.423141e+00
2.454709e-02 2.232431e+00 3.171230e+00 3.878202e+00 1.420528e+00
2.511886e-02 2.202738e+00 3.123086e+00 3.821743e+00 1.417820e+00
2.570396e-02 2.173650e+00 3.075774e+00 3.766317e+00 1.415027e+00
2.630268e-02 2.145149e+00 3.029287e+00 3.711906e+00 1.412157e+00
2.691535e-02 2.117213e+00 2.983617e+00 3.658492e+00 1.409219e+00
2.754229e-02 2.089824e+00 2.938756e+00 3.606058e+00 1.406222e+00
2.818383e-02 2.062963e+00 2.894696e+00 3.554586e+00 1.403174e+00
2.884032e-02 2.036611e+00 2.851427e+00 3.504057e+00 1.400084e+00
2.951209e-02 2.010749e+00 2.808940e+00 3.454454e+00 1.396962e+00
3.019952e-02 1.985359e+00 2.767226e+00 3.405758e+00 1.393817e+00
3.090295e-02 1.960423e+00 2.726276e+00 3.357951e+00 1.390657e+00
3.162278e-02 1.935924e+00 2.686078e+00 3.311014e+00 1.387492e+00
3.235937e-02 1.911844e+00 2.646622e+00 3.264929e+00 1.384330e+00
3.311311e-02 1.888168e+00 2.607898e+00 3.219676e+00 1.381179e+00
3.388442e-02 1.864878e+00 2.569894e+00 3.175237e+00 1.378049e+00
3.467369e-02 1.841960e+00 2.532599e+00 3.131593e+00 1.374948e+00
3.548134e-02 1.819397e+00 2.496000e+00 3.088725e+00 1.371883e+00
3.630781e-02 1.797175e+00 2.460087e+00 3.046615e+00 1.368863e+00
3.715352e-02 1.775279e+00 2.424845e+00 3.005244e+00 1.365895e+00
3.801894e-02 1.753696e+00 2.390264e+00 2.964593e+00 1.362986e+00
3.890451e-02 1.732413e+00 2.356330e+00 2.924644e+00 1.360144e+00
3.981072e-02 1.711415e+00 2.323030e+00 2.885378e+00 1.357374e+00
4.073803e-02 1.690692e+00 2.290350e+00 2.846778e+00 1.354683e+00
4.168694e-02 1.670230e+00 2.258279e+00 2.808824e+00 1.352076e+00
4.265795e-02 1.650020e+00 2.226802e+00 2.771500e+00 1.349560e+00
4.365158e-02 1.630050e+00 2.195905e+00 2.734788e+00 1.347140e+00
4.466836e-02 1.610311e+00 2.165576e+00 2.698670e+00 1.344819e+00
4.570882e-02 1.590792e+00 2.135800e+00 2.663130e+00 1.342602e+00
4.677351e-02 1.571484e+00 2.106564e+00 2.628150e+00 1.340493e+00
4.786301e-02 1.552380e+00 2.077854e+00 2.593716e+00 1.338495e+00
4.897788e-02 1.533472e+00 2.049657e+00 2.559810e+00 1.336612e+00
5.011872e-02 1.514751e+00 2.021958e+00 2.526418e+00 1.334845e+00
5.128614e-02 1.496212e+00 1.994745e+00 2.493524e+00 1.333197e+00
5.248075e-02 1.477848e+00 1.968004e+00 2.461113e+00 1.331669e+00
5.370318e-02 1.459653e+00 1.941722e+00 2.429171e+00 1.330263e+00
5.495409e-02 1.441623e+00 1.915886e+00 2.397685e+00 1.328979e+00
5.623413e-02 1.423751e+00 1.890482e+00 2.366641e+00 1.327817e+00
5.754399e-02 1.406036e+00 1.865498e+00 2.336026e+00 1.326779e+00
5.888437e-02 1.388471e+00 1.840922e+00 2.305828e+00 1.325862e+00
6.025596e-02 1.371055e+00 1.816740e+00 2.276035e+00 1.325068e+00
6.165950e-02 1.353784e+00 1.792942e+00 2.246636e+00 1.324393e+00
6.309573e-02 1.336657e+00 1.769515e+00 2.217619e+00 1.323837e+00
6.456542e-02 1.319670e+00 1.746449e+00 2.188975e+00 1.323398e+00
6.606934e-02 1.302823e+00 1.723731e+00 2.160693e+00 1.323074e+00
6.760830e-02 1.286114e+00 1.701350e+00 2.132764e+00 1.322861e+00
6.918310e-02 1.269542e+00 1.679297e+00 2.105179e+00 1.322758e+00
7.079458e-02 1.253107e+00 1.657562e+00 2.077929e+00 1.322761e+00
7.244360e-02 1.236809e+00 1.636134e+00 2.051007e+00 1.322867e+00
7.413102e-02 1.220647e+00 1.615003e+00 2.024405e+00 1.323072e+00
7.585776e-02 1.204622e+00 1.594162e+00 1.998116e+00 1.323371e+00
7.762471e-02 1.188734e+00 1.573601e+00 1.972133e+00 1.323762e+00
7.943282e-02 1.172984e+00 1.553312e+00 1.946450e+00 1.324239e+00
8.128305e-02 1.157373e+00 1.533286e+00 1.921062e+00 1.324798e+00
8.317638e-02 1.141902e+00 1.513517e+00 1.895963e+00 1.325435e+00
8.511380e-02 1.126572e+00 1.493997e+00 1.871147e+00 1.326144e+00
8.709636e-02 1.111385e+00 1.474719e+00 1.846612e+00 1.326920e+00
8.912509e-02 1.096342e+00 1.455678e+00 1.822351e+00 1.327759e+00
9.120108e-02 1.081444e+00 1.436866e+00 1.798362e+00 1.328655e+00
9.332543e-02 1.066693e+00 1.418278e+00 1.774640e+00 1.329603e+00
9.549926e-02 1.052091e+00 1.399909e+00 1.751183e+00 1.330597e+00
9.772372e-02 1.037639e+00 1.381754e+00 1.727987e+00 1.331633e+00
1.000000e-01 1.023339e+00 1.363808e+00 1.705050e+00 1.332704e+00
1.023293e-01 1.009192e+00 1.346067e+00 1.682369e+00 1.333807e+00
1.047129e-01 9.952003e-01 1.328527e+00 1.659942e+00 1.334934e+00
1.071519e-01 9.813651e-01 1.311184e+00 1.637767e+00 1.336082e+00
1.096478e-01 9.676878e-01 1.294035e+00 1.615843e+00 1.337245e+00
1.122018e-01 9.541698e-01 1.277077e+00 1.594166e+00 1.338417e+00
1.148154e-01 9.408123e-01 1.260307e+00 1.572737e+00 1.339595e+00
1.174898e-01 9.276166e-01 1.243723e+00 1.551554e+00 1.340772e+00
1.202264e-01 9.145836e-01 1.227321e+00 1.530614e+00 1.341945e+00
1.230269e-01 9.017142e-01 1.211101e+00 1.509918e+00 1.343109e+00
1.258925e-01 8.890092e-01 1.195059e+00 1.489465e+00 1.344260e+00
1.288250e-01 8.764693e-01 1.179196e+00 1.469252e+00 1.345393e+00
1.318257e-01 8.640950e-01 1.163508e+00 1.449279e+00 1.346504e+00
1.348963e-01 8.518866e-01 1.147994e+00 1.429546e+00 1.347591e+00
1.380384e-01 8.398443e-01 1.132654e+00 1.410051e+00 1.348648e+00
1.412538e-01 8.279681e-01 1.117487e+00 1.390794e+00 1.349673e+00
1.445440e-01 8.162580e-01 1.102490e+00 1.371773e+00 1.350664e+00
1.479108e-01 8.047137e-01 1.087664e+00 1.352988e+00 1.351616e+00
1.513561e-01 7.933348e-01 1.073008e+00 1.334438e+00 1.352528e+00
1.548817e-01 7.821208e-01 1.058520e+00 1.316122e+00 1.353398e+00
1.584893e-01 7.710708e-01 1.044201e+00 1.298040e+00 1.354222e+00
1.621810e-01 7.601842e-01 1.030050e+00 1.280189e+00 1.355000e+00
1.659587e-01 7.494600e-01 1.016065e+00 1.262568e+00 1.355730e+00
1.698244e-01 7.388970e-01 1.002247e+00 1.245178e+00 1.356410e+00
1.737801e-01 7.284940e-01 9.885956e-01 1.228017e+00 1.357040e+00
1.778279e-01 7.182497e-01 9.751092e-01 1.211082e+00 1.357619e+00
1.819701e-01 7.081627e-01 9.617878e-01 1.194374e+00 1.358145e+00
1.862087e-01 6.982314e-01 9.486307e-01 1.177891e+00 1.358619e+00
1.905461e-01 6.884541e-01 9.356376e-01 1.161631e+00 1.359041e+00
1.949845e-01 6.788292e-01 9.228076e-01 1.145593e+00 1.359411e+00
1.995262e-01 6.693548e-01 9.101404e-01 1.129775e+00 1.359728e+00
2.041738e-01 6.600291e-01 8.976351e-01 1.114176e+00 1.359993e+00
2.089296e-01 6.508501e-01 8.852913e-01 1.098793e+00 1.360208e+00
2.137962e-01 6.418157e-01 8.731080e-01 1.083626e+00 1.360372e+00
2.187762e-01 6.329241e-01 8.610847e-01 1.068672e+00 1.360487e+00
2.238721e-01 6.241729e-01 8.492205e-01 1.053929e+00 1.360553e+00
2.290868e-01 6.155602e-01 8.375145e-01 1.039396e+00 1.360573e+00
2.344229e-01 6.070837e-01 8.259659e-01 1.025071e+00 1.360547e+00
2.398833e-01 5.987413e-01 8.145738e-01 1.010951e+00 1.360477e+00
2.454709e-01 5.905308e-01 8.033371e-01 9.970342e-01 1.360364e+00
2.511886e-01 5.824499e-01 7.922550e-01 9.833188e-01 1.360211e+00
2.570396e-01 5.744964e-01 7.813263e-01 9.698025e-01 1.360019e+00
2.630268e-01 5.666681e-01 7.705499e-01 9.564831e-01 1.359790e+00
2.691535e-01 5.589628e-01 7.599247e-01 9.433584e-01 1.359527e+00
2.754229e-01 5.513782e-01 7.494496e-01 9.304261e-01 1.359230e+00
2.818383e-01 5.439121e-01 7.391234e-01 9.176839e-01 1.358902e+00
2.884032e-01 5.365623e-01 7.289448e-01 9.051296e-01 1.358546e+00
2.951209e-01 5.293267e-01 7.189125e-01 8.927608e-01 1.358164e+00
3.019952e-01 5.222030e-01 7.090253e-01 8.805753e-01 1.357758e+00
3.090295e-01 5.151891e-01 6.992818e-01 8.685706e-01 1.357330e+00
3.162278e-01 5.082829e-01 6.896808e-01 8.567445e-01 1.356884e+00
3.235937e-01 5.014823e-01 6.802208e-01 8.450946e-01 1.356420e+00
3.311311e-01 4.947852e-01 6.709005e-01 8.336185e-01 1.355943e+00
3.388442e-01 4.881896e-01 6.617185e-01 8.223140e-01 1.355454e+00
3.467369e-01 4.816933e-01 6.526733e-01 8.111787e-01 1.354956e+00
3.548134e-01 4.752944e-01 6.437636e-01 8.002102e-01 1.354452e+00
3.630781e-01 4.689910e-01 6.349878e-01 7.894062e-01 1.353945e+00
3.715352e-01 4.627811e-01 6.263447e-01 7.787644e-01 1.353436e+00
3.801894e-01 4.566627e-01 6.178327e-01 7.682825e-01 1.352930e+00
3.890451e-01 4.506339e-01 6.094503e-01 7.579582e-01 1.352429e+00
3.981072e-01 4.446929e-01 6.011961e-01 7.477891e-01 1.351935e+00
4.073803e-01 4.388379e-01 5.930686e-01 7.377730e-01 1.351453e+00
4.168694e-01 4.330669e-01 5.850664e-01 7.279077e-01 1.350984e+00
4.265795e-01 4.273783e-01 5.771879e-01 7.181909e-01 1.350532e+00
4.365158e-01 4.217702e-01 5.694318e-01 7.086202e-01 1.350100e+00
4.466836e-01 4.162409e-01 5.617964e-01 6.991936e-01 1.349690e+00
4.570882e-01 4.107887e-01 5.542804e-01 6.899088e-01 1.349308e+00
4.677351e-01 4.054119e-01 5.468822e-01 6.807635e-01 1.348954e+00
4.786301e-01 4.001088e-01 5.396003e-01 6.717556e-01 1.348634e+00
4.897788e-01 3.948777e-01 5.324333e-01 6.628828e-01 1.348350e+00
5.011872e-01 3.897171e-01 5.253797e-01 6.541431e-01 1.348105e+00
5.128614e-01 3.846254e-01 5.184379e-01 6.455343e-01 1.347904e+00
5.248075e-01 3.796009e-01 5.116066e-01 6.370543e-01 1.347749e+00
5.370318e-01 3.746421e-01 5.048841e-01 6.287008e-01 1.347644e+00
5.495409e-01 3.697475e-01 4.982691e-01 6.204718e-01 1.347593e+00
5.623413e-01 3.649156e-01 4.917600e-01 6.123653e-01 1.347599e+00
5.754399e-01 3.601449e-01 4.853552e-01 6.043791e-01 1.347666e+00
5.888437e-01 3.554340e-01 4.790534e-01 5.965111e-01 1.347798e+00
6.025596e-01 3.507814e-01 4.728530e-01 5.887594e-01 1.347999e+00
6.165950e-01 3.461858e-01 4.667526e-01 5.811218e-01 1.348272e+00
6.309573e-01 3.416457e-01 4.607505e-01 5.735964e-01 1.348621e+00
6.456542e-01 3.371599e-01 4.548454e-01 5.661812e-01 1.349050e+00
6.606934e-01 3.327269e-01 4.490358e-01 5.588742e-01 1.349562e+00
6.760830e-01 3.283456e-01 4.433200e-01 5.516733e-01 1.350163e+00
6.918310e-01 3.240146e-01 4.376967e-01 5.445768e-01 1.350855e+00
7.079458e-01 3.197327e-01 4.321644e-01 5.375826e-01 1.351643e+00
7.244360e-01 3.154987e-01 4.267215e-01 5.306889e-01 1.352530e+00
7.413102e-01 3.113115e-01 4.213667e-01 5.238938e-01 1.353521e+00
7.585776e-01 3.071698e-01 4.160983e-01 5.171954e-01 1.354620e+00
7.762471e-01 3.030725e-01 4.109149e-01 5.105918e-01 1.355830e+00
7.943282e-01 2.990186e-01 4.058151e-01 5.040814e-01 1.357157e+00
8.128305e-01 2.950070e-01 4.007974e-01 4.976622e-01 1.358603e+00
8.317638e-01 2.910366e-01 3.958602e-01 4.913325e-01 1.360173e+00
8.511380e-01 2.871064e-01 3.910023e-01 4.850906e-01 1.361872e+00
8.709636e-01 2.832155e-01 3.862221e-01 4.789348e-01 1.363704e+00
8.912509e-01 2.793629e-01 3.815182e-01 4.728633e-01 1.365672e+00
9.120108e-01 2.755476e-01 3.768891e-01 4.668746e-01 1.367782e+00
9.332543e-01 2.717688e-01 3.723334e-01 4.609669e-01 1.370038e+00
9.549926e-01 2.680255e-01 3.678498e-01 4.551387e-01 1.372443e+00
9.772372e-01 2.643170e-01 3.634368e-01 4.493883e-01 1.375004e+00
1.000000e+00 2.606424e-01 3.590931e-01 4.437142e-01 1.377723e+00
1.023293e+00 2.570009e-01 3.548172e-01 4.381149e-01 1.380607e+00
1.047129e+00 2.533917e-01 3.506078e-01 4.325889e-01 1.383659e+00
1.071519e+00 2.498140e-01 3.464635e-01 4.271346e-01 1.386886e+00
1.096478e+00 2.462672e-01 3.423829e-01 4.217507e-01 1.390290e+00
1.122018e+00 2.427505e-01 3.383649e-01 4.164356e-01 1.393879e+00
1.148154e+00 2.392633e-01 3.344079e-01 4.111880e-01 1.397656e+00
1.174898e+00 2.358048e-01 3.305107e-01 4.060064e-01 1.401628e+00
1.202264e+00 2.323744e-01 3.266720e-01 4.008896e-01 1.405800e+00
1.230269e+00 2.289716e-01 3.228905e-01 3.958362e-01 1.410177e+00
1.258925e+00 2.255956e-01 3.191649e-01 3.908448e-01 1.414765e+00
1.288250e+00 2.222460e-01 3.154939e-01 3.859141e-01 1.419571e+00
1.318257e+00 2.189221e-01 3.118763e-01 3.810430e-01 1.424600e+00
1.348963e+00 2.156234e-01 3.083109e-01 3.762300e-01 1.429858e+00
1.380384e+00 2.123494e-01 3.047962e-01 3.714741e-01 1.435352e+00
1.412538e+00 2.090996e-01 3.013312e-01 3.667740e-01 1.441090e+00
1.445440e+00 2.058734e-01 2.979146e-01 3.621284e-01 1.447077e+00
1.479108e+00 2.026705e-01 2.945452e-01 3.575363e-01 1.453321e+00
1.513561e+00 1.994903e-01 2.912217e-01 3.529964e-01 1.459829e+00
1.548817e+00 1.963325e-01 2.879429e-01 3.485076e-01 1.466609e+00
1.584893e+00 1.931966e-01 2.847077e-01 3.440689e-01 1.473668e+00
1.621810e+00 1.900822e-01 2.815148e-01 3.396790e-01 1.481016e+00
1.659587e+00 1.869890e-01 2.783631e-01 3.353370e-01 1.488660e+00
1.698244e+00 1.839167e-01 2.752513e-01 3.310417e-01 1.496609e+00
1.737801e+00 1.808648e-01 2.721783e-01 3.267922e-01 1.504872e+00
1.778279e+00 1.778332e-01 2.691429e-01 3.225873e-01 1.513458e+00
1.819701e+00 1.748214e-01 2.661440e-01 3.184260e-01 1.522376e+00
1.862087e+00 1.718293e-01 2.631803e-01 3.143075e-01 1.531638e+00
1.905461e+00 1.688566e-01 2.602507e-01 3.102306e-01 1.541252e+00
1.949845e+00 1.659032e-01 2.573541e-01 3.061944e-01 1.551230e+00
1.995262e+00 1.629688e-01 2.544892e-01 3.021979e-01 1.561583e+00
2.041738e+00 1.600533e-01 2.516551e-01 2.982404e-01 1.572321e+00
2.089296e+00 1.571565e-01 2.488504e-01 2.943207e-01 1.583456e+00
2.137962e+00 1.542784e-01 2.460741e-01 2.904381e-01 1.595000e+00
2.187762e+00 1.514189e-01 2.433251e-01 2.865917e-01 1.606966e+00
2.238721e+00 1.485780e-01 2.406022e-01 2.827805e-01 1.619366e+00
2.290868e+00 1.457557e-01 2.379043e-01 2.790039e-01 1.632213e+00
2.344229e+00 1.429520e-01 2.352304e-01 2.752610e-01 1.645521e+00
2.398833e+00 1.401670e-01 2.325794e-01 2.715510e-01 1.659303e+00
2.454709e+00 1.374007e-01 2.299502e-01 2.678732e-01 1.673573e+00
2.511886e+00 1.346534e-01 2.273417e-01 2.642268e-01 1.688347e+00
2.570396e+00 1.319252e-01 2.247529e-01 2.606111e-01 1.703639e+00
2.630268e+00 1.292164e-01 2.221829e-01 2.570255e-01 1.719464e+00
2.691535e+00 1.265271e-01 2.196305e-01 2.534693e-01 1.735838e+00
2.754229e+00 1.238576e-01 2.170949e-01 2.499418e-01 1.752778e+00
2.818383e+00 1.212084e-01 2.145752e-01 2.464427e-01 1.770300e+00
2.884032e+00 1.185797e-01 2.120703e-01 2.429711e-01 1.788420e+00
2.951209e+00 1.159720e-01 2.095795e-01 2.395268e-01 1.807156e+00
3.019952e+00 1.133856e-01 2.071019e-01 2.361091e-01 1.826527e+00
3.090295e+00 1.108212e-01 2.046367e-01 2.327176e-01 1.846549e+00
3.162278e+00 1.082790e-01 2.021831e-01 2.293520e-01 1.867241e+00
3.235937e+00 1.057598e-01 1.997404e-01 2.260119e-01 1.888623e+00
3.311311e+00 1.032641e-01 1.973080e-01 2.226969e-01 1.910713e+00
3.388442e+00 1.007923e-01 1.948851e-01 2.194067e-01 1.933531e+00
3.467369e+00 9.834527e-02 1.924713e-01 2.161412e-01 1.957098e+00
3.548134e+00 9.592350e-02 1.900660e-01 2.129000e-01 1.981433e+00
3.630781e+00 9.352768e-02 1.876687e-01 2.096831e-01 2.006558e+00
3.715352e+00 9.115848e-02 1.852791e-01 2.064902e-01 2.032494e+00
3.801894e+00 8.881660e-02 1.828967e-01 2.033214e-01 2.059262e+00
3.890451e+00 8.650271e-02 1.805212e-01 2.001765e-01 2.086885e+00
3.981072e+00 8.421752e-02 1.781524e-01 1.970555e-01 2.115384e+00
4.073803e+00 8.196174e-02 1.757902e-01 1.939586e-01 2.144784e+00
4.168694e+00 7.973606e-02 1.734344e-01 1.908856e-01 2.175106e+00
4.265795e+00 7.754117e-02 1.710848e-01 1.878368e-01 2.206374e+00
4.365158e+00 7.537776e-02 1.687417e-01 1.848122e-01 2.238613e+00
4.466836e+00 7.324649e-02 1.664048e-01 1.818120e-01 2.271847e+00
4.570882e+00 7.114802e-02 1.640745e-01 1.788365e-01 2.306101e+00
4.677351e+00 6.908298e-02 1.617509e-01 1.758858e-01 2.341400e+00
4.786301e+00 6.705197e-02 1.594341e-01 1.729601e-01 2.377769e+00
4.897788e+00 6.505556e-02 1.571244e-01 1.700597e-01 2.415235e+00
5.011872e+00 6.309429e-02 1.548223e-01 1.671850e-01 2.453824e+00
5.128614e+00 6.116868e-02 1.525280e-01 1.643362e-01 2.493563e+00
5.248075e+00 5.927919e-02 1.502419e-01 1.615136e-01 2.534480e+00
5.370318e+00 5.742624e-02 1.479646e-01 1.587176e-01 2.576602e+00
5.495409e+00 5.561022e-02 1.456964e-01 1.559485e-01 2.619958e+00
5.623413e+00 5.383146e-02 1.434381e-01 1.532067e-01 2.664577e+00
5.754399e+00 5.209025e-02 1.411900e-01 1.504925e-01 2.710488e+00
5.888437e+00 5.038682e-02 1.389528e-01 1.478063e-01 2.757720e+00
6.025596e+00 4.872138e-02 1.367271e-01 1.451484e-01 2.806305e+00
6.165950e+00 4.709405e-02 1.345135e-01 1.425192e-01 2.856273e+00
6.309573e+00 4.550493e-02 1.323127e-01 1.399190e-01 2.907656e+00
6.456542e+00 4.395403e-02 1.301252e-01 1.373482e-01 2.960485e+00
6.606934e+00 4.244136e-02 1.279519e-01 1.348071e-01 3.014793e+00
6.760830e+00 4.096683e-02 1.257933e-01 1.322960e-01 3.070615e+00
6.918310e+00 3.953033e-02 1.236502e-01 1.298153e-01 3.127982e+00
7.079458e+00 3.813169e-02 1.215231e-01 1.273651e-01 3.186931e+00
7.244360e+00 3.677069e-02 1.194127e-01 1.249459e-01 3.247496e+00
7.413102e+00 3.544708e-02 1.173196e-01 1.225577e-01 3.309713e+00
7.585776e+00 3.416053e-02 1.152446e-01 1.202009e-01 3.373619e+00
7.762471e+00 3.291072e-02 1.131882e-01 1.178757e-01 3.439251e+00
7.943282e+00 3.169723e-02 1.111510e-01 1.155823e-01 3.506648e+00
8.128305e+00 3.051965e-02 1.091336e-01 1.133208e-01 3.575847e+00
8.317638e+00 2.937750e-02 1.071365e-01 1.110913e-01 3.646890e+00
8.511380e+00 2.827030e-02 1.051603e-01 1.088940e-01 3.719816e+00
8.709636e+00 2.719750e-02 1.032055e-01 1.067290e-01 3.794668e+00
8.912509e+00 2.615856e-02 1.012725e-01 1.045963e-01 3.871486e+00
9.120108e+00 2.515288e-02 9.936179e-02 1.024960e-01 3.950315e+00
9.332543e+00 2.417985e-02 9.747379e-02 1.004281e-01 4.031199e+00
9.549926e+00 2.323886e-02 9.560889e-02 9.839260e-02 4.114182e+00
9.772372e+00 2.232924e-02 9.376744e-02 9.638946e-02 4.199312e+00
1.000000e+01 2.145034e-02 9.194976e-02 9.441862e-02 4.286635e+00
