1.000000e-06 6.608442e+01 8.854317e-01 6.609035e+01 1.339849e-02
1.023293e-06 6.608369e+01 9.060429e-01 6.608990e+01 1.371054e-02
1.047129e-06 6.608292e+01 9.271333e-01 6.608943e+01 1.402985e-02
1.071519e-06 6.608212e+01 9.487140e-01 6.608893e+01 1.435659e-02
1.096478e-06 6.608129e+01 9.707963e-01 6.608842e+01 1.469094e-02
1.122018e-06 6.608041e+01 9.933918e-01 6.608788e+01 1.503307e-02
1.148154e-06 6.607949e+01 1.016512e+00 6.608731e+01 1.538317e-02
1.174898e-06 6.607853e+01 1.040170e+00 6.608672e+01 1.574142e-02
1.202264e-06 6.607753e+01 1.064378e+00 6.608610e+01 1.610801e-02
1.230269e-06 6.607647e+01 1.089147e+00 6.608545e+01 1.648313e-02
1.258925e-06 6.607537e+01 1.114492e+00 6.608477e+01 1.686699e-02
1.288250e-06 6.607422e+01 1.140426e+00 6.608406e+01 1.725978e-02
1.318257e-06 6.607301e+01 1.166962e+00 6.608331e+01 1.766171e-02
1.348963e-06 6.607174e+01 1.194114e+00 6.608253e+01 1.807299e-02
1.380384e-06 6.607042e+01 1.221897e+00 6.608171e+01 1.849385e-02
1.412538e-06 6.606903e+01 1.250324e+00 6.608086e+01 1.892451e-02
1.445440e-06 6.606757e+01 1.279411e+00 6.607996e+01 1.936518e-02
1.479108e-06 6.606605e+01 1.309172e+00 6.607902e+01 1.981611e-02
1.513561e-06 6.606446e+01 1.339625e+00 6.607804e+01 2.027754e-02
1.548817e-06 6.606279e+01 1.370783e+00 6.607701e+01 2.074970e-02
1.584893e-06 6.606104e+01 1.402664e+00 6.607593e+01 2.123285e-02
1.621810e-06 6.605921e+01 1.435284e+00 6.607481e+01 2.172724e-02
1.659587e-06 6.605730e+01 1.468660e+00 6.607362e+01 2.223313e-02
1.698244e-06 6.605529e+01 1.502810e+00 6.607239e+01 2.275079e-02
1.737801e-06 6.605319e+01 1.537751e+00 6.607109e+01 2.328049e-02
1.778279e-06 6.605100e+01 1.573501e+00 6.606974e+01 2.382252e-02
1.819701e-06 6.604869e+01 1.610079e+00 6.606832e+01 2.437715e-02
1.862087e-06 6.604628e+01 1.647504e+00 6.606683e+01 2.494469e-02
1.905461e-06 6.604376e+01 1.685795e+00 6.606527e+01 2.552542e-02
1.949845e-06 6.604112e+01 1.724972e+00 6.606364e+01 2.611966e-02
1.995262e-06 6.603835e+01 1.765054e+00 6.606194e+01 2.672772e-02
2.041738e-06 6.603546e+01 1.806064e+00 6.606015e+01 2.734991e-02
2.089296e-06 6.603242e+01 1.848021e+00 6.605828e+01 2.798657e-02
2.137962e-06 6.602925e+01 1.890948e+00 6.605632e+01 2.863804e-02
2.187762e-06 6.602593e+01 1.934866e+00 6.605427e+01 2.930464e-02
2.238721e-06 6.602244e+01 1.979798e+00 6.605212e+01 2.998674e-02
2.290868e-06 6.601880e+01 2.025767e+00 6.604987e+01 3.068470e-02
2.344229e-06 6.601499e+01 2.072796e+00 6.604752e+01 3.139887e-02
2.398833e-06 6.601099e+01 2.120909e+00 6.604506e+01 3.212964e-02
2.454709e-06 6.600681e+01 2.170131e+00 6.604247e+01 3.287739e-02
2.511886e-06 6.600243e+01 2.220487e+00 6.603977e+01 3.364251e-02
2.570396e-06 6.599785e+01 2.272002e+00 6.603694e+01 3.442540e-02
2.630268e-06 6.599305e+01 2.324702e+00 6.603398e+01 3.522647e-02
2.691535e-06 6.598803e+01 2.378614e+00 6.603088e+01 3.604614e-02
2.754229e-06 6.598277e+01 2.433765e+00 6.602764e+01 3.688485e-02
2.818383e-06 6.597726e+01 2.490182e+00 6.602424e+01 3.774303e-02
2.884032e-06 6.597150e+01 2.547893e+00 6.602068e+01 3.862113e-02
2.951209e-06 6.596546e+01 2.606929e+00 6.601695e+01 3.951960e-02
3.019952e-06 6.595914e+01 2.667317e+00 6.601305e+01 4.043893e-02
3.090295e-06 6.595253e+01 2.729088e+00 6.600897e+01 4.137958e-02
3.162278e-06 6.594561e+01 2.792272e+00 6.600470e+01 4.234205e-02
3.235937e-06 6.593836e+01 2.856900e+00 6.600022e+01 4.332683e-02
3.311311e-06 6.593077e+01 2.923005e+00 6.599554e+01 4.433446e-02
3.388442e-06 6.592283e+01 2.990618e+00 6.599063e+01 4.536543e-02
3.467369e-06 6.591452e+01 3.059772e+00 6.598550e+01 4.642031e-02
3.548134e-06 6.590582e+01 3.130501e+00 6.598012e+01 4.749962e-02
3.630781e-06 6.589671e+01 3.202839e+00 6.597450e+01 4.860393e-02
3.715352e-06 6.588717e+01 3.276820e+00 6.596861e+01 4.973382e-02
3.801894e-06 6.587719e+01 3.352481e+00 6.596244e+01 5.088986e-02
3.890451e-06 6.586674e+01 3.429857e+00 6.595598e+01 5.207266e-02
3.981072e-06 6.585581e+01 3.508984e+00 6.594923e+01 5.328283e-02
4.073803e-06 6.584437e+01 3.589900e+00 6.594216e+01 5.452099e-02
4.168694e-06 6.583239e+01 3.672642e+00 6.593475e+01 5.578777e-02
4.265795e-06 6.581985e+01 3.757250e+00 6.592700e+01 5.708384e-02
4.365158e-06 6.580673e+01 3.843762e+00 6.591889e+01 5.840986e-02
4.466836e-06 6.579300e+01 3.932217e+00 6.591040e+01 5.976650e-02
4.570882e-06 6.577863e+01 4.022657e+00 6.590152e+01 6.115446e-02
4.677351e-06 6.576359e+01 4.115121e+00 6.589221e+01 6.257446e-02
4.786301e-06 6.574785e+01 4.209652e+00 6.588248e+01 6.402721e-02
4.897788e-06 6.573138e+01 4.306291e+00 6.587229e+01 6.551346e-02
5.011872e-06 6.571415e+01 4.405080e+00 6.586163e+01 6.703397e-02
5.128614e-06 6.569612e+01 4.506063e+00 6.585047e+01 6.858949e-02
5.248075e-06 6.567725e+01 4.609284e+00 6.583879e+01 7.018083e-02
5.370318e-06 6.565751e+01 4.714786e+00 6.582657e+01 7.180879e-02
5.495409e-06 6.563685e+01 4.822614e+00 6.581378e+01 7.347418e-02
5.623413e-06 6.561524e+01 4.932813e+00 6.580040e+01 7.517785e-02
5.754399e-06 6.559263e+01 5.045428e+00 6.578639e+01 7.692065e-02
5.888437e-06 6.556897e+01 5.160505e+00 6.577174e+01 7.870345e-02
6.025596e-06 6.554423e+01 5.278090e+00 6.575640e+01 8.052715e-02
6.165950e-06 6.551835e+01 5.398230e+00 6.574036e+01 8.239264e-02
6.309573e-06 6.549127e+01 5.520970e+00 6.572357e+01 8.430086e-02
6.456542e-06 6.546295e+01 5.646359e+00 6.570601e+01 8.625274e-02
6.606934e-06 6.543333e+01 5.774443e+00 6.568764e+01 8.824926e-02
6.760830e-06 6.540236e+01 5.905269e+00 6.566841e+01 9.029138e-02
6.918310e-06 6.536996e+01 6.038884e+00 6.564831e+01 9.238011e-02
7.079458e-06 6.533609e+01 6.175336e+00 6.562727e+01 9.451647e-02
7.244360e-06 6.530066e+01 6.314672e+00 6.560527e+01 9.670149e-02
7.413102e-06 6.526362e+01 6.456937e+00 6.558226e+01 9.893623e-02
7.585776e-06 6.522490e+01 6.602180e+00 6.555819e+01 1.012218e-01
7.762471e-06 6.518442e+01 6.750445e+00 6.553302e+01 1.035592e-01
7.943282e-06 6.514209e+01 6.901779e+00 6.550669e+01 1.059496e-01
8.128305e-06 6.509786e+01 7.056228e+00 6.547917e+01 1.083942e-01
8.317638e-06 6.505162e+01 7.213834e+00 6.545038e+01 1.108940e-01
8.511380e-06 6.500330e+01 7.374643e+00 6.542029e+01 1.134503e-01
8.709636e-06 6.495280e+01 7.538696e+00 6.538882e+01 1.160642e-01
8.912509e-06 6.490003e+01 7.706035e+00 6.535592e+01 1.187370e-01
9.120108e-06 6.484490e+01 7.876702e+00 6.532153e+01 1.214699e-01
9.332543e-06 6.478730e+01 8.050733e+00 6.528559e+01 1.242641e-01
9.549926e-06 6.472713e+01 8.228168e+00 6.524802e+01 1.271209e-01
9.772372e-06 6.466428e+01 8.409041e+00 6.520875e+01 1.300415e-01
1.000000e-05 6.459865e+01 8.593386e+00 6.516772e+01 1.330273e-01
1.023293e-05 6.453011e+01 8.781235e+00 6.512485e+01 1.360796e-01
1.047129e-05 6.445855e+01 8.972616e+00 6.508005e+01 1.391998e-01
1.071519e-05 6.438385e+01 9.167557e+00 6.503325e+01 1.423891e-01
1.096478e-05 6.430586e+01 9.366080e+00 6.498436e+01 1.456489e-01
1.122018e-05 6.422447e+01 9.568207e+00 6.493330e+01 1.489807e-01
1.148154e-05 6.413954e+01 9.773954e+00 6.487997e+01 1.523858e-01
1.174898e-05 6.405093e+01 9.983334e+00 6.482429e+01 1.558656e-01
1.202264e-05 6.395848e+01 1.019636e+01 6.476614e+01 1.594215e-01
1.230269e-05 6.386206e+01 1.041303e+01 6.470544e+01 1.630550e-01
1.258925e-05 6.376152e+01 1.063335e+01 6.464208e+01 1.667675e-01
1.288250e-05 6.365668e+01 1.085731e+01 6.457595e+01 1.705605e-01
1.318257e-05 6.354739e+01 1.108491e+01 6.450695e+01 1.744353e-01
1.348963e-05 6.343349e+01 1.131613e+01 6.443495e+01 1.783936e-01
1.380384e-05 6.331480e+01 1.155094e+01 6.435984e+01 1.824367e-01
1.412538e-05 6.319116e+01 1.178933e+01 6.428149e+01 1.865661e-01
1.445440e-05 6.306237e+01 1.203124e+01 6.419979e+01 1.907832e-01
1.479108e-05 6.292827e+01 1.227665e+01 6.411461e+01 1.950896e-01
1.513561e-05 6.278866e+01 1.252550e+01 6.402581e+01 1.994867e-01
1.548817e-05 6.264336e+01 1.277774e+01 6.393325e+01 2.039759e-01
1.584893e-05 6.249217e+01 1.303329e+01 6.383681e+01 2.085587e-01
1.621810e-05 6.233490e+01 1.329208e+01 6.373633e+01 2.132366e-01
1.659587e-05 6.217136e+01 1.355403e+01 6.363167e+01 2.180108e-01
1.698244e-05 6.200134e+01 1.381903e+01 6.352269e+01 2.228828e-01
1.737801e-05 6.182464e+01 1.408699e+01 6.340922e+01 2.278541e-01
1.778279e-05 6.164106e+01 1.435779e+01 6.329113e+01 2.329258e-01
1.819701e-05 6.145040e+01 1.463130e+01 6.316824e+01 2.380993e-01
1.862087e-05 6.125244e+01 1.490737e+01 6.304040e+01 2.433759e-01
1.905461e-05 6.104700e+01 1.518586e+01 6.290745e+01 2.487569e-01
1.949845e-05 6.083386e+01 1.546660e+01 6.276922e+01 2.542433e-01
1.995262e-05 6.061282e+01 1.574941e+01 6.262554e+01 2.598363e-01
2.041738e-05 6.038369e+01 1.603411e+01 6.247626e+01 2.655371e-01
2.089296e-05 6.014626e+01 1.632047e+01 6.232119e+01 2.713465e-01
2.137962e-05 5.990035e+01 1.660830e+01 6.216017e+01 2.772655e-01
2.187762e-05 5.964576e+01 1.689734e+01 6.199304e+01 2.832949e-01
2.238721e-05 5.938231e+01 1.718736e+01 6.181961e+01 2.894356e-01
2.290868e-05 5.910983e+01 1.747808e+01 6.163972e+01 2.956882e-01
2.344229e-05 5.882815e+01 1.776924e+01 6.145321e+01 3.020533e-01
2.398833e-05 5.853710e+01 1.806053e+01 6.125990e+01 3.085313e-01
2.454709e-05 5.823654e+01 1.835165e+01 6.105962e+01 3.151225e-01
2.511886e-05 5.792633e+01 1.864227e+01 6.085223e+01 3.218272e-01
2.570396e-05 5.760633e+01 1.893206e+01 6.063755e+01 3.286455e-01
2.630268e-05 5.727644e+01 1.922067e+01 6.041543e+01 3.355772e-01
2.691535e-05 5.693655e+01 1.950772e+01 6.018573e+01 3.426222e-01
2.754229e-05 5.658658e+01 1.979285e+01 5.994829e+01 3.497799e-01
2.818383e-05 5.622646e+01 2.007565e+01 5.970299e+01 3.570498e-01
2.884032e-05 5.585615e+01 2.035572e+01 5.944968e+01 3.644312e-01
2.951209e-05 5.547560e+01 2.063265e+01 5.918825e+01 3.719229e-01
3.019952e-05 5.508482e+01 2.090601e+01 5.891858e+01 3.795239e-01
3.090295e-05 5.468382e+01 2.117535e+01 5.864056e+01 3.872325e-01
3.162278e-05 5.427262e+01 2.144025e+01 5.835411e+01 3.950472e-01
3.235937e-05 5.385130e+01 2.170024e+01 5.805913e+01 4.029660e-01
3.311311e-05 5.341993e+01 2.195487e+01 5.775556e+01 4.109866e-01
3.388442e-05 5.297862e+01 2.220368e+01 5.744334e+01 4.191065e-01
3.467369e-05 5.252751e+01 2.244620e+01 5.712242e+01 4.273228e-01
3.548134e-05 5.206676e+01 2.268198e+01 5.679278e+01 4.356325e-01
3.630781e-05 5.159657e+01 2.291053e+01 5.645440e+01 4.440321e-01
3.715352e-05 5.111716e+01 2.313142e+01 5.610728e+01 4.525176e-01
3.801894e-05 5.062877e+01 2.334417e+01 5.575144e+01 4.610850e-01
3.890451e-05 5.013169e+01 2.354834e+01 5.538692e+01 4.697297e-01
3.981072e-05 4.962621e+01 2.374350e+01 5.501377e+01 4.784468e-01
4.073803e-05 4.911267e+01 2.392921e+01 5.463206e+01 4.872309e-01
4.168694e-05 4.859145e+01 2.410507e+01 5.424189e+01 4.960763e-01
4.265795e-05 4.806291e+01 2.427066e+01 5.384337e+01 5.049769e-01
4.365158e-05 4.752750e+01 2.442562e+01 5.343663e+01 5.139261e-01
4.466836e-05 4.698563e+01 2.456958e+01 5.302183e+01 5.229169e-01
4.570882e-05 4.643780e+01 2.470221e+01 5.259912e+01 5.319418e-01
4.677351e-05 4.588447e+01 2.482318e+01 5.216871e+01 5.409930e-01
4.786301e-05 4.532617e+01 2.493221e+01 5.173081e+01 5.500620e-01
4.897788e-05 4.476343e+01 2.502903e+01 5.128564e+01 5.591402e-01
5.011872e-05 4.419679e+01 2.511342e+01 5.083346e+01 5.682183e-01
5.128614e-05 4.362683e+01 2.518518e+01 5.037453e+01 5.772865e-01
5.248075e-05 4.305412e+01 2.524413e+01 4.990915e+01 5.863349e-01
5.370318e-05 4.247924e+01 2.529014e+01 4.943761e+01 5.953528e-01
5.495409e-05 4.190281e+01 2.532310e+01 4.896024e+01 6.043293e-01
5.623413e-05 4.132543e+01 2.534295e+01 4.847738e+01 6.132530e-01
5.754399e-05 4.074771e+01 2.534965e+01 4.798938e+01 6.221122e-01
5.888437e-05 4.017025e+01 2.534320e+01 4.749660e+01 6.308948e-01
6.025596e-05 3.959367e+01 2.532365e+01 4.699943e+01 6.395882e-01
6.165950e-05 3.901858e+01 2.529106e+01 4.649825e+01 6.481799e-01
6.309573e-05 3.844557e+01 2.524554e+01 4.599347e+01 6.566566e-01
6.456542e-05 3.787524e+01 2.518723e+01 4.548549e+01 6.650052e-01
6.606934e-05 3.730816e+01 2.511631e+01 4.497474e+01 6.732122e-01
6.760830e-05 3.674490e+01 2.503297e+01 4.446164e+01 6.812638e-01
6.918310e-05 3.618602e+01 2.493747e+01 4.394662e+01 6.891465e-01
7.079458e-05 3.563204e+01 2.483006e+01 4.343011e+01 6.968463e-01
7.244360e-05 3.508348e+01 2.471103e+01 4.291253e+01 7.043495e-01
7.413102e-05 3.454083e+01 2.458071e+01 4.239434e+01 7.116423e-01
7.585776e-05 3.400455e+01 2.443944e+01 4.187596e+01 7.187109e-01
7.762471e-05 3.347510e+01 2.428759e+01 4.135782e+01 7.255420e-01
7.943282e-05 3.295288e+01 2.412553e+01 4.084034e+01 7.321222e-01
8.128305e-05 3.243829e+01 2.395368e+01 4.032396e+01 7.384385e-01
8.317638e-05 3.193170e+01 2.377246e+01 3.980909e+01 7.444784e-01
8.511380e-05 3.143344e+01 2.358229e+01 3.929613e+01 7.502295e-01
8.709636e-05 3.094382e+01 2.338363e+01 3.878549e+01 7.556803e-01
8.912509e-05 3.046311e+01 2.317692e+01 3.827755e+01 7.608194e-01
9.120108e-05 2.999156e+01 2.296264e+01 3.777270e+01 7.656365e-01
9.332543e-05 2.952941e+01 2.274124e+01 3.727130e+01 7.701216e-01
9.549926e-05 2.907683e+01 2.251319e+01 3.677371e+01 7.742656e-01
9.772372e-05 2.863400e+01 2.227897e+01 3.628028e+01 7.780601e-01
1.000000e-04 2.820105e+01 2.203905e+01 3.579132e+01 7.814977e-01
1.023293e-04 2.777809e+01 2.179390e+01 3.530717e+01 7.845717e-01
1.047129e-04 2.736520e+01 2.154398e+01 3.482811e+01 7.872765e-01
1.071519e-04 2.696245e+01 2.128975e+01 3.435443e+01 7.896074e-01
1.096478e-04 2.656987e+01 2.103166e+01 3.388641e+01 7.915607e-01
1.122018e-04 2.618747e+01 2.077016e+01 3.342429e+01 7.931337e-01
1.148154e-04 2.581524e+01 2.050569e+01 3.296832e+01 7.943249e-01
1.174898e-04 2.545315e+01 2.023866e+01 3.251871e+01 7.951336e-01
1.202264e-04 2.510116e+01 1.996949e+01 3.207567e+01 7.955605e-01
1.230269e-04 2.475918e+01 1.969858e+01 3.163939e+01 7.956071e-01
1.258925e-04 2.442714e+01 1.942633e+01 3.121005e+01 7.952761e-01
1.288250e-04 2.410494e+01 1.915309e+01 3.078781e+01 7.945712e-01
1.318257e-04 2.379246e+01 1.887925e+01 3.037280e+01 7.934972e-01
1.348963e-04 2.348956e+01 1.860513e+01 2.996515e+01 7.920597e-01
1.380384e-04 2.319611e+01 1.833109e+01 2.956498e+01 7.902655e-01
1.412538e-04 2.291196e+01 1.805742e+01 2.917239e+01 7.881222e-01
1.445440e-04 2.263693e+01 1.778444e+01 2.878744e+01 7.856383e-01
1.479108e-04 2.237087e+01 1.751243e+01 2.841023e+01 7.828232e-01
1.513561e-04 2.211358e+01 1.724167e+01 2.804079e+01 7.796870e-01
1.548817e-04 2.186490e+01 1.697242e+01 2.767917e+01 7.762406e-01
1.584893e-04 2.162461e+01 1.670491e+01 2.732541e+01 7.724954e-01
1.621810e-04 2.139253e+01 1.643938e+01 2.697950e+01 7.684638e-01
1.659587e-04 2.116845e+01 1.617605e+01 2.664147e+01 7.641583e-01
1.698244e-04 2.095218e+01 1.591511e+01 2.631130e+01 7.595920e-01
1.737801e-04 2.074351e+01 1.565675e+01 2.598898e+01 7.547786e-01
1.778279e-04 2.054222e+01 1.540116e+01 2.567447e+01 7.497320e-01
1.819701e-04 2.034811e+01 1.514848e+01 2.536774e+01 7.444664e-01
1.862087e-04 2.016097e+01 1.489888e+01 2.506874e+01 7.389962e-01
1.905461e-04 1.998060e+01 1.465249e+01 2.477740e+01 7.333360e-01
1.949845e-04 1.980678e+01 1.440944e+01 2.449368e+01 7.275005e-01
1.995262e-04 1.963930e+01 1.416984e+01 2.421748e+01 7.215045e-01
2.041738e-04 1.947797e+01 1.393381e+01 2.394874e+01 7.153625e-01
2.089296e-04 1.932257e+01 1.370143e+01 2.368736e+01 7.090894e-01
2.137962e-04 1.917291e+01 1.347279e+01 2.343324e+01 7.026996e-01
2.187762e-04 1.902878e+01 1.324798e+01 2.318628e+01 6.962075e-01
2.238721e-04 1.889000e+01 1.302706e+01 2.294639e+01 6.896273e-01
2.290868e-04 1.875637e+01 1.281009e+01 2.271343e+01 6.829730e-01
2.344229e-04 1.862770e+01 1.259713e+01 2.248730e+01 6.762582e-01
2.398833e-04 1.850380e+01 1.238822e+01 2.226788e+01 6.694963e-01
2.454709e-04 1.838449e+01 1.218341e+01 2.205504e+01 6.627004e-01
2.511886e-04 1.826959e+01 1.198271e+01 2.184865e+01 6.558831e-01
2.570396e-04 1.815893e+01 1.178617e+01 2.164857e+01 6.490567e-01
2.630268e-04 1.805233e+01 1.159381e+01 2.145467e+01 6.422332e-01
2.691535e-04 1.794963e+01 1.140563e+01 2.126682e+01 6.354242e-01
2.754229e-04 1.785066e+01 1.122165e+01 2.108487e+01 6.286406e-01
2.818383e-04 1.775527e+01 1.104188e+01 2.090868e+01 6.218933e-01
2.884032e-04 1.766330e+01 1.086632e+01 2.073811e+01 6.151924e-01
2.951209e-04 1.757459e+01 1.069497e+01 2.057301e+01 6.085478e-01
3.019952e-04 1.748899e+01 1.052783e+01 2.041323e+01 6.019689e-01
3.090295e-04 1.740637e+01 1.036488e+01 2.025864e+01 5.954646e-01
3.162278e-04 1.732658e+01 1.020611e+01 2.010908e+01 5.890436e-01
3.235937e-04 1.724948e+01 1.005151e+01 1.996441e+01 5.827138e-01
3.311311e-04 1.717494e+01 9.901066e+00 1.982448e+01 5.764831e-01
3.388442e-04 1.710284e+01 9.754752e+00 1.968914e+01 5.703588e-01
3.467369e-04 1.703303e+01 9.612549e+00 1.955825e+01 5.643477e-01
3.548134e-04 1.696540e+01 9.474433e+00 1.943166e+01 5.584563e-01
3.630781e-04 1.689982e+01 9.340378e+00 1.930924e+01 5.526909e-01
3.715352e-04 1.683618e+01 9.210357e+00 1.919083e+01 5.470572e-01
3.801894e-04 1.677437e+01 9.084341e+00 1.907629e+01 5.415607e-01
3.890451e-04 1.671427e+01 8.962299e+00 1.896548e+01 5.362065e-01
3.981072e-04 1.665577e+01 8.844200e+00 1.885827e+01 5.309992e-01
4.073803e-04 1.659876e+01 8.730011e+00 1.875452e+01 5.259435e-01
4.168694e-04 1.654314e+01 8.619697e+00 1.865408e+01 5.210435e-01
4.265795e-04 1.648881e+01 8.513225e+00 1.855683e+01 5.163030e-01
4.365158e-04 1.643567e+01 8.410557e+00 1.846263e+01 5.117258e-01
4.466836e-04 1.638362e+01 8.311658e+00 1.837136e+01 5.073151e-01
4.570882e-04 1.633256e+01 8.216489e+00 1.828287e+01 5.030741e-01
4.677351e-04 1.628241e+01 8.125012e+00 1.819705e+01 4.990056e-01
4.786301e-04 1.623306e+01 8.037188e+00 1.811377e+01 4.951124e-01
4.897788e-04 1.618443e+01 7.952978e+00 1.803290e+01 4.913970e-01
5.011872e-04 1.613642e+01 7.872339e+00 1.795433e+01 4.878615e-01
5.128614e-04 1.608896e+01 7.795233e+00 1.787793e+01 4.845080e-01
5.248075e-04 1.604196e+01 7.721616e+00 1.780359e+01 4.813386e-01
5.370318e-04 1.599533e+01 7.651446e+00 1.773119e+01 4.783550e-01
5.495409e-04 1.594899e+01 7.584680e+00 1.766062e+01 4.755586e-01
5.623413e-04 1.590285e+01 7.521274e+00 1.759177e+01 4.729512e-01
5.754399e-04 1.585685e+01 7.461184e+00 1.752452e+01 4.705339e-01
5.888437e-04 1.581089e+01 7.404363e+00 1.745877e+01 4.683079e-01
6.025596e-04 1.576489e+01 7.350767e+00 1.739441e+01 4.662745e-01
6.165950e-04 1.571879e+01 7.300349e+00 1.733135e+01 4.644344e-01
6.309573e-04 1.567251e+01 7.253059e+00 1.726946e+01 4.627887e-01
6.456542e-04 1.562596e+01 7.208850e+00 1.720866e+01 4.613382e-01
6.606934e-04 1.557907e+01 7.167672e+00 1.714885e+01 4.600834e-01
6.760830e-04 1.553177e+01 7.129474e+00 1.708992e+01 4.590251e-01
6.918310e-04 1.548399e+01 7.094205e+00 1.703179e+01 4.581638e-01
7.079458e-04 1.543566e+01 7.061811e+00 1.697435e+01 4.574999e-01
7.244360e-04 1.538669e+01 7.032238e+00 1.691752e+01 4.570339e-01
7.413102e-04 1.533702e+01 7.005431e+00 1.686121e+01 4.567660e-01
7.585776e-04 1.528659e+01 6.981332e+00 1.680532e+01 4.566965e-01
7.762471e-04 1.523532e+01 6.959883e+00 1.674977e+01 4.568256e-01
7.943282e-04 1.518314e+01 6.941025e+00 1.669448e+01 4.571535e-01
8.128305e-04 1.512999e+01 6.924696e+00 1.663935e+01 4.576803e-01
8.317638e-04 1.507579e+01 6.910832e+00 1.658430e+01 4.584059e-01
8.511380e-04 1.502049e+01 6.899370e+00 1.652926e+01 4.593304e-01
8.709636e-04 1.496403e+01 6.890241e+00 1.647415e+01 4.604537e-01
8.912509e-04 1.490633e+01 6.883378e+00 1.641888e+01 4.617756e-01
9.120108e-04 1.484733e+01 6.878711e+00 1.636337e+01 4.632960e-01
9.332543e-04 1.478699e+01 6.876166e+00 1.630756e+01 4.650147e-01
9.549926e-04 1.472523e+01 6.875670e+00 1.625137e+01 4.669313e-01
9.772372e-04 1.466200e+01 6.877146e+00 1.619473e+01 4.690456e-01
1.000000e-03 1.459725e+01 6.880515e+00 1.613757e+01 4.713571e-01
1.023293e-03 1.453092e+01 6.885698e+00 1.607981e+01 4.738653e-01
1.047129e-03 1.446296e+01 6.892611e+00 1.602140e+01 4.765699e-01
1.071519e-03 1.439333e+01 6.901170e+00 1.596227e+01 4.794702e-01
1.096478e-03 1.432197e+01 6.911288e+00 1.590235e+01 4.825655e-01
1.122018e-03 1.424884e+01 6.922876e+00 1.584158e+01 4.858553e-01
1.148154e-03 1.417391e+01 6.935844e+00 1.577991e+01 4.893388e-01
1.174898e-03 1.409713e+01 6.950098e+00 1.571728e+01 4.930151e-01
1.202264e-03 1.401847e+01 6.965545e+00 1.565364e+01 4.968834e-01
1.230269e-03 1.393790e+01 6.982087e+00 1.558892e+01 5.009427e-01
1.258925e-03 1.385538e+01 6.999627e+00 1.552309e+01 5.051920e-01
1.288250e-03 1.377090e+01 7.018066e+00 1.545610e+01 5.096302e-01
1.318257e-03 1.368443e+01 7.037302e+00 1.538789e+01 5.142562e-01
1.348963e-03 1.359595e+01 7.057234e+00 1.531844e+01 5.190687e-01
1.380384e-03 1.350546e+01 7.077757e+00 1.524769e+01 5.240663e-01
1.412538e-03 1.341294e+01 7.098769e+00 1.517562e+01 5.292478e-01
1.445440e-03 1.331839e+01 7.120164e+00 1.510219e+01 5.346117e-01
1.479108e-03 1.322180e+01 7.141837e+00 1.502737e+01 5.401563e-01
1.513561e-03 1.312318e+01 7.163683e+00 1.495113e+01 5.458800e-01
1.548817e-03 1.302255e+01 7.185597e+00 1.487345e+01 5.517812e-01
1.584893e-03 1.291991e+01 7.207472e+00 1.479431e+01 5.578580e-01
1.621810e-03 1.281527e+01 7.229206e+00 1.471369e+01 5.641086e-01
1.659587e-03 1.270868e+01 7.250693e+00 1.463158e+01 5.705309e-01
1.698244e-03 1.260014e+01 7.271831e+00 1.454796e+01 5.771231e-01
1.737801e-03 1.248970e+01 7.292520e+00 1.446283e+01 5.838829e-01
1.778279e-03 1.237738e+01 7.312659e+00 1.437618e+01 5.908082e-01
1.819701e-03 1.226324e+01 7.332150e+00 1.428802e+01 5.978967e-01
1.862087e-03 1.214731e+01 7.350899e+00 1.419834e+01 6.051460e-01
1.905461e-03 1.202966e+01 7.368812e+00 1.410716e+01 6.125539e-01
1.949845e-03 1.191032e+01 7.385799e+00 1.401448e+01 6.201177e-01
1.995262e-03 1.178936e+01 7.401773e+00 1.392032e+01 6.278350e-01
2.041738e-03 1.166684e+01 7.416650e+00 1.382469e+01 6.357032e-01
2.089296e-03 1.154284e+01 7.430350e+00 1.372761e+01 6.437196e-01
2.137962e-03 1.141741e+01 7.442795e+00 1.362910e+01 6.518814e-01
2.187762e-03 1.129063e+01 7.453914e+00 1.352919e+01 6.601861e-01
2.238721e-03 1.116257e+01 7.463637e+00 1.342791e+01 6.686306e-01
2.290868e-03 1.103332e+01 7.471900e+00 1.332529e+01 6.772122e-01
2.344229e-03 1.090296e+01 7.478643e+00 1.322137e+01 6.859280e-01
2.398833e-03 1.077156e+01 7.483810e+00 1.311617e+01 6.947750e-01
2.454709e-03 1.063921e+01 7.487350e+00 1.300974e+01 7.037503e-01
2.511886e-03 1.050601e+01 7.489217e+00 1.290212e+01 7.128508e-01
2.570396e-03 1.037203e+01 7.489369e+00 1.279334e+01 7.220736e-01
2.630268e-03 1.023737e+01 7.487769e+00 1.268347e+01 7.314155e-01
2.691535e-03 1.010211e+01 7.484384e+00 1.257253e+01 7.408734e-01
2.754229e-03 9.966347e+00 7.479188e+00 1.246059e+01 7.504442e-01
2.818383e-03 9.830169e+00 7.472156e+00 1.234769e+01 7.601248e-01
2.884032e-03 9.693667e+00 7.463270e+00 1.223387e+01 7.699120e-01
2.951209e-03 9.556928e+00 7.452517e+00 1.211919e+01 7.798025e-01
3.019952e-03 9.420043e+00 7.439885e+00 1.200371e+01 7.897931e-01
3.090295e-03 9.283099e+00 7.425371e+00 1.188747e+01 7.998806e-01
3.162278e-03 9.146183e+00 7.408971e+00 1.177054e+01 8.100615e-01
3.235937e-03 9.009382e+00 7.390689e+00 1.165295e+01 8.203326e-01
3.311311e-03 8.872779e+00 7.370532e+00 1.153477e+01 8.306904e-01
3.388442e-03 8.736457e+00 7.348508e+00 1.141605e+01 8.411314e-01
3.467369e-03 8.600497e+00 7.324632e+00 1.129685e+01 8.516521e-01
3.548134e-03 8.464978e+00 7.298919e+00 1.117721e+01 8.622490e-01
3.630781e-03 8.329978e+00 7.271391e+00 1.105720e+01 8.729184e-01
3.715352e-03 8.195571e+00 7.242069e+00 1.093686e+01 8.836564e-01
3.801894e-03 8.061830e+00 7.210980e+00 1.081625e+01 8.944594e-01
3.890451e-03 7.928826e+00 7.178151e+00 1.069543e+01 9.053233e-01
3.981072e-03 7.796627e+00 7.143613e+00 1.057443e+01 9.162441e-01
4.073803e-03 7.665298e+00 7.107400e+00 1.045332e+01 9.272176e-01
4.168694e-03 7.534904e+00 7.069546e+00 1.033215e+01 9.382397e-01
4.265795e-03 7.405504e+00 7.030088e+00 1.021096e+01 9.493058e-01
4.365158e-03 7.277158e+00 6.989066e+00 1.008980e+01 9.604115e-01
4.466836e-03 7.149921e+00 6.946519e+00 9.968726e+00 9.715519e-01
4.570882e-03 7.023847e+00 6.902491e+00 9.847782e+00 9.827223e-01
4.677351e-03 6.898987e+00 6.857024e+00 9.727014e+00 9.939176e-01
4.786301e-03 6.775389e+00 6.810164e+00 9.606468e+00 1.005133e+00
4.897788e-03 6.653099e+00 6.761956e+00 9.486189e+00 1.016362e+00
5.011872e-03 6.532161e+00 6.712448e+00 9.366220e+00 1.027600e+00
5.128614e-03 6.412615e+00 6.661687e+00 9.246605e+00 1.038841e+00
5.248075e-03 6.294501e+00 6.609722e+00 9.127386e+00 1.050079e+00
5.370318e-03 6.177854e+00 6.556604e+00 9.008603e+00 1.061308e+00
5.495409e-03 6.062708e+00 6.502381e+00 8.890297e+00 1.072521e+00
5.623413e-03 5.949094e+00 6.447104e+00 8.772507e+00 1.083712e+00
5.754399e-03 5.837042e+00 6.390825e+00 8.655270e+00 1.094874e+00
5.888437e-03 5.726577e+00 6.333595e+00 8.538625e+00 1.106000e+00
6.025596e-03 5.617725e+00 6.275466e+00 8.422607e+00 1.117083e+00
6.165950e-03 5.510506e+00 6.216490e+00 8.307252e+00 1.128116e+00
6.309573e-03 5.404941e+00 6.156719e+00 8.192593e+00 1.139091e+00
6.456542e-03 5.301048e+00 6.096204e+00 8.078664e+00 1.150000e+00
6.606934e-03 5.198841e+00 6.034997e+00 7.965497e+00 1.160835e+00
6.760830e-03 5.098334e+00 5.973151e+00 7.853123e+00 1.171589e+00
6.918310e-03 4.999537e+00 5.910717e+00 7.741573e+00 1.182253e+00
7.079458e-03 4.902459e+00 5.847747e+00 7.630875e+00 1.192819e+00
7.244360e-03 4.807108e+00 5.784290e+00 7.521057e+00 1.203279e+00
7.413102e-03 4.713487e+00 5.720399e+00 7.412147e+00 1.213623e+00
7.585776e-03 4.621600e+00 5.656121e+00 7.304170e+00 1.223845e+00
7.762471e-03 4.531446e+00 5.591508e+00 7.197150e+00 1.233935e+00
7.943282e-03 4.443026e+00 5.526608e+00 7.091112e+00 1.243884e+00
8.128305e-03 4.356335e+00 5.461468e+00 6.986078e+00 1.253684e+00
8.317638e-03 4.271369e+00 5.396136e+00 6.882069e+00 1.263327e+00
8.511380e-03 4.188121e+00 5.330659e+00 6.779106e+00 1.272804e+00
8.709636e-03 4.106584e+00 5.265081e+00 6.677208e+00 1.282107e+00
8.912509e-03 4.026745e+00 5.199447e+00 6.576391e+00 1.291228e+00
9.120108e-03 3.948595e+00 5.133800e+00 6.476674e+00 1.300159e+00
9.332543e-03 3.872120e+00 5.068184e+00 6.378072e+00 1.308891e+00
9.549926e-03 3.797305e+00 5.002638e+00 6.280598e+00 1.317418e+00
9.772372e-03 3.724134e+00 4.937203e+00 6.184266e+00 1.325732e+00
1.000000e-02 3.652590e+00 4.871918e+00 6.089088e+00 1.333825e+00
1.023293e-02 3.582654e+00 4.806819e+00 5.995075e+00 1.341692e+00
1.047129e-02 3.514307e+00 4.741944e+00 5.902235e+00 1.349326e+00
1.071519e-02 3.447527e+00 4.677326e+00 5.810578e+00 1.356719e+00
1.096478e-02 3.382293e+00 4.612999e+00 5.720111e+00 1.363868e+00
1.122018e-02 3.318581e+00 4.548996e+00 5.630839e+00 1.370765e+00
1.148154e-02 3.256369e+00 4.485346e+00 5.542767e+00 1.377407e+00
1.174898e-02 3.195631e+00 4.422078e+00 5.455899e+00 1.383789e+00
1.202264e-02 3.136343e+00 4.359220e+00 5.370238e+00 1.389905e+00
1.230269e-02 3.078479e+00 4.296799e+00 5.285784e+00 1.395754e+00
1.258925e-02 3.022013e+00 4.234839e+00 5.202540e+00 1.401331e+00
1.288250e-02 2.966917e+00 4.173363e+00 5.120504e+00 1.406633e+00
1.318257e-02 2.913166e+00 4.112394e+00 5.039674e+00 1.411658e+00
1.348963e-02 2.860731e+00 4.051951e+00 4.960049e+00 1.416404e+00
1.380384e-02 2.809584e+00 3.992053e+00 4.881624e+00 1.420870e+00
1.412538e-02 2.759700e+00 3.932719e+00 4.804396e+00 1.425053e+00
1.445440e-02 2.711048e+00 3.873965e+00 4.728360e+00 1.428955e+00
1.479108e-02 2.663603e+00 3.815806e+00 4.653510e+00 1.432573e+00
1.513561e-02 2.617335e+00 3.758256e+00 4.579839e+00 1.435909e+00
1.548817e-02 2.572217e+00 3.701326e+00 4.507340e+00 1.438963e+00
1.584893e-02 2.528222e+00 3.645030e+00 4.436006e+00 1.441736e+00
1.621810e-02 2.485322e+00 3.589376e+00 4.365827e+00 1.444230e+00
1.659587e-02 2.443490e+00 3.534375e+00 4.296795e+00 1.446445e+00
1.698244e-02 2.402700e+00 3.480033e+00 4.228900e+00 1.448385e+00
1.737801e-02 2.362924e+00 3.426360e+00 4.162133e+00 1.450051e+00
1.778279e-02 2.324136e+00 3.373359e+00 4.096482e+00 1.451447e+00
1.819701e-02 2.286311e+00 3.321038e+00 4.031936e+00 1.452575e+00
1.862087e-02 2.249422e+00 3.269400e+00 3.968485e+00 1.453440e+00
1.905461e-02 2.213446e+00 3.218448e+00 3.906117e+00 1.454044e+00
1.949845e-02 2.178357e+00 3.168186e+00 3.844820e+00 1.454393e+00
1.995262e-02 2.144130e+00 3.118616e+00 3.784582e+00 1.454490e+00
2.041738e-02 2.110743e+00 3.069739e+00 3.725390e+00 1.454341e+00
2.089296e-02 2.078171e+00 3.021555e+00 3.667232e+00 1.453949e+00
2.137962e-02 2.046391e+00 2.974065e+00 3.610094e+00 1.453322e+00
2.187762e-02 2.015382e+00 2.927268e+00 3.553964e+00 1.452463e+00
2.238721e-02 1.985120e+00 2.881163e+00 3.498829e+00 1.451380e+00
2.290868e-02 1.955585e+00 2.835749e+00 3.444675e+00 1.450077e+00
2.344229e-02 1.926754e+00 2.791023e+00 3.391488e+00 1.448562e+00
2.398833e-02 1.898608e+00 2.746983e+00 3.339256e+00 1.446841e+00
2.454709e-02 1.871126e+00 2.703626e+00 3.287964e+00 1.444920e+00
2.511886e-02 1.844287e+00 2.660948e+00 3.237598e+00 1.442806e+00
2.570396e-02 1.818073e+00 2.618946e+00 3.188145e+00 1.440507e+00
2.630268e-02 1.792464e+00 2.577615e+00 3.139590e+00 1.438029e+00
2.691535e-02 1.767441e+00 2.536951e+00 3.091920e+00 1.435381e+00
2.754229e-02 1.742987e+00 2.496949e+00 3.045120e+00 1.432568e+00
2.818383e-02 1.719084e+00 2.457603e+00 2.999177e+00 1.429600e+00
2.884032e-02 1.695713e+00 2.418908e+00 2.954075e+00 1.426484e+00
2.951209e-02 1.672859e+00 2.380858e+00 2.909801e+00 1.423227e+00
3.019952e-02 1.650504e+00 2.343447e+00 2.866340e+00 1.419837e+00
3.090295e-02 1.628632e+00 2.306668e+00 2.823679e+00 1.416322e+00
3.162278e-02 1.607228e+00 2.270515e+00 2.781802e+00 1.412690e+00
3.235937e-02 1.586275e+00 2.234981e+00 2.740695e+00 1.408949e+00
3.311311e-02 1.565760e+00 2.200057e+00 2.700344e+00 1.405105e+00
3.388442e-02 1.545667e+00 2.165738e+00 2.660735e+00 1.401167e+00
3.467369e-02 1.525983e+00 2.132015e+00 2.621853e+00 1.397142e+00
3.548134e-02 1.506693e+00 2.098881e+00 2.583684e+00 1.393038e+00
3.630781e-02 1.487784e+00 2.066326e+00 2.546214e+00 1.388861e+00
3.715352e-02 1.469244e+00 2.034344e+00 2.509429e+00 1.384619e+00
3.801894e-02 1.451060e+00 2.002925e+00 2.473315e+00 1.380318e+00
3.890451e-02 1.433220e+00 1.972062e+00 2.437857e+00 1.375966e+00
3.981072e-02 1.415712e+00 1.941745e+00 2.403043e+00 1.371567e+00
4.073803e-02 1.398526e+00 1.911965e+00 2.368858e+00 1.367129e+00
4.168694e-02 1.381650e+00 1.882715e+00 2.335288e+00 1.362657e+00
4.265795e-02 1.365074e+00 1.853985e+00 2.302322e+00 1.358157e+00
4.365158e-02 1.348788e+00 1.825765e+00 2.269945e+00 1.353634e+00
4.466836e-02 1.332783e+00 1.798048e+00 2.238144e+00 1.349093e+00
4.570882e-02 1.317050e+00 1.770824e+00 2.206907e+00 1.344539e+00
4.677351e-02 1.301580e+00 1.744084e+00 2.176222e+00 1.339975e+00
4.786301e-02 1.286364e+00 1.717820e+00 2.146075e+00 1.335407e+00
4.897788e-02 1.271396e+00 1.692021e+00 2.116456e+00 1.330837e+00
5.011872e-02 1.256667e+00 1.666681e+00 2.087352e+00 1.326270e+00
5.128614e-02 1.242171e+00 1.641789e+00 2.058752e+00 1.321709e+00
5.248075e-02 1.227900e+00 1.617336e+00 2.030644e+00 1.317156e+00
5.370318e-02 1.213849e+00 1.593316e+00 2.003019e+00 1.312615e+00
5.495409e-02 1.200011e+00 1.569718e+00 1.975865e+00 1.308087e+00
5.623413e-02 1.186380e+00 1.546536e+00 1.949172e+00 1.303575e+00
5.754399e-02 1.172951e+00 1.523760e+00 1.922930e+00 1.299082e+00
5.888437e-02 1.159720e+00 1.501382e+00 1.897129e+00 1.294608e+00
6.025596e-02 1.146681e+00 1.479396e+00 1.871761e+00 1.290155e+00
6.165950e-02 1.133829e+00 1.457793e+00 1.846816e+00 1.285726e+00
6.309573e-02 1.121160e+00 1.436566e+00 1.822284e+00 1.281321e+00
6.456542e-02 1.108671e+00 1.415707e+00 1.798159e+00 1.276941e+00
6.606934e-02 1.096356e+00 1.395210e+00 1.774431e+00 1.272588e+00
6.760830e-02 1.084213e+00 1.375067e+00 1.751093e+00 1.268263e+00
6.918310e-02 1.072237e+00 1.355273e+00 1.728137e+00 1.263967e+00
7.079458e-02 1.060426e+00 1.335820e+00 1.705555e+00 1.259701e+00
7.244360e-02 1.048776e+00 1.316703e+00 1.683341e+00 1.255466e+00
7.413102e-02 1.037283e+00 1.297914e+00 1.661487e+00 1.251263e+00
7.585776e-02 1.025946e+00 1.279449e+00 1.639986e+00 1.247093e+00
7.762471e-02 1.014760e+00 1.261302e+00 1.618833e+00 1.242957e+00
7.943282e-02 1.003722e+00 1.243467e+00 1.598020e+00 1.238856e+00
8.128305e-02 9.928312e-01 1.225939e+00 1.577542e+00 1.234791e+00
8.317638e-02 9.820831e-01 1.208712e+00 1.557393e+00 1.230763e+00
8.511380e-02 9.714755e-01 1.191782e+00 1.537566e+00 1.226775e+00
8.709636e-02 9.610055e-01 1.175143e+00 1.518056e+00 1.222827e+00
8.912509e-02 9.506705e-01 1.158792e+00 1.498857e+00 1.218921e+00
9.120108e-02 9.404677e-01 1.142723e+00 1.479964e+00 1.215058e+00
9.332543e-02 9.303947e-01 1.126931e+00 1.461372e+00 1.211240e+00
9.549926e-02 9.204485e-01 1.111413e+00 1.443075e+00 1.207469e+00
9.772372e-02 9.106267e-01 1.096164e+00 1.425067e+00 1.203747e+00
1.000000e-01 9.009265e-01 1.081180e+00 1.407345e+00 1.200076e+00
1.023293e-01 8.913452e-01 1.066457e+00 1.389902e+00 1.196458e+00
1.047129e-01 8.818802e-01 1.051991e+00 1.372733e+00 1.192895e+00
1.071519e-01 8.725288e-01 1.037777e+00 1.355834e+00 1.189390e+00
1.096478e-01 8.632883e-01 1.023812e+00 1.339200e+00 1.185944e+00
1.122018e-01 8.541560e-01 1.010091e+00 1.322825e+00 1.182561e+00
1.148154e-01 8.451292e-01 9.966121e-01 1.306705e+00 1.179242e+00
1.174898e-01 8.362052e-01 9.833699e-01 1.290835e+00 1.175991e+00
1.202264e-01 8.273813e-01 9.703610e-01 1.275210e+00 1.172810e+00
1.230269e-01 8.186548e-01 9.575815e-01 1.259825e+00 1.169701e+00
1.258925e-01 8.100231e-01 9.450277e-01 1.244675e+00 1.166668e+00
1.288250e-01 8.014834e-01 9.326957e-01 1.229755e+00 1.163712e+00
1.318257e-01 7.930332e-01 9.205816e-01 1.215061e+00 1.160836e+00
1.348963e-01 7.846698e-01 9.086818e-01 1.200587e+00 1.158044e+00
1.380384e-01 7.763906e-01 8.969922e-01 1.186329e+00 1.155336e+00
1.412538e-01 7.681930e-01 8.855092e-01 1.172283e+00 1.152717e+00
1.445440e-01 7.600747e-01 8.742287e-01 1.158443e+00 1.150188e+00
1.479108e-01 7.520331e-01 8.631469e-01 1.144804e+00 1.147751e+00
1.513561e-01 7.440658e-01 8.522599e-01 1.131362e+00 1.145409e+00
1.548817e-01 7.361705e-01 8.415637e-01 1.118113e+00 1.143164e+00
1.584893e-01 7.283450e-01 8.310544e-01 1.105051e+00 1.141018e+00
1.621810e-01 7.205870e-01 8.207280e-01 1.092172e+00 1.138971e+00
1.659587e-01 7.128945e-01 8.105806e-01 1.079472e+00 1.137027e+00
1.698244e-01 7.052656e-01 8.006081e-01 1.066946e+00 1.135187e+00
1.737801e-01 6.976982e-01 7.908065e-01 1.054589e+00 1.133451e+00
1.778279e-01 6.901905e-01 7.811719e-01 1.042397e+00 1.131821e+00
1.819701e-01 6.827409e-01 7.717002e-01 1.030367e+00 1.130297e+00
1.862087e-01 6.753478e-01 7.623875e-01 1.018494e+00 1.128881e+00
1.905461e-01 6.680097e-01 7.532298e-01 1.006773e+00 1.127573e+00
1.949845e-01 6.607252e-01 7.442230e-01 9.952014e-01 1.126373e+00
1.995262e-01 6.534931e-01 7.353634e-01 9.837746e-01 1.125281e+00
2.041738e-01 6.463122e-01 7.266469e-01 9.724892e-01 1.124297e+00
2.089296e-01 6.391815e-01 7.180698e-01 9.613414e-01 1.123421e+00
2.137962e-01 6.321002e-01 7.096283e-01 9.503278e-01 1.122652e+00
2.187762e-01 6.250674e-01 7.013185e-01 9.394450e-01 1.121989e+00
2.238721e-01 6.180824e-01 6.931368e-01 9.286897e-01 1.121431e+00
2.290868e-01 6.111449e-01 6.850797e-01 9.180589e-01 1.120978e+00
2.344229e-01 6.042541e-01 6.771434e-01 9.075496e-01 1.120627e+00
2.398833e-01 5.974100e-01 6.693248e-01 8.971590e-01 1.120378e+00
2.454709e-01 5.906121e-01 6.616202e-01 8.868845e-01 1.120228e+00
2.511886e-01 5.838605e-01 6.540266e-01 8.767234e-01 1.120176e+00
2.570396e-01 5.771549e-01 6.465407e-01 8.666733e-01 1.120220e+00
2.630268e-01 5.704955e-01 6.391595e-01 8.567322e-01 1.120359e+00
2.691535e-01 5.638824e-01 6.318801e-01 8.468977e-01 1.120588e+00
2.754229e-01 5.573157e-01 6.246995e-01 8.371680e-01 1.120908e+00
2.818383e-01 5.507957e-01 6.176152e-01 8.275412e-01 1.121314e+00
2.884032e-01 5.443227e-01 6.106245e-01 8.180156e-01 1.121806e+00
2.951209e-01 5.378971e-01 6.037249e-01 8.085895e-01 1.122380e+00
3.019952e-01 5.315191e-01 5.969141e-01 7.992615e-01 1.123034e+00
3.090295e-01 5.251893e-01 5.901899e-01 7.900303e-01 1.123766e+00
3.162278e-01 5.189080e-01 5.835501e-01 7.808945e-01 1.124573e+00
3.235937e-01 5.126758e-01 5.769928e-01 7.718531e-01 1.125454e+00
3.311311e-01 5.064930e-01 5.705162e-01 7.629049e-01 1.126405e+00
3.388442e-01 5.003602e-01 5.641184e-01 7.540490e-01 1.127425e+00
3.467369e-01 4.942778e-01 5.577977e-01 7.452844e-01 1.128511e+00
3.548134e-01 4.882462e-01 5.515528e-01 7.366104e-01 1.129661e+00
3.630781e-01 4.822659e-01 5.453821e-01 7.280262e-01 1.130874e+00
3.715352e-01 4.763373e-01 5.392844e-01 7.195310e-01 1.132148e+00
3.801894e-01 4.704608e-01 5.332583e-01 7.111243e-01 1.133481e+00
3.890451e-01 4.646367e-01 5.273027e-01 7.028054e-01 1.134871e+00
3.981072e-01 4.588653e-01 5.214167e-01 6.945737e-01 1.136318e+00
4.073803e-01 4.531468e-01 5.155992e-01 6.864288e-01 1.137819e+00
4.168694e-01 4.474816e-01 5.098492e-01 6.783701e-01 1.139375e+00
4.265795e-01 4.418697e-01 5.041660e-01 6.703971e-01 1.140983e+00
4.365158e-01 4.363114e-01 4.985488e-01 6.625093e-01 1.142645e+00
4.466836e-01 4.308066e-01 4.929969e-01 6.547062e-01 1.144358e+00
4.570882e-01 4.253555e-01 4.875095e-01 6.469875e-01 1.146123e+00
4.677351e-01 4.199579e-01 4.820861e-01 6.393525e-01 1.147939e+00
4.786301e-01 4.146138e-01 4.767261e-01 6.318009e-01 1.149807e+00
4.897788e-01 4.093232e-01 4.714289e-01 6.243322e-01 1.151728e+00
5.011872e-01 4.040857e-01 4.661940e-01 6.169458e-01 1.153701e+00
5.128614e-01 3.989013e-01 4.610209e-01 6.096413e-01 1.155727e+00
5.248075e-01 3.937696e-01 4.559091e-01 6.024181e-01 1.157807e+00
5.370318e-01 3.886902e-01 4.508581e-01 5.952757e-01 1.159942e+00
5.495409e-01 3.836629e-01 4.458676e-01 5.882135e-01 1.162134e+00
5.623413e-01 3.786873e-01 4.409369e-01 5.812309e-01 1.164383e+00
5.754399e-01 3.737628e-01 4.360657e-01 5.743274e-01 1.166691e+00
5.888437e-01 3.688890e-01 4.312536e-01 5.675022e-01 1.169060e+00
6.025596e-01 3.640655e-01 4.265000e-01 5.607548e-01 1.171493e+00
6.165950e-01 3.592916e-01 4.218046e-01 5.540844e-01 1.173990e+00
6.309573e-01 3.545667e-01 4.171668e-01 5.474904e-01 1.176554e+00
6.456542e-01 3.498904e-01 4.125862e-01 5.409720e-01 1.179187e+00
6.606934e-01 3.452619e-01 4.080623e-01 5.345284e-01 1.181892e+00
6.760830e-01 3.406806e-01 4.035946e-01 5.281589e-01 1.184672e+00
6.918310e-01 3.361458e-01 3.991826e-01 5.218628e-01 1.187528e+00
7.079458e-01 3.316569e-01 3.948257e-01 5.156391e-01 1.190464e+00
7.244360e-01 3.272132e-01 3.905235e-01 5.094871e-01 1.193483e+00
7.413102e-01 3.228140e-01 3.862753e-01 5.034059e-01 1.196588e+00
7.585776e-01 3.184586e-01 3.820806e-01 4.973947e-01 1.199781e+00
7.762471e-01 3.141463e-01 3.779388e-01 4.914526e-01 1.203066e+00
7.943282e-01 3.098763e-01 3.738493e-01 4.855786e-01 1.206447e+00
8.128305e-01 3.056479e-01 3.698115e-01 4.797720e-01 1.209926e+00
8.317638e-01 3.014605e-01 3.658247e-01 4.740318e-01 1.213508e+00
8.511380e-01 2.973133e-01 3.618883e-01 4.683571e-01 1.217195e+00
8.709636e-01 2.932056e-01 3.580017e-01 4.627470e-01 1.220992e+00
8.912509e-01 2.891368e-01 3.541641e-01 4.572005e-01 1.224902e+00
9.120108e-01 2.851061e-01 3.503749e-01 4.517168e-01 1.228928e+00
9.332543e-01 2.811128e-01 3.466333e-01 4.462948e-01 1.233076e+00
9.549926e-01 2.771563e-01 3.429387e-01 4.409338e-01 1.237348e+00
9.772372e-01 2.732359e-01 3.392904e-01 4.356327e-01 1.241749e+00
1.000000e+00 2.693510e-01 3.356876e-01 4.303906e-01 1.246283e+00
1.023293e+00 2.655009e-01 3.321295e-01 4.252067e-01 1.250954e+00
1.047129e+00 2.616850e-01 3.286155e-01 4.200799e-01 1.255767e+00
1.071519e+00 2.579027e-01 3.251447e-01 4.150095e-01 1.260726e+00
1.096478e+00 2.541533e-01 3.217164e-01 4.099944e-01 1.265836e+00
1.122018e+00 2.504364e-01 3.183299e-01 4.050337e-01 1.271101e+00
1.148154e+00 2.467512e-01 3.149844e-01 4.001267e-01 1.276526e+00
1.174898e+00 2.430974e-01 3.116791e-01 3.952723e-01 1.282116e+00
1.202264e+00 2.394743e-01 3.084132e-01 3.904697e-01 1.287876e+00
1.230269e+00 2.358814e-01 3.051859e-01 3.857181e-01 1.293811e+00
1.258925e+00 2.323182e-01 3.019965e-01 3.810166e-01 1.299926e+00
1.288250e+00 2.287842e-01 2.988441e-01 3.763642e-01 1.306227e+00
1.318257e+00 2.252789e-01 2.957281e-01 3.717602e-01 1.312720e+00
1.348963e+00 2.218019e-01 2.926475e-01 3.672038e-01 1.319409e+00
1.380384e+00 2.183527e-01 2.896016e-01 3.626940e-01 1.326302e+00
1.412538e+00 2.149309e-01 2.865895e-01 3.582302e-01 1.333403e+00
1.445440e+00 2.115361e-01 2.836106e-01 3.538114e-01 1.340720e+00
1.479108e+00 2.081678e-01 2.806639e-01 3.494368e-01 1.348258e+00
1.513561e+00 2.048258e-01 2.777488e-01 3.451058e-01 1.356024e+00
1.548817e+00 2.015096e-01 2.748643e-01 3.408174e-01 1.364026e+00
1.584893e+00 1.982189e-01 2.720097e-01 3.365710e-01 1.372269e+00
1.621810e+00 1.949534e-01 2.691843e-01 3.323658e-01 1.380762e+00
1.659587e+00 1.917128e-01 2.663871e-01 3.282009e-01 1.389511e+00
1.698244e+00 1.884967e-01 2.636174e-01 3.240758e-01 1.398525e+00
1.737801e+00 1.853049e-01 2.608743e-01 3.199896e-01 1.407811e+00
1.778279e+00 1.821372e-01 2.581572e-01 3.159416e-01 1.417377e+00
1.819701e+00 1.789934e-01 2.554652e-01 3.119312e-01 1.427233e+00
1.862087e+00 1.758731e-01 2.527974e-01 3.079576e-01 1.437385e+00
1.905461e+00 1.727763e-01 2.501532e-01 3.040202e-01 1.447844e+00
1.949845e+00 1.697028e-01 2.475317e-01 3.001182e-01 1.458619e+00
1.995262e+00 1.666524e-01 2.449321e-01 2.962511e-01 1.469719e+00
2.041738e+00 1.636250e-01 2.423536e-01 2.924182e-01 1.481153e+00
2.089296e+00 1.606205e-01 2.397955e-01 2.886188e-01 1.492932e+00
2.137962e+00 1.576388e-01 2.372570e-01 2.848524e-01 1.505067e+00
2.187762e+00 1.546799e-01 2.347373e-01 2.811183e-01 1.517568e+00
2.238721e+00 1.517438e-01 2.322357e-01 2.774159e-01 1.530446e+00
2.290868e+00 1.488305e-01 2.297514e-01 2.737448e-01 1.543712e+00
2.344229e+00 1.459399e-01 2.272836e-01 2.701042e-01 1.557378e+00
2.398833e+00 1.430722e-01 2.248316e-01 2.664938e-01 1.571456e+00
2.454709e+00 1.402274e-01 2.223948e-01 2.629129e-01 1.585958e+00
2.511886e+00 1.374056e-01 2.199724e-01 2.593610e-01 1.600898e+00
2.570396e+00 1.346070e-01 2.175636e-01 2.558378e-01 1.616288e+00
2.630268e+00 1.318317e-01 2.151679e-01 2.523426e-01 1.632141e+00
2.691535e+00 1.290799e-01 2.127845e-01 2.488752e-01 1.648472e+00
2.754229e+00 1.263518e-01 2.104128e-01 2.454350e-01 1.665294e+00
2.818383e+00 1.236477e-01 2.080523e-01 2.420217e-01 1.682622e+00
2.884032e+00 1.209677e-01 2.057022e-01 2.386348e-01 1.700471e+00
2.951209e+00 1.183123e-01 2.033620e-01 2.352741e-01 1.718857e+00
3.019952e+00 1.156817e-01 2.010312e-01 2.319392e-01 1.737795e+00
3.090295e+00 1.130763e-01 1.987092e-01 2.286298e-01 1.757301e+00
3.162278e+00 1.104964e-01 1.963955e-01 2.253456e-01 1.777392e+00
3.235937e+00 1.079425e-01 1.940897e-01 2.220864e-01 1.798085e+00
3.311311e+00 1.054148e-01 1.917913e-01 2.188519e-01 1.819396e+00
3.388442e+00 1.029139e-01 1.894999e-01 2.156420e-01 1.841345e+00
3.467369e+00 1.004401e-01 1.872152e-01 2.124565e-01 1.863949e+00
3.548134e+00 9.799402e-02 1.849369e-01 2.092952e-01 1.887226e+00
3.630781e+00 9.557604e-02 1.826646e-01 2.061580e-01 1.911196e+00
3.715352e+00 9.318665e-02 1.803980e-01 2.030448e-01 1.935878e+00
3.801894e+00 9.082636e-02 1.781371e-01 1.999556e-01 1.961293e+00
3.890451e+00 8.849566e-02 1.758816e-01 1.968903e-01 1.987460e+00
3.981072e+00 8.619506e-02 1.736313e-01 1.938490e-01 2.014400e+00
4.073803e+00 8.392507e-02 1.713863e-01 1.908316e-01 2.042135e+00
4.168694e+00 8.168621e-02 1.691464e-01 1.878381e-01 2.070685e+00
4.265795e+00 7.947896e-02 1.669117e-01 1.848687e-01 2.100074e+00
4.365158e+00 7.730385e-02 1.646822e-01 1.819234e-01 2.130324e+00
4.466836e+00 7.516135e-02 1.624581e-01 1.790024e-01 2.161458e+00
4.570882e+00 7.305194e-02 1.602393e-01 1.761057e-01 2.193498e+00
4.677351e+00 7.097611e-02 1.580262e-01 1.732336e-01 2.226470e+00
4.786301e+00 6.893428e-02 1.558189e-01 1.703862e-01 2.260398e+00
4.897788e+00 6.692690e-02 1.536177e-01 1.675638e-01 2.295306e+00
5.011872e+00 6.495437e-02 1.514229e-01 1.647664e-01 2.331220e+00
5.128614e+00 6.301707e-02 1.492348e-01 1.619944e-01 2.368165e+00
5.248075e+00 6.111536e-02 1.470539e-01 1.592480e-01 2.406168e+00
5.370318e+00 5.924956e-02 1.448804e-01 1.565274e-01 2.445256e+00
5.495409e+00 5.741997e-02 1.427148e-01 1.538330e-01 2.485456e+00
5.623413e+00 5.562685e-02 1.405577e-01 1.511649e-01 2.526796e+00
5.754399e+00 5.387041e-02 1.384095e-01 1.485234e-01 2.569304e+00
5.888437e+00 5.215086e-02 1.362706e-01 1.459088e-01 2.613008e+00
6.025596e+00 5.046833e-02 1.341417e-01 1.433215e-01 2.657939e+00
6.165950e+00 4.882293e-02 1.320233e-01 1.407616e-01 2.704125e+00
6.309573e+00 4.721474e-02 1.299160e-01 1.382295e-01 2.751599e+00
6.456542e+00 4.564379e-02 1.278204e-01 1.357255e-01 2.800389e+00
6.606934e+00 4.411005e-02 1.257370e-01 1.332497e-01 2.850529e+00
6.760830e+00 4.261348e-02 1.236664e-01 1.308025e-01 2.902050e+00
6.918310e+00 4.115397e-02 1.216093e-01 1.283841e-01 2.954985e+00
7.079458e+00 3.973139e-02 1.195663e-01 1.259948e-01 3.009367e+00
7.244360e+00 3.834556e-02 1.175380e-01 1.236348e-01 3.065230e+00
7.413102e+00 3.699627e-02 1.155249e-01 1.213043e-01 3.122609e+00
7.585776e+00 3.568325e-02 1.135277e-01 1.190035e-01 3.181539e+00
7.762471e+00 3.440621e-02 1.115469e-01 1.167326e-01 3.242056e+00
7.943282e+00 3.316481e-02 1.095831e-01 1.144917e-01 3.304197e+00
8.128305e+00 3.195870e-02 1.076369e-01 1.122812e-01 3.368000e+00
8.317638e+00 3.078747e-02 1.057088e-01 1.101009e-01 3.433501e+00
8.511380e+00 2.965068e-02 1.037993e-01 1.079512e-01 3.500740e+00
8.709636e+00 2.854788e-02 1.019090e-01 1.058321e-01 3.569757e+00
8.912509e+00 2.747857e-02 1.000383e-01 1.037436e-01 3.640593e+00
9.120108e+00 2.644225e-02 9.818765e-02 1.016858e-01 3.713287e+00
9.332543e+00 2.543835e-02 9.635751e-02 9.965881e-02 3.787883e+00
9.549926e+00 2.446633e-02 9.454828e-02 9.766258e-02 3.864424e+00
9.772372e+00 2.352561e-02 9.276034e-02 9.569710e-02 3.942952e+00
1.000000e+01 2.261557e-02 9.099406e-02 9.376237e-02 4.023514e+00
